# Time: 204.869995
# Elapsed: 186.608810
# Input_file: splp/M/R/MR3
# Pool_size: 200
# Iterations: 8
# Final_solutions: 228
# Vision_range: 400
# Reduction_mode: REDUCTION_DISPERSE
# Dissimilitude: DISSIM_HAUSDORFF
# Facility_dist: FDISMODE_MINDIST
SOLUTION:
  Value: -2788.249010
  Assigns: 225 162 98 162 199 162 251 199 98 98 98 225 98 199 199 199 98 98 225 251 225 98 98 199 199 199 162 225 98 225 199 162 225 251 98 162 225 225 199 199 162 162 199 225 98 251 162 162 98 199 98 251 162 162 199 199 251 199 162 162 225 251 199 199 199 98 98 199 225 98 98 251 225 199 98 251 98 251 199 199 199 225 251 251 162 225 98 251 98 162 162 162 251 251 225 225 251 225 199 199 162 98 98 225 162 225 225 162 199 162 199 98 199 162 162 199 199 162 251 162 162 98 225 225 199 199 225 225 162 225 98 98 199 225 251 225 162 162 251 98 225 225 162 199 199 225 98 225 251 251 162 98 98 98 98 162 199 162 199 225 98 251 98 162 98 225 98 199 225 98 199 225 162 199 251 199 225 199 199 98 162 162 162 162 162 199 199 162 225 199 162 225 98 199 199 251 251 162 162 251 162 162 225 162 162 225 251 162 98 225 225 98 199 162 162 199 251 162 199 225 162 98 251 98 199 98 199 162 225 98 162 225 225 225 199 251 225 225 98 98 162 225 251 225 199 162 98 162 251 225 251 98 251 251 225 98 225 225 225 251 162 199 225 199 98 251 225 225 251 98 251 98 225 98 98 199 162 225 251 251 251 225 98 251 251 199 98 199 98 162 162 251 251 199 251 98 162 225 225 225 98 199 199 98 199 251 162 199 251 199 162 162 225 98 199 98 162 199 225 98 225 162 162 225 251 199 162 251 225 199 225 225 98 225 225 225 98 162 225 251 98 199 199 98 98 225 251 225 199 225 225 251 98 162 98 98 225 225 162 98 199 98 199 251 251 225 199 98 98 251 162 225 225 162 225 162 251 199 251 98 199 225 98 251 162 251 162 98 199 225 199 98 199 251 199 251 225 98 251 225 98 199 199 162 199 251 162 251 98 251 225 225 98 98 98 162 225 199 199 162 98 251 225 225 199 199 162 251 251 162 225 162 98 162 199 251 199 225 199 225 251 98 251 98 98 98 162 251 98 251 251 199 98 199 225 251 162 251 225 162 225 98 98 199 251 98 98 251 225 199 98 225 98 98 162 98 162 251 98 225 251 162 98 162 251 98 251 98 162 98 162 225 162 199 98 162 162 98 251 225 
  Facilities: 5
 98 : 2 8 9 10 12 16 17 21 22 28 34 44 48 50 65 66 69 70 74 76 86 88 101 102 111 121 130 131 139 146 151 152 153 154 160 162 164 166 169 179 192 208 211 221 223 225 229 238 239 246 251 255 264 269 271 273 274 282 286 288 295 300 303 313 315 319 332 336 340 343 344 352 354 355 359 361 367 368 379 382 387 391 397 400 408 412 413 414 420 432 441 443 444 445 448 452 461 462 465 466 470 472 473 475 478 482 485 487 489 494 497
 162 : 1 3 5 26 31 35 40 41 46 47 52 53 58 59 84 89 90 91 100 104 107 109 113 114 117 119 120 128 136 137 142 150 155 157 163 172 180 181 182 183 184 187 190 197 198 200 201 203 204 207 213 214 217 220 227 230 240 245 247 260 276 289 290 296 306 310 311 316 321 322 326 337 353 358 370 373 375 384 386 403 406 415 419 426 429 431 433 446 456 459 474 476 481 483 488 490 492 495 496
 199 : 4 7 13 14 15 23 24 25 30 38 39 42 49 54 55 57 62 63 64 67 73 78 79 80 98 99 108 110 112 115 116 124 125 132 143 144 156 158 167 170 173 175 177 178 185 186 189 193 194 212 215 218 224 226 234 244 261 263 275 285 287 293 301 302 304 307 309 314 317 325 329 341 342 348 360 362 366 377 380 388 390 392 394 401 402 404 417 418 424 425 434 436 438 451 453 463 469 493
 225 : 0 11 18 20 27 29 32 36 37 43 60 68 72 81 85 94 95 97 103 105 106 122 123 126 127 129 133 135 140 141 145 147 159 165 168 171 176 188 191 202 205 209 210 219 228 231 232 233 236 237 241 243 249 254 256 257 258 262 266 267 272 277 281 297 298 299 312 318 320 323 328 330 331 333 334 335 338 345 347 349 350 356 357 365 371 372 374 381 389 396 399 410 411 416 422 423 430 437 439 454 458 460 468 471 479 491 499
 251 : 6 19 33 45 51 56 61 71 75 77 82 83 87 92 93 96 118 134 138 148 149 161 174 195 196 199 206 216 222 235 242 248 250 252 253 259 265 268 270 278 279 280 283 284 291 292 294 305 308 324 327 339 346 351 363 364 369 376 378 383 385 393 395 398 405 407 409 421 427 428 435 440 442 447 449 450 455 457 464 467 477 480 484 486 498
SOLUTION:
  Value: -2792.824390
  Assigns: 225 198 198 162 377 162 377 251 198 377 162 225 198 377 198 377 198 377 225 198 225 377 198 162 251 377 162 377 377 225 251 377 377 251 198 162 225 225 225 198 198 377 198 198 377 251 162 198 377 162 198 377 377 162 225 198 251 162 162 377 377 251 377 377 377 377 198 251 198 198 251 251 377 377 377 251 251 251 162 198 225 225 377 251 162 198 198 251 198 377 162 377 251 377 377 225 251 377 198 198 162 198 377 198 162 198 198 162 198 162 251 198 377 162 162 251 162 162 251 162 162 377 225 225 377 377 225 225 162 225 162 162 377 225 251 198 198 377 198 377 377 225 162 225 198 225 377 377 198 251 162 198 377 251 198 162 225 198 377 225 198 251 198 162 198 225 251 162 198 377 198 225 198 225 251 377 377 198 162 198 162 162 377 162 162 377 162 162 198 377 162 225 198 377 377 251 198 162 162 251 162 162 225 162 162 225 251 377 162 225 225 251 198 162 162 162 251 162 377 225 198 377 251 198 198 377 377 198 225 377 162 225 198 225 198 251 198 225 377 162 162 225 251 225 377 377 377 162 251 225 251 225 251 251 198 377 225 225 225 198 162 251 225 377 251 251 225 198 377 377 251 162 225 225 198 198 162 225 251 251 377 377 198 251 251 225 251 198 377 162 162 251 251 377 251 198 162 225 225 225 225 198 162 377 198 251 162 198 251 198 198 162 198 377 162 198 162 225 225 198 225 198 377 198 251 198 198 251 225 377 225 225 225 225 225 198 377 162 225 251 225 162 251 162 198 225 251 225 225 225 377 198 198 162 251 198 377 225 377 377 162 377 377 251 251 225 377 251 225 198 162 377 225 377 377 162 377 377 251 377 377 225 251 251 162 251 162 377 198 225 198 225 377 377 377 251 225 162 251 198 198 198 198 162 377 251 198 251 377 251 225 377 377 198 162 162 225 377 225 162 377 251 225 377 251 251 377 198 251 162 225 162 377 162 162 377 251 198 251 225 251 251 377 198 225 225 162 251 377 251 251 162 198 251 225 251 198 251 225 377 198 198 198 162 377 198 377 251 225 225 198 225 162 225 162 377 162 251 225 225 251 162 377 162 251 198 377 377 198 198 162 225 162 162 377 162 198 198 251 198 
  Facilities: 5
 162 : 3 5 10 23 26 35 46 49 53 57 58 78 84 90 100 104 107 109 113 114 116 117 119 120 128 130 131 142 150 155 163 167 178 180 181 183 184 186 187 190 197 198 200 201 203 204 208 213 214 215 217 230 239 240 247 260 271 276 289 290 296 302 306 311 314 316 337 341 343 353 360 370 375 384 386 397 403 414 415 419 429 431 433 434 446 451 463 472 474 476 481 483 490 492 493 495
 198 : 1 2 8 12 14 16 19 22 34 39 40 42 43 47 50 55 66 68 69 79 85 86 88 98 99 101 103 105 106 108 111 135 136 138 144 148 151 154 157 160 162 164 168 170 172 177 179 188 192 196 212 220 223 224 227 232 234 236 254 259 267 274 275 282 287 295 301 304 307 309 310 312 315 319 321 323 325 326 335 344 351 352 355 369 388 390 399 400 401 402 406 413 427 437 443 452 456 460 461 462 465 470 485 488 489 496 497 499
 225 : 0 11 18 20 29 36 37 38 54 80 81 95 122 123 126 127 129 133 141 143 145 156 159 165 171 173 191 202 205 209 210 219 228 231 233 237 241 243 249 251 256 257 258 262 266 272 273 277 285 297 298 299 300 317 318 320 328 330 331 332 333 334 338 340 345 347 348 349 357 365 368 372 381 389 391 396 410 416 418 422 430 439 444 445 454 458 468 469 471 473 478 479 491
 251 : 7 24 30 33 45 56 61 67 70 71 75 76 77 83 87 92 96 110 115 118 134 149 153 161 166 174 195 199 206 211 216 222 235 242 248 250 252 253 261 264 265 270 278 279 283 284 286 291 292 294 305 308 324 327 339 342 346 354 363 364 367 378 382 383 385 395 398 405 407 409 421 424 425 428 436 438 440 441 447 449 450 453 455 457 467 477 480 484 498
 377 : 4 6 9 13 15 17 21 25 27 28 31 32 41 44 48 51 52 59 60 62 63 64 65 72 73 74 82 89 91 93 94 97 102 112 121 124 125 132 137 139 140 146 147 152 158 169 175 176 182 185 189 193 194 207 218 221 225 226 229 238 244 245 246 255 263 268 269 280 281 288 293 303 313 322 329 336 350 356 358 359 361 362 366 371 373 374 376 377 379 380 387 392 393 394 404 408 411 412 417 420 423 426 432 435 442 448 459 464 466 475 482 486 487 494
SOLUTION:
  Value: -2794.610390
  Assigns: 364 162 65 162 65 162 377 251 65 377 162 225 162 377 162 377 377 377 225 251 225 65 377 364 251 65 162 364 364 225 251 377 377 251 65 364 225 65 225 251 162 364 65 364 377 251 162 162 377 162 225 377 377 162 225 364 251 364 162 377 377 251 377 377 364 377 364 251 364 65 65 251 377 364 377 251 251 65 162 225 225 364 377 65 364 364 364 251 364 65 162 377 251 377 377 225 65 377 364 65 162 364 377 225 162 225 65 364 364 162 364 162 377 162 65 251 162 162 65 162 162 65 225 225 364 377 225 225 65 225 162 162 377 225 251 225 162 377 364 377 364 225 162 225 162 225 65 364 251 251 162 364 377 251 65 162 225 162 377 65 65 65 364 162 65 225 251 162 225 377 251 225 162 364 251 377 65 377 364 65 162 364 377 162 65 377 162 162 225 377 364 225 65 377 377 251 364 162 162 65 162 162 225 364 364 225 251 65 364 225 225 251 364 162 162 162 251 162 377 225 162 377 251 364 65 364 377 377 225 65 162 225 225 225 364 65 65 364 65 65 162 225 251 364 65 377 364 162 65 65 251 65 251 251 225 377 364 225 225 251 162 251 225 377 251 251 225 225 364 377 251 65 225 225 364 65 65 225 251 65 65 377 251 251 251 364 364 364 377 162 162 251 251 377 251 364 162 364 225 225 65 364 162 377 162 65 162 65 251 364 65 162 377 377 162 251 162 225 225 364 225 162 377 65 251 364 65 364 225 377 225 225 225 225 225 225 377 162 225 251 225 364 364 364 364 225 251 225 225 225 377 65 364 162 364 162 377 65 377 377 364 364 65 251 251 225 377 364 225 65 162 377 225 364 377 162 377 377 251 364 377 65 251 251 364 251 162 65 364 225 377 225 377 377 364 251 225 162 251 225 364 364 65 364 364 251 162 251 377 251 65 377 377 251 364 162 225 377 225 162 377 65 65 377 364 364 377 377 251 162 225 65 377 162 162 65 65 225 251 225 364 251 65 251 65 225 65 251 377 251 251 162 162 251 225 251 162 364 65 377 225 377 65 162 377 65 377 251 225 225 251 225 364 65 162 65 162 251 364 225 251 162 377 162 65 65 377 377 162 251 162 225 162 65 377 162 65 65 65 225 
  Facilities: 6
 65 : 2 4 8 21 25 34 37 42 69 70 77 83 89 96 99 106 114 118 121 128 146 154 159 160 161 164 176 179 184 192 199 207 224 229 235 236 238 239 244 248 249 251 271 275 276 279 280 300 305 307 310 323 326 351 357 362 369 381 387 402 410 421 422 431 435 436 442 444 446 458 462 465 473 475 484 485 493 496 497 498
 162 : 1 3 5 10 12 14 26 40 46 47 49 53 58 78 90 100 104 109 111 113 116 117 119 120 130 131 136 142 144 150 155 157 163 167 172 180 183 186 187 197 198 200 201 213 214 215 217 220 230 240 247 260 289 290 296 302 304 306 311 314 316 321 337 353 355 370 375 386 397 406 415 419 429 433 434 451 452 456 463 474 476 481 483 488 490 492 495
 225 : 11 18 20 29 36 38 50 54 79 80 95 103 105 122 123 126 127 129 133 135 141 143 145 156 165 168 171 188 191 202 205 209 210 219 228 231 232 233 241 254 257 258 262 266 267 272 273 277 298 299 317 318 320 328 330 331 332 333 334 335 338 340 345 347 348 349 365 368 372 389 391 396 399 416 418 430 437 439 445 454 460 468 469 471 479 491 499
 251 : 7 19 24 30 33 39 45 56 61 67 71 75 76 87 92 115 134 148 149 153 166 170 174 195 206 211 216 222 242 250 252 253 259 261 264 265 270 278 282 283 284 291 292 294 308 315 324 339 346 363 364 378 382 383 385 395 398 405 407 409 413 428 438 441 443 447 449 450 453 455 467 470 477 480 489
 364 : 0 23 27 28 35 41 43 55 57 64 66 68 73 81 84 85 86 88 98 101 107 108 110 124 138 140 147 151 162 173 178 181 190 196 203 204 208 212 223 225 234 237 243 246 256 268 274 285 286 287 295 297 301 309 319 325 327 341 342 343 344 352 354 360 361 367 373 379 384 388 394 400 401 403 404 414 424 425 440 457 472 478
 377 : 6 9 13 15 16 17 22 31 32 44 48 51 52 59 60 62 63 65 72 74 82 91 93 94 97 102 112 125 132 137 139 152 158 169 175 177 182 185 189 193 194 218 221 226 227 245 255 263 269 281 288 293 303 312 313 322 329 336 350 356 358 359 366 371 374 376 377 380 390 392 393 408 411 412 417 420 423 426 427 432 448 459 461 464 466 482 486 487 494
SOLUTION:
  Value: -2812.449870
  Assigns: 225 27 199 162 27 162 251 199 345 27 162 225 162 199 199 199 162 345 225 345 225 27 345 199 199 199 162 345 27 225 345 162 225 251 225 345 225 225 199 199 162 27 199 225 251 27 162 27 225 199 225 345 345 345 199 199 251 199 162 162 345 251 199 199 27 199 345 27 225 345 345 251 345 199 199 251 251 345 27 27 199 225 345 251 162 345 199 251 345 162 162 162 345 345 345 225 251 27 27 27 162 27 345 225 162 27 27 345 199 162 345 162 27 162 162 199 199 162 345 162 162 27 27 225 199 199 27 27 162 225 27 162 27 225 251 225 162 162 251 225 27 225 162 199 199 27 27 345 251 251 162 345 251 251 199 162 199 162 199 27 27 27 199 162 27 225 251 199 27 199 199 225 345 199 251 199 345 199 199 345 162 27 27 162 162 27 199 162 225 199 27 225 345 199 199 27 345 27 162 251 162 162 225 27 27 345 251 345 162 225 225 251 345 162 27 199 251 162 199 225 345 251 345 27 199 345 199 27 345 345 162 225 225 225 345 345 225 345 27 27 162 225 27 225 199 162 199 162 251 225 251 225 251 345 27 251 27 225 225 251 162 345 225 199 251 27 225 225 251 225 251 199 27 225 345 199 162 225 345 251 345 225 27 251 251 199 251 199 251 27 162 251 251 27 251 27 162 225 225 225 225 345 199 345 27 27 162 27 251 199 162 162 225 251 199 251 27 199 345 27 225 162 345 27 345 199 162 27 225 199 225 225 225 225 225 27 345 162 27 345 27 199 199 27 27 225 251 225 199 225 27 251 345 162 345 162 27 225 345 345 345 27 199 251 251 225 199 345 345 251 162 225 27 162 345 162 251 199 251 199 345 27 27 27 162 251 27 27 345 225 27 199 199 345 27 251 225 162 251 27 251 199 345 345 345 251 162 345 27 251 225 225 345 345 162 162 225 199 27 162 199 345 225 225 199 199 162 345 251 162 27 162 199 162 199 345 199 225 199 27 251 251 27 199 199 27 162 251 345 345 251 199 162 345 27 251 27 251 225 162 225 27 345 199 27 27 345 251 225 199 251 225 199 225 162 199 162 251 345 225 251 162 27 162 27 345 27 251 345 199 345 225 162 199 27 345 27 27 251 225 
  Facilities: 6
 27 : 1 4 9 21 28 41 45 47 64 67 78 79 97 98 99 101 105 106 112 121 122 126 127 130 132 140 145 146 159 160 161 164 168 181 182 185 190 195 197 203 204 214 223 227 238 239 242 254 256 265 272 282 289 293 295 304 305 307 316 319 323 327 335 338 340 343 344 350 356 361 372 381 382 383 386 387 390 394 399 408 418 430 439 442 445 454 456 461 464 465 482 484 486 494 496 497
 162 : 3 5 10 12 16 26 31 40 46 58 59 84 89 90 91 100 104 109 111 113 114 117 119 120 128 131 136 137 142 150 155 157 163 180 183 184 187 198 200 201 208 213 217 230 240 245 247 260 276 290 296 306 310 311 321 326 337 353 355 370 373 375 384 397 406 414 415 419 426 429 431 433 446 452 459 474 476 481 483 492
 199 : 2 7 13 14 15 23 24 25 38 39 42 49 54 55 57 62 63 65 73 74 80 86 108 115 116 124 125 143 144 154 156 158 162 167 169 170 173 175 177 178 186 189 193 194 215 218 224 226 244 246 263 271 275 285 287 302 309 314 317 325 329 341 342 348 362 366 377 379 391 392 401 417 420 424 425 432 434 436 438 443 444 451 463 469 472 475 489 493
 225 : 0 11 18 20 29 32 34 36 37 43 48 50 68 81 95 103 123 129 133 135 139 141 165 171 188 191 202 209 210 219 231 232 233 236 241 243 249 251 257 258 262 266 267 269 273 277 281 297 298 299 300 312 320 328 330 331 332 333 334 345 347 349 357 365 371 389 396 410 411 416 422 423 437 458 460 468 471 473 479 491 499
 251 : 6 33 44 56 61 71 75 76 83 87 96 134 138 148 149 152 153 166 174 199 206 211 216 221 248 250 252 255 259 264 268 270 279 283 284 286 288 291 292 294 308 313 315 346 351 363 364 369 376 378 385 395 398 400 405 409 428 440 441 447 450 455 457 467 470 477 480 487 498
 345 : 8 17 19 22 27 30 35 51 52 53 60 66 69 70 72 77 82 85 88 92 93 94 102 107 110 118 147 151 172 176 179 192 196 205 207 212 220 222 225 228 229 234 235 237 253 261 274 278 280 301 303 318 322 324 336 339 352 354 358 359 360 367 368 374 380 388 393 402 403 404 407 412 413 421 427 435 448 449 453 462 466 478 485 488 490 495
SOLUTION:
  Value: -2852.091730
  Assigns: 225 162 98 162 251 162 251 251 98 98 98 225 98 251 162 251 98 98 225 251 225 98 98 162 251 225 162 225 98 225 251 162 225 251 98 162 225 225 225 251 162 162 162 225 98 251 162 162 98 162 98 251 162 162 225 98 251 162 162 162 225 251 162 98 251 98 98 251 225 98 98 251 225 225 98 251 98 251 162 225 225 225 251 251 162 225 98 251 98 162 162 162 251 251 225 225 251 225 98 225 162 98 98 225 162 225 225 162 98 162 251 98 98 162 162 251 162 162 251 162 162 98 225 225 251 162 225 225 162 225 98 98 98 225 251 225 162 162 251 98 225 225 162 225 162 225 98 225 251 251 162 98 98 98 98 162 225 162 162 225 98 251 98 162 98 225 98 162 225 98 98 225 162 225 251 162 225 98 162 98 162 162 162 162 162 251 162 162 225 225 162 225 98 98 251 251 251 162 162 251 162 162 225 162 162 225 251 162 98 225 225 98 98 162 162 162 251 162 251 225 162 98 251 98 98 98 98 162 225 98 162 225 225 225 98 251 225 225 98 98 162 225 251 225 98 162 98 162 251 225 251 98 251 251 225 98 225 225 225 251 162 251 225 251 98 251 225 225 251 98 251 98 225 98 98 98 162 225 251 251 251 225 98 251 251 225 98 98 98 162 162 251 251 251 251 98 162 225 225 225 98 225 162 98 162 251 162 162 251 225 162 162 225 98 162 98 162 225 225 98 225 162 162 225 251 162 162 251 225 251 225 225 98 225 225 225 98 162 225 251 98 162 251 98 98 225 251 225 98 225 225 251 98 162 98 98 225 225 162 98 98 98 225 251 251 225 98 98 98 251 162 225 225 162 225 162 251 98 251 98 251 225 98 251 162 251 162 98 98 225 162 98 251 251 162 251 225 98 251 225 98 251 98 162 251 251 162 251 98 251 225 225 98 98 98 162 225 225 225 162 98 251 225 225 251 251 162 251 251 162 225 162 98 162 162 251 251 225 251 225 251 98 251 98 98 98 162 251 98 251 251 162 98 98 225 251 162 251 225 162 225 98 98 98 251 98 98 251 225 225 98 225 98 98 162 98 162 251 98 225 251 162 98 162 251 98 251 98 162 98 162 225 162 162 98 162 162 98 251 225 
  Facilities: 4
 98 : 2 8 9 10 12 16 17 21 22 28 34 44 48 50 55 63 65 66 69 70 74 76 86 88 98 101 102 108 111 112 121 130 131 132 139 146 151 152 153 154 160 162 164 166 169 170 177 179 192 193 208 211 212 221 223 224 225 226 229 234 238 239 244 246 251 255 264 269 271 273 274 275 282 286 287 288 295 300 303 313 315 319 332 336 340 343 344 348 352 354 355 359 360 361 366 367 368 377 379 382 387 388 391 397 400 402 408 412 413 414 420 432 441 443 444 445 448 452 453 461 462 463 465 466 470 472 473 475 478 482 485 487 489 494 497
 162 : 1 3 5 14 23 26 31 35 40 41 42 46 47 49 52 53 57 58 59 62 78 84 89 90 91 100 104 107 109 113 114 116 117 119 120 125 128 136 137 142 144 150 155 157 158 163 167 172 175 178 180 181 182 183 184 186 187 190 197 198 200 201 203 204 207 213 214 215 217 220 227 230 240 245 247 260 276 289 290 296 302 304 306 307 310 311 314 316 321 322 325 326 337 341 353 358 370 373 375 384 386 390 394 403 406 415 419 426 429 431 433 434 446 451 456 459 474 476 481 483 488 490 492 493 495 496
 225 : 0 11 18 20 25 27 29 32 36 37 38 43 54 60 68 72 73 79 80 81 85 94 95 97 99 103 105 106 122 123 126 127 129 133 135 140 141 143 145 147 156 159 165 168 171 173 176 188 189 191 202 205 209 210 219 228 231 232 233 236 237 241 243 249 254 256 257 258 262 266 267 272 277 281 285 297 298 299 301 309 312 317 318 320 323 328 330 331 333 334 335 338 345 347 349 350 356 357 362 365 371 372 374 381 389 396 399 410 411 416 417 418 422 423 430 437 439 454 458 460 468 469 471 479 491 499
 251 : 4 6 7 13 15 19 24 30 33 39 45 51 56 61 64 67 71 75 77 82 83 87 92 93 96 110 115 118 124 134 138 148 149 161 174 185 194 195 196 199 206 216 218 222 235 242 248 250 252 253 259 261 263 265 268 270 278 279 280 283 284 291 292 293 294 305 308 324 327 329 339 342 346 351 363 364 369 376 378 380 383 385 392 393 395 398 401 404 405 407 409 421 424 425 427 428 435 436 438 440 442 447 449 450 455 457 464 467 477 480 484 486 498
SOLUTION:
  Value: -2854.513740
  Assigns: 364 162 65 162 199 162 39 199 65 39 39 225 39 39 199 39 162 65 225 251 225 65 39 364 199 65 162 364 364 225 199 364 39 39 39 364 225 65 39 199 162 364 65 364 39 39 162 162 225 199 225 251 39 162 199 199 251 199 162 162 225 251 199 199 199 364 364 39 364 65 65 251 225 199 199 251 251 65 199 199 199 364 251 65 364 364 199 251 364 65 162 162 251 65 39 225 65 39 39 39 162 39 199 225 162 225 39 39 364 162 364 39 39 162 65 199 199 162 65 162 162 65 225 225 364 199 225 225 65 225 162 162 199 225 251 225 162 162 39 39 364 225 162 199 199 225 65 364 251 251 39 364 39 251 65 162 199 162 199 65 65 65 364 162 65 225 251 199 225 199 199 225 162 364 251 199 65 199 199 65 162 364 65 162 65 364 199 162 39 199 364 225 65 199 199 251 364 162 162 65 162 162 225 364 364 225 251 65 364 225 225 251 39 39 162 199 251 162 199 225 162 364 251 364 39 364 199 162 225 65 39 225 225 225 364 65 65 364 65 65 162 225 251 364 199 39 364 39 65 65 251 65 251 251 225 251 39 225 225 251 162 39 225 39 251 251 225 225 364 39 251 39 39 39 364 199 65 225 251 65 65 364 39 251 251 199 364 199 251 162 162 251 251 199 251 364 162 364 225 225 65 364 199 225 199 65 162 65 251 364 65 162 65 251 199 251 162 199 225 364 225 162 39 65 39 364 65 364 225 199 225 225 225 225 225 225 251 162 225 251 225 364 364 364 364 225 251 39 199 225 225 65 364 162 39 162 225 65 39 65 199 364 65 39 251 225 199 364 225 65 162 225 225 364 225 162 251 199 251 364 65 65 39 251 364 251 162 65 199 225 39 39 199 39 364 251 225 39 251 39 39 364 65 364 364 251 162 251 251 251 65 225 39 39 364 162 225 39 199 162 65 65 65 39 364 39 364 39 39 162 225 65 199 162 39 65 65 39 199 225 364 251 65 39 65 225 65 251 65 251 251 39 162 199 225 251 162 364 65 364 39 39 65 199 364 65 364 251 225 199 39 225 364 65 162 65 162 251 199 225 251 162 364 162 65 39 251 251 162 199 162 225 162 199 364 162 39 65 65 225 
  Facilities: 7
 39 : 6 9 10 12 13 15 22 32 33 34 38 44 45 52 67 94 97 98 99 101 106 107 111 112 138 139 150 152 188 212 213 224 230 245 247 256 261 263 269 271 272 273 282 322 324 347 354 358 363 382 390 391 393 397 399 400 412 413 417 423 425 427 428 434 437 443 451 460 461 470 485 496
 65 : 2 8 17 21 25 37 42 69 70 77 83 89 93 96 114 118 121 128 146 154 159 160 161 164 176 179 182 184 192 199 207 229 235 236 238 239 248 249 251 276 279 280 300 305 307 310 312 323 326 351 357 359 362 369 380 381 387 402 410 420 421 422 431 435 436 442 444 446 448 458 462 465 473 475 484 497 498
 162 : 1 3 5 16 26 40 46 47 53 58 59 90 91 100 104 109 113 117 119 120 130 131 136 137 142 155 157 163 172 180 183 187 197 198 200 201 214 217 220 227 240 260 289 290 296 306 311 316 321 337 353 355 370 375 386 406 415 419 429 433 452 456 474 476 481 483 488 490 492 495
 199 : 4 7 14 24 30 39 49 54 55 57 62 63 64 73 74 78 79 80 86 102 115 116 125 132 143 144 156 158 167 169 170 175 177 178 186 189 193 194 215 218 226 244 275 285 287 293 302 304 314 317 329 348 360 366 377 388 392 418 432 438 453 463 469 478 489 493
 225 : 11 18 20 29 36 48 50 60 72 95 103 105 122 123 126 127 129 133 135 141 145 165 168 171 191 202 205 209 210 219 228 231 232 233 241 254 257 258 262 266 267 277 298 299 303 318 320 328 330 331 332 333 334 335 338 340 345 349 350 356 365 368 371 372 374 389 396 411 416 430 439 445 454 468 471 479 491 499
 251 : 19 51 56 61 71 75 76 82 87 92 134 148 149 153 166 174 195 206 211 216 222 242 250 252 253 255 259 264 265 270 278 283 284 288 291 292 294 308 313 315 336 339 346 364 376 378 383 385 395 398 405 407 408 409 441 447 449 450 455 467 477 480 486 487
 364 : 0 23 27 28 31 35 41 43 65 66 68 81 84 85 88 108 110 124 140 147 151 162 173 181 185 190 196 203 204 208 221 223 225 234 237 243 246 268 274 281 286 295 297 301 309 319 325 327 341 342 343 344 352 361 367 373 379 384 394 401 403 404 414 424 426 440 457 459 464 466 472 482 494
SOLUTION:
  Value: -2860.852970
  Assigns: 225 162 199 162 199 162 87 199 160 39 160 225 39 87 199 39 87 160 225 251 225 87 87 199 199 160 162 87 160 225 199 162 39 39 87 160 225 225 39 87 87 160 199 87 39 87 162 160 87 199 160 251 39 162 199 199 251 199 162 162 225 251 87 199 199 160 160 39 160 39 87 251 160 199 87 251 251 160 199 160 199 225 251 251 162 87 87 251 160 160 162 160 251 251 39 225 251 39 39 160 162 39 87 225 162 225 39 39 199 162 160 39 39 162 162 199 199 162 160 87 162 39 225 225 199 199 225 225 162 225 160 162 87 225 160 225 162 162 87 39 225 225 162 199 199 225 160 225 251 251 39 39 39 251 199 162 199 162 160 160 39 39 87 162 87 225 251 199 225 160 199 225 87 199 251 199 160 160 199 39 162 87 87 160 87 87 199 162 39 199 39 225 87 87 160 251 87 87 162 160 162 162 225 160 87 87 251 160 87 225 225 251 39 39 87 87 251 162 199 225 160 160 251 39 39 160 199 162 87 87 160 225 225 225 199 160 87 225 87 87 162 225 251 225 199 39 87 87 251 225 251 225 251 160 225 251 39 225 225 251 162 39 225 39 251 251 225 225 39 39 251 87 39 39 160 199 162 160 251 160 160 160 39 251 251 199 251 160 87 162 162 251 251 199 87 160 162 87 160 225 225 199 199 87 199 160 162 199 87 160 162 87 225 251 199 251 162 199 87 160 225 162 87 87 39 199 87 160 225 199 225 160 87 160 225 160 160 162 225 251 225 199 160 87 160 87 160 39 199 225 225 251 162 162 160 162 160 225 39 160 199 87 199 39 251 225 199 160 87 160 160 225 225 160 87 160 251 199 251 160 199 39 39 87 162 251 160 87 199 225 160 39 199 39 160 251 225 39 251 160 39 160 87 87 199 251 162 87 160 251 160 160 39 87 87 162 225 39 199 162 199 39 225 39 199 39 162 160 39 162 225 87 199 162 39 251 199 39 199 225 251 251 87 39 160 160 87 251 87 160 87 39 162 199 225 87 160 160 160 162 39 160 160 87 87 199 160 251 225 199 39 160 199 225 162 199 162 251 199 225 87 162 160 162 87 39 160 87 87 87 162 225 162 199 87 160 39 39 251 160 
  Facilities: 7
 39 : 9 12 15 32 33 38 44 52 67 69 94 97 98 101 106 107 111 112 121 139 150 151 152 160 161 179 188 190 212 213 223 224 245 256 261 263 268 269 272 273 282 324 347 358 363 381 382 391 393 397 400 412 417 421 423 425 428 434 437 443 451 460 470 485 496 497
 87 : 6 13 16 21 22 27 34 39 40 43 45 48 62 70 74 85 86 102 119 132 138 162 164 172 181 182 184 185 192 193 196 197 204 205 208 214 215 228 229 236 238 239 246 247 271 288 294 297 303 308 311 318 322 323 326 332 343 345 361 368 374 383 387 402 403 407 413 414 431 442 446 448 450 455 463 464 480 484 487 488 489 494
 160 : 8 10 17 25 28 35 41 47 50 65 66 68 72 77 79 88 89 91 99 110 118 130 134 146 158 159 169 176 177 183 194 199 203 207 220 221 225 230 235 253 274 277 279 280 281 287 295 298 305 309 319 327 331 333 335 336 342 344 346 354 356 359 367 369 370 373 375 379 386 390 394 399 401 408 410 411 427 444 445 449 456 457 458 461 462 466 471 482 486 495 499
 162 : 1 3 5 26 31 46 53 58 59 84 90 100 104 109 113 114 117 120 128 131 136 137 142 155 157 163 180 187 198 200 201 217 227 240 260 276 289 290 296 306 310 316 321 337 352 353 355 384 406 415 419 426 429 433 452 459 474 476 481 483 490 492
 199 : 2 4 7 14 23 24 30 42 49 54 55 57 63 64 73 78 80 108 115 116 124 125 143 144 154 156 167 170 173 175 178 186 189 218 226 234 244 275 285 293 301 302 304 307 314 317 325 329 341 348 360 362 366 377 380 388 392 404 418 420 424 432 436 438 453 465 469 472 475 478 493
 225 : 0 11 18 20 29 36 37 60 81 95 103 105 122 123 126 127 129 133 135 140 141 145 147 165 168 171 191 202 209 210 219 231 232 233 237 241 243 249 251 254 257 258 262 266 267 299 300 312 320 328 330 334 338 340 349 350 357 365 371 372 389 396 416 422 430 439 454 468 473 479 491
 251 : 19 51 56 61 71 75 76 82 83 87 92 93 96 148 149 153 166 174 195 206 211 216 222 242 248 250 252 255 259 264 265 270 278 283 284 286 291 292 313 315 339 351 364 376 378 385 395 398 405 409 435 440 441 447 467 477 498
SOLUTION:
  Value: -3060.175960
  Assigns: 225 162 98 162 225 162 162 225 98 98 98 225 98 162 162 98 98 98 225 98 225 98 98 162 162 225 162 225 98 225 98 162 225 98 98 162 225 225 225 162 162 162 162 225 98 98 162 162 98 162 98 225 162 162 225 98 98 162 162 162 225 98 162 98 98 98 98 225 225 98 98 98 225 225 98 98 98 98 162 225 225 225 162 225 162 225 98 98 98 162 162 162 225 162 225 225 225 225 98 225 162 98 98 225 162 225 225 162 98 162 98 98 98 162 162 162 162 162 162 162 162 98 225 225 98 162 225 225 162 225 98 98 98 225 98 225 162 162 225 98 225 225 162 225 162 225 98 225 225 98 162 98 98 98 98 162 225 162 162 225 98 162 98 162 98 225 98 162 225 98 98 225 162 225 98 162 225 98 162 98 162 162 162 162 162 225 162 162 225 225 162 225 98 98 225 162 98 162 162 162 162 162 225 162 162 225 162 162 98 225 225 98 98 162 162 162 98 162 162 225 162 98 225 98 98 98 98 162 225 98 162 225 225 225 98 98 225 225 98 98 162 225 162 225 98 162 98 162 225 225 225 98 162 225 225 98 225 225 225 98 162 162 225 162 98 225 225 225 225 98 98 98 225 98 98 98 162 225 98 225 162 225 98 225 162 225 98 98 98 162 162 225 162 98 98 98 162 225 225 225 98 225 162 98 162 98 162 162 98 225 162 162 225 98 162 98 162 225 225 98 225 162 162 225 225 162 162 162 225 98 225 225 98 225 225 225 98 162 225 98 98 162 162 98 98 225 162 225 98 225 225 225 98 162 98 98 225 225 162 98 98 98 225 98 162 225 98 98 98 225 162 225 225 162 225 162 98 98 98 98 98 225 98 98 162 98 162 98 98 225 162 98 162 98 162 225 225 98 98 225 98 162 98 162 162 98 162 98 98 162 225 225 98 98 98 162 225 225 225 162 98 225 225 225 162 98 162 225 162 162 225 162 98 162 162 98 98 225 225 225 225 98 225 98 98 98 162 98 98 162 162 162 98 98 225 225 162 225 225 162 225 98 98 98 98 98 98 225 225 225 98 225 98 98 162 98 162 162 98 225 98 162 98 162 162 98 98 98 162 98 162 225 162 162 98 162 162 98 98 225 
  Facilities: 3
 98 : 2 8 9 10 12 15 16 17 19 21 22 28 30 33 34 44 45 48 50 55 56 61 63 64 65 66 69 70 71 74 75 76 77 86 87 88 98 101 102 108 110 111 112 121 124 130 131 132 134 139 146 149 151 152 153 154 160 162 164 166 169 170 174 177 179 192 193 196 208 211 212 216 221 223 224 225 226 229 234 235 238 239 244 246 251 255 259 264 269 270 271 273 274 275 278 282 286 287 288 293 294 295 300 303 305 308 313 315 319 329 332 336 339 340 343 344 348 352 354 355 359 360 361 363 366 367 368 376 377 378 379 380 382 383 385 387 388 391 393 397 398 400 402 405 407 408 412 413 414 420 425 432 435 436 441 443 444 445 447 448 452 453 461 462 463 464 465 466 470 472 473 475 478 480 482 485 486 487 489 494 497 498
 162 : 1 3 5 6 13 14 23 24 26 31 35 39 40 41 42 46 47 49 52 53 57 58 59 62 78 82 84 89 90 91 93 100 104 107 109 113 114 115 116 117 118 119 120 125 128 136 137 142 144 150 155 157 158 161 163 167 172 175 178 180 181 182 183 184 186 187 190 195 197 198 199 200 201 203 204 206 207 213 214 215 217 218 220 227 230 240 242 245 247 252 260 261 263 276 280 284 289 290 292 296 302 304 306 307 310 311 314 316 321 322 325 326 327 337 341 342 346 353 358 364 370 373 375 384 386 390 392 394 401 403 404 406 409 415 419 424 426 428 429 431 433 434 446 449 450 451 456 459 474 476 477 481 483 484 488 490 492 493 495 496
 225 : 0 4 7 11 18 20 25 27 29 32 36 37 38 43 51 54 60 67 68 72 73 79 80 81 83 85 92 94 95 96 97 99 103 105 106 122 123 126 127 129 133 135 138 140 141 143 145 147 148 156 159 165 168 171 173 176 185 188 189 191 194 202 205 209 210 219 222 228 231 232 233 236 237 241 243 248 249 250 253 254 256 257 258 262 265 266 267 268 272 277 279 281 283 285 291 297 298 299 301 309 312 317 318 320 323 324 328 330 331 333 334 335 338 345 347 349 350 351 356 357 362 365 369 371 372 374 381 389 395 396 399 410 411 416 417 418 421 422 423 427 430 437 438 439 440 442 454 455 457 458 460 467 468 469 471 479 491 499
SOLUTION:
  Value: -3105.141270
  Assigns: 251 254 24 251 24 254 24 254 254 24 251 254 24 251 254 251 251 24 254 251 24 24 24 24 251 24 251 254 24 254 254 24 254 24 24 24 254 254 254 251 24 254 24 251 251 251 251 24 24 254 254 254 251 251 24 251 251 254 254 254 251 251 254 251 254 254 254 251 254 24 251 251 254 24 24 251 251 251 251 254 254 254 254 251 251 254 254 251 24 24 254 24 251 251 254 254 254 254 24 24 254 24 24 251 24 24 24 24 254 24 24 24 24 24 254 251 24 251 24 251 24 24 24 251 24 254 24 24 24 24 24 254 254 254 254 251 24 251 254 24 24 24 254 254 24 24 254 24 254 251 24 24 254 251 254 24 24 24 24 24 24 251 24 24 254 251 251 24 251 24 251 254 24 251 251 24 24 24 254 254 254 254 251 254 24 254 24 24 251 24 254 24 254 254 254 251 24 24 251 251 251 251 254 24 254 254 251 24 251 24 251 251 24 24 254 254 251 251 24 251 24 251 251 254 24 24 254 251 254 24 251 24 254 251 24 251 254 251 254 254 24 254 251 24 251 254 254 24 24 254 251 24 251 251 24 251 24 251 254 251 251 251 251 251 24 251 254 251 251 254 24 254 254 251 24 24 254 251 251 251 254 254 251 251 251 251 251 254 251 24 251 251 251 254 251 24 24 254 24 254 254 254 24 254 251 251 24 24 251 24 254 254 254 251 24 254 254 254 254 24 254 24 254 24 251 24 254 254 24 251 254 24 24 24 251 254 251 251 254 251 24 254 24 24 24 251 251 254 254 24 254 24 251 254 254 254 24 24 24 254 24 254 24 251 251 251 254 254 254 251 254 24 24 24 254 251 251 254 251 254 24 254 254 251 251 251 254 254 254 251 254 254 251 254 24 251 251 24 251 24 24 254 24 24 251 251 24 251 24 251 254 254 251 251 254 24 251 254 254 254 24 24 251 24 251 251 24 251 251 251 254 254 251 251 24 251 251 254 251 254 251 251 251 251 254 24 254 251 24 251 251 254 251 24 24 251 24 24 254 24 24 251 254 24 254 254 254 251 24 24 251 24 254 24 24 251 254 251 251 254 251 24 254 254 254 254 24 24 251 254 254 251 254 254 251 254 24 24 24 24 
  Facilities: 3
 24 : 2 4 6 9 12 17 20 21 22 23 25 28 31 33 34 35 40 42 47 48 54 69 73 74 88 89 91 98 99 101 102 104 105 106 107 109 110 111 112 113 116 118 120 121 122 124 126 127 128 129 130 136 139 140 141 144 145 147 150 151 155 156 157 158 159 160 162 163 167 169 172 175 176 177 184 186 187 189 191 196 197 203 207 209 212 213 218 220 224 225 229 231 234 240 243 247 248 251 254 256 264 270 274 275 289 295 296 298 302 306 307 309 314 319 321 323 325 328 331 332 333 340 342 343 344 349 351 356 357 358 360 362 371 372 373 380 394 397 399 400 402 403 406 408 415 420 421 423 426 434 445 448 453 454 456 457 459 460 463 468 469 471 473 474 481 486 487 496 497 498 499
 251 : 0 3 10 13 15 16 19 24 26 39 43 44 45 46 52 53 55 56 60 61 63 67 70 71 75 76 77 78 83 84 87 92 93 103 115 117 119 123 135 137 149 153 161 165 166 168 170 173 174 182 188 195 198 199 200 201 206 208 210 211 216 217 219 221 222 227 230 233 235 237 242 244 250 252 253 255 257 259 260 261 262 263 265 267 268 273 277 278 279 282 283 284 285 286 288 290 291 292 294 304 305 308 313 324 329 334 336 337 339 345 346 352 363 364 365 369 375 376 378 383 384 385 389 392 395 396 398 404 405 407 409 412 413 416 422 424 425 427 428 429 432 433 435 436 438 440 441 442 443 447 449 450 452 455 461 467 470 475 477 478 480 488 491 494
 254 : 1 5 7 8 11 14 18 27 29 30 32 36 37 38 41 49 50 51 57 58 59 62 64 65 66 68 72 79 80 81 82 85 86 90 94 95 96 97 100 108 114 125 131 132 133 134 138 142 143 146 148 152 154 164 171 178 179 180 181 183 185 190 192 193 194 202 204 205 214 215 223 226 228 232 236 238 239 241 245 246 249 258 266 269 271 272 276 280 281 287 293 297 299 300 301 303 310 311 312 315 316 317 318 320 322 326 327 330 335 338 341 347 348 350 353 354 355 359 361 366 367 368 370 374 377 379 381 382 386 387 388 390 391 393 401 410 411 414 417 418 419 430 431 437 439 444 446 451 458 462 464 465 466 472 476 479 482 483 484 485 489 490 492 493 495
SOLUTION:
  Value: -3190.199240
  Assigns: 251 480 251 480 251 480 230 251 251 251 480 480 230 480 480 480 480 480 251 230 480 480 480 230 480 251 251 480 480 480 230 480 480 230 230 230 230 480 230 230 230 230 230 480 251 251 251 480 480 230 480 480 251 480 480 251 251 480 251 230 251 251 480 251 251 230 480 230 251 230 251 251 480 251 230 251 480 230 230 480 230 230 251 251 480 251 480 480 230 480 230 230 251 251 230 480 251 480 230 230 230 251 230 230 251 230 480 230 230 251 251 230 230 230 251 480 480 251 230 230 480 480 230 230 251 251 480 251 480 230 480 251 230 480 251 251 480 230 251 230 480 230 230 230 230 480 480 480 480 251 230 480 480 251 230 230 480 251 480 230 230 251 230 480 230 251 251 480 480 480 251 230 480 480 251 251 480 230 480 230 480 230 230 251 230 480 230 230 230 230 480 480 480 251 480 251 480 480 251 251 480 251 230 230 480 230 251 230 230 251 251 251 480 480 480 230 251 251 480 251 480 480 251 251 230 230 480 230 230 480 480 251 480 230 230 251 480 230 480 230 230 480 251 251 480 480 230 480 251 480 251 230 230 230 251 230 230 230 480 480 230 230 251 480 251 251 230 251 251 230 251 480 480 480 230 251 251 480 251 230 230 480 251 251 251 230 251 230 230 480 251 251 251 480 230 251 230 480 480 230 480 480 480 230 480 230 480 251 230 480 480 480 480 251 480 251 230 230 230 251 480 230 480 230 480 230 230 251 251 251 480 230 480 251 480 480 230 480 251 251 230 230 230 230 480 230 251 251 480 230 230 230 480 480 251 480 230 480 480 230 251 230 480 251 251 480 230 230 480 230 230 230 230 480 230 251 251 230 251 480 480 230 251 230 480 251 230 480 480 251 230 480 230 251 230 251 480 230 251 230 251 251 230 230 251 251 230 230 251 251 251 230 251 230 230 230 251 480 480 230 251 251 251 480 480 480 480 251 251 480 480 480 230 480 480 251 480 251 230 251 251 251 251 251 230 480 480 251 230 480 251 480 230 230 230 251 230 251 480 230 230 251 230 480 480 480 230 251 230 230 251 480 230 230 480 251 480 251 480 251 251 480 230 230 251 480 480 480 251 230 480 251 230 230 230 230 480 480 251 480 
  Facilities: 3
 230 : 6 12 19 23 30 33 34 35 36 38 39 40 41 42 49 59 65 67 69 74 77 78 80 81 88 90 91 94 98 99 100 102 103 105 107 108 111 112 113 118 119 122 123 129 132 137 139 141 142 143 144 150 154 155 159 160 162 164 171 177 179 181 182 184 186 187 188 189 202 203 205 207 208 215 224 225 227 228 233 234 237 239 240 246 251 252 253 255 256 257 260 261 266 269 274 279 280 285 287 288 294 296 299 303 305 308 316 317 318 321 323 325 326 331 336 340 341 342 343 345 349 350 351 356 359 361 366 367 369 370 371 372 374 377 381 383 386 390 392 394 397 399 402 403 406 407 411 413 414 415 419 432 438 444 448 452 453 454 456 459 460 462 466 468 469 472 473 482 483 489 492 493 494 495
 251 : 0 2 4 7 8 9 18 25 26 44 45 46 52 55 56 58 60 61 63 64 68 70 71 73 75 82 83 85 92 93 96 101 104 109 110 114 117 124 125 127 131 134 135 138 149 153 157 161 165 166 170 174 175 183 193 195 198 199 201 206 209 210 211 216 217 219 222 223 231 235 242 243 248 250 254 262 264 265 267 268 270 275 276 278 282 283 284 286 290 291 292 295 307 313 315 319 327 328 329 333 338 339 346 347 354 360 363 364 375 376 378 382 385 389 393 395 398 400 401 404 405 408 409 410 412 416 420 421 422 427 428 435 437 439 440 441 442 443 447 450 455 457 461 467 470 475 477 479 480 484 488 491 498
 480 : 1 3 5 10 11 13 14 15 16 17 20 21 22 24 27 28 29 31 32 37 43 47 48 50 51 53 54 57 62 66 72 76 79 84 86 87 89 95 97 106 115 116 120 121 126 128 130 133 136 140 145 146 147 148 151 152 156 158 163 167 168 169 172 173 176 178 180 185 190 191 192 194 196 197 200 204 212 213 214 218 220 221 226 229 230 232 236 238 241 244 245 247 249 258 259 263 271 272 273 277 281 289 293 297 298 300 301 302 304 306 309 310 311 312 314 320 322 324 330 332 334 335 337 344 348 352 353 355 357 358 362 365 368 373 379 380 384 387 388 391 396 417 418 423 424 425 426 429 430 431 433 434 436 445 446 449 451 458 463 464 465 471 474 476 478 481 485 486 487 490 496 497 499
