# Time: 437.200012
# Elapsed: 258.150574
# Input_file: splp/KoerkelGhosh-asym/250/b/ga250b-1
# Pool_size: 200
# Iterations: 17
# Final_solutions: 2760
# Vision_range: 400
# Reduction_mode: REDUCTION_DISPERSE
# Dissimilitude: DISSIM_HAUSDORFF
# Facility_dist: FDISMODE_SUMOFDELTAS
SOLUTION:
  Value: -276921.000000
  Assigns: 128 128 59 66 153 203 153 148 153 148 128 230 59 55 55 66 55 203 66 66 55 100 128 128 99 99 153 100 124 66 153 66 230 66 100 230 55 99 128 55 55 124 128 230 99 59 148 124 100 100 153 148 128 230 203 59 99 99 55 100 100 153 128 148 59 99 230 99 128 100 153 100 55 55 230 99 66 124 124 230 100 100 128 148 99 55 124 203 100 148 230 124 203 59 59 55 230 55 59 203 230 99 66 124 230 55 99 99 99 99 55 148 59 148 55 55 230 128 59 66 99 148 100 99 153 55 128 128 66 66 99 124 66 148 148 153 148 55 148 99 230 203 124 128 124 148 59 148 66 100 66 100 99 55 99 100 66 148 148 203 203 99 55 99 66 99 124 99 59 153 203 55 203 148 148 128 153 55 230 230 55 55 55 128 128 124 153 203 128 203 55 124 55 66 153 66 55 100 66 99 203 230 153 55 99 124 66 99 128 153 99 203 203 230 124 148 230 128 128 148 55 203 153 124 203 230 59 99 59 124 124 59 66 55 203 55 59 100 55 124 66 230 153 148 55 59 153 66 153 128 
  Facilities: 11
 55 : 13 14 16 20 36 39 40 58 72 73 85 95 97 105 110 114 115 125 137 153 162 171 177 180 181 182 190 192 196 203 220 233 235 238 244
 59 : 2 12 45 55 64 93 94 98 112 118 146 168 226 228 231 236 245
 66 : 3 15 18 19 29 31 33 76 102 119 128 129 132 148 150 156 164 193 195 198 206 232 240 247
 99 : 24 25 37 44 56 57 65 67 75 84 101 106 107 108 109 120 123 130 139 152 154 161 163 165 167 199 204 207 210 227
 100 : 21 27 34 48 49 59 60 69 71 80 81 88 122 149 151 155 197 237
 124 : 28 41 47 77 78 86 91 103 131 142 144 166 185 191 205 214 223 229 230 239
 128 : 0 1 10 22 23 38 42 52 62 68 82 117 126 127 143 175 183 184 188 208 217 218 249
 148 : 7 9 46 51 63 83 89 111 113 121 133 134 136 138 145 147 157 158 173 174 215 219 243
 153 : 4 6 8 26 30 50 61 70 124 135 169 176 186 194 202 209 222 242 246 248
 203 : 5 17 54 87 92 99 141 159 160 170 172 187 189 200 211 212 221 224 234
 230 : 11 32 35 43 53 66 74 79 90 96 100 104 116 140 178 179 201 213 216 225 241
SOLUTION:
  Value: -276959.000000
  Assigns: 128 128 59 66 153 169 153 148 153 148 169 230 59 55 55 66 202 203 66 66 55 59 128 128 99 202 153 99 202 169 153 169 230 66 153 230 169 169 128 55 55 124 128 230 202 59 148 124 203 202 153 148 128 169 203 202 99 99 55 203 202 153 128 148 59 99 230 202 128 230 202 230 55 55 230 99 66 124 124 230 153 153 128 148 202 55 124 169 128 148 230 124 203 59 59 202 230 55 59 203 230 169 66 124 230 55 99 99 169 99 55 148 169 202 55 55 230 128 59 66 99 148 153 99 153 55 128 128 66 66 99 124 202 148 148 153 148 55 148 99 169 203 124 128 124 148 59 148 66 169 66 55 169 55 99 169 66 148 148 203 203 99 169 99 66 99 124 99 59 153 203 169 203 148 148 128 153 55 202 230 55 55 55 128 128 124 153 203 128 203 55 202 202 66 169 66 55 66 169 99 202 230 153 55 202 202 202 99 128 202 202 203 203 202 202 148 230 128 128 148 55 203 153 124 203 230 59 99 59 124 124 59 202 55 203 55 59 128 55 124 66 169 153 148 55 59 153 66 169 128 
  Facilities: 12
 55 : 13 14 20 39 40 58 72 73 85 97 105 110 114 115 125 137 151 153 177 180 181 182 190 196 203 220 233 235 238 244
 59 : 2 12 21 45 64 93 94 98 118 146 168 226 228 231 236 245
 66 : 3 15 18 19 33 76 102 119 128 129 148 150 156 164 193 195 197 240 247
 99 : 24 27 56 57 65 75 106 107 109 120 123 130 139 154 161 163 165 167 199 207 227
 124 : 41 47 77 78 86 91 103 131 142 144 166 185 223 229 230 239
 128 : 0 1 22 23 38 42 52 62 68 82 88 117 126 127 143 175 183 184 188 208 217 218 237 249
 148 : 7 9 46 51 63 83 89 111 121 133 134 136 138 145 147 157 158 173 174 215 219 243
 153 : 4 6 8 26 30 34 50 61 80 81 122 124 135 169 176 186 202 222 242 246
 169 : 5 10 29 31 36 37 53 87 101 108 112 140 149 152 155 162 171 194 198 241 248
 202 : 16 25 28 44 49 55 60 67 70 84 95 113 132 178 191 192 200 204 205 206 209 210 213 214 232
 203 : 17 48 54 59 92 99 141 159 160 170 172 187 189 211 212 221 224 234
 230 : 11 32 35 43 66 69 71 74 79 90 96 100 104 116 179 201 216 225
SOLUTION:
  Value: -277052.000000
  Assigns: 128 128 59 66 153 169 153 148 153 148 169 230 59 55 55 66 55 203 66 66 55 59 128 128 99 99 153 99 124 169 153 169 230 66 153 230 169 169 128 55 55 124 128 230 99 59 148 124 203 203 153 148 128 169 203 59 99 99 55 203 99 153 128 148 59 99 230 99 128 230 153 230 55 55 230 99 66 124 124 230 153 153 128 148 99 55 124 169 128 148 230 124 203 59 59 55 230 55 59 203 230 169 66 124 230 55 99 99 169 99 55 148 169 148 55 55 230 128 59 66 99 148 153 99 153 55 128 128 66 66 99 124 66 148 148 153 148 55 148 99 169 203 124 128 124 148 59 148 66 169 66 55 169 55 99 169 66 148 148 203 203 99 169 99 66 99 124 99 59 153 203 169 203 148 148 128 153 55 230 230 55 55 55 128 128 124 153 203 128 203 55 124 55 66 169 66 55 66 169 99 203 230 153 55 99 124 66 99 128 153 99 203 203 230 124 148 230 128 128 148 55 203 153 124 203 230 59 99 59 124 124 59 66 55 203 55 59 128 55 124 66 169 153 148 55 59 153 66 169 128 
  Facilities: 11
 55 : 13 14 16 20 39 40 58 72 73 85 95 97 105 110 114 115 125 137 151 153 177 180 181 182 190 192 196 203 220 233 235 238 244
 59 : 2 12 21 45 55 64 93 94 98 118 146 168 226 228 231 236 245
 66 : 3 15 18 19 33 76 102 119 128 129 132 148 150 156 164 193 195 197 206 232 240 247
 99 : 24 25 27 44 56 57 60 65 67 75 84 106 107 109 120 123 130 139 154 161 163 165 167 199 204 207 210 227
 124 : 28 41 47 77 78 86 91 103 131 142 144 166 185 191 205 214 223 229 230 239
 128 : 0 1 22 23 38 42 52 62 68 82 88 117 126 127 143 175 183 184 188 208 217 218 237 249
 148 : 7 9 46 51 63 83 89 111 113 121 133 134 136 138 145 147 157 158 173 174 215 219 243
 153 : 4 6 8 26 30 34 50 61 70 80 81 122 124 135 169 176 186 202 209 222 242 246
 169 : 5 10 29 31 36 37 53 87 101 108 112 140 149 152 155 162 171 194 198 241 248
 203 : 17 48 49 54 59 92 99 141 159 160 170 172 187 189 200 211 212 221 224 234
 230 : 11 32 35 43 66 69 71 74 79 90 96 100 104 116 178 179 201 213 216 225
SOLUTION:
  Value: -277077.000000
  Assigns: 190 52 59 66 153 52 153 148 52 148 55 230 59 55 55 66 190 203 66 66 190 59 203 230 99 99 153 99 190 66 153 190 52 66 153 230 55 99 153 55 55 124 52 230 99 59 148 52 190 52 153 148 55 230 203 59 99 99 55 203 52 153 148 148 59 99 230 99 190 230 153 230 55 55 230 99 66 124 190 230 153 153 203 148 99 55 52 203 230 148 230 124 203 59 59 190 52 55 59 203 230 190 66 124 230 55 99 99 99 99 55 148 59 148 55 55 230 153 59 190 99 148 153 99 153 55 52 52 190 66 99 124 66 148 148 52 148 55 148 99 230 203 124 59 124 148 59 52 66 190 66 190 99 55 99 59 66 148 148 203 190 99 55 99 190 99 124 99 59 153 203 55 203 148 148 190 153 55 230 230 55 190 55 52 190 52 153 203 153 203 55 124 55 66 153 66 55 66 66 52 203 230 153 55 99 124 66 52 66 153 99 203 203 230 124 148 230 55 66 148 52 203 153 124 203 190 59 99 59 124 124 190 52 55 203 55 190 153 55 124 66 230 153 148 55 59 153 52 52 59 
  Facilities: 11
 52 : 1 5 8 32 42 47 49 60 86 96 126 127 135 147 183 185 199 207 220 232 247 248
 55 : 10 13 14 36 39 40 52 58 72 73 85 97 105 110 114 115 125 137 153 162 171 177 180 182 190 192 196 203 217 233 235 238 244
 59 : 2 12 21 45 55 64 93 94 98 112 118 143 146 155 168 226 228 245 249
 66 : 3 15 18 19 29 33 76 102 129 132 148 150 156 193 195 197 198 206 208 218 240
 99 : 24 25 27 37 44 56 57 65 67 75 84 106 107 108 109 120 123 130 139 152 154 161 163 165 167 204 210 227
 124 : 41 77 91 103 131 142 144 166 191 205 214 223 229 230 239
 148 : 7 9 46 51 62 63 83 89 111 113 121 133 134 136 138 145 157 158 173 174 215 219 243
 153 : 4 6 26 30 34 38 50 61 70 80 81 117 122 124 169 176 186 188 194 202 209 222 237 242 246
 190 : 0 16 20 28 31 48 68 78 95 101 119 128 149 151 160 164 175 181 184 225 231 236
 203 : 17 22 54 59 82 87 92 99 141 159 170 172 187 189 200 211 212 221 224 234
 230 : 11 23 35 43 53 66 69 71 74 79 88 90 100 104 116 140 178 179 201 213 216 241
SOLUTION:
  Value: -277093.000000
  Assigns: 190 190 59 66 153 203 153 148 153 148 55 230 59 55 55 66 190 203 66 66 190 59 203 222 99 99 153 99 118 66 153 222 230 66 222 222 222 99 222 55 118 124 222 230 99 59 148 124 222 118 153 148 55 230 203 118 222 99 55 203 190 222 118 118 59 99 230 99 190 118 153 230 55 55 230 99 66 124 190 230 118 153 203 148 99 55 190 203 222 148 230 124 203 59 222 190 230 55 59 203 230 190 66 118 230 55 222 222 99 99 55 148 59 222 118 55 230 153 59 190 99 118 153 99 153 55 66 230 190 66 99 124 66 148 148 153 148 55 148 99 230 203 124 59 124 148 59 118 66 190 66 190 222 55 99 59 66 148 148 203 190 99 55 99 190 222 124 99 59 153 203 118 203 148 148 190 153 55 230 230 55 190 55 124 190 124 153 203 153 203 55 124 55 66 153 66 55 66 66 118 203 230 153 55 99 124 66 99 222 153 99 203 203 230 222 148 118 118 118 148 55 203 153 222 203 190 59 99 59 124 124 190 222 55 203 55 190 118 55 124 66 230 153 148 222 59 153 222 153 118 
  Facilities: 12
 55 : 10 13 14 39 52 58 72 73 85 97 105 110 115 125 137 153 162 177 180 182 190 192 196 203 220 233 235 238
 59 : 2 12 21 45 64 93 98 112 118 143 146 155 168 226 228 245
 66 : 3 15 18 19 29 33 76 102 126 129 132 148 150 156 193 195 197 198 206 240
 99 : 24 25 27 37 44 57 65 67 75 84 108 109 120 123 130 139 154 161 163 167 204 207 210 227
 118 : 28 40 49 55 62 63 69 80 103 114 121 147 171 199 216 217 218 237 249
 124 : 41 47 77 91 131 142 144 166 183 185 191 205 229 230 239
 148 : 7 9 46 51 83 89 111 133 134 136 138 145 157 158 173 174 215 219 243
 153 : 4 6 8 26 30 50 70 81 117 122 124 135 169 176 186 188 194 202 209 222 242 246 248
 190 : 0 1 16 20 60 68 78 86 95 101 119 128 149 151 160 164 175 181 184 225 231 236
 203 : 5 17 22 54 59 82 87 92 99 141 159 170 172 187 189 200 211 212 221 224 234
 222 : 23 31 34 35 36 38 42 48 56 61 88 94 106 107 113 152 165 208 214 223 232 244 247
 230 : 11 32 43 53 66 71 74 79 90 96 100 104 116 127 140 178 179 201 213 241
SOLUTION:
  Value: -277148.000000
  Assigns: 128 128 59 66 153 203 153 148 153 148 128 230 59 55 55 66 55 203 66 66 55 59 128 128 99 99 153 99 124 66 153 66 230 66 153 230 55 99 128 55 55 124 128 230 99 59 148 124 203 203 153 148 128 230 203 59 99 99 55 203 99 153 128 148 59 99 230 99 128 230 153 230 55 55 230 99 66 124 124 230 153 153 128 148 99 55 124 203 128 148 230 124 203 59 59 55 230 55 59 203 230 99 66 124 230 55 99 99 99 99 55 148 59 148 55 55 230 128 59 66 99 148 153 99 153 55 128 128 66 66 99 124 66 148 148 153 148 55 148 99 230 203 124 128 124 148 59 148 66 153 66 55 99 55 99 59 66 148 148 203 203 99 55 99 66 99 124 99 59 153 203 55 203 148 148 128 153 55 230 230 55 55 55 128 128 124 153 203 128 203 55 124 55 66 153 66 55 66 66 99 203 230 153 55 99 124 66 99 128 153 99 203 203 230 124 148 230 128 128 148 55 203 153 124 203 230 59 99 59 124 124 59 66 55 203 55 59 128 55 124 66 230 153 148 55 59 153 66 153 128 
  Facilities: 10
 55 : 13 14 16 20 36 39 40 58 72 73 85 95 97 105 110 114 115 125 137 151 153 162 171 177 180 181 182 190 192 196 203 220 233 235 238 244
 59 : 2 12 21 45 55 64 93 94 98 112 118 146 155 168 226 228 231 236 245
 66 : 3 15 18 19 29 31 33 76 102 119 128 129 132 148 150 156 164 193 195 197 198 206 232 240 247
 99 : 24 25 27 37 44 56 57 60 65 67 75 84 101 106 107 108 109 120 123 130 139 152 154 161 163 165 167 199 204 207 210 227
 124 : 28 41 47 77 78 86 91 103 131 142 144 166 185 191 205 214 223 229 230 239
 128 : 0 1 10 22 23 38 42 52 62 68 82 88 117 126 127 143 175 183 184 188 208 217 218 237 249
 148 : 7 9 46 51 63 83 89 111 113 121 133 134 136 138 145 147 157 158 173 174 215 219 243
 153 : 4 6 8 26 30 34 50 61 70 80 81 122 124 135 149 169 176 186 194 202 209 222 242 246 248
 203 : 5 17 48 49 54 59 87 92 99 141 159 160 170 172 187 189 200 211 212 221 224 234
 230 : 11 32 35 43 53 66 69 71 74 79 90 96 100 104 116 140 178 179 201 213 216 225 241
SOLUTION:
  Value: -277262.000000
  Assigns: 190 190 59 66 153 203 153 148 153 148 55 230 59 55 55 66 190 203 66 66 190 59 203 118 99 99 153 99 118 66 153 190 230 66 153 230 55 99 153 55 118 124 124 230 99 59 148 124 190 118 153 148 55 230 203 118 99 99 55 203 190 153 118 118 59 99 230 99 190 118 153 230 55 55 230 99 66 124 190 230 118 153 203 148 99 55 190 203 230 148 230 124 203 59 118 190 230 55 59 203 230 190 66 118 230 55 99 99 99 99 55 148 59 148 118 55 230 153 59 190 99 118 153 99 153 55 66 230 190 66 99 124 66 148 148 153 148 55 148 99 230 203 124 59 124 148 59 118 66 190 66 190 99 55 99 59 66 148 148 203 190 99 55 99 190 99 124 99 59 153 203 118 203 148 148 190 153 55 230 230 55 190 55 124 190 124 153 203 153 203 55 124 55 66 153 66 55 66 66 118 203 230 153 55 99 124 66 99 66 153 99 203 203 230 124 148 118 118 118 148 55 203 153 124 203 190 59 99 59 124 124 190 66 55 203 55 190 118 55 124 66 230 153 148 55 59 153 66 153 118 
  Facilities: 11
 55 : 10 13 14 36 39 52 58 72 73 85 97 105 110 115 125 137 153 162 177 180 182 190 192 196 203 220 233 235 238 244
 59 : 2 12 21 45 64 93 98 112 118 143 146 155 168 226 228 245
 66 : 3 15 18 19 29 33 76 102 126 129 132 148 150 156 193 195 197 198 206 208 232 240 247
 99 : 24 25 27 37 44 56 57 65 67 75 84 106 107 108 109 120 123 130 139 152 154 161 163 165 167 204 207 210 227
 118 : 23 28 40 49 55 62 63 69 80 94 103 114 121 147 171 199 216 217 218 237 249
 124 : 41 42 47 77 91 131 142 144 166 183 185 191 205 214 223 229 230 239
 148 : 7 9 46 51 83 89 111 113 133 134 136 138 145 157 158 173 174 215 219 243
 153 : 4 6 8 26 30 34 38 50 61 70 81 117 122 124 135 169 176 186 188 194 202 209 222 242 246 248
 190 : 0 1 16 20 31 48 60 68 78 86 95 101 119 128 149 151 160 164 175 181 184 225 231 236
 203 : 5 17 22 54 59 82 87 92 99 141 159 170 172 187 189 200 211 212 221 224 234
 230 : 11 32 35 43 53 66 71 74 79 88 90 96 100 104 116 127 140 178 179 201 213 241
SOLUTION:
  Value: -277320.000000
  Assigns: 128 128 88 88 153 169 153 148 153 148 155 112 148 55 55 105 190 203 203 190 190 153 128 128 99 88 153 105 202 169 105 190 155 105 155 99 112 169 128 55 55 155 128 203 202 112 148 153 112 202 153 112 128 169 203 202 88 99 55 203 202 153 128 155 88 99 99 202 128 155 88 88 55 55 105 99 105 88 190 105 153 153 128 148 202 112 190 169 128 148 148 155 203 88 112 190 105 55 155 203 88 190 190 128 55 55 99 99 169 99 55 148 169 202 55 55 112 128 88 190 99 112 153 99 153 55 128 128 112 169 99 88 105 148 148 153 148 55 148 99 169 203 155 128 203 148 155 112 148 112 88 190 169 55 105 169 202 148 148 203 190 155 169 99 190 112 88 99 105 153 203 169 203 148 148 128 153 55 112 105 88 190 55 88 190 155 153 203 128 203 88 202 202 105 169 190 55 105 169 99 202 99 153 55 202 202 202 99 128 202 202 203 112 202 202 148 155 128 128 148 55 203 88 88 203 190 88 99 203 112 105 190 202 55 203 55 190 128 55 155 112 169 153 148 55 112 153 112 169 128 
  Facilities: 13
 55 : 13 14 39 40 58 72 73 97 104 105 110 114 115 125 137 153 177 182 196 203 220 233 235 238 244
 88 : 2 3 25 56 64 70 71 77 93 100 118 131 150 166 180 183 190 222 223 226
 99 : 24 35 57 65 66 75 106 107 109 120 123 130 139 163 167 199 201 207 227
 105 : 15 27 30 33 74 76 79 96 132 154 168 179 193 197 230
 112 : 11 36 45 48 51 85 94 116 121 128 147 149 165 178 212 229 240 245 247
 128 : 0 1 22 23 38 42 52 62 68 82 88 103 117 126 127 143 175 188 208 217 218 237 249
 148 : 7 9 12 46 83 89 90 111 133 134 136 138 145 148 157 158 173 174 215 219 243
 153 : 4 6 8 21 26 47 50 61 80 81 122 124 135 169 176 186 202 242 246
 155 : 10 32 34 41 63 69 91 98 142 146 161 185 216 239
 169 : 5 29 37 53 87 108 112 129 140 152 155 162 171 194 198 241 248
 190 : 16 19 20 31 78 86 95 101 102 119 151 160 164 181 184 195 225 231 236
 202 : 28 44 49 55 60 67 84 113 156 191 192 200 204 205 206 209 210 213 214 232
 203 : 17 18 43 54 59 92 99 141 144 159 170 172 187 189 211 221 224 228 234
SOLUTION:
  Value: -277325.000000
  Assigns: 128 128 59 105 99 169 55 148 52 148 169 59 59 55 157 105 9 105 157 52 9 59 128 128 99 11 169 105 145 169 105 105 52 105 9 99 169 169 128 55 55 9 128 59 99 59 148 52 145 52 105 148 9 169 11 59 9 99 55 148 52 11 128 148 59 99 9 157 128 145 169 52 145 55 105 99 9 157 145 145 157 52 128 148 99 55 52 169 128 148 148 145 11 59 145 11 52 9 59 148 145 169 59 11 9 55 145 52 169 99 55 148 169 148 55 55 145 145 59 9 99 157 55 9 99 55 11 145 169 169 99 11 105 148 148 157 148 55 148 99 169 169 105 128 169 145 59 52 148 145 11 9 11 55 105 169 157 145 148 59 157 145 169 99 157 9 128 99 105 9 99 9 145 148 148 128 9 55 105 11 157 55 55 52 128 52 9 55 128 11 55 11 11 105 169 9 55 105 169 52 11 9 9 55 99 9 11 157 128 148 99 169 9 169 128 148 11 128 128 148 52 9 169 145 148 157 59 99 157 145 105 59 52 55 11 55 59 157 145 157 11 169 145 148 145 59 55 157 52 11 
  Facilities: 12
 9 : 16 20 34 41 52 56 66 76 97 104 119 123 151 165 169 171 176 186 195 201 202 205 212 221
 11 : 25 54 61 92 95 103 126 131 150 152 179 189 191 192 200 206 216 234 240 249
 52 : 8 19 32 47 49 60 71 81 86 96 107 147 183 185 199 220 232 248
 55 : 6 13 39 40 58 73 85 105 110 114 115 122 125 137 153 177 181 182 187 190 196 203 233 235 246
 59 : 2 11 12 21 43 45 55 64 93 98 102 118 146 159 226 231 236 245
 99 : 4 24 35 44 57 65 75 84 109 120 124 130 139 163 167 170 204 210 227
 105 : 3 15 17 27 30 31 33 50 74 132 142 154 168 178 193 197 230
 128 : 0 1 22 23 38 42 62 68 82 88 143 166 175 184 188 208 214 217 218
 145 : 28 48 69 72 78 79 91 94 100 106 116 117 127 145 149 157 161 172 223 229 238 242 244
 148 : 7 9 46 51 59 63 83 89 90 99 111 113 133 134 136 138 148 158 173 174 209 215 219 224 243
 157 : 14 18 67 77 80 121 135 156 160 164 180 207 225 228 237 239 247
 169 : 5 10 26 29 36 37 53 70 87 101 108 112 128 129 140 141 144 155 162 194 198 211 213 222 241
SOLUTION:
  Value: -277339.000000
  Assigns: 190 190 59 66 153 203 153 148 153 148 55 230 59 55 55 66 190 203 66 66 190 59 203 230 99 99 153 99 190 66 153 190 230 66 153 230 55 99 153 55 55 124 124 230 99 59 148 124 190 203 153 148 55 230 203 59 99 99 55 203 190 153 148 148 59 99 230 99 190 230 153 230 55 55 230 99 66 124 190 230 153 153 203 148 99 55 190 203 230 148 230 124 203 59 59 190 230 55 59 203 230 190 66 124 230 55 99 99 99 99 55 148 59 148 55 55 230 153 59 190 99 148 153 99 153 55 66 230 190 66 99 124 66 148 148 153 148 55 148 99 230 203 124 59 124 148 59 148 66 190 66 190 99 55 99 59 66 148 148 203 190 99 55 99 190 99 124 99 59 153 203 55 203 148 148 190 153 55 230 230 55 190 55 124 190 124 153 203 153 203 55 124 55 66 153 66 55 66 66 99 203 230 153 55 99 124 66 99 66 153 99 203 203 230 124 148 230 55 66 148 55 203 153 124 203 190 59 99 59 124 124 190 66 55 203 55 190 153 55 124 66 230 153 148 55 59 153 66 153 59 
  Facilities: 10
 55 : 10 13 14 36 39 40 52 58 72 73 85 97 105 110 114 115 125 137 153 162 171 177 180 182 190 192 196 203 217 220 233 235 238 244
 59 : 2 12 21 45 55 64 93 94 98 112 118 143 146 155 168 226 228 245 249
 66 : 3 15 18 19 29 33 76 102 126 129 132 148 150 156 193 195 197 198 206 208 218 232 240 247
 99 : 24 25 27 37 44 56 57 65 67 75 84 106 107 108 109 120 123 130 139 152 154 161 163 165 167 199 204 207 210 227
 124 : 41 42 47 77 91 103 131 142 144 166 183 185 191 205 214 223 229 230 239
 148 : 7 9 46 51 62 63 83 89 111 113 121 133 134 136 138 145 147 157 158 173 174 215 219 243
 153 : 4 6 8 26 30 34 38 50 61 70 80 81 117 122 124 135 169 176 186 188 194 202 209 222 237 242 246 248
 190 : 0 1 16 20 28 31 48 60 68 78 86 95 101 119 128 149 151 160 164 175 181 184 225 231 236
 203 : 5 17 22 49 54 59 82 87 92 99 141 159 170 172 187 189 200 211 212 221 224 234
 230 : 11 23 32 35 43 53 66 69 71 74 79 88 90 96 100 104 116 127 140 178 179 201 213 216 241
