# Time: 183.690002
# Elapsed: 47.734169
# Input_file: splp/KoerkelGhosh-sym/500/a/gs500a-1
# Pool_size: 400
# Iterations: 91
# Final_solutions: 34980
# Vision_range: 0
# Reduction_mode: REDUCTION_RANDOM
SOLUTION:
  Value: -515799.000000
  Assigns: 370 365 385 291 299 189 354 385 64 365 112 298 376 412 285 426 109 135 125 105 362 415 195 241 354 193 120 13 370 224 246 59 64 285 291 228 111 477 439 64 218 66 415 367 385 9 193 144 228 192 189 109 199 48 144 290 151 8 181 408 246 241 66 125 8 246 143 126 290 162 59 189 81 224 269 135 59 9 246 412 354 64 195 376 144 439 365 151 64 290 367 316 299 162 260 285 195 298 354 298 367 477 125 81 109 8 415 192 362 54 66 437 81 143 109 89 362 151 228 20 246 78 385 352 376 439 189 92 235 439 276 54 408 269 189 126 92 54 362 299 109 105 135 66 54 125 81 120 125 399 477 354 112 112 189 37 365 447 125 111 54 120 352 316 120 241 228 408 291 365 192 290 105 105 112 199 125 365 439 83 370 9 415 78 426 285 241 120 148 126 92 92 126 83 362 408 352 81 120 437 299 92 92 352 285 66 192 54 291 299 54 399 151 274 151 385 126 426 193 437 276 354 354 447 181 269 370 399 439 111 144 477 246 89 48 106 447 385 112 362 439 408 385 151 246 299 120 376 143 269 352 362 274 143 241 290 162 447 189 367 64 162 276 83 125 109 299 64 192 241 241 109 228 235 64 8 54 235 125 291 426 298 81 81 9 59 112 81 189 365 89 260 120 151 181 92 83 54 218 92 144 148 399 48 290 78 477 111 126 111 83 316 20 224 120 78 412 81 399 199 412 143 370 106 126 376 92 120 189 415 126 120 37 106 415 376 37 143 224 412 218 365 189 192 13 316 426 66 9 162 241 224 162 135 148 89 412 64 316 408 299 291 54 228 370 9 135 83 276 13 241 92 298 144 299 367 83 285 126 111 105 64 447 447 269 437 370 291 447 437 228 385 224 105 111 135 126 224 64 437 316 437 111 365 54 148 20 162 241 376 125 8 316 111 109 106 199 477 8 106 362 125 477 89 437 228 447 20 135 92 120 426 370 290 189 9 126 385 362 125 439 437 376 370 162 246 13 426 195 148 192 48 439 48 260 241 195 143 192 299 291 298 385 111 8 298 298 193 148 9 246 228 437 48 193 193 92 37 111 111 112 412 228 354 105 199 106 354 415 426 241 48 269 151 83 370 354 111 477 112 
  Facilities: 68
 8 : 57 64 105 275 411 418 464
 9 : 45 77 181 284 348 365 435 469
 13 : 27 344 369 446
 20 : 119 312 406 427
 37 : 155 332 336 477
 48 : 53 234 303 451 453 473 491
 54 : 109 131 137 144 160 207 210 276 297 362 404
 59 : 31 70 76 285
 64 : 8 32 39 81 88 260 267 274 357 381 398
 66 : 41 62 110 143 205 347
 78 : 121 183 305 315
 81 : 72 103 112 146 197 282 283 287 317
 83 : 179 193 263 296 310 367 376 494
 89 : 115 233 290 355 423
 92 : 127 136 190 191 201 202 295 299 326 371 429 476
 105 : 19 141 172 173 380 393 484
 106 : 235 323 333 415 419 486
 109 : 16 51 104 114 140 265 271 414
 111 : 36 159 229 307 309 379 394 402 413 463 478 479 497
 112 : 10 152 153 174 238 286 480 499
 120 : 26 147 161 164 187 198 246 292 314 327 331 430
 125 : 18 63 102 145 148 158 176 264 278 410 421 439
 126 : 67 135 189 192 216 308 324 330 378 396 436
 135 : 17 75 142 353 366 395 428
 143 : 66 113 248 253 321 337 457
 144 : 47 54 84 230 300 373
 148 : 188 301 354 405 449 468
 151 : 56 87 117 212 214 243 293 493
 162 : 69 93 256 261 349 352 407 444
 181 : 58 224 294
 189 : 5 50 71 126 134 154 258 288 328 342 434
 192 : 49 107 170 206 268 343 450 458
 193 : 25 46 218 467 474 475
 195 : 22 82 96 448 456
 199 : 52 175 319 416 485
 218 : 40 298 340
 224 : 29 73 313 338 351 392 397
 228 : 35 48 118 166 272 363 390 425 471 482
 235 : 128 273 277
 241 : 23 61 165 186 254 269 270 350 370 408 455 490
 246 : 30 60 65 78 120 232 244 445 470
 260 : 94 291 454
 269 : 74 133 225 249 384 492
 274 : 213 252
 276 : 130 220 262 368
 285 : 14 33 95 185 204 377
 290 : 55 68 89 171 255 304 433
 291 : 3 34 168 208 279 361 387 460
 298 : 11 97 99 281 372 461 465 466
 299 : 4 92 139 200 209 245 266 360 374 459
 316 : 91 163 311 345 358 400 412
 352 : 123 162 196 203 250
 354 : 6 24 80 98 151 221 222 483 487 496
 362 : 20 108 116 138 194 239 251 420 438
 365 : 1 9 86 156 169 177 289 341 403
 367 : 43 90 100 259 375
 370 : 0 28 180 226 322 364 386 432 443 495
 376 : 12 83 124 247 325 335 409 442
 385 : 2 7 44 122 215 237 242 391 437 462
 399 : 149 211 227 302 318
 408 : 59 132 167 195 241 359
 412 : 13 79 316 320 339 356 481
 415 : 21 42 106 182 329 334 488
 426 : 15 184 217 280 346 431 447 489
 437 : 111 199 219 385 389 399 401 424 441 472
 439 : 38 85 125 129 178 228 240 440 452
 447 : 157 223 236 257 382 383 388 426
 477 : 37 101 150 231 306 417 422 498
SOLUTION:
  Value: -515841.000000
  Assigns: 428 420 227 463 436 463 339 280 48 416 92 398 410 289 368 368 309 368 311 28 23 301 195 241 277 436 368 170 297 309 472 398 4 130 277 364 428 170 71 210 210 277 152 68 385 297 241 384 234 33 339 384 385 463 210 339 338 277 282 152 234 241 23 208 398 48 152 428 428 436 309 167 492 460 28 142 32 460 492 28 441 272 195 441 152 433 309 68 78 227 492 289 142 368 167 277 398 428 297 71 167 32 289 338 297 170 436 436 441 364 364 170 420 311 339 195 170 297 428 23 385 301 385 210 388 410 436 48 301 398 33 208 472 95 398 428 460 309 289 318 428 71 339 282 4 324 428 433 272 152 170 68 384 280 433 318 130 309 234 48 492 318 195 208 152 241 23 71 272 368 460 23 297 282 68 301 68 208 95 28 339 234 32 368 436 416 241 368 368 71 210 92 170 272 32 368 28 208 472 416 388 33 92 338 324 368 4 4 289 472 364 472 152 460 23 385 241 289 384 368 463 234 282 388 433 410 280 277 272 428 428 384 385 130 277 277 364 309 398 339 23 23 385 428 311 472 78 436 385 433 170 433 416 33 210 28 28 368 368 272 48 33 277 441 227 338 318 277 410 384 241 241 227 364 170 436 130 227 311 4 318 463 416 472 33 95 492 208 28 208 433 416 410 410 428 92 282 95 272 4 301 130 142 48 398 78 167 428 420 152 441 433 324 398 95 398 311 301 463 420 441 433 394 152 420 410 364 339 301 460 472 4 210 492 289 398 28 130 210 388 195 384 385 71 338 398 130 368 338 368 241 428 4 68 492 32 492 301 368 272 28 289 420 208 210 289 460 280 195 297 364 301 210 170 301 68 398 416 297 28 68 227 23 234 152 441 28 208 339 277 420 385 416 92 463 311 324 272 277 227 492 420 318 28 170 324 68 441 167 420 388 309 339 48 398 195 28 272 28 227 324 368 472 441 324 170 280 277 48 68 339 388 142 311 472 170 394 441 92 436 398 277 152 364 68 472 272 368 195 130 195 48 282 71 318 436 195 385 33 130 170 95 142 394 33 398 297 4 472 277 48 492 436 428 68 384 92 441 289 289 28 398 492 227 364 210 142 416 68 324 433 48 78 4 463 472 394 324 280 339 
  Facilities: 53
 4 : 32 144 206 207 279 299 331 352 467 493
 23 : 20 62 119 166 171 214 240 241 382
 28 : 19 74 79 179 196 255 256 288 336 360 379 386 403 416 418 480
 32 : 76 101 182 194 355
 33 : 49 130 201 253 261 284 458 464
 48 : 8 65 127 159 260 303 413 428 451 470 491
 68 : 43 87 151 174 176 353 375 380 406 429 444 474 488
 71 : 38 99 141 167 189 343 453
 78 : 88 246 305 492
 92 : 10 191 202 295 393 438 476
 95 : 133 178 285 297 314 461
 130 : 33 156 233 276 301 337 346 449 459
 142 : 75 92 302 432 462 486
 152 : 42 59 66 84 149 164 212 309 323 384 442
 167 : 71 94 100 306 408
 170 : 27 37 105 111 116 150 192 250 274 373 404 425 435 460
 195 : 22 82 115 162 340 368 415 448 450 456
 208 : 63 131 163 177 197 287 289 363 387
 210 : 39 40 54 123 190 254 332 338 364 372 485
 227 : 2 89 264 272 277 381 399 419 483
 234 : 48 60 158 181 221 383
 241 : 23 46 61 165 186 216 270 271 350
 272 : 81 148 168 193 228 259 298 359 397 417 446
 277 : 24 34 41 57 95 227 234 235 262 267 389 398 427 441 469
 280 : 7 153 226 367 426 498
 282 : 58 143 173 222 296 452
 289 : 13 91 102 138 208 217 334 361 365 478 479
 297 : 28 45 98 104 117 172 369 378 466
 301 : 21 121 128 175 300 317 328 357 371 374
 309 : 16 29 70 86 137 157 237 411
 311 : 18 113 244 278 316 395 433
 318 : 139 155 161 266 280 402 454
 324 : 145 204 312 396 405 420 424 489 497
 338 : 56 103 203 265 344 348
 339 : 6 50 55 114 142 180 239 327 388 412 430 499
 364 : 35 109 110 210 236 273 326 370 443 484
 368 : 14 15 17 26 93 169 183 187 188 195 205 219 257 258 347 349 358 421 447
 384 : 47 51 152 218 231 269 341 475
 385 : 44 52 120 122 215 232 242 248 342 391 457
 388 : 124 200 223 339 410 431
 394 : 322 436 463 496
 398 : 11 31 64 96 129 134 238 304 313 315 335 345 376 414 440 465 481
 410 : 12 125 225 268 292 293 325
 416 : 9 185 199 252 282 291 377 392 487
 420 : 1 112 308 319 324 362 390 401 409
 428 : 0 36 67 68 97 118 135 140 146 229 230 243 294 307 351 473
 433 : 85 147 154 224 249 251 290 311 321 490
 436 : 4 25 69 106 107 126 184 247 275 439 455 472
 441 : 80 83 108 263 310 320 385 407 423 437 477
 460 : 73 77 136 170 213 329 366
 463 : 3 5 53 220 281 318 394 494
 472 : 30 132 198 209 211 245 283 330 422 434 445 468 495
 492 : 72 78 90 160 286 333 354 356 400 471 482
SOLUTION:
  Value: -515858.000000
  Assigns: 370 365 385 291 299 189 354 385 64 365 112 298 376 412 285 426 109 135 125 105 362 415 195 241 354 193 120 13 370 224 246 59 64 285 291 228 111 477 439 64 218 66 415 367 385 9 193 144 228 192 189 109 199 48 144 290 151 8 181 408 246 241 66 125 8 246 143 126 290 162 59 189 13 224 269 135 59 9 246 412 354 64 195 376 144 439 365 151 64 290 367 316 299 162 260 285 195 298 354 298 367 477 125 437 109 8 415 192 362 54 66 437 385 143 109 89 362 151 228 20 246 78 385 352 376 439 189 92 235 439 276 54 408 269 189 126 92 54 362 299 109 105 135 66 54 125 235 120 125 399 477 354 112 112 189 37 365 447 125 111 54 120 352 316 120 241 228 408 291 365 192 290 105 105 112 199 125 365 439 83 370 9 415 78 426 285 241 120 148 126 92 92 126 83 362 408 352 125 120 437 299 92 92 352 285 66 192 54 291 299 54 399 151 274 151 385 126 426 193 437 276 354 354 447 181 269 370 399 439 111 144 477 246 89 48 106 447 385 112 362 439 408 385 151 246 299 120 376 143 269 352 362 274 143 241 290 162 447 189 367 64 162 276 83 125 109 299 64 192 241 241 109 228 235 64 8 54 235 125 291 426 298 193 148 9 59 112 92 189 365 89 260 120 151 181 92 83 54 218 92 144 148 399 48 290 78 477 111 126 111 83 316 20 224 120 78 412 376 399 199 412 143 370 106 126 376 92 120 189 415 126 120 37 106 415 376 37 143 224 412 218 365 189 192 13 316 426 66 9 162 241 224 162 135 148 89 412 64 316 408 299 291 54 228 370 9 135 83 276 13 241 92 298 144 299 367 83 285 126 111 105 64 447 447 269 437 370 291 447 437 228 385 224 105 111 135 126 224 64 437 316 437 111 365 54 148 20 162 241 376 125 8 316 111 109 106 199 477 8 106 362 125 477 89 437 228 447 20 135 92 120 426 370 290 189 9 126 385 362 125 439 437 376 370 162 246 13 426 195 148 192 48 439 48 260 241 195 143 192 299 291 298 385 111 8 298 298 193 148 9 246 228 437 48 193 193 92 37 111 111 112 412 228 354 105 199 106 354 415 426 241 48 269 151 83 370 354 111 477 112 
  Facilities: 67
 8 : 57 64 105 275 411 418 464
 9 : 45 77 181 284 348 365 435 469
 13 : 27 72 344 369 446
 20 : 119 312 406 427
 37 : 155 332 336 477
 48 : 53 234 303 451 453 473 491
 54 : 109 131 137 144 160 207 210 276 297 362 404
 59 : 31 70 76 285
 64 : 8 32 39 81 88 260 267 274 357 381 398
 66 : 41 62 110 143 205 347
 78 : 121 183 305 315
 83 : 179 193 263 296 310 367 376 494
 89 : 115 233 290 355 423
 92 : 127 136 190 191 201 202 287 295 299 326 371 429 476
 105 : 19 141 172 173 380 393 484
 106 : 235 323 333 415 419 486
 109 : 16 51 104 114 140 265 271 414
 111 : 36 159 229 307 309 379 394 402 413 463 478 479 497
 112 : 10 152 153 174 238 286 480 499
 120 : 26 147 161 164 187 198 246 292 314 327 331 430
 125 : 18 63 102 145 148 158 176 197 264 278 410 421 439
 126 : 67 135 189 192 216 308 324 330 378 396 436
 135 : 17 75 142 353 366 395 428
 143 : 66 113 248 253 321 337 457
 144 : 47 54 84 230 300 373
 148 : 188 283 301 354 405 449 468
 151 : 56 87 117 212 214 243 293 493
 162 : 69 93 256 261 349 352 407 444
 181 : 58 224 294
 189 : 5 50 71 126 134 154 258 288 328 342 434
 192 : 49 107 170 206 268 343 450 458
 193 : 25 46 218 282 467 474 475
 195 : 22 82 96 448 456
 199 : 52 175 319 416 485
 218 : 40 298 340
 224 : 29 73 313 338 351 392 397
 228 : 35 48 118 166 272 363 390 425 471 482
 235 : 128 146 273 277
 241 : 23 61 165 186 254 269 270 350 370 408 455 490
 246 : 30 60 65 78 120 232 244 445 470
 260 : 94 291 454
 269 : 74 133 225 249 384 492
 274 : 213 252
 276 : 130 220 262 368
 285 : 14 33 95 185 204 377
 290 : 55 68 89 171 255 304 433
 291 : 3 34 168 208 279 361 387 460
 298 : 11 97 99 281 372 461 465 466
 299 : 4 92 139 200 209 245 266 360 374 459
 316 : 91 163 311 345 358 400 412
 352 : 123 162 196 203 250
 354 : 6 24 80 98 151 221 222 483 487 496
 362 : 20 108 116 138 194 239 251 420 438
 365 : 1 9 86 156 169 177 289 341 403
 367 : 43 90 100 259 375
 370 : 0 28 180 226 322 364 386 432 443 495
 376 : 12 83 124 247 317 325 335 409 442
 385 : 2 7 44 112 122 215 237 242 391 437 462
 399 : 149 211 227 302 318
 408 : 59 132 167 195 241 359
 412 : 13 79 316 320 339 356 481
 415 : 21 42 106 182 329 334 488
 426 : 15 184 217 280 346 431 447 489
 437 : 103 111 199 219 385 389 399 401 424 441 472
 439 : 38 85 125 129 178 228 240 440 452
 447 : 157 223 236 257 382 383 388 426
 477 : 37 101 150 231 306 417 422 498
SOLUTION:
  Value: -515874.000000
  Assigns: 370 365 385 291 299 189 354 385 64 365 112 298 376 412 285 426 109 135 125 105 362 415 195 241 354 193 120 13 370 224 246 59 64 285 291 228 111 477 439 64 218 66 415 367 385 9 193 144 228 106 189 109 199 48 144 290 151 8 181 408 246 241 66 125 8 246 143 126 290 162 59 189 13 224 269 135 59 9 246 412 354 64 195 376 144 439 365 151 64 290 367 316 299 162 260 285 195 298 354 298 367 477 125 437 109 8 415 399 362 54 66 437 385 143 109 89 362 151 228 20 246 78 385 352 376 439 189 92 235 439 276 54 408 269 189 126 92 54 362 299 109 105 135 66 54 125 235 120 125 399 477 354 112 112 189 37 365 447 125 111 54 120 352 316 120 241 228 408 291 365 125 290 105 105 112 199 125 365 439 83 370 9 415 78 426 285 241 120 148 126 92 92 126 83 362 408 352 125 120 437 299 92 92 352 285 66 354 54 291 299 54 399 151 274 151 385 126 426 193 437 276 354 354 447 181 269 370 399 439 111 144 477 246 89 48 106 447 385 112 362 439 408 385 151 246 299 120 376 143 269 352 362 274 143 241 290 162 447 189 367 64 162 276 83 125 109 299 64 241 241 241 109 228 235 64 8 54 235 125 291 426 298 193 148 9 59 112 92 189 365 89 260 120 151 181 92 83 54 218 92 144 148 399 48 290 78 477 111 126 111 83 316 20 224 120 78 412 376 399 199 412 143 370 106 126 376 92 120 189 415 126 120 37 106 415 376 37 143 224 412 218 365 189 143 13 316 426 66 9 162 241 224 162 135 148 89 412 64 316 408 299 291 54 228 370 9 135 83 276 13 241 92 298 144 299 367 83 285 126 111 105 64 447 447 269 437 370 291 447 437 228 385 224 105 111 135 126 224 64 437 316 437 111 365 54 148 20 162 241 376 125 8 316 111 109 106 199 477 8 106 362 125 477 89 437 228 447 20 135 92 120 426 370 290 189 9 126 385 362 125 439 437 376 370 162 246 13 426 195 148 399 48 439 48 260 241 195 143 89 299 291 298 385 111 8 298 298 193 148 9 246 228 437 48 193 193 92 37 111 111 112 412 228 354 105 199 106 354 415 426 241 48 269 151 83 370 354 111 477 112 
  Facilities: 66
 8 : 57 64 105 275 411 418 464
 9 : 45 77 181 284 348 365 435 469
 13 : 27 72 344 369 446
 20 : 119 312 406 427
 37 : 155 332 336 477
 48 : 53 234 303 451 453 473 491
 54 : 109 131 137 144 160 207 210 276 297 362 404
 59 : 31 70 76 285
 64 : 8 32 39 81 88 260 267 274 357 381 398
 66 : 41 62 110 143 205 347
 78 : 121 183 305 315
 83 : 179 193 263 296 310 367 376 494
 89 : 115 233 290 355 423 458
 92 : 127 136 190 191 201 202 287 295 299 326 371 429 476
 105 : 19 141 172 173 380 393 484
 106 : 49 235 323 333 415 419 486
 109 : 16 51 104 114 140 265 271 414
 111 : 36 159 229 307 309 379 394 402 413 463 478 479 497
 112 : 10 152 153 174 238 286 480 499
 120 : 26 147 161 164 187 198 246 292 314 327 331 430
 125 : 18 63 102 145 148 158 170 176 197 264 278 410 421 439
 126 : 67 135 189 192 216 308 324 330 378 396 436
 135 : 17 75 142 353 366 395 428
 143 : 66 113 248 253 321 337 343 457
 144 : 47 54 84 230 300 373
 148 : 188 283 301 354 405 449 468
 151 : 56 87 117 212 214 243 293 493
 162 : 69 93 256 261 349 352 407 444
 181 : 58 224 294
 189 : 5 50 71 126 134 154 258 288 328 342 434
 193 : 25 46 218 282 467 474 475
 195 : 22 82 96 448 456
 199 : 52 175 319 416 485
 218 : 40 298 340
 224 : 29 73 313 338 351 392 397
 228 : 35 48 118 166 272 363 390 425 471 482
 235 : 128 146 273 277
 241 : 23 61 165 186 254 268 269 270 350 370 408 455 490
 246 : 30 60 65 78 120 232 244 445 470
 260 : 94 291 454
 269 : 74 133 225 249 384 492
 274 : 213 252
 276 : 130 220 262 368
 285 : 14 33 95 185 204 377
 290 : 55 68 89 171 255 304 433
 291 : 3 34 168 208 279 361 387 460
 298 : 11 97 99 281 372 461 465 466
 299 : 4 92 139 200 209 245 266 360 374 459
 316 : 91 163 311 345 358 400 412
 352 : 123 162 196 203 250
 354 : 6 24 80 98 151 206 221 222 483 487 496
 362 : 20 108 116 138 194 239 251 420 438
 365 : 1 9 86 156 169 177 289 341 403
 367 : 43 90 100 259 375
 370 : 0 28 180 226 322 364 386 432 443 495
 376 : 12 83 124 247 317 325 335 409 442
 385 : 2 7 44 112 122 215 237 242 391 437 462
 399 : 107 149 211 227 302 318 450
 408 : 59 132 167 195 241 359
 412 : 13 79 316 320 339 356 481
 415 : 21 42 106 182 329 334 488
 426 : 15 184 217 280 346 431 447 489
 437 : 103 111 199 219 385 389 399 401 424 441 472
 439 : 38 85 125 129 178 228 240 440 452
 447 : 157 223 236 257 382 383 388 426
 477 : 37 101 150 231 306 417 422 498
SOLUTION:
  Value: -515875.000000
  Assigns: 119 389 119 77 477 423 478 389 57 77 6 357 402 499 94 426 109 82 125 134 119 423 195 240 5 6 13 13 79 252 472 467 294 121 116 446 305 477 489 237 77 119 415 297 5 297 421 330 41 41 41 212 402 111 207 21 225 478 69 408 94 477 72 125 398 84 205 24 406 445 59 41 62 250 389 41 59 237 305 134 207 72 195 121 489 472 24 389 357 315 77 250 429 79 389 297 119 149 297 446 445 477 489 237 262 294 419 239 237 116 408 402 499 419 121 21 109 297 389 96 408 139 149 389 6 305 330 467 499 276 276 84 408 499 398 82 305 79 62 419 465 419 207 94 84 332 423 21 125 239 154 212 84 116 207 489 467 96 125 205 154 294 69 262 195 240 154 408 397 478 116 262 297 294 119 262 125 94 62 262 205 294 69 62 94 119 57 121 154 154 357 195 69 402 134 408 207 62 41 72 116 41 125 111 240 250 240 154 291 397 332 472 419 389 79 57 239 426 79 262 276 429 442 5 397 398 205 419 332 111 57 477 225 225 72 154 402 13 397 421 478 408 207 330 419 72 207 149 72 5 205 389 332 84 119 423 250 205 154 62 94 478 276 426 125 109 429 276 57 225 419 109 397 315 252 205 262 24 125 24 426 423 139 397 294 59 119 240 121 13 357 116 79 41 429 442 397 315 119 139 297 121 489 134 398 125 477 111 225 237 421 82 205 398 96 398 419 252 139 419 79 402 276 62 386 96 119 332 472 239 472 72 252 294 415 398 445 69 406 6 225 207 111 330 72 24 402 69 77 41 419 13 250 429 6 205 429 139 13 408 402 465 116 250 109 207 57 24 276 13 386 442 472 499 5 467 442 419 205 121 465 196 240 109 96 237 419 291 212 94 21 154 77 499 225 421 134 116 225 149 252 84 5 442 109 421 398 429 195 389 225 69 79 225 41 195 252 472 21 212 111 239 472 5 57 21 489 315 294 119 237 426 79 154 134 406 419 82 116 125 21 477 262 357 119 472 13 205 419 212 5 240 41 240 239 212 195 423 305 72 77 82 5 5 467 398 408 237 139 21 426 5 445 154 21 240 237 77 57 111 489 398 84 262 239 262 134 205 415 426 225 6 72 330 386 111 397 111 477 13 
  Facilities: 71
 5 : 24 44 223 249 374 402 423 450 462 463 471
 6 : 10 25 124 339 354 491
 13 : 26 27 237 289 351 358 369 446 499
 21 : 55 115 147 390 418 425 440 469 474
 24 : 67 86 277 279 345 367
 41 : 48 49 50 71 75 198 201 293 349 414 452
 57 : 8 186 215 230 268 366 424 478
 59 : 70 76 285
 62 : 72 138 178 183 197 259 323
 69 : 58 162 182 192 337 347 411
 72 : 62 81 199 234 245 248 331 344 459 492
 77 : 3 9 40 90 348 392 460 477
 79 : 28 93 137 214 218 292 320 412 432
 82 : 17 135 311 437 461
 84 : 65 131 144 152 253 401 482
 94 : 14 60 143 177 184 260 389
 96 : 119 157 314 325 384
 109 : 16 116 265 271 364 383 404
 111 : 53 203 229 307 342 420 479 495 497
 116 : 34 109 153 170 200 291 362 397 438
 119 : 0 2 20 41 96 174 185 254 286 298 326 429 444
 121 : 33 83 114 187 288 301 379
 125 : 18 63 148 158 176 202 264 278 305 439
 134 : 19 79 194 303 396 434 486
 139 : 121 282 299 318 357 468
 149 : 97 122 247 399
 154 : 150 160 166 188 189 207 235 258 391 433 473
 195 : 22 82 164 191 408 415 456
 196 : 381
 205 : 66 159 180 226 250 257 275 312 355 378 447 487
 207 : 54 80 142 154 196 242 246 341 365
 212 : 51 151 388 419 449 455
 225 : 56 232 233 269 308 340 394 398 410 413 490
 237 : 39 77 103 108 309 385 430 467 476
 239 : 107 149 216 329 421 454 484
 240 : 23 165 204 206 287 382 451 453 475
 250 : 73 91 205 256 352 363
 252 : 29 274 317 332 400 416
 262 : 104 163 171 175 179 219 276 442 483 485
 276 : 129 130 220 262 267 322 368
 291 : 208 387
 294 : 32 105 161 173 181 284 333 428
 297 : 43 45 95 98 117 172 300
 305 : 36 78 125 136 458
 315 : 89 273 297 427
 330 : 47 126 243 343 493
 332 : 145 210 228 252 327
 357 : 11 88 190 290 443
 386 : 324 370 494
 389 : 1 7 74 87 94 118 123 213 251 409
 397 : 168 209 224 238 272 283 296 496
 398 : 64 134 225 304 313 315 335 406 465 481
 402 : 12 52 111 193 236 321 346 360
 406 : 68 338 435
 408 : 59 110 120 132 167 195 241 359 466
 415 : 42 334 488
 419 : 106 113 139 141 212 227 244 270 316 319 350 377 386 436 448
 421 : 46 239 310 395 405
 423 : 5 21 146 255 281 457
 426 : 15 217 263 280 431 470 489
 429 : 92 221 266 294 353 356 407
 442 : 222 295 371 376 403
 445 : 69 100 336 472
 446 : 35 99
 465 : 140 361 380
 467 : 31 127 156 375 464
 472 : 30 85 211 328 330 372 417 422 445
 477 : 4 37 61 101 231 306 441 498
 478 : 6 57 169 240 261
 489 : 38 84 102 155 302 426 480
 499 : 13 112 128 133 373 393
SOLUTION:
  Value: -515880.000000
  Assigns: 316 365 229 291 299 189 354 385 64 365 112 298 229 412 285 66 109 135 125 105 181 131 195 241 354 193 120 13 298 224 246 59 64 285 229 131 21 477 291 64 218 66 415 367 385 9 193 144 228 106 189 109 199 48 144 21 162 8 181 408 246 241 66 125 8 246 143 126 290 162 59 189 13 224 269 135 59 9 246 412 354 64 195 131 131 246 365 415 64 290 367 316 299 162 260 285 195 298 354 298 367 477 125 437 109 8 415 399 9 54 66 229 229 143 109 21 109 162 228 20 246 78 385 352 8 148 189 92 235 78 193 54 408 269 189 126 229 54 131 299 131 105 135 66 54 125 235 120 125 399 477 354 112 112 189 37 365 447 125 274 54 120 352 316 120 241 229 408 291 365 125 290 105 105 112 199 125 365 298 385 477 9 415 78 224 285 241 120 148 126 92 92 126 106 298 408 352 125 120 437 299 92 92 352 285 66 131 54 291 299 54 399 290 274 144 385 126 285 193 437 9 354 354 447 181 269 105 399 365 112 131 477 246 229 48 106 447 385 112 354 224 408 385 229 246 299 120 246 143 269 131 365 274 143 241 290 162 447 189 367 64 162 399 199 125 109 299 64 241 241 241 229 228 235 64 8 54 235 125 291 112 298 193 148 9 59 112 92 21 365 89 260 120 37 181 92 408 54 218 92 144 21 229 229 290 78 477 193 126 181 367 316 20 224 120 78 412 9 399 199 412 143 131 106 126 290 92 120 189 415 126 120 37 106 415 285 37 143 224 412 218 365 189 143 13 316 189 66 131 162 241 224 162 135 148 89 412 64 316 408 299 291 54 228 109 9 135 21 447 13 241 92 298 144 299 367 109 285 126 246 105 64 447 447 269 437 246 291 447 437 21 385 224 105 148 135 126 224 64 437 316 437 193 365 54 148 20 162 241 181 125 8 316 48 109 106 199 477 8 106 112 125 477 21 437 228 447 20 135 92 120 365 437 290 189 9 126 385 299 125 21 437 260 126 162 246 13 162 229 148 399 48 218 48 260 229 195 143 89 299 291 298 385 105 131 298 298 193 148 21 246 228 437 229 193 193 92 37 299 106 112 412 228 354 105 199 106 354 415 365 241 48 269 316 365 229 354 477 477 112 
  Facilities: 60
 8 : 57 64 105 124 275 411 418
 9 : 45 77 108 181 220 284 317 365 435
 13 : 27 72 344 369 446
 20 : 119 312 406 427
 21 : 36 55 115 288 301 367 390 423 440 469
 37 : 155 293 332 336 477
 48 : 53 234 413 451 453 491
 54 : 109 131 137 144 160 207 210 276 297 362 404
 59 : 31 70 76 285
 64 : 8 32 39 81 88 260 267 274 357 381 398
 66 : 15 41 62 110 143 205 347
 78 : 121 129 183 305 315
 89 : 290 355 458
 92 : 127 190 191 201 202 287 295 299 326 371 429 476
 105 : 19 141 172 173 226 380 393 463 484
 106 : 49 193 235 323 333 415 419 479 486
 109 : 16 51 104 114 116 265 364 376 414
 112 : 10 152 153 174 229 238 280 286 420 480 499
 120 : 26 147 161 164 187 198 246 292 314 327 331 430
 125 : 18 63 102 145 148 158 170 176 197 264 278 410 421 439
 126 : 67 135 189 192 216 308 324 330 378 396 436 443
 131 : 21 35 83 84 138 140 206 230 250 322 348 464
 135 : 17 75 142 353 366 395 428
 143 : 66 113 248 253 321 337 343 457
 144 : 47 54 214 300 373
 148 : 125 188 283 354 394 405 449 468
 162 : 56 69 93 117 256 261 349 352 407 444 447
 181 : 20 58 224 294 309 409
 189 : 5 50 71 126 134 154 258 328 342 346 434
 193 : 25 46 130 218 282 307 402 467 474 475
 195 : 22 82 96 456
 199 : 52 175 263 319 416 485
 218 : 40 298 340 452
 224 : 29 73 184 240 313 338 351 392 397
 228 : 48 118 272 363 425 471 482
 229 : 2 12 34 111 112 136 166 233 243 271 302 303 448 455 473 495
 235 : 128 146 273 277
 241 : 23 61 165 186 254 268 269 270 350 370 408 490
 246 : 30 60 65 78 85 120 232 244 247 379 386 445 470
 260 : 94 291 442 454
 269 : 74 133 225 249 384 492
 274 : 159 213 252
 285 : 14 33 95 185 204 217 335 377
 290 : 68 89 171 212 255 304 325 433
 291 : 3 38 168 208 279 361 387 460
 298 : 11 28 97 99 178 194 281 372 461 465 466
 299 : 4 92 139 200 209 245 266 360 374 438 459 478
 316 : 0 91 163 311 345 358 400 412 493
 352 : 123 162 196 203
 354 : 6 24 80 98 151 221 222 239 483 487 496
 365 : 1 9 86 156 169 177 228 251 289 341 403 431 489 494
 367 : 43 90 100 259 310 375
 385 : 7 44 122 179 215 237 242 391 437 462
 399 : 107 149 211 227 262 318 450
 408 : 59 132 167 195 241 296 359
 412 : 13 79 316 320 339 356 481
 415 : 42 87 106 182 329 334 488
 437 : 103 199 219 385 389 399 401 424 432 441 472
 447 : 157 223 236 257 368 382 383 388 426
 477 : 37 101 150 180 231 306 417 422 497 498
SOLUTION:
  Value: -515891.000000
  Assigns: 370 365 385 291 299 189 354 385 64 365 112 298 376 412 285 66 109 135 125 105 362 415 195 241 354 193 120 13 370 224 246 59 64 285 291 228 111 477 439 64 218 66 415 367 385 9 193 144 228 106 189 109 199 48 144 290 151 8 181 408 246 241 66 125 8 246 143 126 290 162 59 189 13 224 269 135 59 9 246 412 354 64 195 376 144 439 365 151 64 290 367 316 299 162 260 285 195 298 354 298 367 477 125 437 109 8 415 399 362 54 66 437 385 143 109 89 362 151 228 20 246 78 385 352 376 439 189 92 235 439 276 54 408 269 189 126 92 54 362 299 109 105 135 66 54 125 235 120 125 399 477 354 112 112 189 37 365 447 125 111 54 120 352 316 120 241 228 408 291 365 125 290 105 105 112 199 125 365 439 83 370 9 415 78 224 285 241 120 148 126 92 92 126 83 362 408 352 125 120 437 299 92 92 352 285 66 354 54 291 299 54 399 151 274 151 385 126 285 193 437 276 354 354 447 181 269 370 399 439 111 144 477 246 89 48 106 447 385 112 362 439 408 385 151 246 299 120 376 143 269 352 362 274 143 241 290 162 447 189 367 64 162 276 83 125 109 299 64 241 241 241 109 228 235 64 8 54 235 125 291 112 298 193 148 9 59 112 92 189 365 89 260 120 151 181 92 83 54 218 92 144 148 399 48 290 78 477 111 126 111 83 316 20 224 120 78 412 376 399 199 412 143 370 106 126 376 92 120 189 415 126 120 37 106 415 376 37 143 224 412 218 365 189 143 13 316 189 66 9 162 241 224 162 135 148 89 412 64 316 408 299 291 54 228 370 9 135 83 276 13 241 92 298 144 299 367 83 285 126 111 105 64 447 447 269 437 370 291 447 437 228 385 224 105 111 135 126 224 64 437 316 437 111 365 54 148 20 162 241 376 125 8 316 111 109 106 199 477 8 106 362 125 477 89 437 228 447 20 135 92 120 365 370 290 189 9 126 385 362 125 439 437 376 370 162 246 13 162 195 148 399 48 439 48 260 241 195 143 89 299 291 298 385 111 8 298 298 193 148 9 246 228 437 48 193 193 92 37 111 111 112 412 228 354 105 199 106 354 415 365 241 48 269 151 83 370 354 111 477 112 
  Facilities: 65
 8 : 57 64 105 275 411 418 464
 9 : 45 77 181 284 348 365 435 469
 13 : 27 72 344 369 446
 20 : 119 312 406 427
 37 : 155 332 336 477
 48 : 53 234 303 451 453 473 491
 54 : 109 131 137 144 160 207 210 276 297 362 404
 59 : 31 70 76 285
 64 : 8 32 39 81 88 260 267 274 357 381 398
 66 : 15 41 62 110 143 205 347
 78 : 121 183 305 315
 83 : 179 193 263 296 310 367 376 494
 89 : 115 233 290 355 423 458
 92 : 127 136 190 191 201 202 287 295 299 326 371 429 476
 105 : 19 141 172 173 380 393 484
 106 : 49 235 323 333 415 419 486
 109 : 16 51 104 114 140 265 271 414
 111 : 36 159 229 307 309 379 394 402 413 463 478 479 497
 112 : 10 152 153 174 238 280 286 480 499
 120 : 26 147 161 164 187 198 246 292 314 327 331 430
 125 : 18 63 102 145 148 158 170 176 197 264 278 410 421 439
 126 : 67 135 189 192 216 308 324 330 378 396 436
 135 : 17 75 142 353 366 395 428
 143 : 66 113 248 253 321 337 343 457
 144 : 47 54 84 230 300 373
 148 : 188 283 301 354 405 449 468
 151 : 56 87 117 212 214 243 293 493
 162 : 69 93 256 261 349 352 407 444 447
 181 : 58 224 294
 189 : 5 50 71 126 134 154 258 288 328 342 346 434
 193 : 25 46 218 282 467 474 475
 195 : 22 82 96 448 456
 199 : 52 175 319 416 485
 218 : 40 298 340
 224 : 29 73 184 313 338 351 392 397
 228 : 35 48 118 166 272 363 390 425 471 482
 235 : 128 146 273 277
 241 : 23 61 165 186 254 268 269 270 350 370 408 455 490
 246 : 30 60 65 78 120 232 244 445 470
 260 : 94 291 454
 269 : 74 133 225 249 384 492
 274 : 213 252
 276 : 130 220 262 368
 285 : 14 33 95 185 204 217 377
 290 : 55 68 89 171 255 304 433
 291 : 3 34 168 208 279 361 387 460
 298 : 11 97 99 281 372 461 465 466
 299 : 4 92 139 200 209 245 266 360 374 459
 316 : 91 163 311 345 358 400 412
 352 : 123 162 196 203 250
 354 : 6 24 80 98 151 206 221 222 483 487 496
 362 : 20 108 116 138 194 239 251 420 438
 365 : 1 9 86 156 169 177 289 341 403 431 489
 367 : 43 90 100 259 375
 370 : 0 28 180 226 322 364 386 432 443 495
 376 : 12 83 124 247 317 325 335 409 442
 385 : 2 7 44 112 122 215 237 242 391 437 462
 399 : 107 149 211 227 302 318 450
 408 : 59 132 167 195 241 359
 412 : 13 79 316 320 339 356 481
 415 : 21 42 106 182 329 334 488
 437 : 103 111 199 219 385 389 399 401 424 441 472
 439 : 38 85 125 129 178 228 240 440 452
 447 : 157 223 236 257 382 383 388 426
 477 : 37 101 150 231 306 417 422 498
SOLUTION:
  Value: -515906.000000
  Assigns: 316 365 229 291 299 189 354 385 64 365 112 298 229 412 285 66 109 135 125 105 181 131 195 241 354 193 120 13 298 224 246 59 64 285 229 131 285 477 291 64 218 66 415 367 385 9 193 144 228 106 189 109 199 48 144 290 162 8 181 408 246 241 66 125 8 246 143 126 290 162 59 189 13 224 269 135 59 9 246 412 354 64 195 131 131 246 365 415 64 290 367 316 299 162 260 285 195 298 354 298 367 477 125 437 109 8 415 399 9 54 66 229 229 143 109 89 109 162 228 20 246 78 385 352 8 148 189 92 235 78 193 54 408 269 189 126 229 54 131 299 131 105 135 66 54 125 235 120 125 399 477 354 112 112 189 37 365 447 125 274 54 120 352 316 120 241 229 408 291 365 125 290 105 105 112 199 125 365 298 385 477 9 415 78 224 285 241 120 148 126 92 92 126 106 298 408 352 125 120 437 299 92 92 352 285 66 131 54 291 299 54 399 290 274 144 385 126 285 193 437 9 354 354 447 181 269 105 399 365 112 131 477 246 229 48 106 447 385 112 354 224 408 385 229 246 299 120 246 143 269 131 365 274 143 241 290 162 447 189 367 64 162 399 199 125 109 299 64 241 241 241 229 228 235 64 8 54 235 125 291 112 298 193 148 9 59 112 92 189 365 89 260 120 37 181 92 408 54 218 92 144 148 229 229 290 78 477 193 126 181 367 316 20 224 120 78 412 9 399 199 412 143 131 106 126 290 92 120 189 415 126 120 37 106 415 285 37 143 224 412 218 365 189 143 13 316 189 66 131 162 241 224 162 135 148 89 412 64 316 408 299 291 54 228 109 9 135 290 447 13 241 92 298 144 299 367 109 285 126 246 105 64 447 447 269 437 246 291 447 437 228 385 224 105 148 135 126 224 64 437 316 437 193 365 54 148 20 162 241 181 125 8 316 48 109 106 199 477 8 106 112 125 477 89 437 228 447 20 135 92 120 365 437 290 189 9 126 385 299 125 228 437 260 126 162 246 13 162 229 148 399 48 218 48 260 229 195 143 89 299 291 298 385 105 131 298 298 193 148 229 246 228 437 229 193 193 92 37 299 106 112 412 228 354 105 199 106 354 415 365 241 48 269 316 365 229 354 477 477 112 
  Facilities: 59
 8 : 57 64 105 124 275 411 418
 9 : 45 77 108 181 220 284 317 365 435
 13 : 27 72 344 369 446
 20 : 119 312 406 427
 37 : 155 293 332 336 477
 48 : 53 234 413 451 453 491
 54 : 109 131 137 144 160 207 210 276 297 362 404
 59 : 31 70 76 285
 64 : 8 32 39 81 88 260 267 274 357 381 398
 66 : 15 41 62 110 143 205 347
 78 : 121 129 183 305 315
 89 : 115 290 355 423 458
 92 : 127 190 191 201 202 287 295 299 326 371 429 476
 105 : 19 141 172 173 226 380 393 463 484
 106 : 49 193 235 323 333 415 419 479 486
 109 : 16 51 104 114 116 265 364 376 414
 112 : 10 152 153 174 229 238 280 286 420 480 499
 120 : 26 147 161 164 187 198 246 292 314 327 331 430
 125 : 18 63 102 145 148 158 170 176 197 264 278 410 421 439
 126 : 67 135 189 192 216 308 324 330 378 396 436 443
 131 : 21 35 83 84 138 140 206 230 250 322 348 464
 135 : 17 75 142 353 366 395 428
 143 : 66 113 248 253 321 337 343 457
 144 : 47 54 214 300 373
 148 : 125 188 283 301 354 394 405 449 468
 162 : 56 69 93 117 256 261 349 352 407 444 447
 181 : 20 58 224 294 309 409
 189 : 5 50 71 126 134 154 258 288 328 342 346 434
 193 : 25 46 130 218 282 307 402 467 474 475
 195 : 22 82 96 456
 199 : 52 175 263 319 416 485
 218 : 40 298 340 452
 224 : 29 73 184 240 313 338 351 392 397
 228 : 48 118 272 363 390 425 440 471 482
 229 : 2 12 34 111 112 136 166 233 243 271 302 303 448 455 469 473 495
 235 : 128 146 273 277
 241 : 23 61 165 186 254 268 269 270 350 370 408 490
 246 : 30 60 65 78 85 120 232 244 247 379 386 445 470
 260 : 94 291 442 454
 269 : 74 133 225 249 384 492
 274 : 159 213 252
 285 : 14 33 36 95 185 204 217 335 377
 290 : 55 68 89 171 212 255 304 325 367 433
 291 : 3 38 168 208 279 361 387 460
 298 : 11 28 97 99 178 194 281 372 461 465 466
 299 : 4 92 139 200 209 245 266 360 374 438 459 478
 316 : 0 91 163 311 345 358 400 412 493
 352 : 123 162 196 203
 354 : 6 24 80 98 151 221 222 239 483 487 496
 365 : 1 9 86 156 169 177 228 251 289 341 403 431 489 494
 367 : 43 90 100 259 310 375
 385 : 7 44 122 179 215 237 242 391 437 462
 399 : 107 149 211 227 262 318 450
 408 : 59 132 167 195 241 296 359
 412 : 13 79 316 320 339 356 481
 415 : 42 87 106 182 329 334 488
 437 : 103 199 219 385 389 399 401 424 432 441 472
 447 : 157 223 236 257 368 382 383 388 426
 477 : 37 101 150 180 231 306 417 422 497 498
SOLUTION:
  Value: -515942.000000
  Assigns: 428 471 227 99 299 471 16 284 464 284 18 398 2 258 265 471 109 144 8 105 454 115 99 133 454 99 99 16 320 425 308 265 464 458 146 180 428 464 71 146 287 459 335 258 2 287 303 163 303 192 284 109 474 464 404 52 464 424 16 398 153 144 323 56 398 474 454 174 174 424 109 99 459 454 269 304 80 192 95 133 95 146 18 144 144 2 299 464 299 115 18 95 299 284 14 133 398 428 404 71 474 400 153 71 109 141 323 192 163 16 304 115 153 287 109 99 153 99 428 174 303 105 192 398 80 18 308 284 258 122 459 464 16 95 303 428 16 284 227 299 16 105 122 122 398 323 304 56 16 122 52 56 42 458 258 318 464 404 153 323 304 318 56 265 2 335 304 71 14 474 192 141 105 105 459 199 471 323 115 52 115 95 265 284 320 299 318 323 199 71 308 320 458 474 424 115 95 115 287 52 308 180 14 454 80 180 14 80 287 299 163 424 99 303 454 109 335 454 163 425 458 133 320 163 133 398 304 2 425 303 428 42 115 303 18 146 323 95 398 56 287 269 258 320 80 299 105 318 404 133 52 217 398 153 269 471 323 16 424 269 454 141 163 141 141 458 318 217 192 133 146 109 227 304 115 8 18 95 404 269 153 398 2 428 287 95 458 284 471 217 304 265 320 180 284 115 425 95 99 459 144 2 217 80 146 287 287 42 454 459 146 18 474 398 122 398 18 80 454 199 133 16 18 335 424 458 16 99 71 323 180 42 2 454 287 42 424 284 265 180 258 14 52 192 424 424 133 217 42 105 71 428 404 424 80 99 425 153 163 146 133 474 458 71 109 42 258 320 258 109 180 323 265 144 299 192 335 18 454 52 105 146 284 227 269 122 180 323 471 304 287 115 122 105 258 133 146 287 335 227 109 265 52 459 425 2 16 146 428 400 299 146 320 163 109 42 199 227 8 227 308 404 115 146 115 464 303 192 146 287 424 146 287 323 2 303 284 424 299 335 323 320 146 258 80 304 99 284 265 144 404 308 308 71 318 284 304 458 265 174 474 95 16 318 425 398 80 464 400 269 217 95 144 287 52 471 122 180 299 144 2 163 80 304 471 174 458 14 284 299 163 105 471 174 180 299 458 284 424 133 
  Facilities: 53
 2 : 12 44 85 164 227 282 301 332 405 434 480
 8 : 18 275 418
 14 : 94 168 202 206 341 487
 16 : 6 27 58 109 132 136 140 148 257 321 326 406 462
 18 : 10 82 90 125 234 276 311 316 322 377
 42 : 152 231 307 331 335 348 365 415
 52 : 55 150 179 199 250 342 379 402 474
 56 : 63 147 151 162 239
 71 : 38 99 103 167 189 328 350 363 453
 80 : 76 124 204 207 244 303 317 354 444 466 482
 95 : 78 80 91 133 181 196 237 277 285 297 461 471
 99 : 3 22 25 26 71 115 117 212 298 327 355 446
 105 : 19 121 141 172 173 246 349 380 393 491
 109 : 16 51 70 104 114 215 271 364 369 400 414
 115 : 21 89 111 178 180 195 197 232 274 295 391 422 424
 122 : 129 142 143 149 314 385 392 476
 133 : 23 79 95 221 224 249 269 320 346 360 395 499
 141 : 105 171 261 263 264
 144 : 17 61 83 84 300 373 449 472 479
 146 : 34 39 81 235 270 304 310 359 381 396 407 411 423 428 431 442
 153 : 60 102 112 116 158 253 280 357
 163 : 47 108 210 218 223 262 358 413 481 490
 174 : 67 68 119 459 485 493
 180 : 35 201 205 293 330 339 370 386 477 494
 192 : 49 77 107 122 170 268 343 375 427
 199 : 175 188 319 416
 217 : 251 267 289 302 347 470
 227 : 2 138 272 383 399 417 419
 258 : 13 43 128 154 242 340 366 368 394 443
 265 : 14 31 163 182 291 338 372 401 448 458
 269 : 74 241 254 259 279 384 469
 284 : 7 9 50 93 127 137 183 287 294 337 382 436 447 455 488 497
 287 : 40 45 113 198 208 240 284 305 306 334 390 397 429 432 473
 299 : 4 86 88 92 139 185 209 245 374 410 438 478 489 495
 303 : 46 48 120 134 213 229 233 426 435
 304 : 75 110 146 160 166 226 273 290 389 445 456 483
 308 : 30 126 190 200 420 451 452
 318 : 155 161 186 247 266 454 463
 320 : 28 184 191 222 243 292 367 412 441
 323 : 62 106 145 159 177 187 236 256 329 371 387 433 440
 335 : 42 165 216 323 376 398 439
 398 : 11 59 64 96 123 144 225 238 252 281 313 315 465
 400 : 101 409 468
 404 : 54 98 157 248 278 352 421 450
 424 : 57 69 194 211 258 324 336 344 345 353 430 437 498
 425 : 29 219 228 296 356 404 464
 428 : 0 36 97 118 135 230 283 351 408
 454 : 20 24 66 73 203 214 217 260 308 318 333 378
 458 : 33 153 192 220 265 286 325 362 457 486 496
 459 : 41 72 130 174 299 309 403
 464 : 8 32 37 53 56 87 131 156 425 467
 471 : 1 5 15 176 255 288 388 475 484 492
 474 : 52 65 100 169 193 312 361 460
SOLUTION:
  Value: -515945.000000
  Assigns: 493 365 44 77 144 24 446 385 464 365 112 298 411 446 81 340 109 135 8 105 408 390 195 214 367 193 120 493 222 149 246 340 194 464 229 228 222 464 464 44 287 66 335 367 385 287 193 384 228 214 189 109 385 464 144 290 214 215 365 408 153 144 66 287 8 246 8 126 290 411 59 189 81 464 54 135 214 3 246 292 466 287 195 193 144 456 365 464 64 290 367 228 287 352 260 78 327 298 485 446 367 290 153 81 109 273 415 81 273 271 66 229 153 287 493 89 153 446 228 20 292 78 385 352 6 148 189 92 229 276 276 464 408 352 194 126 229 54 6 126 109 105 135 66 54 149 81 120 109 399 3 493 384 112 189 37 464 464 153 274 54 120 352 415 120 335 214 408 194 365 37 290 105 493 485 161 148 390 411 385 6 292 415 78 224 135 24 222 327 126 92 92 126 153 298 408 222 81 120 437 144 390 92 352 44 66 153 54 287 229 485 399 290 274 144 385 126 390 340 194 276 24 78 44 148 340 105 399 390 271 3 384 246 215 415 273 44 385 112 149 287 408 385 229 246 222 120 246 385 193 390 273 274 153 456 273 271 327 189 367 64 194 276 485 215 109 193 64 215 384 77 229 228 105 64 8 54 24 287 24 153 298 81 81 485 335 112 81 189 365 89 3 120 340 161 92 408 54 466 92 144 485 229 229 273 287 260 193 126 411 214 384 153 224 120 273 493 81 161 271 292 195 276 335 126 290 92 120 189 415 126 120 327 106 287 493 161 456 224 6 218 384 189 340 390 24 485 66 77 105 89 224 493 135 6 89 195 64 271 408 149 54 54 228 109 228 340 24 276 109 493 214 446 144 271 367 335 214 126 246 105 64 340 54 218 215 340 493 214 273 390 385 77 105 148 292 126 224 64 149 485 437 193 194 54 273 3 92 195 408 215 456 105 148 109 106 214 194 8 106 485 228 271 89 437 464 446 215 135 287 390 485 437 290 189 214 126 385 112 493 77 437 260 126 335 246 193 292 273 148 399 149 456 437 260 229 485 215 153 81 77 298 214 3 8 298 298 193 148 215 246 485 161 229 193 493 92 37 6 106 273 327 228 292 105 390 106 215 415 365 222 105 78 335 273 229 493 3 37 112 
  Facilities: 69
 3 : 77 150 230 291 406 463 497
 6 : 124 138 180 339 354 478
 8 : 18 64 66 275 418 464
 20 : 119
 24 : 5 186 221 277 279 345 367
 37 : 155 170 477 498
 44 : 2 39 204 223 236
 54 : 74 137 144 160 207 276 297 361 362 383 404
 59 : 70
 64 : 88 260 267 274 357 381 398
 66 : 41 62 110 143 205 347
 77 : 3 270 348 392 440 460
 78 : 95 121 183 222 492
 81 : 14 72 103 107 146 197 282 283 287 317 459
 89 : 115 290 350 355 423
 92 : 127 190 191 202 295 299 326 407 476
 105 : 19 141 172 226 273 349 380 393 412 484 491
 106 : 333 415 419 479 486
 109 : 16 51 104 140 148 265 364 369 414
 112 : 10 153 238 286 438 499
 120 : 26 147 161 164 198 246 292 314 327 331
 126 : 67 135 139 189 192 216 308 324 330 378 396 436 443
 135 : 17 75 142 185 353 428
 144 : 4 54 61 84 200 214 300 373
 148 : 125 176 224 394 413 449 468
 149 : 29 145 239 360 399 451
 153 : 60 102 112 116 158 193 206 253 280 312 458
 161 : 175 294 318 336 472
 189 : 50 71 126 154 258 288 328 342 434
 193 : 25 46 83 249 266 307 402 446 467 474
 194 : 32 134 168 219 261 403 417
 195 : 22 82 321 356 408
 214 : 23 49 56 76 166 310 371 377 388 416 435 462
 215 : 57 233 264 268 385 410 427 457 469 487
 218 : 340 384
 222 : 28 36 187 196 245 490
 224 : 184 313 338 351 397
 228 : 35 48 91 118 272 363 365 421 482
 229 : 34 111 128 136 209 243 271 302 303 455 473 495
 246 : 30 65 78 232 244 247 379 445 470
 260 : 94 306 442 454
 271 : 109 229 256 319 358 374 422
 273 : 105 108 235 251 255 304 315 389 405 448 480 494
 274 : 159 213 252
 276 : 129 130 220 262 322 368
 287 : 40 45 63 81 92 113 208 240 278 305 334 429
 290 : 55 68 89 101 171 212 325 433
 292 : 79 120 181 320 395 447 483
 298 : 11 97 194 281 461 465 466
 327 : 96 188 257 332 481
 335 : 42 165 285 323 376 444 493
 340 : 15 31 218 225 293 343 366 382 386
 352 : 93 123 133 162 203
 365 : 1 9 58 86 169 289 489
 367 : 24 43 90 100 259 375
 384 : 47 152 231 269 311 341
 385 : 7 44 52 122 179 215 237 242 248 391 437
 390 : 21 177 201 217 228 250 344 390 430 485
 399 : 149 211 227 450
 408 : 20 59 132 167 195 241 296 359 409
 411 : 12 69 178 309
 415 : 106 163 182 234 329 488
 437 : 199 401 424 432 441 453
 446 : 6 13 99 117 372 426
 456 : 85 254 337 411 452
 464 : 8 33 37 38 53 73 87 131 156 157 425
 466 : 80 298
 485 : 98 174 210 263 284 301 346 400 420 431 456 471
 493 : 0 27 114 151 173 316 335 352 370 387 439 475 496
