# Time: 1.510000
# Elapsed: 1.358756
# Input_file: splp/Euclid/1711EuclS.txt
# Pool_size: 200
# Iterations: 27
# Final_solutions: 4946
# Vision_range: 0
# Reduction_mode: REDUCTION_RANDOM
SOLUTION:
  Value: -101640.000000
  Assigns: 59 7 23 13 23 38 78 7 59 26 10 11 10 13 30 81 26 30 81 53 26 10 30 23 51 11 26 81 51 13 30 13 23 38 78 7 51 39 38 39 23 86 71 53 38 26 71 39 53 78 38 51 71 53 86 86 64 10 30 59 26 51 39 30 64 11 11 59 39 26 86 71 23 78 10 51 59 23 78 51 39 81 53 10 11 71 86 13 11 59 23 13 53 51 10 10 7 23 53 26 
  Facilities: 17
 7 : 1 7 35 96
 10 : 10 12 21 57 74 83 94 95
 11 : 11 25 65 66 84 88
 13 : 3 13 29 31 87 91
 23 : 2 4 23 32 40 72 77 90 97
 26 : 9 16 20 26 45 60 69 99
 30 : 14 17 22 30 58 63
 38 : 5 33 38 44 50
 39 : 37 39 47 62 68 80
 51 : 24 28 36 51 61 75 79 93
 53 : 19 43 48 53 82 92 98
 59 : 0 8 59 67 76 89
 64 : 56 64
 71 : 42 46 52 71 85
 78 : 6 34 49 73 78
 81 : 15 18 27 81
 86 : 41 54 55 70 86
SOLUTION:
  Value: -102792.000000
  Assigns: 59 7 23 13 23 38 34 7 59 26 10 11 10 13 30 81 26 30 81 34 26 10 30 23 51 11 26 81 51 13 30 13 23 38 34 7 51 39 38 39 23 86 71 34 38 26 71 39 34 34 38 51 71 34 86 86 64 10 30 59 26 51 39 30 64 11 11 59 39 26 86 71 23 34 10 51 59 23 34 51 39 81 38 10 11 71 86 13 11 59 23 13 38 51 10 10 7 23 34 26 
  Facilities: 16
 7 : 1 7 35 96
 10 : 10 12 21 57 74 83 94 95
 11 : 11 25 65 66 84 88
 13 : 3 13 29 31 87 91
 23 : 2 4 23 32 40 72 77 90 97
 26 : 9 16 20 26 45 60 69 99
 30 : 14 17 22 30 58 63
 34 : 6 19 34 43 48 49 53 73 78 98
 38 : 5 33 38 44 50 82 92
 39 : 37 39 47 62 68 80
 51 : 24 28 36 51 61 75 79 93
 59 : 0 8 59 67 76 89
 64 : 56 64
 71 : 42 46 52 71 85
 81 : 15 18 27 81
 86 : 41 54 55 70 86
SOLUTION:
  Value: -103647.000000
  Assigns: 59 7 23 13 23 38 78 7 59 26 10 11 10 13 30 81 26 30 81 78 26 10 30 23 51 11 26 81 51 13 30 13 23 38 78 7 51 39 38 39 23 86 71 78 38 26 71 39 78 78 38 51 71 78 86 86 64 10 30 59 26 51 39 30 64 11 11 59 39 26 86 71 23 78 10 51 59 23 78 51 39 81 38 10 11 71 86 13 11 59 23 13 38 51 10 10 7 23 78 26 
  Facilities: 16
 7 : 1 7 35 96
 10 : 10 12 21 57 74 83 94 95
 11 : 11 25 65 66 84 88
 13 : 3 13 29 31 87 91
 23 : 2 4 23 32 40 72 77 90 97
 26 : 9 16 20 26 45 60 69 99
 30 : 14 17 22 30 58 63
 38 : 5 33 38 44 50 82 92
 39 : 37 39 47 62 68 80
 51 : 24 28 36 51 61 75 79 93
 59 : 0 8 59 67 76 89
 64 : 56 64
 71 : 42 46 52 71 85
 78 : 6 19 34 43 48 49 53 73 78 98
 81 : 15 18 27 81
 86 : 41 54 55 70 86
SOLUTION:
  Value: -105328.000000
  Assigns: 59 7 23 13 23 38 82 7 59 26 10 11 10 13 30 81 26 30 81 82 26 10 30 23 51 11 26 81 51 13 30 13 23 38 82 7 51 39 38 39 23 86 71 82 38 26 71 39 82 82 38 51 71 82 86 86 64 10 30 59 26 51 39 30 64 11 11 59 39 26 86 71 23 82 10 51 59 23 82 51 39 81 82 10 11 71 86 13 11 59 23 13 82 51 10 10 7 23 82 26 
  Facilities: 16
 7 : 1 7 35 96
 10 : 10 12 21 57 74 83 94 95
 11 : 11 25 65 66 84 88
 13 : 3 13 29 31 87 91
 23 : 2 4 23 32 40 72 77 90 97
 26 : 9 16 20 26 45 60 69 99
 30 : 14 17 22 30 58 63
 38 : 5 33 38 44 50
 39 : 37 39 47 62 68 80
 51 : 24 28 36 51 61 75 79 93
 59 : 0 8 59 67 76 89
 64 : 56 64
 71 : 42 46 52 71 85
 81 : 15 18 27 81
 82 : 6 19 34 43 48 49 53 73 78 82 92 98
 86 : 41 54 55 70 86
SOLUTION:
  Value: -106321.000000
  Assigns: 15 35 90 13 90 33 98 35 15 20 60 25 60 13 17 15 20 17 15 98 20 60 17 90 51 25 20 15 51 13 17 13 39 33 98 35 51 39 33 39 90 39 33 98 33 60 33 39 98 98 98 51 33 98 35 35 20 25 17 15 60 51 39 17 20 25 25 15 39 20 33 33 90 98 60 51 15 90 98 51 39 15 98 60 25 33 35 13 25 15 90 13 98 51 60 60 35 90 98 20 
  Facilities: 12
 13 : 3 13 29 31 87 91
 15 : 0 8 15 18 27 59 67 76 81 89
 17 : 14 17 22 30 58 63
 20 : 9 16 20 26 56 64 69 99
 25 : 11 25 57 65 66 84 88
 33 : 5 33 38 42 44 46 52 70 71 85
 35 : 1 7 35 54 55 86 96
 39 : 32 37 39 41 47 62 68 80
 51 : 24 28 36 51 61 75 79 93
 60 : 10 12 21 45 60 74 83 94 95
 90 : 2 4 23 40 72 77 90 97
 98 : 6 19 34 43 48 49 50 53 73 78 82 92 98
SOLUTION:
  Value: -106452.000000
  Assigns: 81 55 23 23 23 38 48 55 81 26 10 11 10 23 30 81 26 30 81 48 26 10 30 23 51 11 26 81 51 48 30 26 23 38 48 55 51 39 38 39 23 55 71 48 38 26 71 39 48 48 38 51 71 48 55 55 26 10 30 38 26 51 39 30 26 11 11 81 39 26 39 71 23 48 10 51 38 23 48 51 39 81 48 10 11 71 55 23 11 81 23 39 38 51 10 10 55 23 48 26 
  Facilities: 12
 10 : 10 12 21 57 74 83 94 95
 11 : 11 25 65 66 84 88
 23 : 2 3 4 13 23 32 40 72 77 87 90 97
 26 : 9 16 20 26 31 45 56 60 64 69 99
 30 : 14 17 22 30 58 63
 38 : 5 33 38 44 50 59 76 92
 39 : 37 39 47 62 68 70 80 91
 48 : 6 19 29 34 43 48 49 53 73 78 82 98
 51 : 24 28 36 51 61 75 79 93
 55 : 1 7 35 41 54 55 86 96
 71 : 42 46 52 71 85
 81 : 0 8 15 18 27 67 81 89
SOLUTION:
  Value: -106528.000000
  Assigns: 59 35 40 13 40 59 73 35 59 99 21 11 94 13 63 59 99 63 18 53 99 21 63 40 51 25 99 18 51 13 63 99 39 71 73 35 51 39 53 39 40 39 18 53 71 99 71 39 53 73 53 51 71 53 35 35 99 21 63 59 94 51 39 63 99 11 25 59 39 99 53 71 39 73 21 51 59 40 73 51 39 18 53 21 25 71 35 13 11 59 40 13 53 51 94 21 35 40 53 99 
  Facilities: 16
 11 : 11 65 88
 13 : 3 13 29 87 91
 18 : 18 27 42 81
 21 : 10 21 57 74 83 95
 25 : 25 66 84
 35 : 1 7 35 54 55 86 96
 39 : 32 37 39 41 47 62 68 72 80
 40 : 2 4 23 40 77 90 97
 51 : 24 28 36 51 61 75 79 93
 53 : 19 38 43 48 50 53 70 82 92 98
 59 : 0 5 8 15 59 67 76 89
 63 : 14 17 22 30 58 63
 71 : 33 44 46 52 71 85
 73 : 6 34 49 73 78
 94 : 12 60 94
 99 : 9 16 20 26 31 45 56 64 69 99
SOLUTION:
  Value: -106894.000000
  Assigns: 15 54 90 13 91 33 19 54 8 20 10 66 12 13 30 15 20 30 15 19 20 10 30 90 36 66 20 15 36 91 30 31 90 33 19 54 36 91 33 91 90 54 46 19 33 20 46 90 19 19 19 36 33 19 54 54 31 10 30 8 12 36 91 30 31 66 66 8 91 20 33 46 90 19 10 8 8 90 12 36 91 15 19 10 66 33 54 13 66 8 90 91 19 36 12 10 54 90 19 20 
  Facilities: 16
 8 : 8 59 67 75 76 89
 10 : 10 21 57 74 83 95
 12 : 12 60 78 94
 13 : 3 13 87
 15 : 0 15 18 27 81
 19 : 6 19 34 43 48 49 50 53 73 82 92 98
 20 : 9 16 20 26 45 69 99
 30 : 14 17 22 30 58 63
 31 : 31 56 64
 33 : 5 33 38 44 52 70 85
 36 : 24 28 36 51 61 79 93
 46 : 42 46 71
 54 : 1 7 35 41 54 55 86 96
 66 : 11 25 65 66 84 88
 90 : 2 23 32 40 47 72 77 90 97
 91 : 4 29 37 39 62 68 80 91
SOLUTION:
  Value: -107104.000000
  Assigns: 15 35 90 13 90 76 98 35 76 60 60 25 60 13 17 15 60 17 15 98 60 60 17 90 51 25 60 15 51 13 17 13 39 33 98 35 51 39 33 39 90 39 33 98 33 60 33 39 98 98 98 51 33 98 35 35 13 25 17 76 60 51 39 17 13 25 25 76 39 60 33 33 90 98 60 51 76 90 98 51 39 15 98 60 25 33 35 13 25 15 90 13 98 51 60 60 35 90 98 13 
  Facilities: 12
 13 : 3 13 29 31 56 64 87 91 99
 15 : 0 15 18 27 81 89
 17 : 14 17 22 30 58 63
 25 : 11 25 57 65 66 84 88
 33 : 33 38 42 44 46 52 70 71 85
 35 : 1 7 35 54 55 86 96
 39 : 32 37 39 41 47 62 68 80
 51 : 24 28 36 51 61 75 79 93
 60 : 9 10 12 16 20 21 26 45 60 69 74 83 94 95
 76 : 5 8 59 67 76
 90 : 2 4 23 40 72 77 90 97
 98 : 6 19 34 43 48 49 50 53 73 78 82 92 98
SOLUTION:
  Value: -107647.000000
  Assigns: 15 46 90 13 80 33 19 41 8 20 10 66 12 13 30 15 20 30 15 19 20 10 30 90 61 66 20 15 61 91 30 31 80 33 19 41 61 80 33 80 90 41 46 19 33 20 46 80 19 19 19 61 33 19 41 41 31 10 30 8 12 61 80 30 31 66 66 8 80 20 41 46 80 19 10 8 8 90 12 8 80 15 19 10 66 33 41 13 66 8 90 91 19 61 12 10 46 90 19 20 
  Facilities: 17
 8 : 8 59 67 75 76 79 89
 10 : 10 21 57 74 83 95
 12 : 12 60 78 94
 13 : 3 13 87
 15 : 0 15 18 27 81
 19 : 6 19 34 43 48 49 50 53 73 82 92 98
 20 : 9 16 20 26 45 69 99
 30 : 14 17 22 30 58 63
 31 : 31 56 64
 33 : 5 33 38 44 52 85
 41 : 7 35 41 54 55 70 86
 46 : 1 42 46 71 96
 61 : 24 28 36 51 61 93
 66 : 11 25 65 66 84 88
 80 : 4 32 37 39 47 62 68 72 80
 90 : 2 23 40 77 90 97
 91 : 29 91
