# Time: 32.779999
# Elapsed: 7.914698
# Input_file: pmedian/pmed/pmed10.txt
# Pool_size: 400
# Iterations: 67
# Final_solutions: 26600
# Vision_range: 0
# Reduction_mode: REDUCTION_RANDOM
SOLUTION:
  Value: -1990.000000
  Assigns: 152 59 77 3 4 5 77 7 20 84 12 11 12 86 38 16 16 16 177 20 20 86 22 190 79 190 120 27 27 22 120 59 157 33 33 33 102 38 38 39 40 177 152 121 118 40 177 20 20 12 51 51 52 53 152 12 56 168 59 59 7 59 62 62 92 79 4 168 12 3 190 173 86 4 4 20 177 77 79 79 80 81 22 81 84 84 86 168 152 152 152 20 92 93 94 94 96 166 4 22 94 22 102 12 149 175 106 106 79 79 102 102 168 16 16 115 157 190 118 118 120 121 122 123 11 125 149 127 22 86 86 38 133 133 134 135 133 12 81 125 27 27 81 143 144 94 94 106 40 149 20 151 152 152 151 38 38 157 157 20 20 188 79 163 164 165 166 188 168 152 190 188 94 173 174 175 168 177 79 53 190 79 182 183 184 185 120 188 188 86 190 157 40 52 168 166 118 198 198 199 
  Facilities: 66
 3 : 3 69
 4 : 4 66 73 74 98
 5 : 5
 7 : 7 60
 11 : 11 124
 12 : 10 12 49 55 68 103 137
 16 : 15 16 17 113 114
 20 : 8 19 20 47 48 75 91 150 159 160
 22 : 22 29 82 99 101 128
 27 : 27 28 140 141
 33 : 33 34 35
 38 : 14 37 38 131 155 156
 39 : 39
 40 : 40 45 148 192
 51 : 50 51
 52 : 52 193
 53 : 53 179
 56 : 56
 59 : 1 31 58 59 61
 62 : 62 63
 77 : 2 6 77
 79 : 24 65 78 79 108 109 162 178 181
 80 : 80
 81 : 81 83 138 142
 84 : 9 84 85
 86 : 13 21 72 86 129 130 189
 92 : 64 92
 93 : 93
 94 : 94 95 100 145 146 172
 96 : 96
 102 : 36 102 110 111
 106 : 106 107 147
 115 : 115
 118 : 44 118 119 196
 120 : 26 30 120 186
 121 : 43 121
 122 : 122
 123 : 123
 125 : 125 139
 127 : 127
 133 : 132 133 136
 134 : 134
 135 : 135
 143 : 143
 144 : 144
 149 : 104 126 149
 151 : 151 154
 152 : 0 42 54 88 89 90 152 153 169
 157 : 32 116 157 158 191
 163 : 163
 164 : 164
 165 : 165
 166 : 97 166 195
 168 : 57 67 87 112 168 176 194
 173 : 71 173
 174 : 174
 175 : 105 175
 177 : 18 41 46 76 177
 182 : 182
 183 : 183
 184 : 184
 185 : 185
 188 : 161 167 171 187 188
 190 : 23 25 70 117 170 180 190
 198 : 197 198
 199 : 199
SOLUTION:
  Value: -2022.000000
  Assigns: 88 59 2 69 73 154 88 178 159 9 10 22 12 21 14 16 16 16 171 159 159 21 22 180 24 25 69 140 140 29 29 59 59 91 91 91 111 38 38 38 168 41 42 43 118 45 171 159 91 12 51 51 140 159 88 12 168 168 59 59 178 59 62 62 64 178 159 111 12 69 180 94 21 73 73 180 171 77 78 178 178 84 22 84 84 84 86 87 88 89 88 91 64 168 94 95 133 97 73 29 95 22 38 12 126 105 106 189 94 94 111 111 168 140 140 51 12 117 118 118 69 43 122 123 124 125 126 127 29 129 86 131 10 133 133 133 133 12 94 139 140 140 14 143 144 146 146 106 168 168 159 154 88 88 154 38 38 12 159 159 160 171 94 118 118 171 171 171 168 88 171 171 94 94 51 175 168 171 178 14 180 178 182 29 168 185 185 171 171 189 180 192 192 140 111 195 196 197 197 88 
  Facilities: 67
 2 : 2
 9 : 9
 10 : 10 132
 12 : 12 49 55 68 103 116 137 157
 14 : 14 142 179
 16 : 15 16 17
 21 : 13 21 72
 22 : 11 22 82 101
 24 : 24
 25 : 25
 29 : 29 30 99 128 183
 38 : 37 38 39 102 155 156
 41 : 41
 42 : 42
 43 : 43 121
 45 : 45
 51 : 50 51 115 174
 59 : 1 31 32 58 59 61
 62 : 62 63
 64 : 64 92
 69 : 3 26 69 120
 73 : 4 73 74 98
 77 : 77
 78 : 78
 84 : 81 83 84 85
 86 : 86 130
 87 : 87
 88 : 0 6 54 88 90 152 153 169 199
 89 : 89
 91 : 33 34 35 48 91
 94 : 71 94 108 109 138 162 172 173
 95 : 95 100
 97 : 97
 105 : 105
 106 : 106 147
 111 : 36 67 110 111 194
 117 : 117
 118 : 44 118 119 163 164
 122 : 122
 123 : 123
 124 : 124
 125 : 125
 126 : 104 126
 127 : 127
 129 : 129
 131 : 131
 133 : 96 133 134 135 136
 139 : 139
 140 : 27 28 52 113 114 140 141 193
 143 : 143
 144 : 144
 146 : 145 146
 154 : 5 151 154
 159 : 8 19 20 47 53 66 150 158 159
 160 : 160
 168 : 40 56 57 93 112 148 149 168 176 184
 171 : 18 46 76 161 165 166 167 170 171 177 187 188
 175 : 175
 178 : 7 60 65 79 80 178 181
 180 : 23 70 75 180 190
 182 : 182
 185 : 185 186
 189 : 107 189
 192 : 191 192
 195 : 195
 196 : 196
 197 : 197 198
SOLUTION:
  Value: -2025.000000
  Assigns: 152 59 77 3 4 5 77 7 33 84 12 11 12 86 38 16 16 16 177 33 33 86 22 190 79 190 120 27 27 22 120 59 157 33 33 33 102 38 38 39 40 177 152 121 118 40 177 79 109 12 51 51 52 53 152 12 56 168 59 59 7 59 62 62 92 79 4 168 12 3 190 173 86 4 4 190 177 77 79 79 80 81 22 81 84 84 86 168 152 152 152 33 92 93 94 94 96 166 4 22 94 22 102 12 149 175 106 106 79 109 102 102 168 16 16 115 157 190 118 118 120 121 122 123 124 125 149 127 22 86 86 38 133 133 134 135 133 12 81 125 27 27 81 143 144 94 94 106 40 149 33 151 152 152 151 38 38 157 157 33 33 188 79 163 164 165 166 188 168 152 190 188 94 173 174 175 168 177 79 53 190 79 182 183 184 185 120 188 188 86 190 157 40 52 168 166 118 198 198 199 
  Facilities: 67
 3 : 3 69
 4 : 4 66 73 74 98
 5 : 5
 7 : 7 60
 11 : 11
 12 : 10 12 49 55 68 103 137
 16 : 15 16 17 113 114
 22 : 22 29 82 99 101 128
 27 : 27 28 140 141
 33 : 8 19 20 33 34 35 91 150 159 160
 38 : 14 37 38 131 155 156
 39 : 39
 40 : 40 45 148 192
 51 : 50 51
 52 : 52 193
 53 : 53 179
 56 : 56
 59 : 1 31 58 59 61
 62 : 62 63
 77 : 2 6 77
 79 : 24 47 65 78 79 108 162 178 181
 80 : 80
 81 : 81 83 138 142
 84 : 9 84 85
 86 : 13 21 72 86 129 130 189
 92 : 64 92
 93 : 93
 94 : 94 95 100 145 146 172
 96 : 96
 102 : 36 102 110 111
 106 : 106 107 147
 109 : 48 109
 115 : 115
 118 : 44 118 119 196
 120 : 26 30 120 186
 121 : 43 121
 122 : 122
 123 : 123
 124 : 124
 125 : 125 139
 127 : 127
 133 : 132 133 136
 134 : 134
 135 : 135
 143 : 143
 144 : 144
 149 : 104 126 149
 151 : 151 154
 152 : 0 42 54 88 89 90 152 153 169
 157 : 32 116 157 158 191
 163 : 163
 164 : 164
 165 : 165
 166 : 97 166 195
 168 : 57 67 87 112 168 176 194
 173 : 71 173
 174 : 174
 175 : 105 175
 177 : 18 41 46 76 177
 182 : 182
 183 : 183
 184 : 184
 185 : 185
 188 : 161 167 171 187 188
 190 : 23 25 70 75 117 170 180 190
 198 : 197 198
 199 : 199
SOLUTION:
  Value: -2038.000000
  Assigns: 152 59 77 3 4 5 6 7 33 84 12 11 12 86 38 16 16 16 177 33 33 86 22 190 79 190 120 27 27 29 29 59 157 33 33 33 102 38 38 39 40 177 152 121 118 40 177 79 79 12 51 51 52 53 152 12 56 168 59 59 7 59 62 62 92 79 4 168 12 3 190 173 86 4 4 190 177 77 79 79 80 81 22 81 84 84 86 168 6 152 152 33 92 93 94 94 96 166 4 29 29 22 102 12 149 175 106 106 79 79 102 102 168 16 16 115 157 190 118 118 120 121 122 123 11 125 149 127 29 86 86 38 12 135 134 135 135 12 81 125 27 27 81 143 144 94 94 106 40 149 33 151 152 152 151 38 38 157 157 33 33 188 79 163 164 165 166 188 168 152 190 188 94 173 174 175 168 177 79 53 190 79 182 183 184 185 120 188 188 86 190 157 40 52 168 166 118 198 198 199 
  Facilities: 66
 3 : 3 69
 4 : 4 66 73 74 98
 5 : 5
 6 : 6 88
 7 : 7 60
 11 : 11 124
 12 : 10 12 49 55 68 103 132 137
 16 : 15 16 17 113 114
 22 : 22 82 101
 27 : 27 28 140 141
 29 : 29 30 99 100 128
 33 : 8 19 20 33 34 35 91 150 159 160
 38 : 14 37 38 131 155 156
 39 : 39
 40 : 40 45 148 192
 51 : 50 51
 52 : 52 193
 53 : 53 179
 56 : 56
 59 : 1 31 58 59 61
 62 : 62 63
 77 : 2 77
 79 : 24 47 48 65 78 79 108 109 162 178 181
 80 : 80
 81 : 81 83 138 142
 84 : 9 84 85
 86 : 13 21 72 86 129 130 189
 92 : 64 92
 93 : 93
 94 : 94 95 145 146 172
 96 : 96
 102 : 36 102 110 111
 106 : 106 107 147
 115 : 115
 118 : 44 118 119 196
 120 : 26 120 186
 121 : 43 121
 122 : 122
 123 : 123
 125 : 125 139
 127 : 127
 134 : 134
 135 : 133 135 136
 143 : 143
 144 : 144
 149 : 104 126 149
 151 : 151 154
 152 : 0 42 54 89 90 152 153 169
 157 : 32 116 157 158 191
 163 : 163
 164 : 164
 165 : 165
 166 : 97 166 195
 168 : 57 67 87 112 168 176 194
 173 : 71 173
 174 : 174
 175 : 105 175
 177 : 18 41 46 76 177
 182 : 182
 183 : 183
 184 : 184
 185 : 185
 188 : 161 167 171 187 188
 190 : 23 25 70 75 117 170 180 190
 198 : 197 198
 199 : 199
SOLUTION:
  Value: -2040.000000
  Assigns: 54 1 178 120 4 152 54 7 91 85 55 124 55 130 14 16 16 17 46 91 91 130 39 70 24 180 120 28 28 29 29 58 158 33 33 33 110 156 39 39 40 46 42 121 57 45 46 47 91 55 115 115 172 91 54 55 57 57 58 58 7 58 63 63 92 7 66 194 55 120 70 71 130 73 73 47 46 178 178 178 80 81 39 83 85 85 130 57 54 90 90 91 92 57 172 172 96 166 73 99 29 39 39 55 63 105 130 130 178 178 110 110 194 16 16 115 55 180 163 163 120 121 121 124 124 125 57 152 29 129 130 39 55 96 17 14 96 55 172 125 28 28 142 158 145 145 145 145 40 57 91 152 152 152 91 155 156 158 158 91 160 171 178 163 163 166 166 167 57 54 171 171 172 71 115 175 40 46 178 14 180 178 183 183 57 186 186 171 171 130 180 191 192 163 194 166 57 197 198 199 
  Facilities: 66
 1 : 1
 4 : 4
 7 : 7 60 65
 14 : 14 135 179
 16 : 15 16 113 114
 17 : 17 134
 24 : 24
 28 : 27 28 140 141
 29 : 29 30 100 128
 33 : 33 34 35
 39 : 22 38 39 82 101 102 131
 40 : 40 148 176
 42 : 42
 45 : 45
 46 : 18 41 46 76 177
 47 : 47 75
 54 : 0 6 54 88 169
 55 : 10 12 49 55 68 103 116 132 137
 57 : 44 56 57 87 93 126 149 168 184 196
 58 : 31 58 59 61
 63 : 62 63 104
 66 : 66
 70 : 23 70
 71 : 71 173
 73 : 73 74 98
 80 : 80
 81 : 81
 83 : 83
 85 : 9 84 85
 90 : 89 90
 91 : 8 19 20 48 53 91 150 154 159
 92 : 64 92
 96 : 96 133 136
 99 : 99
 105 : 105
 110 : 36 110 111
 115 : 50 51 115 174
 120 : 3 26 69 120
 121 : 43 121 122
 124 : 11 123 124
 125 : 125 139
 129 : 129
 130 : 13 21 72 86 106 107 130 189
 142 : 142
 145 : 144 145 146 147
 152 : 5 127 151 152 153
 155 : 155
 156 : 37 156
 158 : 32 143 157 158
 160 : 160
 163 : 118 119 163 164 193
 166 : 97 165 166 195
 167 : 167
 171 : 161 170 171 187 188
 172 : 52 94 95 138 172
 175 : 175
 178 : 2 77 78 79 108 109 162 178 181
 180 : 25 117 180 190
 183 : 182 183
 186 : 185 186
 191 : 191
 192 : 192
 194 : 67 112 194
 197 : 197
 198 : 198
 199 : 199
SOLUTION:
  Value: -2041.000000
  Assigns: 54 31 77 69 73 151 54 7 19 9 10 11 10 130 22 15 15 15 18 19 19 21 22 70 77 117 26 27 28 128 26 31 32 150 150 35 36 156 22 22 168 177 54 113 168 168 177 75 48 48 174 174 140 150 54 10 168 168 31 31 65 31 62 63 150 65 19 194 10 69 70 70 130 73 73 75 177 77 78 94 81 81 22 81 81 81 130 87 54 90 90 150 150 168 94 94 150 62 73 128 128 22 22 10 63 105 106 189 94 48 36 36 194 113 113 174 157 117 163 163 26 113 122 124 124 125 149 54 128 130 130 131 132 133 133 133 133 10 113 125 140 140 113 143 143 94 94 106 168 149 150 151 54 54 151 156 156 157 158 150 150 187 94 163 164 165 171 187 168 54 171 171 94 94 174 175 168 177 77 150 117 181 182 128 184 185 185 187 171 189 117 157 192 140 194 62 168 73 73 54 
  Facilities: 67
 7 : 7
 9 : 9
 10 : 10 12 55 68 103 137
 11 : 11
 15 : 15 16 17
 18 : 18
 19 : 8 19 20 66
 21 : 21
 22 : 14 22 38 39 82 101 102
 26 : 26 30 120
 27 : 27
 28 : 28
 31 : 1 31 58 59 61
 32 : 32
 35 : 35
 36 : 36 110 111
 48 : 48 49 109
 54 : 0 6 42 54 88 127 152 153 169 199
 62 : 62 97 195
 63 : 63 104
 65 : 60 65
 69 : 3 69
 70 : 23 70 71
 73 : 4 73 74 98 197 198
 75 : 47 75
 77 : 2 24 77 178
 78 : 78
 81 : 80 81 83 84 85
 87 : 87
 90 : 89 90
 94 : 79 94 95 108 145 146 162 172 173
 105 : 105
 106 : 106 147
 113 : 43 113 114 121 138 142
 117 : 25 117 180 190
 122 : 122
 124 : 123 124
 125 : 125 139
 128 : 29 99 100 128 183
 130 : 13 72 86 129 130
 131 : 131
 132 : 132
 133 : 133 134 135 136
 140 : 52 140 141 193
 143 : 143 144
 149 : 126 149
 150 : 33 34 53 64 91 92 96 150 159 160 179
 151 : 5 151 154
 156 : 37 155 156
 157 : 116 157 191
 158 : 158
 163 : 118 119 163
 164 : 164
 165 : 165
 168 : 40 44 45 56 57 93 148 168 176 196
 171 : 166 170 171 188
 174 : 50 51 115 174
 175 : 175
 177 : 41 46 76 177
 181 : 181
 182 : 182
 184 : 184
 185 : 185 186
 187 : 161 167 187
 189 : 107 189
 192 : 192
 194 : 67 112 194
SOLUTION:
  Value: -2041.000000
  Assigns: 152 59 77 3 4 5 77 7 33 84 12 11 12 86 38 16 16 16 177 33 33 86 22 190 79 190 120 27 27 22 120 59 157 33 33 33 102 38 38 39 40 177 152 121 118 40 177 79 79 12 51 51 52 53 152 12 56 168 59 59 7 59 62 62 92 79 4 168 68 3 190 173 86 4 4 190 177 77 79 79 80 81 22 81 84 84 86 168 152 152 152 33 92 93 94 94 96 166 4 22 94 22 102 12 149 175 106 106 79 79 102 102 168 16 16 115 157 190 118 118 120 121 122 123 124 125 149 127 22 86 86 38 133 133 134 135 133 12 81 125 27 27 81 143 144 94 94 106 40 149 33 151 152 152 151 38 38 157 157 33 33 188 79 163 164 165 166 188 168 152 190 188 94 173 174 175 168 177 79 53 190 79 182 183 184 185 120 188 188 86 190 157 40 52 168 166 118 198 198 199 
  Facilities: 67
 3 : 3 69
 4 : 4 66 73 74 98
 5 : 5
 7 : 7 60
 11 : 11
 12 : 10 12 49 55 103 137
 16 : 15 16 17 113 114
 22 : 22 29 82 99 101 128
 27 : 27 28 140 141
 33 : 8 19 20 33 34 35 91 150 159 160
 38 : 14 37 38 131 155 156
 39 : 39
 40 : 40 45 148 192
 51 : 50 51
 52 : 52 193
 53 : 53 179
 56 : 56
 59 : 1 31 58 59 61
 62 : 62 63
 68 : 68
 77 : 2 6 77
 79 : 24 47 48 65 78 79 108 109 162 178 181
 80 : 80
 81 : 81 83 138 142
 84 : 9 84 85
 86 : 13 21 72 86 129 130 189
 92 : 64 92
 93 : 93
 94 : 94 95 100 145 146 172
 96 : 96
 102 : 36 102 110 111
 106 : 106 107 147
 115 : 115
 118 : 44 118 119 196
 120 : 26 30 120 186
 121 : 43 121
 122 : 122
 123 : 123
 124 : 124
 125 : 125 139
 127 : 127
 133 : 132 133 136
 134 : 134
 135 : 135
 143 : 143
 144 : 144
 149 : 104 126 149
 151 : 151 154
 152 : 0 42 54 88 89 90 152 153 169
 157 : 32 116 157 158 191
 163 : 163
 164 : 164
 165 : 165
 166 : 97 166 195
 168 : 57 67 87 112 168 176 194
 173 : 71 173
 174 : 174
 175 : 105 175
 177 : 18 41 46 76 177
 182 : 182
 183 : 183
 184 : 184
 185 : 185
 188 : 161 167 171 187 188
 190 : 23 25 70 75 117 170 180 190
 198 : 197 198
 199 : 199
SOLUTION:
  Value: -2044.000000
  Assigns: 54 31 77 69 73 151 54 7 19 9 10 11 10 130 102 105 113 113 18 19 19 21 22 70 77 117 26 27 28 22 26 31 32 150 150 35 36 156 102 102 168 177 54 113 168 168 177 75 48 49 174 174 140 150 54 10 168 168 31 31 65 31 62 63 150 65 19 194 10 69 70 70 130 73 73 75 177 77 78 94 81 81 22 81 81 81 130 87 54 90 90 150 150 168 94 94 150 62 73 22 94 22 102 10 63 105 106 189 94 48 36 36 194 113 113 174 157 117 163 163 26 113 122 124 124 125 149 54 22 130 130 131 132 133 133 133 133 49 113 125 140 140 113 143 143 94 94 106 168 149 150 151 54 54 151 156 156 157 158 150 150 187 94 163 164 165 171 187 168 54 171 171 94 94 174 175 168 177 77 150 117 181 182 102 184 185 185 187 171 189 117 157 192 140 194 62 168 73 73 54 
  Facilities: 67
 7 : 7
 9 : 9
 10 : 10 12 55 68 103
 11 : 11
 18 : 18
 19 : 8 19 20 66
 21 : 21
 22 : 22 29 82 99 101 128
 26 : 26 30 120
 27 : 27
 28 : 28
 31 : 1 31 58 59 61
 32 : 32
 35 : 35
 36 : 36 110 111
 48 : 48 109
 49 : 49 137
 54 : 0 6 42 54 88 127 152 153 169 199
 62 : 62 97 195
 63 : 63 104
 65 : 60 65
 69 : 3 69
 70 : 23 70 71
 73 : 4 73 74 98 197 198
 75 : 47 75
 77 : 2 24 77 178
 78 : 78
 81 : 80 81 83 84 85
 87 : 87
 90 : 89 90
 94 : 79 94 95 100 108 145 146 162 172 173
 102 : 14 38 39 102 183
 105 : 15 105
 106 : 106 147
 113 : 16 17 43 113 114 121 138 142
 117 : 25 117 180 190
 122 : 122
 124 : 123 124
 125 : 125 139
 130 : 13 72 86 129 130
 131 : 131
 132 : 132
 133 : 133 134 135 136
 140 : 52 140 141 193
 143 : 143 144
 149 : 126 149
 150 : 33 34 53 64 91 92 96 150 159 160 179
 151 : 5 151 154
 156 : 37 155 156
 157 : 116 157 191
 158 : 158
 163 : 118 119 163
 164 : 164
 165 : 165
 168 : 40 44 45 56 57 93 148 168 176 196
 171 : 166 170 171 188
 174 : 50 51 115 174
 175 : 175
 177 : 41 46 76 177
 181 : 181
 182 : 182
 184 : 184
 185 : 185 186
 187 : 161 167 187
 189 : 107 189
 192 : 192
 194 : 67 112 194
SOLUTION:
  Value: -2047.000000
  Assigns: 0 58 74 120 4 5 152 7 19 85 55 124 55 129 39 16 16 17 18 19 19 129 39 180 24 180 120 28 28 39 120 58 158 33 33 33 36 39 39 39 40 46 0 43 44 45 46 47 109 55 123 74 74 19 152 55 57 57 58 59 65 58 63 63 64 65 66 194 55 120 180 129 129 73 74 47 46 108 108 108 83 83 39 83 85 85 129 87 152 152 152 91 92 57 108 108 96 97 74 183 108 39 39 55 63 105 33 33 108 109 36 36 194 138 138 57 55 180 119 119 120 121 5 123 124 125 57 152 183 129 129 39 136 136 136 136 136 55 138 125 28 141 138 143 145 145 145 147 40 57 19 5 152 152 154 39 39 158 158 19 91 171 108 163 163 171 171 167 57 152 171 171 39 129 123 175 40 46 108 19 180 108 183 183 184 120 120 188 188 129 180 192 192 74 194 97 44 73 198 199 
  Facilities: 67
 0 : 0 42
 4 : 4
 5 : 5 122 151
 7 : 7
 16 : 15 16
 17 : 17
 18 : 18
 19 : 8 19 20 53 150 159 179
 24 : 24
 28 : 27 28 140
 33 : 33 34 35 106 107
 36 : 36 110 111
 39 : 14 22 29 37 38 39 82 101 102 131 155 156 172
 40 : 40 148 176
 43 : 43
 44 : 44 196
 45 : 45
 46 : 41 46 76 177
 47 : 47 75
 55 : 10 12 49 55 68 103 116 137
 57 : 56 57 93 115 126 149 168
 58 : 1 31 58 61
 59 : 59
 63 : 62 63 104
 64 : 64
 65 : 60 65
 66 : 66
 73 : 73 197
 74 : 2 51 52 74 98 193
 83 : 80 81 83
 85 : 9 84 85
 87 : 87
 91 : 91 160
 92 : 92
 96 : 96
 97 : 97 195
 105 : 105
 108 : 77 78 79 94 95 100 108 162 178 181
 109 : 48 109
 119 : 118 119
 120 : 3 26 30 69 120 185 186
 121 : 121
 123 : 50 123 174
 124 : 11 124
 125 : 125 139
 129 : 13 21 71 72 86 129 130 173 189
 136 : 132 133 134 135 136
 138 : 113 114 138 142
 141 : 141
 143 : 143
 145 : 144 145 146
 147 : 147
 152 : 6 54 88 89 90 127 152 153 169
 154 : 154
 158 : 32 157 158
 163 : 163 164
 167 : 167
 171 : 161 165 166 170 171
 175 : 175
 180 : 23 25 70 117 180 190
 183 : 99 128 182 183
 184 : 184
 188 : 187 188
 192 : 191 192
 194 : 67 112 194
 198 : 198
 199 : 199
SOLUTION:
  Value: -2050.000000
  Assigns: 152 59 77 3 4 5 77 7 33 84 12 11 12 86 38 16 16 16 177 33 33 86 22 190 79 190 120 27 27 29 29 59 157 33 33 33 102 38 38 39 40 177 152 121 118 40 177 79 79 12 51 51 52 53 152 12 56 168 59 59 7 59 62 62 92 79 4 168 12 3 190 173 86 4 4 190 177 77 79 79 80 81 22 81 84 84 86 168 152 152 152 33 92 93 94 94 96 166 4 29 29 22 102 12 149 175 106 106 79 79 102 102 168 16 16 115 157 190 118 118 120 121 122 123 11 125 149 127 29 86 86 38 12 135 134 135 135 12 81 125 27 27 81 143 144 94 94 106 40 149 33 151 152 152 151 38 38 157 157 33 33 188 79 163 164 165 166 188 168 152 190 188 94 173 174 175 168 177 79 53 190 79 182 183 184 185 120 188 188 86 190 157 40 52 168 166 118 198 198 199 
  Facilities: 65
 3 : 3 69
 4 : 4 66 73 74 98
 5 : 5
 7 : 7 60
 11 : 11 124
 12 : 10 12 49 55 68 103 132 137
 16 : 15 16 17 113 114
 22 : 22 82 101
 27 : 27 28 140 141
 29 : 29 30 99 100 128
 33 : 8 19 20 33 34 35 91 150 159 160
 38 : 14 37 38 131 155 156
 39 : 39
 40 : 40 45 148 192
 51 : 50 51
 52 : 52 193
 53 : 53 179
 56 : 56
 59 : 1 31 58 59 61
 62 : 62 63
 77 : 2 6 77
 79 : 24 47 48 65 78 79 108 109 162 178 181
 80 : 80
 81 : 81 83 138 142
 84 : 9 84 85
 86 : 13 21 72 86 129 130 189
 92 : 64 92
 93 : 93
 94 : 94 95 145 146 172
 96 : 96
 102 : 36 102 110 111
 106 : 106 107 147
 115 : 115
 118 : 44 118 119 196
 120 : 26 120 186
 121 : 43 121
 122 : 122
 123 : 123
 125 : 125 139
 127 : 127
 134 : 134
 135 : 133 135 136
 143 : 143
 144 : 144
 149 : 104 126 149
 151 : 151 154
 152 : 0 42 54 88 89 90 152 153 169
 157 : 32 116 157 158 191
 163 : 163
 164 : 164
 165 : 165
 166 : 97 166 195
 168 : 57 67 87 112 168 176 194
 173 : 71 173
 174 : 174
 175 : 105 175
 177 : 18 41 46 76 177
 182 : 182
 183 : 183
 184 : 184
 185 : 185
 188 : 161 167 171 187 188
 190 : 23 25 70 75 117 170 180 190
 198 : 197 198
 199 : 199
