# Time: 8931.959961
# Elapsed: 1929.635742
# Input_file: splp/Fpp17/28FPP_17S.txt
# Pool_size: 200
# Iterations: 59
# Final_solutions: 11600
# Vision_range: 400
# Reduction_mode: REDUCTION_DISPERSE
# Dissimilitude: DISSIM_HAUSDORFF
# Facility_dist: FDISMODE_MINDIST
SOLUTION:
  Value: -54584.000000
  Assigns: 143 206 17 206 143 257 306 259 278 306 11 11 44 283 278 47 17 17 11 283 143 11 54 55 17 177 278 17 257 44 259 283 47 257 177 259 306 69 177 54 55 193 306 44 44 197 47 47 11 278 193 44 257 54 177 55 259 47 197 283 17 54 55 206 54 55 11 206 69 69 193 86 17 278 197 278 69 306 283 69 283 44 306 206 47 86 86 44 177 11 47 54 55 86 11 17 86 54 55 44 17 306 47 306 193 257 69 259 197 54 55 143 69 11 257 11 259 206 257 17 259 17 44 86 69 47 278 44 143 86 47 283 54 55 257 278 259 54 55 278 283 86 143 143 283 177 44 69 44 47 143 47 69 143 306 278 54 55 54 55 283 193 177 306 86 197 11 306 257 86 259 69 17 69 206 11 177 177 193 11 143 17 197 306 177 17 143 177 86 278 86 206 193 193 283 11 197 197 143 44 193 17 47 193 197 206 206 197 44 54 55 47 44 206 177 47 206 306 54 55 177 143 54 55 69 257 143 259 44 11 193 47 177 69 197 17 193 69 54 55 197 86 257 206 259 143 278 143 193 206 86 283 197 69 86 177 257 257 259 259 177 206 44 278 257 47 259 257 283 259 86 193 54 55 306 197 193 278 278 177 197 177 283 283 206 278 11 69 278 206 283 306 17 283 257 193 259 193 143 197 257 197 259 11 86 306 306 
  Facilities: 18
 11 : 10 11 18 21 48 66 89 94 113 115 166 175 179 195 229 286 303
 17 : 2 16 17 24 27 60 72 95 100 119 121 172 181 185 201 235 292
 44 : 12 29 43 44 51 81 87 99 122 127 146 148 199 208 212 228 262
 47 : 15 32 46 47 57 84 90 102 125 130 149 151 202 211 215 231 265
 54 : 22 39 53 61 64 91 97 109 132 137 156 158 209 218 222 238 272
 55 : 23 40 55 62 65 92 98 110 133 138 157 159 210 219 223 239 273
 69 : 37 68 69 76 79 106 112 124 147 152 171 173 224 233 237 253 287
 86 : 71 85 86 93 96 123 129 141 164 169 188 190 241 250 254 270 304
 143 : 0 4 20 111 128 142 143 150 153 180 186 198 221 226 245 247 298
 177 : 25 34 38 54 88 145 162 176 177 184 187 214 220 232 255 260 279 281
 193 : 41 50 70 104 161 178 192 193 200 203 230 236 248 271 276 295 297
 197 : 45 58 74 108 165 182 196 197 204 207 234 240 252 275 280 299 301
 206 : 1 3 63 67 83 117 174 191 205 206 213 216 243 249 261 284 289
 257 : 5 28 33 52 105 114 118 134 168 225 242 256 257 264 267 294 300
 259 : 7 30 35 56 107 116 120 136 170 227 244 258 259 266 269 296 302
 278 : 8 14 26 49 73 75 126 135 139 155 189 246 263 277 278 285 288
 283 : 13 19 31 59 78 80 131 140 144 160 194 251 268 282 283 290 293
 306 : 6 9 36 42 77 82 101 103 154 163 167 183 217 274 291 305 306
SOLUTION:
  Value: -60553.000000
  Assigns: 143 206 17 206 143 257 306 259 278 41 11 11 44 283 278 47 17 17 11 283 143 11 54 55 17 177 278 17 257 44 259 283 47 257 177 259 306 69 177 54 129 193 306 44 44 197 47 47 41 278 193 44 257 54 177 55 259 47 197 283 17 54 55 206 54 55 11 206 69 69 193 86 17 278 197 278 69 306 41 69 283 44 306 206 41 86 86 44 177 11 47 54 55 86 11 17 41 54 55 44 17 306 47 306 193 257 69 259 197 54 55 143 69 11 129 11 259 206 257 41 259 17 44 86 69 47 278 44 143 129 47 283 54 55 257 278 259 54 55 278 283 86 143 41 283 177 44 69 44 47 143 47 69 143 306 278 54 55 54 55 283 193 177 306 86 197 129 306 257 86 259 69 17 69 206 11 177 177 193 11 143 17 197 306 177 17 143 177 86 278 86 206 193 193 283 11 197 197 143 44 193 17 47 193 197 206 206 129 44 41 55 47 44 206 177 47 206 306 54 55 177 143 54 55 69 257 143 259 44 11 193 47 177 129 197 17 193 69 54 55 197 86 257 206 259 143 278 143 193 206 86 283 197 69 86 177 257 257 259 41 177 206 44 278 257 47 259 257 283 259 86 193 54 55 306 197 193 278 278 177 197 177 283 283 129 278 11 69 278 206 283 306 17 129 257 193 259 193 143 197 257 197 259 11 86 306 306 
  Facilities: 20
 11 : 10 11 18 21 66 89 94 113 115 175 179 195 229 286 303
 17 : 2 16 17 24 27 60 72 95 100 121 172 181 185 201 235 292
 41 : 9 48 78 84 96 119 143 209 259
 44 : 12 29 43 44 51 81 87 99 122 127 146 148 199 208 212 228 262
 47 : 15 32 46 47 57 90 102 125 130 149 151 202 211 215 231 265
 54 : 22 39 53 61 64 91 97 109 132 137 156 158 218 222 238 272
 55 : 23 55 62 65 92 98 110 133 138 157 159 210 219 223 239 273
 69 : 37 68 69 76 79 106 112 124 147 152 171 173 224 237 253 287
 86 : 71 85 86 93 123 141 164 169 188 190 241 250 254 270 304
 129 : 40 114 129 166 207 233 284 293
 143 : 0 4 20 111 128 142 150 153 180 186 198 221 226 245 247 298
 177 : 25 34 38 54 88 145 162 176 177 184 187 214 220 232 255 260 279 281
 193 : 41 50 70 104 161 178 192 193 200 203 230 236 248 271 276 295 297
 197 : 45 58 74 108 165 182 196 197 204 234 240 252 275 280 299 301
 206 : 1 3 63 67 83 117 174 191 205 206 213 216 243 249 261 289
 257 : 5 28 33 52 105 118 134 168 225 242 256 257 264 267 294 300
 259 : 7 30 35 56 107 116 120 136 170 227 244 258 266 269 296 302
 278 : 8 14 26 49 73 75 126 135 139 155 189 246 263 277 278 285 288
 283 : 13 19 31 59 80 131 140 144 160 194 251 268 282 283 290
 306 : 6 36 42 77 82 101 103 154 163 167 183 217 274 291 305 306
SOLUTION:
  Value: -66511.000000
  Assigns: 143 206 17 206 143 257 306 259 278 41 11 11 44 283 278 285 17 17 11 283 143 285 54 55 17 177 278 17 257 44 173 283 47 257 177 259 306 69 177 54 129 193 306 44 44 197 47 47 41 278 193 44 257 54 177 55 285 47 197 283 17 54 55 206 54 55 11 206 69 69 193 86 17 278 197 278 69 306 41 69 283 44 285 206 173 86 86 44 177 11 47 54 55 86 11 17 41 54 55 44 17 306 47 306 193 257 69 259 197 54 55 143 69 11 129 11 259 206 257 41 259 17 44 86 69 47 278 44 143 129 47 283 54 55 257 278 259 54 55 278 283 173 143 41 283 177 285 69 44 47 143 47 69 143 306 278 54 55 173 55 283 193 177 306 86 197 129 306 257 86 259 69 173 173 206 11 177 177 193 11 173 17 197 306 177 17 143 177 86 278 86 206 193 193 283 11 197 197 143 44 193 17 47 193 197 206 206 129 44 41 173 47 44 206 177 47 206 306 54 55 177 143 54 55 69 257 143 259 44 11 193 47 177 129 197 17 193 69 54 55 197 86 257 206 259 143 278 143 193 206 86 173 197 285 86 177 173 257 259 41 177 206 44 278 257 47 259 257 283 259 86 193 54 55 306 197 193 173 278 177 197 177 283 283 129 285 11 69 278 206 283 306 17 129 257 285 259 193 143 197 257 197 259 11 86 306 306 
  Facilities: 22
 11 : 10 11 18 66 89 94 113 115 175 179 195 229 286 303
 17 : 2 16 17 24 27 60 72 95 100 121 181 185 201 235 292
 41 : 9 48 78 96 119 143 209 259
 44 : 12 29 43 44 51 81 87 99 122 127 148 199 208 212 228 262
 47 : 32 46 47 57 90 102 125 130 149 151 202 211 215 231 265
 54 : 22 39 53 61 64 91 97 109 132 137 156 218 222 238 272
 55 : 23 55 62 65 92 98 110 133 138 157 159 219 223 239 273
 69 : 37 68 69 76 79 106 112 124 147 152 171 224 237 287
 86 : 71 85 86 93 123 164 169 188 190 241 250 254 270 304
 129 : 40 114 129 166 207 233 284 293
 143 : 0 4 20 111 128 142 150 153 186 198 221 226 245 247 298
 173 : 30 84 141 158 172 173 180 210 251 256 277
 177 : 25 34 38 54 88 145 162 176 177 184 187 214 220 232 255 260 279 281
 193 : 41 50 70 104 161 178 192 193 200 203 230 236 248 271 276 297
 197 : 45 58 74 108 165 182 196 197 204 234 240 252 275 280 299 301
 206 : 1 3 63 67 83 117 174 191 205 206 213 216 243 249 261 289
 257 : 5 28 33 52 105 118 134 168 225 242 257 264 267 294 300
 259 : 7 35 107 116 120 136 170 227 244 258 266 269 296 302
 278 : 8 14 26 49 73 75 126 135 139 155 189 246 263 278 288
 283 : 13 19 31 59 80 131 140 144 160 194 268 282 283 290
 285 : 15 21 56 82 146 253 285 295
 306 : 6 36 42 77 101 103 154 163 167 183 217 274 291 305 306
SOLUTION:
  Value: -75472.000000
  Assigns: 229 206 299 206 274 229 129 277 9 9 162 263 241 283 284 285 9 241 247 9 284 285 274 162 229 277 229 28 28 299 182 283 284 285 66 299 51 180 53 263 129 180 74 182 247 274 9 299 277 201 274 66 9 277 206 284 285 180 201 182 53 51 201 206 9 28 66 206 100 274 299 274 277 162 277 299 66 229 201 284 283 74 285 28 74 100 229 9 51 241 53 180 9 182 299 247 53 129 241 100 100 116 241 66 247 120 28 100 247 66 100 74 201 9 129 116 116 206 241 120 263 66 274 116 263 277 116 120 129 129 162 53 28 285 51 274 129 100 277 129 229 284 285 100 66 284 285 162 180 66 182 274 74 116 277 100 299 120 247 116 283 284 162 120 9 180 129 182 66 201 66 116 162 9 206 120 299 9 100 180 180 182 182 28 129 274 201 180 277 182 180 206 182 9 283 284 28 229 120 162 201 201 100 120 100 206 206 129 53 241 299 201 28 206 229 51 206 162 116 182 116 53 120 180 120 182 241 9 229 229 66 263 247 129 66 180 229 53 74 229 162 241 274 206 201 162 28 247 241 206 66 241 284 285 247 100 201 247 74 274 182 206 263 263 100 182 229 299 100 284 263 116 229 263 274 120 277 277 241 201 116 274 180 284 247 285 182 277 120 206 283 284 74 129 284 285 241 129 299 299 263 9 247 28 120 201 263 
  Facilities: 25
 9 : 8 9 16 19 46 52 64 87 92 113 164 173 177 193 227 301
 28 : 27 28 65 83 106 132 183 196 212 246 303
 51 : 36 61 88 134 215
 53 : 38 60 90 96 131 208 221 237
 66 : 34 51 66 76 103 109 121 144 149 168 170 230 234 250
 74 : 42 81 84 111 152 238 258 292
 100 : 68 85 99 100 107 110 137 143 155 178 202 204 255 264 268
 116 : 101 115 116 123 126 153 159 171 218 220 271 280
 120 : 105 119 127 157 163 175 198 203 222 224 275 288 304
 129 : 6 40 97 114 128 129 136 139 166 184 207 233 293 297
 162 : 10 23 73 130 147 162 172 199 217 240 245
 180 : 37 41 57 91 148 165 179 180 187 190 223 235 282
 182 : 30 43 59 93 150 167 181 182 189 192 219 225 260 265 286
 201 : 49 58 62 78 112 169 186 200 201 211 244 256 279 305
 206 : 1 3 54 63 67 117 174 191 205 206 213 216 243 249 261 289
 229 : 0 5 24 26 77 86 140 197 214 228 229 236 239 266 272
 241 : 12 17 89 98 102 118 209 226 241 248 251 278 296
 247 : 18 44 95 104 108 158 232 247 254 257 284 302
 263 : 11 39 120 124 231 262 263 270 273 300 306
 274 : 4 22 45 50 69 71 122 135 151 185 242 259 274 281
 277 : 7 25 48 53 72 74 125 138 154 188 276 277 287
 283 : 13 31 80 160 194 290
 284 : 14 20 32 55 79 141 145 161 195 252 269 283 291 294
 285 : 15 21 33 56 82 133 142 146 253 285 295
 299 : 2 29 35 47 70 75 94 156 176 210 267 298 299
SOLUTION:
  Value: -84439.000000
  Assigns: 229 206 254 206 274 229 129 277 9 9 274 263 241 28 284 285 9 241 247 9 284 285 274 55 229 277 229 28 28 61 182 120 284 285 66 299 51 180 53 263 55 73 74 182 247 274 9 299 277 201 274 66 9 53 206 55 285 180 201 182 53 51 55 206 9 55 66 206 100 274 299 274 73 73 277 299 66 229 201 284 73 74 285 73 74 100 229 9 51 241 53 180 55 182 299 300 53 300 241 100 100 116 241 66 247 120 28 100 247 66 55 74 201 9 129 116 73 206 241 120 263 66 274 116 263 277 116 120 73 129 28 53 28 55 51 274 53 100 55 61 229 284 285 100 66 284 285 299 180 66 182 73 74 116 277 100 73 120 247 116 299 284 285 120 9 61 129 182 66 201 66 116 129 9 206 73 299 9 100 180 180 182 182 28 129 274 201 180 277 182 180 206 182 9 116 284 28 229 120 116 201 201 100 120 100 206 206 129 53 241 55 201 28 206 229 51 206 53 116 182 116 53 120 180 120 182 241 9 229 229 66 263 247 129 66 180 229 53 74 229 241 241 274 206 201 61 28 247 241 206 66 241 284 285 254 100 201 247 74 274 182 206 263 263 100 182 229 299 100 284 285 116 229 55 274 120 277 277 241 61 116 274 180 284 247 285 182 277 120 206 247 73 74 129 284 285 241 254 299 300 300 9 247 28 120 201 263 
  Facilities: 28
 9 : 8 9 16 19 46 52 64 87 113 164 173 177 193 227 301
 28 : 13 27 28 106 130 132 183 196 212 246 303
 51 : 36 61 88 134 215
 53 : 38 53 60 90 96 131 136 208 217 221 237
 55 : 23 40 55 62 65 92 110 133 138 210 273
 61 : 29 139 165 245 279
 66 : 34 51 66 76 103 109 121 144 149 168 170 230 234 250
 73 : 41 72 73 80 83 116 128 151 156 175 291
 74 : 42 81 84 111 152 238 258 292
 100 : 68 85 99 100 107 137 143 155 178 202 204 255 264 268
 116 : 101 115 123 126 153 159 171 194 199 218 220 271 280
 120 : 31 105 119 127 157 163 198 203 222 224 275 288 304
 129 : 6 114 129 166 172 184 207 233 293
 180 : 37 57 91 148 179 180 187 190 223 235 282
 182 : 30 43 59 93 150 167 181 182 189 192 219 225 260 265 286
 201 : 49 58 78 112 169 186 200 201 211 244 256 305
 206 : 1 3 54 63 67 117 174 191 205 206 213 216 243 249 261 289
 229 : 0 5 24 26 77 86 140 197 214 228 229 236 239 266 272
 241 : 12 17 89 98 102 118 209 226 240 241 248 251 278 296
 247 : 18 44 104 108 158 232 247 257 284 290 302
 254 : 2 254 297
 263 : 11 39 120 124 231 262 263 306
 274 : 4 10 22 45 50 69 71 122 135 185 242 259 274 281
 277 : 7 25 48 74 125 154 188 276 277 287
 284 : 14 20 32 79 141 145 161 195 252 269 283 294
 285 : 15 21 33 56 82 142 146 162 253 270 285 295
 299 : 35 47 70 75 94 147 160 176 267 298
 300 : 95 97 299 300
SOLUTION:
  Value: -93443.000000
  Assigns: 229 206 299 206 274 229 129 277 9 9 274 100 241 14 219 167 219 241 247 9 284 14 274 247 14 277 58 256 167 299 182 63 284 285 66 299 51 180 241 182 129 73 74 182 167 274 9 299 63 201 274 66 9 277 69 284 285 58 201 182 212 51 63 63 293 58 66 206 100 14 299 274 73 73 277 299 66 229 167 284 219 74 285 73 74 100 229 9 293 241 229 180 14 182 299 247 219 90 241 100 90 58 241 66 247 120 229 100 247 66 73 74 69 9 129 116 73 256 14 120 120 66 274 116 69 277 116 90 73 129 120 274 284 256 51 274 58 100 277 129 229 293 285 100 66 284 63 69 180 66 293 73 69 116 277 100 73 120 247 116 58 284 285 120 9 180 167 182 66 201 66 116 129 90 206 73 299 9 100 180 180 182 14 100 129 274 201 180 277 182 180 206 182 9 90 284 285 229 14 116 201 201 100 120 100 206 206 129 201 241 167 201 212 206 229 51 206 180 116 182 116 66 120 180 256 182 219 9 229 229 66 63 14 129 66 180 229 69 74 229 241 256 274 206 201 167 247 63 241 206 66 241 284 285 90 212 219 247 74 274 182 206 219 256 100 182 229 212 100 284 285 116 229 274 90 120 58 277 293 201 116 274 180 284 247 285 182 277 120 206 212 73 293 256 284 285 241 219 299 256 293 9 219 293 120 201 14 
  Facilities: 31
 9 : 8 9 19 46 52 87 113 164 177 193 227 301
 14 : 13 21 24 69 92 118 182 198 232 306
 51 : 36 61 134 215
 58 : 26 57 65 101 136 160 276
 63 : 31 48 62 63 146 231 247
 66 : 34 51 66 76 103 109 121 144 149 168 170 221 230 234 250
 69 : 54 112 124 147 152 237
 73 : 41 72 73 83 110 116 128 151 156 175 291
 74 : 42 81 84 111 238 258
 90 : 97 100 127 173 194 254 274
 100 : 11 68 85 99 107 137 143 155 178 183 202 204 264 268
 116 : 115 123 126 153 159 171 199 218 220 271 280
 120 : 105 119 120 130 157 163 203 222 275 288 304
 129 : 6 40 114 129 139 172 184 207 233
 167 : 15 28 44 78 166 210 245
 180 : 37 91 148 165 179 180 187 190 217 223 235 282
 182 : 30 39 43 59 93 167 181 189 192 219 225 260 265 286
 201 : 49 58 169 186 200 201 208 211 244 279 305
 206 : 1 3 67 174 191 205 206 213 216 243 249 261 289
 212 : 60 212 255 267 290
 219 : 14 16 80 96 226 256 262 297 302
 229 : 0 5 77 86 90 106 140 197 214 228 229 236 239 266 272
 241 : 12 17 38 89 98 102 209 240 248 251 296
 247 : 18 23 95 104 108 158 246 257 284
 256 : 27 117 133 224 241 263 293 299
 274 : 4 10 22 45 50 71 122 131 135 185 242 259 273 281
 277 : 7 25 53 74 125 138 154 188 277 287
 284 : 20 32 55 79 132 145 161 195 252 269 283 294
 285 : 33 56 82 142 162 196 253 270 285 295
 293 : 64 88 141 150 278 292 300 303
 299 : 2 29 35 47 70 75 94 176 298
SOLUTION:
  Value: -99380.000000
  Assigns: 229 206 254 206 274 229 129 277 9 9 162 263 241 28 284 285 105 241 247 9 20 285 274 162 229 277 229 20 28 299 182 120 284 285 66 299 51 180 28 263 129 73 74 182 247 248 9 190 5 201 274 66 9 277 206 55 285 20 201 182 5 51 55 206 9 28 66 206 100 274 299 274 73 105 277 20 66 229 201 284 73 74 285 5 74 100 229 9 5 241 229 180 55 182 299 247 248 129 241 100 100 190 241 20 247 120 28 139 247 66 55 74 105 9 129 108 73 206 241 120 263 66 274 116 139 277 116 120 73 129 162 254 28 55 51 274 129 100 139 129 229 284 105 100 66 284 139 162 180 139 182 73 74 116 277 100 73 120 190 116 105 284 162 108 9 180 129 182 66 201 66 116 162 5 206 73 299 9 100 180 180 182 139 28 20 274 108 180 20 182 190 206 182 9 139 284 28 229 120 116 190 201 100 120 100 206 206 129 201 241 108 201 28 206 229 51 206 162 116 182 116 66 120 180 120 182 241 9 229 229 66 263 247 129 66 180 229 73 74 229 162 241 274 206 201 190 28 247 248 206 66 241 284 285 254 248 201 247 74 274 105 206 263 108 100 182 229 299 100 105 263 116 229 105 274 120 108 277 241 201 116 274 180 284 247 285 182 277 120 206 247 73 74 129 190 285 241 5 299 299 116 9 247 28 120 201 263 
  Facilities: 33
 5 : 48 60 83 88 173 297
 9 : 8 9 19 46 52 64 87 113 164 177 193 227 301
 20 : 20 27 57 75 103 184 188
 28 : 13 28 38 65 106 132 183 196 212 246 303
 51 : 36 61 134 215
 55 : 55 62 92 110 133
 66 : 34 51 66 76 109 121 144 168 170 221 230 234 250
 73 : 41 72 80 116 128 151 156 175 237 291
 74 : 42 81 84 111 152 238 258 292
 100 : 68 85 99 100 137 143 155 178 202 204 264 268
 105 : 16 73 112 142 160 260 269 273
 108 : 115 163 186 210 263 276
 116 : 123 126 153 159 171 199 218 220 271 280 300
 120 : 31 105 119 127 157 198 203 222 224 275 288 304
 129 : 6 40 97 114 129 136 139 166 207 233 293
 139 : 107 124 138 146 149 182 194
 162 : 10 23 130 147 162 172 217 240
 180 : 37 91 148 165 179 180 187 223 235 282
 182 : 30 43 59 93 150 167 181 189 192 219 225 265 286
 190 : 47 101 158 190 200 245 294
 201 : 49 58 78 169 201 208 211 244 256 279 305
 206 : 1 3 54 63 67 117 174 191 205 206 213 216 243 249 261 289
 229 : 0 5 24 26 77 86 90 140 197 214 228 229 236 239 266 272
 241 : 12 17 89 98 102 118 209 226 241 251 278 296
 247 : 18 44 95 104 108 232 247 257 284 290 302
 248 : 45 96 248 255
 254 : 2 131 254
 263 : 11 39 120 231 262 270 306
 274 : 4 22 50 69 71 122 135 185 242 259 274 281
 277 : 7 25 53 74 125 154 277 287
 284 : 14 32 79 141 145 161 195 252 283
 285 : 15 21 33 56 82 253 285 295
 299 : 29 35 70 94 176 267 298 299
SOLUTION:
  Value: -99401.000000
  Assigns: 229 206 2 206 274 229 303 277 9 9 162 263 2 283 284 285 9 241 247 9 284 285 274 162 229 277 229 28 28 299 182 283 284 303 66 299 51 180 28 54 129 180 74 182 247 274 9 299 200 201 274 66 9 54 206 284 285 2 201 182 284 54 201 206 54 28 98 206 100 274 299 28 277 162 277 299 66 229 201 284 283 74 285 28 74 2 229 9 51 241 229 180 9 182 95 95 111 112 241 100 100 116 95 66 247 120 28 100 247 66 111 74 112 9 129 116 116 206 241 112 263 66 112 116 263 277 116 120 129 129 162 283 54 222 51 98 129 54 277 129 229 284 285 100 66 284 285 162 180 66 182 303 74 116 277 100 54 120 54 116 283 284 162 120 9 180 2 182 66 201 66 116 162 95 206 120 98 9 95 180 180 98 182 28 129 274 201 180 277 182 222 206 182 9 283 112 28 229 120 95 200 201 98 120 100 206 206 129 201 241 200 201 28 206 303 51 206 162 116 182 116 222 54 180 120 182 241 9 229 229 66 263 222 129 66 180 229 200 74 229 162 241 274 206 201 162 28 247 241 206 66 241 284 285 247 200 201 247 74 274 182 206 263 95 100 182 229 299 100 284 263 116 54 263 274 111 112 277 241 201 116 274 180 284 247 285 182 277 303 206 283 284 74 129 284 285 112 129 299 299 222 9 247 28 120 222 263 
  Facilities: 33
 2 : 2 12 57 85 166
 9 : 8 9 16 19 46 52 87 92 113 164 177 193 227 301
 28 : 27 28 38 65 71 83 106 183 196 212 246 303
 51 : 36 88 134 215
 54 : 39 53 61 64 132 137 156 158 222 272
 66 : 34 51 76 103 109 121 144 149 168 170 230 234 250
 74 : 42 81 84 111 152 238 258 292
 95 : 94 95 102 173 178 199 263
 98 : 66 135 176 181 202
 100 : 68 99 100 107 143 155 204 264 268
 111 : 96 110 275
 112 : 97 112 119 122 195 276 296
 116 : 101 115 116 123 126 153 159 171 218 220 271 280
 120 : 105 127 157 163 175 198 203 224 304
 129 : 40 114 128 129 136 139 184 207 233 293 297
 162 : 10 23 73 130 147 162 172 217 240 245
 180 : 37 41 91 148 165 179 180 187 223 235 282
 182 : 30 43 59 93 150 167 182 189 192 219 225 260 265 286
 200 : 48 200 210 237 255
 201 : 49 58 62 78 169 186 201 208 211 244 256 279
 206 : 1 3 54 63 67 117 174 191 205 206 213 216 243 249 261 289
 222 : 133 190 221 232 300 305
 229 : 0 5 24 26 77 86 90 140 197 228 229 236 239 266
 241 : 17 89 98 118 209 226 241 248 251 278
 247 : 18 44 104 108 247 254 257 284 302
 263 : 11 120 124 231 262 270 273 306
 274 : 4 22 45 50 69 185 242 259 274 281
 277 : 7 25 72 74 125 138 154 188 277 287
 283 : 13 31 80 131 160 194 290
 284 : 14 20 32 55 60 79 141 145 161 252 269 283 291 294
 285 : 15 21 56 82 142 146 253 285 295
 299 : 29 35 47 70 75 267 298 299
 303 : 6 33 151 214 288
SOLUTION:
  Value: -102373.000000
  Assigns: 229 206 254 206 274 229 129 277 9 9 162 100 101 28 14 285 17 241 247 9 290 285 274 162 14 277 229 28 28 299 182 120 284 285 66 299 51 180 267 162 129 73 74 182 76 274 9 190 277 201 274 66 9 53 206 284 285 14 201 182 53 290 267 206 267 28 290 206 100 70 299 274 17 73 277 299 66 229 201 284 70 74 285 73 74 290 229 9 51 241 53 180 9 182 299 247 53 14 241 100 17 190 241 66 247 120 28 70 247 66 73 74 201 70 129 108 73 206 241 17 120 66 274 116 267 277 116 120 267 129 162 53 28 285 51 274 129 100 101 129 229 284 285 100 267 284 285 162 180 66 182 73 74 116 277 100 73 120 190 116 299 284 285 108 9 180 129 182 66 201 66 116 70 9 206 73 299 9 100 101 180 17 14 28 129 17 108 180 277 182 190 206 182 9 116 284 28 229 120 116 190 201 100 120 100 206 206 129 53 241 108 201 108 206 229 51 206 162 116 182 116 53 120 180 120 182 241 9 229 229 66 76 14 129 66 180 229 53 74 229 76 241 274 206 201 190 28 247 241 206 66 241 267 285 70 100 201 247 74 274 76 206 277 108 100 101 229 267 100 101 285 116 229 190 274 290 108 277 241 201 116 274 180 284 247 285 182 277 70 206 290 73 74 129 190 285 241 290 299 299 290 9 247 28 120 201 14 
  Facilities: 34
 9 : 8 9 19 46 52 87 92 164 173 177 193 227 301
 14 : 14 24 57 97 182 232 306
 17 : 16 72 100 119 181 185
 28 : 13 27 28 65 106 132 183 196 246 303
 51 : 36 88 134 215
 53 : 53 60 90 96 131 208 221 237
 66 : 34 51 76 103 109 121 149 168 170 230 234 250
 70 : 69 80 107 113 172 254 288
 73 : 41 73 83 110 116 151 156 175 291
 74 : 42 81 84 111 152 238 258 292
 76 : 44 231 240 260
 100 : 11 68 99 137 143 155 178 202 204 255 264 268
 101 : 12 138 179 265 269
 108 : 115 163 186 210 212 263 276
 116 : 123 126 153 159 171 194 199 218 220 271 280
 120 : 31 105 120 127 157 198 203 222 224 304
 129 : 6 40 114 129 136 139 166 184 207 233 293
 162 : 10 23 39 130 147 217
 180 : 37 91 148 165 180 187 223 235 282
 182 : 30 43 59 93 150 167 189 192 219 225 286
 190 : 47 101 158 190 200 245 273 294
 201 : 49 58 78 112 169 201 211 244 256 279 305
 206 : 1 3 54 63 67 117 174 191 205 206 213 216 243 249 261 289
 229 : 0 5 26 77 86 140 197 214 228 229 236 239 266 272
 241 : 17 89 98 102 118 209 226 241 248 251 278 296
 247 : 18 95 104 108 247 257 284 302
 254 : 2
 267 : 38 62 64 124 128 144 252 267
 274 : 4 22 45 50 71 122 135 242 259 274 281
 277 : 7 25 48 74 125 154 188 262 277 287
 284 : 32 55 79 141 145 161 195 283
 285 : 15 21 33 56 82 133 142 146 162 253 270 285 295
 290 : 20 61 66 85 275 290 297 300
 299 : 29 35 70 75 94 160 176 298 299
SOLUTION:
  Value: -102395.000000
  Assigns: 229 206 299 206 274 229 129 277 23 9 133 154 241 28 219 285 9 241 242 9 109 285 251 23 229 277 229 251 28 299 23 174 284 23 66 299 51 180 28 242 129 180 74 182 247 274 251 47 277 201 274 66 9 277 206 284 285 47 201 182 23 51 201 206 9 28 23 206 100 70 299 274 104 66 277 299 66 229 201 284 219 74 83 83 74 100 229 9 51 241 242 180 9 182 109 247 219 90 241 100 100 23 241 66 247 120 28 70 251 66 100 74 251 70 104 116 116 206 241 109 120 66 154 116 247 23 83 120 251 129 28 274 133 90 51 274 129 100 83 154 229 104 174 100 66 284 285 104 180 66 182 47 109 154 277 100 299 120 247 116 299 83 251 120 109 180 83 182 66 201 66 116 70 174 206 120 299 9 100 180 180 182 104 28 174 83 201 180 133 182 180 206 182 9 90 284 28 229 120 116 201 201 100 120 100 206 206 129 104 241 242 109 28 206 229 51 206 174 116 182 116 66 120 180 120 182 219 9 229 229 66 47 154 129 66 180 229 154 74 229 241 241 274 206 201 277 28 247 241 206 66 241 174 285 70 100 219 247 154 274 182 206 219 180 100 47 229 83 104 284 285 116 229 274 274 120 174 277 241 242 116 274 180 284 247 285 182 277 251 206 247 284 74 129 284 285 241 242 299 299 116 9 219 28 120 201 251 
  Facilities: 34
 9 : 9 16 19 52 64 87 92 177 193 227 301
 23 : 8 23 30 33 60 66 101 125
 28 : 13 28 38 65 106 130 183 196 212 246 303
 47 : 47 57 151 231 265
 51 : 36 61 88 134 215
 66 : 34 51 73 76 103 109 121 144 149 168 170 221 230 234 250
 70 : 69 107 113 172 254
 74 : 42 81 84 111 238 292
 83 : 82 83 126 138 161 166 185 267
 90 : 97 133 194
 100 : 68 85 99 100 110 137 143 155 178 202 204 255 264
 104 : 72 114 141 147 182 208 268
 109 : 20 94 119 152 164 211
 116 : 115 116 123 159 171 199 218 220 271 280 300
 120 : 105 120 127 157 163 175 198 203 222 224 275 304
 129 : 6 40 129 136 207 233 293
 133 : 10 132 188
 154 : 11 122 139 153 232 237 258
 174 : 31 142 173 184 217 252 276
 180 : 37 41 91 148 165 179 180 187 190 223 235 263 282
 182 : 43 59 93 150 167 181 189 192 219 225 260 286
 201 : 49 58 62 78 169 186 200 201 244 305
 206 : 1 3 54 63 67 117 174 191 205 206 213 216 243 249 261 289
 219 : 14 80 96 226 256 262 302
 229 : 0 5 24 26 77 86 140 197 214 228 229 236 239 266 272
 241 : 12 17 89 98 102 118 209 240 241 248 251 278 296
 242 : 18 39 90 210 279 297
 247 : 44 95 104 124 158 247 257 284 290
 251 : 22 27 46 108 112 128 162 288 306
 274 : 4 45 50 71 131 135 242 259 273 274 281
 277 : 7 25 48 53 74 154 245 277 287
 284 : 32 55 79 145 195 269 283 291 294
 285 : 15 21 56 146 253 270 285 295
 299 : 2 29 35 70 75 156 160 176 298 299
