# Time: 3.550000
# Elapsed: 0.990954
# Input_file: splp/CLSC/2133GapCS.txt
# Pool_size: 400
# Iterations: 35
# Final_solutions: 13110
# Vision_range: 0
# Reduction_mode: REDUCTION_RANDOM
SOLUTION:
  Value: -75100.000000
  Assigns: 4 55 84 64 96 35 87 62 28 84 23 1 23 84 94 94 82 4 94 96 59 76 92 92 35 64 82 19 70 59 0 4 70 63 35 64 96 99 62 1 87 19 99 28 91 84 64 4 92 76 1 64 1 82 59 70 92 76 19 82 55 83 28 64 21 83 87 23 1 28 99 21 64 28 28 55 92 63 82 63 96 4 91 99 83 82 99 70 59 4 83 35 98 91 0 98 35 21 0 0 
  Facilities: 25
 0 : 30 94 98 99
 1 : 11 39 50 52 68
 4 : 0 17 31 47 81 89
 19 : 27 41 58
 21 : 64 71 97
 23 : 10 12 67
 28 : 8 43 62 69 73 74
 35 : 5 24 34 91 96
 55 : 1 60 75
 59 : 20 29 54 88
 62 : 7 38
 63 : 33 77 79
 64 : 3 25 35 46 51 63 72
 70 : 28 32 55 87
 76 : 21 49 57
 82 : 16 26 53 59 78 85
 83 : 61 65 84 90
 84 : 2 9 13 45
 87 : 6 40 66
 91 : 44 82 93
 92 : 22 23 48 56 76
 94 : 14 15 18
 96 : 4 19 36 80
 98 : 92 95
 99 : 37 42 70 83 86
SOLUTION:
  Value: -75117.000000
  Assigns: 93 46 79 64 24 51 89 66 94 89 24 27 90 7 94 94 89 89 94 27 59 27 92 79 24 24 82 27 27 59 81 41 69 27 63 66 93 81 69 1 66 56 51 81 66 18 64 51 51 51 1 56 1 82 59 39 81 24 63 18 60 39 17 64 1 56 56 81 1 93 18 39 63 94 69 60 92 90 17 63 18 56 60 46 17 82 41 46 56 79 93 46 46 82 7 7 82 7 90 59 
  Facilities: 25
 1 : 39 50 52 64 68
 7 : 13 94 95 97
 17 : 62 78 84
 18 : 45 59 70 80
 24 : 4 10 24 25 57
 27 : 11 19 21 27 28 33
 39 : 55 61 71
 41 : 31 86
 46 : 1 83 87 91 92
 51 : 5 42 47 48 49
 56 : 41 51 65 66 81 88
 59 : 20 29 54 99
 60 : 60 75 82
 63 : 34 58 72 79
 64 : 3 46 63
 66 : 7 35 40 44
 69 : 32 38 74
 79 : 2 23 89
 81 : 30 37 43 56 67
 82 : 26 53 85 93 96
 89 : 6 9 16 17
 90 : 12 77 98
 92 : 22 76
 93 : 0 36 69 90
 94 : 8 14 15 18 73
SOLUTION:
  Value: -75127.000000
  Assigns: 93 97 26 38 20 26 79 66 38 88 11 22 38 58 88 22 97 14 68 91 39 91 97 88 17 97 44 19 26 26 39 72 14 26 38 66 19 68 20 20 14 19 33 28 91 22 85 33 68 33 88 44 26 44 58 85 39 44 19 11 19 39 17 44 72 85 58 73 97 38 85 39 14 11 88 66 28 93 17 20 72 44 91 58 17 38 39 85 14 79 73 33 33 91 11 90 14 73 90 11 
  Facilities: 25
 11 : 10 59 73 94 99
 14 : 17 32 40 72 88 96
 17 : 24 62 78 84
 19 : 27 36 41 58 60
 20 : 4 38 39 79
 22 : 11 15 45
 26 : 2 5 28 29 33 52
 28 : 43 76
 33 : 42 47 49 91 92
 38 : 3 8 12 34 69 85
 39 : 20 30 56 61 71 86
 44 : 26 51 53 57 63 81
 58 : 13 54 66 83
 66 : 7 35 75
 68 : 18 37 48
 72 : 31 64 80
 73 : 67 90 97
 79 : 6 89
 85 : 46 55 65 70 87
 88 : 9 14 23 50 74
 90 : 95 98
 91 : 19 21 44 82 93
 93 : 0 77
 95 :
 97 : 1 16 22 25 68
SOLUTION:
  Value: -75133.000000
  Assigns: 93 62 52 84 96 26 77 66 88 88 52 1 90 84 88 75 97 97 55 96 59 7 97 48 93 97 75 88 26 59 97 41 52 26 18 66 96 66 71 1 66 56 96 6 52 18 84 71 96 66 1 6 26 56 59 52 77 93 26 18 55 55 41 55 75 48 56 96 1 71 18 95 7 95 88 66 6 90 6 59 96 56 48 71 48 6 41 7 56 96 48 73 75 95 95 7 75 6 90 59 
  Facilities: 25
 1 : 11 39 50 68
 6 : 43 51 76 78 85 97
 7 : 21 72 87 95
 18 : 34 45 59 70
 26 : 5 28 33 52 58
 41 : 31 62 86
 48 : 23 65 82 84 90
 52 : 2 10 32 44 55
 55 : 18 60 61 63
 56 : 41 53 66 81 88
 59 : 20 29 54 79 99
 62 : 1
 66 : 7 35 37 40 49 75
 71 : 38 47 69 83
 73 : 91
 75 : 15 26 64 92 96
 77 : 6 56
 79 :
 84 : 3 13 46
 88 : 8 9 14 27 74
 90 : 12 77 98
 93 : 0 24 57
 95 : 71 73 93 94
 96 : 4 19 36 42 48 67 80 89
 97 : 16 17 22 25 30
SOLUTION:
  Value: -78112.000000
  Assigns: 9 40 56 61 24 35 89 89 38 89 24 81 38 7 94 94 89 67 94 32 59 9 92 92 35 24 31 32 61 80 81 41 9 67 31 64 49 81 9 80 92 56 35 40 9 18 85 85 24 81 80 56 80 61 59 61 81 24 63 18 32 83 80 38 80 9 56 81 61 38 18 85 63 94 67 46 92 63 17 63 18 56 32 40 17 9 41 46 56 41 83 46 46 35 7 7 35 7 7 59 
  Facilities: 26
 7 : 13 94 95 97 98
 9 : 0 21 32 38 44 65 85
 17 : 78 84
 18 : 45 59 70 80
 24 : 4 10 25 48 57
 31 : 26 34
 32 : 19 27 60 82
 35 : 5 24 42 93 96
 38 : 8 12 63 69
 40 : 1 43 83
 41 : 31 86 89
 46 : 75 87 91 92
 49 : 36
 56 : 2 41 51 66 81 88
 59 : 20 54 99
 61 : 3 28 53 55 68
 63 : 58 72 77 79
 64 : 35
 67 : 17 33 74
 80 : 29 39 50 52 62 64
 81 : 11 30 37 49 56 67
 83 : 61 90
 85 : 46 47 71
 89 : 6 7 9 16
 92 : 22 23 40 76
 94 : 14 15 18 73
SOLUTION:
  Value: -78115.000000
  Assigns: 68 10 52 29 96 26 34 22 26 34 52 22 90 7 94 43 58 12 94 96 59 45 57 90 30 57 12 43 26 59 19 25 52 26 51 94 96 68 62 10 54 52 68 22 22 18 86 19 51 51 86 57 26 29 59 54 14 52 19 18 19 94 30 62 62 54 58 96 12 25 18 22 14 54 62 54 34 90 57 59 96 10 30 45 34 45 43 14 57 96 58 51 86 10 57 7 14 7 90 59 
  Facilities: 26
 7 : 13 95 97
 10 : 1 39 81 93
 12 : 17 26 68
 14 : 56 72 87 96
 18 : 45 59 70
 19 : 30 47 58 60
 22 : 7 11 43 44 71
 25 : 31 69
 26 : 5 8 28 33 52
 29 : 3 53
 30 : 24 62 82
 34 : 6 9 76 84
 43 : 15 27 86
 45 : 21 83 85
 51 : 34 48 49 91
 52 : 2 10 32 41 57
 54 : 40 55 65 73 75
 57 : 22 25 51 78 88 94
 58 : 16 66 90
 59 : 20 29 54 79 99
 62 : 38 63 64 74
 68 : 0 37 42
 86 : 46 50 92
 90 : 12 23 77 98
 94 : 14 18 35 61
 96 : 4 19 36 67 80 89
SOLUTION:
  Value: -78115.000000
  Assigns: 93 10 54 42 96 35 35 66 32 42 92 22 90 7 69 3 97 92 68 96 59 32 97 92 35 97 82 68 42 59 97 41 69 41 35 66 96 68 69 10 54 33 33 22 91 84 84 33 68 33 84 73 90 82 59 54 32 93 42 82 55 55 17 69 55 54 3 96 97 25 3 22 7 54 69 66 92 93 17 59 96 10 32 42 3 82 41 7 42 96 73 35 33 91 7 7 35 7 90 59 
  Facilities: 26
 3 : 15 66 70 84
 7 : 13 72 87 94 95 97
 10 : 1 39 81
 17 : 62 78
 22 : 11 43 71
 25 : 69
 32 : 8 21 56 82
 33 : 41 42 47 49 92
 35 : 5 6 24 34 91 96
 41 : 31 33 86
 42 : 3 9 28 58 83 88
 54 : 2 40 55 65 73
 55 : 60 61 64
 59 : 20 29 54 79 99
 66 : 7 35 75
 68 : 18 27 37 48
 69 : 14 32 38 63 74
 73 : 51 90
 82 : 26 53 59 85
 84 : 45 46 50
 90 : 12 52 98
 91 : 44 93
 92 : 10 17 23 76
 93 : 0 57 77
 96 : 4 19 36 67 80 89
 97 : 16 22 25 30 68
SOLUTION:
  Value: -78127.000000
  Assigns: 68 62 52 15 96 12 13 22 88 88 24 22 15 30 88 75 82 12 68 96 59 45 57 48 30 24 12 68 37 59 19 25 52 63 31 33 96 68 62 31 54 52 33 22 22 54 15 33 24 15 88 57 62 82 59 54 31 24 19 82 19 15 30 62 75 54 75 96 12 25 25 22 14 13 88 37 77 63 57 63 96 37 30 45 48 82 63 14 57 96 48 33 13 82 57 45 14 75 45 59 
  Facilities: 26
 12 : 5 17 26 68
 13 : 6 73 92
 14 : 72 87 96
 15 : 3 12 46 49 61
 19 : 30 58 60
 22 : 7 11 43 44 71
 24 : 10 25 48 57
 25 : 31 69 70
 30 : 13 24 62 82
 31 : 34 39 56
 33 : 35 42 47 91
 37 : 28 75 81
 45 : 21 83 95 98
 48 : 23 84 90
 52 : 2 32 41
 54 : 40 45 55 65
 57 : 22 51 78 88 94
 59 : 20 29 54 99
 62 : 1 38 52 63
 63 : 33 77 79 86
 68 : 0 18 27 37
 75 : 15 64 66 97
 77 : 76
 82 : 16 53 59 85 93
 88 : 8 9 14 50 74
 96 : 4 19 36 67 80 89
SOLUTION:
  Value: -78130.000000
  Assigns: 79 55 26 29 38 26 13 62 38 50 23 77 38 30 98 50 49 92 76 96 76 76 57 92 30 57 13 16 26 80 29 41 69 26 23 49 96 38 69 80 55 49 96 30 76 18 36 98 92 76 23 57 50 76 69 23 17 76 30 18 55 55 16 38 80 36 29 23 77 38 18 16 98 13 77 55 80 36 57 41 96 36 16 45 34 45 41 41 57 13 36 16 13 79 16 98 16 16 16 45 
  Facilities: 26
 13 : 6 26 73 89 92
 16 : 27 62 71 82 91 94 96 97 98
 17 : 56
 18 : 45 59 70
 23 : 10 34 50 55 67
 26 : 2 5 28 33
 29 : 3 30 66
 30 : 13 24 43 58
 34 : 84
 36 : 46 65 77 81 90
 38 : 4 8 12 37 63 69
 41 : 31 79 86 87
 45 : 83 85 99
 49 : 16 35 41
 50 : 9 15 52
 55 : 1 40 60 61 75
 57 : 22 25 51 78 88
 62 : 7
 69 : 32 38 54
 76 : 18 20 21 44 49 53 57
 77 : 11 68 74
 79 : 0 93
 80 : 29 39 64 76
 92 : 17 23 48
 96 : 19 36 42 80
 98 : 14 47 72 95
SOLUTION:
  Value: -78137.000000
  Assigns: 70 40 54 42 76 12 70 66 21 42 65 86 15 30 43 75 82 12 65 73 43 76 97 40 15 97 12 43 42 30 19 25 70 40 23 66 25 66 53 40 54 19 5 40 15 54 86 19 12 15 23 73 53 82 23 70 86 76 30 82 55 15 30 55 21 54 75 23 12 25 21 21 19 54 62 66 70 66 82 40 83 46 30 42 83 82 43 70 42 23 42 21 86 82 53 5 75 21 42 75 
  Facilities: 26
 5 : 42 95
 12 : 5 17 26 48 68
 15 : 12 24 44 49 61
 19 : 30 41 47 72
 21 : 8 64 70 71 91 97
 23 : 34 50 54 67 89
 25 : 31 36 69
 30 : 13 29 58 62 82
 40 : 1 23 33 39 43 79
 42 : 3 9 28 83 88 90 98
 43 : 14 20 27 86
 46 : 81
 53 : 38 52 94
 54 : 2 40 45 65 73
 55 : 60 63
 62 : 74
 65 : 10 18
 66 : 7 35 37 75 77
 70 : 0 6 32 55 76 87
 73 : 19 51
 75 : 15 66 96 99
 76 : 4 21 57
 82 : 16 53 59 78 85 93
 83 : 80 84
 86 : 11 46 56 92
 97 : 22 25
