# Time: 950.130005
# Elapsed: 246.309616
# Input_file: splp/M/Q/MQ3
# Pool_size: 400
# Iterations: 7
# Final_solutions: 1923
# Vision_range: 600
# Reduction_mode: REDUCTION_DISPERSE
# Dissimilitude: DISSIM_CLIENTDELTA
SOLUTION:
  Value: -4275.430990
  Assigns: 108 286 286 258 108 284 258 286 286 108 286 284 108 108 258 108 286 284 284 258 286 258 286 108 45 108 108 286 258 45 45 286 286 108 284 45 45 258 286 45 284 258 45 45 45 284 258 258 284 45 284 258 258 45 284 258 286 286 286 284 108 284 258 45 45 258 258 286 284 108 284 258 286 284 45 286 45 286 286 284 284 108 284 108 284 45 108 286 286 284 108 258 108 108 258 284 284 284 108 45 108 286 108 108 108 108 108 258 284 286 284 258 45 45 45 258 258 286 108 45 45 284 286 108 258 286 286 284 258 45 284 45 284 286 258 258 45 284 45 258 45 45 284 108 108 108 284 284 108 284 45 108 108 258 258 45 108 284 45 284 258 45 286 284 286 286 284 45 284 45 45 286 284 286 286 286 45 286 286 284 284 45 286 258 108 284 108 284 45 286 286 45 258 45 286 108 286 258 108 108 258 286 284 258 45 258 45 108 45 284 45 45 45 286 108 258 286 286 45 284 286 284 286 45 258 258 45 45 258 284 258 258 258 45 45 108 108 286 284 284 45 258 284 45 45 45 108 286 286 108 108 45 258 258 258 258 286 286 108 258 45 108 108 45 286 286 286 284 108 45 258 108 286 108 284 284 284 45 45 284 286 108 286 108 286 286 286 286 45 286 284 258 258 45 258 284 286 45 284 108 
  Facilities: 5
 45 : 24 29 30 35 36 39 42 43 44 49 53 63 64 74 76 85 99 112 113 114 119 120 129 131 136 138 140 141 150 155 158 161 167 169 170 176 181 188 191 193 204 206 208 210 211 212 218 223 226 227 233 234 240 243 244 245 251 260 263 269 277 278 288 293 297
 108 : 0 4 9 12 13 15 23 25 26 33 60 69 81 83 86 90 92 93 98 100 102 103 104 105 106 118 123 143 144 145 148 151 152 156 184 186 195 198 199 207 214 235 236 246 249 250 258 261 262 268 271 273 281 283 299
 258 : 3 6 14 19 21 28 37 41 46 47 51 52 55 62 65 66 71 91 94 107 111 115 116 124 128 134 135 139 153 154 160 183 192 197 200 203 205 215 224 225 228 230 231 232 241 252 253 254 255 259 270 291 292 294
 284 : 5 11 17 18 34 40 45 48 50 54 59 61 68 70 73 79 80 82 84 89 95 96 97 108 110 121 127 130 132 137 142 146 147 149 157 159 163 166 168 172 179 180 185 187 202 209 219 221 229 238 239 242 267 274 275 276 279 290 295 298
 286 : 1 2 7 8 10 16 20 22 27 31 32 38 56 57 58 67 72 75 77 78 87 88 101 109 117 122 125 126 133 162 164 165 171 173 174 175 177 178 182 189 190 194 196 201 213 216 217 220 222 237 247 248 256 257 264 265 266 272 280 282 284 285 286 287 289 296
SOLUTION:
  Value: -4296.606840
  Assigns: 7 7 284 7 108 284 108 7 45 205 7 7 108 7 7 108 7 284 284 7 284 284 7 205 45 7 7 7 7 45 45 205 205 205 284 45 45 205 205 45 284 205 205 205 7 284 108 7 284 45 284 7 284 7 284 108 205 7 205 284 108 284 205 45 7 108 205 284 284 108 284 7 7 284 45 108 45 108 108 284 284 108 7 108 205 45 108 7 205 284 108 7 108 7 284 284 205 284 108 45 108 205 108 108 7 108 205 7 7 284 7 7 45 205 45 7 108 108 108 45 45 284 284 205 45 7 45 284 108 205 284 7 284 205 45 284 45 284 7 205 45 45 284 108 108 108 205 7 108 284 45 7 108 7 7 45 108 205 7 284 284 45 7 284 108 45 284 45 205 45 7 205 7 284 205 284 45 7 108 205 284 45 108 205 108 7 108 284 45 205 205 45 108 45 7 108 284 284 108 205 284 45 284 205 45 284 45 108 205 284 7 7 45 45 108 205 284 7 45 284 7 284 7 45 45 7 45 45 205 284 7 205 108 45 45 108 108 7 205 205 205 7 284 7 45 45 108 45 45 108 108 45 284 205 45 45 205 7 108 284 205 108 108 45 205 108 205 284 205 205 7 7 205 108 284 284 284 205 205 284 284 7 205 108 205 7 7 284 7 7 284 108 7 205 284 284 284 45 284 108 
  Facilities: 5
 7 : 0 1 3 7 10 11 13 14 16 19 22 25 26 27 28 44 47 51 53 57 64 71 72 82 87 91 93 104 107 108 110 111 115 125 131 138 147 151 153 154 158 162 170 172 177 185 194 210 211 217 220 222 225 230 237 241 243 257 270 271 281 285 286 288 289 292
 45 : 8 24 29 30 35 36 39 49 63 74 76 85 99 112 114 119 120 124 126 134 136 140 141 150 155 161 165 167 169 176 181 188 191 193 201 204 206 212 213 218 223 224 226 227 233 234 244 245 247 248 251 254 255 263 297
 108 : 4 6 12 15 46 55 60 65 69 75 77 78 81 83 86 90 92 98 100 102 103 105 116 117 118 128 143 144 145 148 152 156 164 178 182 184 186 192 195 198 207 214 232 235 236 246 249 250 258 261 262 265 273 283 291 299
 205 : 9 23 31 32 33 37 38 41 42 43 56 58 62 66 84 88 96 101 106 113 123 129 133 139 146 157 168 171 174 179 183 189 190 199 203 208 215 228 231 238 239 240 253 256 260 264 266 268 269 272 277 278 282 284 293
 284 : 2 5 17 18 20 21 34 40 45 48 50 52 54 59 61 67 68 70 73 79 80 89 94 95 97 109 121 122 127 130 132 135 137 142 149 159 160 163 166 173 175 180 187 196 197 200 202 205 209 216 219 221 229 242 252 259 267 274 275 276 279 280 287 290 294 295 296 298
SOLUTION:
  Value: -4312.625970
  Assigns: 108 286 286 258 108 258 258 286 286 108 286 108 108 108 258 108 286 286 45 258 286 258 286 108 45 108 108 286 258 45 45 286 286 108 45 45 45 258 286 45 258 258 45 45 45 108 258 258 108 45 258 258 258 45 258 258 286 286 286 258 108 108 258 45 45 258 258 286 45 108 258 258 286 45 45 286 45 286 286 286 258 108 45 108 286 45 108 286 286 286 108 258 108 108 258 258 258 258 108 45 108 286 108 108 108 108 108 258 108 286 45 258 45 45 45 258 258 286 108 45 45 258 286 108 258 286 286 45 258 45 108 45 286 286 258 258 45 108 45 258 45 45 108 108 108 108 258 45 108 45 45 108 108 258 258 45 108 108 45 286 258 45 286 286 286 286 45 45 108 45 45 286 258 286 286 286 45 286 286 108 45 45 286 258 108 108 108 286 45 286 286 45 258 45 286 108 286 258 108 108 258 286 45 258 45 258 45 108 45 258 45 45 45 286 108 258 286 286 45 45 286 286 286 45 258 258 45 45 258 45 258 258 258 45 45 108 108 286 286 45 45 258 108 45 45 45 108 286 286 108 108 45 258 258 258 258 286 286 108 258 45 108 108 45 286 286 286 108 108 45 258 108 286 108 45 45 45 45 45 108 286 108 286 108 286 286 286 286 45 286 45 258 258 45 258 258 286 45 108 108 
  Facilities: 4
 45 : 18 24 29 30 34 35 36 39 42 43 44 49 53 63 64 68 73 74 76 82 85 99 110 112 113 114 119 120 127 129 131 136 138 140 141 147 149 150 155 158 161 166 167 169 170 176 180 181 188 191 193 202 204 206 208 210 211 212 218 219 223 226 227 229 233 234 239 240 243 244 245 251 260 263 269 274 275 276 277 278 288 290 293 297
 108 : 0 4 9 11 12 13 15 23 25 26 33 45 48 60 61 69 81 83 86 90 92 93 98 100 102 103 104 105 106 108 118 123 130 137 142 143 144 145 148 151 152 156 157 168 179 184 185 186 195 198 199 207 214 235 236 242 246 249 250 258 261 262 267 268 271 273 279 281 283 298 299
 258 : 3 5 6 14 19 21 28 37 40 41 46 47 50 51 52 54 55 59 62 65 66 70 71 80 91 94 95 96 97 107 111 115 116 121 124 128 134 135 139 146 153 154 160 172 183 192 197 200 203 205 209 215 224 225 228 230 231 232 241 252 253 254 255 259 270 291 292 294 295
 286 : 1 2 7 8 10 16 17 20 22 27 31 32 38 56 57 58 67 72 75 77 78 79 84 87 88 89 101 109 117 122 125 126 132 133 159 162 163 164 165 171 173 174 175 177 178 182 187 189 190 194 196 201 213 216 217 220 221 222 237 238 247 248 256 257 264 265 266 272 280 282 284 285 286 287 289 296
SOLUTION:
  Value: -4333.207420
  Assigns: 179 179 284 258 108 284 258 258 45 179 258 179 108 108 258 108 258 179 284 258 284 258 258 179 45 108 108 179 258 45 45 179 179 108 284 45 45 258 108 45 179 258 45 45 179 179 258 258 284 45 284 258 258 45 284 258 284 179 179 284 108 179 258 45 45 258 258 179 284 108 284 258 108 284 45 108 45 179 108 284 179 108 284 108 179 179 179 179 179 284 108 258 108 108 258 284 284 179 108 45 108 258 108 108 108 108 108 258 284 284 179 258 179 179 45 258 258 108 108 45 45 284 284 108 258 108 45 284 258 45 284 45 284 179 258 258 45 284 45 258 45 45 284 108 108 108 284 179 108 284 45 108 108 258 258 45 108 284 45 284 258 179 45 284 108 45 179 45 284 45 45 258 284 284 108 284 179 284 108 284 284 179 108 258 108 179 108 284 45 258 258 45 179 45 179 108 284 258 108 108 258 45 284 258 179 258 45 108 45 284 179 45 45 45 179 179 284 179 45 284 179 284 258 45 258 258 45 45 258 179 258 258 258 45 45 108 108 284 284 179 45 179 284 45 179 45 108 179 179 108 108 179 258 258 258 258 179 258 108 258 179 108 179 45 45 258 108 284 179 45 258 108 179 108 284 284 284 45 45 284 179 108 179 108 258 258 179 179 45 45 284 258 258 179 258 284 179 45 179 108 
  Facilities: 5
 45 : 8 24 29 30 35 36 39 42 43 49 53 63 64 74 76 99 114 119 120 126 129 131 136 138 140 141 150 155 158 162 165 167 169 170 188 191 193 201 206 208 211 212 213 218 223 226 227 233 234 240 243 245 263 264 269 277 278 288 289 297
 108 : 4 12 13 15 25 26 33 38 60 69 72 75 78 81 83 90 92 93 98 100 102 103 104 105 106 117 118 123 125 143 144 145 148 151 152 156 164 174 178 182 184 186 195 198 199 207 235 236 246 249 250 258 261 266 271 273 281 283 299
 179 : 0 1 9 11 17 23 27 31 32 40 44 45 57 58 61 67 77 80 84 85 86 87 88 97 110 112 113 133 147 161 166 176 181 185 192 194 204 210 214 215 217 220 229 239 241 244 247 248 251 256 260 262 268 272 280 282 286 287 293 296 298
 258 : 3 6 7 10 14 16 19 21 22 28 37 41 46 47 51 52 55 62 65 66 71 91 94 101 107 111 115 116 124 128 134 135 139 153 154 160 171 183 189 190 197 200 203 205 222 224 225 228 230 231 232 252 253 254 255 257 259 265 270 284 285 291 292 294
 284 : 2 5 18 20 34 48 50 54 56 59 68 70 73 79 82 89 95 96 108 109 121 122 127 130 132 137 142 146 149 157 159 163 168 172 173 175 177 179 180 187 196 202 209 216 219 221 237 238 242 267 274 275 276 279 290 295
SOLUTION:
  Value: -4342.289760
  Assigns: 205 284 284 108 108 284 108 108 45 205 205 284 108 108 205 108 284 284 284 108 284 284 45 205 45 108 205 205 45 45 45 205 205 205 284 45 45 205 205 45 284 205 205 205 45 284 108 108 284 45 284 205 284 45 284 108 205 45 205 284 108 284 205 45 45 108 205 284 284 108 284 205 108 284 45 108 45 108 108 284 284 108 284 108 205 45 108 284 205 284 108 284 108 108 284 284 205 284 108 45 108 205 108 108 108 108 205 45 284 284 205 205 45 205 45 284 108 108 108 45 45 284 284 205 45 205 45 284 108 205 284 205 284 205 45 284 45 284 45 205 45 45 284 108 108 108 205 205 108 284 45 108 108 45 284 45 108 205 45 284 284 45 205 284 108 45 284 45 205 45 45 205 205 284 205 284 45 284 108 205 284 45 108 205 108 284 108 284 45 205 205 45 108 45 205 108 284 284 108 205 284 45 284 205 45 284 45 108 205 284 45 45 45 45 108 205 284 284 45 284 205 284 45 45 45 284 45 45 205 284 284 205 108 45 45 108 108 205 205 205 205 45 284 45 45 45 108 45 45 108 108 45 284 205 45 45 205 45 108 284 205 108 108 45 205 108 205 284 205 205 205 108 205 108 284 284 284 205 205 284 284 108 205 108 205 205 108 284 45 45 284 108 205 205 284 284 284 45 284 108 
  Facilities: 4
 45 : 8 22 24 28 29 30 35 36 39 44 49 53 57 63 64 74 76 85 99 107 112 114 119 120 124 126 134 136 138 140 141 150 153 155 158 161 165 167 169 170 176 181 188 191 193 201 204 206 210 211 212 213 218 222 223 224 226 227 233 234 241 243 244 245 247 248 251 254 255 257 263 288 289 297
 108 : 3 4 6 7 12 13 15 19 25 46 47 55 60 65 69 72 75 77 78 81 83 86 90 92 93 98 100 102 103 104 105 116 117 118 128 143 144 145 148 151 152 156 164 178 182 184 186 192 195 198 207 214 232 235 236 246 249 250 258 261 262 265 271 273 281 283 286 291 299
 205 : 0 9 10 14 23 26 27 31 32 33 37 38 41 42 43 51 56 58 62 66 71 84 88 96 101 106 110 111 113 123 125 129 131 133 139 146 147 157 162 168 171 172 174 179 183 189 190 194 199 203 208 215 220 228 231 237 238 239 240 253 256 260 264 266 268 269 270 272 277 278 282 284 285 292 293
 284 : 1 2 5 11 16 17 18 20 21 34 40 45 48 50 52 54 59 61 67 68 70 73 79 80 82 87 89 91 94 95 97 108 109 115 121 122 127 130 132 135 137 142 149 154 159 160 163 166 173 175 177 180 185 187 196 197 200 202 205 209 216 217 219 221 225 229 230 242 252 259 267 274 275 276 279 280 287 290 294 295 296 298
SOLUTION:
  Value: -4348.346640
  Assigns: 179 179 45 258 108 258 258 258 45 179 258 179 108 108 258 108 258 179 45 258 258 258 258 179 45 108 108 179 258 45 45 179 179 108 45 45 45 258 108 45 179 258 45 45 179 179 258 258 108 45 179 258 258 45 179 258 45 179 179 258 108 179 258 45 45 258 258 179 179 108 258 258 108 45 45 108 45 179 108 45 179 108 179 108 179 179 179 179 179 108 108 258 108 108 258 179 258 179 108 45 108 258 108 108 108 108 108 258 108 108 179 258 179 179 45 258 258 108 108 45 45 258 108 108 258 108 45 179 258 45 108 45 258 179 258 258 45 108 45 258 45 45 108 108 108 108 258 179 108 45 45 108 108 258 258 45 108 108 45 45 258 179 45 258 108 45 179 45 108 45 45 258 258 179 108 108 179 45 108 179 45 179 108 258 108 179 108 258 45 258 258 45 179 45 179 108 108 258 108 108 258 45 179 258 179 258 45 108 45 258 179 45 45 45 179 179 179 179 45 179 179 179 258 45 258 258 45 45 258 179 258 258 258 45 45 108 108 179 179 179 45 179 108 45 179 45 108 179 179 108 108 179 258 258 258 258 179 258 108 258 179 108 179 45 45 258 108 179 179 45 258 108 179 108 45 179 179 45 45 108 179 108 179 108 258 258 179 179 45 45 45 258 258 179 258 258 179 45 179 108 
  Facilities: 4
 45 : 2 8 18 24 29 30 34 35 36 39 42 43 49 53 56 63 64 73 74 76 79 99 114 119 120 126 129 131 136 138 140 141 149 150 155 158 159 162 165 167 169 170 177 180 188 191 193 201 206 208 211 212 213 218 223 226 227 233 234 240 243 245 263 264 269 274 277 278 288 289 290 297
 108 : 4 12 13 15 25 26 33 38 48 60 69 72 75 78 81 83 89 90 92 93 98 100 102 103 104 105 106 108 109 117 118 122 123 125 130 137 142 143 144 145 148 151 152 156 157 164 168 174 175 178 182 184 186 195 196 198 199 207 235 236 242 246 249 250 258 261 266 271 273 279 281 283 299
 179 : 0 1 9 11 17 23 27 31 32 40 44 45 50 54 57 58 61 67 68 77 80 82 84 85 86 87 88 95 97 110 112 113 127 133 147 161 166 173 176 179 181 185 192 194 202 204 210 214 215 216 217 219 220 221 229 237 238 239 241 244 247 248 251 256 260 262 267 268 272 275 276 280 282 286 287 293 296 298
 258 : 3 5 6 7 10 14 16 19 20 21 22 28 37 41 46 47 51 52 55 59 62 65 66 70 71 91 94 96 101 107 111 115 116 121 124 128 132 134 135 139 146 153 154 160 163 171 172 183 187 189 190 197 200 203 205 209 222 224 225 228 230 231 232 252 253 254 255 257 259 265 270 284 285 291 292 294 295
SOLUTION:
  Value: -4350.517590
  Assigns: 108 144 144 258 108 258 144 144 45 108 258 144 108 108 258 108 258 144 144 258 258 258 144 108 45 108 144 258 258 45 45 144 144 144 45 45 45 258 108 45 258 144 45 45 45 144 258 258 108 144 144 258 258 144 144 258 144 144 144 258 108 108 258 45 45 258 144 258 144 108 258 258 108 45 45 108 45 108 108 144 144 108 144 108 144 144 108 144 144 108 108 258 144 108 144 258 144 258 108 45 108 144 108 144 108 108 144 258 108 108 144 258 144 45 45 258 258 108 108 45 45 144 108 144 258 144 45 45 258 45 144 144 144 144 258 258 45 108 45 258 45 45 144 108 108 108 258 144 108 45 45 108 108 258 258 45 108 108 45 45 258 144 144 258 108 45 144 45 144 45 45 258 258 144 144 108 45 144 144 144 144 45 144 258 144 144 108 258 45 258 144 45 258 45 45 144 108 258 108 144 258 45 144 258 45 258 45 108 45 258 45 45 45 45 108 258 108 258 45 144 258 144 144 45 144 258 45 45 258 45 258 144 258 45 45 108 144 144 258 144 45 144 108 144 144 45 108 144 144 108 108 144 258 258 258 258 258 258 108 258 144 108 108 45 144 144 108 108 144 45 258 108 144 108 45 144 45 144 45 108 144 108 144 108 258 144 108 45 45 45 144 258 144 45 258 258 258 45 144 108 
  Facilities: 4
 45 : 8 24 29 30 34 35 36 39 42 43 44 63 64 73 74 76 99 113 114 119 120 126 127 129 136 138 140 141 149 150 155 158 159 165 167 169 170 176 181 188 191 193 194 201 204 206 208 210 211 212 213 218 223 226 227 229 233 234 240 245 263 269 274 276 278 287 288 289 293 297
 108 : 0 4 9 12 13 15 23 25 38 48 60 61 69 72 75 77 78 81 83 86 89 90 93 98 100 102 104 105 108 109 117 118 122 137 143 144 145 148 151 152 156 157 164 175 186 196 198 207 214 216 235 242 246 249 250 258 261 262 266 267 271 273 279 281 283 286 299
 144 : 1 2 6 7 11 17 18 22 26 31 32 33 41 45 49 50 53 54 56 57 58 66 68 79 80 82 84 85 87 88 92 94 96 101 103 106 110 112 121 123 125 130 131 132 133 142 147 161 162 166 168 173 174 177 178 179 180 182 184 185 190 195 199 202 219 221 222 224 231 236 237 239 241 243 244 247 248 251 260 264 265 268 272 275 277 280 282 285 290 292 298
 258 : 3 5 10 14 16 19 20 21 27 28 37 40 46 47 51 52 55 59 62 65 67 70 71 91 95 97 107 111 115 116 124 128 134 135 139 146 153 154 160 163 171 172 183 187 189 192 197 200 203 205 209 215 217 220 225 228 230 232 238 252 253 254 255 256 257 259 270 284 291 294 295 296
SOLUTION:
  Value: -4363.652470
  Assigns: 108 170 170 258 108 284 258 170 45 108 170 284 108 108 258 108 258 284 284 258 284 258 170 170 45 108 108 170 258 45 45 258 170 170 170 45 45 258 170 45 284 170 45 45 170 170 258 258 284 45 170 170 258 170 284 170 170 170 170 284 108 284 258 45 45 258 258 170 284 108 284 258 108 284 45 108 45 108 108 284 284 108 284 108 170 45 170 170 108 284 108 170 108 108 258 284 284 284 108 45 170 170 108 108 108 108 170 258 284 284 170 258 170 45 45 258 258 170 108 45 45 284 284 108 258 108 45 284 258 45 284 170 284 170 258 258 45 284 45 258 45 45 284 108 108 170 170 284 108 284 45 108 108 258 258 45 108 170 45 284 170 170 45 284 108 170 284 170 284 45 45 258 170 284 108 284 170 284 108 284 284 45 108 258 108 284 108 284 45 258 258 45 258 45 170 108 284 258 108 108 258 170 284 170 45 258 45 108 45 284 45 170 45 45 108 258 284 170 45 284 170 284 258 45 258 258 45 45 258 284 258 170 170 45 45 108 108 284 284 170 45 258 284 45 170 45 108 45 170 108 108 45 170 258 258 258 258 258 170 258 45 108 170 45 170 258 108 284 108 45 258 170 258 108 170 284 284 170 45 284 284 108 170 108 170 170 108 170 45 45 284 258 258 45 258 284 170 45 284 108 
  Facilities: 5
 45 : 8 24 29 30 35 36 39 42 43 49 63 64 74 76 85 99 113 114 119 120 126 129 136 138 140 141 150 155 158 162 169 170 181 188 191 193 204 206 208 210 212 213 218 223 226 227 233 234 240 243 245 247 251 260 263 269 278 288 289 293 297
 108 : 0 4 9 12 13 15 25 26 60 69 72 75 77 78 81 83 88 90 92 93 98 102 103 104 105 118 123 125 143 144 148 151 152 156 164 174 178 182 184 186 195 198 199 207 214 235 236 246 249 250 261 266 268 273 281 283 286 299
 170 : 1 2 7 10 22 23 27 32 33 34 38 41 44 45 50 51 53 55 56 57 58 67 84 86 87 91 100 101 106 110 112 117 131 133 145 146 157 160 161 165 167 172 176 194 201 203 211 217 220 231 232 239 244 248 252 258 262 264 271 274 277 282 284 285 287 296
 258 : 3 6 14 16 19 21 28 31 37 46 47 52 62 65 66 71 94 107 111 115 116 124 128 134 135 139 153 154 171 183 189 190 192 197 200 205 215 222 224 225 228 230 241 253 254 255 256 257 259 265 270 272 291 292 294
 284 : 5 11 17 18 20 40 48 54 59 61 68 70 73 79 80 82 89 95 96 97 108 109 121 122 127 130 132 137 142 147 149 159 163 166 168 173 175 177 179 180 185 187 196 202 209 216 219 221 229 237 238 242 267 275 276 279 280 290 295 298
SOLUTION:
  Value: -4382.291690
  Assigns: 253 286 286 108 108 45 108 286 286 253 286 108 108 253 108 108 286 253 253 253 286 286 286 253 45 108 108 286 253 45 45 253 286 108 253 45 45 286 286 45 253 253 45 45 253 253 108 286 108 45 253 253 253 45 253 108 253 286 286 45 108 108 253 45 45 286 108 286 253 108 253 253 286 45 45 286 45 286 286 253 253 108 45 108 286 253 108 253 253 286 108 253 108 108 253 108 45 253 108 45 108 286 108 108 108 253 108 45 108 286 45 253 45 45 45 253 253 253 108 253 45 253 286 108 45 253 286 253 108 45 253 253 286 286 253 45 45 108 253 45 45 45 108 108 108 108 253 253 108 45 45 108 108 45 253 45 108 253 45 286 286 253 286 286 286 286 253 45 253 253 45 286 253 286 286 286 45 286 286 253 253 253 286 253 108 253 108 286 45 253 286 45 253 45 286 253 286 45 253 253 108 286 45 108 45 286 45 108 253 253 45 45 45 286 253 45 253 253 45 253 253 286 286 45 45 253 45 45 286 253 286 253 253 253 45 108 108 286 253 253 45 253 108 45 45 45 108 286 286 253 108 45 253 45 253 253 286 286 253 286 45 108 108 253 253 286 286 253 253 45 253 253 286 108 253 45 45 45 45 108 286 108 253 108 286 286 286 286 45 253 45 108 45 45 253 286 286 45 108 108 
  Facilities: 4
 45 : 5 24 29 30 35 36 39 42 43 49 53 59 63 64 73 74 76 82 96 99 107 110 112 113 114 120 124 129 135 136 139 140 141 149 150 153 155 158 167 170 176 188 191 193 197 202 204 206 210 211 212 215 218 223 224 226 227 234 240 243 244 245 251 253 260 269 275 276 277 278 288 290 292 293 297
 108 : 3 4 6 11 12 14 15 25 26 33 46 48 55 60 61 66 69 81 83 86 90 92 93 95 98 100 102 103 104 106 108 118 123 128 137 142 143 144 145 148 151 152 156 184 186 200 203 207 235 236 242 246 250 261 262 273 279 281 283 291 298 299
 253 : 0 9 13 17 18 19 23 28 31 34 40 41 44 45 50 51 52 54 56 62 68 70 71 79 80 85 87 88 91 94 97 105 111 115 116 117 119 121 125 127 130 131 134 138 146 147 154 157 161 166 168 169 172 179 180 181 183 185 189 192 195 198 199 208 209 214 216 217 219 220 225 229 231 232 233 238 239 241 249 252 254 255 258 263 264 267 268 270 271 274 282 289 294
 286 : 1 2 7 8 10 16 20 21 22 27 32 37 38 47 57 58 65 67 72 75 77 78 84 89 101 109 122 126 132 133 159 160 162 163 164 165 171 173 174 175 177 178 182 187 190 194 196 201 205 213 221 222 228 230 237 247 248 256 257 259 265 266 272 280 284 285 286 287 295 296
SOLUTION:
  Value: -4389.057800
  Assigns: 7 88 88 7 108 45 88 88 45 88 7 7 108 7 88 108 7 205 88 7 7 88 7 205 45 7 7 7 7 45 45 88 205 205 45 88 45 205 205 45 45 205 205 205 7 88 108 7 7 45 88 7 108 7 205 88 88 7 205 45 108 88 205 45 7 108 88 88 88 88 45 7 7 45 45 108 45 108 108 7 88 108 7 108 88 45 108 88 205 108 108 7 108 7 88 205 88 88 108 45 108 88 108 108 7 108 205 7 7 108 88 88 45 205 45 7 88 108 108 45 45 45 88 205 88 88 45 45 108 205 88 7 7 205 88 45 45 108 7 205 45 45 108 108 108 108 205 7 108 88 45 7 108 7 7 45 108 205 7 45 88 45 7 88 108 88 45 88 88 45 7 205 7 205 88 205 45 7 108 205 45 88 88 205 108 7 108 205 45 205 205 45 108 45 88 108 108 7 108 205 205 45 7 205 45 7 45 108 205 7 7 7 45 45 88 205 88 88 88 7 7 88 7 45 45 7 45 45 205 88 88 205 108 45 88 88 88 7 205 205 205 7 108 88 88 45 108 88 45 88 108 88 7 205 88 45 205 88 108 7 205 108 108 45 205 108 205 88 205 205 7 7 205 88 45 88 88 205 205 88 205 7 205 108 205 7 88 7 7 7 205 88 7 205 88 88 88 45 108 108 
  Facilities: 5
 7 : 0 3 10 11 13 16 19 20 22 25 26 27 28 44 47 48 51 53 57 64 71 72 79 82 91 93 104 107 108 115 131 132 138 147 151 153 154 158 162 170 172 177 185 197 202 205 209 210 211 219 220 222 225 237 241 252 259 270 271 281 285 287 288 289 292
 45 : 5 8 24 29 30 34 36 39 40 49 59 63 70 73 74 76 85 99 112 114 119 120 121 126 127 135 136 140 141 150 155 159 161 166 169 176 180 188 191 193 201 204 206 212 213 223 224 226 227 233 245 248 255 263 274 297
 88 : 1 2 6 7 9 14 18 21 31 35 45 50 55 56 61 66 67 68 69 80 84 87 94 96 97 101 110 111 116 122 124 125 130 134 149 160 163 165 167 168 174 181 182 194 214 216 217 218 221 229 230 234 235 236 243 244 247 249 251 254 257 267 273 275 276 279 286 291 294 295 296
 108 : 4 12 15 46 52 60 65 75 77 78 81 83 86 89 90 92 98 100 102 103 105 109 117 118 128 137 142 143 144 145 148 152 156 164 178 184 186 192 195 196 198 207 232 242 246 250 258 261 262 265 283 298 299
 205 : 17 23 32 33 37 38 41 42 43 54 58 62 88 95 106 113 123 129 133 139 146 157 171 173 175 179 183 187 189 190 199 200 203 208 215 228 231 238 239 240 253 256 260 264 266 268 269 272 277 278 280 282 284 290 293
