# Time: 82106.671875
# Elapsed: 7302.107910
# Input_file: splp/KoerkelGhosh-sym/750/a/gs750a-2
# Pool_size: 400
# Iterations: 74
# Final_solutions: 28321
# Vision_range: 600
# Reduction_mode: REDUCTION_DISPERSE
# Dissimilitude: DISSIM_HAUSDORFF
# Facility_dist: FDISMODE_SUMOFDELTAS
SOLUTION:
  Value: -764718.000000
  Assigns: 245 521 521 740 509 190 654 363 443 121 447 65 121 399 17 708 649 107 709 211 493 638 211 509 161 497 0 290 473 493 708 335 484 245 541 399 91 478 297 65 456 107 265 478 708 473 0 456 541 212 654 190 121 107 363 407 161 447 17 290 403 507 708 51 340 245 0 403 65 265 740 660 224 424 51 93 456 410 730 552 297 509 335 224 656 635 656 447 708 224 190 478 672 290 61 232 297 212 335 720 190 656 552 497 638 660 645 17 740 478 335 121 740 232 403 493 473 91 447 245 399 190 91 541 635 65 473 456 493 51 635 645 521 265 730 212 638 424 672 656 245 107 509 635 424 121 497 212 245 730 213 740 708 399 232 132 51 478 107 473 415 410 403 660 212 672 335 132 91 484 61 17 332 290 638 107 399 132 493 51 61 161 473 473 410 493 410 552 507 656 121 654 709 245 552 121 654 407 42 245 51 61 424 224 415 645 730 403 656 410 415 42 672 497 93 649 649 399 399 654 121 708 403 456 190 42 290 211 224 484 315 509 456 315 443 521 211 297 708 708 93 456 424 654 415 0 213 0 552 645 443 484 507 660 407 425 730 42 654 645 740 425 660 297 232 473 121 65 61 290 635 709 473 399 363 132 340 478 720 93 730 740 297 315 552 410 61 645 456 456 93 497 42 478 447 720 363 315 315 265 17 720 132 315 493 478 211 61 17 473 399 363 93 635 213 297 407 407 399 93 340 91 672 107 541 51 645 425 497 190 415 635 132 61 708 340 740 552 332 541 335 332 493 507 42 410 638 654 507 410 649 42 224 484 649 415 493 332 340 245 424 42 708 638 224 672 507 245 0 0 656 656 507 332 42 708 424 656 507 224 340 645 335 65 635 335 91 493 51 443 245 638 332 0 660 107 654 399 638 65 656 478 635 415 363 635 720 107 0 552 161 332 17 507 121 403 415 645 363 645 425 232 656 65 424 265 403 290 91 493 425 425 654 672 447 190 509 213 65 521 212 638 654 645 212 107 161 720 443 521 660 297 245 42 415 730 232 720 297 107 17 132 161 656 552 425 443 107 42 709 473 507 212 265 456 363 645 61 91 265 660 649 740 399 656 638 121 363 709 541 493 638 415 0 649 447 740 213 541 224 232 484 161 340 672 335 478 410 245 403 65 709 509 709 93 107 672 107 456 65 315 132 740 443 635 93 224 340 91 17 635 213 478 403 51 473 656 720 410 121 507 340 521 161 720 315 211 121 93 660 17 456 507 0 649 121 51 497 660 507 297 507 363 61 552 121 638 232 212 290 224 635 552 17 649 91 161 407 363 265 447 332 335 507 332 335 720 654 415 363 552 132 340 212 403 332 720 507 315 17 91 660 497 91 415 443 51 635 161 484 507 245 649 315 61 91 638 91 649 211 660 447 224 410 425 552 212 245 245 656 443 297 265 212 161 410 213 340 363 232 107 61 213 473 410 443 403 730 740 161 541 91 297 190 654 335 484 507 407 107 708 424 65 656 61 424 407 507 635 415 656 635 425 443 672 410 443 447 521 399 447 335 91 107 484 649 493 456 290 213 635 473 211 720 51 51 51 399 740 107 484 656 340 212 645 399 245 654 399 213 399 672 232 211 42 638 521 403 509 224 447 315 708 224 121 645 497 161 447 672 443 478 654 645 245 649 315 447 443 407 507 65 649 497 315 484 132 443 93 415 
  Facilities: 60
 0 : 26 46 66 245 247 368 369 393 408 493 553
 17 : 14 58 107 171 300 308 412 460 529 550 573 599
 42 : 198 211 225 257 292 344 351 361 374 453 468 714
 51 : 63 74 129 156 179 200 325 388 534 556 606 694 695 696
 61 : 94 170 180 201 268 286 307 333 477 563 614 641 664
 65 : 11 39 68 125 267 383 399 423 438 510 519 662 741
 91 : 36 117 122 168 321 386 428 478 528 575 600 603 615 617 651 682
 93 : 75 214 240 279 290 312 319 514 525 548 748
 107 : 17 41 53 141 158 175 323 395 407 445 459 467 515 517 640 659 683 699
 121 : 9 12 52 111 145 190 195 220 266 414 486 539 547 555 565 724
 132 : 155 167 177 275 302 332 461 521 591 746
 161 : 24 56 181 410 446 462 502 543 576 608 634 649 727
 190 : 5 51 90 100 121 224 329 435 653
 211 : 19 22 227 236 306 546 619 692 713
 212 : 49 97 135 147 164 440 444 472 568 593 626 633 703
 213 : 150 246 314 437 497 531 636 642 689 709
 224 : 72 83 89 203 228 352 364 379 499 526 570 622 719 723
 232 : 95 113 154 264 421 456 500 567 639 712
 245 : 0 33 65 119 140 148 193 199 359 367 390 452 508 611 627 628 706 734
 265 : 42 69 133 299 425 473 479 579 632
 290 : 27 59 93 173 226 269 427 569 688
 297 : 38 80 96 237 263 282 315 451 458 560 631 652
 315 : 230 233 283 297 298 303 520 545 598 613 721 736 744
 332 : 172 338 341 357 373 392 411 581 584 595
 335 : 31 82 98 110 166 340 382 385 505 582 585 655 681
 340 : 64 276 320 335 358 380 503 527 541 592 637 702
 363 : 7 54 274 296 311 404 418 475 487 562 578 589 638
 399 : 13 35 120 153 176 217 218 273 310 318 397 483 679 697 705 708 710
 403 : 60 67 114 162 207 222 415 426 509 533 594 646 717
 407 : 55 197 254 316 317 577 658 666 739
 410 : 77 161 184 186 209 285 345 349 507 538 623 635 644 675
 415 : 160 204 210 244 330 355 403 416 454 492 588 604 669 749
 424 : 73 137 144 202 242 360 376 424 661 665
 425 : 255 261 327 420 430 431 465 624 672
 443 : 8 234 250 389 448 466 523 605 630 645 673 676 730 738 747
 447 : 10 57 87 118 294 434 495 580 621 677 680 720 728 737
 456 : 40 47 76 127 223 232 241 288 289 474 518 551 687
 473 : 28 45 116 126 159 182 183 265 272 309 470 535 643 691
 478 : 37 43 91 109 157 277 293 305 401 506 532 731
 484 : 32 169 229 251 353 501 609 656 684 700 745
 493 : 20 29 115 128 178 185 304 342 356 387 429 490 686
 497 : 25 103 146 213 291 328 557 602 726 743
 507 : 61 188 252 343 348 366 372 378 413 471 540 552 559 561 583 597 610 657 667 740
 509 : 4 23 81 142 231 436 512 718
 521 : 1 2 132 235 439 449 542 678 716
 541 : 34 48 123 324 339 489 498 650
 552 : 79 102 187 194 248 284 337 409 464 564 572 590 625
 635 : 85 124 130 143 270 313 331 384 402 405 524 530 571 607 668 671 690
 638 : 21 104 136 174 346 363 391 398 441 485 491 566 616 715
 645 : 106 131 205 249 259 287 326 381 417 419 443 476 704 725 733
 649 : 16 215 216 350 354 481 494 554 574 612 618 685 735 742
 654 : 6 50 191 196 219 243 258 347 396 432 442 587 654 707 732
 656 : 84 86 101 139 189 208 370 371 377 400 422 463 484 536 629 663 670 701
 660 : 71 105 163 253 262 394 450 480 549 558 601 620
 672 : 92 138 165 212 322 365 433 504 516 674 711 729
 708 : 15 30 44 62 88 152 221 238 239 334 362 375 660 722
 709 : 18 192 271 469 488 511 513
 720 : 99 278 295 301 406 447 457 537 544 586 596 693
 730 : 78 134 149 206 256 280 455 647
 740 : 3 70 108 112 151 260 281 336 482 496 522 648 698
SOLUTION:
  Value: -764721.000000
  Assigns: 245 521 521 740 509 190 654 363 443 121 447 65 121 399 17 708 649 107 709 211 493 638 211 509 161 497 0 290 473 493 708 335 484 245 541 399 91 478 297 65 456 107 265 478 708 473 0 456 541 212 654 190 121 107 363 407 161 447 17 290 403 507 708 51 340 245 0 403 65 265 740 660 224 424 51 93 456 410 730 552 297 509 335 224 656 635 656 447 708 224 190 478 672 290 61 232 297 212 335 315 190 656 552 497 638 660 645 17 740 478 335 121 740 232 403 493 473 91 447 245 399 190 91 541 635 65 473 456 493 51 635 645 521 265 730 212 638 424 672 656 245 107 509 635 424 121 497 212 245 730 213 740 708 399 232 132 51 478 107 473 415 410 403 660 212 672 335 132 91 484 61 17 332 290 638 107 399 132 493 51 61 161 473 473 410 493 410 552 507 656 121 654 709 245 552 121 654 407 42 245 51 61 424 224 415 645 730 403 656 410 415 42 672 497 93 649 649 399 399 654 121 708 403 456 190 42 290 211 224 484 315 509 456 315 443 521 211 297 708 708 93 456 424 654 415 0 213 0 552 645 443 484 507 660 407 425 730 42 654 645 740 425 660 297 232 473 121 65 61 290 635 709 473 399 363 132 340 478 708 93 730 740 297 315 552 410 61 645 456 456 93 497 42 478 447 740 363 315 315 265 17 497 132 315 493 478 211 61 17 473 399 363 93 635 213 297 407 407 399 93 340 91 672 107 541 51 645 425 497 190 415 635 132 61 708 340 740 552 332 541 335 332 493 507 42 410 638 654 507 410 649 42 224 484 649 415 493 332 340 245 424 42 708 638 224 672 507 245 0 0 656 656 507 332 42 708 424 656 507 224 340 645 335 65 635 335 91 493 51 443 245 638 332 0 660 107 654 399 638 65 656 478 635 415 363 635 709 107 0 552 161 332 17 507 121 403 415 645 363 645 425 232 656 65 424 265 403 290 91 493 425 425 654 672 447 190 509 213 65 521 212 638 654 645 212 107 161 211 443 521 660 297 245 42 415 730 232 521 297 107 17 132 161 656 552 425 443 107 42 709 473 507 212 265 456 363 645 61 91 265 660 649 740 399 656 638 121 363 709 541 493 638 415 0 649 447 740 213 541 224 232 484 161 340 672 335 478 410 245 403 65 709 509 709 93 107 672 107 456 65 315 132 740 443 635 93 224 340 91 17 635 213 478 403 51 473 656 672 410 121 507 340 521 161 484 315 211 121 93 660 17 456 507 0 649 121 51 497 660 507 297 507 363 61 552 121 638 232 212 290 224 635 552 17 649 91 161 407 363 265 447 332 335 507 332 335 290 654 415 363 552 132 340 212 403 332 672 507 315 17 91 660 497 91 415 443 51 635 161 484 507 245 649 315 61 91 638 91 649 211 660 447 224 410 425 552 212 245 245 656 443 297 265 212 161 410 213 340 363 232 107 61 213 473 410 443 403 730 740 161 541 91 297 190 654 335 484 507 407 107 708 424 65 656 61 424 407 507 635 415 656 635 425 443 672 410 443 447 521 399 447 335 91 107 484 649 493 456 290 213 635 473 211 121 51 51 51 399 740 107 484 656 340 212 645 399 245 654 399 213 399 672 232 211 42 638 521 403 509 224 447 315 708 224 121 645 497 161 447 672 443 478 654 645 245 649 315 447 443 407 507 65 649 497 315 484 132 443 93 415 
  Facilities: 59
 0 : 26 46 66 245 247 368 369 393 408 493 553
 17 : 14 58 107 171 300 308 412 460 529 550 573 599
 42 : 198 211 225 257 292 344 351 361 374 453 468 714
 51 : 63 74 129 156 179 200 325 388 534 556 606 694 695 696
 61 : 94 170 180 201 268 286 307 333 477 563 614 641 664
 65 : 11 39 68 125 267 383 399 423 438 510 519 662 741
 91 : 36 117 122 168 321 386 428 478 528 575 600 603 615 617 651 682
 93 : 75 214 240 279 290 312 319 514 525 548 748
 107 : 17 41 53 141 158 175 323 395 407 445 459 467 515 517 640 659 683 699
 121 : 9 12 52 111 145 190 195 220 266 414 486 539 547 555 565 693 724
 132 : 155 167 177 275 302 332 461 521 591 746
 161 : 24 56 181 410 446 462 502 543 576 608 634 649 727
 190 : 5 51 90 100 121 224 329 435 653
 211 : 19 22 227 236 306 447 546 619 692 713
 212 : 49 97 135 147 164 440 444 472 568 593 626 633 703
 213 : 150 246 314 437 497 531 636 642 689 709
 224 : 72 83 89 203 228 352 364 379 499 526 570 622 719 723
 232 : 95 113 154 264 421 456 500 567 639 712
 245 : 0 33 65 119 140 148 193 199 359 367 390 452 508 611 627 628 706 734
 265 : 42 69 133 299 425 473 479 579 632
 290 : 27 59 93 173 226 269 427 569 586 688
 297 : 38 80 96 237 263 282 315 451 458 560 631 652
 315 : 99 230 233 283 297 298 303 520 545 598 613 721 736 744
 332 : 172 338 341 357 373 392 411 581 584 595
 335 : 31 82 98 110 166 340 382 385 505 582 585 655 681
 340 : 64 276 320 335 358 380 503 527 541 592 637 702
 363 : 7 54 274 296 311 404 418 475 487 562 578 589 638
 399 : 13 35 120 153 176 217 218 273 310 318 397 483 679 697 705 708 710
 403 : 60 67 114 162 207 222 415 426 509 533 594 646 717
 407 : 55 197 254 316 317 577 658 666 739
 410 : 77 161 184 186 209 285 345 349 507 538 623 635 644 675
 415 : 160 204 210 244 330 355 403 416 454 492 588 604 669 749
 424 : 73 137 144 202 242 360 376 424 661 665
 425 : 255 261 327 420 430 431 465 624 672
 443 : 8 234 250 389 448 466 523 605 630 645 673 676 730 738 747
 447 : 10 57 87 118 294 434 495 580 621 677 680 720 728 737
 456 : 40 47 76 127 223 232 241 288 289 474 518 551 687
 473 : 28 45 116 126 159 182 183 265 272 309 470 535 643 691
 478 : 37 43 91 109 157 277 293 305 401 506 532 731
 484 : 32 169 229 251 353 501 544 609 656 684 700 745
 493 : 20 29 115 128 178 185 304 342 356 387 429 490 686
 497 : 25 103 146 213 291 301 328 557 602 726 743
 507 : 61 188 252 343 348 366 372 378 413 471 540 552 559 561 583 597 610 657 667 740
 509 : 4 23 81 142 231 436 512 718
 521 : 1 2 132 235 439 449 457 542 678 716
 541 : 34 48 123 324 339 489 498 650
 552 : 79 102 187 194 248 284 337 409 464 564 572 590 625
 635 : 85 124 130 143 270 313 331 384 402 405 524 530 571 607 668 671 690
 638 : 21 104 136 174 346 363 391 398 441 485 491 566 616 715
 645 : 106 131 205 249 259 287 326 381 417 419 443 476 704 725 733
 649 : 16 215 216 350 354 481 494 554 574 612 618 685 735 742
 654 : 6 50 191 196 219 243 258 347 396 432 442 587 654 707 732
 656 : 84 86 101 139 189 208 370 371 377 400 422 463 484 536 629 663 670 701
 660 : 71 105 163 253 262 394 450 480 549 558 601 620
 672 : 92 138 165 212 322 365 433 504 516 537 596 674 711 729
 708 : 15 30 44 62 88 152 221 238 239 278 334 362 375 660 722
 709 : 18 192 271 406 469 488 511 513
 730 : 78 134 149 206 256 280 455 647
 740 : 3 70 108 112 151 260 281 295 336 482 496 522 648 698
SOLUTION:
  Value: -764735.000000
  Assigns: 245 521 521 740 509 190 654 363 443 121 447 65 121 399 17 708 649 107 709 211 493 638 211 509 161 497 0 290 473 493 708 335 484 245 541 399 91 478 297 65 456 107 265 478 708 473 0 456 541 212 654 190 121 107 363 407 161 447 17 290 403 507 708 51 340 245 0 403 65 265 740 660 224 424 51 93 456 410 730 552 297 509 335 224 656 635 656 447 708 224 190 478 672 290 61 232 297 212 335 315 190 656 552 497 638 660 645 17 740 478 335 121 740 232 403 493 473 91 447 245 399 190 91 541 635 65 473 456 493 51 635 645 521 265 730 212 638 424 672 656 245 107 509 635 424 121 497 212 245 730 213 740 708 399 232 132 51 478 107 473 415 410 403 660 212 672 335 132 91 484 61 17 332 290 638 107 399 132 493 51 61 161 473 473 410 493 410 552 507 656 121 654 709 245 552 121 654 407 42 245 51 61 424 224 415 645 730 403 656 410 415 42 672 497 93 649 649 399 399 654 121 708 403 456 190 42 290 211 224 484 315 509 456 315 443 521 211 297 708 708 93 456 424 654 415 0 213 0 552 645 443 484 507 660 407 190 730 42 654 645 740 61 660 297 232 473 121 65 61 290 635 709 473 399 363 132 340 478 708 93 730 740 297 315 552 410 61 645 456 456 93 497 42 478 447 740 363 315 315 265 17 497 132 315 493 478 211 61 17 473 399 363 93 635 213 297 407 407 399 93 340 91 672 107 541 51 645 290 497 190 415 635 132 61 708 340 740 552 332 541 335 332 493 507 42 410 638 654 507 410 649 42 224 484 649 415 493 332 340 245 424 42 708 638 224 672 507 245 0 0 656 656 507 332 42 708 424 656 507 224 340 645 335 65 635 335 91 493 51 443 245 638 332 0 660 107 654 399 638 65 656 478 635 415 363 635 709 107 0 552 161 332 17 507 121 403 415 645 363 645 65 232 656 65 424 265 403 290 91 493 265 340 654 672 447 190 509 213 65 521 212 638 654 645 212 107 161 211 443 521 660 297 245 42 415 730 232 521 297 107 17 132 161 656 552 42 443 107 42 709 473 507 212 265 456 363 645 61 91 265 660 649 740 399 656 638 121 363 709 541 493 638 415 0 649 447 740 213 541 224 232 484 161 340 672 335 478 410 245 403 65 709 509 709 93 107 672 107 456 65 315 132 740 443 635 93 224 340 91 17 635 213 478 403 51 473 656 672 410 121 507 340 521 161 484 315 211 121 93 660 17 456 507 0 649 121 51 497 660 507 297 507 363 61 552 121 638 232 212 290 224 635 552 17 649 91 161 407 363 265 447 332 335 507 332 335 290 654 415 363 552 132 340 212 403 332 672 507 315 17 91 660 497 91 415 443 51 635 161 484 507 245 649 315 61 91 638 91 649 211 660 447 224 410 730 552 212 245 245 656 443 297 265 212 161 410 213 340 363 232 107 61 213 473 410 443 403 730 740 161 541 91 297 190 654 335 484 507 407 107 708 424 65 656 61 424 407 507 635 415 656 635 497 443 672 410 443 447 521 399 447 335 91 107 484 649 493 456 290 213 635 473 211 121 51 51 51 399 740 107 484 656 340 212 645 399 245 654 399 213 399 672 232 211 42 638 521 403 509 224 447 315 708 224 121 645 497 161 447 672 443 478 654 645 245 649 315 447 443 407 507 65 649 497 315 484 132 443 93 415 
  Facilities: 58
 0 : 26 46 66 245 247 368 369 393 408 493 553
 17 : 14 58 107 171 300 308 412 460 529 550 573 599
 42 : 198 211 225 257 292 344 351 361 374 453 465 468 714
 51 : 63 74 129 156 179 200 325 388 534 556 606 694 695 696
 61 : 94 170 180 201 261 268 286 307 333 477 563 614 641 664
 65 : 11 39 68 125 267 383 399 420 423 438 510 519 662 741
 91 : 36 117 122 168 321 386 428 478 528 575 600 603 615 617 651 682
 93 : 75 214 240 279 290 312 319 514 525 548 748
 107 : 17 41 53 141 158 175 323 395 407 445 459 467 515 517 640 659 683 699
 121 : 9 12 52 111 145 190 195 220 266 414 486 539 547 555 565 693 724
 132 : 155 167 177 275 302 332 461 521 591 746
 161 : 24 56 181 410 446 462 502 543 576 608 634 649 727
 190 : 5 51 90 100 121 224 255 329 435 653
 211 : 19 22 227 236 306 447 546 619 692 713
 212 : 49 97 135 147 164 440 444 472 568 593 626 633 703
 213 : 150 246 314 437 497 531 636 642 689 709
 224 : 72 83 89 203 228 352 364 379 499 526 570 622 719 723
 232 : 95 113 154 264 421 456 500 567 639 712
 245 : 0 33 65 119 140 148 193 199 359 367 390 452 508 611 627 628 706 734
 265 : 42 69 133 299 425 430 473 479 579 632
 290 : 27 59 93 173 226 269 327 427 569 586 688
 297 : 38 80 96 237 263 282 315 451 458 560 631 652
 315 : 99 230 233 283 297 298 303 520 545 598 613 721 736 744
 332 : 172 338 341 357 373 392 411 581 584 595
 335 : 31 82 98 110 166 340 382 385 505 582 585 655 681
 340 : 64 276 320 335 358 380 431 503 527 541 592 637 702
 363 : 7 54 274 296 311 404 418 475 487 562 578 589 638
 399 : 13 35 120 153 176 217 218 273 310 318 397 483 679 697 705 708 710
 403 : 60 67 114 162 207 222 415 426 509 533 594 646 717
 407 : 55 197 254 316 317 577 658 666 739
 410 : 77 161 184 186 209 285 345 349 507 538 623 635 644 675
 415 : 160 204 210 244 330 355 403 416 454 492 588 604 669 749
 424 : 73 137 144 202 242 360 376 424 661 665
 443 : 8 234 250 389 448 466 523 605 630 645 673 676 730 738 747
 447 : 10 57 87 118 294 434 495 580 621 677 680 720 728 737
 456 : 40 47 76 127 223 232 241 288 289 474 518 551 687
 473 : 28 45 116 126 159 182 183 265 272 309 470 535 643 691
 478 : 37 43 91 109 157 277 293 305 401 506 532 731
 484 : 32 169 229 251 353 501 544 609 656 684 700 745
 493 : 20 29 115 128 178 185 304 342 356 387 429 490 686
 497 : 25 103 146 213 291 301 328 557 602 672 726 743
 507 : 61 188 252 343 348 366 372 378 413 471 540 552 559 561 583 597 610 657 667 740
 509 : 4 23 81 142 231 436 512 718
 521 : 1 2 132 235 439 449 457 542 678 716
 541 : 34 48 123 324 339 489 498 650
 552 : 79 102 187 194 248 284 337 409 464 564 572 590 625
 635 : 85 124 130 143 270 313 331 384 402 405 524 530 571 607 668 671 690
 638 : 21 104 136 174 346 363 391 398 441 485 491 566 616 715
 645 : 106 131 205 249 259 287 326 381 417 419 443 476 704 725 733
 649 : 16 215 216 350 354 481 494 554 574 612 618 685 735 742
 654 : 6 50 191 196 219 243 258 347 396 432 442 587 654 707 732
 656 : 84 86 101 139 189 208 370 371 377 400 422 463 484 536 629 663 670 701
 660 : 71 105 163 253 262 394 450 480 549 558 601 620
 672 : 92 138 165 212 322 365 433 504 516 537 596 674 711 729
 708 : 15 30 44 62 88 152 221 238 239 278 334 362 375 660 722
 709 : 18 192 271 406 469 488 511 513
 730 : 78 134 149 206 256 280 455 624 647
 740 : 3 70 108 112 151 260 281 295 336 482 496 522 648 698
SOLUTION:
  Value: -764752.000000
  Assigns: 245 521 521 740 509 190 654 363 443 121 447 65 121 399 17 708 649 107 709 211 493 638 211 509 161 497 478 290 473 493 708 335 484 245 541 399 91 478 297 65 456 107 265 478 708 473 407 456 541 212 654 190 121 107 363 407 161 447 17 290 403 507 708 51 340 245 507 403 65 265 740 660 224 424 51 93 456 410 730 552 297 509 335 224 656 635 656 447 708 224 190 478 672 290 61 232 297 212 335 315 190 656 552 497 638 660 645 17 740 478 335 121 740 232 403 493 473 91 447 245 399 190 91 541 635 65 473 456 493 51 635 645 521 265 730 212 638 424 672 656 245 107 509 635 424 121 497 212 245 730 213 740 708 399 232 132 51 478 107 473 415 410 403 660 212 672 335 132 91 484 61 17 332 290 638 107 399 132 493 51 61 161 473 473 410 493 410 552 507 656 121 654 709 245 552 121 654 407 42 245 51 61 424 224 415 645 730 403 656 410 415 42 672 497 93 649 649 399 399 654 121 708 403 456 190 42 290 211 224 484 315 509 456 315 443 521 211 297 708 708 93 456 424 654 415 65 213 541 552 645 443 484 507 660 407 190 730 42 654 645 740 61 660 297 232 473 121 65 61 290 635 709 473 399 363 132 340 478 708 93 730 740 297 315 552 410 61 645 456 456 93 497 42 478 447 740 363 315 315 265 17 497 132 315 493 478 211 61 17 473 399 363 93 635 213 297 407 407 399 93 340 91 672 107 541 51 645 290 497 190 415 635 132 61 708 340 740 552 332 541 335 332 493 507 42 410 638 654 507 410 649 42 224 484 649 415 493 332 340 245 424 42 708 638 224 672 507 245 730 424 656 656 507 332 42 708 424 656 507 224 340 645 335 65 635 335 91 493 51 443 245 638 332 42 660 107 654 399 638 65 656 478 635 415 363 635 709 107 121 552 161 332 17 507 121 403 415 645 363 645 65 232 656 65 424 265 403 290 91 493 265 340 654 672 447 190 509 213 65 521 212 638 654 645 212 107 161 211 443 521 660 297 245 42 415 730 232 521 297 107 17 132 161 656 552 42 443 107 42 709 473 507 212 265 456 363 645 61 91 265 660 649 740 399 656 638 121 363 709 541 493 638 415 399 649 447 740 213 541 224 232 484 161 340 672 335 478 410 245 403 65 709 509 709 93 107 672 107 456 65 315 132 740 443 635 93 224 340 91 17 635 213 478 403 51 473 656 672 410 121 507 340 521 161 484 315 211 121 93 660 17 456 507 638 649 121 51 497 660 507 297 507 363 61 552 121 638 232 212 290 224 635 552 17 649 91 161 407 363 265 447 332 335 507 332 335 290 654 415 363 552 132 340 212 403 332 672 507 315 17 91 660 497 91 415 443 51 635 161 484 507 245 649 315 61 91 638 91 649 211 660 447 224 410 730 552 212 245 245 656 443 297 265 212 161 410 213 340 363 232 107 61 213 473 410 443 403 730 740 161 541 91 297 190 654 335 484 507 407 107 708 424 65 656 61 424 407 507 635 415 656 635 497 443 672 410 443 447 521 399 447 335 91 107 484 649 493 456 290 213 635 473 211 121 51 51 51 399 740 107 484 656 340 212 645 399 245 654 399 213 399 672 232 211 42 638 521 403 509 224 447 315 708 224 121 645 497 161 447 672 443 478 654 645 245 649 315 447 443 407 507 65 649 497 315 484 132 443 93 415 
  Facilities: 57
 17 : 14 58 107 171 300 308 412 460 529 550 573 599
 42 : 198 211 225 257 292 344 351 361 374 393 453 465 468 714
 51 : 63 74 129 156 179 200 325 388 534 556 606 694 695 696
 61 : 94 170 180 201 261 268 286 307 333 477 563 614 641 664
 65 : 11 39 68 125 245 267 383 399 420 423 438 510 519 662 741
 91 : 36 117 122 168 321 386 428 478 528 575 600 603 615 617 651 682
 93 : 75 214 240 279 290 312 319 514 525 548 748
 107 : 17 41 53 141 158 175 323 395 407 445 459 467 515 517 640 659 683 699
 121 : 9 12 52 111 145 190 195 220 266 408 414 486 539 547 555 565 693 724
 132 : 155 167 177 275 302 332 461 521 591 746
 161 : 24 56 181 410 446 462 502 543 576 608 634 649 727
 190 : 5 51 90 100 121 224 255 329 435 653
 211 : 19 22 227 236 306 447 546 619 692 713
 212 : 49 97 135 147 164 440 444 472 568 593 626 633 703
 213 : 150 246 314 437 497 531 636 642 689 709
 224 : 72 83 89 203 228 352 364 379 499 526 570 622 719 723
 232 : 95 113 154 264 421 456 500 567 639 712
 245 : 0 33 65 119 140 148 193 199 359 367 390 452 508 611 627 628 706 734
 265 : 42 69 133 299 425 430 473 479 579 632
 290 : 27 59 93 173 226 269 327 427 569 586 688
 297 : 38 80 96 237 263 282 315 451 458 560 631 652
 315 : 99 230 233 283 297 298 303 520 545 598 613 721 736 744
 332 : 172 338 341 357 373 392 411 581 584 595
 335 : 31 82 98 110 166 340 382 385 505 582 585 655 681
 340 : 64 276 320 335 358 380 431 503 527 541 592 637 702
 363 : 7 54 274 296 311 404 418 475 487 562 578 589 638
 399 : 13 35 120 153 176 217 218 273 310 318 397 483 493 679 697 705 708 710
 403 : 60 67 114 162 207 222 415 426 509 533 594 646 717
 407 : 46 55 197 254 316 317 577 658 666 739
 410 : 77 161 184 186 209 285 345 349 507 538 623 635 644 675
 415 : 160 204 210 244 330 355 403 416 454 492 588 604 669 749
 424 : 73 137 144 202 242 360 369 376 424 661 665
 443 : 8 234 250 389 448 466 523 605 630 645 673 676 730 738 747
 447 : 10 57 87 118 294 434 495 580 621 677 680 720 728 737
 456 : 40 47 76 127 223 232 241 288 289 474 518 551 687
 473 : 28 45 116 126 159 182 183 265 272 309 470 535 643 691
 478 : 26 37 43 91 109 157 277 293 305 401 506 532 731
 484 : 32 169 229 251 353 501 544 609 656 684 700 745
 493 : 20 29 115 128 178 185 304 342 356 387 429 490 686
 497 : 25 103 146 213 291 301 328 557 602 672 726 743
 507 : 61 66 188 252 343 348 366 372 378 413 471 540 552 559 561 583 597 610 657 667 740
 509 : 4 23 81 142 231 436 512 718
 521 : 1 2 132 235 439 449 457 542 678 716
 541 : 34 48 123 247 324 339 489 498 650
 552 : 79 102 187 194 248 284 337 409 464 564 572 590 625
 635 : 85 124 130 143 270 313 331 384 402 405 524 530 571 607 668 671 690
 638 : 21 104 136 174 346 363 391 398 441 485 491 553 566 616 715
 645 : 106 131 205 249 259 287 326 381 417 419 443 476 704 725 733
 649 : 16 215 216 350 354 481 494 554 574 612 618 685 735 742
 654 : 6 50 191 196 219 243 258 347 396 432 442 587 654 707 732
 656 : 84 86 101 139 189 208 370 371 377 400 422 463 484 536 629 663 670 701
 660 : 71 105 163 253 262 394 450 480 549 558 601 620
 672 : 92 138 165 212 322 365 433 504 516 537 596 674 711 729
 708 : 15 30 44 62 88 152 221 238 239 278 334 362 375 660 722
 709 : 18 192 271 406 469 488 511 513
 730 : 78 134 149 206 256 280 368 455 624 647
 740 : 3 70 108 112 151 260 281 295 336 482 496 522 648 698
SOLUTION:
  Value: -764752.000000
  Assigns: 245 521 521 740 509 190 654 363 443 121 102 65 121 399 17 708 649 107 709 211 493 638 211 509 161 494 69 290 473 494 708 335 484 245 541 399 91 478 297 65 456 107 265 478 708 473 407 456 541 212 654 190 121 107 363 461 161 447 17 290 403 507 708 51 340 245 507 403 65 461 740 660 224 424 51 93 456 410 730 552 297 509 335 224 656 635 656 447 708 224 190 478 672 290 461 232 297 212 335 315 190 656 552 497 638 660 645 17 740 478 102 121 740 232 403 493 473 91 447 245 399 190 91 541 461 65 473 456 493 51 635 645 461 265 730 212 638 424 672 656 245 107 509 635 424 121 497 212 245 749 213 740 708 69 232 51 51 478 107 473 415 410 403 660 212 672 335 708 91 484 473 17 332 290 638 107 399 708 493 51 232 161 473 473 410 493 410 552 507 656 121 654 709 245 552 121 654 407 69 245 51 740 424 224 415 645 730 403 656 410 415 42 672 497 93 649 649 399 399 654 121 708 403 456 190 42 290 211 224 484 315 509 456 315 443 102 211 297 708 708 93 456 424 654 415 65 213 541 552 645 443 484 102 660 407 190 749 42 654 645 749 461 660 297 232 473 121 65 42 290 635 709 473 399 363 730 340 478 102 494 730 740 297 315 552 410 521 645 69 456 93 497 42 478 447 740 363 315 315 265 17 497 290 315 493 478 211 494 17 473 399 363 93 635 213 297 407 407 399 93 340 91 672 107 541 51 645 290 497 190 415 635 403 635 708 340 740 552 332 541 335 332 493 507 42 410 638 654 507 410 649 42 224 484 649 415 493 332 340 245 424 42 102 638 224 672 507 245 749 749 656 656 507 332 42 708 424 656 507 224 340 645 335 65 102 335 91 493 51 443 245 494 332 42 660 107 654 399 638 65 656 478 635 415 363 635 494 107 121 552 161 332 17 507 121 403 415 645 363 645 69 232 656 65 424 265 102 290 91 493 265 340 654 672 447 190 509 213 65 521 212 638 461 645 212 107 161 211 443 521 660 297 245 42 415 730 232 521 297 107 17 69 161 656 552 102 443 107 42 709 473 507 212 265 456 363 645 494 91 265 660 649 740 399 656 638 121 363 709 461 493 638 415 399 649 447 740 213 541 224 232 484 161 340 672 335 478 410 245 403 65 709 509 102 93 107 672 107 456 65 315 190 740 443 635 93 224 340 91 17 635 213 478 403 461 473 461 672 410 121 507 340 521 161 102 315 211 121 93 660 17 456 102 638 649 121 51 497 660 507 297 507 363 654 552 121 638 232 212 494 224 635 552 17 649 91 749 407 363 265 494 332 335 507 461 335 290 654 415 363 552 410 340 212 403 332 672 507 461 17 91 660 497 91 415 443 51 635 161 749 507 245 649 315 69 91 638 91 649 211 660 447 224 410 730 552 212 245 245 656 443 297 265 212 161 410 213 340 363 232 107 65 213 461 410 443 403 730 740 161 541 91 297 749 654 335 484 69 407 107 708 424 65 656 740 424 407 507 635 415 656 635 497 443 749 410 443 447 521 399 447 461 91 107 484 649 493 456 290 213 635 473 211 121 51 51 51 399 749 107 484 656 340 212 645 399 245 654 399 213 399 672 232 211 42 638 521 403 509 224 447 461 708 224 121 645 497 161 69 672 443 478 654 645 245 649 315 447 443 407 507 65 649 497 315 484 102 443 93 415 
  Facilities: 60
 17 : 14 58 107 171 300 308 412 460 529 550 573 599
 42 : 211 225 257 268 292 344 351 361 374 393 453 468 714
 51 : 63 74 129 155 156 179 200 325 388 556 606 694 695 696
 65 : 11 39 68 125 245 267 383 399 423 438 510 519 641 662 741
 69 : 26 153 198 288 420 461 614 657 728
 91 : 36 117 122 168 321 386 428 478 528 575 600 603 615 617 651 682
 93 : 75 214 240 290 312 319 514 525 548 748
 102 : 10 110 235 252 278 362 384 426 465 513 544 552 746
 107 : 17 41 53 141 158 175 323 395 407 445 459 467 515 517 640 659 683 699
 121 : 9 12 52 111 145 190 195 220 266 408 414 486 539 547 555 565 693 724
 161 : 24 56 181 410 446 462 502 543 608 634 649 727
 190 : 5 51 90 100 121 224 255 329 435 521
 211 : 19 22 227 236 306 447 546 619 692 713
 212 : 49 97 135 147 164 440 444 472 568 593 626 633 703
 213 : 150 246 314 437 497 531 636 642 689 709
 224 : 72 83 89 203 228 352 364 379 499 526 570 622 719 723
 232 : 95 113 154 180 264 421 456 500 567 639 712
 245 : 0 33 65 119 140 148 193 199 359 367 390 452 508 611 627 628 706 734
 265 : 42 133 299 425 430 473 479 579 632
 290 : 27 59 93 173 226 269 302 327 427 586 688
 297 : 38 80 96 237 263 282 315 451 458 560 631 652
 315 : 99 230 233 283 297 298 303 520 545 613 736 744
 332 : 172 338 341 357 373 392 411 581 595
 335 : 31 82 98 166 340 382 385 505 582 585 655
 340 : 64 276 320 335 358 380 431 503 527 541 592 637 702
 363 : 7 54 274 296 311 404 418 475 487 562 578 589 638
 399 : 13 35 120 176 217 218 273 310 318 397 483 493 679 697 705 708 710
 403 : 60 67 114 162 207 222 332 415 509 533 594 646 717
 407 : 46 197 254 316 317 577 658 666 739
 410 : 77 161 184 186 209 285 345 349 507 538 591 623 635 644 675
 415 : 160 204 210 244 330 355 403 416 454 492 588 604 669 749
 424 : 73 137 144 202 242 360 376 424 661 665
 443 : 8 234 250 389 448 466 523 605 630 645 673 676 730 738 747
 447 : 57 87 118 294 434 495 621 677 680 720 737
 456 : 40 47 76 127 223 232 241 289 474 518 551 687
 461 : 55 69 94 124 132 261 442 489 534 536 584 598 643 681 721
 473 : 28 45 116 126 159 170 182 183 265 272 309 470 535 691
 478 : 37 43 91 109 157 277 293 305 401 506 532 731
 484 : 32 169 229 251 353 501 656 684 700 745
 493 : 20 115 128 178 185 304 342 356 387 429 490 686
 494 : 25 29 279 307 391 406 477 569 580
 497 : 103 146 213 291 301 328 557 602 672 726 743
 507 : 61 66 188 343 348 366 372 378 413 471 540 559 561 583 597 610 667 740
 509 : 4 23 81 142 231 436 512 718
 521 : 1 2 286 439 449 457 542 678 716
 541 : 34 48 123 247 324 339 498 650
 552 : 79 102 187 194 248 284 337 409 464 564 572 590 625
 635 : 85 130 143 270 313 331 333 402 405 524 530 571 607 668 671 690
 638 : 21 104 136 174 346 363 398 441 485 491 553 566 616 715
 645 : 106 131 205 249 259 287 326 381 417 419 443 476 704 725 733
 649 : 16 215 216 350 354 481 494 554 574 612 618 685 735 742
 654 : 6 50 191 196 219 243 258 347 396 432 563 587 654 707 732
 656 : 84 86 101 139 189 208 370 371 377 400 422 463 484 629 663 670 701
 660 : 71 105 163 253 262 394 450 480 549 558 601 620
 672 : 92 138 165 212 322 365 433 504 516 537 596 711 729
 708 : 15 30 44 62 88 152 167 177 221 238 239 334 375 660 722
 709 : 18 192 271 469 488 511
 730 : 78 134 206 275 280 455 624 647
 740 : 3 70 108 112 151 201 281 295 336 482 496 522 648 664
 749 : 149 256 260 368 369 576 609 653 674 698
SOLUTION:
  Value: -764756.000000
  Assigns: 245 521 521 740 509 190 654 363 443 121 447 65 121 399 17 708 649 107 709 211 493 638 211 509 161 494 69 290 473 494 708 335 484 245 541 399 91 478 297 65 456 107 265 478 708 473 407 456 541 212 654 190 121 107 363 407 161 447 17 290 403 507 708 51 340 245 507 403 65 265 740 660 224 424 51 93 456 410 730 552 297 509 335 224 656 635 656 447 708 224 190 478 672 290 407 232 297 212 335 720 190 656 552 91 638 660 645 17 740 478 335 121 740 232 403 493 473 91 447 245 399 190 91 541 635 65 473 456 493 51 635 645 521 265 730 212 638 424 672 656 245 107 509 635 424 121 407 212 245 749 213 740 708 69 232 132 51 478 107 473 415 410 403 660 212 672 335 132 91 484 473 17 332 290 638 107 399 132 493 51 232 161 473 473 410 493 410 552 507 656 121 654 709 245 552 121 654 407 69 245 51 740 424 224 415 645 730 403 656 410 415 42 672 709 93 649 649 399 399 654 121 708 403 456 190 42 290 211 224 484 315 509 456 315 443 521 211 297 708 708 93 456 424 654 415 65 213 541 552 645 443 484 507 660 407 425 749 42 654 645 749 425 660 297 232 473 121 65 42 290 635 709 473 399 363 132 340 478 720 494 730 740 297 315 552 410 521 645 69 456 93 447 42 478 447 720 363 315 315 265 17 720 132 315 493 478 211 494 17 473 399 363 93 635 213 297 407 407 399 93 340 91 672 107 541 51 645 425 399 190 415 635 132 635 708 340 740 552 332 541 335 332 493 507 42 410 638 654 507 410 649 42 224 484 649 415 493 332 340 245 424 42 708 638 224 672 507 245 749 749 656 656 507 332 42 708 424 656 507 224 340 645 335 65 635 335 91 493 51 443 245 494 332 42 660 107 654 399 638 65 656 478 635 415 363 635 494 107 121 552 161 332 17 507 121 403 415 645 363 645 425 232 656 65 424 265 403 290 91 493 425 425 654 672 447 190 509 213 65 521 212 638 654 645 212 107 161 720 443 521 660 297 245 42 415 730 232 720 297 107 17 69 161 656 552 425 443 107 42 709 473 507 212 265 456 363 645 494 91 265 660 649 740 399 656 638 121 363 709 541 493 638 415 399 649 447 740 213 541 224 232 484 161 340 672 335 478 410 245 403 65 709 509 709 93 107 672 107 456 65 315 132 740 443 635 93 224 340 91 17 635 213 478 403 51 473 656 720 410 121 507 340 521 161 720 315 211 121 93 660 17 456 507 638 649 121 51 69 660 507 297 507 363 654 552 121 638 232 212 494 224 635 552 17 649 91 749 407 363 265 494 332 335 507 332 335 720 654 415 363 552 132 340 212 403 332 720 507 315 17 91 660 509 91 415 443 51 635 161 749 507 245 649 315 69 91 638 91 649 211 660 447 224 410 425 552 212 245 245 656 443 297 265 212 161 410 213 340 363 232 107 65 213 473 410 443 403 730 740 161 541 91 297 749 654 335 484 69 407 107 708 424 65 656 740 424 407 507 635 415 656 635 425 443 749 410 443 447 521 399 447 335 91 107 484 649 493 456 290 213 635 473 211 720 51 51 51 399 749 107 484 656 340 212 645 399 245 654 399 213 399 672 232 211 42 638 521 403 509 224 447 315 708 224 121 645 340 161 69 672 443 478 654 645 245 649 315 447 443 407 507 65 649 213 315 484 132 443 93 415 
  Facilities: 60
 17 : 14 58 107 171 300 308 412 460 529 550 573 599
 42 : 211 225 257 268 292 344 351 361 374 393 453 468 714
 51 : 63 74 129 156 179 200 325 388 534 556 606 694 695 696
 65 : 11 39 68 125 245 267 383 399 423 438 510 519 641 662 741
 69 : 26 153 198 288 461 557 614 657 728
 91 : 36 103 117 122 168 321 386 428 478 528 575 600 603 615 617 651 682
 93 : 75 214 240 290 312 319 514 525 548 748
 107 : 17 41 53 141 158 175 323 395 407 445 459 467 515 517 640 659 683 699
 121 : 9 12 52 111 145 190 195 220 266 408 414 486 539 547 555 565 724
 132 : 155 167 177 275 302 332 521 591 746
 161 : 24 56 181 410 446 462 502 543 608 634 649 727
 190 : 5 51 90 100 121 224 329 435
 211 : 19 22 227 236 306 546 619 692 713
 212 : 49 97 135 147 164 440 444 472 568 593 626 633 703
 213 : 150 246 314 437 497 531 636 642 689 709 743
 224 : 72 83 89 203 228 352 364 379 499 526 570 622 719 723
 232 : 95 113 154 180 264 421 456 500 567 639 712
 245 : 0 33 65 119 140 148 193 199 359 367 390 452 508 611 627 628 706 734
 265 : 42 69 133 299 425 473 479 579 632
 290 : 27 59 93 173 226 269 427 688
 297 : 38 80 96 237 263 282 315 451 458 560 631 652
 315 : 230 233 283 297 298 303 520 545 598 613 721 736 744
 332 : 172 338 341 357 373 392 411 581 584 595
 335 : 31 82 98 110 166 340 382 385 505 582 585 655 681
 340 : 64 276 320 335 358 380 503 527 541 592 637 702 726
 363 : 7 54 274 296 311 404 418 475 487 562 578 589 638
 399 : 13 35 120 176 217 218 273 310 318 328 397 483 493 679 697 705 708 710
 403 : 60 67 114 162 207 222 415 426 509 533 594 646 717
 407 : 46 55 94 146 197 254 316 317 577 658 666 739
 410 : 77 161 184 186 209 285 345 349 507 538 623 635 644 675
 415 : 160 204 210 244 330 355 403 416 454 492 588 604 669 749
 424 : 73 137 144 202 242 360 376 424 661 665
 425 : 255 261 327 420 430 431 465 624 672
 443 : 8 234 250 389 448 466 523 605 630 645 673 676 730 738 747
 447 : 10 57 87 118 291 294 434 495 621 677 680 720 737
 456 : 40 47 76 127 223 232 241 289 474 518 551 687
 473 : 28 45 116 126 159 170 182 183 265 272 309 470 535 643 691
 478 : 37 43 91 109 157 277 293 305 401 506 532 731
 484 : 32 169 229 251 353 501 656 684 700 745
 493 : 20 115 128 178 185 304 342 356 387 429 490 686
 494 : 25 29 279 307 391 406 477 569 580
 507 : 61 66 188 252 343 348 366 372 378 413 471 540 552 559 561 583 597 610 667 740
 509 : 4 23 81 142 231 436 512 602 718
 521 : 1 2 132 235 286 439 449 542 678 716
 541 : 34 48 123 247 324 339 489 498 650
 552 : 79 102 187 194 248 284 337 409 464 564 572 590 625
 635 : 85 124 130 143 270 313 331 333 384 402 405 524 530 571 607 668 671 690
 638 : 21 104 136 174 346 363 398 441 485 491 553 566 616 715
 645 : 106 131 205 249 259 287 326 381 417 419 443 476 704 725 733
 649 : 16 215 216 350 354 481 494 554 574 612 618 685 735 742
 654 : 6 50 191 196 219 243 258 347 396 432 442 563 587 654 707 732
 656 : 84 86 101 139 189 208 370 371 377 400 422 463 484 536 629 663 670 701
 660 : 71 105 163 253 262 394 450 480 549 558 601 620
 672 : 92 138 165 212 322 365 433 504 516 711 729
 708 : 15 30 44 62 88 152 221 238 239 334 362 375 660 722
 709 : 18 192 213 271 469 488 511 513
 720 : 99 278 295 301 447 457 537 544 586 596 693
 730 : 78 134 206 280 455 647
 740 : 3 70 108 112 151 201 281 336 482 496 522 648 664
 749 : 149 256 260 368 369 576 609 653 674 698
SOLUTION:
  Value: -764761.000000
  Assigns: 245 521 521 740 509 190 654 363 443 121 102 65 121 399 17 708 649 107 709 211 493 638 211 509 161 494 69 290 473 494 708 335 484 245 541 399 91 478 297 65 456 107 265 478 708 473 407 456 541 212 654 190 121 107 363 407 161 447 17 290 403 507 708 51 340 245 507 403 65 265 740 660 224 424 51 93 456 410 730 552 297 509 335 224 656 635 656 447 708 224 190 478 672 290 407 232 297 212 335 315 190 656 552 497 638 660 645 17 740 478 102 121 740 232 403 493 473 91 447 245 399 190 91 541 635 65 473 456 493 51 635 645 521 265 730 212 638 424 672 656 245 107 509 635 424 121 497 212 245 749 213 740 708 69 232 51 51 478 107 473 415 410 403 660 212 672 335 708 91 484 473 17 332 290 638 107 399 708 493 51 232 161 473 473 410 493 410 552 507 656 121 654 709 245 552 121 654 407 69 245 51 740 424 224 415 645 730 403 656 410 415 42 672 497 93 649 649 399 399 654 121 708 403 456 190 42 290 211 224 484 315 509 456 315 443 102 211 297 708 708 93 456 424 654 415 65 213 541 552 645 443 484 102 660 407 190 749 42 654 645 749 161 660 297 232 473 121 65 42 290 635 709 473 399 363 730 340 478 102 494 730 740 297 315 552 410 521 645 69 456 93 497 42 478 447 740 363 315 315 265 17 497 290 315 493 478 211 494 17 473 399 363 93 635 213 297 407 407 399 93 340 91 672 107 541 51 645 290 497 190 415 635 403 635 708 340 740 552 332 541 335 332 493 507 42 410 638 654 507 410 649 42 224 484 649 415 493 332 340 245 424 42 102 638 224 672 507 245 749 749 656 656 507 332 42 708 424 656 507 224 340 645 335 65 102 335 91 493 51 443 245 494 332 42 660 107 654 399 638 65 656 478 635 415 363 635 494 107 121 552 161 332 17 507 121 403 415 645 363 645 69 232 656 65 424 265 102 290 91 493 265 340 654 672 447 190 509 213 65 521 212 638 654 645 212 107 161 211 443 521 660 297 245 42 415 730 232 521 297 107 17 69 161 656 552 102 443 107 42 709 473 507 212 265 456 363 645 494 91 265 660 649 740 399 656 638 121 363 709 541 493 638 415 399 649 447 740 213 541 224 232 484 161 340 672 335 478 410 245 403 65 709 509 102 93 107 672 107 456 65 315 190 740 443 635 93 224 340 91 17 635 213 478 403 51 473 656 672 410 121 507 340 521 161 102 315 211 121 93 660 17 456 102 638 649 121 51 497 660 507 297 507 363 654 552 121 638 232 212 494 224 635 552 17 649 91 749 407 363 265 494 332 335 507 332 335 290 654 415 363 552 410 340 212 403 332 672 507 315 17 91 660 497 91 415 443 51 635 161 749 507 245 649 315 69 91 638 91 649 211 660 447 224 410 730 552 212 245 245 656 443 297 265 212 161 410 213 340 363 232 107 65 213 473 410 443 403 730 740 161 541 91 297 749 654 335 484 69 407 107 708 424 65 656 740 424 407 507 635 415 656 635 497 443 749 410 443 447 521 399 447 335 91 107 484 649 493 456 290 213 635 473 211 121 51 51 51 399 749 107 484 656 340 212 645 399 245 654 399 213 399 672 232 211 42 638 521 403 509 224 447 315 708 224 121 645 497 161 69 672 443 478 654 645 245 649 315 447 443 407 507 65 649 497 315 484 102 443 93 415 
  Facilities: 59
 17 : 14 58 107 171 300 308 412 460 529 550 573 599
 42 : 211 225 257 268 292 344 351 361 374 393 453 468 714
 51 : 63 74 129 155 156 179 200 325 388 534 556 606 694 695 696
 65 : 11 39 68 125 245 267 383 399 423 438 510 519 641 662 741
 69 : 26 153 198 288 420 461 614 657 728
 91 : 36 117 122 168 321 386 428 478 528 575 600 603 615 617 651 682
 93 : 75 214 240 290 312 319 514 525 548 748
 102 : 10 110 235 252 278 362 384 426 465 513 544 552 746
 107 : 17 41 53 141 158 175 323 395 407 445 459 467 515 517 640 659 683 699
 121 : 9 12 52 111 145 190 195 220 266 408 414 486 539 547 555 565 693 724
 161 : 24 56 181 261 410 446 462 502 543 608 634 649 727
 190 : 5 51 90 100 121 224 255 329 435 521
 211 : 19 22 227 236 306 447 546 619 692 713
 212 : 49 97 135 147 164 440 444 472 568 593 626 633 703
 213 : 150 246 314 437 497 531 636 642 689 709
 224 : 72 83 89 203 228 352 364 379 499 526 570 622 719 723
 232 : 95 113 154 180 264 421 456 500 567 639 712
 245 : 0 33 65 119 140 148 193 199 359 367 390 452 508 611 627 628 706 734
 265 : 42 69 133 299 425 430 473 479 579 632
 290 : 27 59 93 173 226 269 302 327 427 586 688
 297 : 38 80 96 237 263 282 315 451 458 560 631 652
 315 : 99 230 233 283 297 298 303 520 545 598 613 721 736 744
 332 : 172 338 341 357 373 392 411 581 584 595
 335 : 31 82 98 166 340 382 385 505 582 585 655 681
 340 : 64 276 320 335 358 380 431 503 527 541 592 637 702
 363 : 7 54 274 296 311 404 418 475 487 562 578 589 638
 399 : 13 35 120 176 217 218 273 310 318 397 483 493 679 697 705 708 710
 403 : 60 67 114 162 207 222 332 415 509 533 594 646 717
 407 : 46 55 94 197 254 316 317 577 658 666 739
 410 : 77 161 184 186 209 285 345 349 507 538 591 623 635 644 675
 415 : 160 204 210 244 330 355 403 416 454 492 588 604 669 749
 424 : 73 137 144 202 242 360 376 424 661 665
 443 : 8 234 250 389 448 466 523 605 630 645 673 676 730 738 747
 447 : 57 87 118 294 434 495 621 677 680 720 737
 456 : 40 47 76 127 223 232 241 289 474 518 551 687
 473 : 28 45 116 126 159 170 182 183 265 272 309 470 535 643 691
 478 : 37 43 91 109 157 277 293 305 401 506 532 731
 484 : 32 169 229 251 353 501 656 684 700 745
 493 : 20 115 128 178 185 304 342 356 387 429 490 686
 494 : 25 29 279 307 391 406 477 569 580
 497 : 103 146 213 291 301 328 557 602 672 726 743
 507 : 61 66 188 343 348 366 372 378 413 471 540 559 561 583 597 610 667 740
 509 : 4 23 81 142 231 436 512 718
 521 : 1 2 132 286 439 449 457 542 678 716
 541 : 34 48 123 247 324 339 489 498 650
 552 : 79 102 187 194 248 284 337 409 464 564 572 590 625
 635 : 85 124 130 143 270 313 331 333 402 405 524 530 571 607 668 671 690
 638 : 21 104 136 174 346 363 398 441 485 491 553 566 616 715
 645 : 106 131 205 249 259 287 326 381 417 419 443 476 704 725 733
 649 : 16 215 216 350 354 481 494 554 574 612 618 685 735 742
 654 : 6 50 191 196 219 243 258 347 396 432 442 563 587 654 707 732
 656 : 84 86 101 139 189 208 370 371 377 400 422 463 484 536 629 663 670 701
 660 : 71 105 163 253 262 394 450 480 549 558 601 620
 672 : 92 138 165 212 322 365 433 504 516 537 596 711 729
 708 : 15 30 44 62 88 152 167 177 221 238 239 334 375 660 722
 709 : 18 192 271 469 488 511
 730 : 78 134 206 275 280 455 624 647
 740 : 3 70 108 112 151 201 281 295 336 482 496 522 648 664
 749 : 149 256 260 368 369 576 609 653 674 698
SOLUTION:
  Value: -764762.000000
  Assigns: 245 521 521 740 509 190 654 363 443 121 447 65 121 399 17 708 649 107 709 211 493 638 211 509 161 494 69 290 473 494 708 335 484 245 541 399 91 478 297 65 456 107 265 478 708 473 407 456 541 212 654 190 121 107 363 407 161 447 17 290 403 507 708 51 340 245 507 403 65 265 740 660 224 424 51 93 456 410 730 552 297 509 335 224 656 635 656 447 708 224 190 478 672 290 407 232 297 212 335 720 190 656 552 91 638 660 645 17 740 478 335 121 740 232 403 493 473 91 447 245 399 190 91 541 635 65 473 456 493 51 635 645 521 265 730 212 638 424 672 656 245 107 509 635 424 121 407 212 245 749 213 740 708 69 232 51 51 478 107 473 415 410 403 660 212 672 335 708 91 484 473 17 332 290 638 107 399 708 493 51 232 161 473 473 410 493 410 552 507 656 121 654 709 245 552 121 654 407 69 245 51 740 424 224 415 645 730 403 656 410 415 42 672 709 93 649 649 399 399 654 121 708 403 456 190 42 290 211 224 484 315 509 456 315 443 521 211 297 708 708 93 456 424 654 415 65 213 541 552 645 443 484 507 660 407 425 749 42 654 645 749 425 660 297 232 473 121 65 42 290 635 709 473 399 363 730 340 478 720 494 730 740 297 315 552 410 521 645 69 456 93 447 42 478 447 720 363 315 315 265 17 720 290 315 493 478 211 494 17 473 399 363 93 635 213 297 407 407 399 93 340 91 672 107 541 51 645 425 399 190 415 635 403 635 708 340 740 552 332 541 335 332 493 507 42 410 638 654 507 410 649 42 224 484 649 415 493 332 340 245 424 42 708 638 224 672 507 245 749 749 656 656 507 332 42 708 424 656 507 224 340 645 335 65 635 335 91 493 51 443 245 494 332 42 660 107 654 399 638 65 656 478 635 415 363 635 494 107 121 552 161 332 17 507 121 403 415 645 363 645 425 232 656 65 424 265 403 290 91 493 425 425 654 672 447 190 509 213 65 521 212 638 654 645 212 107 161 720 443 521 660 297 245 42 415 730 232 720 297 107 17 69 161 656 552 425 443 107 42 709 473 507 212 265 456 363 645 494 91 265 660 649 740 399 656 638 121 363 709 541 493 638 415 399 649 447 740 213 541 224 232 484 161 340 672 335 478 410 245 403 65 709 509 709 93 107 672 107 456 65 315 190 740 443 635 93 224 340 91 17 635 213 478 403 51 473 656 720 410 121 507 340 521 161 720 315 211 121 93 660 17 456 507 638 649 121 51 69 660 507 297 507 363 654 552 121 638 232 212 494 224 635 552 17 649 91 749 407 363 265 494 332 335 507 332 335 720 654 415 363 552 410 340 212 403 332 720 507 315 17 91 660 509 91 415 443 51 635 161 749 507 245 649 315 69 91 638 91 649 211 660 447 224 410 425 552 212 245 245 656 443 297 265 212 161 410 213 340 363 232 107 65 213 473 410 443 403 730 740 161 541 91 297 749 654 335 484 69 407 107 708 424 65 656 740 424 407 507 635 415 656 635 425 443 749 410 443 447 521 399 447 335 91 107 484 649 493 456 290 213 635 473 211 720 51 51 51 399 749 107 484 656 340 212 645 399 245 654 399 213 399 672 232 211 42 638 521 403 509 224 447 315 708 224 121 645 340 161 69 672 443 478 654 645 245 649 315 447 443 407 507 65 649 213 315 484 709 443 93 415 
  Facilities: 59
 17 : 14 58 107 171 300 308 412 460 529 550 573 599
 42 : 211 225 257 268 292 344 351 361 374 393 453 468 714
 51 : 63 74 129 155 156 179 200 325 388 534 556 606 694 695 696
 65 : 11 39 68 125 245 267 383 399 423 438 510 519 641 662 741
 69 : 26 153 198 288 461 557 614 657 728
 91 : 36 103 117 122 168 321 386 428 478 528 575 600 603 615 617 651 682
 93 : 75 214 240 290 312 319 514 525 548 748
 107 : 17 41 53 141 158 175 323 395 407 445 459 467 515 517 640 659 683 699
 121 : 9 12 52 111 145 190 195 220 266 408 414 486 539 547 555 565 724
 161 : 24 56 181 410 446 462 502 543 608 634 649 727
 190 : 5 51 90 100 121 224 329 435 521
 211 : 19 22 227 236 306 546 619 692 713
 212 : 49 97 135 147 164 440 444 472 568 593 626 633 703
 213 : 150 246 314 437 497 531 636 642 689 709 743
 224 : 72 83 89 203 228 352 364 379 499 526 570 622 719 723
 232 : 95 113 154 180 264 421 456 500 567 639 712
 245 : 0 33 65 119 140 148 193 199 359 367 390 452 508 611 627 628 706 734
 265 : 42 69 133 299 425 473 479 579 632
 290 : 27 59 93 173 226 269 302 427 688
 297 : 38 80 96 237 263 282 315 451 458 560 631 652
 315 : 230 233 283 297 298 303 520 545 598 613 721 736 744
 332 : 172 338 341 357 373 392 411 581 584 595
 335 : 31 82 98 110 166 340 382 385 505 582 585 655 681
 340 : 64 276 320 335 358 380 503 527 541 592 637 702 726
 363 : 7 54 274 296 311 404 418 475 487 562 578 589 638
 399 : 13 35 120 176 217 218 273 310 318 328 397 483 493 679 697 705 708 710
 403 : 60 67 114 162 207 222 332 415 426 509 533 594 646 717
 407 : 46 55 94 146 197 254 316 317 577 658 666 739
 410 : 77 161 184 186 209 285 345 349 507 538 591 623 635 644 675
 415 : 160 204 210 244 330 355 403 416 454 492 588 604 669 749
 424 : 73 137 144 202 242 360 376 424 661 665
 425 : 255 261 327 420 430 431 465 624 672
 443 : 8 234 250 389 448 466 523 605 630 645 673 676 730 738 747
 447 : 10 57 87 118 291 294 434 495 621 677 680 720 737
 456 : 40 47 76 127 223 232 241 289 474 518 551 687
 473 : 28 45 116 126 159 170 182 183 265 272 309 470 535 643 691
 478 : 37 43 91 109 157 277 293 305 401 506 532 731
 484 : 32 169 229 251 353 501 656 684 700 745
 493 : 20 115 128 178 185 304 342 356 387 429 490 686
 494 : 25 29 279 307 391 406 477 569 580
 507 : 61 66 188 252 343 348 366 372 378 413 471 540 552 559 561 583 597 610 667 740
 509 : 4 23 81 142 231 436 512 602 718
 521 : 1 2 132 235 286 439 449 542 678 716
 541 : 34 48 123 247 324 339 489 498 650
 552 : 79 102 187 194 248 284 337 409 464 564 572 590 625
 635 : 85 124 130 143 270 313 331 333 384 402 405 524 530 571 607 668 671 690
 638 : 21 104 136 174 346 363 398 441 485 491 553 566 616 715
 645 : 106 131 205 249 259 287 326 381 417 419 443 476 704 725 733
 649 : 16 215 216 350 354 481 494 554 574 612 618 685 735 742
 654 : 6 50 191 196 219 243 258 347 396 432 442 563 587 654 707 732
 656 : 84 86 101 139 189 208 370 371 377 400 422 463 484 536 629 663 670 701
 660 : 71 105 163 253 262 394 450 480 549 558 601 620
 672 : 92 138 165 212 322 365 433 504 516 711 729
 708 : 15 30 44 62 88 152 167 177 221 238 239 334 362 375 660 722
 709 : 18 192 213 271 469 488 511 513 746
 720 : 99 278 295 301 447 457 537 544 586 596 693
 730 : 78 134 206 275 280 455 647
 740 : 3 70 108 112 151 201 281 336 482 496 522 648 664
 749 : 149 256 260 368 369 576 609 653 674 698
SOLUTION:
  Value: -764769.000000
  Assigns: 245 521 521 740 509 190 654 363 443 121 447 65 121 399 17 708 649 107 709 211 493 638 211 509 161 497 478 290 473 493 708 335 484 245 541 399 91 478 297 65 456 107 265 478 708 473 407 456 541 212 654 190 121 107 363 407 161 447 17 290 403 507 708 51 340 245 507 403 65 265 740 660 224 424 51 93 456 410 730 552 297 509 335 224 656 635 656 447 708 224 190 478 672 290 61 232 297 212 335 315 190 656 552 497 638 660 645 17 740 478 335 121 740 232 403 493 473 91 447 245 399 190 91 541 635 65 473 456 493 51 635 645 521 265 730 212 638 424 672 656 245 107 509 635 424 121 497 212 245 730 213 740 708 399 232 51 51 478 107 473 415 410 403 660 212 672 335 708 91 484 61 17 332 290 638 107 399 708 493 51 61 161 473 473 410 493 410 552 507 656 121 654 709 245 552 121 654 407 42 245 51 61 424 224 415 645 730 403 656 410 415 42 672 497 93 649 649 399 399 654 121 708 403 456 190 42 290 211 224 484 315 509 456 315 443 521 211 297 708 708 93 456 424 654 415 65 213 541 552 645 443 484 507 660 407 190 730 42 654 645 740 61 660 297 232 473 121 65 61 290 635 709 473 399 363 730 340 478 708 93 730 740 297 315 552 410 61 645 456 456 93 497 42 478 447 740 363 315 315 265 17 497 290 315 493 478 211 61 17 473 399 363 93 635 213 297 407 407 399 93 340 91 672 107 541 51 645 290 497 190 415 635 403 61 708 340 740 552 332 541 335 332 493 507 42 410 638 654 507 410 649 42 224 484 649 415 493 332 340 245 424 42 708 638 224 672 507 245 730 424 656 656 507 332 42 708 424 656 507 224 340 645 335 65 635 335 91 493 51 443 245 638 332 42 660 107 654 399 638 65 656 478 635 415 363 635 709 107 121 552 161 332 17 507 121 403 415 645 363 645 65 232 656 65 424 265 403 290 91 493 265 340 654 672 447 190 509 213 65 521 212 638 654 645 212 107 161 211 443 521 660 297 245 42 415 730 232 521 297 107 17 363 161 656 552 42 443 107 42 709 473 507 212 265 456 363 645 61 91 265 660 649 740 399 656 638 121 363 709 541 493 638 415 399 649 447 740 213 541 224 232 484 161 340 672 335 478 410 245 403 65 709 509 709 93 107 672 107 456 65 315 190 740 443 635 93 224 340 91 17 635 213 478 403 51 473 656 672 410 121 507 340 521 161 484 315 211 121 93 660 17 456 507 638 649 121 51 497 660 507 297 507 363 61 552 121 638 232 212 290 224 635 552 17 649 91 161 407 363 265 447 332 335 507 332 335 290 654 415 363 552 410 340 212 403 332 672 507 315 17 91 660 497 91 415 443 51 635 161 484 507 245 649 315 61 91 638 91 649 211 660 447 224 410 730 552 212 245 245 656 443 297 265 212 161 410 213 340 363 232 107 61 213 473 410 443 403 730 740 161 541 91 297 190 654 335 484 507 407 107 708 424 65 656 61 424 407 507 635 415 656 635 497 443 672 410 443 447 521 399 447 335 91 107 484 649 493 456 290 213 635 473 211 121 51 51 51 399 740 107 484 656 340 212 645 399 245 654 399 213 399 672 232 211 42 638 521 403 509 224 447 315 708 224 121 645 497 161 447 672 443 478 654 645 245 649 315 447 443 407 507 65 649 497 315 484 709 443 93 415 
  Facilities: 56
 17 : 14 58 107 171 300 308 412 460 529 550 573 599
 42 : 198 211 225 257 292 344 351 361 374 393 453 465 468 714
 51 : 63 74 129 155 156 179 200 325 388 534 556 606 694 695 696
 61 : 94 170 180 201 261 268 286 307 333 477 563 614 641 664
 65 : 11 39 68 125 245 267 383 399 420 423 438 510 519 662 741
 91 : 36 117 122 168 321 386 428 478 528 575 600 603 615 617 651 682
 93 : 75 214 240 279 290 312 319 514 525 548 748
 107 : 17 41 53 141 158 175 323 395 407 445 459 467 515 517 640 659 683 699
 121 : 9 12 52 111 145 190 195 220 266 408 414 486 539 547 555 565 693 724
 161 : 24 56 181 410 446 462 502 543 576 608 634 649 727
 190 : 5 51 90 100 121 224 255 329 435 521 653
 211 : 19 22 227 236 306 447 546 619 692 713
 212 : 49 97 135 147 164 440 444 472 568 593 626 633 703
 213 : 150 246 314 437 497 531 636 642 689 709
 224 : 72 83 89 203 228 352 364 379 499 526 570 622 719 723
 232 : 95 113 154 264 421 456 500 567 639 712
 245 : 0 33 65 119 140 148 193 199 359 367 390 452 508 611 627 628 706 734
 265 : 42 69 133 299 425 430 473 479 579 632
 290 : 27 59 93 173 226 269 302 327 427 569 586 688
 297 : 38 80 96 237 263 282 315 451 458 560 631 652
 315 : 99 230 233 283 297 298 303 520 545 598 613 721 736 744
 332 : 172 338 341 357 373 392 411 581 584 595
 335 : 31 82 98 110 166 340 382 385 505 582 585 655 681
 340 : 64 276 320 335 358 380 431 503 527 541 592 637 702
 363 : 7 54 274 296 311 404 418 461 475 487 562 578 589 638
 399 : 13 35 120 153 176 217 218 273 310 318 397 483 493 679 697 705 708 710
 403 : 60 67 114 162 207 222 332 415 426 509 533 594 646 717
 407 : 46 55 197 254 316 317 577 658 666 739
 410 : 77 161 184 186 209 285 345 349 507 538 591 623 635 644 675
 415 : 160 204 210 244 330 355 403 416 454 492 588 604 669 749
 424 : 73 137 144 202 242 360 369 376 424 661 665
 443 : 8 234 250 389 448 466 523 605 630 645 673 676 730 738 747
 447 : 10 57 87 118 294 434 495 580 621 677 680 720 728 737
 456 : 40 47 76 127 223 232 241 288 289 474 518 551 687
 473 : 28 45 116 126 159 182 183 265 272 309 470 535 643 691
 478 : 26 37 43 91 109 157 277 293 305 401 506 532 731
 484 : 32 169 229 251 353 501 544 609 656 684 700 745
 493 : 20 29 115 128 178 185 304 342 356 387 429 490 686
 497 : 25 103 146 213 291 301 328 557 602 672 726 743
 507 : 61 66 188 252 343 348 366 372 378 413 471 540 552 559 561 583 597 610 657 667 740
 509 : 4 23 81 142 231 436 512 718
 521 : 1 2 132 235 439 449 457 542 678 716
 541 : 34 48 123 247 324 339 489 498 650
 552 : 79 102 187 194 248 284 337 409 464 564 572 590 625
 635 : 85 124 130 143 270 313 331 384 402 405 524 530 571 607 668 671 690
 638 : 21 104 136 174 346 363 391 398 441 485 491 553 566 616 715
 645 : 106 131 205 249 259 287 326 381 417 419 443 476 704 725 733
 649 : 16 215 216 350 354 481 494 554 574 612 618 685 735 742
 654 : 6 50 191 196 219 243 258 347 396 432 442 587 654 707 732
 656 : 84 86 101 139 189 208 370 371 377 400 422 463 484 536 629 663 670 701
 660 : 71 105 163 253 262 394 450 480 549 558 601 620
 672 : 92 138 165 212 322 365 433 504 516 537 596 674 711 729
 708 : 15 30 44 62 88 152 167 177 221 238 239 278 334 362 375 660 722
 709 : 18 192 271 406 469 488 511 513 746
 730 : 78 134 149 206 256 275 280 368 455 624 647
 740 : 3 70 108 112 151 260 281 295 336 482 496 522 648 698
SOLUTION:
  Value: -764770.000000
  Assigns: 245 521 521 740 509 190 654 363 443 121 447 65 121 399 17 708 649 107 709 211 493 638 211 509 161 494 69 290 473 494 708 335 484 245 541 399 91 478 297 65 456 107 265 478 708 473 407 456 541 212 654 190 121 107 363 407 161 447 17 290 403 507 708 51 340 245 507 403 65 265 740 660 224 424 51 93 456 410 730 552 297 509 335 224 656 635 656 447 708 224 190 478 672 290 407 232 297 212 335 315 190 656 552 91 638 660 645 17 740 478 335 121 740 232 403 493 473 91 447 245 399 190 91 541 635 65 473 456 493 51 635 645 521 265 730 212 638 424 672 656 245 107 509 635 424 121 407 212 245 749 213 740 708 69 232 51 51 478 107 473 415 410 403 660 212 672 335 708 91 484 473 17 332 290 638 107 399 708 493 51 232 161 473 473 410 493 410 552 507 656 121 654 709 245 552 121 654 407 69 245 51 740 424 224 415 645 730 403 656 410 415 42 672 709 93 649 649 399 399 654 121 708 403 456 190 42 290 211 224 484 315 509 456 315 443 521 211 297 708 708 93 456 424 654 415 65 213 541 552 645 443 484 507 660 407 425 749 42 654 645 749 425 660 297 232 473 121 65 42 290 635 709 473 399 363 730 340 478 708 494 730 740 297 315 552 410 521 645 69 456 93 447 42 478 447 740 363 315 315 265 17 69 290 315 493 478 211 494 17 473 399 363 93 635 213 297 407 407 399 93 340 91 672 107 541 51 645 425 399 190 415 635 403 635 708 340 740 552 332 541 335 332 493 507 42 410 638 654 507 410 649 42 224 484 649 415 493 332 340 245 424 42 708 638 224 672 507 245 749 749 656 656 507 332 42 708 424 656 507 224 340 645 335 65 635 335 91 493 51 443 245 494 332 42 660 107 654 399 638 65 656 478 635 415 363 635 494 107 121 552 161 332 17 507 121 403 415 645 363 645 425 232 656 65 424 265 403 290 91 493 425 425 654 672 447 190 509 213 65 521 212 638 654 645 212 107 161 211 443 521 660 297 245 42 415 730 232 521 297 107 17 69 161 656 552 425 443 107 42 709 473 507 212 265 456 363 645 494 91 265 660 649 740 399 656 638 121 363 709 541 493 638 415 399 649 447 740 213 541 224 232 484 161 340 672 335 478 410 245 403 65 709 509 709 93 107 672 107 456 65 315 190 740 443 635 93 224 340 91 17 635 213 478 403 51 473 656 672 410 121 507 340 521 161 484 315 211 121 93 660 17 456 507 638 649 121 51 69 660 507 297 507 363 654 552 121 638 232 212 494 224 635 552 17 649 91 749 407 363 265 494 332 335 507 332 335 290 654 415 363 552 410 340 212 403 332 672 507 315 17 91 660 509 91 415 443 51 635 161 749 507 245 649 315 69 91 638 91 649 211 660 447 224 410 425 552 212 245 245 656 443 297 265 212 161 410 213 340 363 232 107 65 213 473 410 443 403 730 740 161 541 91 297 749 654 335 484 69 407 107 708 424 65 656 740 424 407 507 635 415 656 635 425 443 749 410 443 447 521 399 447 335 91 107 484 649 493 456 290 213 635 473 211 121 51 51 51 399 749 107 484 656 340 212 645 399 245 654 399 213 399 672 232 211 42 638 521 403 509 224 447 315 708 224 121 645 340 161 69 672 443 478 654 645 245 649 315 447 443 407 507 65 649 213 315 484 709 443 93 415 
  Facilities: 58
 17 : 14 58 107 171 300 308 412 460 529 550 573 599
 42 : 211 225 257 268 292 344 351 361 374 393 453 468 714
 51 : 63 74 129 155 156 179 200 325 388 534 556 606 694 695 696
 65 : 11 39 68 125 245 267 383 399 423 438 510 519 641 662 741
 69 : 26 153 198 288 301 461 557 614 657 728
 91 : 36 103 117 122 168 321 386 428 478 528 575 600 603 615 617 651 682
 93 : 75 214 240 290 312 319 514 525 548 748
 107 : 17 41 53 141 158 175 323 395 407 445 459 467 515 517 640 659 683 699
 121 : 9 12 52 111 145 190 195 220 266 408 414 486 539 547 555 565 693 724
 161 : 24 56 181 410 446 462 502 543 608 634 649 727
 190 : 5 51 90 100 121 224 329 435 521
 211 : 19 22 227 236 306 447 546 619 692 713
 212 : 49 97 135 147 164 440 444 472 568 593 626 633 703
 213 : 150 246 314 437 497 531 636 642 689 709 743
 224 : 72 83 89 203 228 352 364 379 499 526 570 622 719 723
 232 : 95 113 154 180 264 421 456 500 567 639 712
 245 : 0 33 65 119 140 148 193 199 359 367 390 452 508 611 627 628 706 734
 265 : 42 69 133 299 425 473 479 579 632
 290 : 27 59 93 173 226 269 302 427 586 688
 297 : 38 80 96 237 263 282 315 451 458 560 631 652
 315 : 99 230 233 283 297 298 303 520 545 598 613 721 736 744
 332 : 172 338 341 357 373 392 411 581 584 595
 335 : 31 82 98 110 166 340 382 385 505 582 585 655 681
 340 : 64 276 320 335 358 380 503 527 541 592 637 702 726
 363 : 7 54 274 296 311 404 418 475 487 562 578 589 638
 399 : 13 35 120 176 217 218 273 310 318 328 397 483 493 679 697 705 708 710
 403 : 60 67 114 162 207 222 332 415 426 509 533 594 646 717
 407 : 46 55 94 146 197 254 316 317 577 658 666 739
 410 : 77 161 184 186 209 285 345 349 507 538 591 623 635 644 675
 415 : 160 204 210 244 330 355 403 416 454 492 588 604 669 749
 424 : 73 137 144 202 242 360 376 424 661 665
 425 : 255 261 327 420 430 431 465 624 672
 443 : 8 234 250 389 448 466 523 605 630 645 673 676 730 738 747
 447 : 10 57 87 118 291 294 434 495 621 677 680 720 737
 456 : 40 47 76 127 223 232 241 289 474 518 551 687
 473 : 28 45 116 126 159 170 182 183 265 272 309 470 535 643 691
 478 : 37 43 91 109 157 277 293 305 401 506 532 731
 484 : 32 169 229 251 353 501 544 656 684 700 745
 493 : 20 115 128 178 185 304 342 356 387 429 490 686
 494 : 25 29 279 307 391 406 477 569 580
 507 : 61 66 188 252 343 348 366 372 378 413 471 540 552 559 561 583 597 610 667 740
 509 : 4 23 81 142 231 436 512 602 718
 521 : 1 2 132 235 286 439 449 457 542 678 716
 541 : 34 48 123 247 324 339 489 498 650
 552 : 79 102 187 194 248 284 337 409 464 564 572 590 625
 635 : 85 124 130 143 270 313 331 333 384 402 405 524 530 571 607 668 671 690
 638 : 21 104 136 174 346 363 398 441 485 491 553 566 616 715
 645 : 106 131 205 249 259 287 326 381 417 419 443 476 704 725 733
 649 : 16 215 216 350 354 481 494 554 574 612 618 685 735 742
 654 : 6 50 191 196 219 243 258 347 396 432 442 563 587 654 707 732
 656 : 84 86 101 139 189 208 370 371 377 400 422 463 484 536 629 663 670 701
 660 : 71 105 163 253 262 394 450 480 549 558 601 620
 672 : 92 138 165 212 322 365 433 504 516 537 596 711 729
 708 : 15 30 44 62 88 152 167 177 221 238 239 278 334 362 375 660 722
 709 : 18 192 213 271 469 488 511 513 746
 730 : 78 134 206 275 280 455 647
 740 : 3 70 108 112 151 201 281 295 336 482 496 522 648 664
 749 : 149 256 260 368 369 576 609 653 674 698
