# Time: 128129.679688
# Elapsed: 28314.873047
# Input_file: splp/KoerkelGhosh-asym/750/a/ga750a-4
# Pool_size: 400
# Iterations: 67
# Final_solutions: 23272
# Vision_range: 600
# Reduction_mode: REDUCTION_DISPERSE
# Dissimilitude: DISSIM_MSE
# Facility_dist: FDISMODE_SUMOFDELTAS
SOLUTION:
  Value: -764035.000000
  Assigns: 419 385 399 290 560 436 98 291 302 161 219 306 560 53 550 148 638 385 361 613 495 702 291 638 430 671 291 517 655 533 412 323 294 717 486 385 278 385 219 634 306 53 717 639 294 327 533 550 290 265 175 550 683 747 694 98 736 671 153 692 306 651 495 323 495 560 168 361 161 651 467 103 153 412 717 53 635 683 265 98 161 327 486 533 692 290 257 467 362 533 627 736 265 306 567 567 103 747 385 306 161 430 467 517 323 651 290 159 153 291 265 613 550 560 306 421 327 436 467 550 412 517 702 692 436 419 702 533 343 517 175 694 517 257 639 294 168 694 655 103 436 103 550 671 290 495 638 421 702 467 550 467 323 161 533 430 306 385 175 161 671 327 692 430 467 306 99 175 550 362 103 736 692 99 533 717 148 219 495 302 560 302 635 175 702 327 270 435 671 550 265 302 343 634 399 692 99 638 99 159 302 694 291 361 421 362 291 399 302 655 385 399 683 257 161 270 717 265 655 567 412 694 294 655 99 46 635 717 98 175 302 627 219 219 361 717 278 99 419 343 651 421 692 302 168 517 651 265 327 436 717 517 694 486 747 467 736 257 265 702 651 651 567 219 560 430 613 53 148 306 46 412 302 175 53 692 361 634 148 435 175 436 148 382 385 717 627 613 627 412 175 148 294 257 683 399 362 419 343 257 327 467 294 265 565 168 486 671 651 747 671 148 421 736 361 399 257 257 99 683 343 683 257 361 655 46 495 517 53 495 421 175 98 175 495 98 683 265 486 467 634 46 692 683 635 161 323 533 385 302 639 219 219 153 702 634 736 265 265 361 634 613 148 270 270 694 302 550 560 565 634 639 560 46 99 148 430 291 98 467 736 257 736 323 436 265 270 306 421 278 567 278 639 634 533 565 627 382 290 412 635 533 639 430 639 278 638 613 565 683 550 399 343 382 362 385 421 399 343 651 153 430 651 290 46 159 639 103 634 153 717 436 53 683 159 736 421 159 694 560 98 159 219 385 153 343 683 419 219 694 736 306 495 517 53 671 153 270 638 290 294 412 747 635 560 362 736 257 692 560 495 550 565 567 168 399 290 219 265 717 565 294 694 99 153 627 159 655 175 692 655 257 435 627 639 747 692 323 412 683 736 702 627 412 159 327 694 430 327 747 435 747 550 467 323 382 517 635 702 399 635 565 560 613 382 302 655 692 717 436 651 565 638 419 362 265 655 639 53 486 567 421 694 362 639 53 550 692 327 655 419 435 421 486 327 153 517 627 290 323 168 270 385 278 290 103 655 635 747 382 361 53 161 717 362 565 148 323 399 747 565 153 175 627 435 46 736 435 467 702 747 153 343 694 270 98 159 430 635 467 99 382 692 486 412 634 168 683 430 291 638 565 419 306 486 421 153 270 467 747 302 98 634 421 382 385 550 550 323 747 257 430 560 517 671 436 634 635 362 148 291 651 495 323 291 323 634 362 736 486 412 153 278 655 683 161 98 436 533 361 46 294 430 436 148 327 655 613 46 550 175 436 550 257 717 560 702 399 382 436 638 655 692 671 717 638 399 560 382 567 430 495 306 736 98 634 421 567 655 717 168 161 382 412 294 168 435 361 627 159 257 362 362 533 747 302 382 567 257 323 421 671 399 567 565 550 161 517 148 99 495 560 361 651 565 291 421 265 294 219 560 517 486 692 270 361 148 103 495 265 
  Facilities: 60
 46 : 225 270 325 341 373 424 585 660 668
 53 : 13 41 75 267 274 328 432 454 538 545 571
 98 : 6 55 79 228 332 335 378 440 595 621 656 694
 99 : 166 173 196 198 224 237 318 374 483 600 729
 103 : 71 96 139 141 170 427 565 747
 148 : 15 176 268 278 282 291 311 362 375 576 639 664 728 746
 153 : 58 72 108 353 420 429 444 456 484 555 581 591 616 651
 159 : 107 199 425 434 437 441 486 504 596 709
 161 : 9 68 80 100 153 159 214 345 572 655 701 726
 168 : 66 136 244 305 474 560 606 700 705
 175 : 50 130 158 167 183 229 273 280 290 331 333 488 582 670
 219 : 10 38 177 232 233 263 351 352 442 448 477 739
 257 : 86 133 213 257 293 299 316 317 322 381 467 491 630 673 710 718
 265 : 49 78 92 110 190 217 247 258 303 337 357 358 385 478 535 737 749
 270 : 186 215 363 364 386 457 561 594 617 744
 278 : 36 236 389 391 405 563 652
 290 : 3 48 85 106 144 398 423 459 476 558 564
 291 : 7 22 26 109 202 206 377 609 640 644 735
 294 : 32 44 135 222 292 302 460 481 661 704 738
 302 : 8 179 181 191 200 208 230 243 272 349 366 525 620 715
 306 : 11 40 60 93 99 114 156 165 269 387 451 613 692
 323 : 31 63 104 152 346 383 497 514 559 577 628 643 645 719
 327 : 45 81 116 161 185 248 300 505 508 548 554 665
 343 : 128 192 239 298 320 412 418 445 592
 361 : 18 67 203 234 276 314 323 359 570 659 707 732 745
 362 : 88 169 205 296 414 465 534 543 574 638 647 711 712
 382 : 283 397 413 515 524 569 601 624 678 688 702 716
 385 : 1 17 35 37 98 157 210 284 348 415 443 562 625
 399 : 2 194 207 211 295 315 411 417 475 519 578 677 686 722
 412 : 30 73 120 220 271 289 399 461 498 503 604 650 703
 419 : 0 125 238 297 447 533 550 612
 421 : 115 147 204 241 312 330 388 416 436 541 552 615 623 696 720 736
 430 : 24 101 155 163 265 376 403 421 507 597 608 631 662 690
 435 : 187 279 492 510 551 584 587 706
 436 : 5 117 124 140 249 281 384 431 529 635 657 663 671 679
 467 : 70 87 102 118 149 151 164 255 301 339 379 513 588 599 618
 486 : 34 82 253 306 338 539 553 603 614 649 742
 495 : 20 62 64 145 178 326 329 334 452 470 642 691 730 748
 517 : 27 103 121 129 132 245 251 327 453 516 556 633 727 741
 533 : 29 46 83 89 127 154 174 347 394 401 658 713
 550 : 14 47 51 112 119 142 150 168 189 367 410 471 512 546 626 627 669 672 725
 560 : 4 12 65 113 180 264 368 372 439 464 469 522 632 675 687 731 740
 565 : 304 369 395 408 472 480 521 531 575 580 611 724 734
 567 : 94 95 219 262 390 473 540 689 697 717 723
 613 : 19 111 266 287 361 407 523 667
 627 : 90 231 286 288 396 485 493 502 557 583 708
 634 : 39 193 277 340 355 360 370 393 428 605 622 636 646 695
 635 : 76 182 226 344 400 463 517 520 567 598 637
 638 : 16 23 146 197 406 458 532 610 680 685
 639 : 43 134 350 371 392 402 404 426 494 537 544
 651 : 61 69 105 240 246 260 261 308 419 422 530 641 733
 655 : 28 138 209 218 223 324 487 490 526 536 549 566 653 666 681 698
 671 : 25 57 143 160 188 307 310 455 634 683 721
 683 : 52 77 212 294 319 321 336 343 409 433 446 499 607 654
 692 : 59 84 123 162 172 195 242 275 342 468 489 496 527 547 602 682 743
 694 : 54 131 137 201 221 252 365 438 449 482 506 542 593
 702 : 21 122 126 148 184 259 354 501 518 589 676
 717 : 33 42 74 175 216 227 235 250 285 430 479 528 573 674 684 699
 736 : 56 91 171 256 313 356 380 382 435 450 466 500 586 648 693
 747 : 53 97 254 309 462 495 509 511 568 579 590 619 629 714
SOLUTION:
  Value: -764038.000000
  Assigns: 686 206 415 162 294 532 696 291 302 127 190 294 467 415 550 127 136 696 39 300 495 303 194 655 668 671 291 162 190 696 412 745 294 249 486 686 539 198 265 634 671 53 249 63 206 53 533 550 294 265 175 550 683 493 694 190 533 136 153 692 249 651 672 467 318 249 136 595 532 651 467 103 696 412 300 53 635 683 265 136 80 415 486 533 127 533 257 467 136 668 672 668 265 300 357 415 103 63 63 357 265 430 467 493 280 651 39 696 357 291 194 539 550 325 532 672 198 127 467 550 412 302 702 692 63 198 702 533 399 127 190 694 300 257 692 294 136 694 655 103 686 103 550 671 696 495 173 325 702 467 745 198 694 206 533 430 318 696 175 249 671 175 692 430 467 357 99 39 550 357 103 486 692 198 206 190 153 63 495 539 595 190 635 532 702 39 270 127 493 539 265 302 702 634 399 692 99 162 99 357 302 493 291 357 265 280 194 399 302 655 162 399 683 257 198 270 39 265 532 415 412 694 294 198 415 550 173 539 493 175 302 696 198 302 325 651 382 99 696 198 415 103 692 302 696 745 63 127 357 206 539 80 694 486 672 300 430 173 162 415 651 651 467 162 103 430 686 53 493 39 300 162 127 175 53 692 325 300 173 194 63 136 280 136 672 249 270 686 63 412 175 668 294 257 683 399 539 467 595 257 696 467 194 63 325 300 486 671 651 63 671 173 550 382 39 198 257 257 99 683 153 357 257 318 655 303 495 162 53 495 127 175 655 175 495 175 683 265 486 467 634 415 692 683 635 136 300 533 190 173 39 173 127 153 702 634 399 539 206 550 595 686 318 270 303 694 302 550 190 694 300 173 153 318 99 291 430 291 745 467 696 257 198 127 595 265 270 399 325 280 280 249 745 634 745 532 696 382 672 412 635 533 198 430 198 80 651 532 745 683 550 399 63 303 668 280 430 595 103 651 318 357 532 194 136 103 668 103 173 153 39 265 53 683 686 136 634 190 694 533 382 318 672 533 153 595 683 206 190 280 745 302 532 249 53 671 325 270 318 249 294 412 683 635 162 173 399 190 692 493 495 550 318 415 745 399 686 493 190 668 651 294 694 99 153 303 686 162 80 692 655 493 539 382 595 190 692 303 412 683 430 702 39 412 280 80 694 430 532 671 668 302 550 467 198 382 696 635 702 190 635 175 672 672 162 686 655 692 668 103 651 303 325 686 136 265 655 745 53 486 532 39 694 635 303 53 550 206 153 655 257 325 533 486 80 39 39 671 303 635 302 270 415 595 63 103 280 318 634 382 39 53 173 668 595 194 683 136 672 300 672 153 80 532 357 173 99 173 467 702 80 153 686 694 357 175 672 493 635 467 99 382 198 486 412 634 206 683 430 291 318 162 668 382 486 280 153 270 467 634 302 249 634 190 382 291 550 550 415 206 257 127 694 162 198 595 634 635 190 486 291 651 495 300 291 655 634 280 206 486 672 153 300 655 683 194 686 357 533 249 63 294 430 357 532 745 655 206 194 550 175 162 550 415 430 173 702 399 382 194 190 655 692 190 63 190 668 190 382 198 430 495 357 493 745 634 190 257 655 80 80 539 382 412 294 702 127 300 745 532 257 103 683 533 668 302 382 655 257 318 467 671 399 80 198 550 80 325 745 99 495 493 190 651 153 291 162 265 294 153 127 127 486 668 270 194 668 103 495 265 
  Facilities: 57
 39 : 18 106 167 185 216 269 314 350 430 502 541 555 556 570
 53 : 41 45 75 267 274 328 432 454 538 545 571
 63 : 43 97 98 124 177 246 280 288 303 309 412 564 660 684
 80 : 80 251 405 488 505 554 582 590 699 700 723 726
 99 : 166 196 198 237 318 374 483 586 600 729
 103 : 71 96 139 141 170 241 264 418 425 427 529 565 711 747
 127 : 9 15 84 117 129 187 247 272 330 352 383 631 706 740 741
 136 : 16 57 66 79 88 136 281 283 345 424 435 534 577
 153 : 58 176 320 353 372 429 444 484 548 581 591 616 651 734 739
 162 : 3 27 197 210 258 263 271 327 464 487 524 611 633 671 736
 173 : 146 226 257 278 311 349 351 371 428 465 572 585 587 675
 175 : 50 158 161 229 273 290 331 333 335 521 595 670
 190 : 10 28 55 130 175 181 348 368 437 448 467 478 495 519 623 638 680 683 685 687 696 732
 194 : 22 110 206 279 302 423 575 655 668 679 745
 198 : 37 116 125 151 173 214 223 232 239 315 382 402 404 514 602 634 689 724
 206 : 1 44 153 174 249 358 447 547 606 629 648 667
 249 : 33 42 60 65 159 285 391 453 459 621 659
 257 : 86 133 213 293 299 316 317 322 381 550 630 697 710 718
 265 : 38 49 78 92 100 190 204 217 337 385 431 535 737 749
 270 : 186 215 286 363 386 457 561 617 744
 280 : 104 205 282 389 390 415 449 504 566 615 647
 291 : 7 26 109 202 375 377 609 625 640 644 735
 294 : 4 11 32 48 135 222 292 460 481 661 704 738
 300 : 19 74 93 132 255 270 277 305 346 370 579 643 652 707
 302 : 8 121 191 200 208 230 233 243 366 451 511 560 620 715
 303 : 21 325 364 413 485 497 531 544 558
 318 : 64 156 323 362 373 420 441 458 472 567 610 719
 325 : 113 147 234 276 304 388 456 532 551 727
 357 : 94 99 108 165 169 199 203 248 321 421 584 594 657 663 692
 382 : 236 313 397 440 493 515 569 601 613 624 678 688 702 716
 399 : 128 194 207 211 295 356 387 411 466 475 677 722
 412 : 30 73 120 220 289 399 461 498 503 604 703
 415 : 2 13 81 95 219 224 240 259 341 473 562 628 673
 430 : 101 155 163 256 265 376 403 416 500 507 608 662 674 690
 467 : 12 63 70 87 102 118 149 164 262 297 301 339 379 513 588 599 618 720
 486 : 34 82 171 253 306 338 539 553 603 614 639 649 742
 493 : 53 103 188 201 228 268 469 477 491 597 693 731
 495 : 20 145 178 326 329 334 470 642 691 730 748
 532 : 5 68 114 183 218 395 407 422 452 508 540 583 664 709
 533 : 46 56 83 85 127 154 347 401 439 443 552 658 713
 539 : 36 111 179 189 227 250 296 357 492 701
 550 : 14 47 51 112 119 142 168 225 312 359 367 410 471 512 546 626 627 669 672 725
 595 : 67 180 298 360 384 417 445 494 563 574 635
 634 : 39 193 340 355 393 436 568 605 619 622 636 646 695
 635 : 76 182 344 400 463 517 520 543 559 598 637
 651 : 61 69 105 235 260 261 308 406 419 480 530 641 733
 655 : 23 138 209 324 332 490 526 536 549 645 653 666 681 698 717
 668 : 24 89 91 291 414 426 479 510 528 573 612 686 714 743 746
 671 : 25 40 143 160 307 310 455 509 557 721
 672 : 62 90 115 254 284 398 442 522 523 578 580 596 650
 683 : 52 77 212 294 319 336 343 409 433 446 462 499 576 607 654 712
 686 : 0 35 140 266 287 361 434 476 486 525 533 592 656
 692 : 59 123 134 162 172 195 242 275 342 468 489 496 527 682
 694 : 54 131 137 152 221 252 365 369 438 482 506 542 593 632
 696 : 6 17 29 72 107 144 157 231 238 244 300 380 396 516
 702 : 122 126 148 184 192 354 501 518 589 676 705
 745 : 31 150 245 378 392 394 408 450 474 537 665 694 708 728
SOLUTION:
  Value: -764039.000000
  Assigns: 419 385 369 567 732 201 473 63 302 161 190 306 609 53 550 148 136 385 361 613 495 702 194 655 430 652 492 517 190 609 412 323 652 369 486 385 369 385 519 379 306 53 153 63 732 53 533 550 473 265 175 550 683 361 694 190 609 136 153 302 306 651 732 323 318 201 136 361 161 651 467 103 153 412 712 53 270 683 265 136 161 732 486 533 265 533 257 467 362 533 613 385 265 306 567 567 103 63 385 306 492 430 467 517 323 651 39 159 153 613 194 613 712 652 306 369 732 103 467 550 412 517 702 683 567 419 702 533 399 517 190 694 517 257 270 302 136 694 655 103 369 103 550 369 519 492 173 609 702 467 745 652 323 161 533 430 306 385 175 161 712 175 362 430 467 306 99 39 550 362 103 486 495 99 533 190 148 63 201 162 595 190 39 175 702 39 270 732 173 550 265 302 702 136 399 712 99 338 99 159 302 338 382 361 732 362 194 399 302 655 385 399 338 338 161 270 39 265 655 567 412 694 379 655 712 550 173 492 519 175 379 306 194 302 361 651 382 99 419 201 651 103 550 302 379 745 63 265 103 162 702 517 694 486 519 467 652 173 162 173 652 651 567 162 103 430 613 53 369 306 655 162 302 175 473 190 361 609 148 194 63 136 148 136 369 519 270 613 161 412 175 148 338 257 683 399 362 419 595 257 517 467 194 63 712 302 486 53 651 63 153 148 338 712 39 399 257 338 99 683 153 683 257 361 655 732 495 162 609 495 492 175 655 175 495 175 683 265 486 467 414 39 382 473 39 161 323 533 190 173 39 173 652 153 702 414 399 194 265 361 595 613 318 270 270 694 302 550 362 201 190 173 153 318 99 148 430 519 745 467 369 257 414 323 595 265 270 306 414 379 567 302 745 519 745 473 609 382 467 412 732 533 338 430 175 414 651 613 745 683 550 399 63 338 362 385 430 595 613 651 318 492 651 194 652 159 39 103 173 153 39 265 53 683 159 136 159 190 694 379 382 318 159 652 153 595 683 419 190 694 745 306 63 517 53 519 153 270 318 419 194 369 683 161 162 362 399 190 173 683 495 550 318 567 745 399 712 148 190 567 651 265 694 99 379 613 159 162 175 492 655 652 732 414 595 201 613 162 609 683 430 702 39 652 159 492 694 430 652 257 492 302 550 467 323 382 732 519 702 190 550 492 399 613 162 302 369 369 201 103 651 414 201 419 362 265 655 745 53 486 567 39 694 362 712 53 550 473 153 655 419 201 533 652 492 39 517 369 414 323 302 270 385 595 63 103 338 318 306 382 39 53 173 190 595 194 148 323 399 492 745 153 369 732 162 173 99 379 467 702 361 153 323 694 270 175 159 430 161 467 99 382 652 486 519 732 473 683 430 486 302 162 419 306 486 567 153 270 467 385 302 265 379 190 382 385 550 550 323 270 190 595 694 517 39 595 270 492 362 148 379 651 609 338 175 323 63 362 369 486 190 153 473 655 683 161 519 369 533 361 63 270 430 492 148 745 655 613 194 550 175 492 550 173 430 173 702 399 652 194 190 655 652 190 63 519 492 190 382 567 430 495 306 473 745 63 190 567 655 517 517 161 382 412 153 702 609 361 745 159 257 362 362 533 159 302 382 567 257 323 467 519 399 567 201 550 712 517 745 99 495 652 361 651 153 159 414 265 651 153 519 517 486 190 270 361 148 103 495 265 
  Facilities: 57
 39 : 106 167 182 185 216 314 341 344 350 426 430 502 541 555 570 634
 53 : 13 41 45 75 267 307 432 454 538 545 571
 63 : 7 43 97 177 246 280 303 309 412 452 564 646 660 684 695
 99 : 166 173 196 198 237 318 374 483 586 600 729
 103 : 71 96 117 139 141 170 241 248 264 427 529 565 747
 136 : 16 57 66 79 136 193 281 283 435
 148 : 15 176 278 282 291 311 375 477 576 639 664 746
 153 : 42 58 72 108 310 320 353 372 429 444 456 548 581 591 616 651 704 734 739
 159 : 107 199 425 434 436 442 486 504 596 709 714 735
 161 : 9 68 80 153 159 214 288 345 463 598 655 701
 162 : 179 249 258 263 271 327 464 487 497 524 584 611
 173 : 146 188 226 257 259 349 351 371 428 468 572 585 673 675
 175 : 50 158 161 183 229 273 290 331 333 335 404 488 595 644 670
 190 : 10 28 55 130 175 181 275 348 370 437 448 467 478 519 573 623 630 650 680 683 687 696 743
 194 : 22 110 206 232 279 302 357 423 460 575 668 679
 201 : 5 65 178 239 369 495 528 532 551 724
 257 : 86 133 293 299 316 322 381 509 710 718
 265 : 49 78 84 92 190 217 247 337 358 385 431 481 535 621 737 749
 270 : 76 134 186 215 286 363 364 386 457 561 594 617 629 636 661 744
 302 : 8 59 135 191 200 208 233 243 272 305 366 391 511 525 560 610 620 715
 306 : 11 40 60 93 99 114 156 165 231 269 387 451 568 613 692
 318 : 64 362 373 420 441 458 472 567
 323 : 31 63 104 152 346 383 514 559 577 592 628 645 719
 338 : 197 201 212 213 292 312 317 402 413 566 643
 361 : 18 53 67 203 234 276 323 359 590 659 707 732 745
 362 : 88 162 169 205 296 368 414 465 534 543 638 647 711 712
 369 : 2 33 36 115 140 143 268 284 380 461 526 527 557 582 648 657
 379 : 39 222 230 244 389 439 484 587 622 640
 382 : 202 236 342 397 440 515 569 601 624 688 702 716
 385 : 1 17 35 37 91 98 157 210 415 562 619 625
 399 : 128 194 207 211 295 315 356 411 466 475 522 578 677 722
 412 : 30 73 120 220 289 399 703
 414 : 340 355 382 388 405 493 531 558 736
 419 : 0 125 238 297 447 459 533 550 612
 430 : 24 101 155 163 265 376 403 416 500 507 597 608 662 674 690
 467 : 70 87 102 118 149 164 255 301 339 379 398 513 588 599 618 720
 473 : 6 48 274 343 395 547 606 652 693
 486 : 34 82 171 253 306 338 539 603 609 614 649 742
 492 : 26 100 145 227 330 421 489 505 510 521 554 579 637 663 671 686
 495 : 20 172 326 329 334 470 691 730 748
 517 : 27 103 121 129 132 251 300 453 556 633 699 700 727 741
 519 : 38 144 228 254 285 377 393 455 517 604 656 685 721 740
 533 : 46 83 85 89 127 154 174 347 401 552 658 713
 550 : 14 47 51 119 142 168 189 225 242 367 410 471 512 520 546 626 627 669 672 725
 567 : 3 94 95 124 219 262 390 473 479 540 615 689 697 717 723
 595 : 180 298 360 384 417 445 494 563 574 631 635
 609 : 12 29 56 147 277 328 396 498 642 706
 613 : 19 90 109 111 266 287 361 407 418 485 496 523 667
 651 : 61 69 105 235 240 261 308 406 419 422 480 530 641 733 738
 652 : 25 32 113 151 256 260 352 424 443 491 503 508 553 602 678 682 731
 655 : 23 138 209 218 223 270 324 332 490 536 549 653 666 681 698
 683 : 52 77 123 294 319 321 336 409 433 446 462 469 499 607 654
 694 : 54 131 137 221 252 365 438 449 482 506 542 593 632
 702 : 21 122 126 148 184 192 250 354 501 518 589 676 705
 712 : 74 112 160 195 224 304 313 476 544 726
 732 : 4 44 62 81 116 187 204 325 400 492 516 583 605
 745 : 150 245 378 392 394 408 450 474 537 580 665 694 708 728
SOLUTION:
  Value: -764044.000000
  Assigns: 114 206 415 148 177 532 696 291 302 127 190 306 467 415 550 340 136 696 39 300 495 303 194 655 668 671 291 162 190 696 412 745 467 249 486 686 539 198 231 634 306 53 249 63 206 53 533 550 325 265 175 550 683 668 694 190 736 136 153 302 306 651 340 669 318 249 136 595 532 651 467 103 340 412 300 53 635 683 265 136 80 415 486 533 127 533 257 467 136 668 672 736 265 300 357 415 103 63 148 306 265 430 467 39 280 651 39 696 357 291 194 539 550 325 306 672 198 127 467 550 412 302 702 683 63 198 702 533 669 127 190 694 300 257 270 302 136 694 655 103 686 103 550 671 696 495 173 325 702 467 745 198 694 206 533 430 306 669 175 340 671 175 539 430 177 306 532 39 340 357 103 177 495 198 206 190 148 63 495 539 595 190 635 532 702 39 270 127 173 539 265 302 702 634 153 669 265 162 306 357 302 694 291 357 265 280 194 595 302 655 162 696 683 257 198 270 39 265 532 415 412 694 669 198 415 550 173 539 669 175 302 306 198 302 325 651 382 198 696 198 415 103 550 302 231 745 63 127 357 206 539 80 694 486 672 300 736 173 162 415 651 651 467 177 103 430 686 53 148 306 249 162 127 175 53 80 325 300 148 194 63 136 280 136 672 249 270 686 63 412 175 668 668 257 683 340 539 148 595 257 696 467 194 63 325 302 486 671 651 63 671 148 114 736 39 198 257 257 177 683 669 357 257 318 655 303 495 162 53 495 127 175 655 175 495 175 683 265 114 467 634 415 382 683 635 136 300 533 190 173 39 173 127 153 702 634 736 539 206 550 595 686 318 270 303 694 302 550 190 694 190 173 153 318 340 148 430 291 745 467 736 340 669 127 595 265 270 306 325 280 280 249 745 634 745 532 696 382 672 412 635 533 198 430 198 80 651 532 745 683 550 114 63 303 668 280 430 595 103 651 318 357 532 194 136 103 668 103 173 153 39 231 53 683 686 136 634 190 694 533 382 318 672 533 153 595 683 206 190 280 745 306 532 249 53 671 325 270 318 249 194 412 177 635 162 173 736 190 173 683 495 550 318 415 745 634 686 148 190 668 651 265 694 231 153 303 686 162 80 114 655 257 539 231 595 190 80 162 412 683 736 702 39 412 280 80 694 430 532 671 669 302 177 467 198 382 340 635 702 190 635 175 672 672 162 686 655 340 668 103 651 669 325 114 136 265 655 745 53 486 532 39 694 340 303 53 550 206 153 655 257 325 533 486 80 39 39 177 303 148 302 136 415 595 63 103 280 318 634 382 39 53 173 668 595 194 148 231 672 300 672 153 80 532 357 173 736 173 467 702 80 153 686 694 357 175 672 430 635 467 671 382 198 486 412 249 206 114 430 291 302 162 668 306 486 280 153 270 467 634 302 249 634 190 382 231 550 550 415 206 190 127 694 162 198 595 634 635 190 148 291 651 495 231 291 655 634 280 206 486 672 153 300 655 683 194 669 357 533 249 63 270 430 357 148 745 655 206 194 550 175 162 550 415 430 173 702 291 382 194 190 655 127 190 63 190 668 190 382 198 430 495 357 736 745 634 190 114 655 80 80 539 382 412 153 702 127 177 745 532 257 103 148 533 668 302 382 655 257 114 467 671 415 80 198 550 80 325 177 683 495 231 190 651 153 291 162 265 127 153 127 127 486 668 270 231 148 103 495 265 
  Facilities: 60
 39 : 18 103 106 167 185 216 314 350 430 502 541 555 556 570
 53 : 41 45 75 267 274 328 432 454 538 545 571
 63 : 43 97 124 177 246 280 288 303 309 412 564 660 684
 80 : 80 251 275 405 488 496 505 554 582 590 699 700 723 726
 103 : 71 96 139 141 170 241 264 418 425 427 529 565 711 747
 114 : 0 312 338 411 489 533 607 697 719
 127 : 9 84 117 129 187 247 272 330 352 383 631 682 706 738 740 741
 136 : 16 57 66 79 88 136 281 283 345 424 435 534 561
 148 : 3 98 176 268 278 297 311 375 477 559 576 639 664 712 746
 153 : 58 194 353 372 429 444 484 548 581 591 616 651 704 734 739
 162 : 27 197 210 258 271 327 464 487 497 524 611 633 671 736
 173 : 146 188 226 257 349 351 371 428 465 468 572 585 587 675
 175 : 50 158 161 229 273 290 331 333 335 521 595 670
 177 : 4 164 171 263 318 462 512 557 707 728
 190 : 10 28 55 130 175 181 348 368 370 437 448 467 478 495 519 623 630 638 680 683 685 687 696 732
 194 : 22 110 206 279 302 423 460 575 655 668 679
 198 : 37 116 125 151 173 214 223 232 237 239 315 402 404 514 602 634 689 724
 206 : 1 44 153 174 249 358 447 547 606 629 648 667
 231 : 38 244 431 483 493 577 625 643 731 745
 249 : 33 42 65 270 285 391 453 459 605 621 659
 257 : 86 133 213 293 299 316 317 322 491 550 710 718
 265 : 49 78 92 100 190 196 204 217 337 385 481 535 737 749
 270 : 134 186 215 286 363 386 457 617 661 744
 280 : 104 205 282 389 390 415 449 504 566 615 647
 291 : 7 26 109 202 377 609 640 644 677 735
 300 : 19 74 93 132 255 277 346 579 652
 302 : 8 59 121 135 191 200 208 230 233 243 305 366 511 560 610 620 715
 303 : 21 325 364 413 485 544 558
 306 : 11 40 60 99 114 156 165 198 231 269 387 451 613
 318 : 64 323 362 373 420 441 458 472 567
 325 : 48 113 147 234 276 304 388 456 532 551 727
 340 : 15 62 72 159 168 295 374 381 516 527 543
 357 : 94 108 169 199 203 248 321 421 584 594 657 663 692
 382 : 236 342 397 440 515 569 601 624 678 688 702 716
 412 : 30 73 120 220 289 399 461 498 503 604 703
 415 : 2 13 81 95 219 224 240 259 341 473 562 628 673 722
 430 : 101 155 163 265 376 403 416 507 597 608 662 674 690
 467 : 12 32 70 87 102 118 149 262 301 339 379 513 588 599 618 720
 486 : 34 82 253 306 539 553 603 614 649 742
 495 : 20 145 172 178 326 329 334 470 642 691 730 748
 532 : 5 68 166 183 218 395 407 422 452 508 540 583 709
 533 : 46 83 85 127 154 347 401 439 443 552 658 713
 539 : 36 111 162 179 189 227 250 296 357 492 701
 550 : 14 47 51 112 119 142 225 242 359 367 410 471 546 626 627 669 672 725
 595 : 67 180 207 298 360 384 417 445 494 563 574 635
 634 : 39 193 340 355 393 436 475 568 619 622 636 646 695
 635 : 76 182 344 400 463 517 520 598 637
 651 : 61 69 105 235 260 261 308 406 419 480 530 641 733
 655 : 23 138 209 324 332 490 526 536 549 645 653 666 681 698 717
 668 : 24 53 89 291 292 414 426 479 528 573 612 686 714 743
 669 : 63 128 157 195 222 228 320 382 510 531 656
 671 : 25 143 160 307 310 455 509 600 721
 672 : 90 115 254 284 398 442 522 523 578 580 596 650
 683 : 52 77 123 212 294 319 336 343 409 433 446 469 499 654 729
 686 : 35 140 266 287 361 434 476 486 525 592
 694 : 54 131 137 152 201 221 252 365 369 438 482 506 542 593 632
 696 : 6 17 29 107 144 211 238 300 396
 702 : 122 126 148 184 192 354 501 518 589 676 705
 736 : 56 91 256 313 356 380 466 500 586 693
 745 : 31 150 245 378 392 394 408 450 474 537 665 694 708
SOLUTION:
  Value: -764046.000000
  Assigns: 419 550 415 567 238 532 696 500 39 127 190 306 467 415 550 148 136 696 39 419 495 702 194 655 430 671 291 627 655 696 213 628 600 249 486 539 278 198 327 600 306 53 249 639 39 327 533 550 325 265 175 550 683 747 694 190 736 136 153 692 306 651 672 467 318 249 136 325 532 651 467 103 696 412 478 53 500 683 265 136 291 415 486 533 127 533 257 467 136 533 627 736 265 306 567 567 103 747 213 306 265 430 467 225 53 651 39 696 153 291 194 539 550 238 306 672 327 127 467 550 412 327 702 692 436 198 702 533 343 127 190 694 628 257 639 500 136 694 655 103 436 103 550 671 696 495 672 325 702 467 550 198 694 634 533 430 306 696 175 249 671 327 692 430 467 306 99 39 550 500 103 736 692 198 533 190 148 639 495 539 198 190 238 532 702 39 270 127 671 539 265 696 343 634 153 692 99 338 99 533 628 338 291 291 265 639 194 213 318 655 162 696 338 338 198 270 39 265 532 415 412 694 600 198 415 550 635 539 478 175 412 627 198 655 325 651 278 99 419 343 415 478 692 628 696 213 415 127 327 127 539 478 694 486 747 467 736 257 162 415 500 213 567 500 747 430 692 53 148 306 249 162 127 175 53 692 325 634 148 194 175 136 148 136 672 249 627 249 627 412 175 148 338 257 683 270 539 419 343 257 327 467 194 265 325 238 600 671 651 600 671 148 338 736 39 198 257 338 99 683 213 683 257 318 655 478 495 162 53 495 238 175 747 175 495 175 683 265 486 467 634 415 692 683 635 136 382 533 190 306 639 225 127 153 702 634 736 539 265 550 634 628 318 270 270 694 747 550 190 694 190 639 153 318 99 148 430 291 213 467 736 257 338 127 436 265 270 306 325 278 567 249 639 634 533 532 627 382 672 412 635 500 338 430 198 278 651 532 225 683 550 500 343 338 39 225 430 39 343 651 318 213 532 194 136 103 639 103 634 153 39 436 53 683 213 136 634 628 694 533 382 318 672 533 153 343 683 419 190 694 736 306 532 249 53 671 325 270 318 249 194 412 747 635 162 338 736 190 692 683 495 550 318 567 103 634 238 148 190 567 651 265 694 99 153 627 225 162 175 692 655 257 539 627 600 747 628 162 412 683 736 702 627 412 343 327 694 430 327 747 500 747 550 467 198 382 628 635 702 190 635 175 672 628 162 225 655 692 533 436 651 651 325 419 136 265 655 639 53 486 532 39 694 478 639 53 550 692 327 655 419 325 533 486 327 39 39 627 436 148 198 270 415 278 628 103 338 318 747 382 39 53 291 190 736 194 148 136 672 747 672 153 600 532 162 318 736 238 467 702 747 153 343 694 628 175 672 430 635 467 99 382 198 486 412 249 628 683 430 291 318 162 419 306 486 567 153 270 467 747 694 249 634 238 382 291 550 550 415 747 257 127 694 162 198 436 634 238 190 148 291 651 495 338 291 655 634 148 736 486 672 153 278 655 683 194 190 436 533 249 225 270 430 628 148 327 500 325 194 550 175 436 550 415 430 478 702 291 382 194 190 655 692 190 567 190 327 190 382 198 430 495 306 736 533 634 190 567 655 694 325 539 382 412 153 702 478 600 627 532 257 500 148 533 747 103 382 567 257 318 467 671 415 567 198 550 500 325 148 99 495 600 225 651 153 291 162 265 127 153 127 127 486 190 270 194 148 103 495 265 
  Facilities: 61
 39 : 8 18 44 106 167 185 216 314 414 417 430 541 555 556 570
 53 : 41 75 104 267 274 328 432 454 538 545 571
 99 : 166 196 198 237 318 374 483 600 729
 103 : 71 96 139 141 170 425 427 474 565 715 747
 127 : 9 84 117 129 187 247 249 272 352 383 631 738 740 741
 136 : 16 57 66 79 88 136 281 283 345 424 435 534 577
 148 : 15 176 268 278 282 291 311 375 477 559 576 639 647 664 712 728 746
 153 : 58 108 194 353 372 429 444 484 581 591 616 651 704 734 739
 162 : 210 258 271 327 464 487 497 524 584 611 633 736
 175 : 50 158 229 273 280 290 331 333 335 488 521 595 670
 190 : 10 55 130 175 181 348 368 370 448 467 478 519 573 638 656 680 683 685 687 696 743
 194 : 22 110 206 279 302 423 460 575 655 668 679 745
 198 : 37 125 151 173 180 214 223 232 315 404 514 560 602 634 689 724
 213 : 30 98 207 245 261 320 378 421 434
 225 : 103 351 408 415 486 525 660 732
 238 : 4 113 182 305 330 476 587 623 637
 249 : 33 42 65 159 270 285 287 391 453 459 605 621 659
 257 : 86 133 257 293 299 316 322 381 491 630 710 718
 265 : 49 78 92 100 190 204 217 303 337 358 385 481 535 737 749
 270 : 186 215 295 363 364 386 457 561 617 661 744
 278 : 36 236 389 405 563 652
 291 : 26 80 109 202 203 377 572 609 625 640 644 677 735
 306 : 11 40 60 93 99 114 156 165 269 349 387 451 613 692
 318 : 64 208 323 362 373 420 441 458 472 567 585 610 719
 325 : 48 67 147 234 276 304 388 456 532 551 667 700 727
 327 : 38 45 116 121 161 248 300 505 508 548 554 665 686
 338 : 197 201 212 213 292 312 317 382 402 413 465 566 643
 343 : 128 192 239 298 412 418 445 504 592
 382 : 346 397 440 515 569 601 624 678 688 702 716
 412 : 73 120 220 230 289 399 461 498 503 604 703
 415 : 2 13 81 219 224 240 246 259 341 562 628 673 722
 419 : 0 19 238 297 447 533 550 612
 430 : 24 101 155 163 265 376 403 416 507 597 608 662 674 690
 436 : 124 140 384 431 529 558 635 657 671
 467 : 12 63 70 87 102 118 149 164 255 301 339 379 513 588 599 618 720
 478 : 74 228 241 251 325 543 675 706
 486 : 34 82 253 338 539 553 603 614 649 742
 495 : 20 145 178 326 329 334 470 642 691 730 748
 500 : 7 76 135 169 260 263 401 411 510 666 711 726
 532 : 5 68 183 218 395 407 422 452 540 583 709
 533 : 46 83 85 89 127 154 174 199 347 394 439 443 528 552 658 694 713
 539 : 35 111 179 189 227 250 296 357 492 701
 550 : 1 14 47 51 112 119 142 150 168 225 359 367 410 471 512 546 626 627 669 672 725
 567 : 3 94 95 262 390 473 479 615 684 697 717 723
 600 : 32 39 222 306 309 494 582 707 731
 627 : 27 90 231 286 288 396 485 493 502 557 708
 628 : 31 132 200 243 361 437 496 516 523 564 594 606 663
 634 : 153 193 277 340 355 360 393 428 436 475 622 636 646 695
 635 : 226 344 400 463 517 520 598
 639 : 43 134 177 205 350 371 392 426 537 544
 651 : 61 69 105 235 308 406 419 480 530 531 641 733
 655 : 23 28 138 209 233 324 490 526 536 549 645 653 681 698
 671 : 25 143 160 188 307 310 455 721
 672 : 62 115 146 284 398 442 522 578 580 596 650
 683 : 52 77 294 319 321 336 343 409 433 446 469 499 607 654
 692 : 59 123 162 172 195 242 266 275 342 468 489 527 547 682
 694 : 54 131 137 152 221 252 365 369 438 449 482 506 542 593 620 632 699
 696 : 6 17 29 72 107 144 157 191 211 244
 702 : 21 122 126 148 184 354 501 518 589 676 705
 736 : 56 91 171 256 313 356 380 450 466 500 574 586 648 693
 747 : 53 97 254 264 332 366 462 495 509 511 568 579 590 619 629 714
SOLUTION:
  Value: -764047.000000
  Assigns: 419 385 399 290 717 436 99 500 302 127 190 403 467 534 550 148 136 385 500 613 495 725 194 655 430 671 655 725 190 533 412 323 600 717 486 385 278 385 535 600 159 53 717 639 732 53 533 550 290 265 175 550 683 747 694 190 736 136 153 302 535 651 732 323 495 90 136 325 161 651 467 103 153 412 717 53 500 683 265 136 161 534 486 533 127 290 257 467 90 533 613 587 265 639 567 567 103 747 385 36 161 430 403 517 323 651 290 159 82 613 194 613 90 325 674 674 732 127 467 111 412 517 702 683 436 419 702 533 111 517 190 694 517 257 535 535 136 694 655 103 436 587 550 671 674 495 674 82 702 467 587 467 403 161 533 430 82 385 175 161 671 175 535 430 467 674 99 175 550 725 103 111 495 99 533 717 148 639 495 162 645 190 90 175 702 674 270 732 173 550 265 302 702 136 399 645 99 162 99 159 302 694 111 534 732 639 194 399 302 655 385 399 535 257 161 270 725 265 655 567 412 694 600 655 99 46 173 717 90 175 302 36 194 302 325 717 278 99 419 111 651 103 550 302 82 517 82 127 639 127 717 517 694 486 747 467 736 173 162 173 500 651 567 500 747 430 613 53 148 645 46 162 127 175 53 278 325 325 148 194 403 136 148 136 385 717 270 613 161 412 175 674 103 257 683 399 550 419 645 257 517 467 194 265 325 302 600 671 651 600 671 148 535 403 82 399 257 257 99 683 153 683 257 645 655 732 495 162 53 495 111 175 747 175 495 175 683 265 486 467 82 46 645 683 403 161 323 533 190 173 639 173 127 153 702 103 736 645 265 550 403 613 587 270 270 694 302 550 190 694 190 173 111 534 99 148 430 645 46 467 736 645 535 323 436 265 270 399 90 278 567 278 639 535 533 534 403 436 290 403 732 500 639 534 534 278 651 613 550 683 550 399 270 534 645 385 430 399 613 651 153 111 651 194 46 159 639 103 173 153 717 436 36 683 159 136 159 190 694 645 46 159 587 385 153 702 683 419 290 694 736 302 645 517 53 671 325 270 645 290 194 534 747 161 162 173 736 190 173 683 495 550 403 567 103 399 290 148 190 717 651 725 694 99 153 613 159 162 587 725 655 257 587 674 600 747 613 162 412 111 111 702 82 412 159 36 694 430 645 747 500 36 550 467 323 99 732 53 702 190 550 175 399 613 162 90 655 82 717 436 651 651 325 419 82 265 655 639 36 486 674 655 694 534 639 53 550 587 153 655 419 325 674 725 550 36 517 671 290 323 302 136 385 278 290 103 655 90 747 403 153 53 173 190 90 194 148 323 399 747 534 645 600 732 162 46 736 173 467 702 747 153 323 694 270 82 159 645 645 467 99 467 639 486 412 732 495 683 430 486 302 162 419 736 486 36 153 270 467 534 302 265 535 190 53 385 550 550 323 725 190 127 694 517 671 436 270 534 190 148 702 403 495 323 175 323 486 148 736 486 190 153 278 655 683 161 36 436 533 732 46 270 430 436 148 385 500 325 46 550 175 436 550 173 717 674 702 399 725 194 190 655 419 190 717 111 399 190 683 403 430 495 419 736 533 674 190 567 655 717 517 161 717 412 153 702 36 725 111 159 257 500 613 533 747 302 323 567 257 323 467 671 399 567 725 550 500 325 148 674 535 82 190 651 153 159 162 265 127 534 127 111 486 190 270 194 148 103 495 265 
  Facilities: 61
 36 : 99 231 432 505 511 538 555 615 656 706
 46 : 225 270 341 378 424 440 585 660 668
 53 : 41 45 75 267 274 328 454 517 545 571 624
 82 : 108 147 156 244 246 314 340 502 527 534 595 731
 90 : 65 88 112 182 228 388 525 567 574
 99 : 6 166 173 196 198 224 237 318 374 483 515 600
 103 : 71 96 139 170 241 292 355 427 474 565 747
 111 : 119 128 171 202 239 330 372 421 499 500 685 708 741
 127 : 9 84 117 247 249 272 352 631 738 740
 136 : 16 57 66 79 136 193 281 283 435 561
 148 : 15 176 268 278 282 311 375 477 576 639 647 664 728 746
 153 : 58 72 320 353 420 429 444 484 548 570 591 616 651 704 734
 159 : 40 107 199 425 434 436 441 486 504 596 709 735
 161 : 68 80 100 153 159 214 288 345 463 655 701
 162 : 179 197 258 271 327 464 487 497 524 584 611 736
 173 : 188 226 257 259 349 351 371 428 465 468 572 587 673
 175 : 50 158 161 167 183 229 273 290 331 333 335 521 644 670
 190 : 10 28 55 130 181 348 368 370 437 467 478 519 573 623 630 638 650 680 683 687 696 732 743
 194 : 22 110 206 232 279 302 423 460 575 679 745
 257 : 86 133 213 293 299 316 317 322 491 710 718
 265 : 49 78 92 190 217 303 337 358 385 535 621 737 749
 270 : 186 215 286 363 364 386 412 457 594 617 636 661 744
 278 : 36 236 275 389 391 405 563 652
 290 : 3 48 85 106 398 448 459 476 558 564
 302 : 8 59 191 200 208 230 233 243 305 366 451 560 610 620 715
 323 : 31 63 104 346 383 514 559 577 592 628 643 645 716 719
 325 : 67 113 234 276 277 304 456 532 551 667 727
 385 : 1 17 35 37 98 157 210 284 415 443 562 625 665
 399 : 2 194 207 211 295 315 387 411 417 475 522 578 677 686 722
 403 : 11 102 152 280 313 344 360 396 399 472 569 641 689
 412 : 30 73 120 220 289 498 503 604 703
 419 : 0 125 238 297 447 533 550 612 682 692
 430 : 24 101 155 163 265 376 416 507 608 662 690
 436 : 5 124 140 384 397 431 529 635 657 663 671
 467 : 12 70 87 118 149 151 164 255 301 339 379 513 588 599 601 618 720
 486 : 34 82 253 338 539 603 609 614 646 649 742
 495 : 20 64 145 172 178 326 329 334 470 606 642 691 748
 500 : 7 18 76 260 263 401 510 666 711 726
 517 : 103 121 129 132 245 251 300 453 556 633 700
 533 : 29 46 83 89 127 154 174 347 394 658 694 713
 534 : 13 81 203 373 395 403 404 413 461 543 580 619 637 739
 535 : 38 60 134 135 162 212 312 382 393 622 730
 550 : 14 47 51 142 168 189 242 296 359 367 408 410 471 512 520 546 554 626 627 669 672 725
 567 : 94 95 219 262 390 473 697 717 723
 587 : 91 141 150 362 442 488 492 547
 600 : 32 39 222 306 309 494 582
 613 : 19 90 109 111 266 287 361 407 418 485 496 523 712
 639 : 43 93 177 205 248 350 392 402 426 537 544 602
 645 : 180 195 269 298 323 342 357 377 381 414 439 452 458 508 581 597 598
 651 : 61 69 105 240 261 308 406 419 422 480 530 531 733
 655 : 23 26 138 209 218 223 324 490 526 536 541 549 566 653 681 698
 671 : 25 143 160 307 310 455 557 634 721
 674 : 114 115 144 146 165 185 291 493 540 552 675 695 729
 683 : 52 77 123 294 319 321 336 343 409 433 446 469 607 654 688
 694 : 54 131 137 201 221 252 365 369 438 449 482 506 542 593 632
 702 : 122 126 148 184 192 354 445 501 518 589 640 676 705
 717 : 4 33 42 74 175 227 235 250 285 430 479 528 674 684 699 702
 725 : 21 27 169 216 481 489 553 629 678 707 724
 732 : 44 62 116 187 204 325 400 516 583 605 659
 736 : 56 256 356 380 450 466 586 613 648 693
 747 : 53 97 254 264 332 462 495 509 568 579 590 714
SOLUTION:
  Value: -764051.000000
  Assigns: 419 385 399 567 97 436 99 63 39 161 219 306 501 361 550 148 215 385 361 419 495 702 550 635 430 671 270 627 640 533 412 323 467 249 486 385 168 385 219 634 306 567 249 63 39 327 533 550 640 265 175 550 683 453 694 430 736 671 133 692 306 651 501 323 495 249 168 361 161 651 467 103 153 412 478 704 601 433 265 433 161 640 486 533 692 533 257 467 90 533 627 736 265 306 567 215 433 63 385 306 161 430 453 133 323 651 39 159 433 486 265 520 90 601 306 601 327 436 467 111 412 601 702 692 215 419 702 533 111 453 175 694 704 257 692 567 168 694 736 103 436 674 550 671 674 495 674 433 702 467 550 467 323 161 533 133 306 385 175 161 671 327 692 430 467 306 99 39 550 362 103 111 692 99 533 640 148 219 495 162 595 501 90 175 702 39 270 435 671 550 265 382 702 634 399 692 99 338 99 26 736 338 111 361 215 362 674 399 362 671 385 399 338 338 161 270 39 265 215 567 412 694 704 674 99 46 215 97 90 175 412 627 219 219 361 651 382 99 419 111 651 478 692 215 168 453 63 265 327 436 702 478 694 486 501 467 736 257 162 704 651 651 567 219 103 26 692 435 148 306 46 162 501 175 97 692 361 634 148 435 63 436 148 382 385 249 704 249 161 412 175 674 640 257 683 399 362 419 595 257 327 467 39 63 520 168 486 501 651 63 671 148 338 736 39 399 257 338 99 683 601 683 133 26 219 478 495 162 601 495 111 175 97 175 495 175 683 265 486 467 634 46 26 683 433 161 323 433 385 90 26 219 219 153 702 634 736 265 265 361 595 601 97 270 270 694 90 550 362 694 634 433 111 46 99 148 430 736 704 467 736 257 501 323 436 265 270 306 90 219 567 249 265 634 533 674 627 382 601 412 635 533 338 430 90 601 651 399 520 683 550 399 63 338 362 385 430 595 103 651 26 111 651 26 46 159 640 103 634 153 39 436 486 683 159 736 159 159 694 640 382 159 219 385 153 595 683 419 219 453 736 601 63 168 453 671 97 453 215 249 148 412 683 635 162 362 736 257 692 683 495 550 111 567 168 399 704 219 265 567 640 265 694 99 153 627 159 162 175 692 501 257 453 674 433 133 692 162 601 111 133 702 627 412 159 327 694 430 327 671 435 453 550 467 323 382 327 635 702 399 635 175 399 640 162 90 361 692 501 436 651 501 433 419 362 265 323 640 501 486 674 39 694 362 168 501 550 692 327 640 419 435 453 453 453 39 133 627 436 323 168 270 385 595 63 103 338 520 634 382 39 640 161 162 595 692 148 323 249 338 97 215 215 26 162 46 736 435 467 702 601 97 323 640 270 175 159 430 635 467 99 382 692 486 133 133 168 683 430 97 453 162 419 306 486 567 153 270 467 634 601 249 634 601 382 385 550 550 323 133 257 595 694 162 501 595 634 640 362 148 501 674 495 338 26 323 634 362 736 520 412 153 133 219 683 161 26 436 533 361 63 270 430 436 148 327 595 704 46 550 175 436 453 501 90 435 501 399 382 436 467 478 692 601 63 111 399 103 382 567 430 495 306 736 26 634 362 567 327 694 168 161 382 412 153 168 478 361 627 215 257 362 362 533 159 103 382 567 257 323 467 26 399 567 640 550 640 249 148 674 495 520 361 651 153 159 162 265 215 219 634 111 486 692 270 361 148 103 495 265 
  Facilities: 63
 26 : 199 265 323 342 350 420 423 583 644 656 694 721
 39 : 8 44 106 167 185 216 302 314 430 541 555 570
 46 : 225 270 341 373 424 585 668
 63 : 7 43 97 246 280 303 309 412 452 564 660 684
 90 : 88 112 182 228 349 366 388 404 525 674
 97 : 4 227 274 332 362 456 580 591 609
 99 : 6 166 173 196 198 224 237 318 374 483 600
 103 : 71 139 170 264 418 427 565 687 715 747
 111 : 119 128 171 202 239 330 372 421 472 499 685 741
 133 : 58 103 155 322 495 500 556 604 605 629 652
 148 : 15 176 268 278 282 311 375 460 576 639 664 728 746
 153 : 72 353 429 444 484 616 651 704 734
 159 : 107 425 434 436 437 441 486 504 596 714 735
 161 : 9 68 80 100 153 159 214 288 345 572 655 701
 162 : 179 258 271 327 464 487 497 524 573 584 611 633 736
 168 : 36 66 136 244 305 453 474 544 560 606 700 705
 175 : 50 130 158 183 229 273 290 331 333 335 488 521 595 670
 215 : 16 95 124 204 218 226 243 458 581 582 709 738
 219 : 10 38 177 232 233 263 324 351 352 389 442 448 477 653 739
 249 : 33 42 65 285 287 391 459 578 621 727
 257 : 86 133 257 293 299 316 381 467 491 630 710 718
 265 : 49 78 92 110 190 217 247 337 357 358 385 392 478 481 535 737 749
 270 : 26 186 215 363 364 386 561 594 617 661 744
 306 : 11 40 60 93 99 114 156 165 269 387 613 692
 323 : 31 63 104 152 346 383 514 536 559 577 592 628 645 719
 327 : 45 116 161 248 300 505 508 516 548 665 698
 338 : 197 201 212 213 312 317 402 413 566 579 643
 361 : 13 18 67 203 234 276 359 526 659 707 732 745
 362 : 169 205 208 296 368 414 465 534 543 638 647 696 711 712
 382 : 191 236 283 397 440 515 569 601 624 678 688 702 716
 385 : 1 17 35 37 98 157 210 284 348 415 443 562 625
 399 : 2 194 207 211 295 315 407 411 475 519 522 677 686 722
 412 : 30 73 120 220 230 289 399 461 503 650 703
 419 : 0 19 125 238 297 447 533 550 612
 430 : 24 55 101 163 376 403 416 507 597 608 662 690
 433 : 77 79 96 108 147 344 347 371 494 532
 435 : 187 267 279 510 551 587 675
 436 : 5 117 140 249 281 384 431 529 558 657 663 671 679
 453 : 53 102 129 245 449 454 457 492 511 552 553 554 610 672
 467 : 32 70 87 118 149 151 164 255 301 339 379 513 588 599 618 680 720
 478 : 74 241 251 325 681 706
 486 : 34 82 109 253 306 338 432 539 603 614 742
 495 : 20 64 145 178 326 329 334 470 642 691 730 748
 501 : 12 62 181 254 272 307 382 490 528 531 538 545 634 640 673 676
 520 : 111 304 408 567 649 731
 533 : 29 46 83 85 89 127 154 174 394 401 658 713
 550 : 14 22 47 51 142 150 168 189 367 410 471 512 546 626 627 669 725
 567 : 3 41 94 135 219 262 390 473 479 615 689 697 717 723
 595 : 180 298 360 417 445 563 574 631 635 666
 601 : 76 113 115 121 320 328 361 398 405 451 498 590 620 623 683
 627 : 27 90 231 396 485 502 557 708
 634 : 39 193 277 340 355 370 393 428 568 619 622 636 646 695 740
 635 : 23 400 463 517 520 598
 640 : 28 48 81 175 292 426 439 480 523 537 549 571 593 637 724 726
 651 : 61 69 105 235 240 260 261 308 406 419 422 530 733
 671 : 25 57 143 160 188 209 310 455 509
 674 : 141 144 146 206 223 291 395 493 540 641 729
 683 : 52 294 319 321 336 343 409 433 446 462 469 607 654
 692 : 59 84 123 134 162 172 195 242 266 275 468 489 496 527 547 575 602 682 743
 694 : 54 131 137 221 252 365 369 438 482 506 542 632 699
 702 : 21 122 126 148 184 192 250 354 501 518 589
 704 : 75 132 222 259 286 378 476 667
 736 : 56 91 138 200 256 313 356 377 380 435 450 466 586 648 693
SOLUTION:
  Value: -764051.000000
  Assigns: 419 385 415 148 97 436 99 63 39 161 219 42 501 415 550 148 136 385 39 300 495 702 194 655 430 671 655 502 655 533 412 745 467 249 486 385 425 385 219 601 159 502 249 63 732 614 533 550 640 265 175 550 683 453 694 430 343 136 153 692 535 651 732 467 318 249 136 325 161 651 467 103 614 412 300 384 601 683 265 136 161 415 486 533 692 533 257 467 90 533 256 385 265 300 384 415 103 63 385 36 161 430 256 614 502 651 39 159 153 486 194 520 90 601 674 601 732 436 467 111 412 601 42 692 436 419 702 533 343 453 614 694 300 257 535 535 136 694 655 103 436 674 550 671 674 495 674 325 702 467 745 467 694 161 533 430 318 385 175 161 671 175 692 430 467 453 99 39 550 362 103 111 692 99 533 640 148 219 495 162 520 501 90 175 702 39 270 732 671 550 265 382 343 136 399 692 99 162 99 159 502 425 111 219 732 362 674 399 318 655 385 399 535 257 161 270 39 265 655 415 412 694 318 655 415 550 257 97 90 175 412 36 219 219 325 651 382 99 419 111 415 103 692 745 36 745 63 265 256 436 325 384 256 486 501 300 430 257 162 415 651 651 384 219 103 430 692 175 148 39 249 162 501 175 97 692 325 300 148 194 63 136 148 256 385 249 270 249 161 412 175 674 640 257 683 399 362 419 343 257 219 467 194 63 325 384 486 501 651 63 671 148 535 614 39 399 257 42 99 683 601 384 257 36 655 732 495 162 601 495 111 175 97 384 495 175 683 265 486 467 614 415 692 683 39 161 300 533 385 90 39 219 219 153 702 103 453 256 265 550 36 601 318 270 270 694 90 550 362 694 300 384 111 318 99 148 430 99 745 467 256 257 501 502 436 265 270 399 90 219 256 249 745 535 745 674 614 382 601 412 732 533 502 430 502 601 651 399 745 683 550 399 343 382 362 385 430 399 343 651 318 111 651 194 136 159 640 103 425 153 39 436 36 683 159 136 614 159 694 640 382 318 219 385 153 343 683 419 219 453 745 601 63 249 453 671 97 453 318 249 194 412 683 161 162 362 399 257 692 42 495 550 318 415 745 399 502 219 265 265 640 384 694 99 153 425 159 162 42 692 655 42 453 674 502 256 692 162 601 111 111 702 39 412 159 36 694 430 42 671 425 36 550 467 745 382 732 136 702 399 425 175 399 640 162 90 655 692 501 436 651 501 325 419 362 265 655 745 36 486 674 39 694 362 732 501 425 692 153 655 419 325 453 453 453 39 39 502 436 148 97 270 385 614 63 103 655 520 614 382 39 732 161 162 362 194 148 136 249 300 97 153 175 732 162 318 99 90 467 702 256 97 343 640 270 175 159 430 161 467 99 382 692 486 412 732 495 683 430 97 453 162 419 382 486 36 153 270 467 385 601 249 343 601 382 385 550 550 415 270 257 42 694 162 501 436 270 640 42 148 501 674 495 502 175 655 63 362 265 520 412 153 300 655 683 161 36 436 533 732 63 270 430 436 148 745 655 325 194 550 175 436 453 415 90 674 501 399 382 194 467 655 692 601 63 111 399 614 382 692 430 495 42 219 745 674 362 257 655 694 325 161 382 412 256 702 36 300 745 159 614 362 362 533 159 103 382 36 257 318 467 671 399 153 640 550 640 325 745 674 535 520 162 651 153 159 162 265 651 219 425 111 486 384 270 194 148 103 495 265 
  Facilities: 61
 36 : 99 231 244 323 360 432 505 511 538 615 656 706 717
 39 : 8 18 106 167 185 216 269 314 344 350 430 502 541 555 556 570
 42 : 11 122 317 469 488 491 508 631 638 692
 63 : 7 43 97 246 280 303 309 452 564 646 660 684
 90 : 88 112 182 228 349 366 388 525 587 674
 97 : 4 227 274 332 456 560 580 591 609
 99 : 6 166 173 196 198 237 318 374 377 483 586 600
 103 : 71 96 139 170 241 264 355 427 565 715 747
 111 : 119 171 202 239 330 372 421 499 500 685 741
 136 : 16 57 66 79 136 193 281 424 435 517 577
 148 : 3 15 176 268 278 282 311 375 559 576 639 664 746
 153 : 58 108 353 429 444 484 548 581 616 651 723 734
 159 : 40 107 199 425 434 437 486 504 596 709 714 735
 161 : 9 68 80 100 153 159 214 288 345 463 572 598 655 701
 162 : 179 197 258 271 327 464 487 497 524 573 584 611 633 732 736
 175 : 50 158 161 183 229 267 273 290 331 335 521 582 595 644 670
 194 : 22 110 279 302 423 460 575 668 679 745
 219 : 10 38 177 203 232 233 263 300 351 352 389 442 448 477 693 739
 249 : 33 42 65 270 285 287 391 453 459 578 621
 256 : 90 102 248 252 283 357 380 390 495 590 704
 257 : 86 133 213 226 257 293 299 316 322 381 467 630 697 718
 265 : 49 78 92 190 217 247 337 358 385 478 479 535 648 737 749
 270 : 186 215 286 363 364 386 561 594 617 629 636 661 744
 300 : 19 74 93 132 255 277 346 370 579 652 707
 318 : 64 156 208 222 362 373 420 441 458 472 585 719
 325 : 67 147 234 250 276 304 532 551 667 700 727
 343 : 56 128 192 298 412 418 445 592 622
 362 : 169 205 296 368 414 465 534 543 574 647 696 711 712
 382 : 191 236 397 413 440 515 569 601 613 624 678 688 702 716
 384 : 75 94 251 262 305 321 333 371 481 743
 385 : 1 17 35 37 91 98 157 210 284 348 415 443 562 619 625
 399 : 194 207 211 295 315 387 407 411 417 466 475 519 522 677 686 722
 412 : 30 73 120 220 230 289 399 461 503 604 650 703
 415 : 2 13 81 95 219 224 240 259 341 473 628 673
 419 : 0 125 238 297 447 533 550 612
 425 : 36 201 428 485 510 520 546 740
 430 : 24 55 101 155 163 256 265 376 403 416 507 597 608 662 690
 436 : 5 117 124 140 249 384 431 529 558 635 657 663 671
 453 : 53 129 165 356 449 454 457 492 552 553 554 610 672
 467 : 32 63 70 87 118 149 151 164 301 339 379 513 588 599 618 680 720
 486 : 34 82 109 253 306 338 539 603 614 742
 495 : 20 145 178 326 329 334 470 606 642 691 748
 501 : 12 181 254 272 307 382 528 531 545 634 640 676
 502 : 27 41 104 200 383 402 404 476 494 557 643
 520 : 111 180 567 649 731
 533 : 29 46 83 85 89 127 154 174 347 401 658 713
 535 : 60 134 135 212 312 393 730
 550 : 14 47 51 142 168 189 225 359 367 410 471 512 626 627 669 725
 601 : 39 76 113 115 121 320 328 361 398 405 451 498 620 623 683
 614 : 45 72 103 130 313 340 396 436 563 568 687 710
 640 : 48 175 292 426 439 480 523 593 637 724 726
 651 : 61 69 105 235 260 261 308 406 419 422 530 733 738
 655 : 23 26 28 138 209 218 223 324 490 526 536 549 566 645 653 666 681 698
 671 : 25 143 160 188 310 455 509 721
 674 : 114 141 144 146 206 291 395 493 540 641 675 695 729
 683 : 52 77 294 319 336 343 409 433 446 462 607 654
 692 : 59 84 123 162 172 195 242 266 275 342 468 489 496 527 547 602 682 689
 694 : 54 131 137 152 221 365 369 438 482 506 542 632 699
 702 : 21 126 148 184 354 501 518 589 705
 732 : 44 62 116 187 204 325 400 516 544 571 583 605 659
 745 : 31 150 243 245 378 392 394 408 450 474 514 537 665 694 708 728
SOLUTION:
  Value: -764051.000000
  Assigns: 379 385 369 567 97 201 369 63 302 412 190 306 609 53 550 148 136 385 361 613 495 702 194 655 430 652 492 517 655 609 412 323 652 369 486 385 369 385 519 379 306 53 153 63 206 53 533 550 400 265 175 550 683 361 694 190 609 136 153 302 306 651 732 323 318 201 407 361 407 651 467 103 400 412 712 53 635 683 265 136 362 732 486 533 265 533 257 467 362 533 613 385 265 306 567 400 103 63 385 306 492 430 467 517 323 651 39 159 153 613 194 613 712 652 306 369 732 103 467 550 412 517 702 683 567 201 702 533 399 517 190 694 517 257 270 302 136 694 655 103 369 103 550 369 519 492 173 609 702 467 745 652 323 206 533 430 306 385 175 732 712 175 362 430 467 306 99 39 550 362 103 486 495 99 206 190 148 63 201 162 595 190 635 175 407 39 270 732 173 550 265 302 702 136 399 712 99 338 99 159 302 338 382 361 732 362 194 399 302 655 385 399 338 338 318 270 39 265 655 567 412 694 379 655 712 550 173 97 519 175 379 306 194 302 361 651 382 99 414 201 651 103 550 302 379 745 63 265 103 206 702 517 694 486 519 467 652 173 162 173 652 651 567 162 103 430 613 53 369 306 655 162 302 175 97 190 361 97 148 194 63 136 148 400 407 519 270 613 63 412 175 148 338 257 683 399 362 148 595 257 517 467 194 63 712 302 486 53 651 63 153 148 338 712 39 399 257 338 99 683 153 683 257 361 655 407 495 162 609 495 492 175 97 175 495 175 683 265 486 467 414 39 382 683 635 136 323 533 190 173 39 173 652 153 702 414 399 194 206 361 595 613 318 270 270 694 302 550 400 201 190 173 153 318 99 148 430 519 745 467 369 257 414 323 595 265 270 306 414 379 567 302 745 519 745 400 609 382 467 412 732 533 338 430 175 414 651 613 745 683 550 399 63 338 362 385 430 595 613 651 318 492 651 194 652 159 39 103 173 153 39 407 53 683 159 136 159 190 694 379 382 318 159 652 153 595 683 206 190 694 745 306 63 517 53 519 97 270 318 318 194 369 407 635 162 362 399 190 173 407 495 550 318 567 745 399 712 148 190 567 651 265 694 99 379 613 159 162 175 492 655 652 732 414 595 201 613 162 609 683 430 702 39 652 159 492 694 430 652 257 492 302 550 467 323 382 732 635 702 190 635 492 407 613 162 302 369 369 201 103 651 414 201 369 362 265 655 745 53 407 567 39 694 362 712 53 550 206 153 655 257 201 533 652 400 39 517 369 400 323 302 270 385 595 63 103 338 318 306 382 39 53 173 190 595 194 148 323 399 492 97 153 369 732 162 173 99 407 467 702 361 97 323 694 270 175 159 430 400 467 99 382 652 486 519 732 206 683 430 97 302 162 595 306 486 567 153 270 467 385 302 265 379 190 382 385 550 550 323 206 257 595 694 517 39 595 270 492 362 148 379 651 609 338 175 323 63 362 206 486 412 153 519 655 683 194 519 369 533 361 63 270 430 492 148 745 655 206 194 550 175 492 550 173 430 173 702 399 652 194 190 655 652 190 63 519 492 190 382 567 430 495 306 369 745 63 190 567 655 517 517 103 382 412 153 702 609 361 745 159 257 362 362 533 159 302 382 567 257 323 467 519 399 567 201 550 712 517 745 99 495 652 361 651 153 159 414 265 651 153 519 517 486 201 270 361 148 103 495 265 
  Facilities: 59
 39 : 106 167 185 216 314 341 350 426 430 502 541 555 570 634
 53 : 13 41 45 75 267 307 432 454 538 545 571
 63 : 7 43 97 177 246 280 288 303 309 412 452 564 646 660 684 695
 97 : 4 227 274 277 332 456 580 591 609
 99 : 166 173 196 198 237 318 374 483 586 600 729
 103 : 71 96 117 139 141 170 241 248 264 427 529 565 701 747
 136 : 16 57 79 136 193 281 345 435
 148 : 15 176 278 282 291 297 311 375 477 576 639 664 746
 153 : 42 58 108 310 320 353 372 429 444 548 581 616 651 704 734 739
 159 : 107 199 425 434 436 442 486 504 596 709 714 735
 162 : 179 258 263 271 327 464 487 497 524 584 611
 173 : 146 188 226 257 259 349 351 371 428 468 572 585 673 675
 175 : 50 158 161 183 229 273 290 331 333 335 404 488 595 644 670
 190 : 10 55 130 175 181 275 348 370 437 448 467 478 519 573 623 680 683 687 696
 194 : 22 110 206 232 279 302 357 423 460 575 655 668 679
 201 : 5 65 125 178 239 369 495 528 532 551 724 743
 206 : 44 153 174 249 358 447 547 606 629 648 667
 257 : 86 133 293 299 316 322 381 509 550 630 710 718
 265 : 49 78 84 92 190 217 247 337 385 481 535 621 737 749
 270 : 134 186 215 286 363 364 386 457 561 594 617 636 661 744
 302 : 8 59 135 191 200 208 233 243 272 305 366 391 511 525 560 610 620 715
 306 : 11 40 60 93 99 114 156 165 231 269 387 451 568 613 692
 318 : 64 214 362 373 420 441 458 459 472 567
 323 : 31 63 104 152 346 383 514 559 577 592 628 645 719
 338 : 197 201 212 213 292 312 317 402 413 566 643
 361 : 18 53 67 203 234 276 323 359 590 659 707 732 745
 362 : 80 88 162 169 205 296 414 465 534 543 638 647 711 712
 369 : 2 6 33 36 115 140 143 268 380 461 526 527 533 557 582 657 693
 379 : 0 39 222 230 244 389 439 484 622 640
 382 : 202 236 342 397 440 515 569 601 624 688 702 716
 385 : 1 17 35 37 91 98 157 210 415 562 619 625
 399 : 128 194 207 211 295 315 356 411 466 475 578 677 722
 400 : 48 72 95 283 368 395 554 558 598
 407 : 66 68 184 284 325 431 462 469 522 539 587
 412 : 9 30 73 120 220 289 399 650 703
 414 : 238 340 355 382 388 405 493 531 736
 430 : 24 101 155 163 265 376 403 416 500 507 597 608 662 674 690
 467 : 70 87 102 118 149 164 255 301 339 379 398 513 588 599 618 720
 486 : 34 82 171 253 306 338 603 614 649 742
 492 : 26 100 145 330 421 489 505 510 521 579 637 663 671 686
 495 : 20 172 326 329 334 470 691 730 748
 517 : 27 103 121 129 132 251 300 453 556 633 699 700 727 741
 519 : 38 144 228 254 285 377 393 455 604 652 656 685 721 740
 533 : 46 83 85 89 127 154 347 401 552 658 713
 550 : 14 47 51 119 142 168 189 225 242 367 410 471 512 546 626 627 669 672 725
 567 : 3 94 124 219 262 390 473 479 540 615 689 697 717 723
 595 : 180 298 360 384 417 445 494 563 574 612 631 635
 609 : 12 29 56 147 328 396 498 642 706
 613 : 19 90 109 111 266 287 361 407 418 485 496 523
 635 : 76 182 344 463 517 520
 651 : 61 69 105 235 240 261 308 406 419 422 480 530 641 733 738
 652 : 25 32 113 151 256 260 352 424 443 491 503 508 553 602 678 682 731
 655 : 23 28 138 209 218 223 270 324 490 536 549 653 666 681 698
 683 : 52 77 123 294 319 321 336 343 409 433 446 499 607 654
 694 : 54 131 137 221 252 365 438 449 482 506 542 593 632
 702 : 21 122 126 148 192 250 354 501 518 589 676 705
 712 : 74 112 160 195 224 304 313 476 544 726
 732 : 62 81 116 159 187 204 400 492 516 583 605
 745 : 150 245 378 392 394 408 450 474 537 665 694 708 728
SOLUTION:
  Value: -764058.000000
  Assigns: 419 385 415 290 97 201 696 500 302 127 190 107 560 534 550 148 136 385 39 613 495 702 194 655 438 671 637 517 190 696 412 412 467 107 486 385 696 438 327 637 159 53 53 639 732 327 533 550 290 265 175 550 683 747 694 190 736 136 567 692 90 651 732 467 495 438 136 595 161 651 467 103 696 412 300 53 500 683 265 136 161 534 486 533 127 290 257 467 90 533 613 736 265 300 567 567 103 747 385 36 161 613 467 517 53 651 290 696 357 613 194 613 90 560 674 674 327 127 467 637 412 517 702 692 438 419 702 533 343 517 190 694 300 257 639 500 136 694 655 103 300 674 550 671 674 495 674 107 702 467 550 467 694 161 533 107 637 385 175 161 671 327 692 107 467 357 99 39 550 357 103 736 692 99 533 190 148 639 201 302 595 190 90 175 702 39 270 732 671 550 265 302 343 136 550 692 107 338 99 159 302 338 382 534 732 639 674 595 302 655 385 696 338 338 161 270 39 265 655 415 412 694 379 674 415 550 257 97 90 175 379 36 194 302 300 651 637 99 419 201 415 103 692 302 379 517 415 127 327 127 702 517 694 486 747 300 736 145 265 415 500 651 567 500 747 560 613 53 148 39 300 438 127 175 97 692 257 300 148 194 175 136 438 136 385 674 270 613 161 412 175 674 338 257 683 637 550 419 595 257 107 467 194 265 565 300 486 671 651 107 671 148 338 736 39 145 257 338 99 438 343 357 257 36 655 438 495 517 53 495 127 175 97 175 495 175 683 265 486 467 302 415 692 683 39 161 300 533 190 674 639 201 127 379 702 103 736 194 265 550 595 613 97 270 270 694 90 550 560 201 190 639 560 534 99 148 534 565 385 467 736 257 338 127 595 265 270 145 90 379 567 302 639 257 533 534 696 382 290 412 732 500 338 534 534 107 651 613 565 683 550 500 343 338 438 385 702 595 343 651 438 357 651 194 136 159 639 103 343 338 39 560 36 683 159 136 159 190 694 560 382 159 159 385 500 595 683 419 290 694 736 302 495 517 53 671 97 270 327 290 194 534 747 161 107 338 736 190 692 560 495 550 565 567 103 550 290 148 190 567 565 265 694 99 379 613 159 655 175 692 655 257 732 674 595 201 692 637 412 683 736 702 39 412 159 327 694 145 327 747 500 36 550 467 438 382 517 53 702 190 550 565 560 613 382 90 655 692 201 103 651 565 201 419 136 265 655 639 36 486 674 39 694 534 639 53 550 692 327 655 419 201 674 486 327 39 517 671 290 148 302 136 385 595 290 103 338 90 747 382 39 53 637 190 595 637 148 136 107 747 565 567 534 732 357 613 736 379 467 702 747 97 343 694 357 175 159 595 637 467 99 382 107 486 412 732 495 683 732 97 438 565 419 382 486 36 145 270 467 534 302 265 379 190 382 385 550 550 415 747 190 127 694 517 39 595 270 534 190 148 379 674 495 338 175 655 438 148 736 486 190 257 300 655 683 161 36 357 533 732 747 270 692 357 148 327 500 613 194 550 175 159 550 415 90 560 702 747 382 194 190 655 692 190 567 190 327 560 637 567 747 495 357 736 560 674 190 567 655 517 517 161 382 637 613 702 36 300 747 159 257 500 613 533 747 302 382 567 257 438 467 671 415 567 201 550 500 517 148 674 495 560 190 651 565 159 145 265 127 534 127 517 486 190 270 194 148 103 495 265 
  Facilities: 62
 36 : 99 231 323 432 511 538 615 656 706
 39 : 18 167 185 216 269 314 344 430 502 541 555 570 634
 53 : 41 42 75 104 267 328 454 517 545 571
 90 : 60 88 112 182 228 366 388 525 567 674
 97 : 4 227 274 332 362 456 591 609
 99 : 166 173 198 237 318 374 483 600
 103 : 71 96 139 170 241 355 427 474 529 565 747
 107 : 11 33 147 155 163 196 300 309 405 464 578 602
 127 : 9 84 117 247 249 272 330 352 383 631 738 740
 136 : 16 57 66 79 136 193 281 283 424 435 534 561 577
 145 : 257 315 387 507 616 736
 148 : 15 176 268 278 311 375 477 559 576 639 647 664 728 746
 159 : 40 199 425 434 436 441 442 486 504 596 671 709 735
 161 : 68 80 100 153 159 214 288 345 463 655 701
 175 : 50 158 183 229 273 280 290 331 333 335 488 595 644 670
 190 : 10 28 55 130 175 181 348 370 437 467 478 519 573 623 630 638 650 680 683 685 696 732 743
 194 : 22 110 232 279 302 357 423 460 668 679 745
 201 : 5 178 239 351 369 495 528 532 551 724
 257 : 86 133 226 276 293 299 316 322 381 393 491 651 710 718
 265 : 49 78 92 190 217 258 303 337 358 385 481 535 621 737 749
 270 : 186 215 286 363 364 386 457 617 636 661 744
 290 : 3 48 85 106 398 448 459 476 558 564
 300 : 74 93 132 140 234 255 270 277 305 346 652 707
 302 : 8 179 191 200 208 233 243 340 391 451 560 620 715
 327 : 38 45 116 161 248 458 505 508 548 554 665 686
 338 : 197 201 212 213 292 312 317 382 402 413 429 465 566 643
 343 : 128 192 320 412 418 428 592
 357 : 108 165 169 321 421 584 594 657 663 692
 379 : 222 230 244 353 389 484 587 622 640
 382 : 202 397 440 515 524 569 601 613 624 678 702 716
 385 : 1 17 35 98 157 210 284 378 415 443 562 625
 412 : 30 31 73 120 220 289 399 498 503 604
 415 : 2 219 224 240 246 259 341 628 673 722
 419 : 0 125 238 297 447 533 550 612
 438 : 24 37 65 124 271 282 319 325 414 420 514 610 646 719
 467 : 32 63 70 87 102 118 149 151 164 301 339 379 513 588 599 618 720
 486 : 34 82 253 306 338 539 553 603 614 649 742
 495 : 20 64 145 326 329 334 452 470 606 642 691 730 748
 500 : 7 76 135 260 263 401 411 444 510 666 711 726
 517 : 27 103 121 129 245 251 327 453 516 556 633 699 700 727 741
 533 : 46 83 89 127 154 174 347 394 658 713
 534 : 13 81 203 373 376 395 403 404 461 543 582 619 637 739
 550 : 14 47 51 142 150 168 189 194 225 296 359 367 410 471 475 512 520 546 626 627 669 672 725
 560 : 12 113 265 368 372 431 439 469 522 675 687 694 731
 565 : 304 377 408 472 480 521 531 580 611 734
 567 : 58 94 95 262 390 473 479 581 684 689 697 717 723
 595 : 67 180 207 298 360 384 417 445 494 563 574 597 635
 613 : 19 90 101 109 111 266 287 361 407 485 523 585 667 704 712
 637 : 26 39 119 156 236 295 497 572 575 598 688 703
 639 : 43 134 177 205 350 371 392 426 537 544
 651 : 61 69 105 235 261 308 406 419 422 530 733
 655 : 23 138 209 218 324 487 490 526 536 549 645 653 681 698
 671 : 25 143 160 188 307 310 455 557 721
 674 : 114 115 141 144 146 206 223 285 291 349 493 540 552 641 695 729
 683 : 52 77 294 336 343 409 433 446 499 607 654
 692 : 59 123 162 172 195 242 275 342 468 489 496 527 547 662 682
 694 : 54 131 137 152 221 252 365 438 449 482 506 542 593 632
 696 : 6 29 36 72 107 211 396
 702 : 21 122 126 148 184 250 354 416 501 518 589 676 705
 732 : 44 62 187 204 400 492 583 605 608 659
 736 : 56 91 171 256 313 356 380 450 466 500 586 648 693
 747 : 53 97 254 264 462 509 568 579 590 629 660 677 690 708 714
