# Time: 14.650000
# Elapsed: 4.542049
# Input_file: splp/GapA/2832GapAS.txt
# Pool_size: 1000
# Iterations: 36
# Final_solutions: 34100
# Vision_range: 0
# Reduction_mode: REDUCTION_RANDOM
SOLUTION:
  Value: -69117.000000
  Assigns: 22 47 47 22 35 65 74 97 62 35 62 5 97 22 61 6 5 34 29 37 34 6 47 6 52 73 73 75 94 80 29 29 37 23 6 21 70 75 33 34 34 62 21 97 75 33 75 61 70 34 29 6 70 22 70 80 52 23 97 35 22 73 33 65 61 75 33 47 22 61 35 52 21 80 21 61 74 74 80 29 29 75 65 65 81 47 37 23 65 94 62 97 35 21 22 33 73 74 94 97 
  Facilities: 23
 5 : 11 16
 6 : 15 21 23 34 51
 21 : 35 42 72 74 93
 22 : 0 3 13 53 60 68 94
 23 : 33 57 87
 29 : 18 30 31 50 79 80
 33 : 38 45 62 66 95
 34 : 17 20 39 40 49
 35 : 4 9 59 70 92
 37 : 19 32 86
 47 : 1 2 22 67 85
 52 : 24 56 71
 61 : 14 47 64 69 75
 62 : 8 10 41 90
 65 : 5 63 82 83 88
 70 : 36 48 52 54
 73 : 25 26 61 96
 74 : 6 76 77 97
 75 : 27 37 44 46 65 81
 80 : 29 55 73 78
 81 : 84
 94 : 28 89 98
 97 : 7 12 43 58 91 99
SOLUTION:
  Value: -72111.000000
  Assigns: 22 55 74 17 35 40 40 99 17 35 87 17 97 99 29 6 67 81 59 74 98 6 92 6 53 67 91 6 92 64 29 29 29 92 6 24 87 59 55 24 67 4 4 97 55 90 29 24 24 64 17 92 67 22 87 29 92 87 4 17 59 59 40 64 53 35 24 17 22 79 79 64 79 79 90 53 74 53 67 29 29 40 24 4 81 64 24 57 59 92 53 97 35 98 22 87 90 74 53 97 
  Facilities: 24
 4 : 41 42 58 83
 6 : 15 21 23 27 34
 17 : 3 8 11 50 59 67
 22 : 0 53 68 94
 24 : 35 39 47 48 66 82 86
 29 : 14 30 31 32 46 55 79 80
 35 : 4 9 65 92
 40 : 5 6 62 81
 53 : 24 64 75 77 90 98
 55 : 1 38 44
 57 : 87
 59 : 18 37 60 61 88
 64 : 29 49 63 71 85
 67 : 16 25 40 52 78
 74 : 2 19 76 97
 79 : 69 70 72 73
 81 : 17 84
 87 : 10 36 54 57 95
 90 : 45 74 96
 91 : 26
 92 : 22 28 33 51 56 89
 97 : 12 43 91 99
 98 : 20 93
 99 : 7 13
SOLUTION:
  Value: -72119.000000
  Assigns: 24 76 74 64 19 65 74 99 62 91 62 62 64 99 76 66 76 93 16 74 15 38 27 70 66 85 26 38 16 64 78 15 66 16 78 85 70 75 2 24 85 62 91 97 93 90 75 2 36 64 15 26 85 15 70 38 2 2 97 70 85 65 26 93 27 75 24 15 24 24 38 64 66 38 2 19 74 74 38 38 78 76 24 65 78 19 24 70 65 27 85 2 75 93 64 19 90 74 26 97 
  Facilities: 24
 2 : 38 47 56 57 74 91
 15 : 20 31 50 53 67
 16 : 18 28 33
 19 : 4 75 85 95
 24 : 0 39 66 68 69 82 86
 26 : 26 51 62 98
 27 : 22 64 89
 36 : 48
 38 : 21 27 55 70 73 78 79
 62 : 8 10 11 41
 64 : 3 12 29 49 71 94
 65 : 5 61 83 88
 66 : 15 24 32 72
 70 : 23 36 54 59 87
 74 : 2 6 19 76 77 97
 75 : 37 46 65 92
 76 : 1 14 16 81
 78 : 30 34 80 84
 85 : 25 35 40 52 60 90
 90 : 45 96
 91 : 9 42
 93 : 17 44 63 93
 97 : 43 58 99
 99 : 7 13
SOLUTION:
  Value: -72119.000000
  Assigns: 22 55 74 17 35 40 40 99 17 35 87 17 97 99 29 6 67 81 59 74 59 6 92 6 0 67 91 0 92 17 29 29 29 92 6 21 87 0 55 24 67 4 21 97 55 90 29 24 24 40 17 92 67 22 87 29 92 87 4 17 59 59 40 0 0 35 24 17 22 79 79 79 79 79 90 53 74 53 67 29 29 40 24 4 81 4 24 57 59 92 53 97 35 21 22 87 90 74 53 97 
  Facilities: 24
 0 : 24 27 37 63 64
 4 : 41 58 83 85
 6 : 15 21 23 34
 17 : 3 8 11 29 50 59 67
 21 : 35 42 93
 22 : 0 53 68 94
 24 : 39 47 48 66 82 86
 29 : 14 30 31 32 46 55 79 80
 35 : 4 9 65 92
 40 : 5 6 49 62 81
 53 : 75 77 90 98
 55 : 1 38 44
 57 : 87
 59 : 18 20 60 61 88
 67 : 16 25 40 52 78
 74 : 2 19 76 97
 79 : 69 70 71 72 73
 81 : 17 84
 87 : 10 36 54 57 95
 90 : 45 74 96
 91 : 26
 92 : 22 28 33 51 56 89
 97 : 12 43 91 99
 99 : 7 13
SOLUTION:
  Value: -72123.000000
  Assigns: 30 76 74 63 35 40 40 99 10 6 5 63 64 99 76 69 76 81 16 43 69 6 92 6 66 67 46 63 92 10 58 43 66 16 6 10 64 58 30 92 66 4 4 69 46 33 10 43 46 64 76 43 67 43 10 58 58 66 10 35 63 33 40 64 58 35 33 16 81 79 10 64 66 79 4 64 16 74 67 64 7 40 40 30 81 33 81 33 40 92 58 79 35 10 64 16 30 74 35 40 
  Facilities: 24
 4 : 41 42 74
 5 : 10
 6 : 9 21 23 34
 7 : 80
 10 : 8 29 35 46 54 58 70 93
 16 : 18 33 67 76 95
 30 : 0 38 83 96
 33 : 45 61 66 85 87
 35 : 4 59 65 92 98
 40 : 5 6 62 81 82 88 99
 43 : 19 31 47 51 53
 46 : 26 44 48
 58 : 30 37 55 56 64 90
 63 : 3 11 27 60
 64 : 12 36 49 63 71 75 79 94
 66 : 24 32 40 57 72
 67 : 25 52 78
 69 : 15 20 43
 74 : 2 77 97
 76 : 1 14 16 50
 79 : 69 73 91
 81 : 17 68 84 86
 92 : 22 28 39 89
 99 : 7 13
SOLUTION:
  Value: -72130.000000
  Assigns: 83 55 47 11 7 71 27 14 10 6 83 63 64 28 76 69 76 34 71 47 69 6 27 6 53 77 29 63 79 10 29 63 29 68 6 10 82 63 55 83 82 14 82 69 71 28 28 14 11 64 76 6 11 48 48 29 82 68 10 82 63 68 83 71 77 6 82 47 68 79 10 77 79 28 28 64 77 53 55 14 29 76 68 77 34 47 14 83 64 63 28 11 63 71 64 48 53 64 53 12 
  Facilities: 24
 6 : 9 21 23 34 51 65
 7 : 4
 10 : 8 29 35 58 70
 11 : 3 48 52 91
 12 : 99
 14 : 7 41 47 79 86
 27 : 6 22
 28 : 13 45 46 73 74 90
 29 : 26 30 32 55 80
 34 : 17 84
 47 : 2 19 67 85
 48 : 53 54 95
 53 : 24 77 96 98
 55 : 1 38 78
 63 : 11 27 31 37 60 89 92
 64 : 12 49 75 88 94 97
 68 : 33 57 61 68 82
 69 : 15 20 43
 71 : 5 18 44 63 93
 76 : 14 16 50 81
 77 : 25 64 71 76 83
 79 : 28 69 72
 82 : 36 40 42 56 59 66
 83 : 0 10 39 62 87
SOLUTION:
  Value: -75095.000000
  Assigns: 34 25 74 51 35 49 74 90 2 35 37 80 64 80 61 96 68 34 25 44 34 56 37 70 51 85 20 15 25 10 85 20 37 68 35 10 87 20 2 34 85 25 12 12 85 90 56 61 20 64 15 96 85 49 87 80 2 68 10 70 85 68 20 64 61 35 90 53 68 61 10 64 51 80 90 61 74 53 80 64 61 49 68 96 34 64 37 57 44 56 85 2 35 25 64 87 90 74 53 25 
  Facilities: 25
 2 : 8 38 56 91
 10 : 29 35 58 70
 12 : 42 43
 15 : 27 50
 20 : 26 31 37 48 62
 25 : 1 18 28 41 93 99
 34 : 0 17 20 39 84
 35 : 4 9 34 65 92
 37 : 10 22 32 86
 44 : 19 88
 49 : 5 53 81
 51 : 3 24 72
 53 : 67 77 98
 56 : 21 46 89
 57 : 87
 61 : 14 47 64 69 75 80
 64 : 12 49 63 71 79 85 94
 68 : 16 33 57 61 68 82
 70 : 23 59
 74 : 2 6 76 97
 80 : 11 13 55 73 78
 85 : 25 30 40 44 52 60 90
 87 : 36 54 95
 90 : 7 45 66 74 96
 96 : 15 51 83
SOLUTION:
  Value: -75097.000000
  Assigns: 30 8 24 23 19 18 30 14 75 89 87 30 64 23 76 18 76 81 0 56 36 56 27 66 0 85 87 75 8 64 85 43 66 23 84 24 87 75 84 24 85 52 23 8 75 89 75 89 36 64 8 43 85 43 87 89 52 87 87 89 85 36 23 64 0 75 39 53 89 24 81 64 66 18 0 19 56 53 43 14 18 87 24 84 81 19 24 23 64 56 85 8 75 8 64 19 30 64 84 0 
  Facilities: 25
 0 : 18 24 64 74 99
 7 :
 8 : 1 28 43 50 91 93
 14 : 7 79
 18 : 5 15 73 80
 19 : 4 75 85 95
 23 : 3 13 33 42 62 87
 24 : 2 35 39 69 82 86
 27 : 22
 30 : 0 6 11 96
 36 : 20 48 61
 39 : 66
 43 : 31 51 53 78
 52 : 41 56
 53 : 67 77
 56 : 19 21 76 89
 64 : 12 29 49 63 71 88 94 97
 66 : 23 32 72
 75 : 8 27 37 44 46 65 92
 76 : 14 16
 81 : 17 70 84
 84 : 34 38 83 98
 85 : 25 30 40 52 60 90
 87 : 10 26 36 54 57 58 81
 89 : 9 45 47 55 59 68
SOLUTION:
  Value: -75099.000000
  Assigns: 95 8 65 17 35 65 37 95 17 35 20 17 64 86 25 35 50 57 86 44 33 50 84 8 50 82 20 36 25 64 58 20 94 68 35 68 82 58 84 82 82 25 82 97 48 33 95 2 36 64 8 50 82 49 48 20 82 68 97 17 20 68 33 64 20 86 82 95 68 84 35 64 48 25 2 64 50 33 67 65 25 49 68 95 36 64 37 33 44 94 58 2 25 8 84 48 25 64 84 25 
  Facilities: 25
 2 : 47 74 91
 8 : 1 23 50 93
 17 : 3 8 11 59
 20 : 10 26 31 55 60 64
 25 : 14 28 41 73 80 92 96 99
 33 : 20 45 62 77 87
 35 : 4 9 15 34 70
 36 : 27 48 84
 37 : 6 86
 44 : 19 88
 48 : 44 54 72 95
 49 : 53 81
 50 : 16 21 24 51 76
 57 : 17
 58 : 30 37 90
 64 : 12 29 49 63 71 75 85 97
 65 : 2 5 79
 67 : 78
 68 : 33 35 57 61 68 82
 82 : 25 36 39 40 42 52 56 66
 84 : 22 38 69 94 98
 86 : 13 18 65
 94 : 32 89
 95 : 0 7 46 67 83
 97 : 43 58
SOLUTION:
  Value: -75102.000000
  Assigns: 30 8 24 22 66 71 30 14 62 89 62 30 64 22 61 66 2 22 71 56 1 56 24 89 66 14 20 36 8 64 89 20 33 30 8 24 28 66 30 24 66 3 4 8 71 33 28 89 60 64 8 30 14 22 48 89 60 28 4 3 20 71 33 64 61 62 33 8 89 61 22 64 66 28 2 61 40 71 55 14 61 40 24 96 36 28 24 33 96 56 28 2 3 8 64 48 30 64 20 40 
  Facilities: 25
 1 : 20
 2 : 16 74 91
 3 : 41 59 92
 4 : 42 58
 8 : 1 28 34 43 50 67 93
 14 : 7 25 52 79
 20 : 26 31 60 98
 22 : 3 13 17 53 70
 24 : 2 22 35 39 82 86
 28 : 36 46 57 73 85 90
 30 : 0 6 11 33 38 51 96
 33 : 32 45 62 66 87
 36 : 27 84
 40 : 76 81 99
 48 : 54 95
 55 : 78
 56 : 19 21 89
 60 : 48 56
 61 : 14 64 69 75 80
 62 : 8 10 65
 64 : 12 29 49 63 71 94 97
 66 : 4 15 24 37 40 72
 71 : 5 18 44 61 77
 89 : 9 23 30 47 55 68
 96 : 83 88
