# Time: 2.210000
# Elapsed: 0.940888
# Input_file: pmedian/pmed/pmed5.txt
# Pool_size: 200
# Iterations: 33
# Final_solutions: 6500
# Vision_range: 0
# Reduction_mode: REDUCTION_RANDOM
SOLUTION:
  Value: -1964.000000
  Assigns: 0 1 2 2 43 43 6 6 50 50 10 43 43 43 6 15 40 82 82 19 21 21 88 88 88 25 80 28 28 31 31 31 32 32 46 80 37 37 37 39 40 41 50 43 43 77 46 80 78 78 50 50 50 80 50 50 50 57 59 59 40 93 37 39 39 39 15 15 15 70 70 70 72 88 46 88 43 77 78 78 80 82 82 90 84 88 82 88 88 50 90 93 93 93 94 95 77 77 80 0 
  Facilities: 33
 0 : 0 99
 1 : 1
 2 : 2 3
 6 : 6 7 14
 10 : 10
 15 : 15 66 67 68
 19 : 19
 21 : 20 21
 25 : 25
 28 : 27 28
 31 : 29 30 31
 32 : 32 33
 37 : 36 37 38 62
 39 : 39 63 64 65
 40 : 16 40 60
 41 : 41
 43 : 4 5 11 12 13 43 44 76
 46 : 34 46 74
 50 : 8 9 42 50 51 52 54 55 56 89
 57 : 57
 59 : 58 59
 70 : 69 70 71
 72 : 72
 77 : 45 77 96 97
 78 : 48 49 78 79
 80 : 26 35 47 53 80 98
 82 : 17 18 81 82 86
 84 : 84
 88 : 22 23 24 73 75 85 87 88
 90 : 83 90
 93 : 61 91 92 93
 94 : 94
 95 : 95
SOLUTION:
  Value: -1965.000000
  Assigns: 1 1 93 13 13 68 7 7 8 9 9 13 13 13 68 68 39 18 18 19 45 45 23 23 24 26 26 26 26 29 29 32 32 32 74 53 37 37 37 39 39 39 9 13 13 45 74 26 49 49 9 9 52 53 54 55 55 55 45 26 39 61 37 39 39 39 66 68 68 69 68 68 68 23 74 23 76 45 49 49 26 82 82 90 85 85 18 23 23 9 90 92 92 93 93 45 45 97 98 1 
  Facilities: 33
 1 : 0 1 99
 7 : 6 7
 8 : 8
 9 : 9 10 42 50 51 89
 13 : 3 4 11 12 13 43 44
 18 : 17 18 86
 19 : 19
 23 : 22 23 73 75 87 88
 24 : 24
 26 : 25 26 27 28 47 59 80
 29 : 29 30
 32 : 31 32 33
 37 : 36 37 38 62
 39 : 16 39 40 41 60 63 64 65
 45 : 20 21 45 58 77 95 96
 49 : 48 49 78 79
 52 : 52
 53 : 35 53
 54 : 54
 55 : 55 56 57
 61 : 61
 66 : 66
 68 : 5 14 15 67 68 70 71 72
 69 : 69
 74 : 34 46 74
 76 : 76
 82 : 81 82
 85 : 84 85
 90 : 83 90
 92 : 91 92
 93 : 2 93 94
 97 : 97
 98 : 98
SOLUTION:
  Value: -1979.000000
  Assigns: 93 93 93 3 76 68 6 6 8 50 18 76 12 76 68 68 16 18 18 18 77 77 88 88 88 25 26 27 28 30 30 30 33 33 34 35 35 65 65 65 16 16 42 76 44 77 74 26 26 50 50 50 35 35 54 55 56 56 77 26 16 93 68 64 64 65 68 68 68 68 68 68 68 88 74 88 76 77 79 79 26 35 18 83 85 85 18 88 88 50 83 91 93 93 93 77 77 97 26 93 
  Facilities: 33
 3 : 3
 6 : 6 7
 8 : 8
 12 : 12
 16 : 16 40 41 60
 18 : 10 17 18 19 82 86
 25 : 25
 26 : 26 47 48 59 80 98
 27 : 27
 28 : 28
 30 : 29 30 31
 33 : 32 33
 34 : 34
 35 : 35 36 52 53 81
 42 : 42
 44 : 44
 50 : 9 49 50 51 89
 54 : 54
 55 : 55
 56 : 56 57
 64 : 63 64
 65 : 37 38 39 65
 68 : 5 14 15 62 66 67 68 69 70 71 72
 74 : 46 74
 76 : 4 11 13 43 76
 77 : 20 21 45 58 77 95 96
 79 : 78 79
 83 : 83 90
 85 : 84 85
 88 : 22 23 24 73 75 87 88
 91 : 91
 93 : 0 1 2 61 92 93 94 99
 97 : 97
SOLUTION:
  Value: -1997.000000
  Assigns: 0 1 2 2 43 43 6 6 50 50 50 43 43 43 6 15 40 82 82 19 21 21 88 88 88 25 80 28 28 31 31 31 32 32 46 80 37 37 37 39 40 41 50 43 43 77 46 80 78 78 50 50 50 80 50 50 50 57 59 59 40 93 37 39 39 39 15 15 15 70 70 70 72 88 46 75 43 77 78 78 80 82 82 90 84 88 82 88 88 50 90 93 93 93 94 95 77 77 80 0 
  Facilities: 33
 0 : 0 99
 1 : 1
 2 : 2 3
 6 : 6 7 14
 15 : 15 66 67 68
 19 : 19
 21 : 20 21
 25 : 25
 28 : 27 28
 31 : 29 30 31
 32 : 32 33
 37 : 36 37 38 62
 39 : 39 63 64 65
 40 : 16 40 60
 41 : 41
 43 : 4 5 11 12 13 43 44 76
 46 : 34 46 74
 50 : 8 9 10 42 50 51 52 54 55 56 89
 57 : 57
 59 : 58 59
 70 : 69 70 71
 72 : 72
 75 : 75
 77 : 45 77 96 97
 78 : 48 49 78 79
 80 : 26 35 47 53 80 98
 82 : 17 18 81 82 86
 84 : 84
 88 : 22 23 24 73 85 87 88
 90 : 83 90
 93 : 61 91 92 93
 94 : 94
 95 : 95
SOLUTION:
  Value: -2018.000000
  Assigns: 1 1 2 2 43 67 7 7 7 50 35 43 43 43 68 68 16 17 17 17 77 77 73 73 73 26 26 28 28 29 29 32 32 32 34 35 37 37 37 64 16 16 50 43 43 77 34 47 48 48 50 51 51 35 35 56 56 56 77 26 16 1 37 64 64 64 67 67 68 68 68 68 68 73 34 73 43 77 48 79 80 82 82 90 84 85 82 73 88 89 90 1 1 1 94 95 77 77 47 1 
  Facilities: 33
 1 : 0 1 61 91 92 93 99
 2 : 2 3
 7 : 6 7 8
 16 : 16 40 41 60
 17 : 17 18 19
 26 : 25 26 59
 28 : 27 28
 29 : 29 30
 32 : 31 32 33
 34 : 34 46 74
 35 : 10 35 53 54
 37 : 36 37 38 62
 43 : 4 11 12 13 43 44 76
 47 : 47 98
 48 : 48 49 78
 50 : 9 42 50
 51 : 51 52
 56 : 55 56 57
 64 : 39 63 64 65
 67 : 5 66 67
 68 : 14 15 68 69 70 71 72
 73 : 22 23 24 73 75 87
 77 : 20 21 45 58 77 96 97
 79 : 79
 80 : 80
 82 : 81 82 86
 84 : 84
 85 : 85
 88 : 88
 89 : 89
 90 : 83 90
 94 : 94
 95 : 95
SOLUTION:
  Value: -2022.000000
  Assigns: 99 61 61 43 43 67 67 67 8 50 50 76 12 76 67 67 39 17 17 17 20 96 22 73 73 25 26 28 28 30 30 30 33 33 46 26 36 37 37 39 39 41 50 43 43 96 46 26 26 50 50 50 50 54 54 55 50 57 58 26 39 61 71 39 39 39 66 67 67 67 71 71 72 73 46 73 76 96 26 26 26 76 76 90 85 85 17 73 73 50 90 61 61 61 61 95 96 96 26 99 
  Facilities: 33
 8 : 8
 12 : 12
 17 : 17 18 19 86
 20 : 20
 22 : 22
 25 : 25
 26 : 26 35 47 48 59 78 79 80 98
 28 : 27 28
 30 : 29 30 31
 33 : 32 33
 36 : 36
 37 : 37 38
 39 : 16 39 40 60 63 64 65
 41 : 41
 43 : 3 4 43 44
 46 : 34 46 74
 50 : 9 10 42 49 50 51 52 56 89
 54 : 53 54
 55 : 55
 57 : 57
 58 : 58
 61 : 1 2 61 91 92 93 94
 66 : 66
 67 : 5 6 7 14 15 67 68 69
 71 : 62 70 71
 72 : 72
 73 : 23 24 73 75 87 88
 76 : 11 13 76 81 82
 85 : 84 85
 90 : 83 90
 95 : 95
 96 : 21 45 77 96 97
 99 : 0 99
SOLUTION:
  Value: -2024.000000
  Assigns: 0 1 2 2 43 43 6 6 50 50 50 43 43 43 6 15 40 82 82 19 21 21 88 88 88 25 80 28 28 31 31 31 32 32 46 80 37 37 37 39 40 41 50 43 43 77 46 80 78 78 50 50 50 80 50 50 50 57 59 59 40 93 37 39 39 39 15 15 15 70 70 70 72 88 46 88 43 77 78 78 80 82 82 90 84 88 82 88 88 50 90 93 93 93 94 95 77 77 80 0 
  Facilities: 32
 0 : 0 99
 1 : 1
 2 : 2 3
 6 : 6 7 14
 15 : 15 66 67 68
 19 : 19
 21 : 20 21
 25 : 25
 28 : 27 28
 31 : 29 30 31
 32 : 32 33
 37 : 36 37 38 62
 39 : 39 63 64 65
 40 : 16 40 60
 41 : 41
 43 : 4 5 11 12 13 43 44 76
 46 : 34 46 74
 50 : 8 9 10 42 50 51 52 54 55 56 89
 57 : 57
 59 : 58 59
 70 : 69 70 71
 72 : 72
 77 : 45 77 96 97
 78 : 48 49 78 79
 80 : 26 35 47 53 80 98
 82 : 17 18 81 82 86
 84 : 84
 88 : 22 23 24 73 75 85 87 88
 90 : 83 90
 93 : 61 91 92 93
 94 : 94
 95 : 95
SOLUTION:
  Value: -2028.000000
  Assigns: 1 1 93 13 13 68 68 68 8 9 9 13 13 13 68 68 39 18 18 19 45 45 23 23 24 26 26 26 26 29 29 32 32 32 74 53 36 37 37 39 39 39 9 13 13 45 74 26 49 49 9 9 52 53 54 55 55 55 45 26 39 61 37 39 39 39 66 68 68 68 70 70 70 23 74 23 76 45 49 49 26 82 82 90 85 85 18 23 23 9 90 92 92 93 93 45 45 97 98 1 
  Facilities: 33
 1 : 0 1 99
 8 : 8
 9 : 9 10 42 50 51 89
 13 : 3 4 11 12 13 43 44
 18 : 17 18 86
 19 : 19
 23 : 22 23 73 75 87 88
 24 : 24
 26 : 25 26 27 28 47 59 80
 29 : 29 30
 32 : 31 32 33
 36 : 36
 37 : 37 38 62
 39 : 16 39 40 41 60 63 64 65
 45 : 20 21 45 58 77 95 96
 49 : 48 49 78 79
 52 : 52
 53 : 35 53
 54 : 54
 55 : 55 56 57
 61 : 61
 66 : 66
 68 : 5 6 7 14 15 67 68 69
 70 : 70 71 72
 74 : 34 46 74
 76 : 76
 82 : 81 82
 85 : 84 85
 90 : 83 90
 92 : 91 92
 93 : 2 93 94
 97 : 97
 98 : 98
SOLUTION:
  Value: -2029.000000
  Assigns: 1 1 2 2 43 67 7 7 7 50 50 43 43 43 68 68 16 17 17 17 77 77 73 73 73 26 26 27 28 29 29 32 32 32 34 26 37 37 37 64 16 16 50 43 43 77 46 47 48 48 50 51 51 26 56 56 56 56 77 26 16 1 37 64 64 64 67 67 68 68 68 68 68 73 46 73 43 77 48 79 47 82 82 90 84 85 82 73 88 89 90 1 1 1 94 95 77 77 47 1 
  Facilities: 33
 1 : 0 1 61 91 92 93 99
 2 : 2 3
 7 : 6 7 8
 16 : 16 40 41 60
 17 : 17 18 19
 26 : 25 26 35 53 59
 27 : 27
 28 : 28
 29 : 29 30
 32 : 31 32 33
 34 : 34
 37 : 36 37 38 62
 43 : 4 11 12 13 43 44 76
 46 : 46 74
 47 : 47 80 98
 48 : 48 49 78
 50 : 9 10 42 50
 51 : 51 52
 56 : 54 55 56 57
 64 : 39 63 64 65
 67 : 5 66 67
 68 : 14 15 68 69 70 71 72
 73 : 22 23 24 73 75 87
 77 : 20 21 45 58 77 96 97
 79 : 79
 82 : 81 82 86
 84 : 84
 85 : 85
 88 : 88
 89 : 89
 90 : 83 90
 94 : 94
 95 : 95
SOLUTION:
  Value: -2035.000000
  Assigns: 1 1 93 13 13 68 68 68 8 9 9 13 13 13 68 68 39 18 18 19 45 45 23 23 24 26 26 26 26 29 29 32 32 32 74 53 37 37 37 39 39 39 9 13 13 45 74 26 49 49 9 9 52 53 54 55 55 55 45 26 39 61 37 39 39 39 66 68 68 69 68 68 68 23 74 23 76 45 49 49 26 82 82 90 85 85 18 23 23 9 90 92 92 93 93 45 45 97 98 1 
  Facilities: 32
 1 : 0 1 99
 8 : 8
 9 : 9 10 42 50 51 89
 13 : 3 4 11 12 13 43 44
 18 : 17 18 86
 19 : 19
 23 : 22 23 73 75 87 88
 24 : 24
 26 : 25 26 27 28 47 59 80
 29 : 29 30
 32 : 31 32 33
 37 : 36 37 38 62
 39 : 16 39 40 41 60 63 64 65
 45 : 20 21 45 58 77 95 96
 49 : 48 49 78 79
 52 : 52
 53 : 35 53
 54 : 54
 55 : 55 56 57
 61 : 61
 66 : 66
 68 : 5 6 7 14 15 67 68 70 71 72
 69 : 69
 74 : 34 46 74
 76 : 76
 82 : 81 82
 85 : 84 85
 90 : 83 90
 92 : 91 92
 93 : 2 93 94
 97 : 97
 98 : 98
