# Time: 11.300000
# Elapsed: 4.778159
# Input_file: splp/Chess/2834ChessS.txt
# Pool_size: 1000
# Iterations: 20
# Final_solutions: 18144
# Vision_range: 0
# Reduction_mode: REDUCTION_BESTS
SOLUTION:
  Value: -51220.000000
  Assigns: 133 133 133 136 136 136 139 139 139 142 142 142 35 26 26 26 29 29 29 32 32 32 35 35 35 26 26 26 29 29 29 32 32 32 35 35 35 26 26 26 29 29 29 32 32 32 35 35 60 60 63 63 63 66 66 66 69 69 69 60 60 60 63 63 63 66 66 66 69 69 69 60 60 60 63 63 63 66 66 66 69 69 69 60 107 98 98 98 101 101 101 104 104 104 107 107 107 98 98 98 101 101 101 104 104 104 107 107 107 98 98 98 101 101 101 128 128 128 107 107 133 133 133 136 136 136 139 139 128 128 142 142 133 133 133 136 136 136 139 139 128 142 142 142 
  Facilities: 17
 26 : 13 14 15 25 26 27 37 38 39
 29 : 16 17 18 28 29 30 40 41 42
 32 : 19 20 21 31 32 33 43 44 45
 35 : 12 22 23 24 34 35 36 46 47
 60 : 48 49 59 60 61 71 72 73 83
 63 : 50 51 52 62 63 64 74 75 76
 66 : 53 54 55 65 66 67 77 78 79
 69 : 56 57 58 68 69 70 80 81 82
 98 : 85 86 87 97 98 99 109 110 111
 101 : 88 89 90 100 101 102 112 113 114
 104 : 91 92 93 103 104 105
 107 : 84 94 95 96 106 107 108 118 119
 128 : 115 116 117 128 129 140
 133 : 0 1 2 120 121 122 132 133 134
 136 : 3 4 5 123 124 125 135 136 137
 139 : 6 7 8 126 127 138 139
 142 : 9 10 11 130 131 141 142 143
SOLUTION:
  Value: -51220.000000
  Assigns: 133 133 133 136 136 136 139 139 139 142 142 142 35 26 26 26 29 29 29 32 32 32 35 35 35 26 26 26 29 29 29 32 32 32 35 35 35 26 26 26 29 29 29 32 32 32 35 35 60 60 63 63 63 66 66 66 69 69 69 60 60 60 63 63 63 66 66 66 69 69 69 60 60 60 63 63 63 66 66 66 69 69 69 60 107 98 98 98 101 101 101 92 92 92 107 107 107 98 98 98 101 101 101 92 92 92 107 107 107 98 98 98 101 101 101 128 128 128 107 107 133 133 133 136 136 136 139 139 128 128 142 142 133 133 133 136 136 136 139 139 128 142 142 142 
  Facilities: 17
 26 : 13 14 15 25 26 27 37 38 39
 29 : 16 17 18 28 29 30 40 41 42
 32 : 19 20 21 31 32 33 43 44 45
 35 : 12 22 23 24 34 35 36 46 47
 60 : 48 49 59 60 61 71 72 73 83
 63 : 50 51 52 62 63 64 74 75 76
 66 : 53 54 55 65 66 67 77 78 79
 69 : 56 57 58 68 69 70 80 81 82
 92 : 91 92 93 103 104 105
 98 : 85 86 87 97 98 99 109 110 111
 101 : 88 89 90 100 101 102 112 113 114
 107 : 84 94 95 96 106 107 108 118 119
 128 : 115 116 117 128 129 140
 133 : 0 1 2 120 121 122 132 133 134
 136 : 3 4 5 123 124 125 135 136 137
 139 : 6 7 8 126 127 138 139
 142 : 9 10 11 130 131 141 142 143
SOLUTION:
  Value: -51231.000000
  Assigns: 133 133 133 136 136 136 139 139 139 142 142 142 35 26 26 26 29 29 29 32 32 32 35 35 35 26 26 26 29 29 29 32 32 32 35 35 35 26 26 26 29 29 29 32 32 32 35 35 61 61 61 64 64 64 67 67 67 70 70 70 61 61 61 64 64 64 67 67 67 70 70 70 61 61 61 64 64 64 67 92 67 92 70 70 107 98 98 98 101 101 101 92 92 92 107 107 107 98 98 98 101 101 101 92 92 92 107 107 107 98 98 98 101 101 101 128 128 128 107 107 133 133 133 136 136 136 139 139 128 128 142 142 133 133 133 136 136 136 139 139 128 142 142 142 
  Facilities: 17
 26 : 13 14 15 25 26 27 37 38 39
 29 : 16 17 18 28 29 30 40 41 42
 32 : 19 20 21 31 32 33 43 44 45
 35 : 12 22 23 24 34 35 36 46 47
 61 : 48 49 50 60 61 62 72 73 74
 64 : 51 52 53 63 64 65 75 76 77
 67 : 54 55 56 66 67 68 78 80
 70 : 57 58 59 69 70 71 82 83
 92 : 79 81 91 92 93 103 104 105
 98 : 85 86 87 97 98 99 109 110 111
 101 : 88 89 90 100 101 102 112 113 114
 107 : 84 94 95 96 106 107 108 118 119
 128 : 115 116 117 128 129 140
 133 : 0 1 2 120 121 122 132 133 134
 136 : 3 4 5 123 124 125 135 136 137
 139 : 6 7 8 126 127 138 139
 142 : 9 10 11 130 131 141 142 143
SOLUTION:
  Value: -54203.000000
  Assigns: 133 133 133 136 136 136 139 139 139 142 23 142 23 26 26 26 29 29 29 32 32 32 23 23 23 26 26 26 29 29 29 32 32 32 23 23 59 26 26 26 29 29 29 32 32 32 59 59 59 60 63 63 63 66 66 66 69 69 69 60 60 60 63 63 63 66 66 66 69 69 59 60 60 60 63 63 63 66 66 66 69 69 69 60 107 98 98 98 101 101 101 92 92 92 107 107 107 98 98 98 101 101 101 92 92 92 107 107 107 98 98 98 101 101 101 128 128 128 107 107 133 133 133 136 136 136 139 139 128 128 142 142 133 133 133 136 136 136 139 139 128 142 142 142 
  Facilities: 18
 23 : 10 12 22 23 24 34 35
 26 : 13 14 15 25 26 27 37 38 39
 29 : 16 17 18 28 29 30 40 41 42
 32 : 19 20 21 31 32 33 43 44 45
 59 : 36 46 47 48 70
 60 : 49 59 60 61 71 72 73 83
 63 : 50 51 52 62 63 64 74 75 76
 66 : 53 54 55 65 66 67 77 78 79
 69 : 56 57 58 68 69 80 81 82
 92 : 91 92 93 103 104 105
 98 : 85 86 87 97 98 99 109 110 111
 101 : 88 89 90 100 101 102 112 113 114
 107 : 84 94 95 96 106 107 108 118 119
 128 : 115 116 117 128 129 140
 133 : 0 1 2 120 121 122 132 133 134
 136 : 3 4 5 123 124 125 135 136 137
 139 : 6 7 8 126 127 138 139
 142 : 9 11 130 131 141 142 143
SOLUTION:
  Value: -54203.000000
  Assigns: 133 133 133 136 136 136 139 139 139 142 23 142 23 26 26 26 29 29 29 32 32 32 23 23 23 26 26 26 29 29 29 32 32 32 23 23 59 26 26 26 29 29 29 32 32 32 59 59 59 60 63 63 63 66 66 66 69 69 69 60 60 60 63 63 63 66 66 66 69 69 59 60 60 60 63 63 63 66 66 66 69 69 69 60 107 98 98 98 101 101 101 104 104 104 107 107 107 98 98 98 101 101 101 104 104 104 107 107 107 98 98 98 101 101 101 128 128 128 107 107 133 133 133 136 136 136 139 139 128 128 142 142 133 133 133 136 136 136 139 139 128 142 142 142 
  Facilities: 18
 23 : 10 12 22 23 24 34 35
 26 : 13 14 15 25 26 27 37 38 39
 29 : 16 17 18 28 29 30 40 41 42
 32 : 19 20 21 31 32 33 43 44 45
 59 : 36 46 47 48 70
 60 : 49 59 60 61 71 72 73 83
 63 : 50 51 52 62 63 64 74 75 76
 66 : 53 54 55 65 66 67 77 78 79
 69 : 56 57 58 68 69 80 81 82
 98 : 85 86 87 97 98 99 109 110 111
 101 : 88 89 90 100 101 102 112 113 114
 104 : 91 92 93 103 104 105
 107 : 84 94 95 96 106 107 108 118 119
 128 : 115 116 117 128 129 140
 133 : 0 1 2 120 121 122 132 133 134
 136 : 3 4 5 123 124 125 135 136 137
 139 : 6 7 8 126 127 138 139
 142 : 9 11 130 131 141 142 143
SOLUTION:
  Value: -54205.000000
  Assigns: 133 133 133 4 4 4 139 139 139 142 142 142 35 26 26 26 29 29 29 32 32 32 35 35 35 26 26 26 29 29 29 32 32 32 35 35 35 26 26 26 29 29 29 32 32 32 35 35 60 60 63 63 63 66 66 66 69 69 69 60 60 60 63 63 63 66 66 66 69 69 69 60 60 60 63 63 63 66 66 66 69 69 69 60 107 98 98 98 101 101 101 92 92 92 107 107 107 98 98 98 101 101 101 92 92 92 107 107 107 98 98 98 101 101 101 128 128 128 107 107 133 133 133 124 124 124 139 139 128 128 142 142 133 133 133 4 4 4 139 139 128 142 142 142 
  Facilities: 18
 4 : 3 4 5 135 136 137
 26 : 13 14 15 25 26 27 37 38 39
 29 : 16 17 18 28 29 30 40 41 42
 32 : 19 20 21 31 32 33 43 44 45
 35 : 12 22 23 24 34 35 36 46 47
 60 : 48 49 59 60 61 71 72 73 83
 63 : 50 51 52 62 63 64 74 75 76
 66 : 53 54 55 65 66 67 77 78 79
 69 : 56 57 58 68 69 70 80 81 82
 92 : 91 92 93 103 104 105
 98 : 85 86 87 97 98 99 109 110 111
 101 : 88 89 90 100 101 102 112 113 114
 107 : 84 94 95 96 106 107 108 118 119
 124 : 123 124 125
 128 : 115 116 117 128 129 140
 133 : 0 1 2 120 121 122 132 133 134
 139 : 6 7 8 126 127 138 139
 142 : 9 10 11 130 131 141 142 143
SOLUTION:
  Value: -54205.000000
  Assigns: 133 133 133 136 136 136 139 139 139 142 142 142 25 25 26 26 29 29 29 32 32 32 34 34 25 25 26 26 29 29 29 32 32 32 34 34 25 26 25 26 29 29 29 32 32 34 34 34 60 60 63 63 63 66 66 66 69 69 69 60 60 60 63 63 63 66 66 66 69 69 69 60 60 60 63 63 63 66 66 66 69 69 69 60 107 98 98 98 101 101 101 104 104 104 107 107 107 98 98 98 101 101 101 104 104 104 107 107 107 98 98 98 101 101 101 128 128 128 107 107 133 133 133 136 136 136 139 139 128 128 142 142 133 133 133 136 136 136 139 139 128 142 142 142 
  Facilities: 18
 25 : 12 13 24 25 36 38
 26 : 14 15 26 27 37 39
 29 : 16 17 18 28 29 30 40 41 42
 32 : 19 20 21 31 32 33 43 44
 34 : 22 23 34 35 45 46 47
 60 : 48 49 59 60 61 71 72 73 83
 63 : 50 51 52 62 63 64 74 75 76
 66 : 53 54 55 65 66 67 77 78 79
 69 : 56 57 58 68 69 70 80 81 82
 98 : 85 86 87 97 98 99 109 110 111
 101 : 88 89 90 100 101 102 112 113 114
 104 : 91 92 93 103 104 105
 107 : 84 94 95 96 106 107 108 118 119
 128 : 115 116 117 128 129 140
 133 : 0 1 2 120 121 122 132 133 134
 136 : 3 4 5 123 124 125 135 136 137
 139 : 6 7 8 126 127 138 139
 142 : 9 10 11 130 131 141 142 143
SOLUTION:
  Value: -54205.000000
  Assigns: 133 133 133 4 4 4 139 139 139 142 142 142 35 26 26 26 29 29 29 32 32 32 35 35 35 26 26 26 29 29 29 32 32 32 35 35 35 26 26 26 29 29 29 32 32 32 35 35 60 60 63 63 63 66 66 66 69 69 69 60 60 60 63 63 63 66 66 66 69 69 69 60 60 60 63 63 63 66 66 66 69 69 69 60 107 98 98 98 101 101 101 104 104 104 107 107 107 98 98 98 101 101 101 104 104 104 107 107 107 98 98 98 101 101 101 128 128 128 107 107 133 133 133 124 124 124 139 139 128 128 142 142 133 133 133 4 4 4 139 139 128 142 142 142 
  Facilities: 18
 4 : 3 4 5 135 136 137
 26 : 13 14 15 25 26 27 37 38 39
 29 : 16 17 18 28 29 30 40 41 42
 32 : 19 20 21 31 32 33 43 44 45
 35 : 12 22 23 24 34 35 36 46 47
 60 : 48 49 59 60 61 71 72 73 83
 63 : 50 51 52 62 63 64 74 75 76
 66 : 53 54 55 65 66 67 77 78 79
 69 : 56 57 58 68 69 70 80 81 82
 98 : 85 86 87 97 98 99 109 110 111
 101 : 88 89 90 100 101 102 112 113 114
 104 : 91 92 93 103 104 105
 107 : 84 94 95 96 106 107 108 118 119
 124 : 123 124 125
 128 : 115 116 117 128 129 140
 133 : 0 1 2 120 121 122 132 133 134
 139 : 6 7 8 126 127 138 139
 142 : 9 10 11 130 131 141 142 143
SOLUTION:
  Value: -54205.000000
  Assigns: 133 133 133 136 136 136 139 139 139 142 142 142 25 25 26 26 29 29 29 32 32 32 34 34 25 25 26 26 29 29 29 32 32 32 34 34 25 26 25 26 29 29 29 32 32 34 34 34 60 60 63 63 63 66 66 66 69 69 69 60 60 60 63 63 63 66 66 66 69 69 69 60 60 60 63 63 63 66 66 66 69 69 69 60 107 98 98 98 101 101 101 92 92 92 107 107 107 98 98 98 101 101 101 92 92 92 107 107 107 98 98 98 101 101 101 128 128 128 107 107 133 133 133 136 136 136 139 139 128 128 142 142 133 133 133 136 136 136 139 139 128 142 142 142 
  Facilities: 18
 25 : 12 13 24 25 36 38
 26 : 14 15 26 27 37 39
 29 : 16 17 18 28 29 30 40 41 42
 32 : 19 20 21 31 32 33 43 44
 34 : 22 23 34 35 45 46 47
 60 : 48 49 59 60 61 71 72 73 83
 63 : 50 51 52 62 63 64 74 75 76
 66 : 53 54 55 65 66 67 77 78 79
 69 : 56 57 58 68 69 70 80 81 82
 92 : 91 92 93 103 104 105
 98 : 85 86 87 97 98 99 109 110 111
 101 : 88 89 90 100 101 102 112 113 114
 107 : 84 94 95 96 106 107 108 118 119
 128 : 115 116 117 128 129 140
 133 : 0 1 2 120 121 122 132 133 134
 136 : 3 4 5 123 124 125 135 136 137
 139 : 6 7 8 126 127 138 139
 142 : 9 10 11 130 131 141 142 143
SOLUTION:
  Value: -54206.000000
  Assigns: 133 133 133 4 4 4 19 19 19 142 142 142 25 25 25 4 4 4 19 19 19 34 34 34 25 25 25 40 40 40 19 19 19 34 34 34 25 25 25 40 40 40 55 55 55 34 34 34 61 61 61 40 40 40 55 55 69 69 69 60 61 60 61 76 76 76 55 55 55 69 69 60 61 61 61 76 76 90 90 90 69 69 69 60 107 98 98 98 76 90 90 90 104 104 107 107 107 98 98 98 112 90 90 104 104 104 107 107 107 98 98 98 112 112 127 127 127 104 107 107 133 133 133 112 112 112 127 127 127 142 142 142 133 133 133 4 4 4 127 127 127 142 142 142 
  Facilities: 18
 4 : 3 4 5 15 16 17 135 136 137
 19 : 6 7 8 18 19 20 30 31 32
 25 : 12 13 14 24 25 26 36 37 38
 34 : 21 22 23 33 34 35 45 46 47
 40 : 27 28 29 39 40 41 51 52 53
 55 : 42 43 44 54 55 66 67 68
 60 : 59 61 71 83
 61 : 48 49 50 60 62 72 73 74
 69 : 56 57 58 69 70 80 81 82
 76 : 63 64 65 75 76 88
 90 : 77 78 79 89 90 91 101 102
 98 : 85 86 87 97 98 99 109 110 111
 104 : 92 93 103 104 105 117
 107 : 84 94 95 96 106 107 108 118 119
 112 : 100 112 113 123 124 125
 127 : 114 115 116 126 127 128 138 139 140
 133 : 0 1 2 120 121 122 132 133 134
 142 : 9 10 11 129 130 131 141 142 143
