# Time: 2.390000
# Elapsed: 0.773581
# Input_file: splp/Uniform/1323UnifS.txt
# Pool_size: 200
# Iterations: 29
# Final_solutions: 5190
# Vision_range: 0
# Reduction_mode: REDUCTION_RANDOM
SOLUTION:
  Value: -89425.000000
  Assigns: 24 51 24 37 31 53 51 51 37 24 90 51 20 79 79 20 20 31 19 12 37 31 4 30 27 31 4 24 90 12 90 27 27 31 27 62 90 30 81 53 12 19 53 12 27 12 27 90 12 19 37 19 31 20 24 4 30 27 20 62 79 12 31 62 90 27 53 12 53 19 62 12 12 30 27 31 24 90 31 12 90 19 27 27 20 19 30 4 90 27 90 53 4 24 12 27 19 19 4 62 
  Facilities: 15
 4 : 22 26 55 87 92 98
 12 : 19 29 40 43 45 48 61 67 71 72 79 94
 19 : 18 41 49 51 69 81 85 96 97
 20 : 12 15 16 53 58 84
 24 : 0 2 9 27 54 76 93
 27 : 24 31 32 34 44 46 57 65 74 82 83 89 95
 30 : 23 37 56 73 86
 31 : 4 17 21 25 33 52 62 75 78
 37 : 3 8 20 50
 51 : 1 6 7 11
 53 : 5 39 42 66 68 91
 62 : 35 59 63 70 99
 79 : 13 14 60
 81 : 38
 90 : 10 28 30 36 47 64 77 80 88 90
SOLUTION:
  Value: -91452.000000
  Assigns: 24 51 24 63 31 53 51 51 90 24 90 51 20 79 79 20 20 31 27 12 79 31 63 30 27 31 79 24 90 12 90 27 27 31 27 62 90 30 81 53 12 79 53 12 27 12 27 90 12 20 12 63 31 20 24 63 30 27 63 62 79 12 31 62 90 27 63 12 53 62 62 12 12 30 27 31 63 90 31 12 63 63 27 27 20 20 30 27 90 27 90 53 63 24 12 27 12 53 30 62 
  Facilities: 13
 12 : 19 29 40 43 45 48 50 61 67 71 72 79 94 96
 20 : 12 15 16 49 53 84 85
 24 : 0 2 9 27 54 93
 27 : 18 24 31 32 34 44 46 57 65 74 82 83 87 89 95
 30 : 23 37 56 73 86 98
 31 : 4 17 21 25 33 52 62 75 78
 51 : 1 6 7 11
 53 : 5 39 42 68 91 97
 62 : 35 59 63 69 70 99
 63 : 3 22 51 55 58 66 76 80 81 92
 79 : 13 14 20 26 41 60
 81 : 38
 90 : 8 10 28 30 36 47 64 77 88 90
SOLUTION:
  Value: -92475.000000
  Assigns: 45 89 45 89 28 28 69 23 69 35 23 40 69 69 29 35 53 53 35 69 73 45 28 89 27 73 40 10 10 73 69 40 45 89 73 69 27 89 23 53 73 2 2 10 27 89 27 10 56 10 2 72 89 2 10 69 10 27 56 40 69 10 45 73 89 27 28 69 53 72 28 40 45 73 89 72 28 35 45 72 56 28 2 27 29 40 53 27 89 69 56 53 69 27 10 27 27 29 27 28 
  Facilities: 15
 2 : 41 42 50 53 82
 10 : 27 28 43 47 49 54 56 61 94
 23 : 7 10 38
 27 : 24 36 44 46 57 65 83 87 93 95 96 98
 28 : 4 5 22 66 70 76 81 99
 29 : 14 84 97
 35 : 9 15 18 77
 40 : 11 26 31 59 71 85
 45 : 0 2 21 32 62 72 78
 53 : 16 17 39 68 86 91
 56 : 48 58 80 90
 69 : 6 8 12 13 19 30 35 55 60 67 89 92
 72 : 51 69 75 79
 73 : 20 25 29 34 40 63 73
 89 : 1 3 23 33 37 45 52 64 74 88
SOLUTION:
  Value: -92684.000000
  Assigns: 45 89 99 89 98 95 98 71 38 65 48 98 94 56 65 45 1 95 43 12 48 45 94 89 98 85 94 10 43 38 43 27 43 71 27 27 43 89 95 65 12 99 98 10 27 12 27 43 56 10 12 10 1 94 98 38 48 27 56 65 45 12 45 65 43 27 16 12 99 98 16 95 45 65 89 94 48 48 45 38 56 99 27 27 16 1 65 95 89 99 56 1 12 65 12 27 16 48 85 85 
  Facilities: 18
 1 : 16 52 85 91
 10 : 27 43 49 51
 12 : 19 40 45 50 61 67 92 94
 16 : 66 70 84 96
 27 : 31 34 35 44 46 57 65 82 83 95
 38 : 8 29 55 79
 43 : 18 28 30 32 36 47 64
 45 : 0 15 21 60 62 72 78
 48 : 10 20 56 76 77 97
 56 : 13 48 58 80 90
 65 : 9 14 39 59 63 73 86 93
 71 : 7 33
 85 : 25 98 99
 89 : 1 3 23 37 74 88
 94 : 12 22 26 53 75
 95 : 5 17 38 71 87
 98 : 4 6 11 24 42 54 69
 99 : 2 41 68 81 89
SOLUTION:
  Value: -93002.000000
  Assigns: 45 89 99 89 98 95 98 71 38 65 48 98 94 56 65 45 1 95 43 12 48 45 94 89 98 85 94 10 43 38 43 85 43 71 45 1 43 89 95 65 12 99 98 10 71 12 12 43 56 10 12 10 1 94 98 38 48 10 56 65 45 12 45 65 43 48 16 12 99 98 16 95 45 65 89 94 48 48 45 38 56 99 16 89 16 1 65 95 89 99 56 1 12 65 12 56 16 48 85 85 
  Facilities: 17
 1 : 16 35 52 85 91
 10 : 27 43 49 51 57
 12 : 19 40 45 46 50 61 67 92 94
 16 : 66 70 82 84 96
 38 : 8 29 55 79
 43 : 18 28 30 32 36 47 64
 45 : 0 15 21 34 60 62 72 78
 48 : 10 20 56 65 76 77 97
 56 : 13 48 58 80 90 95
 65 : 9 14 39 59 63 73 86 93
 71 : 7 33 44
 85 : 25 31 98 99
 89 : 1 3 23 37 74 83 88
 94 : 12 22 26 53 75
 95 : 5 17 38 71 87
 98 : 4 6 11 24 42 54 69
 99 : 2 41 68 81 89
SOLUTION:
  Value: -93149.000000
  Assigns: 24 51 24 37 31 53 51 51 37 24 90 51 20 79 79 20 20 31 19 12 37 31 19 30 27 31 79 24 90 12 90 27 27 31 27 62 90 30 81 53 12 19 53 12 27 12 27 90 12 19 37 19 31 20 24 19 30 27 20 62 79 12 31 62 90 27 53 12 53 19 62 12 12 30 27 31 24 90 31 12 90 19 27 27 20 19 30 27 90 27 90 53 37 24 12 27 19 19 30 62 
  Facilities: 14
 12 : 19 29 40 43 45 48 61 67 71 72 79 94
 19 : 18 22 41 49 51 55 69 81 85 96 97
 20 : 12 15 16 53 58 84
 24 : 0 2 9 27 54 76 93
 27 : 24 31 32 34 44 46 57 65 74 82 83 87 89 95
 30 : 23 37 56 73 86 98
 31 : 4 17 21 25 33 52 62 75 78
 37 : 3 8 20 50 92
 51 : 1 6 7 11
 53 : 5 39 42 66 68 91
 62 : 35 59 63 70 99
 79 : 13 14 26 60
 81 : 38
 90 : 10 28 30 36 47 64 77 80 88 90
SOLUTION:
  Value: -93156.000000
  Assigns: 37 90 47 37 47 29 27 59 37 47 47 37 31 37 29 0 76 31 0 12 37 31 0 90 27 31 31 10 88 12 90 27 59 59 27 27 90 15 90 37 12 27 15 10 27 12 27 90 76 10 37 10 31 37 0 10 10 27 47 76 47 12 47 76 90 27 15 12 15 10 88 12 47 90 15 59 37 88 59 12 90 0 27 27 29 0 0 15 90 27 90 31 37 27 12 27 47 29 27 76 
  Facilities: 13
 0 : 15 18 22 54 81 85 86
 10 : 27 43 49 51 55 56 69
 12 : 19 29 40 45 61 67 71 79 94
 15 : 37 42 66 68 74 87
 27 : 6 24 31 34 35 41 44 46 57 65 82 83 89 93 95 98
 29 : 5 14 84 97
 31 : 12 17 21 25 26 52 91
 37 : 0 3 8 11 13 20 39 50 53 76 92
 47 : 2 4 9 10 58 60 62 72 96
 59 : 7 32 33 75 78
 76 : 16 48 59 63 99
 88 : 28 70 77
 90 : 1 23 30 36 38 47 64 73 80 88 90
SOLUTION:
  Value: -93431.000000
  Assigns: 65 89 99 89 98 95 98 71 38 65 48 98 94 56 65 94 1 95 43 12 48 10 94 89 98 85 94 10 43 38 43 85 43 71 48 1 43 89 95 65 12 99 98 10 71 12 12 43 56 10 12 10 1 94 98 38 48 10 56 65 16 12 10 65 43 48 16 12 99 98 16 95 99 65 89 94 48 48 85 38 56 99 16 89 16 1 65 95 89 99 56 1 12 65 12 56 16 48 85 85 
  Facilities: 16
 1 : 16 35 52 85 91
 10 : 21 27 43 49 51 57 62
 12 : 19 40 45 46 50 61 67 92 94
 16 : 60 66 70 82 84 96
 38 : 8 29 55 79
 43 : 18 28 30 32 36 47 64
 48 : 10 20 34 56 65 76 77 97
 56 : 13 48 58 80 90 95
 65 : 0 9 14 39 59 63 73 86 93
 71 : 7 33 44
 85 : 25 31 78 98 99
 89 : 1 3 23 37 74 83 88
 94 : 12 15 22 26 53 75
 95 : 5 17 38 71 87
 98 : 4 6 11 24 42 54 69
 99 : 2 41 68 72 81 89
SOLUTION:
  Value: -93692.000000
  Assigns: 24 51 24 60 31 53 51 51 60 24 60 51 20 60 79 20 20 31 19 12 79 31 60 30 27 31 79 24 90 12 90 27 27 31 27 62 90 30 81 53 12 19 53 12 27 12 27 90 12 19 12 19 31 20 24 60 30 27 20 62 79 12 31 62 90 27 53 12 53 19 62 12 12 30 27 31 24 90 31 12 90 19 27 27 20 19 60 27 90 27 90 53 12 24 12 27 19 19 30 62 
  Facilities: 14
 12 : 19 29 40 43 45 48 50 61 67 71 72 79 92 94
 19 : 18 41 49 51 69 81 85 96 97
 20 : 12 15 16 53 58 84
 24 : 0 2 9 27 54 76 93
 27 : 24 31 32 34 44 46 57 65 74 82 83 87 89 95
 30 : 23 37 56 73 98
 31 : 4 17 21 25 33 52 62 75 78
 51 : 1 6 7 11
 53 : 5 39 42 66 68 91
 60 : 3 8 10 13 22 55 86
 62 : 35 59 63 70 99
 79 : 14 20 26 60
 81 : 38
 90 : 28 30 36 47 64 77 80 88 90
SOLUTION:
  Value: -93695.000000
  Assigns: 65 89 99 89 43 43 43 38 38 65 48 3 70 56 65 89 77 56 43 12 70 10 77 89 27 77 3 10 77 38 43 27 43 89 27 70 43 89 16 65 12 99 27 10 77 12 27 43 56 10 12 10 89 99 10 38 48 27 56 70 16 12 10 65 43 27 16 70 70 10 16 12 99 65 89 38 48 3 70 38 56 99 27 27 16 70 65 27 89 99 56 3 77 65 12 70 16 48 27 89 
  Facilities: 14
 3 : 11 26 77 91
 10 : 21 27 43 49 51 54 62 69
 12 : 19 40 45 50 61 71 94
 16 : 38 60 66 70 84 96
 27 : 24 31 34 42 46 57 65 82 83 87 98
 38 : 7 8 29 55 75 79
 43 : 4 5 6 18 30 32 36 47 64
 48 : 10 56 76 97
 56 : 13 17 48 58 80 90
 65 : 0 9 14 39 63 73 86 93
 70 : 12 20 35 59 67 68 78 85 95
 77 : 16 22 25 28 44 92
 89 : 1 3 15 23 33 37 52 74 88 99
 99 : 2 41 53 72 81 89
