# Time: 2.420000
# Elapsed: 0.720321
# Input_file: splp/Uniform/823UnifS.txt
# Pool_size: 200
# Iterations: 28
# Final_solutions: 5124
# Vision_range: 0
# Reduction_mode: REDUCTION_RANDOM
SOLUTION:
  Value: -85942.000000
  Assigns: 88 54 97 0 79 97 49 82 23 88 70 67 67 70 82 0 23 30 0 30 97 97 23 79 23 97 70 54 34 79 30 97 49 97 70 23 23 67 49 82 88 30 30 82 49 88 34 79 0 30 0 82 23 30 0 67 30 70 82 67 97 67 88 82 79 88 67 82 0 67 67 88 30 70 23 34 23 0 54 67 79 30 97 82 67 70 49 79 82 97 97 34 23 34 70 70 23 0 88 79 
  Facilities: 12
 0 : 3 15 18 48 50 54 68 77 97
 23 : 8 16 22 24 35 36 52 74 76 92 96
 30 : 17 19 30 41 42 49 53 56 72 81
 34 : 28 46 75 91 93
 49 : 6 32 38 44 86
 54 : 1 27 78
 67 : 11 12 37 55 59 61 66 69 70 79 84
 70 : 10 13 26 34 57 73 85 94 95
 79 : 4 23 29 47 64 80 87 99
 82 : 7 14 39 43 51 58 63 67 83 88
 88 : 0 9 40 45 62 65 71 98
 97 : 2 5 20 21 25 31 33 60 82 89 90
SOLUTION:
  Value: -88421.000000
  Assigns: 95 54 53 0 79 95 49 53 23 82 95 67 67 70 82 0 23 30 0 30 53 49 23 79 23 53 70 54 34 79 30 34 49 49 70 23 23 67 95 82 79 30 30 82 49 30 34 79 53 30 53 82 23 30 0 67 30 70 95 67 30 67 95 95 53 79 67 82 0 67 67 30 30 70 23 95 23 95 95 67 79 30 79 82 67 70 49 79 82 30 34 34 23 34 70 70 23 0 34 79 
  Facilities: 12
 0 : 3 15 18 54 68 97
 23 : 8 16 22 24 35 36 52 74 76 92 96
 30 : 17 19 30 41 42 45 49 53 56 60 71 72 81 89
 34 : 28 31 46 90 91 93 98
 49 : 6 21 32 33 44 86
 53 : 2 7 20 25 48 50 64
 54 : 1 27
 67 : 11 12 37 55 59 61 66 69 70 79 84
 70 : 13 26 34 57 73 85 94 95
 79 : 4 23 29 40 47 65 80 82 87 99
 82 : 9 14 39 43 51 67 83 88
 95 : 0 5 10 38 58 62 63 75 77 78
SOLUTION:
  Value: -89616.000000
  Assigns: 73 9 9 72 59 73 12 31 14 73 95 67 67 70 67 9 73 14 45 45 59 51 9 51 72 45 70 9 51 95 9 97 51 97 70 67 36 67 95 14 95 83 45 83 70 45 9 45 83 36 12 45 59 51 59 83 51 70 45 67 97 83 36 95 72 45 72 59 45 14 59 51 45 73 36 95 12 95 95 12 72 31 97 36 12 70 73 73 72 97 12 70 36 59 51 70 67 83 97 70 
  Facilities: 15
 9 : 1 2 15 22 27 30 46
 12 : 6 50 76 79 84 90
 14 : 8 17 39 69
 31 : 7 81
 36 : 36 49 62 74 83 92
 45 : 18 19 25 42 45 47 51 58 65 68 72
 51 : 21 23 28 32 53 56 71 94
 59 : 4 20 52 54 67 70 93
 67 : 11 12 14 35 37 59 96
 70 : 13 26 34 44 57 85 91 95 99
 72 : 3 24 64 66 80 88
 73 : 0 5 9 16 73 86 87
 83 : 41 43 48 55 61 97
 95 : 10 29 38 40 63 75 77 78
 97 : 31 33 60 82 89 98
SOLUTION:
  Value: -91298.000000
  Assigns: 77 94 67 0 21 44 46 41 23 94 44 67 67 6 82 0 23 30 0 46 46 51 23 41 23 46 99 21 51 94 30 51 51 4 6 77 23 67 99 82 4 30 44 21 21 88 4 21 4 30 46 46 23 30 0 67 30 94 44 44 30 99 88 46 44 94 67 82 41 67 21 51 30 23 99 21 44 21 6 67 94 30 6 99 41 44 99 56 82 21 46 77 23 94 21 23 23 0 6 46 
  Facilities: 17
 0 : 3 15 18 54 97
 4 : 33 40 46 48
 6 : 13 34 78 82 98
 21 : 4 27 43 44 47 70 75 77 89 94
 23 : 8 16 22 24 36 52 73 92 95 96
 30 : 17 30 41 49 53 56 60 72 81
 41 : 7 23 68 84
 44 : 5 10 42 58 59 64 76 85
 46 : 6 19 20 25 50 51 63 90 99
 51 : 21 28 31 32 71
 56 : 87
 67 : 2 11 12 37 55 66 69 79
 77 : 0 35 91
 82 : 14 39 67 88
 88 : 45 62
 94 : 1 9 29 57 65 80 93
 99 : 26 38 61 74 83 86
SOLUTION:
  Value: -91779.000000
  Assigns: 77 94 67 0 21 44 46 41 4 94 44 67 67 6 82 0 94 30 0 46 46 51 77 41 67 46 99 21 51 94 30 51 51 4 6 77 56 67 99 82 4 30 44 21 21 88 4 21 4 30 46 46 51 30 0 67 30 94 44 44 30 99 88 46 44 94 67 82 41 67 21 51 30 77 99 21 44 21 6 67 94 30 6 99 41 44 99 56 82 21 46 77 21 94 21 41 77 0 6 46 
  Facilities: 16
 0 : 3 15 18 54 97
 4 : 8 33 40 46 48
 6 : 13 34 78 82 98
 21 : 4 27 43 44 47 70 75 77 89 92 94
 30 : 17 30 41 49 53 56 60 72 81
 41 : 7 23 68 84 95
 44 : 5 10 42 58 59 64 76 85
 46 : 6 19 20 25 50 51 63 90 99
 51 : 21 28 31 32 52 71
 56 : 36 87
 67 : 2 11 12 24 37 55 66 69 79
 77 : 0 22 35 73 91 96
 82 : 14 39 67 88
 88 : 45 62
 94 : 1 9 16 29 57 65 80 93
 99 : 26 38 61 74 83 86
SOLUTION:
  Value: -92161.000000
  Assigns: 86 9 9 0 29 29 15 9 23 97 95 39 23 29 37 9 23 30 0 30 86 97 9 79 50 39 50 79 37 79 30 97 97 97 15 23 23 29 95 50 79 30 30 86 97 15 29 37 86 30 86 81 23 30 86 29 30 23 15 30 97 79 95 95 79 79 65 86 0 97 15 30 30 81 23 95 81 95 95 81 79 30 97 29 86 37 86 79 15 18 9 29 23 39 50 23 23 0 86 79 
  Facilities: 16
 0 : 3 18 68 97
 9 : 1 2 7 15 22 90
 15 : 6 34 45 58 70 88
 18 : 89
 23 : 8 12 16 35 36 52 57 74 92 95 96
 29 : 4 5 13 37 46 55 83 91
 30 : 17 19 30 41 42 49 53 56 59 71 72 81
 37 : 14 28 47 85
 39 : 11 25 93
 50 : 24 26 39 94
 65 : 66
 79 : 23 27 29 40 61 64 65 80 87 99
 81 : 51 73 76 79
 86 : 0 20 43 48 50 54 67 84 86 98
 95 : 10 38 62 63 75 77 78
 97 : 9 21 31 32 33 44 60 69 82
SOLUTION:
  Value: -92182.000000
  Assigns: 26 62 53 0 91 39 49 53 23 82 70 67 67 70 82 0 23 54 0 39 91 71 23 79 71 39 71 54 34 79 26 34 49 49 70 23 23 67 49 82 79 39 67 20 49 23 34 79 53 71 62 91 23 62 0 67 26 70 71 26 49 67 62 62 20 20 67 82 0 67 62 20 71 70 91 91 23 0 71 71 79 49 62 82 62 62 49 79 82 26 20 34 23 39 70 70 23 0 34 79 
  Facilities: 16
 0 : 3 15 18 54 68 77 97
 20 : 43 64 65 71 90
 23 : 8 16 22 35 36 45 52 76 92 96
 26 : 0 30 56 59 89
 34 : 28 31 46 91 98
 39 : 5 19 25 41 93
 49 : 6 32 33 38 44 60 81 86
 53 : 2 7 48
 54 : 17 27
 62 : 1 50 53 62 63 70 82 84 85
 67 : 11 12 37 42 55 61 66 69
 70 : 10 13 34 57 73 94 95
 71 : 21 24 26 49 58 72 78 79
 79 : 23 29 40 47 80 87 99
 82 : 9 14 39 67 83 88
 91 : 4 20 51 74 75
SOLUTION:
  Value: -92185.000000
  Assigns: 77 94 67 0 21 21 46 41 4 94 37 67 67 6 82 0 94 30 0 46 46 37 77 41 67 46 99 21 37 94 30 6 67 4 6 77 56 67 99 82 4 30 30 21 21 88 4 37 4 30 46 46 82 30 0 67 30 94 41 67 30 99 88 46 4 94 67 82 41 67 21 88 30 77 99 21 99 21 6 67 94 30 6 99 41 37 99 56 82 21 46 77 21 94 21 41 77 0 6 46 
  Facilities: 15
 0 : 3 15 18 54 97
 4 : 8 33 40 46 48 64
 6 : 13 31 34 78 82 98
 21 : 4 5 27 43 44 70 75 77 89 92 94
 30 : 17 30 41 42 49 53 56 60 72 81
 37 : 10 21 28 47 85
 41 : 7 23 58 68 84 95
 46 : 6 19 20 25 50 51 63 90 99
 56 : 36 87
 67 : 2 11 12 24 32 37 55 59 66 69 79
 77 : 0 22 35 73 91 96
 82 : 14 39 52 67 88
 88 : 45 62 71
 94 : 1 9 16 29 57 65 80 93
 99 : 26 38 61 74 76 83 86
SOLUTION:
  Value: -92459.000000
  Assigns: 26 26 53 0 91 23 49 53 23 7 70 7 67 7 82 0 23 54 0 90 91 71 23 79 71 71 71 54 34 79 26 34 49 49 70 23 23 67 49 82 90 7 67 20 49 90 34 79 53 71 53 91 23 70 0 67 26 70 71 26 49 67 7 82 20 20 67 82 0 67 67 20 71 70 90 91 23 0 71 71 79 49 79 82 67 70 49 79 82 26 20 34 90 91 70 7 90 0 34 79 
  Facilities: 16
 0 : 3 15 18 54 68 77 97
 7 : 9 11 13 41 62 95
 20 : 43 64 65 71 90
 23 : 5 8 16 22 35 36 52 76
 26 : 0 1 30 56 59 89
 34 : 28 31 46 91 98
 49 : 6 32 33 38 44 60 81 86
 53 : 2 7 48 50
 54 : 17 27
 67 : 12 37 42 55 61 66 69 70 84
 70 : 10 34 53 57 73 85 94
 71 : 21 24 25 26 49 58 72 78 79
 79 : 23 29 47 80 82 87 99
 82 : 14 39 63 67 83 88
 90 : 19 40 45 74 92 96
 91 : 4 20 51 75 93
SOLUTION:
  Value: -92626.000000
  Assigns: 26 62 53 0 91 23 49 53 23 82 70 67 67 70 82 0 23 54 0 26 91 71 23 79 71 71 71 54 34 79 26 34 49 49 70 23 23 67 49 82 79 71 67 20 49 23 34 79 53 71 62 91 23 62 0 67 26 70 71 26 49 67 62 62 20 20 67 82 0 67 62 20 71 70 91 91 23 0 71 71 79 49 62 82 62 62 49 79 82 26 20 34 23 91 70 70 23 0 34 79 
  Facilities: 15
 0 : 3 15 18 54 68 77 97
 20 : 43 64 65 71 90
 23 : 5 8 16 22 35 36 45 52 76 92 96
 26 : 0 19 30 56 59 89
 34 : 28 31 46 91 98
 49 : 6 32 33 38 44 60 81 86
 53 : 2 7 48
 54 : 17 27
 62 : 1 50 53 62 63 70 82 84 85
 67 : 11 12 37 42 55 61 66 69
 70 : 10 13 34 57 73 94 95
 71 : 21 24 25 26 41 49 58 72 78 79
 79 : 23 29 40 47 80 87 99
 82 : 9 14 39 67 83 88
 91 : 4 20 51 74 75 93
