# Time: 4.020000
# Elapsed: 2.568399
# Input_file: splp/Fpp11/19FPP_11S.txt
# Pool_size: 200
# Iterations: 41
# Final_solutions: 7933
# Vision_range: 0
# Reduction_mode: REDUCTION_RANDOM
SOLUTION:
  Value: -96135.000000
  Assigns: 12 98 3 130 49 31 0 11 53 108 4 15 12 112 15 83 115 11 117 103 117 66 43 49 50 29 125 31 125 29 31 31 53 117 0 103 120 31 50 39 4 62 43 111 112 49 12 115 12 49 62 15 53 53 75 49 50 69 62 53 11 12 62 75 15 66 66 112 3 4 115 92 66 39 75 39 40 103 29 83 92 75 83 83 50 130 112 108 92 40 111 112 92 57 115 95 31 98 62 103 12 95 53 69 39 40 57 0 120 103 111 115 112 117 49 66 120 111 53 83 120 0 57 11 3 125 92 39 92 95 130 66 0 
  Facilities: 32
 0 : 6 34 107 121 132
 3 : 2 68 124
 4 : 10 40 69
 11 : 7 17 60 123
 12 : 0 12 46 48 61 100
 15 : 11 14 51 64
 29 : 25 29 78
 31 : 5 27 30 31 37 96
 39 : 39 73 75 104 127
 40 : 76 89 105
 43 : 22 42
 49 : 4 23 45 49 55 114
 50 : 24 38 56 84
 53 : 8 32 52 53 59 102 118
 57 : 93 106 122
 62 : 41 50 58 62 98
 66 : 21 65 66 72 115 131
 69 : 57 103
 75 : 54 63 74 81
 83 : 15 79 82 83 119
 92 : 71 80 88 92 126 128
 95 : 95 101 129
 98 : 1 97
 103 : 19 35 77 99 109
 108 : 9 87
 111 : 43 90 110 117
 112 : 13 44 67 86 91 112
 115 : 16 47 70 94 111
 117 : 18 20 33 113
 120 : 36 108 116 120
 125 : 26 28 125
 130 : 3 85 130
SOLUTION:
  Value: -96143.000000
  Assigns: 68 2 28 130 49 132 27 104 2 9 55 32 57 34 113 27 17 17 19 20 88 89 34 68 50 19 20 28 32 97 75 115 32 27 34 132 81 82 50 51 34 62 68 55 44 49 50 115 69 49 44 51 73 19 75 81 50 57 9 104 81 82 62 75 28 69 32 68 113 20 115 75 84 73 75 75 27 28 44 73 81 82 82 104 88 130 50 51 89 55 2 55 104 28 88 89 97 97 62 34 51 52 68 69 55 17 132 19 20 2 104 115 113 113 49 81 9 52 130 113 84 9 57 89 88 89 130 20 132 17 81 19 44 
  Facilities: 32
 2 : 1 8 90 109
 9 : 9 58 116 121
 17 : 16 17 105 129
 19 : 18 25 53 107 131
 20 : 19 26 69 108 127
 27 : 6 15 33 76
 28 : 2 27 64 77 93
 32 : 11 28 32 66
 34 : 13 22 34 40 99
 44 : 44 50 78 132
 49 : 4 45 49 114
 50 : 24 38 46 56 86
 51 : 39 51 87 100
 52 : 101 117
 55 : 10 43 89 91 104
 57 : 12 57 122
 62 : 41 62 98
 68 : 0 23 42 67 102
 69 : 48 65 103
 73 : 52 73 79
 75 : 30 54 63 71 74 75
 81 : 36 55 60 80 115 130
 82 : 37 61 81 82
 84 : 72 120
 88 : 20 84 94 124
 89 : 21 88 95 123 125
 97 : 29 96 97
 104 : 7 59 83 92 110
 113 : 14 68 112 113 119
 115 : 31 47 70 111
 130 : 3 85 118 126
 132 : 5 35 106 128
SOLUTION:
  Value: -96143.000000
  Assigns: 68 2 28 130 49 132 27 104 2 9 109 32 109 34 113 27 17 17 19 20 88 89 34 68 50 19 20 28 32 97 75 115 32 27 34 132 81 82 50 51 34 109 68 55 44 49 50 115 69 49 44 51 73 19 75 81 50 57 9 104 81 82 130 75 28 69 32 68 113 20 115 75 84 73 75 75 27 28 44 73 81 82 82 104 88 130 50 51 89 55 2 55 104 28 88 89 97 97 49 34 51 52 68 69 55 17 132 19 109 2 104 115 113 113 49 81 9 52 130 113 84 9 57 89 88 89 130 20 132 17 81 19 44 
  Facilities: 32
 2 : 1 8 90 109
 9 : 9 58 116 121
 17 : 16 17 105 129
 19 : 18 25 53 107 131
 20 : 19 26 69 127
 27 : 6 15 33 76
 28 : 2 27 64 77 93
 32 : 11 28 32 66
 34 : 13 22 34 40 99
 44 : 44 50 78 132
 49 : 4 45 49 98 114
 50 : 24 38 46 56 86
 51 : 39 51 87 100
 52 : 101 117
 55 : 43 89 91 104
 57 : 57 122
 68 : 0 23 42 67 102
 69 : 48 65 103
 73 : 52 73 79
 75 : 30 54 63 71 74 75
 81 : 36 55 60 80 115 130
 82 : 37 61 81 82
 84 : 72 120
 88 : 20 84 94 124
 89 : 21 88 95 123 125
 97 : 29 96 97
 104 : 7 59 83 92 110
 109 : 10 12 41 108
 113 : 14 68 112 113 119
 115 : 31 47 70 111
 130 : 3 62 85 118 126
 132 : 5 35 106 128
SOLUTION:
  Value: -99125.000000
  Assigns: 0 2 2 24 49 9 10 33 2 10 10 37 13 7 98 114 61 114 117 118 41 66 121 49 92 124 125 72 125 41 42 130 33 117 118 61 2 37 42 51 34 125 42 64 10 49 10 13 42 49 118 63 64 121 66 49 7 125 9 10 64 25 130 63 64 66 66 61 72 4 64 37 66 37 25 41 42 98 13 124 92 102 33 34 84 130 98 51 92 24 102 42 92 114 98 61 117 63 64 34 64 122 37 124 125 117 72 0 72 2 114 4 24 25 118 66 9 118 118 7 121 9 10 117 125 125 92 121 122 41 42 24 0 
  Facilities: 33
 0 : 0 107 132
 2 : 1 2 8 36 109
 4 : 69 111
 7 : 13 56 119
 9 : 5 58 116 121
 10 : 6 9 10 44 46 59 122
 13 : 12 47 78
 24 : 3 89 112 131
 25 : 61 74 113
 33 : 7 32 82
 34 : 40 83 99
 37 : 11 37 71 73 102
 41 : 20 29 75 129
 42 : 30 38 42 48 76 91 130
 49 : 4 23 45 49 55
 51 : 39 87
 61 : 16 35 67 95
 63 : 51 63 97
 64 : 43 52 60 64 70 98 100
 66 : 21 54 65 66 72 115
 72 : 27 68 106 108
 84 : 84
 92 : 24 80 88 92 126
 98 : 14 77 86 94
 102 : 81 90
 114 : 15 17 93 110
 117 : 18 33 96 105 123
 118 : 19 34 50 114 117 118
 121 : 22 53 120 127
 122 : 101 128
 124 : 25 79 103
 125 : 26 28 41 57 104 124 125
 130 : 31 62 85
SOLUTION:
  Value: -99134.000000
  Assigns: 12 98 101 130 49 31 103 104 53 108 4 15 12 112 15 83 115 11 39 103 104 66 48 49 50 29 52 31 40 55 31 31 53 101 55 103 120 31 50 39 4 62 43 55 112 49 12 115 12 49 62 52 53 53 75 55 50 69 62 53 11 12 62 75 15 66 66 112 3 4 115 92 66 39 75 39 40 103 29 83 92 75 83 83 50 130 112 108 52 40 116 55 92 57 115 116 31 98 62 103 12 52 53 69 39 40 57 108 120 103 3 115 112 48 49 66 120 52 53 83 120 115 57 11 3 4 92 39 92 130 130 66 3 
  Facilities: 33
 3 : 68 110 124 132
 4 : 10 40 69 125
 11 : 17 60 123
 12 : 0 12 46 48 61 100
 15 : 11 14 64
 29 : 25 78
 31 : 5 27 30 31 37 96
 39 : 18 39 73 75 104 127
 40 : 28 76 89 105
 43 : 42
 48 : 22 113
 49 : 4 23 45 49 114
 50 : 24 38 56 84
 52 : 26 51 88 101 117
 53 : 8 32 52 53 59 102 118
 55 : 29 34 43 55 91
 57 : 93 106 122
 62 : 41 50 58 62 98
 66 : 21 65 66 72 115 131
 69 : 57 103
 75 : 54 63 74 81
 83 : 15 79 82 83 119
 92 : 71 80 92 126 128
 98 : 1 97
 101 : 2 33
 103 : 6 19 35 77 99 109
 104 : 7 20
 108 : 9 87 107
 112 : 13 44 67 86 112
 115 : 16 47 70 94 111 121
 116 : 90 95
 120 : 36 108 116 120
 130 : 3 85 129 130
SOLUTION:
  Value: -99138.000000
  Assigns: 1 85 101 71 25 17 10 91 107 10 10 56 57 81 59 60 17 85 63 64 65 89 16 44 92 93 123 28 96 55 56 25 77 59 28 1 81 1 59 107 124 62 63 64 70 57 10 59 60 70 16 63 64 74 55 81 77 57 70 63 60 25 107 89 28 16 60 71 113 69 64 65 93 85 25 96 77 28 44 124 92 107 17 77 96 89 107 91 89 55 56 85 93 93 60 96 96 63 64 93 64 65 96 107 55 17 57 107 59 113 74 123 63 77 65 81 28 81 69 85 124 56 123 16 17 60 92 91 63 17 65 10 25 
  Facilities: 33
 1 : 0 35 37
 10 : 6 9 10 46 131
 16 : 22 50 65 123
 17 : 5 16 82 105 124 129
 25 : 4 31 61 74 132
 28 : 27 34 64 77 116
 44 : 23 78
 55 : 29 54 89 104
 56 : 11 30 90 121
 57 : 12 45 57 106
 59 : 14 33 38 47 108
 60 : 15 48 60 66 94 125
 62 : 41
 63 : 18 42 51 59 97 112 128
 64 : 19 43 52 70 98 100
 65 : 20 71 101 114 130
 69 : 69 118
 70 : 44 49 58
 71 : 3 67
 74 : 53 110
 77 : 32 56 76 83 113
 81 : 13 36 55 115 117
 85 : 1 17 73 91 119
 89 : 21 63 85 88
 91 : 7 87 127
 92 : 24 80 126
 93 : 25 72 92 93 99
 96 : 28 75 84 95 96 102
 101 : 2
 107 : 8 39 62 81 86 103 107
 113 : 68 109
 123 : 26 111 122
 124 : 40 79 120
SOLUTION:
  Value: -102119.000000
  Assigns: 127 128 70 87 30 89 18 11 92 77 94 110 109 34 35 36 61 11 30 87 88 22 16 35 92 124 20 39 125 30 30 128 131 34 118 36 30 37 42 39 124 125 42 127 70 11 114 131 69 70 16 96 16 121 75 123 20 69 70 127 128 61 88 89 109 16 87 61 34 20 70 37 36 39 75 39 42 89 42 30 92 16 127 128 96 36 87 22 89 110 94 42 92 114 88 61 96 123 110 34 35 36 37 124 39 131 127 128 109 121 131 77 124 77 118 109 110 118 118 131 121 121 123 16 88 125 92 20 128 123 42 131 96 
  Facilities: 34
 11 : 7 17 45
 16 : 22 50 52 65 81 123
 18 : 6
 20 : 26 56 69 127
 22 : 21 87
 30 : 4 18 29 30 36 79
 34 : 13 33 68 99
 35 : 14 23 100
 36 : 15 35 72 85 101
 37 : 37 71 102
 39 : 27 39 73 75 104
 42 : 38 42 76 78 91 130
 61 : 16 61 67 95
 69 : 48 57
 70 : 2 44 49 58 70
 75 : 54 74
 77 : 9 111 113
 87 : 3 19 66 86
 88 : 20 62 94 124
 89 : 5 63 77 88
 92 : 8 24 80 92 126
 94 : 10 90
 96 : 51 84 96 132
 109 : 12 64 108 115
 110 : 11 89 98 116
 114 : 46 93
 118 : 34 114 117 118
 121 : 53 109 120 121
 123 : 55 97 122 129
 124 : 25 40 103 112
 125 : 28 41 125
 127 : 0 43 59 82 106
 128 : 1 31 60 83 107 128
 131 : 32 47 105 110 119 131
SOLUTION:
  Value: -102119.000000
  Assigns: 127 128 70 87 30 89 32 11 92 77 94 110 109 34 35 36 61 11 30 87 20 22 16 35 92 124 20 39 125 30 30 128 131 34 118 36 30 37 42 39 124 125 42 127 70 11 114 131 69 70 16 96 16 121 75 123 20 69 70 127 128 61 56 89 109 16 87 61 34 20 70 37 36 39 75 39 42 89 42 30 92 16 127 128 96 36 87 22 89 110 56 42 92 114 94 61 96 123 110 34 35 36 37 124 39 131 127 128 109 121 131 77 124 77 118 109 110 118 118 131 121 56 123 16 125 125 92 20 128 123 42 131 96 
  Facilities: 34
 11 : 7 17 45
 16 : 22 50 52 65 81 123
 20 : 20 26 56 69 127
 22 : 21 87
 30 : 4 18 29 30 36 79
 32 : 6
 34 : 13 33 68 99
 35 : 14 23 100
 36 : 15 35 72 85 101
 37 : 37 71 102
 39 : 27 39 73 75 104
 42 : 38 42 76 78 91 130
 56 : 62 90 121
 61 : 16 61 67 95
 69 : 48 57
 70 : 2 44 49 58 70
 75 : 54 74
 77 : 9 111 113
 87 : 3 19 66 86
 89 : 5 63 77 88
 92 : 8 24 80 92 126
 94 : 10 94
 96 : 51 84 96 132
 109 : 12 64 108 115
 110 : 11 89 98 116
 114 : 46 93
 118 : 34 114 117 118
 121 : 53 109 120
 123 : 55 97 122 129
 124 : 25 40 103 112
 125 : 28 41 124 125
 127 : 0 43 59 82 106
 128 : 1 31 60 83 107 128
 131 : 32 47 105 110 119 131
SOLUTION:
  Value: -102119.000000
  Assigns: 0 98 14 24 49 9 10 33 92 10 10 37 13 7 14 114 61 114 117 118 41 66 16 49 92 37 125 72 125 41 42 115 33 117 118 61 37 37 42 107 66 125 42 64 10 49 10 13 14 49 16 63 64 98 66 76 7 125 9 10 64 25 107 63 64 66 66 61 72 114 64 37 66 37 25 41 42 98 13 14 92 102 33 49 84 130 98 51 92 115 102 42 92 114 115 61 117 63 64 63 64 122 37 107 125 131 72 0 72 130 76 115 24 25 118 66 9 118 118 7 84 9 10 16 125 125 92 131 122 41 42 24 0 
  Facilities: 34
 0 : 0 107 132
 7 : 13 56 119
 9 : 5 58 116 121
 10 : 6 9 10 44 46 59 122
 13 : 12 47 78
 14 : 2 14 48 79
 16 : 22 50 123
 24 : 3 112 131
 25 : 61 74 113
 33 : 7 32 82
 37 : 11 25 36 37 71 73 102
 41 : 20 29 75 129
 42 : 30 38 42 76 91 130
 49 : 4 23 45 49 83
 51 : 87
 61 : 16 35 67 95
 63 : 51 63 97 99
 64 : 43 52 60 64 70 98 100
 66 : 21 40 54 65 66 72 115
 72 : 27 68 106 108
 76 : 55 110
 84 : 84 120
 92 : 8 24 80 88 92 126
 98 : 1 53 77 86
 102 : 81 90
 107 : 39 62 103
 114 : 15 17 69 93
 115 : 31 89 94 111
 117 : 18 33 96
 118 : 19 34 114 117 118
 122 : 101 128
 125 : 26 28 41 57 104 124 125
 130 : 85 109
 131 : 105 127
SOLUTION:
  Value: -102121.000000
  Assigns: 0 2 2 24 49 132 10 33 2 10 10 37 13 7 98 114 61 114 117 118 41 66 34 49 92 124 125 72 125 41 42 130 33 132 118 132 2 37 42 51 34 125 42 64 10 49 10 13 132 49 118 63 64 98 66 49 7 125 9 10 64 25 130 63 64 66 66 61 72 73 64 37 66 37 25 41 42 98 13 124 92 102 127 34 84 130 98 51 92 24 102 42 92 114 98 61 117 63 64 34 64 122 37 124 125 117 127 0 72 2 114 132 24 25 118 66 9 118 118 7 84 9 73 117 125 125 92 127 122 41 42 24 0 
  Facilities: 34
 0 : 0 107 132
 2 : 1 2 8 36 109
 7 : 13 56 119
 9 : 58 116 121
 10 : 6 9 10 44 46 59
 13 : 12 47 78
 24 : 3 89 112 131
 25 : 61 74 113
 33 : 7 32
 34 : 22 40 83 99
 37 : 11 37 71 73 102
 41 : 20 29 75 129
 42 : 30 38 42 76 91 130
 49 : 4 23 45 49 55
 51 : 39 87
 61 : 16 67 95
 63 : 51 63 97
 64 : 43 52 60 64 70 98 100
 66 : 21 54 65 66 72 115
 72 : 27 68 108
 73 : 69 122
 84 : 84 120
 92 : 24 80 88 92 126
 98 : 14 53 77 86 94
 102 : 81 90
 114 : 15 17 93 110
 117 : 18 96 105 123
 118 : 19 34 50 114 117 118
 122 : 101 128
 124 : 25 79 103
 125 : 26 28 41 57 104 124 125
 127 : 82 106 127
 130 : 31 62 85
 132 : 5 33 35 48 111
