# Time: 4.280000
# Elapsed: 3.133027
# Input_file: splp/Fpp11/8FPP_11S.txt
# Pool_size: 200
# Iterations: 41
# Final_solutions: 7933
# Vision_range: 0
# Reduction_mode: REDUCTION_RANDOM
SOLUTION:
  Value: -96128.000000
  Assigns: 0 98 3 15 4 31 103 11 53 108 4 108 111 112 111 15 115 62 12 103 117 15 43 120 108 29 125 39 49 50 98 31 53 130 0 39 40 49 4 3 66 53 43 111 112 39 130 115 69 43 95 15 3 4 66 49 57 83 62 53 11 62 62 108 15 66 66 112 69 4 115 92 98 39 75 39 11 12 29 83 92 75 108 83 50 111 50 53 92 83 111 92 92 57 95 95 62 98 98 11 112 95 53 115 39 69 57 111 43 130 111 62 0 117 108 66 4 111 69 83 120 0 57 11 3 125 130 39 92 130 130 66 83 
  Facilities: 32
 0 : 0 34 112 121
 3 : 2 39 52 124
 4 : 4 10 38 53 69 116
 11 : 7 60 76 99 123
 12 : 18 77
 15 : 3 15 21 51 64
 29 : 25 78
 31 : 5 31
 39 : 27 35 45 73 75 104 127
 40 : 36
 43 : 22 42 49 108
 49 : 28 37 55
 50 : 29 84 86
 53 : 8 32 41 59 87 102
 57 : 56 93 106 122
 62 : 17 58 61 62 96 111
 66 : 40 54 65 66 115 131
 69 : 48 68 105 118
 75 : 74 81
 83 : 57 79 83 89 119 132
 92 : 71 80 88 91 92 128
 95 : 50 94 95 101
 98 : 1 30 72 97 98
 103 : 6 19
 108 : 9 11 24 63 82 114
 111 : 12 14 43 85 90 107 110 117
 112 : 13 44 67 100
 115 : 16 47 70 103
 117 : 20 113
 120 : 23 120
 125 : 26 125
 130 : 33 46 109 126 129 130
SOLUTION:
  Value: -96139.000000
  Assigns: 97 27 28 130 88 132 51 28 2 9 55 32 57 17 82 19 115 62 44 20 104 89 34 49 28 19 27 28 49 113 51 52 44 130 55 132 104 49 50 51 44 62 68 9 44 113 50 51 52 50 50 51 73 19 75 81 57 57 9 104 81 82 62 84 68 69 32 88 34 20 115 75 84 73 68 75 88 89 82 73 44 81 17 34 19 20 50 132 82 55 2 55 27 44 88 89 62 9 62 50 51 113 68 104 104 17 132 19 20 130 104 62 113 113 2 50 28 52 69 113 55 9 34 2 75 89 130 62 132 130 130 97 20 
  Facilities: 32
 2 : 8 90 114 123
 9 : 9 43 58 97 121
 17 : 13 82 105
 19 : 15 25 53 84 107
 20 : 19 69 85 108 132
 27 : 1 26 92
 28 : 2 7 24 27 116
 32 : 11 66
 34 : 22 68 83 122
 44 : 18 32 40 44 80 93
 49 : 23 28 37
 50 : 38 46 49 50 86 99 115
 51 : 6 30 39 47 51 100
 52 : 31 48 117
 55 : 10 34 89 91 120
 57 : 12 56 57
 62 : 17 41 62 96 98 111 127
 68 : 42 64 74 102
 69 : 65 118
 73 : 52 73 79
 75 : 54 71 75 124
 81 : 55 60 81
 82 : 14 61 78 88
 84 : 63 72
 88 : 4 67 76 94
 89 : 21 77 95 125
 97 : 0 131
 104 : 20 36 59 103 104 110
 113 : 29 45 101 112 113 119
 115 : 16 70
 130 : 3 33 109 126 129 130
 132 : 5 35 87 106 128
SOLUTION:
  Value: -96152.000000
  Assigns: 97 27 28 130 88 132 51 28 2 9 55 32 109 17 82 19 115 17 44 20 104 89 34 49 28 19 27 28 49 113 51 52 44 130 55 132 104 49 50 51 44 109 68 9 44 113 50 51 52 50 50 51 73 19 75 81 57 57 9 104 81 82 130 84 68 69 32 88 34 20 115 75 84 73 68 75 88 89 82 73 44 81 17 34 19 20 50 132 82 55 2 55 27 44 88 89 97 9 49 50 51 113 68 104 104 109 132 19 20 130 104 132 113 113 2 50 28 52 69 113 55 9 34 2 75 89 130 20 132 130 130 97 20 
  Facilities: 32
 2 : 8 90 114 123
 9 : 9 43 58 97 121
 17 : 13 17 82
 19 : 15 25 53 84 107
 20 : 19 69 85 108 127 132
 27 : 1 26 92
 28 : 2 7 24 27 116
 32 : 11 66
 34 : 22 68 83 122
 44 : 18 32 40 44 80 93
 49 : 23 28 37 98
 50 : 38 46 49 50 86 99 115
 51 : 6 30 39 47 51 100
 52 : 31 48 117
 55 : 10 34 89 91 120
 57 : 56 57
 68 : 42 64 74 102
 69 : 65 118
 73 : 52 73 79
 75 : 54 71 75 124
 81 : 55 60 81
 82 : 14 61 78 88
 84 : 63 72
 88 : 4 67 76 94
 89 : 21 77 95 125
 97 : 0 96 131
 104 : 20 36 59 103 104 110
 109 : 12 41 105
 113 : 29 45 101 112 113 119
 115 : 16 70
 130 : 3 33 62 109 126 129 130
 132 : 5 35 87 106 111 128
SOLUTION:
  Value: -99116.000000
  Assigns: 0 98 2 24 25 9 7 33 92 9 4 37 24 34 98 41 61 114 102 13 24 25 34 49 24 25 125 72 49 41 98 130 33 130 118 61 37 49 122 51 61 42 42 9 10 66 130 13 49 61 118 51 64 4 66 49 7 61 9 63 61 25 66 84 64 66 66 61 34 4 64 92 98 24 25 10 102 122 13 124 92 102 33 49 84 51 37 51 92 24 2 92 118 114 98 61 122 9 98 63 121 13 66 124 98 117 41 42 72 130 114 4 0 117 118 66 51 10 118 7 121 0 10 124 118 37 130 121 122 130 42 66 98 
  Facilities: 33
 0 : 0 112 121
 2 : 2 90
 4 : 10 53 69 111
 7 : 6 56 119
 9 : 5 9 43 58 97
 10 : 44 75 117 122
 13 : 19 47 78 101
 24 : 3 12 20 24 73 89
 25 : 4 21 25 61 74
 33 : 7 32 82
 34 : 13 22 68
 37 : 11 36 86 125
 41 : 15 29 106
 42 : 41 42 107 130
 49 : 23 28 37 48 55 83
 51 : 39 51 85 87 116
 61 : 16 35 40 49 57 60 67 95
 63 : 59 99
 64 : 52 64 70
 66 : 45 54 62 65 66 102 115 131
 72 : 27 108
 84 : 63 84
 92 : 8 71 80 88 91
 98 : 1 14 30 72 94 98 104 132
 102 : 18 76 81
 114 : 17 93 110
 117 : 105 113
 118 : 34 50 92 114 118 124
 121 : 100 120 127
 122 : 38 77 96 128
 124 : 79 103 123
 125 : 26
 130 : 31 33 46 109 126 129
SOLUTION:
  Value: -99120.000000
  Assigns: 1 1 101 71 25 89 74 28 107 77 107 56 96 17 59 16 16 62 63 64 65 25 16 91 25 93 123 28 96 113 56 57 44 101 60 1 62 1 64 107 124 62 63 44 89 113 91 59 93 70 16 17 64 74 55 81 56 57 59 85 60 62 62 57 65 69 60 93 69 69 64 92 93 74 25 101 70 89 123 91 74 107 17 77 85 85 107 113 92 89 56 92 96 93 60 59 96 91 92 63 101 101 96 124 70 71 107 101 1 113 74 62 63 107 65 81 28 10 69 123 55 85 10 124 59 91 77 93 63 123 65 10 44 
  Facilities: 33
 1 : 0 1 35 37 108
 10 : 117 122 131
 16 : 15 16 22 50
 17 : 13 51 82
 25 : 4 21 24 74
 28 : 7 27 116
 44 : 32 43 132
 55 : 54 120
 56 : 11 30 56 90
 57 : 31 57 63
 59 : 14 47 58 95 124
 60 : 34 60 66 94
 62 : 17 36 41 61 62 111
 63 : 18 42 99 112 128
 64 : 19 38 52 70
 65 : 20 64 114 130
 69 : 65 68 69 118
 70 : 49 76 104
 71 : 3 105
 74 : 6 53 73 80 110
 77 : 9 83 126
 81 : 55 115
 85 : 59 84 85 121
 89 : 5 44 77 89
 91 : 23 46 79 97 125
 92 : 71 88 91 98
 93 : 25 48 67 72 93 127
 96 : 12 28 92 96 102
 101 : 2 33 75 100 101 107
 107 : 8 10 39 81 86 106 113
 113 : 29 45 87 109
 123 : 26 78 119 129
 124 : 40 103 123
SOLUTION:
  Value: -99128.000000
  Assigns: 4 98 101 48 4 31 103 11 53 108 4 108 12 112 40 15 115 62 12 103 104 15 43 120 108 29 52 39 49 55 98 31 53 130 55 39 40 49 4 3 66 53 43 43 48 39 130 48 69 43 50 15 3 4 66 55 57 83 62 53 11 62 62 108 15 66 66 112 69 4 115 92 98 39 75 39 11 12 29 83 92 75 108 83 48 49 50 53 92 83 116 92 92 57 98 116 62 98 98 11 112 101 53 104 104 69 57 101 43 130 104 62 112 48 108 66 4 83 69 83 55 115 116 11 3 4 130 39 92 130 130 66 83 
  Facilities: 33
 3 : 39 52 124
 4 : 0 4 10 38 53 69 116 125
 11 : 7 60 76 99 123
 12 : 12 18 77
 15 : 15 21 51 64
 29 : 25 78
 31 : 5 31
 39 : 27 35 45 73 75 127
 40 : 14 36
 43 : 22 42 43 49 108
 48 : 3 44 47 84 113
 49 : 28 37 85
 50 : 50 86
 52 : 26
 53 : 8 32 41 59 87 102
 55 : 29 34 55 120
 57 : 56 93 106
 62 : 17 58 61 62 96 111
 66 : 40 54 65 66 115 131
 69 : 48 68 105 118
 75 : 74 81
 83 : 57 79 83 89 117 119 132
 92 : 71 80 88 91 92 128
 98 : 1 30 72 94 97 98
 101 : 2 101 107
 103 : 6 19
 104 : 20 103 104 110
 108 : 9 11 24 63 82 114
 112 : 13 67 100 112
 115 : 16 70 121
 116 : 90 95 122
 120 : 23
 130 : 33 46 109 126 129 130
SOLUTION:
  Value: -102109.000000
  Assigns: 0 98 14 24 25 9 7 33 76 9 107 37 24 14 14 41 115 114 102 13 24 25 16 49 24 25 125 72 49 41 98 76 33 130 118 61 37 49 122 107 61 42 42 9 10 66 130 13 14 61 76 51 64 98 66 76 7 61 9 63 61 25 66 84 64 66 66 61 72 114 64 92 98 24 25 10 102 122 13 14 92 107 33 49 84 51 37 51 92 115 84 92 118 114 98 61 122 9 98 63 51 13 66 107 16 117 107 107 72 130 76 115 0 117 118 66 51 10 118 7 13 0 10 16 118 37 130 131 122 130 42 66 98 
  Facilities: 34
 0 : 0 112 121
 7 : 6 56 119
 9 : 5 9 43 58 97
 10 : 44 75 117 122
 13 : 19 47 78 101 120
 14 : 2 13 14 48 79
 16 : 22 104 123
 24 : 3 12 20 24 73
 25 : 4 21 25 61 74
 33 : 7 32 82
 37 : 11 36 86 125
 41 : 15 29
 42 : 41 42 130
 49 : 23 28 37 83
 51 : 51 85 87 100 116
 61 : 35 40 49 57 60 67 95
 63 : 59 99
 64 : 52 64 70
 66 : 45 54 62 65 66 102 115 131
 72 : 27 68 108
 76 : 8 31 50 55 110
 84 : 63 84 90
 92 : 71 80 88 91
 98 : 1 30 53 72 94 98 132
 102 : 18 76
 107 : 10 39 81 103 106 107
 114 : 17 69 93
 115 : 16 89 111
 117 : 105 113
 118 : 34 92 114 118 124
 122 : 38 77 96 128
 125 : 26
 130 : 33 46 109 126 129
 131 : 127
SOLUTION:
  Value: -102116.000000
  Assigns: 0 98 14 24 25 9 10 33 53 9 4 37 24 14 82 41 61 29 102 13 24 25 67 49 24 25 125 72 49 113 98 130 33 130 118 29 37 49 122 33 61 42 42 9 65 66 130 13 93 50 14 63 53 4 66 67 82 61 9 63 61 82 66 29 65 66 66 61 72 4 82 92 98 24 25 10 102 122 82 14 92 82 33 49 50 49 37 53 92 93 25 92 118 93 98 61 122 9 98 63 66 13 53 67 98 117 41 42 72 130 122 4 0 117 118 66 67 10 118 113 13 0 10 117 118 37 130 93 122 130 65 66 98 
  Facilities: 34
 0 : 0 112 121
 4 : 10 53 69 111
 9 : 5 9 43 58 97
 10 : 6 75 117 122
 13 : 19 47 101 120
 14 : 2 13 50 79
 24 : 3 12 20 24 73
 25 : 4 21 25 74 90
 29 : 17 35 63
 33 : 7 32 39 82
 37 : 11 36 86 125
 41 : 15 106
 42 : 41 42 107
 49 : 23 28 37 83 85
 50 : 49 84
 53 : 8 52 87 102
 59 :
 61 : 16 40 57 60 67 95
 63 : 51 59 99
 65 : 44 64 130
 66 : 45 54 62 65 66 100 115 131
 67 : 22 55 103 116
 72 : 27 68 108
 82 : 14 56 61 70 78 81
 92 : 71 80 88 91
 93 : 48 89 93 127
 98 : 1 30 72 94 98 104 132
 102 : 18 76
 113 : 29 119
 117 : 105 113 123
 118 : 34 92 114 118 124
 122 : 38 77 96 110 128
 125 : 26
 130 : 31 33 46 109 126 129
SOLUTION:
  Value: -102116.000000
  Assigns: 127 69 70 87 16 89 18 11 92 77 22 11 109 110 18 16 61 18 18 20 20 42 34 35 36 109 125 39 22 128 114 128 36 34 118 39 30 121 42 123 61 42 36 127 89 39 114 131 69 94 118 96 18 121 75 123 124 61 22 127 61 61 88 131 109 69 87 88 34 20 96 92 36 94 75 39 11 89 123 124 92 16 94 34 35 20 37 87 92 89 94 92 118 87 88 61 96 109 92 11 94 36 96 124 70 109 127 128 109 110 114 77 124 114 118 109 110 121 118 123 121 125 34 124 118 37 61 128 128 123 94 131 20 
  Facilities: 34
 11 : 7 11 76 99
 16 : 4 15 81
 18 : 6 14 17 18 52
 20 : 19 20 69 85 132
 22 : 10 28 58
 30 : 36
 34 : 22 33 68 83 122
 35 : 23 84
 36 : 24 32 42 72 101
 37 : 86 125
 39 : 27 35 45 75
 42 : 21 38 41
 61 : 16 40 57 60 61 95 126
 69 : 1 48 65
 70 : 2 104
 75 : 54 74
 77 : 9 111
 87 : 3 66 87 93
 88 : 62 67 94
 89 : 5 44 77 89
 92 : 8 71 80 88 91 98
 94 : 49 73 82 90 100 130
 96 : 51 70 96 102
 109 : 12 25 64 97 105 108 115
 110 : 13 109 116
 114 : 30 46 110 113
 118 : 34 50 92 114 118 124
 121 : 37 53 117 120
 123 : 39 55 78 119 129
 124 : 56 79 103 112 123
 125 : 26 121
 127 : 0 43 59 106
 128 : 29 31 107 127 128
 131 : 47 63 131
SOLUTION:
  Value: -102118.000000
  Assigns: 0 98 2 24 25 132 7 33 92 9 10 37 24 34 98 41 61 114 102 13 24 25 34 49 24 25 125 72 127 41 98 130 33 130 118 61 37 49 122 51 61 42 42 9 10 66 130 13 49 61 118 51 73 98 66 49 7 61 9 63 61 25 66 84 64 66 66 61 34 114 64 92 98 24 25 10 102 122 13 124 92 102 33 49 84 51 37 132 92 24 2 92 118 114 98 61 122 9 98 63 51 13 66 124 98 117 132 73 72 130 114 132 0 117 118 66 51 10 118 7 13 0 10 124 118 37 130 127 122 130 42 66 98 
  Facilities: 34
 0 : 0 112 121
 2 : 2 90
 7 : 6 56 119
 9 : 9 43 58 97
 10 : 10 44 75 117 122
 13 : 19 47 78 101 120
 24 : 3 12 20 24 73 89
 25 : 4 21 25 61 74
 33 : 7 32 82
 34 : 13 22 68
 37 : 11 36 86 125
 41 : 15 29
 42 : 41 42 130
 49 : 23 37 48 55 83
 51 : 39 51 85 100 116
 61 : 16 35 40 49 57 60 67 95
 63 : 59 99
 64 : 64 70
 66 : 45 54 62 65 66 102 115 131
 72 : 27 108
 73 : 52 107
 84 : 63 84
 92 : 8 71 80 88 91
 98 : 1 14 30 53 72 94 98 104 132
 102 : 18 76 81
 114 : 17 69 93 110
 117 : 105 113
 118 : 34 50 92 114 118 124
 122 : 38 77 96 128
 124 : 79 103 123
 125 : 26
 127 : 28 127
 130 : 31 33 46 109 126 129
 132 : 5 87 106 111
