# Time: 4.120000
# Elapsed: 2.572078
# Input_file: splp/Fpp11/9FPP_11S.txt
# Pool_size: 200
# Iterations: 41
# Final_solutions: 7933
# Vision_range: 0
# Reduction_mode: REDUCTION_RANDOM
SOLUTION:
  Value: -96118.000000
  Assigns: 12 69 3 15 4 31 103 11 29 3 11 11 57 112 98 15 115 11 39 40 117 15 43 120 92 29 125 31 112 29 31 130 53 130 0 103 0 3 4 43 4 62 43 111 112 57 130 11 12 75 62 15 120 4 75 49 50 69 103 53 11 12 66 108 15 66 66 112 69 95 115 92 98 39 75 39 40 103 29 83 15 75 103 95 50 111 112 53 39 115 111 57 43 57 115 95 108 98 49 120 112 95 66 115 108 40 57 0 43 75 3 4 112 125 49 50 4 83 11 83 120 115 15 11 125 125 120 39 92 130 130 66 11 
  Facilities: 32
 0 : 34 36 107
 3 : 2 9 37 110
 4 : 4 38 40 53 111 116
 11 : 7 10 11 17 47 60 118 123 132
 12 : 0 48 61
 15 : 3 15 21 51 64 80 122
 29 : 8 25 29 78
 31 : 5 27 30
 39 : 18 73 75 88 127
 40 : 19 76 105
 43 : 22 39 42 92 108
 49 : 55 98 114
 50 : 56 84 115
 53 : 32 59 87
 57 : 12 45 91 93 106
 62 : 41 50
 66 : 62 65 66 102 131
 69 : 1 57 68
 75 : 49 54 74 81 109
 83 : 79 117 119
 92 : 24 71 128
 95 : 69 83 95 101
 98 : 14 72 97
 103 : 6 35 58 77 82
 108 : 63 96 104
 111 : 43 85 90
 112 : 13 28 44 67 86 100 112
 115 : 16 70 89 94 103 121
 117 : 20
 120 : 23 52 99 120 126
 125 : 26 113 124 125
 130 : 31 33 46 129 130
SOLUTION:
  Value: -96120.000000
  Assigns: 84 69 28 130 88 50 27 28 9 9 55 32 57 17 113 9 113 17 44 20 32 89 34 27 50 51 27 27 49 97 75 130 44 130 55 132 81 82 50 84 52 109 68 44 89 57 130 68 132 75 44 17 73 17 55 19 20 69 9 104 81 55 130 57 132 69 17 88 69 20 82 97 84 73 9 69 88 28 82 73 44 81 82 34 84 97 52 113 88 115 84 55 27 57 115 89 97 109 49 34 104 113 68 115 130 109 132 73 109 44 104 75 113 113 2 50 51 52 84 113 132 9 88 2 17 89 130 20 132 130 81 19 132 
  Facilities: 32
 2 : 114 123
 9 : 8 9 15 58 74 121
 17 : 13 17 51 53 66 124
 19 : 55 131
 20 : 19 56 69 127
 27 : 6 23 26 27 92
 28 : 2 7 77
 32 : 11 20
 34 : 22 83 99
 44 : 18 32 43 50 80 109
 49 : 28 98
 50 : 5 24 38 115
 51 : 25 116
 52 : 40 86 117
 55 : 10 34 54 61 91
 57 : 12 45 63 93
 68 : 42 47 102
 69 : 1 57 65 68 75
 73 : 52 73 79 107
 75 : 30 49 111
 81 : 36 60 81 130
 82 : 37 70 78 82
 84 : 0 39 72 84 90 118
 88 : 4 67 76 88 122
 89 : 21 44 95 125
 97 : 29 71 85 96
 104 : 59 100 110
 109 : 41 97 105 108
 113 : 14 16 87 101 112 113 119
 115 : 89 94 103
 130 : 3 31 33 46 62 104 126 129
 132 : 35 48 64 106 120 128 132
SOLUTION:
  Value: -96125.000000
  Assigns: 84 69 28 130 88 50 27 28 9 9 55 32 57 17 113 9 113 17 44 20 32 89 34 27 50 51 27 27 49 97 75 130 44 130 55 132 81 82 50 84 52 62 68 44 89 57 130 68 132 75 44 17 73 17 55 19 20 69 9 104 81 55 130 57 132 69 17 88 69 20 82 97 84 73 9 69 88 28 82 73 44 81 82 34 84 97 52 113 88 115 84 55 27 57 115 89 62 32 49 34 104 113 68 115 130 17 132 73 20 44 104 75 113 113 2 50 51 52 84 113 132 9 88 2 17 89 130 20 132 130 81 19 132 
  Facilities: 32
 2 : 114 123
 9 : 8 9 15 58 74 121
 17 : 13 17 51 53 66 105 124
 19 : 55 131
 20 : 19 56 69 108 127
 27 : 6 23 26 27 92
 28 : 2 7 77
 32 : 11 20 97
 34 : 22 83 99
 44 : 18 32 43 50 80 109
 49 : 28 98
 50 : 5 24 38 115
 51 : 25 116
 52 : 40 86 117
 55 : 10 34 54 61 91
 57 : 12 45 63 93
 62 : 41 96
 68 : 42 47 102
 69 : 1 57 65 68 75
 73 : 52 73 79 107
 75 : 30 49 111
 81 : 36 60 81 130
 82 : 37 70 78 82
 84 : 0 39 72 84 90 118
 88 : 4 67 76 88 122
 89 : 21 44 95 125
 97 : 29 71 85
 104 : 59 100 110
 113 : 14 16 87 101 112 113 119
 115 : 89 94 103
 130 : 3 31 33 46 62 104 126 129
 132 : 35 48 64 106 120 128 132
SOLUTION:
  Value: -99106.000000
  Assigns: 12 69 3 15 101 31 103 11 29 3 11 11 57 112 98 15 115 11 39 40 104 15 43 120 92 29 52 31 112 29 31 130 53 130 55 103 48 3 4 43 4 62 43 43 112 57 130 11 48 75 62 15 120 4 75 55 50 69 103 53 11 55 66 108 15 66 66 112 69 69 115 92 98 39 75 39 40 103 29 83 101 75 103 49 48 130 52 53 39 115 116 57 43 57 115 116 108 101 49 120 104 101 66 115 108 40 57 101 43 75 104 4 112 48 49 50 4 52 11 83 55 115 15 11 3 4 120 39 92 130 130 66 11 
  Facilities: 33
 3 : 2 9 37 124
 4 : 38 40 53 111 116 125
 11 : 7 10 11 17 47 60 118 123 132
 12 : 0
 15 : 3 15 21 51 64 122
 29 : 8 25 29 78
 31 : 5 27 30
 39 : 18 73 75 88 127
 40 : 19 76 105
 43 : 22 39 42 43 92 108
 48 : 36 48 84 113
 49 : 83 98 114
 50 : 56 115
 52 : 26 86 117
 53 : 32 59 87
 55 : 34 55 61 120
 57 : 12 45 91 93 106
 62 : 41 50
 66 : 62 65 66 102 131
 69 : 1 57 68 69
 75 : 49 54 74 81 109
 83 : 79 119
 92 : 24 71 128
 98 : 14 72
 101 : 4 80 97 101 107
 103 : 6 35 58 77 82
 104 : 20 100 110
 108 : 63 96 104
 112 : 13 28 44 67 112
 115 : 16 70 89 94 103 121
 116 : 90 95
 120 : 23 52 99 126
 130 : 31 33 46 85 129 130
SOLUTION:
  Value: -99114.000000
  Assigns: 1 85 101 71 101 89 74 28 107 93 10 56 57 17 113 16 113 17 63 64 65 89 16 91 92 93 123 124 28 113 56 57 44 101 55 1 81 63 64 65 44 62 63 44 56 57 91 59 93 70 44 17 64 65 55 123 77 69 70 85 81 55 107 63 65 65 60 93 69 63 74 65 93 85 25 96 77 28 123 124 44 81 17 77 96 89 107 113 92 1 56 85 93 57 60 59 96 101 10 65 64 113 123 124 70 17 107 71 74 44 74 123 63 77 65 81 28 81 69 123 124 56 1 123 17 91 92 93 92 93 1 10 44 
  Facilities: 33
 1 : 0 35 89 122 130
 10 : 10 98 131
 16 : 15 22
 17 : 13 17 51 82 105 124
 25 : 74
 28 : 7 28 77 116
 44 : 32 40 43 50 80 109 132
 55 : 34 54 61
 56 : 11 30 44 90 121
 57 : 12 31 45 93
 59 : 47 95
 60 : 66 94
 62 : 41
 63 : 18 37 42 63 69 112
 64 : 19 38 52 100
 65 : 20 39 53 64 65 71 99 114
 69 : 57 68 118
 70 : 49 58 104
 71 : 3 107
 74 : 6 70 108 110
 77 : 56 76 83 113
 81 : 36 60 81 115 117
 85 : 1 59 73 91
 89 : 5 21 85
 91 : 23 46 125
 92 : 24 88 126 128
 93 : 9 25 48 67 72 92 127 129
 96 : 75 84 96
 101 : 2 4 33 97
 107 : 8 62 86 106
 113 : 14 16 29 87 101
 123 : 26 55 78 102 111 119 123
 124 : 27 79 103 120
SOLUTION:
  Value: -99127.000000
  Assigns: 84 13 2 130 25 9 7 7 9 10 10 37 13 7 98 9 37 114 102 118 41 33 34 24 92 51 125 72 49 41 42 130 33 130 0 61 0 37 4 33 4 42 42 7 10 66 130 13 42 49 118 72 64 4 122 49 124 102 9 10 24 61 66 63 64 66 66 61 72 63 64 92 98 37 9 10 42 98 42 124 125 102 33 34 84 130 37 51 0 24 41 117 4 114 98 121 117 118 10 34 64 102 102 124 125 117 41 0 72 130 114 4 63 25 49 66 117 118 118 7 84 33 10 124 118 125 92 121 92 41 124 66 98 
  Facilities: 33
 0 : 34 36 88 107
 2 : 2
 4 : 38 40 53 92 111
 7 : 6 7 13 43 119
 9 : 5 8 15 58 74
 10 : 9 10 44 59 75 98 122
 13 : 1 12 47
 24 : 23 60 89
 25 : 4 113
 33 : 21 32 39 82 121
 34 : 22 83 99
 37 : 11 16 37 73 86
 41 : 20 29 90 106 129
 42 : 30 41 42 48 76 78
 49 : 28 49 55 114
 51 : 25 87
 61 : 35 61 67
 63 : 63 69 112
 64 : 52 64 70 100
 66 : 45 62 65 66 115 131
 72 : 27 51 68 108
 84 : 0 84 120
 92 : 24 71 126 128
 98 : 14 72 77 94 132
 102 : 18 57 81 101 102
 114 : 17 93 110
 117 : 91 96 105 116
 118 : 19 50 97 117 118 124
 121 : 95 127
 122 : 54
 124 : 56 79 103 123 130
 125 : 26 80 104 125
 130 : 3 31 33 46 85 109
SOLUTION:
  Value: -102112.000000
  Assigns: 0 13 14 130 25 50 0 33 9 93 10 37 13 25 98 9 113 29 102 118 41 33 67 24 92 93 125 53 49 29 42 130 53 130 0 29 0 37 4 33 4 67 42 37 65 66 130 13 93 49 118 72 53 65 122 59 50 102 9 10 24 82 66 63 65 66 66 61 72 63 82 65 98 37 9 10 42 98 42 14 125 93 82 49 50 130 37 113 0 24 41 117 4 93 98 59 117 118 10 65 66 102 102 67 125 117 41 0 72 130 61 4 63 25 49 50 117 118 118 113 13 33 10 117 118 125 92 93 92 41 42 66 67 
  Facilities: 34
 0 : 0 6 34 36 88 107
 4 : 38 40 92 111
 9 : 8 15 58 74
 10 : 10 59 75 98 122
 13 : 1 12 47 120
 14 : 2 79
 24 : 23 60 89
 25 : 4 13 113
 29 : 17 29 35
 33 : 7 21 39 121
 37 : 11 37 43 73 86
 41 : 20 90 106 129
 42 : 30 42 76 78 130
 49 : 28 49 83 114
 50 : 5 56 84 115
 53 : 27 32 52
 59 : 55 95
 61 : 67 110
 63 : 63 69 112
 65 : 44 53 64 71 99
 66 : 45 62 65 66 100 131
 67 : 22 41 103 132
 72 : 51 68 108
 82 : 61 70 82
 92 : 24 126 128
 93 : 9 25 48 81 93 127
 98 : 14 72 77 94
 102 : 18 57 101 102
 113 : 16 87 119
 117 : 91 96 105 116 123
 118 : 19 50 97 117 118 124
 122 : 54
 125 : 26 80 104 125
 130 : 3 31 33 46 85 109
SOLUTION:
  Value: -102124.000000
  Assigns: 84 13 2 130 25 9 7 7 9 10 10 37 13 7 98 9 37 114 102 118 41 33 34 24 92 51 125 72 49 41 42 130 33 130 0 61 0 37 64 33 66 42 42 7 10 66 130 13 42 49 118 72 64 98 122 49 124 102 9 10 24 73 66 63 132 66 66 61 72 63 64 92 98 37 9 10 42 98 42 124 125 102 33 34 84 130 37 132 0 24 41 117 118 114 98 61 117 118 10 34 64 102 102 124 125 117 41 0 72 130 114 132 63 25 49 127 117 118 118 7 84 33 10 124 118 125 127 127 92 41 124 66 132 
  Facilities: 34
 0 : 34 36 88 107
 2 : 2
 7 : 6 7 13 43 119
 9 : 5 8 15 58 74
 10 : 9 10 44 59 75 98 122
 13 : 1 12 47
 24 : 23 60 89
 25 : 4 113
 33 : 21 32 39 82 121
 34 : 22 83 99
 37 : 11 16 37 73 86
 41 : 20 29 90 106 129
 42 : 30 41 42 48 76 78
 49 : 28 49 55 114
 51 : 25
 61 : 35 67 95
 63 : 63 69 112
 64 : 38 52 70 100
 66 : 40 45 62 65 66 131
 72 : 27 51 68 108
 73 : 61
 84 : 0 84 120
 92 : 24 71 128
 98 : 14 53 72 77 94
 102 : 18 57 81 101 102
 114 : 17 93 110
 117 : 91 96 105 116
 118 : 19 50 92 97 117 118 124
 122 : 54
 124 : 56 79 103 123 130
 125 : 26 80 104 125
 127 : 115 126 127
 130 : 3 31 33 46 85 109
 132 : 64 87 111 132
SOLUTION:
  Value: -102125.000000
  Assigns: 12 100 14 100 101 31 74 91 2 54 36 56 12 7 8 15 100 101 102 31 46 15 121 91 121 46 27 31 29 29 42 128 100 54 46 29 36 1 2 5 52 5 46 7 56 46 72 92 42 15 1 72 73 54 54 56 56 102 52 127 105 73 56 14 15 91 30 2 72 73 74 65 7 73 100 96 42 12 42 105 101 102 108 128 96 36 52 91 100 1 56 91 27 5 29 121 96 101 92 120 100 102 102 54 108 56 127 128 74 73 74 105 5 1 2 127 120 52 30 54 121 56 1 127 36 91 120 128 92 8 1 2 96 
  Facilities: 34
 1 : 37 50 89 113 122 130
 2 : 8 38 67 114 131
 5 : 39 41 93 112
 7 : 13 43 72
 8 : 14 129
 12 : 0 12 77
 14 : 2 63
 15 : 15 21 49 64
 27 : 26 92
 29 : 28 29 35 94
 30 : 66 118
 31 : 5 19 27
 36 : 10 36 85 124
 42 : 30 48 76 78
 46 : 20 25 34 42 45
 52 : 40 58 86 117
 54 : 9 33 53 54 103 119
 56 : 11 44 55 56 62 90 105 121
 65 : 71
 72 : 46 51 68
 73 : 52 61 69 73 109
 74 : 6 70 108 110
 91 : 7 23 65 87 91 125
 92 : 47 98 128
 96 : 75 84 96 132
 100 : 1 3 16 32 74 88 100
 101 : 4 17 80 97
 102 : 18 57 81 101 102
 105 : 60 79 111
 108 : 82 104
 120 : 99 116 126
 121 : 22 24 95 120
 127 : 59 106 115 123
 128 : 31 83 107 127
SOLUTION:
  Value: -102126.000000
  Assigns: 127 69 70 87 131 89 18 11 20 77 36 11 109 39 18 16 37 11 22 118 88 22 34 35 92 70 125 39 125 30 42 128 131 37 34 39 37 37 39 39 61 109 87 88 89 11 114 131 42 75 16 77 18 121 75 123 22 69 22 127 61 61 88 131 30 110 87 61 69 35 34 35 36 37 75 39 42 77 42 124 125 75 94 34 110 36 37 87 39 89 94 42 118 114 94 121 96 109 124 34 121 36 123 124 125 109 127 128 109 75 110 77 124 77 114 127 128 118 118 123 124 121 88 87 118 125 127 39 94 22 94 131 11 
  Facilities: 34
 11 : 7 11 17 45 132
 16 : 15 50
 18 : 6 14 52
 20 : 8
 22 : 18 21 56 58 129
 30 : 29 64
 34 : 22 34 70 83 99
 35 : 23 69 71
 36 : 10 72 85 101
 37 : 16 33 36 37 73 86
 39 : 13 27 35 38 39 75 88 127
 42 : 30 48 76 78 91
 61 : 40 60 61 67
 69 : 1 57 68
 70 : 2 25
 75 : 49 54 74 81 109
 77 : 9 51 77 111 113
 87 : 3 42 66 87 123
 88 : 20 43 62 122
 89 : 5 44 89
 92 : 24
 94 : 82 90 94 128 130
 96 : 96
 109 : 12 41 97 105 108
 110 : 65 84 110
 114 : 46 93 114
 118 : 19 92 117 118 124
 121 : 53 95 100 121
 123 : 55 102 119
 124 : 79 98 103 112 120
 125 : 26 28 80 104 125
 127 : 0 59 106 115 126
 128 : 31 107 116
 131 : 4 32 47 63 131
