# Time: 13656.380859
# Elapsed: 4211.193848
# Input_file: splp/KoerkelGhosh-asym/500/a/ga500a-1
# Pool_size: 200
# Iterations: 58
# Final_solutions: 9579
# Vision_range: 400
# Reduction_mode: REDUCTION_DISPERSE
# Dissimilitude: DISSIM_MSE
# Facility_dist: FDISMODE_SUMOFDELTAS
SOLUTION:
  Value: -511388.000000
  Assigns: 27 418 89 489 374 298 220 409 298 245 474 64 489 72 293 155 245 316 316 89 155 102 312 102 485 99 302 374 141 58 374 141 312 409 51 51 198 176 102 361 220 89 489 485 485 302 72 89 485 268 110 485 110 493 489 361 244 21 207 316 125 110 102 220 64 64 69 474 462 493 21 218 176 155 268 102 69 245 293 110 429 69 485 51 279 102 316 64 151 493 474 198 176 377 125 78 188 244 361 220 125 374 64 99 21 317 312 312 72 361 429 78 155 99 151 27 474 302 233 245 188 155 293 58 374 244 409 207 493 141 302 493 64 244 462 69 89 141 99 198 462 298 474 312 361 317 64 102 102 493 110 377 89 493 218 51 176 151 274 377 298 245 51 302 429 78 244 268 141 220 462 72 279 274 27 89 298 485 58 274 312 293 198 218 21 316 141 21 155 58 176 220 21 141 493 493 462 125 99 58 493 89 207 293 110 110 429 110 279 21 188 69 151 125 279 429 198 207 176 245 361 485 259 51 279 51 429 245 51 58 72 110 125 99 102 317 462 418 21 259 72 268 317 493 317 151 151 298 58 233 259 244 64 89 207 151 220 485 207 151 125 274 58 493 418 264 279 102 474 485 259 259 64 188 274 99 317 155 176 89 493 489 64 274 462 78 293 316 220 259 207 99 374 99 51 418 312 176 69 188 316 188 155 418 317 198 298 485 361 176 58 220 279 418 493 51 233 293 429 409 279 298 259 110 218 489 188 244 78 64 220 302 207 302 302 489 429 99 99 110 279 233 374 312 155 110 377 69 489 64 245 27 462 268 409 207 374 374 89 99 151 259 409 198 233 244 198 141 274 188 188 176 264 141 58 418 429 72 279 151 51 198 317 279 264 176 361 316 233 69 485 264 493 316 102 72 21 244 102 312 64 51 259 377 102 155 188 312 374 409 176 110 274 489 99 27 361 474 462 493 293 21 51 99 141 207 268 64 176 141 485 27 268 207 233 409 155 302 218 72 72 274 429 302 244 233 268 155 21 409 78 110 302 198 141 245 151 377 110 429 244 176 279 317 78 317 298 155 474 316 69 218 218 21 27 268 374 155 198 462 264 361 264 374 312 207 220 293 474 176 141 474 377 244 244 409 493 233 58 110 
  Facilities: 47
 21 : 57 70 104 184 187 192 209 238 396 421 448 473
 27 : 0 115 174 351 415 431 474
 51 : 34 35 83 155 162 223 225 228 294 315 380 401 422
 58 : 29 123 178 189 199 229 248 262 310 374 498
 64 : 11 64 65 87 102 132 146 252 272 282 329 349 400 427
 69 : 66 76 81 135 211 298 347 389 470
 72 : 13 46 108 171 230 240 377 395 439 440
 78 : 95 111 165 285 328 450 464
 89 : 2 19 41 47 136 152 175 201 253 279 358
 99 : 25 103 113 138 198 233 275 291 293 337 338 359 414 423
 102 : 21 23 38 62 75 85 147 148 234 267 394 398 404
 110 : 50 52 61 79 150 204 205 207 231 323 339 345 411 451 458 499
 125 : 60 94 100 197 213 232 260
 141 : 28 31 129 137 168 186 193 367 373 424 429 454 490
 151 : 88 114 157 212 245 246 255 259 360 379 456
 155 : 15 20 73 112 121 188 277 302 344 405 436 447 467 477
 176 : 37 72 92 156 190 218 278 297 309 371 385 410 428 461 489
 188 : 96 120 210 273 299 301 326 369 370 406
 198 : 36 91 139 182 216 305 363 366 381 453 478
 207 : 58 127 202 217 254 258 290 332 355 425 433 485
 218 : 71 154 183 324 438 471 472
 220 : 6 40 63 99 169 191 256 288 311 330 486
 233 : 118 249 316 341 364 388 434 445 497
 244 : 56 97 125 133 166 251 327 365 397 444 460 493 494
 245 : 9 16 77 119 161 219 227 350 455
 259 : 222 239 250 270 271 289 322 361 402
 264 : 265 372 384 391 480 482
 268 : 49 74 167 241 353 426 432 446 475
 274 : 158 173 179 261 274 283 368 412 441
 279 : 84 172 208 214 224 266 312 320 340 378 383 462
 293 : 14 78 122 181 203 286 317 420 487
 298 : 5 8 141 160 176 247 306 321 466
 302 : 26 45 117 130 163 331 333 334 437 443 452
 312 : 22 32 106 107 143 180 296 343 399 407 484
 316 : 17 18 59 86 185 287 300 387 393 469
 317 : 105 145 235 242 244 276 304 382 463 465
 361 : 39 55 98 109 144 220 308 386 416 481
 374 : 4 27 30 101 124 292 342 356 357 408 476 483
 377 : 93 151 159 346 403 457 492
 409 : 7 33 126 319 354 362 409 435 449 495
 418 : 1 237 264 295 303 313 375
 429 : 80 110 164 206 215 226 318 336 376 442 459
 462 : 68 134 140 170 196 236 284 352 418 479
 474 : 10 67 90 116 142 268 417 468 488 491
 485 : 24 43 44 48 51 82 177 221 257 269 307 390 430
 489 : 3 12 42 54 281 325 335 348 413
 493 : 53 69 89 128 131 149 153 194 195 200 243 263 280 314 392 419 496
SOLUTION:
  Value: -511406.000000
  Assigns: 27 418 89 489 374 298 220 409 298 245 474 64 489 72 172 155 245 300 103 89 155 102 130 102 485 99 302 374 141 58 374 141 85 409 51 51 198 176 102 132 220 89 489 396 485 302 72 172 485 268 110 485 110 493 130 493 244 21 207 300 125 110 102 220 64 204 69 474 462 493 21 130 176 155 268 102 69 245 374 110 429 69 485 51 279 102 51 64 151 103 474 198 176 377 125 103 188 244 204 220 125 374 85 99 100 377 103 204 72 132 85 67 204 99 151 27 474 302 233 245 300 155 27 58 103 67 409 207 493 141 302 493 64 244 462 69 89 141 99 198 462 298 474 89 300 204 64 102 396 493 110 377 103 493 110 51 176 151 125 377 298 132 51 302 429 103 244 268 141 220 462 72 85 418 27 89 298 485 58 132 374 396 198 100 21 141 141 21 155 58 176 220 21 141 493 493 462 125 99 396 130 89 207 204 110 110 172 172 67 21 188 69 151 125 279 429 198 207 176 245 264 85 259 130 279 51 429 132 85 58 72 110 125 99 102 151 300 418 21 259 72 268 132 493 198 132 151 298 58 233 259 244 64 89 207 130 220 485 396 151 125 298 58 493 418 264 279 102 474 485 259 259 100 188 99 99 474 130 130 89 493 489 64 377 462 100 220 100 220 259 207 99 374 99 51 418 130 103 69 188 85 130 155 418 85 198 298 485 132 176 58 220 279 418 493 51 233 27 429 409 279 298 300 110 188 489 188 244 172 64 220 302 207 130 302 489 429 99 99 110 279 233 374 198 155 110 377 69 489 64 245 27 462 268 409 207 374 374 89 100 151 259 409 198 233 244 85 462 100 67 188 176 172 141 58 418 429 72 279 151 51 198 396 100 264 176 396 89 233 69 100 264 493 110 102 72 21 244 102 409 64 51 259 377 300 155 188 67 103 409 176 110 130 489 99 27 132 474 462 493 85 21 51 99 300 172 268 64 176 141 485 132 268 207 233 409 155 204 396 72 72 132 300 302 244 233 268 155 21 409 374 110 302 198 141 245 151 377 110 429 244 176 279 67 279 264 298 155 300 172 69 99 132 21 27 268 374 155 198 462 264 233 264 374 474 207 220 268 474 176 141 474 377 244 244 233 493 233 58 130 
  Facilities: 49
 21 : 57 70 184 187 192 209 238 396 421 448 473
 27 : 0 115 122 174 317 351 415 474
 51 : 34 35 83 86 155 162 225 294 315 380 401 422
 58 : 29 123 178 189 229 248 262 310 374 498
 64 : 11 64 87 132 146 252 282 329 349 400 427
 67 : 111 125 208 369 407 463
 69 : 66 76 81 135 211 298 347 389 470
 72 : 13 46 108 171 230 240 377 395 439 440
 85 : 32 102 110 172 221 228 300 304 366 420
 89 : 2 19 41 136 143 175 201 253 279 358 387
 99 : 25 103 113 138 198 233 274 275 291 293 337 338 414 423 471
 100 : 104 183 272 285 287 359 368 383 390
 102 : 21 23 38 62 75 85 147 234 267 394 398
 103 : 18 89 95 106 124 152 165 297 408
 110 : 50 52 61 79 150 154 204 205 231 323 339 345 393 411 451 458
 125 : 60 94 100 158 197 213 232 260
 130 : 22 54 71 200 223 255 277 278 296 301 333 412 499
 132 : 39 109 161 179 227 242 245 308 416 431 441 472
 141 : 28 31 129 137 168 185 186 193 373 429 454 490
 151 : 88 114 157 212 235 246 259 360 379 456
 155 : 15 20 73 121 188 302 344 405 436 447 467 477
 172 : 14 47 206 207 328 372 425 469
 176 : 37 72 92 156 190 218 309 371 385 410 428 461 489
 188 : 96 210 273 299 324 326 370 406
 198 : 36 91 139 182 216 244 305 343 363 381 453 478
 204 : 65 98 107 112 145 203 437
 207 : 58 127 202 217 254 290 332 355 433 485
 220 : 6 40 63 99 169 191 256 286 288 311 330 486
 233 : 118 249 316 341 364 388 434 445 481 495 497
 244 : 56 97 133 166 251 327 365 397 444 460 493 494
 245 : 9 16 77 119 219 350 455
 259 : 222 239 250 270 271 289 361 402
 264 : 220 265 384 391 465 480 482
 268 : 49 74 167 241 353 426 432 446 475 487
 279 : 84 214 224 266 312 320 340 378 462 464
 298 : 5 8 141 160 176 247 261 306 321 466
 300 : 17 59 120 144 236 322 404 424 442 468
 302 : 26 45 117 130 163 331 334 443 452
 374 : 4 27 30 78 101 180 292 342 356 357 450 476 483
 377 : 93 105 151 159 283 346 403 457 492
 396 : 43 148 181 199 258 382 386 438
 409 : 7 33 126 319 354 362 399 409 435 449
 418 : 1 173 237 264 295 303 313 375
 429 : 80 164 215 226 318 336 376 459
 462 : 68 134 140 170 196 284 352 367 418 479
 474 : 10 67 90 116 142 268 276 417 484 488 491
 485 : 24 44 48 51 82 177 257 269 307 430
 489 : 3 12 42 281 325 335 348 413
 493 : 53 55 69 128 131 149 153 194 195 243 263 280 314 392 419 496
SOLUTION:
  Value: -511414.000000
  Assigns: 27 418 89 489 374 298 220 409 298 245 474 64 489 72 172 155 245 300 377 89 155 102 312 102 485 99 302 374 141 58 374 141 85 409 51 51 198 176 102 268 220 89 489 396 485 302 72 172 485 268 110 485 110 493 489 493 244 204 207 300 125 110 102 220 64 204 69 474 462 493 317 238 176 155 268 102 69 245 374 110 429 69 485 51 279 102 51 64 151 493 474 198 176 377 125 78 188 244 204 220 125 374 85 99 100 317 312 204 72 417 85 78 204 99 151 238 474 302 233 245 300 155 27 58 374 244 409 207 493 141 302 493 64 244 462 69 89 141 99 198 462 298 474 312 300 317 64 102 396 493 110 377 89 493 110 51 176 151 274 377 298 245 51 302 429 78 244 268 141 220 462 72 85 274 27 89 298 485 58 274 312 396 198 100 312 417 141 264 155 58 176 220 298 141 493 493 462 125 99 396 493 89 207 204 110 238 172 172 279 99 188 69 151 125 279 429 198 207 176 245 264 85 259 396 279 51 429 245 85 58 72 110 125 99 102 317 300 418 417 259 72 268 317 493 317 151 151 298 58 233 259 244 64 89 207 151 220 485 396 151 377 274 58 493 418 264 279 102 474 485 259 259 100 188 274 99 317 155 176 89 493 489 64 377 462 78 220 100 220 259 207 99 374 99 51 418 312 238 69 188 85 188 155 418 85 198 298 485 78 176 58 220 279 418 493 51 233 417 429 409 279 298 300 110 188 489 188 244 78 64 220 302 207 302 302 489 429 238 99 110 279 233 374 312 155 110 377 69 489 64 245 27 462 268 409 207 374 417 89 100 151 259 409 198 233 244 85 141 274 188 188 176 172 141 58 418 429 72 279 151 51 198 317 100 264 176 396 89 238 69 100 264 493 110 102 72 78 244 102 312 64 51 259 377 300 155 188 312 374 409 176 110 274 417 99 27 417 474 462 493 85 474 51 99 300 172 268 64 176 141 485 27 268 207 233 409 155 302 396 72 72 274 300 302 244 233 268 155 374 409 78 110 302 198 141 245 151 377 417 429 244 176 279 317 78 317 298 155 300 172 69 99 489 244 27 268 374 155 198 462 264 233 264 374 312 207 220 268 474 176 141 474 377 244 417 233 493 233 58 110 
  Facilities: 50
 27 : 0 122 174 351 415 431 474
 51 : 34 35 83 86 155 162 225 294 315 380 401 422
 58 : 29 123 178 189 229 248 262 310 374 498
 64 : 11 64 87 132 146 252 282 329 349 400 427
 69 : 66 76 81 135 211 298 347 389 470
 72 : 13 46 108 171 230 240 377 395 439 440
 78 : 95 111 165 285 308 328 396 450 464
 85 : 32 102 110 172 221 228 300 304 366 420
 89 : 2 19 41 136 152 175 201 253 279 358 387
 99 : 25 103 113 138 198 209 233 275 291 293 338 414 423 471
 100 : 104 183 272 287 359 383 390
 102 : 21 23 38 62 75 85 147 234 267 394 398
 110 : 50 52 61 79 150 154 204 231 323 339 345 393 411 451 499
 125 : 60 94 100 197 213 232
 141 : 28 31 129 137 168 186 193 367 373 429 454 490
 151 : 88 114 157 212 245 246 255 259 360 379 456
 155 : 15 20 73 121 188 277 302 344 405 436 447 467 477
 172 : 14 47 206 207 372 425 469
 176 : 37 72 92 156 190 218 278 309 371 385 410 428 461 489
 188 : 96 210 273 299 301 324 326 369 370 406
 198 : 36 91 139 182 216 305 363 381 453 478
 204 : 57 65 98 107 112 203
 207 : 58 127 202 217 254 290 332 355 433 485
 220 : 6 40 63 99 169 191 256 286 288 311 330 486
 233 : 118 249 316 341 364 434 445 481 495 497
 238 : 71 115 205 297 337 388
 244 : 56 97 125 133 166 251 327 365 397 444 460 473 493
 245 : 9 16 77 119 161 219 227 350 455
 259 : 222 239 250 270 271 289 361 402
 264 : 187 220 265 384 391 480 482
 268 : 39 49 74 167 241 353 426 432 446 475 487
 274 : 158 173 179 261 274 368 412 441
 279 : 84 208 214 224 266 312 320 340 378 462
 298 : 5 8 141 160 176 192 247 306 321 466
 300 : 17 59 120 144 236 322 404 424 442 468
 302 : 26 45 117 130 163 331 333 334 437 443 452
 312 : 22 106 143 180 184 296 343 399 407 484
 317 : 70 105 145 235 242 244 276 382 463 465
 374 : 4 27 30 78 101 124 292 342 356 408 448 476 483
 377 : 18 93 151 159 260 283 346 403 457 492
 396 : 43 148 181 199 223 258 386 438
 409 : 7 33 126 319 354 362 409 435 449
 417 : 109 185 238 317 357 413 416 458 494
 418 : 1 237 264 295 303 313 375
 429 : 80 164 215 226 318 336 376 459
 462 : 68 134 140 170 196 284 352 418 479
 474 : 10 67 90 116 142 268 417 421 488 491
 485 : 24 44 48 51 82 177 257 269 307 430
 489 : 3 12 42 54 281 325 335 348 472
 493 : 53 55 69 89 128 131 149 153 194 195 200 243 263 280 314 392 419 496
SOLUTION:
  Value: -511416.000000
  Assigns: 27 418 317 125 374 408 220 409 99 5 408 472 107 72 172 155 337 316 316 175 155 384 312 175 315 99 302 374 458 250 372 462 495 409 172 175 259 176 175 337 220 167 493 396 396 302 72 336 66 250 250 360 66 493 176 496 472 250 207 316 125 315 155 220 472 259 69 372 462 337 317 427 83 107 339 396 69 167 374 409 190 69 336 259 279 339 316 458 220 493 339 279 408 377 125 95 153 100 167 220 125 374 167 99 100 317 312 312 72 107 495 495 360 337 153 175 66 302 233 107 337 107 27 472 374 107 409 207 83 163 302 493 66 472 462 69 163 153 83 336 62 107 472 312 339 317 495 408 396 125 167 377 472 493 427 107 176 408 125 377 172 107 377 302 472 153 427 496 250 220 462 72 372 95 27 99 5 163 418 496 312 396 172 100 163 316 458 264 155 155 176 372 167 360 493 493 462 125 190 384 493 339 207 458 175 408 172 172 279 99 172 69 316 125 279 155 99 207 176 495 458 250 259 396 279 377 337 458 175 360 72 27 125 496 5 317 83 418 472 259 72 336 317 493 5 336 220 62 374 233 259 250 372 315 207 95 220 360 396 95 427 315 360 493 418 408 279 62 409 153 175 259 100 384 99 99 317 458 176 250 493 409 163 377 462 100 220 316 220 259 315 99 339 99 317 496 312 176 69 496 496 496 155 418 336 163 495 175 408 176 336 220 279 418 493 62 233 5 360 95 279 250 259 107 337 72 95 337 495 315 220 360 207 315 302 360 336 315 99 153 279 233 374 312 155 339 377 427 190 337 27 27 462 62 409 207 374 374 83 250 458 259 472 372 233 315 372 462 408 372 337 176 172 495 163 418 372 163 279 315 493 95 317 100 264 176 396 316 233 69 100 264 458 316 153 72 190 107 107 312 62 62 66 377 62 155 5 312 5 153 339 95 190 337 163 27 167 396 462 493 62 83 83 99 408 172 95 155 337 315 220 27 83 83 233 5 155 302 396 72 72 107 220 302 472 233 360 155 5 409 374 175 302 107 220 167 5 337 339 66 220 176 163 317 107 317 495 155 250 316 458 99 5 95 27 250 374 408 163 462 264 233 264 496 312 207 220 190 107 176 5 250 377 190 384 337 493 233 27 496 
  Facilities: 51
 5 : 9 176 234 244 317 406 408 435 448 456 472 490
 27 : 0 122 174 231 350 351 415 431 474 498
 62 : 140 247 267 315 353 400 401 404 420
 66 : 48 52 116 132 402 459
 69 : 66 76 81 135 211 298 389
 72 : 13 46 108 171 230 240 325 395 439 440
 83 : 72 128 138 236 358 421 422 432 433
 95 : 95 173 255 259 319 326 381 411 426 473
 99 : 8 25 103 175 209 216 274 275 291 293 338 423 471
 100 : 97 104 183 272 285 383 390
 107 : 12 73 109 119 121 125 141 155 161 323 397 398 441 453 464 488
 125 : 3 60 94 100 149 158 197 213 232
 153 : 96 114 137 165 269 339 394 409
 155 : 15 20 62 188 189 215 302 344 405 427 436 447 467
 163 : 129 136 177 184 282 305 374 377 414 462 478
 167 : 41 77 98 102 150 192 416 455
 172 : 14 34 160 182 206 207 210 372 425
 175 : 19 23 35 38 115 204 228 270 307 451
 176 : 37 54 156 190 218 278 297 309 371 385 461 489
 190 : 80 198 348 396 412 487 493
 207 : 58 127 202 217 254 332 355 485
 220 : 6 40 63 88 99 169 246 256 286 288 311 330 430 442 454 460 486
 233 : 118 249 316 341 364 388 434 445 481 497
 250 : 29 49 50 57 168 221 251 279 321 359 468 475 491
 259 : 36 65 83 222 239 250 271 289 322 361
 264 : 187 384 391 480 482
 279 : 84 91 208 214 224 266 312 320 340 378
 302 : 26 45 117 130 163 334 437 443 452
 312 : 22 106 107 143 180 296 343 399 407 484
 315 : 24 61 253 261 290 329 333 337 365 379 429
 316 : 17 18 59 86 185 212 287 387 393 469
 317 : 2 70 105 145 235 242 276 294 382 463 465
 336 : 47 82 139 241 245 304 310 336
 337 : 16 39 69 113 120 226 324 327 349 370 413 428 457 495
 339 : 74 85 90 144 201 292 345 410 458
 360 : 51 112 193 229 257 262 318 331 335 446
 372 : 30 67 172 191 252 363 366 369 376
 374 : 4 27 78 101 124 248 342 356 357 450 476
 377 : 93 151 159 162 225 283 346 403 492
 384 : 21 199 273 494
 396 : 43 44 75 148 181 223 258 386 417 438
 408 : 5 10 92 147 157 205 265 308 368 424 477
 409 : 7 33 79 126 268 281 354 449
 418 : 1 178 237 264 303 313 375
 427 : 71 154 166 260 347
 458 : 28 87 186 203 220 227 277 360 392 470
 462 : 31 68 134 170 196 284 352 367 418 479
 472 : 11 56 64 123 133 142 152 164 238 362 444
 493 : 42 53 89 131 153 194 195 200 243 263 280 314 380 419 496
 495 : 32 110 111 146 219 306 328 373 466
 496 : 55 167 179 233 295 299 300 301 483 499
SOLUTION:
  Value: -511421.000000
  Assigns: 27 418 89 489 374 298 220 409 298 245 474 64 489 72 172 155 245 300 103 89 155 102 130 102 485 99 302 374 141 58 374 141 85 409 51 51 198 176 102 132 220 89 489 396 485 302 72 172 485 268 110 485 110 493 130 493 244 21 207 300 125 110 102 220 64 204 69 474 462 493 21 130 176 155 268 102 69 245 374 110 429 69 485 51 279 339 51 64 151 103 474 198 176 377 125 103 188 244 204 220 125 374 85 99 100 377 103 204 72 132 85 67 204 99 151 27 474 302 233 245 300 155 27 58 103 67 409 207 493 141 302 493 64 244 462 69 89 141 99 198 462 298 474 89 300 204 64 102 396 493 110 377 103 493 110 51 176 151 125 377 298 132 51 302 429 103 244 268 141 220 462 72 85 418 27 89 298 485 58 132 374 396 198 100 21 141 141 21 155 58 176 220 21 141 493 493 462 125 99 396 130 339 207 204 110 110 172 172 67 21 188 69 151 125 279 429 198 207 176 245 264 85 259 130 279 51 429 132 85 58 72 110 125 99 102 151 300 418 21 259 72 268 132 493 198 132 151 298 58 233 259 244 64 89 207 130 220 485 396 151 125 298 58 493 418 264 279 102 474 485 259 259 100 188 99 99 474 130 130 89 493 489 64 377 462 100 220 100 220 259 207 99 339 99 51 418 130 103 69 188 85 130 155 418 85 198 298 485 132 176 58 220 279 418 493 51 233 27 429 409 279 298 300 110 188 489 188 244 172 64 220 302 207 130 302 489 429 99 99 110 279 233 374 198 155 339 377 69 489 64 245 27 462 268 409 207 374 374 89 100 151 259 409 198 233 244 85 462 100 67 188 176 172 141 58 418 429 72 279 151 51 198 396 100 264 176 396 89 233 69 100 264 493 110 102 72 21 244 102 409 64 51 259 377 300 155 188 67 103 409 339 110 130 489 99 27 132 474 462 493 85 21 51 99 300 172 268 64 176 141 485 132 268 207 233 409 155 204 396 72 72 132 300 302 244 233 268 155 21 409 374 110 302 198 141 245 151 377 339 429 244 176 279 67 279 264 298 155 300 172 69 99 132 21 27 268 374 155 198 462 264 233 264 374 474 207 220 268 474 176 141 474 377 244 244 233 493 233 58 130 
  Facilities: 50
 21 : 57 70 184 187 192 209 238 396 421 448 473
 27 : 0 115 122 174 317 351 415 474
 51 : 34 35 83 86 155 162 225 294 315 380 401 422
 58 : 29 123 178 189 229 248 262 310 374 498
 64 : 11 64 87 132 146 252 282 329 349 400 427
 67 : 111 125 208 369 407 463
 69 : 66 76 81 135 211 298 347 389 470
 72 : 13 46 108 171 230 240 377 395 439 440
 85 : 32 102 110 172 221 228 300 304 366 420
 89 : 2 19 41 136 143 175 253 279 358 387
 99 : 25 103 113 138 198 233 274 275 291 293 337 338 414 423 471
 100 : 104 183 272 285 287 359 368 383 390
 102 : 21 23 38 62 75 147 234 267 394 398
 103 : 18 89 95 106 124 152 165 297 408
 110 : 50 52 61 79 150 154 204 205 231 323 339 393 411 451
 125 : 60 94 100 158 197 213 232 260
 130 : 22 54 71 200 223 255 277 278 296 301 333 412 499
 132 : 39 109 161 179 227 242 245 308 416 431 441 472
 141 : 28 31 129 137 168 185 186 193 373 429 454 490
 151 : 88 114 157 212 235 246 259 360 379 456
 155 : 15 20 73 121 188 302 344 405 436 447 467 477
 172 : 14 47 206 207 328 372 425 469
 176 : 37 72 92 156 190 218 309 371 385 428 461 489
 188 : 96 210 273 299 324 326 370 406
 198 : 36 91 139 182 216 244 305 343 363 381 453 478
 204 : 65 98 107 112 145 203 437
 207 : 58 127 202 217 254 290 332 355 433 485
 220 : 6 40 63 99 169 191 256 286 288 311 330 486
 233 : 118 249 316 341 364 388 434 445 481 495 497
 244 : 56 97 133 166 251 327 365 397 444 460 493 494
 245 : 9 16 77 119 219 350 455
 259 : 222 239 250 270 271 289 361 402
 264 : 220 265 384 391 465 480 482
 268 : 49 74 167 241 353 426 432 446 475 487
 279 : 84 214 224 266 312 320 340 378 462 464
 298 : 5 8 141 160 176 247 261 306 321 466
 300 : 17 59 120 144 236 322 404 424 442 468
 302 : 26 45 117 130 163 331 334 443 452
 339 : 85 201 292 345 410 458
 374 : 4 27 30 78 101 180 342 356 357 450 476 483
 377 : 93 105 151 159 283 346 403 457 492
 396 : 43 148 181 199 258 382 386 438
 409 : 7 33 126 319 354 362 399 409 435 449
 418 : 1 173 237 264 295 303 313 375
 429 : 80 164 215 226 318 336 376 459
 462 : 68 134 140 170 196 284 352 367 418 479
 474 : 10 67 90 116 142 268 276 417 484 488 491
 485 : 24 44 48 51 82 177 257 269 307 430
 489 : 3 12 42 281 325 335 348 413
 493 : 53 55 69 128 131 149 153 194 195 243 263 280 314 392 419 496
SOLUTION:
  Value: -511428.000000
  Assigns: 27 418 317 489 374 298 220 409 298 245 482 64 489 72 172 155 245 316 316 175 347 102 312 175 485 99 302 374 489 250 482 462 495 409 51 51 198 176 175 361 220 476 489 396 485 302 72 172 485 250 250 485 476 493 489 361 244 250 476 316 125 188 102 220 64 64 69 482 482 493 317 218 83 155 246 102 69 245 374 409 429 69 485 51 279 339 316 64 220 103 339 198 176 377 125 246 188 244 361 220 125 374 64 482 176 317 312 312 72 417 495 495 482 99 482 175 462 302 233 245 476 155 27 312 103 244 409 51 83 163 302 493 64 244 462 69 163 418 83 198 462 298 250 312 361 317 495 102 396 125 489 377 103 493 218 51 176 482 125 377 298 245 51 302 429 103 244 496 250 220 462 72 279 95 27 99 298 485 51 496 312 396 198 218 163 417 125 347 155 155 176 220 298 103 493 493 462 125 99 396 493 339 163 347 175 163 172 172 279 99 188 69 316 125 279 429 198 69 176 245 361 485 259 476 279 51 429 245 175 155 72 417 125 496 102 317 476 418 417 259 72 485 317 493 317 103 220 298 374 233 259 244 64 482 476 95 220 485 396 95 125 298 103 493 418 246 279 102 409 485 175 259 64 188 99 99 317 155 176 250 493 489 163 377 462 482 220 316 220 259 482 99 339 99 51 496 312 103 69 496 496 496 155 418 317 198 495 175 361 176 95 220 279 418 493 51 476 417 429 95 279 298 259 493 218 489 95 347 495 64 220 302 172 302 302 489 429 99 99 476 279 233 374 312 482 339 377 69 489 64 245 27 462 259 409 244 374 417 83 250 246 259 409 198 233 244 198 462 489 188 188 176 172 495 163 418 429 163 279 246 51 198 317 279 125 176 396 316 233 69 485 172 493 316 102 72 246 244 102 312 347 51 259 377 102 155 188 312 103 409 339 95 495 417 163 27 361 396 462 493 316 83 83 99 417 172 95 64 176 485 485 27 83 83 233 409 155 302 396 72 72 246 429 302 244 233 175 155 347 409 347 175 302 198 220 245 246 482 339 429 244 176 163 317 279 317 495 155 298 316 69 218 218 95 27 250 374 155 198 462 347 361 361 496 312 347 220 246 102 176 374 250 377 244 417 409 493 233 27 496 
  Facilities: 50
 27 : 0 122 174 351 415 431 474 498
 51 : 34 35 83 127 155 162 178 225 294 315 380 401
 64 : 11 64 65 87 102 132 252 272 329 349 427
 69 : 66 76 81 135 211 217 298 347 389 470
 72 : 13 46 108 171 230 240 395 439 440
 83 : 72 128 138 358 421 422 432 433
 95 : 173 255 259 310 319 326 411 426 473
 99 : 25 113 175 198 209 274 275 291 293 337 338 423
 102 : 21 62 75 147 234 267 394 398 404 488
 103 : 89 124 152 165 193 245 262 297 408
 125 : 60 94 100 149 158 186 197 213 232 260 384
 155 : 15 73 121 188 189 229 277 302 405 436 447 467 477
 163 : 129 136 184 202 205 282 374 377 414 462
 172 : 14 47 206 207 332 372 391 425
 175 : 19 23 38 115 204 228 270 307 446 451
 176 : 37 92 104 156 190 218 278 309 371 385 428 461 489
 188 : 61 96 210 273 369 370 406
 198 : 36 91 139 182 216 305 363 366 381 453 478
 218 : 71 154 183 324 471 472
 220 : 6 40 63 88 99 169 191 246 256 286 288 311 330 454 486
 233 : 118 249 341 364 388 434 445 497
 244 : 56 97 125 133 166 251 355 365 397 444 460 493
 245 : 9 16 77 119 161 219 227 350 455
 246 : 74 95 265 360 379 396 441 456 487
 250 : 29 49 50 57 142 168 279 359 475 491
 259 : 222 239 250 271 289 322 353 361 402
 279 : 84 172 208 214 224 266 312 320 340 378 383 464
 298 : 5 8 141 160 176 192 247 261 321 468
 302 : 26 45 117 130 163 331 333 334 437 443 452
 312 : 22 106 107 123 143 180 296 343 399 407 484
 316 : 17 18 59 86 212 287 387 393 420 469
 317 : 2 70 105 145 235 242 244 276 304 382 463 465
 339 : 85 90 201 292 345 410 458
 347 : 20 187 203 327 400 448 450 480 485
 361 : 39 55 98 144 220 308 416 481 482
 374 : 4 27 78 101 248 342 356 476 490
 377 : 93 151 159 283 346 403 492
 396 : 43 148 181 199 258 386 417 438
 409 : 7 33 79 126 268 354 362 409 435 449 495
 417 : 109 185 231 238 317 357 413 424 494
 418 : 1 137 237 264 303 313 375
 429 : 80 164 215 226 318 336 376 442 459
 462 : 31 116 134 140 170 196 284 352 367 418 479
 476 : 41 52 58 120 223 236 254 316 339
 482 : 10 30 67 68 103 112 114 157 253 285 290 344 457
 485 : 24 44 48 51 82 177 221 241 257 269 390 429 430
 489 : 3 12 28 42 54 150 281 325 335 348 368
 493 : 53 69 131 153 194 195 200 243 263 280 314 323 392 419 496
 495 : 32 110 111 146 306 328 373 412 466
 496 : 167 179 233 295 299 300 301 483 499
SOLUTION:
  Value: -511428.000000
  Assigns: 27 418 276 489 374 298 220 409 298 329 482 64 107 276 172 155 377 300 56 175 155 312 312 175 485 99 302 374 489 250 482 462 312 409 51 51 259 176 175 329 220 167 489 396 485 302 175 172 485 250 250 485 33 493 489 493 472 250 207 300 125 188 155 220 64 64 377 482 482 493 317 329 176 107 246 396 183 167 144 409 429 144 485 51 279 339 51 64 183 493 339 279 56 377 125 246 188 100 167 220 125 276 64 482 100 317 312 329 33 107 429 95 183 99 482 175 462 302 233 107 300 107 27 472 374 107 409 207 493 163 302 493 64 472 462 33 163 183 99 183 462 298 472 312 300 317 64 276 396 493 167 377 472 493 107 51 176 482 125 377 298 107 376 302 429 183 183 183 250 220 462 125 279 95 27 99 298 485 51 100 312 396 172 100 163 417 125 276 155 155 176 220 298 417 493 493 462 125 99 396 493 339 207 56 376 329 172 172 279 99 188 409 27 125 279 429 246 207 176 329 264 485 259 203 279 51 429 376 175 155 317 33 125 99 144 317 300 418 417 259 188 33 317 493 317 276 220 183 374 233 259 250 64 482 207 95 220 485 396 95 125 298 27 376 144 246 279 183 409 485 259 259 100 188 99 99 317 155 176 250 493 489 163 377 462 100 220 100 220 259 144 99 339 99 51 418 312 176 144 188 472 188 376 418 317 183 298 175 56 176 95 220 279 418 493 51 233 417 429 95 279 298 300 107 188 489 95 56 172 329 144 302 207 167 302 489 429 99 99 329 279 233 374 312 482 339 377 429 489 56 27 27 462 259 409 207 374 417 462 250 246 259 33 246 233 176 203 462 100 188 188 176 172 56 163 418 429 163 279 246 51 95 317 100 264 176 396 183 233 144 100 264 493 144 183 376 376 107 107 312 64 51 259 377 300 203 188 312 56 409 339 95 144 417 163 27 167 396 462 493 56 376 51 99 300 172 95 64 176 246 485 27 144 207 233 409 155 302 396 33 298 246 300 302 472 233 175 155 203 409 374 175 302 107 220 167 246 482 376 429 220 176 163 317 107 317 298 155 300 172 144 99 276 95 27 250 374 155 163 462 264 233 264 374 312 207 220 472 107 176 374 250 377 203 417 409 493 233 27 329 
  Facilities: 50
 27 : 0 122 174 212 262 350 351 415 431 474 498
 33 : 52 108 135 231 241 362 439
 51 : 34 35 83 86 155 178 225 294 315 380 401 422
 56 : 18 92 203 308 327 349 373 408 420
 64 : 11 64 65 87 102 132 146 252 400 427
 95 : 111 173 255 259 310 319 326 381 411 426 473
 99 : 25 113 138 175 198 209 233 274 275 291 293 337 338 423 471
 100 : 97 104 179 183 272 285 287 368 383 390
 107 : 12 73 109 119 121 125 154 161 323 397 398 453 464 488
 125 : 60 94 100 158 171 186 197 213 232 260
 144 : 78 81 234 264 290 298 330 389 393 412 432 470
 155 : 15 20 62 188 189 229 277 436 447 467 477
 163 : 129 136 184 282 374 377 414 462 478
 167 : 41 77 98 150 333 416 455
 172 : 14 47 182 206 207 328 372 425 469
 175 : 19 23 38 46 115 228 307 446 451
 176 : 37 72 156 190 218 278 297 309 365 371 385 428 461 489
 183 : 76 88 112 137 139 165 166 167 247 267 305 387 394
 188 : 61 96 210 240 273 299 301 324 369 370 406
 203 : 223 366 405 448 493
 207 : 58 127 202 217 254 332 355 433 485
 220 : 6 40 63 99 169 191 246 256 286 288 311 454 460 486
 233 : 118 249 316 341 364 388 434 445 481 497
 246 : 74 95 216 265 360 363 379 429 441 456
 250 : 29 49 50 57 168 251 279 359 475 491
 259 : 36 222 239 250 270 271 289 353 361 402
 264 : 220 384 391 480 482
 276 : 2 13 101 147 187 245 472
 279 : 84 91 172 208 214 224 266 312 320 340 378
 298 : 5 8 141 160 176 192 261 306 321 440 466
 300 : 17 59 120 144 236 322 404 424 442 468
 302 : 26 45 117 130 163 331 334 437 443 452
 312 : 21 22 32 106 143 180 296 343 399 407 484
 317 : 70 105 145 230 235 242 244 276 304 382 463 465
 329 : 9 39 71 107 205 219 329 339 499
 339 : 85 90 201 292 345 410
 374 : 4 27 124 248 342 356 450 476 483 490
 376 : 162 204 227 263 302 395 396 421 458
 377 : 16 66 93 151 159 283 346 403 492
 396 : 43 75 148 181 199 258 386 417 438
 409 : 7 33 79 126 211 268 354 409 435 449 495
 417 : 185 193 238 317 357 413 494
 418 : 1 237 295 303 313 375
 429 : 80 110 164 215 226 318 336 347 376 459
 462 : 31 116 134 140 170 196 284 352 358 367 418 479
 472 : 56 123 133 142 152 300 444 487
 482 : 10 30 67 68 103 114 157 253 344 457
 485 : 24 44 48 51 82 177 221 257 269 430
 489 : 3 28 42 54 281 325 335 348
 493 : 53 55 69 89 128 131 149 153 194 195 200 243 280 314 392 419 496
SOLUTION:
  Value: -511430.000000
  Assigns: 27 418 364 125 374 298 493 409 298 448 102 64 107 316 207 155 337 316 316 175 155 102 312 364 485 99 302 374 141 498 372 141 448 409 51 51 198 176 175 329 279 372 493 396 303 498 175 336 485 448 83 485 33 493 398 493 472 498 303 316 125 303 102 398 64 64 377 372 462 337 317 329 83 107 268 102 126 188 374 409 190 1 336 51 279 339 316 64 151 493 339 198 498 377 125 1 188 100 448 141 125 374 64 99 100 317 312 498 33 107 402 83 155 337 151 175 398 302 402 107 337 364 27 472 374 398 409 207 83 141 302 493 64 472 462 33 329 141 83 198 462 298 472 312 303 317 64 102 396 125 329 377 472 493 448 51 176 151 125 377 298 107 51 302 472 402 448 268 141 462 462 125 372 303 27 99 298 485 51 100 312 396 198 100 312 316 141 264 155 155 176 372 298 141 493 493 462 125 190 396 1 339 207 364 175 329 190 337 398 99 188 102 151 125 279 155 198 207 176 364 264 485 259 51 279 51 337 364 175 498 317 33 125 99 102 317 83 418 472 259 188 268 317 493 317 336 498 298 374 83 259 402 372 402 207 398 1 485 396 151 125 298 398 493 418 264 279 102 409 485 303 259 100 188 99 99 317 155 176 126 493 409 64 377 462 100 498 316 336 259 303 99 339 99 51 418 312 176 190 188 472 364 155 418 336 198 298 175 27 176 336 176 279 418 493 51 402 27 1 409 279 298 259 107 337 298 107 337 188 329 498 302 207 302 302 402 336 99 99 329 279 303 374 312 155 339 377 493 190 64 126 27 462 268 409 207 374 374 83 100 151 259 33 198 1 176 402 462 100 372 337 176 448 141 493 418 372 493 279 151 51 198 317 100 264 176 498 316 1 303 100 264 493 316 102 33 190 107 102 312 364 51 259 377 102 155 188 312 374 409 339 402 190 337 99 27 337 396 462 493 316 83 83 99 372 303 268 64 337 141 485 27 83 83 372 409 155 302 396 33 298 107 141 302 472 126 268 155 498 409 374 175 302 107 141 402 151 337 339 336 364 176 279 317 126 317 298 155 448 316 190 99 126 448 27 268 374 155 198 462 264 27 264 374 312 207 448 190 107 176 141 125 377 190 364 337 493 485 27 329 
  Facilities: 50
 1 : 81 95 200 256 318 364 388
 27 : 0 122 174 308 317 351 415 431 474 481 498
 33 : 52 108 135 231 362 395 439
 51 : 34 35 83 155 162 178 223 225 294 315 380 401
 64 : 11 64 65 87 102 132 146 282 349 427
 83 : 50 72 111 128 138 236 249 358 421 422 432 433
 99 : 25 103 175 209 233 274 275 291 293 337 338 414 423 471
 100 : 97 104 179 183 272 285 359 368 383 390
 102 : 10 21 62 75 147 211 234 267 394 398 404
 107 : 12 73 109 119 161 323 326 397 441 453 488
 125 : 3 60 94 100 149 158 171 197 213 232 260 491
 126 : 76 279 350 445 464 472
 141 : 28 31 99 129 137 168 186 193 373 429 442 454 490
 151 : 88 114 157 212 259 360 379 456
 155 : 15 20 112 188 189 215 277 302 344 405 436 447 467 477
 175 : 19 38 46 115 204 228 307 451
 176 : 37 156 190 218 278 297 309 311 365 371 385 461 489
 188 : 77 96 210 240 273 299 328 406
 190 : 80 198 206 298 348 396 412 470 487 493
 198 : 36 91 139 182 216 305 363 381 478
 207 : 14 127 202 217 254 332 355 485
 259 : 222 239 250 271 289 322 361 402
 264 : 187 220 265 384 391 480 482
 268 : 74 167 241 353 426 446 475
 279 : 40 84 214 224 266 312 320 340 378 462
 298 : 5 8 141 160 176 192 247 261 306 321 325 440 466
 302 : 26 117 130 163 331 333 334 437 443 452
 303 : 44 58 61 144 173 270 290 341 389 425
 312 : 22 106 143 180 184 296 343 399 407 484
 316 : 13 17 18 59 86 185 287 387 393 420 469
 317 : 70 105 145 230 235 242 244 276 382 463 465
 329 : 39 71 136 150 205 329 339 499
 336 : 47 82 245 288 304 310 336 459
 337 : 16 69 113 120 207 226 324 327 370 413 416 428 457 495
 339 : 85 90 201 292 345 410 458
 364 : 2 23 121 203 219 227 301 400 460 494
 372 : 30 41 67 172 191 252 369 376 424 434
 374 : 4 27 78 101 124 248 342 356 357 408 450 476 483
 377 : 66 93 151 159 283 346 403 492
 396 : 43 148 181 199 258 417 438
 398 : 54 63 116 125 208 255 262
 402 : 110 118 165 251 253 316 335 366 411 455
 409 : 7 33 79 126 268 281 319 354 409 435 449
 418 : 1 237 264 295 303 313 375
 448 : 9 32 49 98 154 166 372 468 473 486
 462 : 68 134 140 169 170 196 284 352 367 418 479
 472 : 56 123 133 142 152 164 238 300 444
 485 : 24 48 51 177 221 257 269 430 497
 493 : 6 42 53 55 89 131 153 194 195 243 263 280 314 347 374 377 392 419 496
 498 : 29 45 57 92 107 229 246 286 330 386 448
SOLUTION:
  Value: -511433.000000
  Assigns: 27 418 276 489 374 298 220 409 298 329 482 64 107 316 172 155 377 316 316 175 155 312 312 175 485 99 302 374 489 58 482 462 312 409 51 51 259 176 175 329 220 167 489 396 303 302 175 172 485 268 246 485 33 493 489 493 472 274 303 316 125 303 155 220 64 64 377 482 482 493 317 329 176 107 268 396 183 167 374 409 429 246 485 51 279 339 316 64 183 493 339 279 56 377 125 246 188 100 167 220 125 276 64 482 100 317 312 329 33 107 429 95 183 99 482 175 462 302 233 107 188 107 27 472 374 107 409 207 493 163 302 493 64 472 462 33 163 183 99 183 462 298 472 312 303 317 64 276 396 125 167 377 472 493 303 51 176 482 274 377 298 107 51 302 472 183 183 268 183 220 462 125 279 274 27 99 298 485 58 274 312 396 172 100 163 316 125 276 155 58 176 220 298 303 493 493 462 125 99 396 493 339 207 56 175 329 172 172 279 99 188 409 316 125 279 429 246 207 176 329 264 485 259 203 279 51 429 203 175 58 317 33 125 99 58 317 462 418 472 259 188 268 317 493 317 276 220 183 58 233 259 339 64 482 207 95 220 485 396 95 125 274 58 493 418 246 279 183 409 485 175 259 100 188 274 99 317 155 176 95 493 489 163 377 462 100 220 316 220 259 303 99 339 99 51 418 312 176 259 188 472 188 155 418 317 183 298 175 56 176 58 220 279 418 493 51 233 27 429 95 279 298 259 107 188 489 95 56 172 329 220 302 207 167 302 489 429 99 99 329 279 303 374 312 482 339 377 429 489 56 268 27 462 268 409 207 374 374 462 100 246 259 33 246 233 176 203 462 274 188 188 176 172 56 58 418 429 163 279 246 51 95 317 100 264 176 396 316 233 303 100 264 493 316 183 33 246 107 107 312 64 51 259 377 107 203 188 312 56 409 339 95 274 489 163 27 167 396 462 493 56 58 51 99 95 172 95 64 176 485 485 27 268 207 233 409 155 302 396 33 298 246 429 302 472 233 268 155 203 409 374 175 302 107 220 167 246 482 339 429 220 176 163 317 107 317 298 155 298 316 203 99 276 95 27 268 374 155 163 462 264 233 264 374 312 207 220 472 107 176 374 125 377 203 276 409 493 233 58 329 
  Facilities: 50
 27 : 0 122 174 317 351 415 431 474
 33 : 52 108 135 231 362 395 439
 51 : 34 35 83 155 162 225 294 315 380 401 422
 56 : 92 203 308 327 349 373 408 420
 58 : 29 178 189 229 234 248 262 310 374 421 498
 64 : 11 64 65 87 102 132 146 252 400 427
 95 : 111 255 259 279 319 326 381 411 424 426 473
 99 : 25 113 138 175 198 209 233 275 291 293 337 338 423 471
 100 : 97 104 183 272 285 359 383 390
 107 : 12 73 109 119 121 125 161 323 397 398 404 453 464 488
 125 : 60 94 100 149 171 186 197 213 232 260 491
 155 : 15 20 62 188 277 302 436 447 467 477
 163 : 129 136 184 282 377 414 462 478
 167 : 41 77 98 150 333 416 455
 172 : 14 47 182 206 207 328 372 425
 175 : 19 23 38 46 115 204 228 270 307 451
 176 : 37 72 156 190 218 278 297 309 365 371 385 428 461 489
 183 : 76 88 112 137 139 165 166 168 247 267 305 394
 188 : 96 120 210 240 273 299 301 324 369 370 406
 203 : 223 227 366 405 448 470 493
 207 : 127 202 217 254 332 355 433 485
 220 : 6 40 63 99 169 191 246 256 286 288 311 330 454 460 486
 233 : 118 249 316 364 388 434 445 481 497
 246 : 50 81 95 216 265 360 363 379 396 441 456
 259 : 36 222 239 250 271 289 298 322 361 402
 264 : 220 384 391 480 482
 268 : 49 74 167 241 350 353 432 446 475
 274 : 57 158 173 179 261 274 368 412
 276 : 2 101 147 187 245 472 494
 279 : 84 91 172 208 214 224 266 312 320 340 378
 298 : 5 8 141 160 176 192 306 321 440 466 468
 302 : 26 45 117 130 163 331 334 437 443 452
 303 : 44 58 61 144 154 193 290 341 389
 312 : 21 22 32 106 143 180 296 343 399 407 484
 316 : 13 17 18 59 86 185 212 287 387 393 469
 317 : 70 105 145 230 235 242 244 276 304 382 463 465
 329 : 9 39 71 107 205 219 329 339 499
 339 : 85 90 201 251 292 345 410 458
 374 : 4 27 78 124 342 356 357 450 476 483 490
 377 : 16 66 93 151 159 283 346 403 492
 396 : 43 75 148 181 199 258 386 417 438
 409 : 7 33 79 126 211 268 354 409 435 449 495
 418 : 1 237 264 295 303 313 375
 429 : 80 110 215 226 318 336 347 376 442 459
 462 : 31 116 134 140 170 196 236 284 352 358 367 418 479
 472 : 56 123 133 142 152 164 238 300 444 487
 482 : 10 30 67 68 103 114 157 253 344 457
 485 : 24 48 51 82 177 221 257 269 429 430
 489 : 3 28 42 54 281 325 335 348 413
 493 : 53 55 69 89 128 131 153 194 195 200 243 263 280 314 392 419 496
SOLUTION:
  Value: -511449.000000
  Assigns: 27 418 364 125 374 298 220 413 298 329 482 64 107 316 172 155 150 316 316 155 155 102 312 364 485 99 302 374 85 250 482 462 85 95 51 51 259 176 102 329 220 167 493 396 485 302 360 172 485 250 250 485 33 493 398 496 472 250 99 316 125 188 102 220 64 150 69 482 482 493 317 329 176 107 339 102 69 167 374 193 190 69 485 51 279 339 316 64 220 493 339 193 176 377 125 95 188 482 167 220 125 374 85 482 364 317 312 312 33 107 85 95 360 99 482 27 398 302 233 107 188 364 27 472 413 398 150 51 493 163 302 493 64 472 462 69 163 418 99 298 462 298 472 312 339 317 64 102 396 493 167 377 472 493 107 51 176 482 125 377 298 107 51 302 472 193 396 496 250 220 462 125 85 95 27 99 298 485 51 496 312 396 172 398 163 316 125 264 155 155 176 220 298 360 493 413 462 125 190 396 493 339 193 364 150 329 172 172 398 99 188 69 316 125 279 429 482 69 176 364 264 85 259 51 279 51 429 364 85 360 317 33 125 496 102 317 462 418 150 259 188 33 317 493 317 413 220 298 374 233 259 250 64 482 150 95 220 360 396 95 377 298 398 493 418 264 279 102 377 485 259 259 64 188 99 99 317 155 176 250 493 339 163 377 462 482 220 316 220 259 482 99 339 99 51 496 312 176 69 496 496 364 155 418 85 163 298 485 27 176 95 220 279 418 493 51 233 27 360 95 279 298 413 107 188 298 95 150 172 329 220 360 172 167 150 360 429 99 99 329 279 233 374 312 482 339 377 69 190 150 27 27 462 259 150 193 374 193 462 250 193 259 150 364 233 176 85 462 107 188 188 176 172 193 163 418 429 163 279 485 51 102 317 279 264 176 396 316 233 69 485 264 493 316 102 33 190 107 102 312 364 51 259 377 193 155 188 312 374 329 339 95 190 429 163 27 167 396 462 493 85 413 51 99 95 172 95 64 176 485 485 27 364 85 233 95 155 302 396 33 298 107 429 302 472 233 360 155 360 485 413 176 302 107 220 167 85 482 339 429 364 176 163 317 107 317 298 155 298 316 69 99 413 95 27 250 374 155 163 462 264 233 264 496 312 413 220 190 107 176 374 250 377 190 364 233 493 233 27 496 
  Facilities: 48
 27 : 0 115 122 174 308 317 350 351 415 431 474 498
 33 : 52 108 231 241 395 439
 51 : 34 35 83 127 155 162 178 223 225 294 315 380 401 422
 64 : 11 64 87 132 146 252 272 427
 69 : 66 76 81 135 211 217 298 347 389 470
 85 : 28 32 102 110 172 221 228 304 366 420 433 456
 95 : 33 95 111 173 255 259 310 319 326 411 424 426 435 473
 99 : 25 58 113 138 175 209 274 275 291 293 337 338 423 471
 102 : 21 38 62 75 147 234 267 381 394 398
 107 : 12 73 109 119 154 161 323 368 397 441 453 464 488
 125 : 3 60 94 100 158 171 186 197 213 232
 150 : 16 65 126 204 238 254 327 334 349 354 362
 155 : 15 19 20 188 189 277 302 405 436 447 467 477
 163 : 129 136 184 282 305 374 377 414 462 478
 167 : 41 77 98 150 333 416 455
 172 : 14 47 182 206 207 328 332 372 425
 176 : 37 72 92 156 190 218 278 297 309 365 371 385 428 451 461 489
 188 : 61 96 120 210 240 273 324 369 370 406
 190 : 80 198 348 396 412 487 493
 193 : 79 91 165 202 355 357 360 373 404
 220 : 6 40 63 88 99 169 191 246 256 286 288 311 330 454 486
 233 : 118 249 316 341 364 388 434 445 481 495 497
 250 : 29 49 50 57 168 251 279 359 475 491
 259 : 36 222 239 250 270 271 289 353 361 402
 264 : 187 220 265 384 391 480 482
 279 : 84 214 224 266 312 320 340 378 383
 298 : 5 8 139 141 160 176 192 247 261 306 321 325 440 466 468
 302 : 26 45 117 130 163 437 443 452
 312 : 22 106 107 143 180 296 343 399 407 484
 316 : 13 17 18 59 86 185 212 287 387 393 469
 317 : 70 105 145 230 235 242 244 276 382 463 465
 329 : 9 39 71 205 329 339 409
 339 : 74 85 90 144 201 281 292 345 410 458
 360 : 46 112 193 229 257 318 331 335 446 448
 364 : 2 23 104 121 203 219 227 301 363 400 432 460 494
 374 : 4 27 78 101 248 342 356 408 476 490
 377 : 93 151 159 260 268 283 346 403 492
 396 : 43 148 166 181 199 258 386 417 438
 398 : 54 116 125 183 208 262
 413 : 7 124 195 245 322 421 450 472 485
 418 : 1 137 237 264 303 313 375
 429 : 215 226 336 376 413 442 459
 462 : 31 134 140 170 196 236 284 352 358 367 418 479
 472 : 56 123 133 142 152 164 444
 482 : 10 30 67 68 97 103 114 157 216 253 285 290 344 457
 485 : 24 44 48 51 82 177 269 307 379 390 429 430 449
 493 : 42 53 69 89 128 131 149 153 194 200 243 263 280 314 392 419 496
 496 : 55 167 179 233 295 299 300 483 499
