# Time: 220.809998
# Elapsed: 92.539207
# Input_file: splp/Euclid/1811EuclS.txt
# Pool_size: 200
# Iterations: 26
# Final_solutions: 4706
# Vision_range: 400
# Reduction_mode: REDUCTION_DISPERSE
# Dissimilitude: DISSIM_HAUSDORFF
# Facility_dist: FDISMODE_SUMOFDELTAS
SOLUTION:
  Value: -103649.000000
  Assigns: 43 1 55 96 79 28 80 80 96 1 70 28 97 21 50 28 79 89 79 43 1 21 45 70 50 80 55 80 28 45 30 21 70 45 36 36 36 30 96 89 50 1 79 43 96 45 70 55 21 70 50 70 1 97 89 55 50 70 43 21 96 80 55 96 30 55 30 89 97 70 70 79 21 28 89 55 70 89 70 79 80 36 1 89 97 55 89 70 89 89 30 28 28 96 36 79 96 97 45 97 
  Facilities: 15
 1 : 1 9 20 41 52 82
 21 : 13 21 31 48 59 72
 28 : 5 11 15 28 73 91 92
 30 : 30 37 64 66 90
 36 : 34 35 36 81 94
 43 : 0 19 43 58
 45 : 22 29 33 45 98
 50 : 14 24 40 50 56
 55 : 2 26 47 55 62 65 75 85
 70 : 10 23 32 46 49 51 57 69 70 76 78 87
 79 : 4 16 18 42 71 79 95
 80 : 6 7 25 27 61 80
 89 : 17 39 54 67 74 77 83 86 88 89
 96 : 3 8 38 44 60 63 93 96
 97 : 12 53 68 84 97 99
SOLUTION:
  Value: -103744.000000
  Assigns: 43 30 55 96 79 28 80 80 96 30 70 28 97 21 50 28 79 89 79 43 30 21 45 70 50 80 55 80 28 45 30 21 70 45 36 36 36 30 96 89 50 30 79 43 96 45 70 55 21 70 50 70 80 97 89 55 50 70 43 21 96 80 55 96 30 55 30 89 97 70 70 79 21 28 89 55 70 89 70 79 80 36 30 89 97 55 89 70 89 89 30 28 28 96 36 79 96 97 45 97 
  Facilities: 14
 21 : 13 21 31 48 59 72
 28 : 5 11 15 28 73 91 92
 30 : 1 9 20 30 37 41 64 66 82 90
 36 : 34 35 36 81 94
 43 : 0 19 43 58
 45 : 22 29 33 45 98
 50 : 14 24 40 50 56
 55 : 2 26 47 55 62 65 75 85
 70 : 10 23 32 46 49 51 57 69 70 76 78 87
 79 : 4 16 18 42 71 79 95
 80 : 6 7 25 27 52 61 80
 89 : 17 39 54 67 74 77 83 86 88 89
 96 : 3 8 38 44 60 63 93 96
 97 : 12 53 68 84 97 99
SOLUTION:
  Value: -104669.000000
  Assigns: 43 30 55 96 30 28 80 80 96 30 70 28 97 21 50 28 43 89 43 43 30 21 45 70 50 80 55 80 28 45 30 21 70 45 36 36 36 30 96 89 50 30 30 43 96 45 70 55 21 70 50 70 80 97 89 55 50 70 43 21 96 80 55 96 30 55 30 89 97 70 70 43 21 28 89 55 70 89 70 43 80 36 30 89 97 55 89 70 89 89 30 28 28 96 36 43 96 97 45 97 
  Facilities: 13
 21 : 13 21 31 48 59 72
 28 : 5 11 15 28 73 91 92
 30 : 1 4 9 20 30 37 41 42 64 66 82 90
 36 : 34 35 36 81 94
 43 : 0 16 18 19 43 58 71 79 95
 45 : 22 29 33 45 98
 50 : 14 24 40 50 56
 55 : 2 26 47 55 62 65 75 85
 70 : 10 23 32 46 49 51 57 69 70 76 78 87
 80 : 6 7 25 27 52 61 80
 89 : 17 39 54 67 74 77 83 86 88 89
 96 : 3 8 38 44 60 63 93 96
 97 : 12 53 68 84 97 99
SOLUTION:
  Value: -105263.000000
  Assigns: 43 1 55 96 79 28 80 80 96 1 70 28 97 21 50 28 79 89 79 43 1 21 89 70 50 80 55 80 28 36 30 21 70 89 36 36 36 30 96 89 50 1 79 43 96 89 70 55 21 70 50 70 1 97 89 55 50 70 43 21 96 80 55 96 30 55 30 89 97 70 70 79 21 28 89 55 70 89 70 79 80 36 1 89 97 55 89 70 89 89 30 28 28 96 36 79 96 97 36 97 
  Facilities: 14
 1 : 1 9 20 41 52 82
 21 : 13 21 31 48 59 72
 28 : 5 11 15 28 73 91 92
 30 : 30 37 64 66 90
 36 : 29 34 35 36 81 94 98
 43 : 0 19 43 58
 50 : 14 24 40 50 56
 55 : 2 26 47 55 62 65 75 85
 70 : 10 23 32 46 49 51 57 69 70 76 78 87
 79 : 4 16 18 42 71 79 95
 80 : 6 7 25 27 61 80
 89 : 17 22 33 39 45 54 67 74 77 83 86 88 89
 96 : 3 8 38 44 60 63 93 96
 97 : 12 53 68 84 97 99
SOLUTION:
  Value: -105358.000000
  Assigns: 43 30 55 96 79 28 80 80 96 30 70 28 97 21 50 28 79 89 79 43 30 21 89 70 50 80 55 80 28 36 30 21 70 89 36 36 36 30 96 89 50 30 79 43 96 89 70 55 21 70 50 70 80 97 89 55 50 70 43 21 96 80 55 96 30 55 30 89 97 70 70 79 21 28 89 55 70 89 70 79 80 36 30 89 97 55 89 70 89 89 30 28 28 96 36 79 96 97 36 97 
  Facilities: 13
 21 : 13 21 31 48 59 72
 28 : 5 11 15 28 73 91 92
 30 : 1 9 20 30 37 41 64 66 82 90
 36 : 29 34 35 36 81 94 98
 43 : 0 19 43 58
 50 : 14 24 40 50 56
 55 : 2 26 47 55 62 65 75 85
 70 : 10 23 32 46 49 51 57 69 70 76 78 87
 79 : 4 16 18 42 71 79 95
 80 : 6 7 25 27 52 61 80
 89 : 17 22 33 39 45 54 67 74 77 83 86 88 89
 96 : 3 8 38 44 60 63 93 96
 97 : 12 53 68 84 97 99
SOLUTION:
  Value: -105594.000000
  Assigns: 43 1 55 96 79 28 80 80 96 1 49 28 68 21 24 28 79 39 79 43 1 21 39 76 24 80 26 80 28 45 30 21 26 45 34 34 34 30 96 39 24 1 79 43 96 45 76 55 21 49 24 49 1 68 39 55 24 76 43 21 96 34 55 96 30 55 30 88 68 76 49 79 21 88 24 55 76 39 76 79 80 34 1 88 68 55 88 76 88 39 30 28 28 96 34 79 96 24 45 68 
  Facilities: 18
 1 : 1 9 20 41 52 82
 21 : 13 21 31 48 59 72
 24 : 14 24 40 50 56 74 97
 26 : 26 32
 28 : 5 11 15 28 91 92
 30 : 30 37 64 66 90
 34 : 34 35 36 61 81 94
 39 : 17 22 39 54 77 89
 43 : 0 19 43 58
 45 : 29 33 45 98
 49 : 10 49 51 70
 55 : 2 47 55 62 65 75 85
 68 : 12 53 68 84 99
 76 : 23 46 57 69 76 78 87
 79 : 4 16 18 42 71 79 95
 80 : 6 7 25 27 80
 88 : 67 73 83 86 88
 96 : 3 8 38 44 60 63 93 96
SOLUTION:
  Value: -105601.000000
  Assigns: 58 1 47 58 79 11 27 27 93 1 10 11 53 21 56 56 79 83 58 79 1 21 45 76 56 27 47 27 11 45 1 21 10 45 81 81 81 90 93 83 56 1 79 58 58 45 76 47 21 10 56 10 1 53 83 47 56 76 58 21 93 81 47 93 1 47 90 83 53 10 10 58 21 11 83 47 76 83 76 79 27 81 1 83 53 47 83 76 83 83 90 11 11 93 81 79 58 53 45 53 
  Facilities: 16
 1 : 1 9 20 30 41 52 64 82
 10 : 10 32 49 51 69 70
 11 : 5 11 28 73 91 92
 21 : 13 21 31 48 59 72
 27 : 6 7 25 27 80
 45 : 22 29 33 45 98
 47 : 2 26 47 55 62 65 75 85
 53 : 12 53 68 84 97 99
 56 : 14 15 24 40 50 56
 58 : 0 3 18 43 44 58 71 96
 76 : 23 46 57 76 78 87
 79 : 4 16 19 42 79 95
 81 : 34 35 36 61 81 94
 83 : 17 39 54 67 74 77 83 86 88 89
 90 : 37 66 90
 93 : 8 38 60 63 93
SOLUTION:
  Value: -105689.000000
  Assigns: 43 30 55 96 79 28 80 80 96 30 49 28 68 21 24 28 79 39 79 43 30 21 39 76 24 80 26 80 28 45 30 21 26 45 34 34 34 30 96 39 24 30 79 43 96 45 76 55 21 49 24 49 80 68 39 55 24 76 43 21 96 34 55 96 30 55 30 88 68 76 49 79 21 88 24 55 76 39 76 79 80 34 30 88 68 55 88 76 88 39 30 28 28 96 34 79 96 24 45 68 
  Facilities: 17
 21 : 13 21 31 48 59 72
 24 : 14 24 40 50 56 74 97
 26 : 26 32
 28 : 5 11 15 28 91 92
 30 : 1 9 20 30 37 41 64 66 82 90
 34 : 34 35 36 61 81 94
 39 : 17 22 39 54 77 89
 43 : 0 19 43 58
 45 : 29 33 45 98
 49 : 10 49 51 70
 55 : 2 47 55 62 65 75 85
 68 : 12 53 68 84 99
 76 : 23 46 57 69 76 78 87
 79 : 4 16 18 42 71 79 95
 80 : 6 7 25 27 52 80
 88 : 67 73 83 86 88
 96 : 3 8 38 44 60 63 93 96
SOLUTION:
  Value: -106058.000000
  Assigns: 43 1 55 96 79 28 80 80 96 1 49 28 68 55 24 28 79 39 79 31 1 31 39 76 24 80 55 80 28 45 30 31 49 45 34 34 34 30 96 39 24 1 79 43 96 45 76 55 31 49 24 49 1 68 39 55 24 76 43 31 96 34 55 96 30 55 30 88 68 76 49 79 31 88 24 55 76 39 76 79 80 34 1 88 68 55 88 76 88 39 30 28 28 96 34 79 96 24 45 68 
  Facilities: 17
 1 : 1 9 20 41 52 82
 24 : 14 24 40 50 56 74 97
 28 : 5 11 15 28 91 92
 30 : 30 37 64 66 90
 31 : 19 21 31 48 59 72
 34 : 34 35 36 61 81 94
 39 : 17 22 39 54 77 89
 43 : 0 43 58
 45 : 29 33 45 98
 49 : 10 32 49 51 70
 55 : 2 13 26 47 55 62 65 75 85
 68 : 12 53 68 84 99
 76 : 23 46 57 69 76 78 87
 79 : 4 16 18 42 71 79 95
 80 : 6 7 25 27 80
 88 : 67 73 83 86 88
 96 : 3 8 38 44 60 63 93 96
SOLUTION:
  Value: -106158.000000
  Assigns: 43 30 55 96 79 28 80 80 96 30 49 28 68 21 24 28 79 88 79 43 30 21 45 76 24 80 26 80 28 45 30 21 26 45 34 34 34 30 96 88 24 30 79 43 96 45 76 55 21 49 24 49 80 68 88 55 24 76 43 21 96 34 55 96 30 55 30 88 68 76 49 79 21 88 24 55 76 88 76 79 80 34 30 88 68 55 88 76 88 88 30 28 28 96 34 79 96 24 45 68 
  Facilities: 16
 21 : 13 21 31 48 59 72
 24 : 14 24 40 50 56 74 97
 26 : 26 32
 28 : 5 11 15 28 91 92
 30 : 1 9 20 30 37 41 64 66 82 90
 34 : 34 35 36 61 81 94
 43 : 0 19 43 58
 45 : 22 29 33 45 98
 49 : 10 49 51 70
 55 : 2 47 55 62 65 75 85
 68 : 12 53 68 84 99
 76 : 23 46 57 69 76 78 87
 79 : 4 16 18 42 71 79 95
 80 : 6 7 25 27 52 80
 88 : 17 39 54 67 73 77 83 86 88 89
 96 : 3 8 38 44 60 63 93 96
