# Time: 21305.160156
# Elapsed: 3073.021240
# Input_file: splp/KoerkelGhosh-sym/750/c/gs750c-1
# Pool_size: 400
# Iterations: 9
# Final_solutions: 2817
# Vision_range: 600
# Reduction_mode: REDUCTION_DISPERSE
# Dissimilitude: DISSIM_CLIENTDELTA
SOLUTION:
  Value: -901743.000000
  Assigns: 127 478 340 66 602 602 127 127 427 66 602 724 724 724 427 66 340 127 478 340 340 127 478 478 602 602 127 340 602 602 340 340 602 602 724 478 66 478 724 724 478 602 127 66 66 724 127 66 427 427 127 602 602 427 478 724 66 724 724 66 427 724 724 66 724 340 602 427 127 340 427 602 427 127 66 427 724 66 66 602 340 478 478 724 427 602 478 340 602 724 127 427 724 340 724 478 66 66 127 724 340 127 66 724 427 427 602 602 724 340 127 427 127 66 427 340 340 724 602 602 427 127 478 602 602 66 66 427 427 724 127 66 340 127 724 478 478 340 127 340 724 340 340 127 66 602 427 427 66 427 427 127 478 340 427 602 340 724 478 340 478 602 340 478 478 127 427 127 724 66 724 427 127 66 478 340 66 724 602 66 724 724 478 340 127 478 127 724 427 602 127 724 340 66 724 340 427 127 478 340 66 478 478 427 127 724 478 602 127 602 340 340 602 478 478 340 340 340 478 724 427 66 724 340 66 66 602 66 66 127 724 427 127 127 66 427 724 340 427 427 602 724 602 127 340 340 427 602 478 127 427 340 724 66 724 427 602 724 66 602 66 66 724 602 340 602 724 340 724 127 427 66 724 66 478 724 724 427 478 478 724 478 340 127 127 66 602 724 478 427 602 602 66 340 478 66 724 478 427 127 724 340 66 127 427 724 427 478 724 724 478 602 427 340 340 66 602 602 724 602 127 66 724 340 127 427 478 427 66 478 427 127 427 340 127 66 66 602 602 66 427 427 127 478 602 602 127 602 127 340 602 66 427 478 66 66 427 66 427 127 340 127 127 427 340 340 427 602 340 478 478 478 127 127 478 66 427 478 602 427 427 427 340 66 427 602 478 427 66 427 66 127 602 724 340 340 427 427 340 478 478 724 127 66 724 427 478 724 478 724 602 66 66 66 340 340 724 127 724 127 427 340 66 478 127 127 127 340 602 724 66 724 602 127 127 602 427 66 340 427 427 127 127 602 427 127 602 127 478 127 478 602 602 127 66 427 724 340 602 66 340 127 427 427 127 724 127 427 478 340 724 427 127 127 724 478 724 127 724 127 427 127 427 724 478 602 66 427 724 724 724 602 66 427 340 478 427 340 602 66 127 340 340 66 478 602 602 66 127 66 427 724 478 724 127 427 66 340 340 427 478 602 66 127 427 724 724 427 66 340 340 127 724 340 478 724 127 127 724 602 340 127 602 602 602 602 478 724 427 602 66 427 340 427 602 127 427 478 602 66 66 427 427 127 340 66 66 340 602 127 340 66 427 340 340 340 724 127 66 127 340 724 478 724 340 724 602 602 340 340 724 724 127 478 602 66 478 427 602 478 340 724 66 127 724 427 127 478 340 427 340 340 127 340 478 478 724 340 478 724 427 66 340 127 340 127 340 427 66 427 127 127 127 478 478 478 602 427 427 340 478 427 478 340 66 127 127 127 602 340 724 66 427 724 127 66 427 724 127 602 602 478 427 602 66 427 66 340 427 427 478 340 478 724 724 66 724 66 602 724 478 724 340 602 66 478 478 427 724 602 602 66 340 602 427 724 127 340 427 340 724 427 127 340 427 427 127 66 602 427 427 478 602 66 602 340 127 66 724 602 478 66 127 724 478 340 427 427 724 724 340 602 340 127 478 127 340 127 724 127 127 478 127 478 724 602 427 478 478 602 
  Facilities: 7
 66 : 3 9 15 36 43 44 47 56 59 63 74 77 78 96 97 102 113 125 126 131 144 148 169 173 176 179 193 200 221 224 225 227 228 234 253 258 260 261 271 273 285 292 295 302 315 321 328 335 336 339 351 354 355 357 375 383 388 390 403 411 412 413 422 430 437 454 459 486 492 499 503 507 509 516 522 528 550 559 560 565 566 571 578 595 602 621 628 644 651 655 664 666 675 677 684 691 707 713 717 721
 127 : 0 6 7 17 21 26 42 46 50 68 73 90 98 101 110 112 121 130 133 138 143 151 165 167 172 184 186 190 197 204 208 229 232 233 243 249 269 283 284 299 303 320 324 331 334 342 346 348 359 361 362 372 373 391 402 417 419 424 425 426 433 434 441 442 445 447 449 453 461 464 466 472 473 477 479 481 500 508 514 523 531 536 537 541 555 563 569 577 579 592 603 606 612 623 625 630 631 632 645 646 647 654 658 696 702 706 716 722 733 735 737 739 740 742
 340 : 2 16 19 20 27 30 31 65 69 80 87 93 100 109 115 116 132 137 139 141 142 153 156 159 162 175 183 192 195 199 210 211 215 216 217 223 237 244 245 251 264 267 282 293 301 313 314 323 333 349 360 364 365 368 382 394 395 398 414 415 421 427 438 457 460 469 494 497 501 502 517 518 529 530 533 540 552 564 567 570 573 574 575 580 584 588 589 600 608 610 611 613 617 622 624 626 639 643 649 667 671 682 692 697 699 703 715 725 730 732 736
 427 : 8 14 48 49 53 60 67 70 72 75 84 91 104 105 111 114 120 127 128 146 147 149 150 154 166 171 188 196 203 220 231 235 238 239 246 250 255 270 277 289 298 304 306 312 325 327 330 332 340 341 352 356 358 363 366 376 379 380 381 384 387 389 396 397 405 420 436 439 440 444 455 462 463 467 471 480 482 487 493 496 510 515 519 524 527 548 551 553 556 561 562 572 597 605 609 620 627 629 637 638 641 652 656 662 665 668 669 687 694 698 701 704 705 709 710 726 727 746
 478 : 1 18 22 23 35 37 40 54 81 82 86 95 122 135 136 152 158 160 163 164 174 182 185 198 201 202 206 213 214 218 248 274 278 279 281 288 294 297 307 310 326 329 343 353 369 370 371 374 377 386 399 400 406 408 423 448 450 468 475 484 495 504 512 520 534 546 557 582 593 596 599 607 614 615 618 633 634 635 640 642 661 670 672 680 685 686 711 720 724 734 741 743 747 748
 602 : 4 5 10 24 25 28 29 32 33 41 51 52 66 71 79 85 88 106 107 118 119 123 124 145 155 161 178 189 207 209 212 226 240 242 247 256 259 263 265 286 290 291 311 316 317 319 337 338 344 345 347 350 367 378 385 392 410 428 432 435 443 446 451 452 458 485 491 498 505 506 521 539 542 543 544 545 549 554 558 568 586 587 594 598 636 648 659 660 663 678 683 689 690 693 708 712 714 719 731 745 749
 724 : 11 12 13 34 38 39 45 55 57 58 61 62 64 76 83 89 92 94 99 103 108 117 129 134 140 157 168 170 177 180 181 187 191 194 205 219 222 230 236 241 252 254 257 262 266 268 272 275 276 280 287 296 300 305 308 309 318 322 393 401 404 407 409 416 418 429 431 456 465 470 474 476 478 483 488 489 490 511 513 525 526 532 535 538 547 576 581 583 585 590 591 601 604 616 619 650 653 657 673 674 676 679 681 688 695 700 718 723 728 729 738 744
SOLUTION:
  Value: -901908.000000
  Assigns: 127 478 519 44 519 602 127 127 427 40 602 519 427 519 427 602 602 127 478 44 44 40 478 478 602 519 127 602 602 602 427 519 602 602 40 519 127 40 44 44 478 519 127 44 602 478 44 519 44 427 40 602 602 427 478 519 519 519 40 519 427 40 602 478 602 127 519 40 519 40 519 602 40 519 44 44 40 478 427 602 427 478 478 127 519 602 40 602 602 40 127 427 427 40 40 478 44 44 127 127 40 127 40 427 427 427 602 602 478 478 127 40 44 519 427 127 44 519 602 602 427 127 478 602 602 127 44 427 519 519 127 44 40 40 40 40 44 519 127 602 127 478 44 127 478 602 427 519 40 44 40 127 478 127 40 602 44 519 478 427 478 602 44 478 478 127 427 127 40 427 40 427 127 602 478 427 40 44 602 44 44 602 478 127 127 478 519 478 519 44 127 44 40 519 519 427 427 519 478 519 44 478 478 427 127 44 478 602 127 602 40 427 40 478 478 602 40 44 478 40 427 519 44 519 519 519 602 519 40 127 602 427 127 127 44 40 519 478 427 519 602 44 602 127 602 127 427 602 478 44 427 127 519 478 44 427 602 478 44 40 40 44 44 40 127 602 127 478 40 127 427 519 44 478 478 519 519 427 478 40 40 478 44 127 127 40 602 44 44 427 602 602 44 602 519 478 40 478 427 127 44 127 427 127 427 40 519 478 478 478 478 44 44 127 519 427 602 602 40 602 127 44 427 519 127 427 478 427 40 478 519 127 40 519 127 40 40 602 40 40 427 44 127 519 519 519 40 602 127 127 602 478 427 478 478 519 44 478 427 127 519 127 127 427 519 519 427 602 602 478 478 519 127 127 478 44 427 519 40 427 44 427 602 602 427 519 478 427 44 427 519 127 602 44 478 519 44 427 478 40 478 427 127 44 44 519 44 427 478 519 44 40 478 602 519 478 40 519 40 519 427 40 519 478 40 127 40 519 40 478 478 40 602 127 127 602 427 44 40 427 427 127 44 602 427 127 602 127 44 127 478 44 40 519 127 519 602 427 602 519 40 127 427 427 127 427 127 427 40 602 40 427 127 127 519 478 40 127 40 127 427 127 427 519 478 519 519 427 427 519 519 44 40 427 44 478 427 427 40 602 127 44 44 44 478 602 602 519 127 40 427 44 40 127 40 427 602 44 44 427 478 40 519 40 44 427 519 44 44 40 427 44 40 519 478 40 44 519 519 602 427 127 519 602 602 44 478 427 427 602 44 427 44 40 519 519 427 44 602 478 478 427 44 127 602 40 519 127 602 40 478 602 427 40 127 478 40 519 519 44 44 602 519 44 427 40 602 602 478 602 44 40 127 478 602 427 478 427 602 478 602 127 427 519 519 519 127 478 44 44 40 427 127 519 40 40 40 602 478 40 427 602 519 127 519 127 127 427 44 427 127 127 127 519 40 40 602 427 44 127 44 427 478 44 40 127 127 40 602 427 427 44 427 40 127 427 40 127 127 602 602 478 427 602 519 427 602 478 40 427 478 40 478 40 44 427 44 44 602 40 478 127 519 602 427 478 478 427 478 519 602 44 519 519 427 427 127 602 44 427 40 44 127 519 427 427 127 519 602 44 44 478 44 40 602 127 127 40 519 602 44 519 127 44 478 44 427 427 519 44 40 602 44 127 478 127 44 127 478 127 127 478 127 478 519 602 427 478 478 44 
  Facilities: 7
 40 : 9 21 34 37 50 58 61 67 69 72 76 86 89 93 94 100 102 111 132 133 134 135 148 150 154 168 170 176 192 210 212 216 219 228 235 259 260 263 268 279 280 285 296 305 318 328 332 335 336 338 339 346 378 399 411 416 418 421 424 426 428 431 438 452 460 468 470 476 478 492 498 509 512 514 521 523 529 532 535 553 565 569 573 576 585 591 610 614 615 616 619 634 635 644 647 653 656 668 671 673 679 700 713 717 730
 44 : 3 19 20 38 39 43 46 48 74 75 96 97 112 116 126 131 136 142 149 156 162 177 179 180 189 191 200 205 217 222 234 241 249 254 258 261 262 272 282 287 288 292 300 311 312 321 341 356 375 380 388 393 396 403 404 406 410 437 442 448 451 491 494 501 502 503 511 517 518 524 527 528 531 536 545 550 552 557 562 579 580 583 590 608 609 628 638 640 643 651 674 676 677 691 698 701 709 710 712 720 723 725 729 732 736 749
 127 : 0 6 7 17 26 36 42 65 83 90 98 99 101 110 115 121 125 130 138 140 143 151 153 165 167 172 183 184 190 204 208 229 232 233 243 245 251 264 266 269 283 284 299 301 303 313 320 324 331 334 342 348 349 359 361 362 372 373 391 402 425 433 434 441 445 447 449 454 461 464 466 472 473 477 479 481 500 508 513 541 563 567 574 592 601 606 612 623 625 626 630 631 632 639 645 646 654 657 658 681 696 702 706 715 716 722 733 735 737 739 740 742
 427 : 8 12 14 30 49 53 60 78 80 91 92 103 104 105 114 120 127 146 159 166 169 171 175 195 196 203 211 220 231 238 246 250 255 270 277 289 298 302 304 315 322 325 327 340 352 358 363 366 376 379 381 384 387 389 397 401 407 420 436 439 440 444 457 462 463 465 467 471 480 482 487 488 493 496 497 510 515 519 525 530 540 547 548 551 556 561 572 584 595 597 602 611 620 627 629 637 641 649 650 652 655 662 665 669 675 684 687 694 695 699 704 705 726 727 746
 478 : 1 18 22 23 40 45 54 63 77 81 82 95 108 109 122 141 144 152 158 160 163 164 174 182 185 187 198 201 202 206 213 214 218 237 248 253 257 267 273 274 278 281 295 297 307 308 309 310 326 329 351 353 354 357 369 370 374 386 394 398 400 408 412 415 423 429 430 450 475 484 495 504 520 534 546 559 560 570 575 588 593 596 599 607 618 642 661 667 670 672 680 685 686 688 711 724 734 738 741 743 747 748
 519 : 2 4 11 13 25 31 35 41 47 55 56 57 59 66 68 70 73 84 113 117 128 129 137 147 157 186 188 193 194 197 199 221 223 224 225 227 236 239 252 271 275 276 294 306 314 323 330 333 343 344 345 355 360 364 365 371 377 385 390 395 405 409 414 417 419 422 427 453 455 459 474 483 485 486 489 490 507 522 526 533 537 538 542 554 555 566 577 578 582 603 604 605 613 622 624 633 664 682 689 692 693 703 707 718 721 728 744
 602 : 5 10 15 16 24 27 28 29 32 33 44 51 52 62 64 71 79 85 87 88 106 107 118 119 123 124 139 145 155 161 173 178 181 207 209 215 226 230 240 242 244 247 256 265 286 290 291 293 316 317 319 337 347 350 367 368 382 383 392 413 432 435 443 446 456 458 469 499 505 506 516 539 543 544 549 558 564 568 571 581 586 587 589 594 598 600 617 621 636 648 659 660 663 666 678 683 690 697 708 714 719 731 745
SOLUTION:
  Value: -902040.000000
  Assigns: 127 204 204 592 481 127 601 74 74 74 427 74 481 592 427 127 601 127 74 601 592 592 592 592 74 204 127 74 601 592 204 601 601 204 481 74 127 601 592 592 481 601 127 592 74 204 127 481 427 204 592 481 592 427 74 204 601 481 601 74 427 204 592 427 74 127 601 601 481 74 427 204 427 592 427 427 127 204 601 204 427 481 481 127 427 592 204 74 601 204 127 427 427 204 204 592 427 127 127 601 601 127 592 427 427 592 592 601 204 74 127 427 127 74 427 204 204 481 427 481 427 127 204 481 74 127 204 204 601 601 204 74 74 127 481 592 204 204 127 592 74 481 74 127 427 74 427 592 601 204 601 592 204 74 427 204 481 127 481 427 592 601 592 427 592 601 427 127 481 481 127 427 127 74 127 427 127 74 592 74 592 481 592 74 127 592 127 592 427 601 481 74 481 481 127 204 427 592 592 481 592 592 592 427 481 427 481 427 74 204 601 481 74 127 601 592 592 427 74 481 427 74 74 481 481 74 601 592 601 127 601 592 127 127 481 204 592 481 427 601 601 592 481 74 601 74 204 427 74 127 427 601 127 601 204 427 427 601 592 74 592 592 481 592 592 127 127 601 74 127 427 204 427 481 74 481 127 427 127 481 204 481 427 127 127 74 427 592 601 427 601 127 481 601 481 592 592 204 601 481 481 481 204 481 592 74 592 74 427 74 74 601 427 127 74 427 592 427 204 481 127 592 592 74 127 427 204 204 74 481 481 127 601 601 127 204 592 127 481 592 204 427 204 74 592 592 127 592 127 592 601 127 427 74 204 204 427 74 427 127 74 204 127 427 74 592 427 481 204 481 601 481 127 127 592 74 427 204 592 427 427 601 601 427 427 601 592 427 74 427 204 127 74 204 204 74 204 427 481 601 204 601 74 74 74 427 481 601 427 601 427 592 204 204 481 481 74 481 204 592 427 481 74 592 481 127 127 127 74 481 204 204 481 592 127 204 427 601 592 427 481 74 592 127 427 127 74 127 592 127 204 592 204 74 601 427 427 427 481 481 592 127 204 427 127 427 601 427 481 74 74 427 127 601 481 592 427 127 601 127 427 204 427 481 601 601 481 592 204 481 74 74 74 427 601 427 601 601 601 127 127 592 427 74 601 204 74 74 127 204 427 592 204 127 127 427 601 204 601 427 127 601 601 204 481 427 601 74 74 601 592 74 127 481 592 481 127 592 481 592 481 127 592 74 74 601 592 204 481 74 592 427 204 427 601 127 601 204 204 481 592 481 74 127 127 592 601 601 601 601 74 481 427 601 127 601 74 481 601 127 74 74 601 481 427 74 592 481 592 601 592 481 204 601 592 427 592 427 204 592 481 127 74 592 601 427 127 204 481 427 601 427 481 74 204 601 592 601 601 204 601 481 601 481 592 481 592 427 74 427 127 127 127 601 481 481 74 427 481 481 481 481 601 601 204 127 127 127 127 204 204 204 427 427 127 427 481 127 592 127 74 74 427 592 601 427 74 204 601 427 592 601 127 427 127 427 481 427 127 204 592 127 204 74 592 481 601 481 481 127 592 204 74 601 481 204 601 204 427 481 481 204 204 127 427 427 592 601 204 592 427 592 481 127 74 592 127 204 592 601 127 427 127 204 601 592 427 427 592 74 592 127 601 127 481 481 481 127 204 74 204 481 74 592 204 601 427 481 204 481 
  Facilities: 7
 74 : 7 8 9 11 18 24 27 35 44 54 59 64 69 87 109 113 124 131 132 140 142 145 153 173 177 179 183 191 208 212 218 221 222 225 243 245 248 259 268 274 285 305 307 309 310 314 323 328 343 353 357 360 364 375 388 392 395 402 403 404 416 422 428 441 446 453 469 470 490 491 492 503 506 507 527 528 531 543 544 549 562 570 576 580 581 585 602 613 628 636 660 661 666 683 692 714 729 739 742
 127 : 0 5 15 17 26 36 42 46 65 76 83 90 97 98 101 110 112 121 125 133 138 143 157 167 170 172 174 176 184 186 194 213 229 232 233 249 252 265 266 269 276 278 283 284 291 313 320 324 331 334 337 346 348 351 359 362 372 373 391 425 426 427 434 443 445 447 449 461 464 472 477 479 499 500 508 513 514 520 532 536 541 555 563 564 574 579 601 606 630 631 632 645 646 647 648 654 657 659 672 674 678 681 689 703 713 716 720 722 731 733 737
 204 : 1 2 25 30 33 45 49 55 61 71 77 79 86 89 93 94 108 115 116 122 126 127 130 136 137 149 152 155 195 209 235 246 254 271 280 297 302 318 326 327 335 340 342 354 355 361 368 377 390 393 394 396 400 412 413 418 430 431 435 450 452 462 481 488 505 509 512 517 523 547 552 557 558 592 598 607 614 619 644 649 650 651 667 679 682 691 695 697 701 702 708 717 723 738 740 744 748
 427 : 10 14 48 53 60 63 70 72 74 75 80 84 91 92 96 103 104 111 114 118 120 144 146 154 159 163 166 171 175 188 196 203 205 207 217 220 238 247 250 255 256 270 272 277 282 286 289 308 312 315 317 325 341 352 356 358 363 366 376 379 380 383 384 387 389 397 405 408 410 420 436 439 444 455 456 457 463 465 467 471 476 480 482 493 495 502 510 515 519 525 551 553 572 584 595 597 605 609 611 627 629 637 652 653 655 662 665 669 673 675 677 698 704 705 710 721 726 727 746
 481 : 4 12 34 40 47 51 57 68 81 82 117 119 123 134 141 156 158 168 169 181 190 192 193 199 204 206 211 219 223 224 234 237 242 262 273 275 279 281 292 294 299 300 301 303 319 329 330 338 367 369 371 398 406 414 415 417 421 424 429 432 440 458 459 468 474 483 486 489 524 533 535 538 540 548 559 561 571 577 583 587 591 600 608 612 621 623 625 634 635 638 639 640 641 656 676 685 687 688 694 699 700 712 734 735 736 741 747 749
 592 : 3 13 20 21 22 23 29 38 39 43 50 52 62 73 85 95 102 105 106 135 139 147 151 160 162 164 178 180 182 185 187 197 198 200 201 202 215 216 227 231 236 241 258 260 261 263 264 287 295 296 304 306 316 321 322 336 339 344 345 347 349 365 374 378 386 411 419 423 433 438 442 448 451 460 475 487 501 511 530 534 537 539 542 546 550 560 565 586 588 590 594 596 599 603 616 624 626 658 663 670 680 684 690 706 709 711 715 718 725 728 730 743
 601 : 6 16 19 28 31 32 37 41 56 58 66 67 78 88 99 100 107 128 129 148 150 161 165 189 210 214 226 228 230 239 240 244 251 253 257 267 288 290 293 298 311 332 333 350 370 381 382 385 399 401 407 409 437 454 466 473 478 484 485 494 496 497 498 504 516 518 521 522 526 529 545 554 556 566 567 568 569 573 575 578 582 589 593 604 610 615 617 618 620 622 633 642 643 664 668 671 686 693 696 707 719 724 732 745
SOLUTION:
  Value: -902577.000000
  Assigns: 127 478 349 44 602 602 601 349 427 127 602 602 427 349 427 602 602 127 349 601 44 127 478 478 602 602 127 601 602 602 427 601 601 602 478 478 127 601 44 44 478 601 127 44 601 478 44 601 44 427 349 602 602 427 478 349 601 478 601 602 427 44 602 478 601 127 601 601 349 602 427 602 349 349 44 44 478 478 601 602 427 478 478 127 427 602 478 602 602 44 127 427 427 349 427 349 44 44 127 601 349 127 602 427 427 427 602 601 478 478 127 427 44 127 427 127 44 478 602 602 427 127 478 602 602 127 44 601 601 601 349 44 427 127 349 349 44 602 127 602 127 478 44 127 349 602 427 427 601 44 601 127 478 349 427 602 44 602 601 427 478 602 601 478 478 601 427 127 601 427 127 427 127 602 478 427 127 44 602 44 44 602 478 601 127 478 127 349 427 44 127 44 349 478 127 427 427 127 478 44 44 478 478 427 127 349 478 602 127 349 601 427 602 478 601 602 349 349 478 602 427 349 601 427 349 601 602 349 601 127 349 427 127 127 44 427 349 478 427 601 602 44 349 127 601 127 427 602 478 44 427 601 349 478 44 427 602 601 349 602 349 44 44 601 601 602 127 601 349 349 349 478 44 478 478 349 44 427 478 601 349 478 44 127 127 349 602 349 601 349 601 602 44 601 44 478 601 478 601 127 349 349 349 127 427 478 427 478 478 478 478 349 44 127 127 427 602 602 602 602 127 44 349 44 127 427 478 427 349 478 349 127 349 44 127 478 127 602 602 44 427 44 127 478 602 602 127 602 127 349 602 478 427 478 601 44 44 478 427 127 602 127 127 427 602 427 427 602 602 478 601 478 127 127 478 44 427 349 602 427 44 601 601 602 427 349 478 427 44 427 349 127 602 44 349 127 44 427 601 601 478 601 127 601 44 427 44 601 478 601 44 44 349 602 44 349 127 127 602 127 427 478 349 478 127 127 127 127 349 478 601 478 602 127 127 602 427 44 601 427 427 601 44 602 427 127 602 127 44 127 478 44 602 44 601 349 602 427 602 349 44 127 601 427 127 427 601 427 349 602 602 427 127 601 601 601 602 127 601 127 427 127 427 44 478 601 602 427 349 601 601 44 44 427 601 478 349 601 601 602 127 44 44 44 478 602 602 44 127 478 427 44 478 349 127 427 601 44 601 427 478 349 601 127 44 427 601 44 44 601 427 44 127 44 478 127 44 127 478 349 427 127 602 349 349 44 478 427 427 602 44 427 349 349 601 127 601 44 602 478 478 427 44 127 349 44 601 601 602 601 478 602 427 601 127 601 349 127 601 44 44 602 601 44 349 349 602 602 478 601 44 44 601 601 602 349 478 427 602 478 349 127 427 127 601 427 127 478 44 44 601 427 127 601 478 601 602 601 601 478 601 349 601 349 427 127 349 427 44 349 127 349 127 601 478 44 602 427 44 127 44 349 478 601 427 127 127 127 602 427 427 44 427 427 127 427 349 127 127 602 602 478 427 602 601 427 602 349 349 427 478 601 478 349 349 427 44 44 602 601 478 127 349 602 349 478 601 349 478 349 602 44 44 602 349 427 127 602 44 427 349 44 349 127 427 427 127 601 602 601 44 478 44 127 602 349 127 349 478 601 44 427 349 44 601 44 427 427 427 44 44 602 349 127 349 127 44 349 478 127 127 478 127 478 349 602 427 478 478 44 
  Facilities: 7
 44 : 3 20 38 39 43 46 48 61 74 75 89 96 97 112 116 126 131 136 142 149 156 177 179 180 189 191 199 200 234 241 249 254 261 262 272 276 282 292 294 312 321 323 333 339 341 355 356 375 380 388 393 396 404 406 410 411 414 437 442 448 451 453 460 483 491 492 501 502 503 507 511 517 524 527 528 531 533 536 545 550 557 562 565 579 580 583 590 591 608 609 628 635 638 640 651 676 677 691 692 698 701 710 712 720 723 725 729 730 736 749
 127 : 0 9 17 21 26 36 42 65 83 90 98 101 110 113 115 121 125 133 138 140 143 151 167 170 172 176 184 186 190 194 197 204 208 229 232 233 243 245 266 283 284 299 303 313 314 320 324 331 334 336 342 346 348 359 361 362 372 373 391 395 402 416 417 419 424 425 426 427 433 434 445 447 449 461 464 472 477 479 481 500 508 514 523 532 535 537 541 555 563 574 577 601 603 606 612 625 630 632 639 645 646 647 654 657 658 681 696 703 706 713 716 733 735 739 740 742
 349 : 2 7 13 18 50 55 68 72 73 93 95 100 130 134 135 144 153 187 192 205 209 216 217 221 224 227 230 236 242 252 258 260 268 269 270 275 280 285 287 289 300 301 302 311 322 328 330 332 349 377 385 390 394 412 415 422 428 455 459 468 488 496 513 521 539 543 544 552 553 564 576 584 585 595 600 621 623 626 629 631 641 656 667 668 673 674 682 684 687 689 694 700 702 715 717 722 732 734 737 744
 427 : 8 12 14 30 49 53 60 70 80 84 91 92 94 103 104 105 111 114 120 132 146 147 154 159 166 169 171 175 188 195 196 203 211 220 223 231 235 238 246 250 255 277 304 306 315 325 327 340 352 358 363 365 366 376 379 384 387 389 397 405 420 436 439 440 444 457 463 465 467 471 480 482 487 493 510 515 519 525 530 540 547 548 551 561 572 597 602 605 611 624 627 637 644 649 650 652 653 655 662 665 669 675 695 699 704 705 721 726 727 728 746
 478 : 1 22 23 34 35 40 45 54 57 63 76 77 81 82 86 108 109 117 122 141 152 160 163 164 174 182 185 193 198 201 202 206 213 218 237 248 253 271 273 274 278 281 295 297 305 307 308 309 310 326 329 335 343 351 353 357 369 371 374 386 400 408 421 423 429 431 450 484 495 504 509 512 520 534 538 546 559 560 570 588 596 599 607 614 619 634 642 661 670 672 680 685 688 711 718 738 741 743 747 748
 601 : 6 19 27 31 32 37 41 44 47 56 58 64 66 67 78 99 107 127 128 129 148 150 158 162 165 168 183 210 214 222 225 228 239 244 251 257 263 264 267 279 288 290 293 296 298 354 370 381 382 398 399 401 403 407 409 430 438 441 454 462 466 473 474 475 478 485 489 490 494 497 498 516 518 522 526 529 554 556 566 567 569 573 575 578 582 589 592 593 604 610 613 615 617 618 620 622 633 643 664 671 679 686 707 709 719 724
 602 : 4 5 10 11 15 16 24 25 28 29 33 51 52 59 62 69 71 79 85 87 88 102 106 118 119 123 124 137 139 145 155 157 161 173 178 181 207 212 215 219 226 240 247 256 259 265 286 291 316 317 318 319 337 338 344 345 347 350 360 364 367 368 378 383 392 413 418 432 435 443 446 452 456 458 469 470 476 486 499 505 506 542 549 558 568 571 581 586 587 594 598 616 636 648 659 660 663 666 678 683 690 693 697 708 714 731 745
SOLUTION:
  Value: -902590.000000
  Assigns: 127 111 111 44 111 212 111 127 127 40 127 212 212 212 657 212 486 127 657 212 44 40 657 40 111 40 127 111 127 111 212 212 44 40 40 40 111 40 44 44 212 44 127 44 44 111 657 111 44 127 40 44 212 111 212 486 212 486 486 40 111 40 486 657 657 127 486 40 212 486 111 44 40 111 44 657 40 127 486 657 111 657 657 127 44 44 40 212 111 40 127 111 657 486 111 657 44 44 127 486 40 127 212 212 44 111 44 40 486 657 127 486 44 657 212 127 44 657 111 657 657 212 486 657 486 486 44 657 40 111 127 44 40 40 212 212 44 486 127 44 212 127 111 657 657 40 111 657 40 44 486 657 212 127 657 212 44 657 40 40 657 111 44 111 111 486 486 127 40 486 212 127 127 212 212 127 657 486 212 44 44 657 212 212 127 111 657 127 486 111 657 657 111 44 127 486 44 127 111 111 44 486 40 212 127 44 40 486 127 111 111 212 40 127 657 486 40 44 657 40 486 486 44 486 657 111 486 40 657 127 486 657 127 127 657 40 40 657 111 212 486 486 212 486 111 111 111 657 212 44 486 127 212 127 111 657 40 111 44 40 657 44 44 40 127 127 127 486 111 127 40 212 44 657 127 44 44 111 486 486 486 212 44 657 127 212 40 111 44 111 657 44 44 657 44 212 657 486 111 486 212 111 486 127 657 40 486 486 127 111 486 212 44 127 657 657 486 111 212 212 127 486 212 212 486 212 111 44 40 40 486 127 111 44 127 40 40 127 40 40 486 44 127 657 40 212 40 657 212 212 657 127 212 111 111 44 212 212 657 127 40 127 127 44 212 111 657 486 111 212 486 212 127 127 111 486 212 486 40 212 657 657 44 486 212 212 486 212 44 44 212 127 212 44 212 486 44 657 486 40 212 40 657 657 44 111 486 657 212 657 111 40 486 111 657 111 40 127 40 127 486 40 40 127 40 127 40 127 40 657 212 40 212 127 486 212 111 44 40 44 40 111 657 212 212 127 111 127 44 127 111 486 40 40 657 40 111 111 44 486 40 127 111 486 127 44 111 212 40 212 212 127 127 127 111 111 40 127 40 127 127 486 212 657 111 212 111 44 486 111 212 44 657 486 44 111 111 486 40 486 127 486 44 44 486 486 212 111 127 657 657 44 40 657 40 127 657 44 657 40 127 40 111 486 44 111 111 44 44 111 111 44 40 212 40 40 657 111 111 111 486 127 486 486 486 44 111 657 486 44 657 657 111 40 486 127 486 44 657 111 657 111 44 127 127 40 657 127 212 40 486 44 111 40 127 212 657 212 657 111 111 486 486 111 657 40 657 40 44 111 44 486 486 127 657 657 212 40 657 212 111 127 212 657 486 127 127 657 44 44 111 486 127 212 40 40 40 212 127 212 486 127 111 127 40 486 486 44 486 44 127 111 127 212 40 40 657 40 212 127 44 111 486 44 40 127 111 40 212 212 657 44 40 212 127 212 40 127 127 40 40 486 486 486 486 40 111 486 40 40 40 486 127 40 44 486 657 44 127 212 486 111 212 486 657 486 212 657 212 40 212 44 657 212 486 486 127 212 111 111 212 44 212 127 40 657 486 127 212 44 44 111 44 40 40 657 127 40 657 486 657 111 657 44 657 111 111 40 486 44 40 127 44 127 44 657 44 127 657 111 486 127 127 212 657 657 657 486 657 44 
  Facilities: 7
 40 : 9 21 23 25 33 34 35 37 50 59 61 67 72 76 86 89 100 107 128 132 133 145 148 158 159 168 202 206 212 216 219 227 235 236 256 259 263 270 286 305 328 329 335 336 338 339 344 346 360 378 399 401 411 416 418 421 422 424 426 428 431 438 440 452 453 455 460 468 476 478 498 512 514 519 521 532 534 535 553 565 569 573 585 587 597 614 615 616 624 634 635 637 644 647 652 656 659 660 665 668 669 670 673 689 704 713 714 717 727 730
 44 : 3 20 32 38 39 41 43 44 48 51 71 74 84 85 96 97 104 106 112 116 126 131 136 139 149 156 162 179 180 193 196 200 205 217 222 249 258 261 262 272 275 276 282 288 291 292 294 312 327 333 341 355 363 382 388 389 393 396 404 437 439 448 458 465 487 491 494 502 503 511 517 524 527 528 531 545 549 557 562 571 588 590 608 609 627 629 640 643 651 674 677 691 701 709 710 712 723 729 732 734 736 749
 111 : 1 2 4 6 24 27 29 36 45 47 53 60 70 73 80 88 91 94 105 118 129 142 146 161 163 164 185 189 192 198 199 209 210 225 238 244 245 246 254 257 268 277 287 289 298 301 309 317 326 332 353 354 365 368 374 405 410 413 415 436 441 446 450 456 457 462 466 474 475 484 486 489 495 496 507 522 525 526 529 530 537 538 539 546 552 559 561 572 579 580 583 589 600 610 622 631 641 646 666 681 698 699 711 721 725 726 739
 127 : 0 7 8 10 17 26 28 42 49 65 77 83 90 98 101 110 115 130 138 141 153 167 171 172 175 184 187 194 197 204 208 213 229 232 233 251 253 264 265 266 269 274 284 303 308 313 320 331 334 337 342 351 359 361 362 372 373 391 417 419 423 425 427 433 445 447 449 461 464 471 472 473 477 479 480 500 508 515 520 541 555 563 564 567 574 593 601 605 606 612 618 621 623 630 632 639 645 654 657 658 672 678 696 703 707 716 731 733 737 741 742
 212 : 5 11 12 13 15 19 30 31 40 52 54 56 68 87 102 103 114 121 134 135 140 152 155 170 173 174 178 182 183 203 211 239 242 248 252 271 281 285 295 300 311 318 319 322 323 325 345 348 349 352 356 357 364 369 371 376 379 384 385 387 390 392 394 400 408 430 432 435 443 444 467 469 470 482 485 490 506 533 568 575 577 596 599 602 613 617 619 633 638 648 649 653 655 679 682 686 688 690 693 697 700 702 708 743
 486 : 16 55 57 58 62 66 69 78 93 99 108 111 122 124 125 137 150 165 166 169 177 188 195 201 207 215 220 221 223 226 230 240 241 243 250 267 278 279 280 297 299 302 306 307 310 316 321 324 330 340 367 370 375 377 383 386 395 398 406 412 420 434 451 459 463 481 488 493 497 499 501 504 505 523 540 542 543 544 548 554 556 570 581 582 591 592 604 611 620 625 626 628 642 661 662 663 664 667 671 675 680 683 685 694 695 706 719 728 740 747
 657 : 14 18 22 46 63 64 75 79 81 82 92 95 109 113 117 119 120 123 127 143 144 147 151 154 157 160 176 181 186 190 191 214 218 224 228 231 234 237 247 255 260 273 283 290 293 296 304 314 315 343 347 350 358 366 380 381 397 402 403 407 409 414 429 442 454 483 492 509 510 513 516 518 536 547 550 551 558 560 566 576 578 584 586 594 595 598 603 607 636 650 676 684 687 692 705 715 718 720 722 724 735 738 744 745 746 748
SOLUTION:
  Value: -902645.000000
  Assigns: 638 712 553 44 638 638 601 712 427 553 427 638 638 638 427 134 601 601 712 601 44 553 134 712 134 712 553 134 553 134 712 601 601 134 134 134 712 601 712 638 553 553 638 712 712 134 638 601 44 427 427 44 638 427 712 712 601 134 712 134 427 44 601 553 601 134 601 601 638 134 712 712 44 44 44 44 712 553 601 134 427 427 712 712 427 44 601 553 553 553 638 427 427 638 638 638 44 44 601 134 712 134 638 427 427 427 712 601 134 427 638 427 44 712 427 553 44 638 427 638 427 553 638 601 553 601 712 601 601 601 638 553 638 134 638 601 44 638 601 44 134 427 44 638 712 712 427 427 601 712 601 553 638 712 638 712 44 134 638 427 638 601 601 712 638 638 427 712 601 427 134 427 553 712 134 427 134 44 553 712 553 553 134 601 134 134 553 134 427 44 134 44 712 712 712 427 427 638 427 134 553 44 638 712 134 134 134 712 553 134 601 427 638 638 601 134 134 44 134 553 553 134 601 712 712 601 601 712 553 601 712 134 601 134 712 553 712 553 427 601 601 44 712 553 601 134 553 427 712 712 427 601 44 601 553 638 427 601 44 134 134 134 44 601 601 553 712 601 553 553 427 44 134 553 638 553 44 638 638 601 638 553 44 134 638 553 553 134 601 427 638 44 44 638 44 134 134 712 601 712 601 601 134 134 134 712 712 712 427 712 134 601 44 638 638 427 134 427 638 712 427 553 427 134 134 427 638 427 601 553 134 553 712 638 601 712 553 638 712 712 427 134 712 712 134 638 134 553 712 134 44 134 427 134 601 44 44 712 427 44 712 134 44 427 712 712 427 553 638 134 601 553 638 553 638 44 427 712 638 134 44 638 601 553 427 601 134 427 44 427 134 712 638 44 553 134 44 427 601 134 553 712 134 601 638 134 44 553 553 601 44 712 553 638 712 601 638 553 427 712 553 638 638 712 134 712 601 553 638 638 601 553 553 638 712 712 427 44 601 427 427 601 134 553 712 638 134 44 44 553 553 553 134 134 134 427 427 712 44 134 44 553 601 427 134 134 601 427 427 553 553 427 638 601 712 601 427 638 601 134 638 134 427 553 601 601 638 427 134 638 712 44 44 427 601 427 601 601 601 601 712 44 44 553 553 712 638 712 134 134 712 44 427 427 553 427 601 44 601 427 638 601 601 134 44 427 601 134 44 601 427 712 553 44 601 638 44 553 134 712 712 134 553 134 44 44 553 712 427 553 134 427 44 427 601 134 638 44 553 712 638 427 553 134 712 44 601 601 601 601 638 44 427 134 553 601 712 553 601 638 44 712 601 44 553 638 134 134 44 601 44 638 601 601 134 553 712 134 553 638 712 601 427 638 712 427 427 712 134 44 601 553 134 712 553 601 134 601 601 134 638 638 601 638 553 44 638 712 553 427 712 44 712 601 638 134 134 427 44 553 44 427 601 601 638 553 553 44 427 553 134 44 427 553 712 427 427 553 712 44 553 553 427 712 601 553 712 638 553 427 601 601 553 44 44 427 44 44 427 601 427 427 134 427 134 553 601 712 638 134 638 44 638 601 712 427 601 134 44 427 134 44 134 712 638 427 712 601 638 601 44 638 44 601 427 712 134 712 553 601 44 712 712 44 601 44 427 427 427 44 553 553 44 553 553 553 44 712 553 427 712 601 427 712 638 601 427 553 134 44 
  Facilities: 7
 44 : 3 20 48 51 61 72 73 74 75 85 96 97 112 116 136 139 142 156 177 189 191 201 217 241 252 258 262 271 276 282 291 292 294 312 350 355 356 359 362 375 380 388 393 396 406 410 437 447 448 458 460 491 492 501 502 511 517 524 528 533 536 544 545 552 557 565 571 580 583 588 590 609 625 631 638 640 647 651 659 673 674 676 677 691 698 701 710 712 720 723 725 729 732 736 749
 134 : 15 22 24 27 29 33 34 35 45 57 59 65 69 79 99 101 108 133 140 157 170 174 176 182 184 185 187 190 199 204 205 206 209 215 216 218 221 231 233 245 259 260 261 272 283 287 295 296 302 303 304 310 316 323 324 330 341 344 346 349 351 353 361 369 379 386 390 395 399 402 405 424 442 446 452 453 454 459 464 465 479 481 488 508 509 523 527 538 541 543 550 555 563 573 586 587 594 597 608 612 616 619 635 636 650 682 684 689 697 700 702 716 748
 427 : 8 10 14 49 50 53 60 80 81 84 91 92 103 104 105 109 111 114 118 120 141 146 147 159 166 169 171 175 188 195 196 198 211 238 247 250 256 270 289 308 315 317 320 322 325 327 340 352 358 363 366 376 384 387 389 397 418 436 439 440 455 456 463 467 468 471 476 482 487 493 495 512 513 515 519 525 530 548 551 553 561 572 602 605 606 629 637 641 648 652 655 656 662 669 675 678 680 681 683 695 699 705 714 726 727 728 739 742 746
 553 : 2 9 21 26 28 40 41 63 77 87 88 89 115 121 124 131 151 172 178 180 181 186 200 208 219 220 228 235 237 243 246 254 265 268 269 273 275 281 285 286 321 329 331 336 347 367 371 373 383 394 400 407 408 412 417 420 427 431 432 443 449 450 451 461 469 470 483 503 504 514 532 537 542 546 549 558 562 574 577 584 595 598 611 614 624 628 639 645 646 649 653 657 660 661 665 668 672 685 718 730 731 733 734 735 738 747
 601 : 6 16 17 19 31 32 37 47 56 62 64 66 67 78 86 98 107 123 125 127 128 129 135 138 148 150 161 162 168 183 210 214 222 225 226 229 232 239 240 244 251 253 257 263 264 267 279 288 298 300 301 311 328 334 354 370 382 385 398 403 409 415 426 430 438 441 462 466 473 475 478 484 485 494 496 497 498 499 516 518 521 522 526 529 534 554 566 567 568 569 575 578 582 589 592 593 601 610 615 617 618 622 633 642 643 664 670 671 679 686 693 696 707 709 713 719 724 741 745
 638 : 0 4 5 11 12 13 39 42 46 52 68 90 93 94 95 102 110 117 119 122 130 132 134 137 143 152 154 158 160 164 165 197 202 212 213 255 274 277 278 280 284 290 293 313 314 318 326 333 337 345 368 372 374 378 381 392 404 413 416 421 422 428 429 433 445 472 477 480 486 489 506 520 535 556 560 570 579 585 591 599 603 620 621 623 626 634 644 667 688 690 692 704 708 711 744
 712 : 1 7 18 23 25 30 36 38 43 44 54 55 58 70 71 76 82 83 100 106 113 126 144 145 149 153 155 163 167 173 179 192 193 194 203 207 223 224 227 230 234 236 242 248 249 266 297 299 305 306 307 309 319 332 335 338 339 342 343 348 357 360 364 365 377 391 401 411 414 419 423 425 434 435 444 457 474 490 500 505 507 510 531 539 540 547 559 564 576 581 596 600 604 607 613 627 630 632 654 658 663 666 687 694 703 706 715 717 721 722 737 740 743
SOLUTION:
  Value: -902714.000000
  Assigns: 127 81 44 44 638 127 601 74 74 74 427 81 638 638 427 127 601 127 638 601 44 81 81 81 74 81 127 74 601 74 81 601 601 638 638 74 81 601 44 638 127 601 127 44 74 127 638 74 44 427 127 44 638 427 74 638 601 638 601 74 427 44 601 427 74 127 601 601 638 81 427 44 44 44 44 44 81 74 601 81 427 427 81 127 427 44 601 74 601 81 127 427 427 638 638 638 44 44 127 601 638 127 81 427 427 427 638 601 638 74 127 427 44 74 427 81 44 638 427 638 427 127 74 81 74 127 44 601 601 601 638 74 638 127 638 81 81 638 127 44 74 427 44 127 81 81 427 427 601 44 601 127 74 74 638 81 44 127 638 427 638 601 601 427 638 638 427 127 601 427 638 427 127 81 127 427 127 81 74 74 44 74 74 74 127 81 81 74 427 44 127 74 81 427 127 427 427 638 81 81 44 44 638 81 127 44 638 81 74 81 601 427 638 638 601 427 638 81 74 81 427 74 74 427 638 74 601 44 601 127 601 81 127 127 638 427 638 81 427 601 601 44 427 638 601 74 427 427 74 44 427 601 81 601 81 638 427 601 44 74 81 44 44 81 601 81 127 601 74 127 427 44 44 81 74 638 44 638 638 601 638 74 44 127 127 638 81 638 601 427 638 81 44 638 81 81 601 44 601 127 601 127 81 127 427 74 427 74 427 74 81 601 44 127 638 427 81 427 638 44 127 44 427 44 81 427 74 427 74 44 81 127 638 638 127 427 81 638 638 44 427 44 127 74 601 638 127 81 127 74 44 127 427 74 601 44 44 74 427 127 81 127 127 427 74 427 427 638 638 44 601 81 638 127 638 74 427 44 638 427 44 638 601 427 427 601 74 427 74 427 81 127 74 44 74 74 44 427 601 601 81 601 74 74 638 427 44 601 427 601 44 44 601 638 44 601 638 74 81 127 427 81 638 81 127 127 127 81 74 638 601 81 81 127 127 81 427 44 601 427 81 74 44 638 427 127 74 127 44 127 74 44 44 74 601 81 427 638 81 74 44 127 601 427 127 427 601 427 81 74 74 427 638 601 638 601 427 127 81 127 638 81 427 638 601 601 638 81 638 638 74 74 81 427 601 427 601 601 601 127 127 44 44 74 601 81 638 74 638 638 427 44 427 127 127 427 601 44 81 427 127 601 601 127 44 427 601 81 74 601 427 74 81 44 601 638 44 127 81 638 427 127 638 74 74 44 44 81 81 74 74 427 81 427 601 127 638 44 81 601 638 81 74 81 81 44 601 601 81 601 638 44 81 638 127 601 74 127 601 638 74 81 601 44 427 74 81 74 44 601 44 81 81 601 81 427 81 427 81 638 638 127 74 638 601 427 127 81 44 44 601 427 127 74 127 601 638 601 601 44 638 638 601 638 427 127 638 427 74 427 127 127 127 601 638 81 74 427 44 127 44 81 81 601 638 127 127 127 127 427 427 44 427 427 127 427 427 127 127 127 81 74 427 74 601 427 74 638 81 427 601 601 127 44 44 427 44 44 127 601 427 81 638 74 74 638 601 638 638 127 74 44 638 601 427 427 127 81 44 427 638 44 127 127 638 427 74 601 638 601 44 81 44 127 74 74 127 638 638 601 44 638 81 44 601 44 427 427 427 74 44 127 44 127 81 638 44 127 74 74 127 81 74 638 638 601 427 427 74 44 
  Facilities: 7
 44 : 2 3 20 38 43 48 51 61 71 72 73 74 75 85 96 97 112 116 126 139 142 149 156 180 189 200 201 205 227 241 249 258 261 262 271 272 276 282 292 297 312 319 321 323 329 339 341 350 355 356 369 377 380 393 396 406 410 411 414 437 442 448 451 452 460 501 502 511 517 524 533 536 545 546 557 565 571 583 588 590 608 609 619 638 640 651 673 674 676 677 691 698 701 710 712 720 723 725 730 732 736 749
 74 : 7 8 9 24 27 29 35 44 47 54 59 64 77 87 109 113 122 124 131 140 152 153 178 179 181 182 183 187 191 208 218 221 222 225 245 248 259 268 274 281 305 307 309 326 328 343 349 353 357 364 375 386 388 392 394 395 402 403 417 428 441 446 450 453 459 469 470 490 491 503 507 528 531 543 544 549 550 562 576 580 585 587 602 613 628 636 661 663 666 683 684 690 706 714 715 729 738 739 742 748
 81 : 1 11 21 22 23 25 30 36 69 76 79 82 89 102 115 123 135 136 144 145 155 173 177 185 186 192 198 199 203 207 209 217 219 231 237 252 254 260 263 265 273 286 291 294 295 302 310 316 324 330 336 347 360 371 390 400 418 421 423 427 431 432 435 440 455 458 468 478 481 487 492 505 518 527 532 538 547 548 552 558 561 563 564 568 572 581 586 591 592 594 596 598 607 635 641 642 660 668 681 697 711 722 734 741
 127 : 0 5 15 17 26 40 42 45 50 65 83 90 98 101 110 121 125 133 138 143 151 157 167 172 174 176 184 190 194 204 229 232 233 266 269 283 284 299 301 303 313 320 331 334 342 346 348 351 359 361 362 373 391 419 424 425 426 433 434 445 447 449 461 464 477 479 499 500 513 514 520 523 537 541 555 574 577 601 606 612 614 625 630 631 632 639 645 646 647 648 654 657 658 659 672 678 689 696 702 703 713 716 731 733 737 740
 427 : 10 14 49 53 60 63 70 80 81 84 91 92 103 104 105 111 114 118 120 141 146 147 159 163 166 169 171 175 188 193 195 196 211 215 220 223 235 238 242 246 247 250 256 270 289 304 306 308 315 317 322 325 327 335 340 352 358 363 365 366 376 379 383 384 387 389 397 405 408 420 436 439 444 456 463 465 467 471 476 482 493 495 510 512 515 519 525 530 540 551 553 584 595 597 605 611 624 627 629 637 649 650 652 653 655 656 662 665 669 675 680 694 695 699 705 726 727 728 746 747
 601 : 6 16 19 28 31 32 37 41 56 58 62 66 67 78 86 88 99 107 127 128 129 148 150 161 162 168 210 214 226 228 230 239 240 244 251 253 257 264 267 279 288 296 298 300 311 344 354 370 382 385 398 399 401 407 409 412 415 430 438 454 462 466 473 475 484 485 494 496 497 498 504 516 521 522 526 529 534 554 559 566 567 569 575 578 582 589 593 604 610 615 617 618 622 633 643 664 670 671 679 686 693 707 709 719 724 745
 638 : 4 12 13 18 33 34 39 46 52 55 57 68 93 94 95 100 106 108 117 119 130 132 134 137 154 158 160 164 165 170 197 202 206 212 213 216 224 234 236 243 255 275 277 278 280 285 287 290 293 314 318 332 333 337 338 345 367 368 372 374 378 381 404 413 416 422 429 443 457 472 474 480 483 486 488 489 506 508 509 535 539 542 556 560 570 573 579 599 600 603 616 620 621 623 626 634 644 667 682 685 687 688 692 700 704 708 717 718 721 735 743 744
SOLUTION:
  Value: -902811.000000
  Assigns: 127 478 519 602 519 602 127 127 427 40 602 519 427 519 427 602 602 127 478 427 519 40 478 478 602 519 127 602 602 602 427 519 602 602 40 519 127 40 478 602 478 519 127 519 602 478 127 519 427 427 40 602 602 427 478 519 519 519 40 519 427 40 602 478 602 127 519 40 519 40 519 602 40 519 427 427 40 478 427 602 427 478 478 127 519 602 40 602 602 40 127 427 427 40 40 478 40 519 127 127 40 127 40 427 427 427 602 602 478 478 127 40 127 519 427 127 519 519 602 602 427 127 478 602 602 127 478 427 519 519 127 478 40 40 40 40 478 519 127 602 127 478 519 127 478 602 427 519 40 427 40 127 478 127 40 602 427 519 478 427 478 602 519 478 478 127 427 127 40 427 40 427 127 602 478 427 40 478 602 40 519 602 478 127 127 478 519 478 519 602 127 519 40 519 519 427 427 519 478 519 127 478 478 427 127 40 478 602 127 602 40 427 40 478 478 602 40 427 478 40 427 519 602 519 519 519 602 519 40 127 602 427 127 127 40 40 519 478 427 519 602 40 602 127 602 127 427 602 478 127 427 127 519 478 40 427 602 478 478 40 40 602 519 40 127 602 127 478 40 127 427 519 427 478 478 519 519 427 478 40 40 478 427 127 127 40 602 127 478 427 602 602 519 602 519 478 40 478 427 127 602 127 427 127 427 40 519 478 478 478 478 602 427 127 519 427 602 602 40 602 127 427 427 519 127 427 478 427 40 478 519 127 40 519 127 40 40 602 40 40 427 427 127 519 519 519 40 602 127 127 602 478 427 478 478 519 427 478 427 127 519 127 127 427 519 519 427 602 602 478 478 519 127 127 478 427 427 519 40 427 40 427 602 602 427 519 478 427 602 427 519 127 602 478 478 519 519 427 478 40 478 427 127 127 602 519 40 427 478 519 602 40 478 602 519 478 40 519 40 519 427 40 519 478 40 127 40 519 40 478 478 40 602 127 127 602 427 40 40 427 427 127 127 602 427 127 602 127 40 127 478 602 40 519 127 519 602 427 602 519 40 127 427 427 127 427 127 427 40 602 40 427 127 127 519 478 40 127 40 127 427 127 427 519 478 519 519 427 427 519 519 602 40 427 478 478 427 427 40 602 127 40 427 40 478 602 602 519 127 40 427 127 40 127 40 427 602 40 519 427 478 40 519 40 427 427 519 427 427 40 427 127 40 519 478 40 127 519 519 602 427 127 519 602 602 602 478 427 427 602 127 427 478 40 519 519 427 478 602 478 478 427 427 127 602 40 519 127 602 40 478 602 427 40 127 478 40 519 519 519 40 602 519 602 427 40 602 602 478 602 478 40 127 478 602 427 478 427 602 478 602 127 427 519 519 519 127 478 40 427 40 427 127 519 40 40 40 602 478 40 427 602 519 127 519 127 127 427 602 427 127 127 127 519 40 40 602 427 519 127 478 427 478 478 40 127 127 40 602 427 427 519 427 40 127 427 40 127 127 602 602 478 427 602 519 427 602 478 40 427 478 40 478 40 127 427 478 478 602 40 478 127 519 602 427 478 478 427 478 519 602 127 519 519 427 427 127 602 427 427 40 427 127 519 427 427 127 519 602 427 427 478 40 40 602 127 127 40 519 602 478 519 127 519 478 602 427 427 519 478 40 602 478 127 478 127 427 127 478 127 127 478 127 478 519 602 427 478 478 602 
  Facilities: 6
 40 : 9 21 34 37 50 58 61 67 69 72 76 86 89 93 94 96 100 102 111 132 133 134 135 148 150 154 168 170 176 179 192 205 210 212 216 219 228 234 235 241 254 259 260 263 268 279 280 285 296 305 318 328 332 335 336 338 339 346 378 380 399 406 411 416 418 421 424 426 428 431 437 438 448 452 460 468 470 476 478 492 498 501 503 509 512 514 517 521 523 529 532 535 553 565 569 573 576 580 585 591 608 610 614 615 616 619 634 635 644 647 653 656 668 671 673 679 700 712 713 717 730
 127 : 0 6 7 17 26 36 42 46 65 83 90 98 99 101 110 112 115 121 125 130 138 140 143 151 153 165 167 172 183 184 190 200 204 208 229 232 233 243 245 249 251 264 266 269 283 284 287 299 301 303 313 320 324 331 334 342 348 349 359 361 362 372 373 391 402 403 425 433 434 441 442 445 447 449 454 461 464 466 472 473 477 479 481 500 508 511 513 531 536 541 550 563 567 574 592 601 606 612 623 625 626 630 631 632 639 645 646 654 657 658 674 681 691 696 702 706 715 716 722 733 735 737 739 740 742
 427 : 8 12 14 19 30 48 49 53 60 74 75 78 80 91 92 103 104 105 114 120 127 146 149 156 159 166 169 171 175 195 196 203 211 217 220 231 238 246 250 255 270 272 277 282 289 298 302 304 312 315 321 322 325 327 340 341 352 356 358 363 366 375 376 379 381 384 387 389 397 401 407 420 436 439 440 444 457 462 463 465 467 471 480 482 487 488 493 496 497 502 510 515 519 524 525 527 528 530 540 547 548 551 556 561 562 572 584 595 597 602 609 611 620 627 629 637 641 649 650 652 655 662 665 669 675 684 687 694 695 698 699 701 704 705 709 710 726 727 736 746
 478 : 1 18 22 23 38 40 45 54 63 77 81 82 95 108 109 122 126 131 136 141 144 152 158 160 163 164 174 177 182 185 187 198 201 202 206 213 214 218 237 248 253 257 258 267 273 274 278 281 288 295 297 307 308 309 310 326 329 351 353 354 357 369 370 374 386 393 394 398 400 408 412 415 423 429 430 450 475 484 494 495 504 520 534 546 552 557 559 560 570 575 588 590 593 596 599 607 618 640 642 643 661 667 670 672 676 677 680 685 686 688 711 720 724 729 732 734 738 741 743 747 748
 519 : 2 4 11 13 20 25 31 35 41 43 47 55 56 57 59 66 68 70 73 84 97 113 116 117 128 129 137 142 147 157 162 180 186 188 191 193 194 197 199 221 223 224 225 227 236 239 252 262 271 275 276 292 294 306 314 323 330 333 343 344 345 355 360 364 365 371 377 385 390 395 396 405 409 414 417 419 422 427 453 455 459 474 483 485 486 489 490 507 518 522 526 533 537 538 542 554 555 566 577 578 579 582 603 604 605 613 622 624 633 638 651 664 682 689 692 693 703 707 718 721 723 728 744
 602 : 3 5 10 15 16 24 27 28 29 32 33 39 44 51 52 62 64 71 79 85 87 88 106 107 118 119 123 124 139 145 155 161 173 178 181 189 207 209 215 222 226 230 240 242 244 247 256 261 265 286 290 291 293 300 311 316 317 319 337 347 350 367 368 382 383 388 392 404 410 413 432 435 443 446 451 456 458 469 491 499 505 506 516 539 543 544 545 549 558 564 568 571 581 583 586 587 589 594 598 600 617 621 628 636 648 659 660 663 666 678 683 690 697 708 714 719 725 731 745 749
SOLUTION:
  Value: -903004.000000
  Assigns: 146 681 320 681 681 681 320 657 427 320 427 681 681 592 427 657 601 146 146 601 592 146 657 320 681 592 146 601 681 592 657 601 601 320 592 592 146 601 592 592 320 601 146 592 601 657 657 146 427 427 592 681 592 427 592 427 601 681 601 601 427 681 592 657 601 427 601 601 146 657 320 146 146 592 427 657 657 681 601 657 320 320 681 681 427 146 146 657 601 657 681 427 657 681 146 657 681 681 320 601 657 681 681 427 427 592 592 681 657 657 320 681 681 657 427 320 681 146 320 657 427 592 681 657 320 601 657 320 601 601 681 320 681 592 601 320 146 681 601 681 592 427 427 657 146 320 427 657 601 427 601 657 146 592 320 146 427 320 681 427 320 601 592 427 592 601 427 681 601 427 146 427 320 320 320 427 657 657 592 592 592 320 320 601 320 592 146 320 427 146 657 657 146 427 320 681 427 592 427 146 592 592 592 427 592 320 681 320 657 681 320 427 592 657 601 320 592 427 657 681 146 320 601 146 657 601 601 592 320 146 320 592 601 320 657 681 592 657 427 601 681 592 146 146 601 146 657 427 592 657 427 601 146 681 146 657 427 601 146 592 592 592 592 320 592 601 681 601 146 146 146 592 320 146 681 146 681 427 681 601 592 681 320 657 592 681 427 592 601 427 657 681 657 601 601 592 657 681 681 146 320 320 320 657 592 657 592 601 427 146 657 601 427 601 146 657 592 427 146 146 320 592 592 681 146 427 320 427 601 681 146 592 320 601 320 427 592 681 681 320 427 146 681 657 592 592 146 657 427 320 657 681 681 592 601 320 320 681 146 681 320 320 592 681 592 592 427 146 146 681 601 320 681 320 681 427 427 681 592 427 657 601 601 146 427 601 592 427 592 427 146 681 601 320 601 320 601 427 146 601 146 146 657 657 681 320 320 601 427 320 427 592 681 681 657 601 320 146 320 681 427 681 146 592 320 601 320 320 657 657 681 146 320 592 681 681 427 601 592 427 427 601 592 320 427 592 681 657 320 592 146 592 320 681 657 320 427 427 657 146 592 320 592 427 146 146 601 681 427 146 146 427 320 146 320 601 681 320 601 320 427 320 427 657 320 146 320 592 146 320 146 427 146 320 601 320 601 601 601 146 146 592 320 146 601 681 146 320 320 657 320 592 427 657 601 427 601 146 657 427 601 601 657 601 427 146 601 146 146 601 592 681 681 657 592 657 657 592 681 592 657 320 592 681 146 601 146 657 681 146 592 427 657 427 601 681 146 657 657 592 681 427 601 657 320 592 657 601 146 601 681 320 427 601 320 146 657 320 657 146 681 681 601 146 657 146 657 681 146 146 320 146 601 601 146 320 592 427 657 681 601 592 146 657 601 427 427 657 681 427 320 427 146 681 320 601 592 601 601 320 601 146 601 681 592 601 146 427 592 427 427 592 592 601 146 320 592 427 657 320 320 427 657 601 427 320 146 320 320 146 592 681 427 320 146 146 427 320 592 427 657 320 427 681 601 427 320 320 320 427 592 681 657 657 657 146 657 146 427 601 592 320 320 320 320 592 601 146 146 681 592 601 657 601 320 427 601 657 427 592 681 146 146 146 427 427 592 601 427 592 427 592 146 146 427 592 592 601 592 320 657 427 657 146 601 146 427 427 592 681 592 681 601 320 320 657 146 657 681 657 592 601 657 681 657 601 427 146 657 601 
  Facilities: 7
 146 : 0 17 18 21 26 36 42 47 68 71 72 85 86 94 117 136 144 152 155 170 186 189 192 199 220 223 229 242 243 245 252 254 258 268 269 270 273 275 299 309 314 318 319 324 330 341 346 358 367 368 383 390 398 400 401 417 422 431 450 459 464 465 469 470 473 485 488 490 492 499 500 503 506 517 525 527 528 544 546 549 556 568 575 579 583 585 588 589 591 594 602 612 621 626 634 646 649 654 655 675 677 687 688 701 702 703 712 713 723 725 736 747
 320 : 2 6 9 23 33 40 70 80 81 98 110 115 118 124 127 131 135 145 154 157 160 172 173 174 181 182 184 187 194 205 207 210 215 221 228 230 233 263 272 282 300 301 302 320 326 332 334 339 349 355 356 360 361 371 373 393 395 405 406 409 416 418 424 426 427 432 443 448 452 455 461 472 474 477 479 481 484 486 489 493 495 502 507 508 510 541 564 571 574 577 590 595 610 614 619 635 639 640 645 647 648 653 657 661 666 667 668 681 682 683 684 694 719 733 734
 427 : 8 10 14 48 49 53 55 60 65 74 84 91 103 104 114 120 141 142 146 149 156 159 163 166 169 171 175 188 193 196 198 203 211 217 238 247 250 256 277 286 289 308 312 317 325 327 335 340 348 366 375 376 379 384 387 389 397 408 410 420 436 439 440 444 456 457 463 468 471 480 482 491 512 515 519 524 551 553 561 572 597 605 606 609 611 627 629 630 637 641 644 652 656 659 662 665 669 678 695 698 704 705 708 710 714 721 726 727 746
 592 : 13 20 25 29 34 35 38 39 43 50 52 54 62 73 105 106 121 133 140 153 162 164 178 179 180 185 197 200 201 202 204 212 216 227 231 236 241 248 259 260 261 262 264 271 280 284 287 295 304 306 316 321 322 331 336 344 345 353 362 364 365 378 386 388 411 423 433 438 442 445 449 451 460 462 487 501 511 530 534 537 539 542 550 559 565 596 601 616 624 628 631 632 636 650 658 670 680 685 690 699 706 709 711 715 716 718 728 730 740
 601 : 16 19 27 31 32 37 41 44 56 58 59 64 66 67 78 88 99 125 128 129 134 138 148 150 161 165 168 183 214 222 225 226 232 239 244 251 257 265 267 279 288 293 294 307 311 313 328 333 354 370 381 382 385 392 394 396 399 407 415 425 437 441 466 475 478 494 496 497 498 504 514 516 520 521 523 526 529 545 554 562 567 569 573 582 592 593 600 604 615 617 618 620 622 625 633 643 664 679 686 691 693 696 707 717 724 732 741 745 749
 657 : 7 15 22 30 45 46 63 69 75 76 79 87 89 92 95 100 108 109 113 119 123 126 143 147 151 176 177 190 191 208 213 218 224 234 237 246 249 255 283 290 292 296 303 305 310 315 343 347 350 380 402 403 414 428 429 447 454 458 483 509 513 518 522 533 535 536 540 547 552 557 558 563 566 576 578 584 586 598 603 607 638 642 660 672 673 674 676 692 697 720 722 735 737 739 742 744 748
 681 : 1 3 4 5 11 12 24 28 51 57 61 77 82 83 90 93 96 97 101 102 107 111 112 116 122 130 132 137 139 158 167 195 206 209 219 235 240 253 266 274 276 278 281 285 291 297 298 323 329 337 338 342 351 352 357 359 363 369 372 374 377 391 404 412 413 419 421 430 434 435 446 453 467 476 505 531 532 538 543 548 555 560 570 580 581 587 599 608 613 623 651 663 671 689 700 729 731 738 743
SOLUTION:
  Value: -903209.000000
  Assigns: 127 712 340 207 127 340 127 712 207 207 427 712 553 553 427 553 340 127 712 340 207 553 553 207 340 40 553 340 553 340 712 340 712 40 40 40 712 40 712 207 40 553 127 712 712 127 127 427 427 427 40 127 340 207 712 712 207 40 712 40 427 40 207 553 712 340 340 40 127 340 712 712 40 127 427 712 712 553 427 340 340 427 712 712 427 712 40 553 553 40 127 427 427 712 40 207 40 127 127 207 40 127 340 427 427 427 712 40 207 340 127 40 553 712 427 340 340 712 427 40 427 207 340 340 40 127 712 427 40 712 127 553 207 40 40 40 712 553 127 340 127 340 340 127 712 207 427 427 40 712 553 553 207 712 553 712 207 127 40 340 553 207 712 712 207 127 427 127 40 427 40 427 127 712 127 340 40 207 40 712 553 553 553 340 127 712 553 207 427 712 127 553 40 712 207 340 427 127 427 340 553 127 40 712 127 40 40 712 127 553 207 340 40 553 712 340 340 340 427 40 553 553 712 712 712 553 712 712 553 127 340 427 127 127 712 40 712 340 427 712 207 40 207 553 340 340 553 427 340 712 427 340 127 427 340 427 427 207 553 40 207 207 127 40 340 553 127 553 207 127 427 207 207 553 127 553 127 712 127 553 40 207 340 127 127 553 40 207 340 427 553 127 207 340 553 340 40 712 427 712 207 340 340 127 427 40 712 712 427 712 207 207 207 340 340 427 207 427 40 712 127 553 207 340 127 427 207 427 40 553 427 127 712 340 127 712 553 127 712 712 427 553 712 207 40 712 40 553 127 553 553 127 427 207 340 553 553 712 427 127 40 127 127 207 712 340 427 553 340 207 553 553 207 127 207 207 427 712 207 427 40 427 340 553 427 207 207 427 207 427 207 127 207 127 340 340 427 427 340 40 553 712 127 127 207 207 40 553 553 553 40 40 553 207 712 207 40 553 40 712 553 40 553 712 40 712 40 340 40 712 340 553 553 127 712 712 427 40 40 427 427 207 207 553 712 127 712 127 40 127 207 553 40 40 207 40 427 712 340 207 340 127 553 427 127 427 207 427 40 340 553 427 127 127 712 553 40 127 40 127 427 127 427 340 207 427 207 427 553 712 712 207 40 427 207 427 207 340 40 127 207 40 340 553 553 712 207 340 127 40 712 712 40 207 40 427 427 340 340 427 127 40 207 40 427 427 207 427 340 40 340 712 40 340 427 40 127 553 207 712 712 127 553 553 127 40 207 712 207 553 712 427 340 40 207 127 712 207 553 712 40 427 553 127 340 40 207 340 207 40 207 712 427 40 340 340 712 553 553 207 207 712 207 207 553 40 207 207 340 340 553 40 553 127 553 553 712 427 553 340 712 127 207 127 712 427 127 712 340 207 207 340 127 340 40 40 40 340 207 207 553 340 340 553 340 127 340 712 553 427 127 127 712 553 553 40 712 427 427 207 712 207 340 340 40 207 127 40 127 553 712 553 427 40 127 427 40 127 127 40 207 553 427 712 553 553 340 340 40 427 40 40 553 40 127 207 712 427 127 40 427 127 340 340 340 553 207 712 553 207 427 127 207 553 712 427 127 340 427 340 40 712 127 340 427 427 712 207 427 427 427 207 207 40 427 340 127 712 553 340 127 712 127 553 340 340 427 427 427 712 340 553 340 127 553 553 340 127 553 127 712 127 127 712 207 207 427 553 553 207 
  Facilities: 7
 40 : 25 33 34 35 37 40 50 57 59 61 67 72 86 89 94 96 100 107 111 119 124 128 133 134 135 148 158 168 170 176 178 192 202 205 206 212 219 235 241 259 263 280 286 296 305 318 328 344 346 360 380 399 406 410 411 416 418 421 424 426 428 437 438 448 452 453 455 468 476 478 492 498 501 509 512 514 521 523 529 532 535 545 553 560 565 569 573 585 591 614 615 616 635 644 647 653 656 659 668 670 671 673 679 700 713
 127 : 0 4 6 17 42 45 46 51 68 73 90 97 98 101 110 125 130 138 140 143 157 165 167 172 174 184 190 197 201 204 208 229 232 233 252 262 266 269 274 276 278 283 284 291 303 320 324 331 334 337 348 351 359 361 362 373 391 393 402 403 433 445 447 449 461 464 472 473 477 479 481 499 508 520 536 541 544 555 563 593 601 603 606 612 625 630 631 646 648 654 657 658 674 678 681 691 696 702 716 720 722 733 737 739 741 742
 207 : 3 8 9 20 23 39 53 56 62 95 99 108 121 132 145 152 156 161 164 177 187 194 210 240 242 257 260 261 268 271 272 281 287 292 300 310 311 312 316 322 326 343 353 363 369 372 374 375 378 385 386 388 390 392 404 405 413 415 441 442 450 454 459 466 484 486 491 494 496 500 506 513 522 526 538 546 548 554 557 566 568 570 579 580 582 583 586 587 602 609 610 618 619 639 641 645 660 675 686 689 692 707 711 712 744 745 749
 340 : 2 5 16 19 24 27 29 31 52 65 66 69 79 80 102 109 115 116 122 123 139 141 142 159 175 183 195 199 211 215 216 217 230 237 244 245 248 251 254 264 282 288 293 295 301 302 313 314 323 333 354 365 368 382 394 395 398 427 430 458 460 469 483 497 502 507 517 518 528 530 533 552 564 567 574 575 588 589 599 608 611 613 617 621 622 624 626 642 643 666 667 682 683 684 697 699 703 715 719 724 725 730 732 736
 427 : 10 14 47 48 49 60 74 78 81 84 91 92 103 104 105 114 118 120 127 146 147 166 169 171 188 196 198 218 231 238 247 250 253 255 256 270 289 298 304 308 315 317 325 327 330 340 352 358 366 376 379 381 384 387 389 396 397 436 439 440 456 463 465 467 471 480 482 485 487 493 495 515 516 519 524 525 527 534 551 561 572 597 605 629 637 638 652 655 662 669 677 680 690 695 698 704 705 708 709 710 714 726 727 728 746
 553 : 12 13 15 21 22 26 28 41 63 77 87 88 112 131 137 150 151 154 160 180 181 182 186 191 200 209 213 220 221 225 228 243 246 258 265 267 273 275 279 285 290 294 321 329 336 341 347 349 350 355 356 367 370 371 383 400 407 408 409 412 417 420 422 431 432 443 451 462 470 475 488 503 504 537 542 543 549 558 562 577 578 584 590 592 594 595 598 620 623 628 633 634 649 651 661 664 665 672 685 688 693 718 723 731 734 735 738 747 748
 712 : 1 7 11 18 30 32 36 38 43 44 54 55 58 64 70 71 75 76 82 83 85 93 106 113 117 126 129 136 144 149 153 155 162 163 173 179 185 189 193 203 207 214 222 223 224 226 227 234 236 239 249 277 297 299 306 307 309 319 332 335 338 339 342 345 357 364 377 401 414 419 423 425 429 434 435 444 446 457 474 489 490 505 510 511 531 539 540 547 550 556 559 571 576 581 596 600 604 607 627 632 636 640 650 663 676 687 694 701 706 717 721 729 740 743
