# Time: 20.240000
# Elapsed: 3.984913
# Input_file: splp/M/Q/MQ5
# Pool_size: 1000
# Iterations: 8
# Final_solutions: 5341
# Vision_range: 0
# Reduction_mode: REDUCTION_RANDOM
SOLUTION:
  Value: -4358.257470
  Assigns: 54 54 200 200 6 0 200 0 200 181 181 181 6 181 181 54 0 181 54 6 54 200 193 200 54 6 6 181 0 6 54 0 0 193 181 193 0 200 193 181 0 0 193 54 6 200 200 200 181 200 193 6 200 0 193 200 200 6 200 193 0 193 6 193 193 200 193 0 200 0 54 6 181 0 6 200 200 181 181 193 54 0 0 6 54 193 0 0 193 200 6 200 0 193 200 200 193 6 193 54 6 0 181 54 200 181 6 0 200 0 54 181 0 193 0 181 181 54 200 200 193 200 181 54 0 193 200 193 0 200 193 6 181 0 54 193 0 0 193 181 6 54 54 0 6 200 0 200 6 181 181 6 181 200 193 0 54 54 193 54 0 6 193 0 200 200 193 54 193 54 181 200 6 6 200 200 0 0 181 200 193 6 181 193 200 6 54 200 6 200 54 193 0 6 54 200 54 200 193 54 181 200 54 54 54 0 54 181 193 200 0 181 6 54 0 54 193 193 54 6 54 6 193 6 200 181 6 193 181 193 193 181 193 193 6 200 6 0 200 54 193 181 6 54 6 193 181 181 0 6 193 6 181 54 181 6 6 193 193 181 181 193 200 200 54 181 54 200 181 193 181 54 54 193 0 200 200 6 6 181 54 0 54 181 54 200 54 193 6 200 181 0 181 6 181 54 200 200 193 0 
  Facilities: 6
 0 : 5 7 16 28 31 32 36 40 41 53 60 67 69 73 81 82 86 87 92 101 107 109 112 114 124 128 133 136 137 143 146 155 160 163 176 177 192 205 210 214 237 248 274 281 291 299
 6 : 4 12 19 25 26 29 44 51 57 62 71 74 83 90 97 100 106 131 140 144 148 151 161 172 173 181 185 188 193 212 219 221 223 226 234 236 242 244 249 251 255 256 277 278 288 293
 54 : 0 1 15 18 20 24 30 43 70 80 84 99 103 110 117 123 134 141 142 156 157 159 167 169 186 190 194 196 199 202 203 204 206 213 215 218 220 239 243 253 264 266 271 272 280 282 284 286 295
 181 : 9 10 11 13 14 17 27 34 39 48 72 77 78 102 105 111 115 116 122 132 139 149 150 152 170 178 182 200 207 211 225 228 231 241 246 247 252 254 259 260 265 268 270 279 283 290 292 294
 193 : 22 33 35 38 42 50 54 59 61 63 64 66 79 85 88 93 96 98 113 120 125 127 130 135 138 154 158 162 166 168 180 183 191 198 208 216 217 222 227 229 230 232 233 240 245 250 257 258 261 269 273 287 298
 200 : 2 3 6 8 21 23 37 45 46 47 49 52 55 56 58 65 68 75 76 89 91 94 95 104 108 118 119 121 126 129 145 147 153 164 165 171 174 175 179 184 187 189 195 197 201 209 224 235 238 262 263 267 275 276 285 289 296 297
SOLUTION:
  Value: -4359.047860
  Assigns: 101 151 43 238 43 43 43 101 147 43 43 101 151 285 238 101 151 43 285 101 43 147 43 147 101 285 43 101 101 147 43 285 238 285 285 43 101 147 147 285 285 43 285 43 43 285 147 238 238 238 151 101 101 285 151 285 147 43 151 151 101 238 43 101 147 151 101 43 285 101 147 238 43 101 151 101 285 101 151 285 238 238 101 151 43 238 147 101 101 151 43 238 43 43 151 101 285 285 151 147 101 43 285 151 147 238 285 285 147 238 101 285 147 101 101 151 43 151 285 238 101 285 101 43 285 147 43 101 151 151 285 285 238 151 43 285 147 101 285 43 43 101 285 151 151 151 238 147 147 43 285 101 147 43 101 285 238 285 151 285 147 285 101 43 151 101 43 101 147 151 238 43 285 238 147 101 147 147 43 151 43 43 147 151 147 151 43 238 147 151 151 238 151 151 285 238 101 238 285 285 147 147 147 285 101 151 43 151 101 147 43 238 43 101 238 43 238 238 151 43 43 43 43 101 151 285 101 101 151 147 238 238 285 101 147 285 147 151 285 238 101 238 147 43 151 238 43 147 101 101 101 285 238 147 285 285 238 147 147 147 43 151 147 101 147 238 285 285 43 238 147 238 147 285 238 238 43 147 238 285 101 101 101 147 43 43 285 151 238 147 147 151 101 151 238 151 43 151 147 238 
  Facilities: 6
 43 : 2 4 5 6 9 10 17 20 22 26 30 35 41 43 44 57 62 67 72 84 90 92 93 101 116 123 126 134 139 140 149 153 163 166 171 178 180 181 186 206 210 212 215 219 220 221 222 243 246 260 268 276 284 285 296
 101 : 0 7 11 15 19 24 27 28 36 51 52 60 63 66 69 73 75 77 82 87 88 95 100 110 113 114 120 122 127 137 141 151 154 162 165 167 175 196 204 208 213 223 226 227 233 240 248 249 250 263 280 281 282 292
 147 : 8 21 23 29 37 38 46 56 64 70 86 99 104 108 112 125 136 147 148 152 160 168 174 176 177 182 184 188 200 201 202 209 229 234 236 242 247 253 257 258 259 262 264 270 272 277 283 289 290 298
 151 : 1 12 16 50 54 58 59 65 74 78 83 89 94 98 103 115 117 128 129 133 143 144 145 158 164 169 179 183 185 189 190 192 193 205 207 218 224 228 237 244 261 287 291 293 295 297
 238 : 3 14 32 47 48 49 61 71 80 81 85 91 105 109 119 132 146 156 170 173 187 191 195 197 211 214 216 217 230 231 239 241 245 252 256 265 269 271 274 275 278 288 294 299
 285 : 13 18 25 31 33 34 39 40 42 45 53 55 68 76 79 96 97 102 106 107 111 118 121 124 130 131 135 138 142 150 155 157 159 161 172 194 198 199 203 225 232 235 238 251 254 255 266 267 273 279 286
SOLUTION:
  Value: -4369.396810
  Assigns: 54 151 200 200 6 0 200 0 200 181 181 181 151 181 181 54 151 181 54 6 54 200 6 200 54 6 6 181 0 6 54 0 0 0 181 200 0 151 54 181 0 0 54 54 151 200 200 200 181 200 151 6 200 0 151 200 151 6 200 151 151 54 6 54 6 200 151 0 200 0 54 6 181 0 6 200 200 181 181 6 54 0 0 151 54 181 0 0 54 200 6 200 0 54 200 200 181 6 151 54 6 0 181 54 200 181 6 0 200 0 54 181 0 0 0 151 181 151 200 200 6 200 181 54 0 200 151 0 0 200 151 6 181 0 54 0 0 0 0 181 6 54 151 0 6 151 0 200 6 181 181 151 181 200 151 0 54 54 151 54 0 6 0 0 200 200 0 54 6 54 181 200 6 6 200 200 0 0 181 200 0 6 181 151 200 6 54 200 6 151 151 151 0 151 54 200 54 151 54 54 181 200 54 54 54 151 54 181 200 200 0 181 6 54 0 54 6 0 54 6 54 151 0 6 200 181 6 0 181 181 0 181 181 151 6 200 6 0 200 151 6 181 6 54 6 200 181 181 0 6 0 6 181 54 181 6 6 151 0 181 181 151 200 200 54 181 54 200 181 181 151 54 54 200 0 200 200 6 6 181 54 0 54 181 54 200 54 151 6 200 181 0 181 6 181 151 200 151 6 0 
  Facilities: 6
 0 : 5 7 28 31 32 33 36 40 41 53 67 69 73 81 82 86 87 92 101 107 109 112 113 114 124 127 128 133 135 136 137 138 143 146 155 160 162 163 166 176 177 180 192 210 214 217 222 227 230 237 248 250 258 274 281 291 299
 6 : 4 19 22 25 26 29 51 57 62 64 71 74 79 90 97 100 106 120 131 140 144 148 161 168 172 173 181 185 188 212 216 219 223 226 234 236 240 242 244 249 251 255 256 277 278 288 293 298
 54 : 0 15 18 20 24 30 38 42 43 61 63 70 80 84 88 93 99 103 110 123 134 141 156 157 159 167 169 186 194 196 198 199 202 203 204 206 213 215 218 220 243 253 264 266 271 272 280 282 284 286
 151 : 1 12 16 37 44 50 54 56 59 60 66 83 98 115 117 126 130 142 145 151 154 158 183 189 190 191 193 197 205 221 233 239 257 261 270 287 295 297
 181 : 9 10 11 13 14 17 27 34 39 48 72 77 78 85 96 102 105 111 116 122 132 139 149 150 152 170 178 182 200 207 211 225 228 229 231 232 241 246 247 252 254 259 260 265 268 269 279 283 290 292 294
 200 : 2 3 6 8 21 23 35 45 46 47 49 52 55 58 65 68 75 76 89 91 94 95 104 108 118 119 121 125 129 147 153 164 165 171 174 175 179 184 187 195 201 208 209 224 235 238 245 262 263 267 273 275 276 285 289 296
SOLUTION:
  Value: -4379.461530
  Assigns: 54 54 200 200 6 0 200 0 200 181 181 181 6 181 181 54 0 181 54 6 54 200 6 200 54 6 6 181 0 6 54 0 0 0 181 200 0 200 54 181 0 0 54 54 6 200 200 200 181 200 181 6 200 0 54 200 200 6 200 6 0 54 6 54 6 200 200 0 200 0 54 6 181 0 6 200 200 181 181 6 54 0 0 6 54 181 0 0 54 200 6 200 0 54 200 200 181 6 181 54 6 0 181 54 200 181 6 0 200 0 54 181 0 0 0 181 181 54 200 200 6 200 181 54 0 200 200 0 0 200 6 6 181 0 54 0 0 0 0 181 6 54 54 0 6 200 0 200 6 181 181 6 181 200 54 0 54 54 181 54 0 6 0 0 200 200 0 54 6 54 181 200 6 6 200 200 0 0 181 200 0 6 181 200 200 6 54 200 6 200 54 200 0 6 54 200 54 200 54 54 181 200 54 54 54 0 54 181 200 200 0 181 6 54 0 54 6 0 54 6 54 6 0 6 200 181 6 0 181 181 0 181 181 0 6 200 6 0 200 54 6 181 6 54 6 200 181 181 0 6 0 6 181 54 181 6 6 200 0 181 181 181 200 200 54 181 54 200 181 181 181 54 54 200 0 200 200 6 6 181 54 0 54 181 54 200 54 200 6 200 181 0 181 6 181 54 200 200 6 0 
  Facilities: 5
 0 : 5 7 16 28 31 32 33 36 40 41 53 60 67 69 73 81 82 86 87 92 101 107 109 112 113 114 124 127 128 133 135 136 137 138 143 146 155 160 162 163 166 176 177 180 192 205 210 214 217 222 227 230 233 237 248 250 258 274 281 291 299
 6 : 4 12 19 22 25 26 29 44 51 57 59 62 64 71 74 79 83 90 97 100 106 120 130 131 140 144 148 151 161 168 172 173 181 185 188 193 212 216 219 221 223 226 234 236 240 242 244 249 251 255 256 277 278 288 293 298
 54 : 0 1 15 18 20 24 30 38 42 43 54 61 63 70 80 84 88 93 99 103 110 117 123 134 141 142 154 156 157 159 167 169 186 190 194 196 198 199 202 203 204 206 213 215 218 220 239 243 253 264 266 271 272 280 282 284 286 295
 181 : 9 10 11 13 14 17 27 34 39 48 50 72 77 78 85 96 98 102 105 111 115 116 122 132 139 149 150 152 158 170 178 182 200 207 211 225 228 229 231 232 241 246 247 252 254 259 260 261 265 268 269 270 279 283 290 292 294
 200 : 2 3 6 8 21 23 35 37 45 46 47 49 52 55 56 58 65 66 68 75 76 89 91 94 95 104 108 118 119 121 125 126 129 145 147 153 164 165 171 174 175 179 183 184 187 189 191 195 197 201 208 209 224 235 238 245 257 262 263 267 273 275 276 285 287 289 296 297
SOLUTION:
  Value: -4387.287340
  Assigns: 101 43 43 238 43 43 43 101 147 43 43 101 285 285 238 101 43 43 285 101 43 147 43 147 101 285 43 101 101 147 43 285 238 285 285 43 101 147 147 285 285 43 285 43 43 285 147 238 238 238 43 101 101 285 238 285 147 43 43 238 101 238 43 101 147 285 101 43 285 101 147 238 43 101 43 101 285 101 101 285 238 238 101 285 43 238 147 101 101 238 43 238 43 43 238 101 285 285 238 147 101 43 285 101 147 238 285 285 147 238 101 285 147 101 101 147 43 285 285 238 101 285 101 43 285 147 43 101 43 238 285 285 238 285 43 285 147 101 285 43 43 101 285 101 43 43 238 147 147 43 285 101 147 43 101 285 238 285 147 285 147 285 101 43 101 101 43 101 147 43 238 43 285 238 147 101 147 147 43 147 43 43 147 43 147 101 43 238 147 285 238 238 43 238 285 238 101 238 285 285 147 147 147 285 101 43 43 147 101 147 43 238 43 101 238 43 238 238 147 43 43 43 43 101 43 285 101 101 147 147 238 238 285 101 147 285 147 101 285 238 101 238 147 43 147 238 43 147 101 101 101 285 238 147 285 285 238 147 147 147 43 285 147 101 147 238 285 285 43 238 147 238 147 285 238 238 43 147 238 285 101 101 101 147 43 43 285 43 238 147 147 43 101 147 238 43 43 285 147 238 
  Facilities: 5
 43 : 1 2 4 5 6 9 10 16 17 20 22 26 30 35 41 43 44 50 57 58 62 67 72 74 84 90 92 93 101 116 123 126 128 134 139 140 144 145 149 153 163 166 169 171 178 180 181 183 186 192 205 206 210 212 215 219 220 221 222 224 243 246 260 268 276 284 285 287 291 295 296
 101 : 0 7 11 15 19 24 27 28 36 51 52 60 63 66 69 73 75 77 78 82 87 88 95 100 103 110 113 114 120 122 127 137 141 143 151 154 162 164 165 167 175 185 196 204 208 213 223 226 227 233 237 240 248 249 250 263 280 281 282 292
 147 : 8 21 23 29 37 38 46 56 64 70 86 99 104 108 112 115 125 136 147 148 152 158 160 168 174 176 177 179 182 184 188 200 201 202 207 209 218 228 229 234 236 242 244 247 253 257 258 259 262 264 270 272 277 283 289 290 293 298
 238 : 3 14 32 47 48 49 54 59 61 71 80 81 85 89 91 94 98 105 109 119 129 132 146 156 170 173 187 190 191 193 195 197 211 214 216 217 230 231 239 241 245 252 256 265 269 271 274 275 278 288 294 299
 285 : 12 13 18 25 31 33 34 39 40 42 45 53 55 65 68 76 79 83 96 97 102 106 107 111 117 118 121 124 130 131 133 135 138 142 150 155 157 159 161 172 189 194 198 199 203 225 232 235 238 251 254 255 261 266 267 273 279 286 297
SOLUTION:
  Value: -4390.760710
  Assigns: 128 151 200 128 181 0 200 0 200 181 181 181 151 181 181 54 128 181 54 181 54 200 54 200 54 200 128 181 128 128 54 0 0 0 181 200 0 151 54 128 0 0 54 54 151 200 200 200 181 200 151 128 200 0 151 128 151 54 200 151 128 128 0 128 54 200 151 0 200 0 54 181 181 0 151 200 200 181 181 128 128 0 0 151 54 181 0 128 128 200 128 200 0 54 200 200 181 54 151 54 200 128 181 54 200 181 54 0 200 0 128 181 0 0 0 151 181 151 200 200 0 200 181 128 0 128 151 0 0 200 151 200 181 0 54 0 0 0 0 181 181 54 128 0 0 151 0 200 181 181 181 151 181 200 128 0 54 128 151 54 128 181 128 0 200 200 128 54 128 54 181 200 54 200 200 200 0 0 181 200 0 200 181 151 200 151 128 200 0 151 151 128 0 151 54 200 54 151 54 128 181 128 54 54 54 151 128 181 200 200 0 181 151 128 0 54 128 0 54 54 54 151 0 54 128 181 0 0 181 128 128 181 128 151 0 200 128 0 200 128 128 181 151 128 54 200 181 181 0 128 0 128 181 54 181 128 181 128 128 128 128 151 200 200 54 181 54 200 181 181 128 128 54 200 0 200 200 0 200 181 54 0 54 181 128 200 54 128 200 128 181 0 181 0 181 151 200 151 128 0 
  Facilities: 6
 0 : 5 7 31 32 33 36 40 41 53 62 67 69 73 81 82 86 92 107 109 112 113 114 120 124 127 128 133 135 136 137 138 143 144 146 155 163 176 177 180 188 192 210 214 217 222 226 227 234 237 248 250 274 277 281 291 293 299
 54 : 15 18 20 22 24 30 38 42 43 57 64 70 84 93 97 99 103 106 134 141 156 159 167 169 172 194 196 198 202 203 204 215 218 219 220 223 244 253 264 266 272 280 282 286
 128 : 0 3 16 26 28 29 39 51 55 60 61 63 79 80 87 88 90 101 110 123 125 142 154 157 160 162 166 168 186 191 199 201 206 213 216 224 229 230 232 236 239 240 243 249 251 255 257 258 259 260 270 271 284 287 289 298
 151 : 1 12 37 44 50 54 56 59 66 74 83 98 115 117 126 130 145 151 158 183 185 189 190 193 197 205 212 221 233 242 261 295 297
 181 : 4 9 10 11 13 14 17 19 27 34 48 71 72 77 78 85 96 102 105 111 116 122 132 139 140 148 149 150 152 161 170 178 182 200 207 211 225 228 231 241 246 247 252 254 256 265 268 269 279 283 290 292 294
 200 : 2 6 8 21 23 25 35 45 46 47 49 52 58 65 68 75 76 89 91 94 95 100 104 108 118 119 121 129 131 147 153 164 165 171 173 174 175 179 181 184 187 195 208 209 235 238 245 262 263 267 273 275 276 278 285 288 296
SOLUTION:
  Value: -4411.516970
  Assigns: 128 54 200 128 181 0 200 0 200 181 181 181 54 181 181 54 128 181 54 181 54 200 54 200 54 200 128 181 128 128 54 0 0 0 181 200 0 128 54 128 0 0 54 54 128 200 200 200 181 200 128 128 200 0 128 128 200 54 200 128 128 128 0 128 54 200 200 0 200 0 54 181 181 0 181 200 200 181 181 128 128 0 0 181 54 181 0 128 128 200 128 200 0 54 200 200 181 54 181 54 200 128 181 54 200 181 54 0 200 0 128 181 0 0 0 181 181 54 200 200 0 200 181 128 0 128 200 0 0 200 200 200 181 0 54 0 0 0 0 181 181 54 128 0 0 128 0 200 181 181 181 54 181 200 128 0 54 128 181 54 128 181 128 0 200 200 128 54 128 54 181 200 54 200 200 200 0 0 181 200 0 200 181 200 200 181 128 200 0 128 54 128 0 128 54 200 54 200 54 128 181 128 54 54 54 0 128 181 200 200 0 181 0 128 0 54 128 0 54 54 54 181 0 54 128 181 0 0 181 128 128 181 128 128 0 200 128 0 200 128 128 181 181 128 54 200 181 181 0 128 0 128 181 54 181 128 181 128 128 128 128 181 200 200 54 181 54 200 181 181 128 128 54 200 0 200 200 0 200 181 54 0 54 181 128 200 54 128 200 128 181 0 181 0 181 54 200 200 128 0 
  Facilities: 5
 0 : 5 7 31 32 33 36 40 41 53 62 67 69 73 81 82 86 92 107 109 112 113 114 120 124 127 128 133 135 136 137 138 143 144 146 155 163 176 177 180 188 192 205 210 212 214 217 222 226 227 234 237 248 250 274 277 281 291 293 299
 54 : 1 12 15 18 20 22 24 30 38 42 43 57 64 70 84 93 97 99 103 106 117 134 141 151 156 159 167 169 172 190 194 196 198 202 203 204 215 218 219 220 223 244 253 264 266 272 280 282 286 295
 128 : 0 3 16 26 28 29 37 39 44 50 51 54 55 59 60 61 63 79 80 87 88 90 101 110 123 125 142 145 154 157 160 162 166 168 186 189 191 193 199 201 206 213 216 224 229 230 232 233 236 239 240 243 249 251 255 257 258 259 260 270 271 284 287 289 298
 181 : 4 9 10 11 13 14 17 19 27 34 48 71 72 74 77 78 83 85 96 98 102 105 111 115 116 122 132 139 140 148 149 150 152 158 161 170 178 182 185 200 207 211 221 225 228 231 241 242 246 247 252 254 256 261 265 268 269 279 283 290 292 294
 200 : 2 6 8 21 23 25 35 45 46 47 49 52 56 58 65 66 68 75 76 89 91 94 95 100 104 108 118 119 121 126 129 130 131 147 153 164 165 171 173 174 175 179 181 183 184 187 195 197 208 209 235 238 245 262 263 267 273 275 276 278 285 288 296 297
SOLUTION:
  Value: -4420.600690
  Assigns: 259 151 259 61 285 151 259 101 259 259 61 101 151 285 238 101 259 285 285 101 285 61 101 259 259 61 151 101 61 238 151 285 238 285 285 238 101 151 151 285 285 285 285 285 151 285 61 61 238 238 151 101 101 285 61 285 151 61 151 151 101 61 61 101 259 61 101 259 285 101 259 238 101 101 151 101 285 101 151 285 238 61 101 151 61 61 259 101 61 151 61 259 285 285 259 101 285 285 151 61 61 259 285 151 238 238 285 259 151 238 101 285 259 101 101 151 238 61 285 238 101 285 101 259 61 61 285 259 151 61 259 285 238 151 61 259 259 101 285 259 61 101 285 151 61 61 61 259 101 259 61 101 259 61 61 285 238 285 151 285 285 61 101 101 151 259 101 101 101 151 238 259 285 61 285 61 61 151 101 151 259 61 61 151 238 151 259 238 259 151 151 259 151 259 285 238 101 238 61 61 61 259 238 285 101 61 259 259 101 285 61 238 151 101 238 238 238 61 61 61 61 151 259 101 151 285 61 61 151 61 238 238 285 101 101 285 61 259 259 238 101 238 61 61 151 61 259 101 101 101 101 285 238 238 259 259 238 151 61 61 101 151 259 101 285 238 61 259 259 238 259 238 101 259 61 238 259 259 259 61 101 259 101 101 285 259 285 151 238 61 259 259 101 61 238 151 259 61 285 238 
  Facilities: 6
 61 : 3 10 21 25 28 46 47 54 57 61 62 65 81 84 85 88 90 99 100 117 124 125 129 134 140 144 145 146 150 153 154 161 173 175 176 181 182 198 199 200 205 210 217 218 219 220 226 227 229 236 242 243 245 258 259 266 274 279 289 293 297
 101 : 7 11 15 19 22 27 36 51 52 60 63 66 69 72 73 75 77 82 87 95 110 113 114 120 122 137 141 148 151 162 163 166 167 168 178 196 204 208 213 223 233 234 240 247 248 249 250 260 263 272 280 282 283 292
 151 : 1 5 12 26 30 37 38 44 50 56 58 59 74 78 83 89 98 103 108 115 128 133 143 158 164 169 177 179 183 185 189 190 192 212 221 224 228 244 257 261 287 295
 238 : 14 29 32 35 48 49 71 80 104 105 109 116 119 132 156 170 184 187 195 197 202 211 214 215 216 230 231 239 241 252 253 256 265 269 271 275 288 294 299
 259 : 0 2 6 8 9 16 23 24 64 67 70 86 91 94 101 107 112 123 127 130 135 136 139 147 149 152 165 171 180 186 188 191 193 201 206 207 222 237 238 246 254 255 262 267 268 270 273 276 277 278 281 285 290 291 296
 285 : 4 13 17 18 20 31 33 34 39 40 41 42 43 45 53 55 68 76 79 92 93 96 97 102 106 111 118 121 126 131 138 142 155 157 159 160 172 174 194 203 209 225 232 235 251 264 284 286 298
SOLUTION:
  Value: -4421.732420
  Assigns: 193 68 193 68 193 68 21 68 21 21 68 271 68 20 271 271 21 20 68 20 21 271 193 193 21 68 271 193 21 21 21 21 21 193 68 68 271 271 193 271 271 68 193 20 21 21 20 68 271 193 193 271 68 68 20 271 21 20 21 193 271 193 21 193 193 21 271 21 20 68 20 271 68 68 21 271 68 68 68 193 20 271 21 20 271 21 20 68 20 21 68 20 271 193 21 20 193 20 21 20 68 21 21 68 68 21 193 21 193 21 193 20 21 193 68 21 20 68 20 68 193 21 68 20 20 193 271 193 68 68 68 21 21 193 21 193 271 68 20 271 271 193 20 271 21 68 193 21 21 21 21 20 193 68 193 68 271 271 193 21 21 68 21 21 271 20 193 193 193 271 271 271 68 21 21 271 193 21 271 271 193 68 21 20 20 271 271 20 193 21 68 20 20 271 20 271 20 68 193 68 21 68 271 271 271 68 271 21 193 20 68 271 271 271 68 271 271 193 271 20 20 21 21 20 271 68 20 193 20 193 21 20 193 193 20 271 193 68 21 68 193 20 68 271 68 193 68 21 68 21 193 20 271 271 20 21 68 193 193 271 20 271 68 68 21 20 68 20 20 193 20 68 20 193 271 68 271 21 271 21 20 68 21 21 68 271 68 271 20 68 68 68 271 21 20 193 20 21 193 193 
  Facilities: 5
 20 : 13 17 19 43 46 54 57 68 70 80 83 86 88 91 95 97 99 111 116 118 123 124 138 142 151 165 183 184 187 191 192 194 196 209 219 220 223 226 228 231 234 241 251 254 260 265 267 268 270 272 280 288 294 296
 21 : 6 8 9 16 20 24 28 29 30 31 32 44 45 56 58 62 65 67 74 82 85 89 94 98 101 102 105 107 109 112 115 121 131 132 134 144 147 148 149 150 159 160 162 163 173 174 177 182 189 200 207 221 222 230 238 247 249 255 264 277 279 282 283 293 297
 68 : 1 3 5 7 10 12 18 25 34 35 41 47 52 53 69 72 73 76 77 78 87 90 100 103 104 114 117 119 122 128 129 130 137 145 153 155 161 172 181 190 197 199 201 205 210 214 225 237 239 242 244 246 248 256 262 263 266 271 275 281 284 286 289 290 291
 193 : 0 2 4 22 23 27 33 38 42 49 50 59 61 63 64 79 93 96 106 108 110 113 120 125 127 133 135 141 146 152 154 158 166 167 168 176 180 188 198 208 217 227 229 232 233 236 240 245 250 257 258 269 273 295 298 299
 271 : 11 14 15 21 26 36 37 39 40 48 51 55 60 66 71 75 81 84 92 126 136 139 140 143 156 157 164 169 170 171 175 178 179 185 186 193 195 202 203 204 206 211 212 213 215 216 218 224 235 243 252 253 259 261 274 276 278 285 287 292
SOLUTION:
  Value: -4425.220020
  Assigns: 54 54 200 124 181 0 200 0 200 181 181 181 54 124 181 54 124 181 54 181 54 200 54 200 54 200 54 181 0 181 54 0 124 124 181 124 0 200 54 181 124 0 54 54 0 200 200 200 181 200 181 124 200 0 124 200 200 124 200 200 0 54 0 124 54 200 124 0 200 124 124 181 181 0 181 200 200 181 181 0 124 0 0 181 54 181 0 0 124 200 124 200 0 54 124 200 181 54 181 54 200 0 181 54 200 181 54 0 200 0 54 181 0 0 0 181 181 54 200 200 0 200 181 54 0 200 200 0 0 200 200 124 181 0 54 0 0 0 0 181 181 54 54 0 0 200 0 124 181 181 181 54 181 200 124 0 54 54 181 54 124 181 0 0 200 200 0 54 200 54 181 200 54 124 200 200 0 0 181 200 124 200 181 124 200 124 54 200 0 200 124 124 0 54 124 200 54 200 54 54 181 200 54 54 124 0 124 181 200 124 0 181 124 124 0 54 54 0 54 124 54 181 124 54 200 181 0 0 181 181 124 181 181 124 124 124 124 0 200 124 200 181 181 54 124 200 181 181 0 124 0 0 181 54 181 124 181 200 0 181 181 124 124 124 54 181 54 124 181 181 181 54 54 200 0 200 200 0 200 124 54 0 54 181 54 200 54 200 200 200 181 0 181 0 124 54 200 124 124 0 
  Facilities: 5
 0 : 5 7 28 31 36 41 44 53 60 62 67 73 79 81 82 86 87 92 101 107 109 112 113 114 120 124 127 128 133 135 136 137 138 143 144 146 155 162 163 166 176 177 188 192 205 210 214 217 226 227 237 248 250 251 258 274 277 281 291 293 299
 54 : 0 1 12 15 18 20 22 24 26 30 38 42 43 61 64 84 93 97 99 103 106 110 117 123 134 141 142 151 156 157 159 167 169 172 186 193 196 198 199 202 203 215 216 218 220 223 243 253 264 266 271 272 280 282 284 286 295
 124 : 3 13 16 32 33 35 40 51 54 57 63 66 69 70 80 88 90 94 131 147 154 160 173 180 183 185 190 191 194 204 206 209 212 213 219 222 230 233 234 235 236 239 244 249 255 261 262 263 267 279 294 297 298
 181 : 4 9 10 11 14 17 19 27 29 34 39 48 50 71 72 74 77 78 83 85 96 98 102 105 111 115 116 122 132 139 140 148 149 150 152 158 161 170 178 182 200 207 211 221 225 228 229 231 232 241 242 246 247 252 254 256 259 260 265 268 269 270 283 290 292
 200 : 2 6 8 21 23 25 37 45 46 47 49 52 55 56 58 59 65 68 75 76 89 91 95 100 104 108 118 119 121 125 126 129 130 145 153 164 165 168 171 174 175 179 181 184 187 189 195 197 201 208 224 238 240 245 257 273 275 276 278 285 287 288 289 296
