# Time: 429.940002
# Elapsed: 194.197556
# Input_file: splp/Uniform/1723UnifS.txt
# Pool_size: 200
# Iterations: 32
# Final_solutions: 5918
# Vision_range: 400
# Reduction_mode: REDUCTION_DISPERSE
# Dissimilitude: DISSIM_HAUSDORFF
# Facility_dist: FDISMODE_MINDIST
SOLUTION:
  Value: -78041.000000
  Assigns: 55 79 16 66 79 79 66 12 29 31 47 66 99 75 4 79 28 29 77 4 29 75 99 87 47 12 31 99 55 28 75 66 16 16 79 29 75 29 12 28 28 66 47 66 87 55 99 87 28 55 47 55 77 79 28 28 66 47 79 79 4 99 47 79 4 29 47 4 75 79 99 16 47 79 66 87 55 99 55 31 31 31 99 16 12 29 99 77 29 12 4 77 28 28 75 66 12 31 87 12 
  Facilities: 14
 4 : 14 19 60 64 67 90
 12 : 7 25 38 84 89 96 99
 16 : 2 32 33 71 83
 28 : 16 29 39 40 48 54 55 92 93
 29 : 8 17 20 35 37 65 85 88
 31 : 9 26 79 80 81 97
 47 : 10 24 42 50 57 62 66 72
 55 : 0 28 45 49 51 76 78
 66 : 3 6 11 31 41 43 56 74 95
 75 : 13 21 30 36 68 94
 77 : 18 52 87 91
 79 : 1 4 5 15 34 53 58 59 63 69 73
 87 : 23 44 47 75 98
 99 : 12 22 27 46 61 70 77 82 86
SOLUTION:
  Value: -78085.000000
  Assigns: 55 79 16 66 79 79 66 12 29 31 47 66 99 75 4 79 28 29 77 4 29 75 99 99 47 12 31 99 55 28 75 66 16 16 79 29 75 29 12 28 28 66 47 66 28 55 99 55 28 55 47 55 77 79 28 28 66 47 79 79 4 99 47 79 4 29 47 4 75 79 99 16 47 79 66 28 55 99 55 31 31 31 99 16 12 29 99 77 29 12 4 77 28 28 75 66 12 31 29 12 
  Facilities: 13
 4 : 14 19 60 64 67 90
 12 : 7 25 38 84 89 96 99
 16 : 2 32 33 71 83
 28 : 16 29 39 40 44 48 54 55 75 92 93
 29 : 8 17 20 35 37 65 85 88 98
 31 : 9 26 79 80 81 97
 47 : 10 24 42 50 57 62 66 72
 55 : 0 28 45 47 49 51 76 78
 66 : 3 6 11 31 41 43 56 74 95
 75 : 13 21 30 36 68 94
 77 : 18 52 87 91
 79 : 1 4 5 15 34 53 58 59 63 69 73
 99 : 12 22 23 27 46 61 70 77 82 86
SOLUTION:
  Value: -78520.000000
  Assigns: 55 79 16 66 79 79 66 12 29 31 29 66 99 75 4 79 28 29 77 4 29 75 99 99 12 12 31 99 55 28 75 66 16 16 79 29 75 29 12 28 28 66 77 66 28 55 99 55 28 55 16 55 77 79 28 28 66 77 79 79 4 99 79 79 4 29 99 4 75 79 99 16 31 79 66 28 55 99 55 31 31 31 99 16 12 29 99 77 29 12 4 77 28 28 75 66 12 31 29 12 
  Facilities: 12
 4 : 14 19 60 64 67 90
 12 : 7 24 25 38 84 89 96 99
 16 : 2 32 33 50 71 83
 28 : 16 29 39 40 44 48 54 55 75 92 93
 29 : 8 10 17 20 35 37 65 85 88 98
 31 : 9 26 72 79 80 81 97
 55 : 0 28 45 47 49 51 76 78
 66 : 3 6 11 31 41 43 56 74 95
 75 : 13 21 30 36 68 94
 77 : 18 42 52 57 87 91
 79 : 1 4 5 15 34 53 58 59 62 63 69 73
 99 : 12 22 23 27 46 61 66 70 77 82 86
SOLUTION:
  Value: -79532.000000
  Assigns: 55 79 16 66 79 79 66 12 29 31 29 66 99 75 55 79 28 29 77 28 29 75 99 99 12 12 31 99 55 28 75 66 16 16 79 29 75 29 12 28 28 66 77 66 28 55 99 55 28 55 16 55 77 79 28 28 66 77 79 79 31 99 79 79 79 29 99 79 75 79 99 16 31 79 66 28 55 99 55 31 31 31 99 16 12 29 99 77 29 12 16 77 28 28 75 66 12 31 29 12 
  Facilities: 11
 12 : 7 24 25 38 84 89 96 99
 16 : 2 32 33 50 71 83 90
 28 : 16 19 29 39 40 44 48 54 55 75 92 93
 29 : 8 10 17 20 35 37 65 85 88 98
 31 : 9 26 60 72 79 80 81 97
 55 : 0 14 28 45 47 49 51 76 78
 66 : 3 6 11 31 41 43 56 74 95
 75 : 13 21 30 36 68 94
 77 : 18 42 52 57 87 91
 79 : 1 4 5 15 34 53 58 59 62 63 64 67 69 73
 99 : 12 22 23 27 46 61 66 70 77 82 86
SOLUTION:
  Value: -79876.000000
  Assigns: 55 79 69 66 79 79 66 54 69 99 71 66 69 99 4 54 28 71 77 4 16 71 99 99 69 77 54 99 55 28 69 66 16 16 56 99 56 4 69 28 54 66 77 66 28 55 99 55 28 55 16 55 77 79 28 28 66 71 79 79 4 99 79 79 4 4 99 71 71 79 99 16 71 69 66 69 55 99 55 4 55 56 99 71 55 56 99 77 66 66 4 77 28 28 99 56 54 56 55 16 
  Facilities: 12
 4 : 14 19 37 60 64 65 79 90
 16 : 20 32 33 50 71 99
 28 : 16 29 39 44 48 54 55 92 93
 54 : 7 15 26 40 96
 55 : 0 28 45 47 49 51 76 78 80 84 98
 56 : 34 36 81 85 95 97
 66 : 3 6 11 31 41 43 56 74 88 89
 69 : 2 8 12 24 30 38 73 75
 71 : 10 17 21 57 67 68 72 83
 77 : 18 25 42 52 87 91
 79 : 1 4 5 53 58 59 62 63 69
 99 : 9 13 22 23 27 35 46 61 66 70 77 82 86 94
SOLUTION:
  Value: -80376.000000
  Assigns: 79 79 80 66 38 79 53 31 38 31 29 66 8 75 38 79 28 29 77 8 29 68 99 99 8 77 31 99 38 28 75 66 16 16 79 53 75 29 53 28 53 66 53 80 28 29 99 8 28 8 16 53 77 79 38 28 66 77 79 53 38 99 79 79 80 29 99 68 75 79 99 16 31 79 66 28 79 53 38 31 31 31 8 16 38 29 99 77 29 66 16 77 28 28 68 80 38 31 38 75 
  Facilities: 14
 8 : 12 19 24 47 49 82
 16 : 32 33 50 71 83 90
 28 : 16 29 39 44 48 55 75 92 93
 29 : 10 17 20 37 45 65 85 88
 31 : 7 9 26 72 79 80 81 97
 38 : 4 8 14 28 54 60 78 84 96 98
 53 : 6 35 38 40 42 51 59 77
 66 : 3 11 31 41 56 74 89
 68 : 21 67 94
 75 : 13 30 36 68 99
 77 : 18 25 52 57 87 91
 79 : 0 1 5 15 34 53 58 62 63 69 73 76
 80 : 2 43 64 95
 99 : 22 23 27 46 61 66 70 86
SOLUTION:
  Value: -80442.000000
  Assigns: 79 79 80 66 38 79 66 31 38 31 29 66 8 75 38 79 28 29 77 8 29 68 99 99 8 77 31 99 38 28 75 66 16 16 79 29 75 29 8 28 28 66 77 80 28 29 99 8 28 8 16 80 77 79 38 28 66 77 79 79 38 99 79 79 80 29 99 68 75 79 99 16 31 79 66 28 79 99 38 31 31 31 8 16 38 29 99 77 29 66 16 77 28 28 68 80 38 31 38 75 
  Facilities: 13
 8 : 12 19 24 38 47 49 82
 16 : 32 33 50 71 83 90
 28 : 16 29 39 40 44 48 55 75 92 93
 29 : 10 17 20 35 37 45 65 85 88
 31 : 7 9 26 72 79 80 81 97
 38 : 4 8 14 28 54 60 78 84 96 98
 66 : 3 6 11 31 41 56 74 89
 68 : 21 67 94
 75 : 13 30 36 68 99
 77 : 18 25 42 52 57 87 91
 79 : 0 1 5 15 34 53 58 59 62 63 69 73 76
 80 : 2 43 51 64 95
 99 : 22 23 27 46 61 66 70 77 86
SOLUTION:
  Value: -81116.000000
  Assigns: 79 79 16 66 38 79 66 31 38 31 29 66 8 75 38 79 28 29 77 8 29 68 99 99 8 77 31 99 38 28 75 66 16 16 79 29 75 29 8 28 28 66 77 66 28 29 99 8 28 8 16 75 77 79 38 28 66 77 79 79 38 99 79 79 79 29 99 68 75 79 99 16 31 79 66 28 79 99 38 31 31 31 8 16 38 29 99 77 29 66 16 77 28 28 68 66 38 31 38 75 
  Facilities: 12
 8 : 12 19 24 38 47 49 82
 16 : 2 32 33 50 71 83 90
 28 : 16 29 39 40 44 48 55 75 92 93
 29 : 10 17 20 35 37 45 65 85 88
 31 : 7 9 26 72 79 80 81 97
 38 : 4 8 14 28 54 60 78 84 96 98
 66 : 3 6 11 31 41 43 56 74 89 95
 68 : 21 67 94
 75 : 13 30 36 51 68 99
 77 : 18 25 42 52 57 87 91
 79 : 0 1 5 15 34 53 58 59 62 63 64 69 73 76
 99 : 22 23 27 46 61 66 70 77 86
SOLUTION:
  Value: -81478.000000
  Assigns: 55 79 16 66 79 79 66 31 29 31 29 66 99 75 55 79 28 29 77 28 29 75 99 11 75 77 31 99 55 28 75 66 16 16 79 11 75 29 66 28 28 66 77 66 28 55 99 55 28 55 16 55 77 79 28 28 66 77 79 79 11 99 11 79 79 29 99 79 75 79 99 16 31 79 66 11 55 99 55 31 31 31 99 16 55 29 99 77 29 66 16 77 28 28 75 66 16 31 29 75 
  Facilities: 11
 11 : 23 35 60 62 75
 16 : 2 32 33 50 71 83 90 96
 28 : 16 19 29 39 40 44 48 54 55 92 93
 29 : 8 10 17 20 37 65 85 88 98
 31 : 7 9 26 72 79 80 81 97
 55 : 0 14 28 45 47 49 51 76 78 84
 66 : 3 6 11 31 38 41 43 56 74 89 95
 75 : 13 21 24 30 36 68 94 99
 77 : 18 25 42 52 57 87 91
 79 : 1 4 5 15 34 53 58 59 63 64 67 69 73
 99 : 12 22 27 46 61 66 70 77 82 86
SOLUTION:
  Value: -81493.000000
  Assigns: 55 79 16 66 79 79 66 31 29 31 29 66 99 75 55 79 28 29 77 28 29 75 99 99 75 77 31 99 55 28 75 66 16 16 79 29 75 29 66 28 28 66 77 66 28 55 99 55 28 55 16 55 77 79 28 28 66 77 79 79 31 99 79 79 79 29 99 79 75 79 99 16 31 79 66 28 55 99 55 31 31 31 99 16 55 29 99 77 29 66 16 77 28 28 75 66 16 31 29 75 
  Facilities: 10
 16 : 2 32 33 50 71 83 90 96
 28 : 16 19 29 39 40 44 48 54 55 75 92 93
 29 : 8 10 17 20 35 37 65 85 88 98
 31 : 7 9 26 60 72 79 80 81 97
 55 : 0 14 28 45 47 49 51 76 78 84
 66 : 3 6 11 31 38 41 43 56 74 89 95
 75 : 13 21 24 30 36 68 94 99
 77 : 18 25 42 52 57 87 91
 79 : 1 4 5 15 34 53 58 59 62 63 64 67 69 73
 99 : 12 22 23 27 46 61 66 70 77 82 86
