# Time: 439.129974
# Elapsed: 187.539444
# Input_file: splp/Uniform/2323UnifS.txt
# Pool_size: 200
# Iterations: 33
# Final_solutions: 6183
# Vision_range: 400
# Reduction_mode: REDUCTION_DISPERSE
# Dissimilitude: DISSIM_HAUSDORFF
# Facility_dist: FDISMODE_MINDIST
SOLUTION:
  Value: -75541.000000
  Assigns: 51 20 53 44 93 14 40 24 24 0 14 0 0 74 74 0 74 10 53 44 93 10 44 74 10 0 44 10 0 12 51 12 10 44 97 97 53 14 44 44 24 53 40 90 14 14 0 10 14 90 74 20 44 40 0 93 93 12 40 24 97 24 93 14 97 20 14 74 12 40 90 97 20 53 14 40 10 12 53 90 20 12 0 10 53 51 74 44 51 10 90 20 14 44 97 93 0 44 97 74 
  Facilities: 14
 0 : 9 11 12 15 25 28 46 54 82 96
 10 : 17 21 24 27 32 47 76 83 89
 12 : 29 31 57 68 77 81
 14 : 5 10 37 44 45 48 63 66 74 92
 20 : 1 51 65 72 80 91
 24 : 7 8 40 59 61
 40 : 6 42 53 58 69 75
 44 : 3 19 22 26 33 38 39 52 87 93 97
 51 : 0 30 85 88
 53 : 2 18 36 41 73 78 84
 74 : 13 14 16 23 50 67 86 99
 90 : 43 49 70 79 90
 93 : 4 20 55 56 62 95
 97 : 34 35 60 64 71 94 98
SOLUTION:
  Value: -75567.000000
  Assigns: 24 20 53 44 93 14 40 24 24 0 14 0 0 74 74 0 74 10 53 44 93 10 44 74 10 0 44 10 0 12 40 12 10 44 97 97 53 14 44 44 24 53 40 90 14 14 0 10 14 90 74 20 44 40 0 93 93 12 40 24 97 24 93 14 97 20 14 74 12 40 90 97 20 53 14 40 10 12 53 90 20 12 0 10 53 24 74 44 20 10 90 20 14 44 97 93 0 44 97 74 
  Facilities: 13
 0 : 9 11 12 15 25 28 46 54 82 96
 10 : 17 21 24 27 32 47 76 83 89
 12 : 29 31 57 68 77 81
 14 : 5 10 37 44 45 48 63 66 74 92
 20 : 1 51 65 72 80 88 91
 24 : 0 7 8 40 59 61 85
 40 : 6 30 42 53 58 69 75
 44 : 3 19 22 26 33 38 39 52 87 93 97
 53 : 2 18 36 41 73 78 84
 74 : 13 14 16 23 50 67 86 99
 90 : 43 49 70 79 90
 93 : 4 20 55 56 62 95
 97 : 34 35 60 64 71 94 98
SOLUTION:
  Value: -76096.000000
  Assigns: 24 20 24 44 93 14 40 24 24 0 14 0 0 74 74 0 74 10 0 44 93 10 44 74 10 0 44 10 0 12 40 12 10 44 97 97 12 14 44 44 24 93 40 90 14 14 0 10 14 90 74 20 44 40 0 93 93 12 40 24 97 24 93 14 97 20 14 74 12 40 90 97 20 44 14 40 10 12 90 90 20 12 0 10 0 24 74 44 20 10 90 20 14 44 97 93 0 44 97 74 
  Facilities: 12
 0 : 9 11 12 15 18 25 28 46 54 82 84 96
 10 : 17 21 24 27 32 47 76 83 89
 12 : 29 31 36 57 68 77 81
 14 : 5 10 37 44 45 48 63 66 74 92
 20 : 1 51 65 72 80 88 91
 24 : 0 2 7 8 40 59 61 85
 40 : 6 30 42 53 58 69 75
 44 : 3 19 22 26 33 38 39 52 73 87 93 97
 74 : 13 14 16 23 50 67 86 99
 90 : 43 49 70 78 79 90
 93 : 4 20 41 55 56 62 95
 97 : 34 35 60 64 71 94 98
SOLUTION:
  Value: -77699.000000
  Assigns: 24 20 24 44 93 14 40 24 24 0 14 0 0 74 74 0 74 10 0 44 93 10 44 74 10 0 44 10 0 40 40 93 10 44 97 97 93 14 44 44 24 93 40 90 14 14 0 10 14 90 74 20 44 40 0 93 93 97 40 24 97 24 93 14 97 20 14 74 20 40 90 97 20 44 14 40 10 0 90 90 20 20 0 10 0 24 74 44 20 10 90 20 14 44 97 93 0 44 97 74 
  Facilities: 11
 0 : 9 11 12 15 18 25 28 46 54 77 82 84 96
 10 : 17 21 24 27 32 47 76 83 89
 14 : 5 10 37 44 45 48 63 66 74 92
 20 : 1 51 65 68 72 80 81 88 91
 24 : 0 2 7 8 40 59 61 85
 40 : 6 29 30 42 53 58 69 75
 44 : 3 19 22 26 33 38 39 52 73 87 93 97
 74 : 13 14 16 23 50 67 86 99
 90 : 43 49 70 78 79 90
 93 : 4 20 31 36 41 55 56 62 95
 97 : 34 35 57 60 64 71 94 98
SOLUTION:
  Value: -80215.000000
  Assigns: 24 20 24 44 93 14 40 24 24 0 14 0 0 90 0 0 90 10 0 44 93 10 44 44 10 0 44 10 0 40 40 93 10 44 97 97 93 14 44 44 24 93 40 90 14 14 0 10 14 90 44 20 44 40 0 93 93 97 40 24 97 24 93 14 97 20 14 20 20 40 90 97 20 44 14 40 10 0 90 90 20 20 0 10 0 24 20 44 20 10 90 20 14 44 97 93 0 44 97 10 
  Facilities: 10
 0 : 9 11 12 14 15 18 25 28 46 54 77 82 84 96
 10 : 17 21 24 27 32 47 76 83 89 99
 14 : 5 10 37 44 45 48 63 66 74 92
 20 : 1 51 65 67 68 72 80 81 86 88 91
 24 : 0 2 7 8 40 59 61 85
 40 : 6 29 30 42 53 58 69 75
 44 : 3 19 22 23 26 33 38 39 50 52 73 87 93 97
 90 : 13 16 43 49 70 78 79 90
 93 : 4 20 31 36 41 55 56 62 95
 97 : 34 35 57 60 64 71 94 98
SOLUTION:
  Value: -82829.000000
  Assigns: 93 20 90 44 93 14 40 93 44 0 14 0 0 90 0 0 90 10 0 44 93 10 44 44 10 0 44 10 0 40 40 93 10 44 97 97 93 14 44 44 10 93 40 90 14 14 0 10 14 90 44 20 44 40 0 93 93 97 40 20 97 90 93 14 97 20 14 20 20 40 90 97 20 44 14 40 10 0 90 90 20 20 0 10 0 44 20 44 20 10 90 20 14 44 97 93 0 44 97 10 
  Facilities: 9
 0 : 9 11 12 14 15 18 25 28 46 54 77 82 84 96
 10 : 17 21 24 27 32 40 47 76 83 89 99
 14 : 5 10 37 44 45 48 63 66 74 92
 20 : 1 51 59 65 67 68 72 80 81 86 88 91
 40 : 6 29 30 42 53 58 69 75
 44 : 3 8 19 22 23 26 33 38 39 50 52 73 85 87 93 97
 90 : 2 13 16 43 49 61 70 78 79 90
 93 : 0 4 7 20 31 36 41 55 56 62 95
 97 : 34 35 57 60 64 71 94 98
SOLUTION:
  Value: -87509.000000
  Assigns: 96 20 50 50 93 50 1 82 50 0 50 0 0 68 71 68 52 50 1 52 93 1 93 50 10 0 10 10 52 36 82 93 10 82 50 1 59 1 59 20 10 82 50 1 68 71 0 10 52 68 96 20 0 82 0 93 93 52 68 20 96 93 93 82 71 71 93 20 36 71 0 36 1 50 10 71 10 68 68 50 20 20 0 10 0 82 20 82 68 71 93 50 71 10 71 59 0 0 59 1 
  Facilities: 13
 0 : 9 11 12 25 46 52 54 70 82 84 96 97
 1 : 6 18 21 35 37 43 72 99
 10 : 24 26 27 32 40 47 74 76 83 93
 20 : 1 39 51 59 67 80 81 86
 36 : 29 68 71
 50 : 2 3 5 8 10 17 23 34 42 73 79 91
 52 : 16 19 28 48 57
 59 : 36 38 95 98
 68 : 13 15 44 49 58 77 78 88
 71 : 14 45 64 65 69 75 89 92 94
 82 : 7 30 33 41 53 63 85 87
 93 : 4 20 22 31 55 56 61 62 66 90
 96 : 0 50 60
SOLUTION:
  Value: -87995.000000
  Assigns: 96 20 50 50 93 50 1 82 50 0 50 0 0 71 71 0 52 50 1 52 93 1 93 50 10 0 10 10 52 36 82 93 10 82 50 1 59 1 59 20 10 82 50 1 1 71 0 10 52 59 96 20 0 82 0 93 93 52 82 20 96 93 93 82 71 71 93 20 36 71 0 36 1 50 10 71 10 0 82 50 20 20 0 10 0 82 20 82 52 71 93 50 71 10 71 59 0 0 59 1 
  Facilities: 12
 0 : 9 11 12 15 25 46 52 54 70 77 82 84 96 97
 1 : 6 18 21 35 37 43 44 72 99
 10 : 24 26 27 32 40 47 74 76 83 93
 20 : 1 39 51 59 67 80 81 86
 36 : 29 68 71
 50 : 2 3 5 8 10 17 23 34 42 73 79 91
 52 : 16 19 28 48 57 88
 59 : 36 38 49 95 98
 71 : 13 14 45 64 65 69 75 89 92 94
 82 : 7 30 33 41 53 58 63 78 85 87
 93 : 4 20 22 31 55 56 61 62 66 90
 96 : 0 50 60
SOLUTION:
  Value: -88015.000000
  Assigns: 96 77 5 44 30 14 1 82 44 0 14 0 0 68 74 68 74 35 31 44 59 1 30 74 5 0 44 5 0 69 82 1 60 44 59 1 69 14 59 44 68 82 39 5 14 59 0 31 14 44 74 59 44 82 0 30 74 31 68 77 96 35 35 14 60 5 14 31 69 31 74 31 1 60 14 5 77 68 68 69 30 96 0 69 0 82 74 82 68 30 39 35 14 44 74 59 0 69 59 1 
  Facilities: 17
 0 : 9 11 12 25 28 46 54 82 84 96
 1 : 6 21 31 35 72 99
 5 : 2 24 27 43 65 75
 14 : 5 10 37 44 48 63 66 74 92
 30 : 4 22 55 80 89
 31 : 18 47 57 67 69 71
 35 : 17 61 62 91
 39 : 42 90
 44 : 3 8 19 26 33 39 49 52 93
 59 : 20 34 38 45 51 95 98
 60 : 32 64 73
 68 : 13 15 40 58 77 78 88
 69 : 29 36 68 79 83 97
 74 : 14 16 23 50 56 70 86 94
 77 : 1 59 76
 82 : 7 30 41 53 85 87
 96 : 0 60 81
SOLUTION:
  Value: -88019.000000
  Assigns: 96 77 5 44 30 14 1 82 44 0 14 0 0 68 74 68 74 35 31 44 68 1 30 74 5 0 44 5 0 69 82 1 60 44 1 1 69 14 44 44 68 82 39 5 14 14 0 31 14 44 74 0 44 82 0 30 74 31 68 77 96 35 35 14 60 5 14 31 69 31 74 31 1 60 14 5 77 68 68 69 30 96 0 69 0 82 74 82 68 30 39 35 14 44 74 39 0 69 0 1 
  Facilities: 16
 0 : 9 11 12 25 28 46 51 54 82 84 96 98
 1 : 6 21 31 34 35 72 99
 5 : 2 24 27 43 65 75
 14 : 5 10 37 44 45 48 63 66 74 92
 30 : 4 22 55 80 89
 31 : 18 47 57 67 69 71
 35 : 17 61 62 91
 39 : 42 90 95
 44 : 3 8 19 26 33 38 39 49 52 93
 60 : 32 64 73
 68 : 13 15 20 40 58 77 78 88
 69 : 29 36 68 79 83 97
 74 : 14 16 23 50 56 70 86 94
 77 : 1 59 76
 82 : 7 30 41 53 85 87
 96 : 0 60 81
