# Time: 2192.280029
# Elapsed: 481.215790
# Input_file: splp/Fpp11/15FPP_11S.txt
# Pool_size: 400
# Iterations: 24
# Final_solutions: 8662
# Vision_range: 600
# Reduction_mode: REDUCTION_DISPERSE
# Dissimilitude: DISSIM_CLIENTDELTA
SOLUTION:
  Value: -36236.000000
  Assigns: 21 13 3 3 30 9 10 106 9 10 10 108 13 13 35 9 10 21 30 13 21 21 106 35 108 93 30 21 54 30 30 35 77 54 35 35 30 3 106 3 108 35 54 9 10 9 10 13 93 13 54 77 3 54 54 21 77 21 9 10 54 106 13 108 30 77 30 93 3 35 21 35 93 77 9 10 77 77 13 30 106 93 108 77 35 106 21 108 54 93 54 3 93 93 106 30 108 9 10 93 35 13 106 54 108 106 106 108 108 21 3 77 106 77 108 3 9 10 30 54 13 9 10 35 3 13 77 93 21 93 9 10 3 
  Facilities: 12
 3 : 2 3 37 39 52 68 91 110 115 124 132
 9 : 5 8 15 43 45 58 74 97 116 121 130
 10 : 6 9 10 16 44 46 59 75 98 117 122 131
 13 : 1 12 13 19 47 49 62 78 101 120 125
 21 : 0 17 20 21 27 55 57 70 86 109 128
 30 : 4 18 26 29 30 36 64 66 79 95 118
 35 : 14 23 31 34 35 41 69 71 84 100 123
 54 : 28 33 42 50 53 54 60 88 90 103 119
 77 : 32 51 56 65 73 76 77 83 111 113 126
 93 : 25 48 67 72 81 89 92 93 99 127 129
 106 : 7 22 38 61 80 85 94 102 105 106 112
 108 : 11 24 40 63 82 87 96 104 107 108 114
SOLUTION:
  Value: -39213.000000
  Assigns: 21 46 23 4 4 132 105 75 105 21 4 23 111 112 111 112 115 21 115 23 21 21 23 23 123 46 123 21 112 23 75 115 77 132 46 132 62 105 4 123 4 62 46 111 112 46 46 115 132 75 62 77 46 4 75 21 77 21 62 23 105 62 62 75 132 77 111 112 62 4 21 75 23 77 75 75 77 77 123 105 46 75 46 77 105 111 21 132 23 115 111 112 4 105 115 46 62 123 62 111 112 105 123 115 105 105 132 111 112 21 111 112 112 77 115 115 4 111 112 123 132 115 123 123 75 4 77 62 21 123 23 132 132 
  Facilities: 13
 4 : 3 4 10 38 40 53 69 92 116 125
 21 : 0 9 17 20 21 27 55 57 70 86 109 128
 23 : 2 11 19 22 23 29 59 72 88 130
 46 : 1 25 34 42 45 46 52 80 82 95
 62 : 36 41 50 58 61 62 68 96 98 127
 75 : 7 30 49 54 63 71 74 75 81 124
 77 : 32 51 56 65 73 76 77 83 113 126
 105 : 6 8 37 60 79 84 93 101 104 105
 111 : 12 14 43 66 85 90 99 107 110 117
 112 : 13 15 28 44 67 91 100 108 111 112 118
 115 : 16 18 31 47 89 94 103 114 115 121
 123 : 24 26 39 78 97 102 119 122 123 129
 132 : 5 33 35 48 64 87 106 120 131 132
SOLUTION:
  Value: -42198.000000
  Assigns: 21 5 3 3 5 9 10 106 9 10 10 108 13 112 35 112 10 21 30 13 21 21 106 35 108 93 30 21 54 30 30 35 77 54 35 35 30 3 106 5 108 5 54 9 112 9 10 13 93 13 54 77 3 54 5 21 77 21 9 10 54 106 13 108 30 77 30 112 3 35 21 35 93 77 9 10 77 77 13 30 106 93 108 77 35 106 21 108 54 93 54 3 93 5 106 30 108 9 10 93 112 13 106 54 108 106 106 108 112 21 3 112 106 77 108 3 9 10 112 54 13 9 10 35 3 13 5 93 21 93 9 10 3 
  Facilities: 14
 3 : 2 3 37 52 68 91 110 115 124 132
 5 : 1 4 39 41 54 93 126
 9 : 5 8 43 45 58 74 97 116 121 130
 10 : 6 9 10 16 46 59 75 98 117 122 131
 13 : 12 19 47 49 62 78 101 120 125
 21 : 0 17 20 21 27 55 57 70 86 109 128
 30 : 18 26 29 30 36 64 66 79 95
 35 : 14 23 31 34 35 69 71 84 123
 54 : 28 33 42 50 53 60 88 90 103 119
 77 : 32 51 56 65 73 76 77 83 113
 93 : 25 48 72 81 89 92 99 127 129
 106 : 7 22 38 61 80 85 94 102 105 106 112
 108 : 11 24 40 63 82 87 96 104 107 114
 112 : 13 15 44 67 100 108 111 118
SOLUTION:
  Value: -45180.000000
  Assigns: 21 46 23 4 4 50 105 75 105 21 4 23 111 112 111 112 115 21 115 23 21 21 90 23 123 46 123 21 112 50 75 115 77 132 46 132 62 105 50 123 4 62 46 111 112 90 50 115 132 75 62 77 46 4 75 21 50 21 62 23 105 62 62 75 90 77 111 112 62 4 21 75 23 77 75 75 77 77 90 105 46 75 46 77 105 111 90 132 23 90 90 112 4 105 115 46 62 123 62 50 112 105 123 115 105 105 132 111 112 21 111 112 112 77 115 50 4 111 112 123 132 115 123 123 90 4 90 62 21 123 23 132 132 
  Facilities: 15
 4 : 3 4 10 40 53 69 92 116 125
 21 : 0 9 17 20 21 27 55 57 70 109 128
 23 : 2 11 19 23 59 72 88 130
 46 : 1 25 34 42 52 80 82 95
 50 : 5 29 38 46 56 99 115
 62 : 36 41 50 58 61 62 68 96 98 127
 75 : 7 30 49 54 63 71 74 75 81
 77 : 32 51 65 73 76 77 83 113
 90 : 22 45 64 78 86 89 90 124 126
 105 : 6 8 37 60 79 84 93 101 104 105
 111 : 12 14 43 66 85 107 110 117
 112 : 13 15 28 44 67 91 100 108 111 112 118
 115 : 16 18 31 47 94 103 114 121
 123 : 24 26 39 97 102 119 122 123 129
 132 : 33 35 48 87 106 120 131 132
SOLUTION:
  Value: -48168.000000
  Assigns: 21 13 3 3 30 9 105 106 105 10 10 108 13 112 35 112 10 21 30 13 21 21 106 120 108 93 30 21 54 30 30 35 77 54 35 35 120 105 106 65 108 35 54 9 112 9 10 13 93 13 54 77 3 65 54 21 77 21 9 10 54 65 13 108 30 65 30 112 3 35 21 65 93 77 9 10 77 77 13 30 106 93 108 77 35 106 21 108 54 93 54 3 93 105 120 30 108 9 10 93 112 13 106 54 105 105 106 108 112 21 3 112 106 77 65 3 9 10 112 120 120 9 10 35 3 13 77 93 21 93 65 10 3 
  Facilities: 16
 3 : 2 3 52 68 91 110 115 124 132
 9 : 5 43 45 58 74 97 116 121
 10 : 9 10 16 46 59 75 98 117 122 131
 13 : 1 12 19 47 49 62 78 101 125
 21 : 0 17 20 21 27 55 57 70 86 109 128
 30 : 4 18 26 29 30 64 66 79 95
 35 : 14 31 34 35 41 69 84 123
 54 : 28 33 42 50 54 60 88 90 103
 65 : 39 53 61 65 71 114 130
 77 : 32 51 56 73 76 77 83 113 126
 93 : 25 48 72 81 89 92 99 127 129
 105 : 6 8 37 93 104 105
 106 : 7 22 38 80 85 102 106 112
 108 : 11 24 40 63 82 87 96 107
 112 : 13 15 44 67 100 108 111 118
 120 : 23 36 94 119 120
SOLUTION:
  Value: -51156.000000
  Assigns: 21 5 3 3 5 9 105 106 105 10 10 108 13 112 35 112 10 21 30 64 21 21 106 120 108 93 30 21 54 30 30 35 77 54 35 35 120 105 106 5 108 5 54 64 112 9 10 13 93 13 54 77 64 54 5 21 77 21 9 10 54 106 13 108 30 77 30 112 3 35 21 35 93 77 9 10 77 77 13 30 106 93 108 77 35 106 21 108 54 93 54 3 93 5 120 30 108 9 64 93 64 105 106 54 105 105 106 108 112 21 3 112 106 64 108 3 9 10 112 120 120 9 10 35 3 13 5 93 21 64 9 10 3 
  Facilities: 17
 3 : 2 3 68 91 110 115 124 132
 5 : 1 4 39 41 54 93 126
 9 : 5 45 58 74 97 116 121 130
 10 : 9 10 16 46 59 75 117 122 131
 13 : 12 47 49 62 78 125
 21 : 0 17 20 21 27 55 57 70 86 109 128
 30 : 18 26 29 30 64 66 79 95
 35 : 14 31 34 35 69 71 84 123
 54 : 28 33 42 50 53 60 88 90 103
 64 : 19 43 52 98 100 113 129
 77 : 32 51 56 65 73 76 77 83
 93 : 25 48 72 81 89 92 99 127
 105 : 6 8 37 101 104 105
 106 : 7 22 38 61 80 85 102 106 112
 108 : 11 24 40 63 82 87 96 107 114
 112 : 13 15 44 67 108 111 118
 120 : 23 36 94 119 120
SOLUTION:
  Value: -54146.000000
  Assigns: 21 5 70 29 5 5 74 75 29 21 36 108 96 81 82 36 115 21 115 64 21 21 90 120 108 70 71 21 29 29 34 115 36 34 34 29 36 82 64 5 108 5 36 64 70 90 91 115 74 75 71 96 64 74 5 21 82 21 70 71 81 82 74 29 90 91 70 71 34 81 21 75 36 74 74 75 70 81 90 91 81 75 82 34 96 36 90 91 82 90 91 91 96 5 120 96 96 91 64 120 64 36 96 115 108 71 70 108 120 21 74 75 5 64 108 81 120 81 82 120 71 115 34 74 90 91 5 91 21 64 81 82 96 
  Facilities: 18
 5 : 1 4 5 39 41 54 93 112 126
 21 : 0 9 17 20 21 27 55 57 70 109 128
 29 : 3 8 28 29 35 63
 34 : 30 33 34 68 83 122
 36 : 10 15 32 36 42 72 85 101
 64 : 19 38 43 52 98 100 113 129
 70 : 2 25 44 58 66 76 106
 71 : 26 50 59 67 105 120
 74 : 6 48 53 62 73 74 110 123
 75 : 7 49 71 75 81 111
 81 : 13 60 69 77 80 115 117 130
 82 : 14 37 56 61 82 88 118 131
 90 : 22 45 64 78 86 89 124
 91 : 46 65 79 87 90 91 97 125 127
 96 : 12 51 84 92 95 96 102 132
 108 : 11 24 40 104 107 114
 115 : 16 18 31 47 103 121
 120 : 23 94 99 108 116 119
SOLUTION:
  Value: -57134.000000
  Assigns: 99 1 23 4 4 26 105 1 105 21 4 23 12 112 111 112 84 21 12 45 21 21 90 68 45 26 26 21 127 97 127 99 26 45 0 119 0 105 83 84 4 45 68 111 112 90 12 68 12 0 1 119 97 4 99 21 68 21 84 23 105 12 83 84 68 0 1 112 68 4 21 83 23 99 119 26 97 12 90 83 84 45 83 84 105 111 90 99 0 90 84 112 4 105 45 99 97 97 119 99 112 105 68 97 105 105 127 111 112 21 111 4 112 1 26 119 4 68 112 119 84 0 1 127 90 4 90 127 21 0 23 97 0 
  Facilities: 19
 0 : 34 36 49 65 88 121 129 132
 1 : 1 7 50 66 113 122
 4 : 3 4 10 40 53 69 92 111 116 125
 12 : 12 18 46 48 61 77
 21 : 9 17 20 21 27 55 57 70 109 128
 23 : 2 11 59 72 130
 26 : 5 25 26 32 75 114
 45 : 19 24 33 41 81 94
 68 : 23 42 47 56 64 68 102 117
 83 : 38 62 71 79 82
 84 : 16 39 58 63 80 83 90 120
 90 : 22 45 78 86 89 124 126
 97 : 29 52 76 96 97 103 131
 99 : 0 31 54 73 87 95 99
 105 : 6 8 37 60 84 93 101 104 105
 111 : 14 43 85 107 110
 112 : 13 15 44 67 91 100 108 112 118
 119 : 35 51 74 98 115 119
 127 : 28 30 106 123 127
SOLUTION:
  Value: -60125.000000
  Assigns: 21 1 23 4 4 26 105 1 105 21 4 23 111 112 111 112 84 21 12 45 21 21 90 68 45 46 26 21 127 97 127 99 26 45 46 119 0 105 4 65 4 45 68 111 112 90 12 68 12 0 1 119 97 4 99 21 68 21 84 23 105 12 26 84 65 0 1 112 68 4 21 65 23 99 119 26 97 12 90 45 46 45 46 84 105 111 90 99 0 90 84 112 4 105 45 99 97 97 119 99 112 105 68 97 105 105 127 111 112 21 111 4 112 1 65 119 4 68 112 119 84 0 1 127 90 4 90 127 21 0 65 97 0 
  Facilities: 20
 0 : 36 49 65 88 121 129 132
 1 : 1 7 50 66 113 122
 4 : 3 4 10 38 40 53 69 92 111 116 125
 12 : 18 46 48 61 77
 21 : 0 9 17 20 21 27 55 57 70 109 128
 23 : 2 11 59 72
 26 : 5 26 32 62 75
 45 : 19 24 33 41 79 81 94
 46 : 25 34 80 82
 65 : 39 64 71 114 130
 68 : 23 42 47 56 68 102 117
 84 : 16 58 63 83 90 120
 90 : 22 45 78 86 89 124 126
 97 : 29 52 76 96 97 103 131
 99 : 31 54 73 87 95 99
 105 : 6 8 37 60 84 93 101 104 105
 111 : 12 14 43 85 107 110
 112 : 13 15 44 67 91 100 108 112 118
 119 : 35 51 74 98 115 119
 127 : 28 30 106 123 127
SOLUTION:
  Value: -63120.000000
  Assigns: 99 1 23 4 4 26 105 1 105 35 4 23 12 112 111 112 84 21 12 45 21 21 90 68 45 70 26 21 127 97 127 99 26 45 35 119 0 105 83 84 4 45 68 111 112 90 12 68 12 0 1 119 97 4 99 21 68 21 70 23 105 12 83 84 68 0 70 112 68 35 21 83 23 99 119 26 97 12 90 83 84 45 83 84 105 111 90 99 0 90 84 112 4 105 45 99 97 97 119 99 112 105 68 97 105 105 70 111 112 21 111 4 112 1 26 119 4 68 112 119 84 0 1 35 90 4 90 127 21 0 23 97 0 
  Facilities: 21
 0 : 36 49 65 88 121 129 132
 1 : 1 7 50 113 122
 4 : 3 4 10 40 53 92 111 116 125
 12 : 12 18 46 48 61 77
 21 : 17 20 21 27 55 57 70 109 128
 23 : 2 11 59 72 130
 26 : 5 26 32 75 114
 35 : 9 34 69 123
 45 : 19 24 33 41 81 94
 68 : 23 42 47 56 64 68 102 117
 70 : 25 58 66 106
 83 : 38 62 71 79 82
 84 : 16 39 63 80 83 90 120
 90 : 22 45 78 86 89 124 126
 97 : 29 52 76 96 97 103 131
 99 : 0 31 54 73 87 95 99
 105 : 6 8 37 60 84 93 101 104 105
 111 : 14 43 85 107 110
 112 : 13 15 44 67 91 100 108 112 118
 119 : 35 51 74 98 115 119
 127 : 28 30 127
