# Time: 3760.649902
# Elapsed: 1186.306885
# Input_file: splp/GapA/732GapAS.txt
# Pool_size: 400
# Iterations: 42
# Final_solutions: 16100
# Vision_range: 600
# Reduction_mode: REDUCTION_DISPERSE
# Dissimilitude: DISSIM_HAUSDORFF
# Facility_dist: FDISMODE_MINDIST
SOLUTION:
  Value: -36138.000000
  Assigns: 19 58 28 30 66 30 30 4 2 24 4 2 4 4 30 94 50 2 16 16 58 30 50 50 4 58 58 24 94 58 19 30 28 28 4 58 24 52 16 94 58 24 19 2 24 30 30 19 52 30 24 2 2 4 66 50 66 94 58 16 2 16 4 58 52 52 58 19 2 50 2 2 24 52 94 30 2 58 52 94 24 28 58 94 16 30 2 16 94 2 2 19 58 16 66 28 52 30 28 19 
  Facilities: 12
 2 : 8 11 17 43 51 52 60 68 70 71 76 86 89 90
 4 : 7 10 12 13 24 34 53 62
 16 : 18 19 38 59 61 84 87 93
 19 : 0 30 42 47 67 91 99
 24 : 9 27 36 41 44 50 72 80
 28 : 2 32 33 81 95 98
 30 : 3 5 6 14 21 31 45 46 49 75 85 97
 50 : 16 22 23 55 69
 52 : 37 48 64 65 73 78 96
 58 : 1 20 25 26 29 35 40 58 63 66 77 82 92
 66 : 4 54 56 94
 94 : 15 28 39 57 74 79 83 88
SOLUTION:
  Value: -45150.000000
  Assigns: 22 58 28 30 80 80 30 75 19 27 28 22 42 70 30 94 50 19 16 35 58 22 50 22 80 58 58 27 94 58 19 30 28 28 16 58 94 19 16 35 58 42 19 75 70 30 30 19 27 30 19 50 50 42 30 22 30 94 58 42 19 16 1 80 80 22 58 19 94 70 19 22 42 19 35 30 22 22 35 94 16 28 58 94 16 30 22 16 94 70 1 19 58 80 1 28 27 42 28 19 
  Facilities: 15
 1 : 62 90 94
 16 : 18 34 38 61 80 84 87
 19 : 8 17 30 37 42 47 50 60 67 70 73 91 99
 22 : 0 11 21 23 55 65 71 76 77 86
 27 : 9 27 48 96
 28 : 2 10 32 33 81 95 98
 30 : 3 6 14 31 45 46 49 54 56 75 85
 35 : 19 39 74 78
 42 : 12 41 53 59 72 97
 50 : 16 22 51 52
 58 : 1 20 25 26 29 35 40 58 66 82 92
 70 : 13 44 69 89
 75 : 7 43
 80 : 4 5 24 63 64 93
 94 : 15 28 36 57 68 79 83 88
SOLUTION:
  Value: -48144.000000
  Assigns: 19 58 0 30 80 80 27 4 19 27 4 22 4 4 30 94 31 19 0 35 58 31 27 50 4 58 58 27 94 58 19 30 79 31 4 58 94 19 80 35 58 0 19 12 0 30 30 19 27 30 19 50 79 4 12 27 30 94 58 12 19 50 79 80 12 31 58 19 94 50 19 31 41 19 41 30 41 22 35 94 27 12 58 94 0 79 4 22 94 41 41 19 41 80 0 71 27 79 41 19 
  Facilities: 16
 0 : 2 18 41 44 84 94
 4 : 7 10 12 13 24 34 53 86
 12 : 43 54 59 64 81
 19 : 0 8 17 30 37 42 47 50 60 67 70 73 91 99
 22 : 11 77 87
 27 : 6 9 22 27 48 55 80 96
 30 : 3 14 31 45 46 49 56 75
 31 : 16 21 33 65 71
 35 : 19 39 78
 41 : 72 74 76 89 90 92 98
 50 : 23 51 61 69
 58 : 1 20 25 26 29 35 40 58 66 82
 71 : 95
 79 : 32 52 62 85 97
 80 : 4 5 38 63 93
 94 : 15 28 36 57 68 79 83 88
SOLUTION:
  Value: -51143.000000
  Assigns: 22 58 28 30 80 80 30 75 19 27 4 11 42 4 30 94 50 19 4 35 58 22 50 22 4 58 58 27 94 58 19 30 28 28 4 58 94 19 80 35 58 42 19 75 11 30 30 19 27 30 19 50 50 4 30 22 30 94 58 42 19 50 1 80 80 22 58 19 94 50 19 22 42 19 41 30 41 22 35 94 27 28 58 94 11 30 4 22 94 41 41 19 41 80 1 71 27 42 28 19 
  Facilities: 17
 1 : 62 94
 4 : 10 13 18 24 34 53 86
 11 : 11 44 84
 19 : 8 17 30 37 42 47 50 60 67 70 73 91 99
 22 : 0 21 23 55 65 71 77 87
 27 : 9 27 48 80 96
 28 : 2 32 33 81 98
 30 : 3 6 14 31 45 46 49 54 56 75 85
 35 : 19 39 78
 41 : 74 76 89 90 92
 42 : 12 41 59 72 97
 50 : 16 22 51 52 61 69
 58 : 1 20 25 26 29 35 40 58 66 82
 71 : 95
 75 : 7 43
 80 : 4 5 38 63 64 93
 94 : 15 28 36 57 68 79 83 88
SOLUTION:
  Value: -54136.000000
  Assigns: 25 89 36 71 80 80 18 25 19 25 89 22 79 79 89 72 64 19 25 36 67 22 64 22 25 89 33 64 72 3 19 18 79 34 33 67 26 19 67 26 36 89 19 3 89 72 77 19 62 18 18 72 72 62 89 18 77 33 64 18 3 3 79 80 80 22 72 19 62 67 67 62 3 19 18 77 22 22 33 89 36 36 33 36 26 79 89 22 62 36 26 19 34 3 26 71 67 79 67 19 
  Facilities: 18
 3 : 29 43 60 61 72 93
 18 : 6 31 49 50 55 59 74
 19 : 8 17 30 37 42 47 67 73 91 99
 22 : 11 21 23 65 76 77 87
 25 : 0 7 9 18 24
 26 : 36 39 84 90 94
 33 : 26 34 57 78 82
 34 : 33 92
 36 : 2 19 40 80 81 83 89
 62 : 48 53 68 71 88
 64 : 16 22 27 58
 67 : 20 35 38 69 70 96 98
 71 : 3 95
 72 : 15 28 45 51 52 66
 77 : 46 56 75
 79 : 12 13 32 62 85 97
 80 : 4 5 63 64
 89 : 1 10 14 25 41 44 54 79 86
SOLUTION:
  Value: -54150.000000
  Assigns: 82 58 0 71 80 80 68 75 54 68 89 26 42 68 89 94 50 85 0 35 81 94 50 50 86 58 58 82 94 58 32 42 0 85 82 68 94 68 26 26 58 89 42 32 0 89 86 82 54 71 54 50 54 54 89 81 85 82 58 42 82 86 82 80 68 86 58 75 32 54 32 94 42 68 68 86 0 71 81 94 68 35 58 94 0 86 89 68 94 85 26 50 58 80 26 71 82 42 86 68 
  Facilities: 18
 0 : 2 18 32 44 76 84
 26 : 11 38 39 90 94
 32 : 30 43 68 70
 35 : 19 81
 42 : 12 31 42 59 72 97
 50 : 16 22 23 51 91
 54 : 8 48 50 52 53 69
 58 : 1 25 26 29 40 58 66 82 92
 68 : 6 9 13 35 37 64 73 74 80 87 99
 71 : 3 49 77 95
 75 : 7 67
 80 : 4 5 63 93
 81 : 20 55 78
 82 : 0 27 34 47 57 60 62 96
 85 : 17 33 56 89
 86 : 24 46 61 65 75 85 98
 89 : 10 14 41 45 54 86
 94 : 15 21 28 36 71 79 83 88
SOLUTION:
  Value: -54162.000000
  Assigns: 25 89 36 71 80 80 18 25 22 25 89 22 77 67 89 72 64 80 25 36 67 22 64 22 25 89 33 64 72 3 64 18 66 34 33 67 26 22 67 26 36 89 78 3 89 72 77 64 62 18 18 72 72 62 89 18 66 33 78 18 3 3 78 80 80 22 72 67 62 67 67 62 3 22 18 77 22 22 33 89 36 36 33 78 26 36 89 22 62 36 26 72 78 3 66 71 67 64 67 78 
  Facilities: 18
 3 : 29 43 60 61 72 93
 18 : 6 31 49 50 55 59 74
 22 : 8 11 21 23 37 65 73 76 77 87
 25 : 0 7 9 18 24
 26 : 36 39 84 90
 33 : 26 34 57 78 82
 34 : 33
 36 : 2 19 40 80 81 85 89
 62 : 48 53 68 71 88
 64 : 16 22 27 30 47 97
 66 : 32 56 94
 67 : 13 20 35 38 67 69 70 96 98
 71 : 3 95
 72 : 15 28 45 51 52 66 91
 77 : 12 46 75
 78 : 42 58 62 83 92 99
 80 : 4 5 17 63 64
 89 : 1 10 14 25 41 44 54 79 86
SOLUTION:
  Value: -57132.000000
  Assigns: 25 58 64 79 80 80 35 25 2 25 58 2 39 79 58 94 39 2 25 35 67 47 23 50 25 58 83 64 94 58 64 79 79 31 47 67 94 97 67 35 58 83 39 2 83 72 35 64 80 23 72 72 2 39 66 72 66 94 58 25 2 23 79 80 80 31 58 67 2 23 67 31 25 47 41 83 41 58 23 94 64 66 58 94 23 79 2 67 94 41 2 50 41 80 66 47 67 79 67 2 
  Facilities: 19
 2 : 8 11 17 43 52 60 68 86 90 99
 23 : 22 49 61 69 78 84
 25 : 0 7 9 18 24 59 72
 31 : 33 65 71
 35 : 6 19 39 46
 39 : 12 16 42 53
 41 : 74 76 89 92
 47 : 21 34 73 95
 50 : 23 91
 58 : 1 10 14 25 29 40 58 66 77 82
 64 : 2 27 30 47 80
 66 : 54 56 81 94
 67 : 20 35 38 67 70 87 96 98
 72 : 45 50 51 55
 79 : 3 13 31 32 62 85 97
 80 : 4 5 48 63 64 93
 83 : 26 41 44 75
 94 : 15 28 36 57 79 83 88
 97 : 37
SOLUTION:
  Value: -60136.000000
  Assigns: 25 35 59 71 59 88 60 25 59 25 13 95 79 79 13 95 64 19 25 35 67 60 88 95 25 59 33 64 72 88 19 18 79 71 33 67 26 19 67 95 13 72 19 2 60 72 77 19 62 18 18 72 88 62 19 18 77 33 64 18 2 62 79 62 60 95 72 19 2 67 67 62 25 19 18 77 60 71 33 88 9 35 33 60 71 79 2 60 62 2 2 19 88 13 26 71 67 79 95 19 
  Facilities: 20
 2 : 43 60 68 86 89 90
 9 : 80
 13 : 10 14 40 93
 18 : 31 49 50 55 59 74
 19 : 17 30 37 42 47 54 67 73 91 99
 25 : 0 7 9 18 24 72
 26 : 36 94
 33 : 26 34 57 78 82
 35 : 1 19 81
 59 : 2 4 8 25
 60 : 6 21 44 64 76 83 87
 62 : 48 53 61 63 71 88
 64 : 16 27 58
 67 : 20 35 38 69 70 96
 71 : 3 33 77 84 95
 72 : 28 41 45 51 66
 77 : 46 56 75
 79 : 12 13 32 62 85 97
 88 : 5 22 29 52 79 92
 95 : 11 15 23 39 65 98
SOLUTION:
  Value: -63129.000000
  Assigns: 22 35 36 14 80 80 35 38 22 3 89 93 77 67 89 14 64 80 14 21 67 22 50 22 80 38 33 93 93 93 64 18 92 34 33 67 26 22 67 26 36 89 21 38 38 38 77 21 92 18 18 64 38 62 89 18 77 33 64 18 3 3 92 80 14 22 3 92 62 67 67 62 3 22 18 14 22 38 33 89 9 36 33 36 26 36 89 22 62 92 93 50 34 3 26 14 67 64 67 93 
  Facilities: 21
 3 : 9 60 61 66 72 93
 9 : 80
 14 : 3 15 18 64 75 95
 18 : 31 49 50 55 59 74
 21 : 19 42 47
 22 : 0 8 21 23 37 65 73 76 87
 26 : 36 39 84 94
 33 : 26 34 57 78 82
 34 : 33 92
 35 : 1 6
 36 : 2 40 81 83 85
 38 : 7 25 43 44 45 52 77
 50 : 22 91
 62 : 53 68 71 88
 64 : 16 30 51 58 97
 67 : 13 20 35 38 69 70 96 98
 77 : 12 46 56
 80 : 4 5 17 24 63
 89 : 10 14 41 54 79 86
 92 : 32 48 62 67 89
 93 : 11 27 28 29 90 99
