# Time: 1.100000
# Elapsed: 0.695229
# Input_file: splp/Euclid/1411EuclS.txt
# Pool_size: 200
# Iterations: 15
# Final_solutions: 2670
# Vision_range: 0
# Reduction_mode: REDUCTION_BESTS
SOLUTION:
  Value: -97868.000000
  Assigns: 94 95 20 12 19 41 84 19 94 41 10 94 12 36 10 41 16 25 25 19 20 41 16 84 97 25 36 28 28 97 41 20 94 10 84 95 36 95 28 28 94 41 41 16 84 12 84 25 41 50 50 50 95 25 36 16 50 97 25 25 95 41 20 12 84 84 84 94 36 41 95 28 12 36 19 16 95 97 12 41 97 28 10 19 84 94 19 28 20 84 19 84 94 94 94 95 19 97 95 95 
  Facilities: 14
 10 : 10 14 33 82
 12 : 3 12 45 63 72 78
 16 : 16 22 43 55 75
 19 : 4 7 19 74 83 86 90 96
 20 : 2 20 31 62 88
 25 : 17 18 25 47 53 58 59
 28 : 27 28 38 39 71 81 87
 36 : 13 26 36 54 68 73
 41 : 5 9 15 21 30 41 42 48 61 69 79
 50 : 49 50 51 56
 84 : 6 23 34 44 46 64 65 66 84 89 91
 94 : 0 8 11 32 40 67 85 92 93 94
 95 : 1 35 37 52 60 70 76 95 98 99
 97 : 24 29 57 77 80 97
SOLUTION:
  Value: -97895.000000
  Assigns: 94 95 20 12 19 41 84 19 94 41 82 94 12 36 82 41 16 25 25 19 20 41 16 84 97 25 36 28 28 97 41 20 94 82 84 95 36 95 28 28 94 41 41 16 84 12 84 25 41 50 50 50 95 25 36 16 50 97 25 25 95 41 20 12 84 84 84 94 36 41 95 28 12 36 19 16 95 97 12 41 97 28 82 19 84 94 19 28 20 84 19 84 94 94 94 95 19 97 95 95 
  Facilities: 14
 12 : 3 12 45 63 72 78
 16 : 16 22 43 55 75
 19 : 4 7 19 74 83 86 90 96
 20 : 2 20 31 62 88
 25 : 17 18 25 47 53 58 59
 28 : 27 28 38 39 71 81 87
 36 : 13 26 36 54 68 73
 41 : 5 9 15 21 30 41 42 48 61 69 79
 50 : 49 50 51 56
 82 : 10 14 33 82
 84 : 6 23 34 44 46 64 65 66 84 89 91
 94 : 0 8 11 32 40 67 85 92 93 94
 95 : 1 35 37 52 60 70 76 95 98 99
 97 : 24 29 57 77 80 97
SOLUTION:
  Value: -97897.000000
  Assigns: 94 95 20 63 19 41 84 19 94 41 10 94 63 36 10 41 16 25 25 19 20 41 16 84 97 25 36 28 28 97 41 20 94 10 84 95 36 95 28 28 94 41 41 16 84 63 84 25 41 50 50 50 95 25 36 16 50 97 25 25 95 41 20 63 84 84 84 94 36 41 95 28 63 36 19 16 95 97 63 41 97 28 10 19 84 94 19 28 20 84 19 84 94 94 94 95 19 97 95 95 
  Facilities: 14
 10 : 10 14 33 82
 16 : 16 22 43 55 75
 19 : 4 7 19 74 83 86 90 96
 20 : 2 20 31 62 88
 25 : 17 18 25 47 53 58 59
 28 : 27 28 38 39 71 81 87
 36 : 13 26 36 54 68 73
 41 : 5 9 15 21 30 41 42 48 61 69 79
 50 : 49 50 51 56
 63 : 3 12 45 63 72 78
 84 : 6 23 34 44 46 64 65 66 84 89 91
 94 : 0 8 11 32 40 67 85 92 93 94
 95 : 1 35 37 52 60 70 76 95 98 99
 97 : 24 29 57 77 80 97
SOLUTION:
  Value: -97924.000000
  Assigns: 94 95 20 63 19 41 84 19 94 41 82 94 63 36 82 41 16 25 25 19 20 41 16 84 97 25 36 28 28 97 41 20 94 82 84 95 36 95 28 28 94 41 41 16 84 63 84 25 41 50 50 50 95 25 36 16 50 97 25 25 95 41 20 63 84 84 84 94 36 41 95 28 63 36 19 16 95 97 63 41 97 28 82 19 84 94 19 28 20 84 19 84 94 94 94 95 19 97 95 95 
  Facilities: 14
 16 : 16 22 43 55 75
 19 : 4 7 19 74 83 86 90 96
 20 : 2 20 31 62 88
 25 : 17 18 25 47 53 58 59
 28 : 27 28 38 39 71 81 87
 36 : 13 26 36 54 68 73
 41 : 5 9 15 21 30 41 42 48 61 69 79
 50 : 49 50 51 56
 63 : 3 12 45 63 72 78
 82 : 10 14 33 82
 84 : 6 23 34 44 46 64 65 66 84 89 91
 94 : 0 8 11 32 40 67 85 92 93 94
 95 : 1 35 37 52 60 70 76 95 98 99
 97 : 24 29 57 77 80 97
SOLUTION:
  Value: -97934.000000
  Assigns: 94 95 20 12 19 41 84 19 94 41 10 94 12 36 10 41 16 25 25 19 20 41 16 84 97 25 36 28 28 97 41 20 94 10 84 95 36 95 28 28 94 41 41 16 84 12 84 25 41 25 25 25 95 25 36 16 25 97 25 25 95 41 20 12 84 84 84 94 36 41 95 28 12 36 19 16 95 97 12 41 97 28 10 19 84 94 19 28 20 84 19 84 94 94 94 95 19 97 95 95 
  Facilities: 13
 10 : 10 14 33 82
 12 : 3 12 45 63 72 78
 16 : 16 22 43 55 75
 19 : 4 7 19 74 83 86 90 96
 20 : 2 20 31 62 88
 25 : 17 18 25 47 49 50 51 53 56 58 59
 28 : 27 28 38 39 71 81 87
 36 : 13 26 36 54 68 73
 41 : 5 9 15 21 30 41 42 48 61 69 79
 84 : 6 23 34 44 46 64 65 66 84 89 91
 94 : 0 8 11 32 40 67 85 92 93 94
 95 : 1 35 37 52 60 70 76 95 98 99
 97 : 24 29 57 77 80 97
SOLUTION:
  Value: -97961.000000
  Assigns: 94 95 20 12 19 41 84 19 94 41 82 94 12 36 82 41 16 25 25 19 20 41 16 84 97 25 36 28 28 97 41 20 94 82 84 95 36 95 28 28 94 41 41 16 84 12 84 25 41 25 25 25 95 25 36 16 25 97 25 25 95 41 20 12 84 84 84 94 36 41 95 28 12 36 19 16 95 97 12 41 97 28 82 19 84 94 19 28 20 84 19 84 94 94 94 95 19 97 95 95 
  Facilities: 13
 12 : 3 12 45 63 72 78
 16 : 16 22 43 55 75
 19 : 4 7 19 74 83 86 90 96
 20 : 2 20 31 62 88
 25 : 17 18 25 47 49 50 51 53 56 58 59
 28 : 27 28 38 39 71 81 87
 36 : 13 26 36 54 68 73
 41 : 5 9 15 21 30 41 42 48 61 69 79
 82 : 10 14 33 82
 84 : 6 23 34 44 46 64 65 66 84 89 91
 94 : 0 8 11 32 40 67 85 92 93 94
 95 : 1 35 37 52 60 70 76 95 98 99
 97 : 24 29 57 77 80 97
SOLUTION:
  Value: -97963.000000
  Assigns: 94 95 20 63 19 41 84 19 94 41 10 94 63 36 10 41 16 25 25 19 20 41 16 84 97 25 36 28 28 97 41 20 94 10 84 95 36 95 28 28 94 41 41 16 84 63 84 25 41 25 25 25 95 25 36 16 25 97 25 25 95 41 20 63 84 84 84 94 36 41 95 28 63 36 19 16 95 97 63 41 97 28 10 19 84 94 19 28 20 84 19 84 94 94 94 95 19 97 95 95 
  Facilities: 13
 10 : 10 14 33 82
 16 : 16 22 43 55 75
 19 : 4 7 19 74 83 86 90 96
 20 : 2 20 31 62 88
 25 : 17 18 25 47 49 50 51 53 56 58 59
 28 : 27 28 38 39 71 81 87
 36 : 13 26 36 54 68 73
 41 : 5 9 15 21 30 41 42 48 61 69 79
 63 : 3 12 45 63 72 78
 84 : 6 23 34 44 46 64 65 66 84 89 91
 94 : 0 8 11 32 40 67 85 92 93 94
 95 : 1 35 37 52 60 70 76 95 98 99
 97 : 24 29 57 77 80 97
SOLUTION:
  Value: -97965.000000
  Assigns: 94 95 20 12 90 41 84 90 94 41 10 94 12 36 10 41 16 25 25 90 20 41 16 84 97 25 36 28 28 97 41 20 94 10 84 95 36 95 28 28 94 41 41 16 84 12 84 25 41 50 50 50 95 25 36 16 50 97 25 25 95 41 20 12 84 84 84 94 36 41 95 28 12 36 90 16 95 97 12 41 97 28 10 90 84 94 90 28 20 84 90 84 94 94 94 95 90 97 95 95 
  Facilities: 14
 10 : 10 14 33 82
 12 : 3 12 45 63 72 78
 16 : 16 22 43 55 75
 20 : 2 20 31 62 88
 25 : 17 18 25 47 53 58 59
 28 : 27 28 38 39 71 81 87
 36 : 13 26 36 54 68 73
 41 : 5 9 15 21 30 41 42 48 61 69 79
 50 : 49 50 51 56
 84 : 6 23 34 44 46 64 65 66 84 89 91
 90 : 4 7 19 74 83 86 90 96
 94 : 0 8 11 32 40 67 85 92 93 94
 95 : 1 35 37 52 60 70 76 95 98 99
 97 : 24 29 57 77 80 97
SOLUTION:
  Value: -97989.000000
  Assigns: 94 95 20 12 19 41 84 19 94 41 10 94 12 68 10 41 22 25 25 19 20 41 22 84 97 25 68 28 28 97 41 20 94 10 84 95 68 95 28 28 94 41 41 22 84 22 84 25 41 50 50 50 95 25 68 28 50 97 25 25 95 41 20 12 84 84 84 94 68 41 95 28 22 68 19 22 95 97 12 41 97 28 10 19 84 94 19 28 20 84 19 84 94 94 94 95 19 97 95 95 
  Facilities: 14
 10 : 10 14 33 82
 12 : 3 12 63 78
 19 : 4 7 19 74 83 86 90 96
 20 : 2 20 31 62 88
 22 : 16 22 43 45 72 75
 25 : 17 18 25 47 53 58 59
 28 : 27 28 38 39 55 71 81 87
 41 : 5 9 15 21 30 41 42 48 61 69 79
 50 : 49 50 51 56
 68 : 13 26 36 54 68 73
 84 : 6 23 34 44 46 64 65 66 84 89 91
 94 : 0 8 11 32 40 67 85 92 93 94
 95 : 1 35 37 52 60 70 76 95 98 99
 97 : 24 29 57 77 80 97
SOLUTION:
  Value: -97990.000000
  Assigns: 94 95 20 63 19 41 84 19 94 41 82 94 63 36 82 41 16 25 25 19 20 41 16 84 97 25 36 28 28 97 41 20 94 82 84 95 36 95 28 28 94 41 41 16 84 63 84 25 41 25 25 25 95 25 36 16 25 97 25 25 95 41 20 63 84 84 84 94 36 41 95 28 63 36 19 16 95 97 63 41 97 28 82 19 84 94 19 28 20 84 19 84 94 94 94 95 19 97 95 95 
  Facilities: 13
 16 : 16 22 43 55 75
 19 : 4 7 19 74 83 86 90 96
 20 : 2 20 31 62 88
 25 : 17 18 25 47 49 50 51 53 56 58 59
 28 : 27 28 38 39 71 81 87
 36 : 13 26 36 54 68 73
 41 : 5 9 15 21 30 41 42 48 61 69 79
 63 : 3 12 45 63 72 78
 82 : 10 14 33 82
 84 : 6 23 34 44 46 64 65 66 84 89 91
 94 : 0 8 11 32 40 67 85 92 93 94
 95 : 1 35 37 52 60 70 76 95 98 99
 97 : 24 29 57 77 80 97
