# Time: 7414.959961
# Elapsed: 1351.589478
# Input_file: splp/KoerkelGhosh-sym/750/b/gs750b-4
# Pool_size: 200
# Iterations: 28
# Final_solutions: 3238
# Vision_range: 400
# Reduction_mode: REDUCTION_DISPERSE
# Dissimilitude: DISSIM_HAUSDORFF
# Facility_dist: FDISMODE_SUMOFDELTAS
SOLUTION:
  Value: -796842.000000
  Assigns: 471 173 3 720 260 189 3 720 106 260 653 665 164 655 521 178 655 655 653 260 651 653 178 293 173 173 189 260 164 94 512 442 512 173 655 665 106 401 665 401 293 293 178 401 293 173 189 720 653 559 401 458 442 293 521 260 178 442 260 106 521 354 354 458 189 720 94 471 94 173 173 458 471 164 189 554 293 665 471 106 189 653 173 665 3 354 106 94 521 651 521 471 458 164 521 173 720 665 653 521 665 354 3 442 471 655 178 3 559 401 260 354 293 354 3 559 354 173 94 3 559 3 559 471 458 94 178 260 720 458 655 260 720 559 458 401 655 173 653 260 94 720 442 401 401 442 521 94 458 471 651 655 442 173 655 655 178 665 401 173 354 401 458 655 173 178 512 354 655 554 512 512 653 164 173 354 260 178 458 164 293 458 293 106 471 94 3 189 164 458 260 521 106 720 442 458 3 521 260 653 178 655 458 653 665 189 665 189 521 293 354 655 189 189 189 651 260 720 260 94 164 655 401 720 655 173 651 554 720 512 651 521 559 559 512 458 559 442 293 94 189 3 554 354 653 559 655 94 189 458 458 189 401 164 293 260 189 173 293 653 651 260 458 521 178 512 720 651 521 173 559 173 173 94 178 554 651 94 3 559 559 401 665 442 354 189 3 458 665 458 178 401 293 655 401 521 106 3 354 665 653 458 521 442 164 720 401 471 720 401 189 653 559 665 442 293 665 554 164 458 471 3 401 651 651 458 471 178 293 458 512 471 442 293 651 554 521 458 189 189 720 471 3 106 471 178 164 512 521 653 173 653 293 559 94 720 354 293 354 293 106 512 559 354 94 471 260 189 260 651 106 293 458 559 512 178 293 354 521 3 354 3 442 471 173 401 293 401 512 442 164 471 720 3 442 554 521 3 655 458 164 512 354 512 3 655 559 554 521 651 665 442 471 293 665 720 354 559 559 512 442 3 106 559 3 106 293 293 655 3 554 655 173 106 106 720 651 260 293 653 521 720 471 512 293 720 665 554 521 521 178 651 554 3 178 189 665 189 178 512 471 512 164 3 293 401 442 471 189 720 260 442 173 471 178 293 653 458 106 665 559 442 655 512 189 3 651 293 354 653 521 164 554 354 442 653 442 293 442 655 655 164 655 651 189 651 442 559 655 354 559 3 401 164 458 521 354 178 554 471 655 94 3 173 106 559 512 94 260 559 442 651 554 164 655 651 458 173 720 720 720 178 521 442 720 653 521 189 651 3 3 512 164 189 3 178 3 471 559 401 559 260 164 293 106 94 720 559 442 471 178 401 106 521 178 651 554 554 106 653 189 471 94 653 554 106 3 512 164 720 106 559 354 94 354 554 173 260 94 106 458 94 442 189 401 164 512 401 173 471 651 653 559 94 554 655 471 189 442 401 164 164 260 559 189 720 106 293 512 651 164 665 178 106 442 106 665 94 178 260 653 3 3 293 665 164 458 665 94 3 3 260 512 178 720 471 106 94 3 3 655 3 401 651 720 164 559 655 401 554 521 655 354 559 173 665 260 293 651 655 655 94 653 471 260 173 471 554 720 442 655 512 354 293 189 260 293 720 653 554 3 554 189 3 651 178 651 458 94 401 512 512 401 512 554 401 164 164 94 651 471 458 164 665 521 554 512 512 665 106 354 521 164 164 401 189 260 3 164 521 178 554 720 651 512 106 554 655 665 354 
  Facilities: 23
 3 : 2 6 84 102 107 114 119 121 186 196 241 278 286 297 321 342 379 381 393 397 404 421 424 429 453 463 485 511 522 549 550 554 556 586 641 642 649 650 658 659 661 700 703 737
 94 : 29 66 68 87 118 125 140 147 185 219 239 247 273 277 354 364 521 527 565 582 593 598 601 613 637 648 657 681 708 718
 106 : 8 36 59 79 86 183 192 296 343 360 370 422 425 433 434 478 524 564 572 578 585 590 599 626 633 635 656 729 745
 164 : 12 28 73 93 173 179 188 220 253 304 318 346 390 400 462 491 501 513 533 552 562 588 605 620 621 630 645 665 716 717 722 732 733 738
 173 : 1 24 25 33 45 69 70 82 95 117 137 153 159 164 174 225 257 269 271 272 350 384 432 472 523 537 596 608 674 685
 178 : 15 22 42 56 106 126 156 165 177 200 264 274 290 327 345 375 450 454 458 474 517 541 555 570 574 632 638 653 705 740
 189 : 5 26 46 64 74 80 187 205 207 212 213 214 240 248 251 256 285 310 338 339 367 455 457 468 484 504 547 553 580 603 617 624 694 702 735
 260 : 4 9 19 27 55 58 110 127 131 139 176 190 198 216 218 255 261 366 368 437 470 528 561 597 622 639 651 676 684 695 736
 293 : 23 40 41 44 53 76 112 180 182 209 238 254 258 292 315 328 333 352 357 359 371 376 386 413 426 427 438 444 464 475 487 497 563 627 643 677 693 696
 354 : 61 62 85 101 111 113 116 160 167 175 210 243 284 298 356 358 363 377 380 402 416 488 493 509 516 592 594 672 692 730 749
 401 : 37 39 43 50 109 135 143 144 158 161 222 252 281 291 294 306 309 322 385 387 465 512 559 571 604 607 619 662 668 709 712 715 734
 442 : 31 52 57 103 142 145 152 194 237 283 303 314 332 382 389 394 411 420 466 471 481 494 496 498 506 530 543 568 602 618 634 689
 458 : 51 63 71 92 124 129 134 148 162 178 181 189 195 202 235 249 250 262 287 289 301 319 325 329 337 372 399 477 514 536 600 646 707 721
 471 : 0 67 72 78 91 104 123 149 184 307 320 326 331 341 344 365 383 391 412 442 460 467 473 519 557 569 581 609 616 655 683 686 720
 512 : 30 32 166 170 171 229 234 265 330 347 361 374 388 401 403 419 443 459 461 483 526 551 587 606 628 652 691 710 711 713 726 727 744
 521 : 14 54 60 88 90 94 99 146 191 197 208 231 263 268 295 302 336 348 378 396 408 440 448 449 490 515 542 546 573 670 724 731 739
 554 : 75 169 227 242 275 317 335 395 407 430 447 452 492 518 532 576 577 584 595 614 669 687 699 701 714 725 741 746
 559 : 49 108 115 120 122 133 232 233 236 245 270 279 280 312 353 362 373 406 417 418 423 480 507 510 525 529 558 560 567 591 612 623 666 673
 651 : 20 89 150 215 226 230 260 267 276 323 324 334 369 409 436 451 486 503 505 531 535 548 575 610 629 663 678 704 706 719 743
 653 : 10 18 21 48 81 98 138 172 199 203 244 259 300 311 349 351 439 476 489 495 545 579 583 611 640 682 698
 655 : 13 16 17 34 105 130 136 151 154 155 163 168 201 211 221 224 246 293 398 405 428 431 482 499 500 502 508 520 534 615 660 667 671 679 680 690 747
 665 : 11 35 38 77 83 97 100 157 204 206 282 288 299 313 316 410 414 446 456 479 631 636 644 647 675 723 728 748
 720 : 3 7 47 65 96 128 132 141 193 217 223 228 266 305 308 340 355 392 415 435 441 445 469 538 539 540 544 566 589 625 654 664 688 697 742
SOLUTION:
  Value: -796843.000000
  Assigns: 471 173 58 114 106 189 3 58 106 430 653 430 164 720 521 499 178 58 653 442 430 653 178 293 173 173 189 114 164 94 653 442 499 173 458 293 106 458 58 640 293 293 430 499 293 173 189 720 653 430 58 458 442 293 521 554 178 442 499 106 521 114 354 458 640 720 94 471 94 173 173 458 471 164 58 554 293 458 471 58 189 653 173 293 3 354 106 58 521 354 521 471 458 164 521 173 720 720 653 521 58 354 3 442 471 458 178 3 559 554 106 354 293 354 3 559 354 173 94 3 559 3 559 471 458 94 178 521 720 458 442 554 720 559 430 640 499 173 653 521 499 720 442 499 499 442 521 94 458 471 442 499 430 173 521 720 178 354 430 173 354 354 458 94 173 178 442 354 3 554 58 114 499 164 173 354 471 178 458 164 293 430 293 106 640 94 3 189 164 640 559 521 106 720 442 458 3 521 559 653 178 499 458 653 554 114 442 189 521 293 354 178 189 640 114 3 189 720 430 94 164 499 471 720 471 173 471 554 720 442 521 58 559 430 58 458 559 442 293 499 189 3 554 354 640 559 58 94 499 458 458 189 554 164 293 3 189 173 640 653 58 640 458 521 640 499 720 189 521 173 559 173 173 94 178 554 3 114 3 559 559 178 430 442 114 189 58 430 640 458 178 559 293 354 164 640 106 3 354 189 653 458 521 442 164 720 58 471 720 499 189 653 499 640 442 293 458 554 164 458 471 114 653 499 499 458 471 178 293 458 189 471 442 293 58 430 521 458 189 640 720 471 3 106 471 178 640 3 521 114 173 653 293 559 94 720 354 293 354 293 106 354 559 354 94 471 640 189 430 640 106 293 458 559 178 178 293 354 521 58 354 3 58 471 173 653 293 458 640 442 164 499 720 3 499 554 521 58 430 458 164 559 354 114 499 114 559 114 430 499 3 442 471 293 114 720 354 559 559 114 442 3 106 114 3 430 293 178 640 3 554 354 173 106 106 720 554 94 58 653 58 720 471 640 293 720 458 554 521 521 114 458 430 3 178 189 58 189 178 430 471 114 164 499 293 58 442 471 189 114 554 442 173 471 178 293 653 458 106 58 559 442 458 640 189 3 640 293 640 653 442 164 554 354 442 653 442 293 442 58 442 164 640 58 189 471 442 559 178 354 559 3 354 164 458 521 354 178 554 471 354 94 3 173 106 559 106 94 114 559 442 94 554 164 499 499 458 173 720 720 720 178 521 442 58 653 521 189 164 3 3 164 164 189 430 178 3 471 559 164 559 3 164 293 106 94 720 559 442 471 178 458 106 521 178 640 554 554 106 499 189 471 94 430 554 106 3 58 164 720 106 58 354 94 354 554 173 430 94 106 458 94 442 189 173 164 458 114 173 499 114 653 559 94 554 114 471 189 442 554 164 164 521 559 189 720 106 293 94 106 114 442 178 106 442 106 354 94 178 58 653 3 3 293 354 164 458 164 94 3 3 3 430 640 720 471 106 94 3 58 114 3 58 653 720 499 559 458 499 554 640 430 354 559 640 114 499 293 106 3 640 94 653 471 164 173 471 554 720 442 58 430 354 293 189 94 293 720 653 499 3 554 189 3 720 178 640 458 94 559 499 640 293 3 554 430 164 164 94 178 640 458 114 3 521 554 554 94 58 106 354 521 164 114 430 189 430 3 164 521 178 554 720 471 430 106 554 430 58 354 
  Facilities: 22
 3 : 6 84 102 107 114 119 121 168 186 196 215 241 255 276 278 297 342 347 381 393 410 421 424 429 453 485 511 522 549 550 556 561 586 641 642 649 650 651 658 661 679 700 703 713 723 737
 58 : 2 7 17 38 50 74 79 87 100 170 231 234 246 260 286 306 334 379 382 397 438 440 456 465 479 499 503 544 587 591 639 659 662 690 728 748
 94 : 29 66 68 118 125 147 163 185 219 247 273 354 364 437 521 527 531 565 582 593 598 601 613 628 637 648 657 681 695 708 718 727
 106 : 4 8 36 59 86 110 183 192 296 343 360 370 422 433 434 478 524 526 564 572 578 585 590 599 626 629 633 635 656 678 729 745
 114 : 3 27 61 171 205 214 277 284 321 349 403 405 407 414 419 423 450 461 469 528 607 610 615 630 660 675 722 733
 164 : 12 28 73 93 173 179 188 220 253 294 304 318 390 400 462 491 501 513 533 548 551 552 559 562 588 605 620 621 645 647 684 716 717 732 738
 173 : 1 24 25 33 45 69 70 82 95 117 137 153 159 164 174 225 257 269 271 272 350 384 432 472 523 537 596 604 608 685
 178 : 16 22 56 106 126 156 165 177 200 211 274 281 290 327 345 374 375 427 454 458 474 508 517 541 555 570 574 632 638 705 719 740
 189 : 5 26 46 80 187 207 212 216 240 251 256 267 285 299 310 330 338 367 455 457 468 484 504 547 553 580 603 617 624 694 702 735
 293 : 23 35 40 41 44 53 76 83 112 180 182 209 238 254 292 315 328 333 352 357 359 371 376 386 413 426 444 464 475 487 497 563 627 643 677 693 696 712
 354 : 62 85 89 101 111 113 116 157 160 161 167 175 210 243 293 298 356 358 361 363 377 380 402 416 431 493 509 512 516 520 592 594 636 644 672 692 730 749
 430 : 9 11 20 42 49 134 152 158 181 218 233 282 287 335 368 398 408 425 452 459 554 583 597 652 671 691 715 734 736 744 747
 442 : 19 31 52 57 103 130 142 145 150 166 194 206 229 237 283 303 314 332 389 411 420 466 471 481 490 494 496 498 500 506 530 543 568 602 618 631 634 689
 458 : 34 37 51 63 71 77 92 105 124 129 148 162 178 195 202 235 249 250 262 289 301 316 319 325 329 337 372 387 399 446 451 477 482 514 536 571 600 606 646 667 707 721
 471 : 0 67 72 78 91 104 123 149 176 222 224 226 307 320 326 331 341 344 365 383 412 442 460 467 473 505 519 557 569 581 616 655 683 686 743
 499 : 15 32 43 58 136 140 143 144 151 172 201 221 239 248 265 309 312 323 324 391 394 404 409 463 534 535 579 609 665 668 676 699 710
 521 : 14 54 60 88 90 94 99 127 139 146 154 191 197 208 230 263 268 302 336 348 378 396 448 449 515 542 546 573 622 724 731 739
 554 : 55 75 109 131 169 204 227 242 252 275 317 395 430 436 447 470 492 518 532 576 577 584 595 614 619 669 687 701 714 725 726 741 746
 559 : 108 115 120 122 133 190 198 232 236 245 270 279 280 291 353 362 373 401 406 417 418 480 507 510 525 529 558 560 567 612 623 666 673 709
 640 : 39 64 135 184 189 213 244 258 261 264 288 295 313 339 346 366 369 388 428 443 483 486 488 502 575 653 670 674 680 706 711 720
 653 : 10 18 21 30 48 81 98 138 199 203 259 300 311 322 351 385 439 476 489 495 545 611 640 663 682 698
 720 : 13 47 65 96 97 128 132 141 155 193 217 223 228 266 305 308 340 355 392 415 435 441 445 538 539 540 566 589 625 654 664 688 697 704 742
SOLUTION:
  Value: -796847.000000
  Assigns: 471 173 58 720 260 189 3 58 106 430 293 430 164 720 189 178 247 545 554 260 430 173 178 293 173 173 189 260 164 545 442 442 340 173 458 293 106 458 58 545 293 293 430 164 293 340 189 340 545 430 58 545 545 293 94 260 178 442 260 106 178 354 354 458 640 720 340 471 94 173 173 458 471 164 58 554 340 458 471 247 189 58 173 260 3 354 106 58 247 354 293 471 247 164 247 173 720 720 640 164 58 354 3 442 471 545 178 3 247 247 260 354 293 354 3 545 354 173 94 3 260 3 720 471 458 94 178 260 720 458 442 260 720 720 430 640 471 173 178 545 94 247 442 545 247 442 164 94 458 471 340 58 430 173 58 720 178 354 430 173 354 354 458 247 173 178 442 354 3 554 58 545 545 164 173 354 260 178 458 545 293 430 293 106 640 94 3 189 164 640 260 173 106 720 247 458 3 430 260 260 178 458 458 247 554 189 442 189 247 293 354 178 189 640 189 3 260 720 260 94 164 545 471 720 471 173 247 554 720 340 260 58 58 430 58 458 178 442 293 340 189 3 554 354 640 640 58 94 189 458 458 189 554 164 293 260 189 173 640 545 58 247 458 354 640 58 720 189 458 173 545 173 173 94 178 554 340 94 3 354 178 178 340 442 354 247 58 430 640 340 178 247 293 354 164 640 106 3 354 189 340 545 430 442 164 247 58 471 720 442 189 545 247 640 442 293 340 554 164 458 471 3 720 58 430 340 471 178 293 458 189 471 442 293 58 430 164 458 189 640 720 471 3 106 247 178 640 3 442 106 173 3 293 247 94 720 354 293 354 293 106 354 260 354 94 471 640 189 430 247 106 293 545 430 178 178 293 354 173 58 354 3 58 471 173 340 293 458 640 442 164 471 720 3 442 554 178 58 430 458 164 106 354 430 3 458 554 554 430 94 260 442 471 293 340 720 354 554 640 247 340 3 106 189 3 430 293 178 640 3 554 354 173 106 106 720 554 260 58 178 58 720 471 640 293 720 458 554 340 247 340 340 430 3 178 189 58 189 178 430 471 545 164 3 340 58 442 247 189 340 260 442 173 471 178 545 471 458 106 58 247 340 458 340 189 3 640 293 640 354 442 164 554 247 442 173 442 293 442 58 442 164 640 58 545 340 247 640 178 354 340 3 354 164 458 189 354 178 554 471 354 94 3 173 106 94 106 247 260 340 442 94 554 164 340 545 458 173 720 720 720 247 247 442 58 58 94 189 247 340 3 164 164 189 430 178 3 471 442 164 58 260 164 293 106 94 720 640 442 471 178 458 106 260 178 640 554 554 106 340 189 471 94 430 340 106 3 58 164 720 106 58 354 94 354 554 247 430 94 106 458 94 442 189 173 164 458 340 173 471 545 247 247 94 554 247 471 189 442 554 164 164 260 354 189 720 106 293 94 247 58 442 545 106 442 106 354 94 178 260 189 3 3 293 354 164 458 164 94 3 3 260 545 640 720 471 106 94 3 58 458 3 58 260 720 164 340 458 247 554 640 430 247 58 640 545 260 293 106 3 640 94 545 471 260 173 471 554 720 442 58 430 354 293 189 260 293 545 545 554 3 554 189 3 720 178 640 458 94 189 247 640 293 3 554 430 164 164 94 178 340 458 164 3 340 554 554 94 58 247 354 173 164 164 430 189 430 3 164 720 178 554 720 471 430 106 554 430 58 354 
  Facilities: 21
 3 : 6 84 102 107 114 119 121 168 186 196 215 241 278 297 321 342 347 351 381 393 404 421 424 429 453 463 485 511 522 550 556 586 641 642 649 650 658 661 679 700 703 713 723 737
 58 : 2 7 38 50 74 81 87 100 151 154 170 231 232 234 246 260 265 286 306 323 334 379 382 397 438 440 456 465 479 499 503 544 545 560 587 591 630 659 662 673 690 728 748
 94 : 54 68 118 125 140 147 185 219 247 273 277 354 364 409 521 525 531 546 565 582 593 598 601 613 628 637 648 657 681 708 718 727
 106 : 8 36 59 86 183 192 296 343 349 360 370 401 422 433 434 478 524 526 564 572 578 585 590 599 626 633 635 656 678 745
 164 : 12 28 43 73 93 99 146 173 188 220 253 294 304 318 336 390 400 462 491 501 513 533 551 552 559 562 588 605 620 621 645 647 665 716 717 722 732 733 738
 173 : 1 21 24 25 33 69 70 82 95 117 137 153 159 164 174 191 225 257 269 271 272 350 378 384 432 472 495 523 537 604 608 685 731
 178 : 15 22 56 60 106 126 138 156 165 177 200 211 236 274 280 281 290 327 345 374 375 396 427 439 454 458 474 508 517 555 570 574 638 705 719 740
 189 : 5 14 26 46 80 187 205 207 212 214 240 248 251 256 267 299 310 330 338 367 423 455 457 468 484 515 547 553 580 603 617 624 640 694 702 709 735
 247 : 16 79 88 92 94 108 109 141 144 163 194 203 208 226 261 285 291 305 312 344 353 369 419 449 467 480 493 506 527 541 542 548 596 611 612 615 629 668 672 710 729
 260 : 4 19 27 55 58 83 110 120 127 131 176 190 198 199 216 218 230 255 362 410 437 470 528 561 573 622 639 651 663 676 684 695
 293 : 10 23 35 40 41 44 53 90 112 180 182 209 238 254 292 315 328 333 352 357 359 371 376 386 413 426 444 487 497 563 627 643 677 693 696 712
 340 : 32 45 47 66 76 150 229 239 276 282 289 300 316 325 385 414 420 448 450 451 464 469 481 483 505 510 529 534 549 579 584 607 666 720 724
 354 : 61 62 85 89 101 111 113 116 157 160 161 167 175 210 243 263 279 284 293 298 356 358 361 363 377 380 402 416 431 489 509 512 516 520 592 594 623 636 644 692 730 749
 430 : 9 11 20 42 49 134 152 158 181 197 233 287 302 324 335 368 373 398 403 408 425 452 459 554 583 597 671 691 715 734 736 744 747
 442 : 30 31 57 103 130 142 145 166 206 237 283 303 309 314 332 348 389 394 411 466 471 490 494 496 498 500 530 543 558 568 602 618 631 634 689
 458 : 34 37 63 71 77 124 129 148 162 178 195 201 202 235 249 250 262 268 319 329 337 387 399 405 446 477 482 514 536 571 600 606 646 660 667 707 721
 471 : 0 67 72 78 91 104 123 136 149 222 224 307 320 326 331 341 365 383 391 412 442 460 473 476 519 557 569 581 609 616 655 683 686 743
 545 : 17 29 39 48 51 52 105 115 139 143 171 172 179 221 259 270 301 311 372 461 475 504 535 610 632 652 675 682 697 698
 554 : 18 75 169 204 227 242 252 275 317 395 406 407 417 430 436 447 492 518 532 576 577 595 614 619 669 687 699 701 714 725 726 741 746
 640 : 64 98 135 184 189 213 244 245 258 264 288 295 313 339 346 366 388 418 428 443 486 488 502 507 567 575 653 670 674 680 706 711
 720 : 3 13 65 96 97 122 128 132 133 155 193 217 223 228 266 308 322 340 355 392 415 435 441 445 538 539 540 566 589 625 654 664 688 704 739 742
SOLUTION:
  Value: -796857.000000
  Assigns: 471 173 3 720 106 189 3 720 106 430 653 430 164 655 521 178 655 655 653 442 430 653 178 293 173 173 189 106 164 94 653 442 651 173 655 665 106 401 640 640 293 293 430 401 293 173 189 720 653 430 401 458 442 293 521 554 178 442 653 106 521 354 354 458 640 720 94 471 94 173 173 458 471 164 640 554 293 665 471 430 189 653 173 665 3 354 106 94 521 651 521 471 458 164 521 173 720 665 653 521 665 354 3 442 471 655 178 3 559 401 106 354 293 354 3 559 354 173 94 3 559 3 559 471 458 94 178 521 720 458 655 554 720 559 430 640 655 173 653 521 94 653 442 401 401 442 521 94 458 471 651 655 430 173 655 655 178 665 430 173 354 401 458 655 173 178 442 354 655 554 94 653 653 164 173 354 665 178 458 164 293 430 293 106 640 94 3 189 164 640 559 521 106 720 442 458 3 521 559 653 178 655 458 653 665 189 665 189 521 293 354 655 189 640 189 651 189 720 430 94 164 655 401 720 655 173 651 554 720 655 651 521 559 430 442 458 559 442 293 94 189 3 554 354 640 559 655 94 189 458 458 189 401 164 293 3 189 173 640 653 651 640 458 521 640 651 720 651 521 173 559 173 173 94 178 554 651 94 3 559 559 401 430 442 354 189 3 430 665 458 178 401 293 655 401 640 106 3 354 665 653 458 521 442 164 720 401 471 720 401 189 653 559 665 442 293 665 554 164 458 471 3 401 651 651 458 471 178 293 458 665 471 442 293 651 430 521 458 189 640 720 471 3 106 471 178 640 3 521 653 173 653 293 559 94 720 354 293 354 293 106 354 559 354 94 471 640 189 430 640 106 293 458 559 178 178 293 354 521 640 354 3 442 471 173 401 293 401 640 442 164 471 720 3 442 554 521 3 430 458 164 559 354 430 3 655 559 554 430 651 665 442 471 293 665 720 354 559 559 655 442 3 106 559 3 430 293 293 655 3 554 655 173 106 106 720 651 94 293 653 521 720 471 401 293 720 665 554 521 521 178 651 430 3 178 189 665 189 178 430 471 665 164 3 293 401 442 471 189 720 554 442 173 471 178 293 653 458 106 665 559 442 655 655 189 3 651 293 640 653 521 164 554 354 442 653 442 293 442 655 655 164 640 651 189 651 442 559 655 354 559 3 401 164 458 521 354 178 554 471 655 94 3 173 106 559 106 94 178 559 442 651 554 164 655 651 458 173 720 720 720 178 521 442 720 653 521 189 651 3 3 164 164 189 430 178 3 471 559 401 559 401 164 293 106 94 720 559 442 471 178 401 106 521 178 651 554 554 106 653 189 471 94 430 554 106 3 458 164 720 106 559 354 94 354 554 173 430 94 106 458 94 442 189 401 164 458 401 173 471 651 653 559 94 554 655 471 189 442 401 164 164 521 559 189 720 106 293 94 651 164 665 178 106 442 106 665 94 178 655 653 3 3 293 665 164 458 665 94 3 3 3 430 640 720 471 106 94 3 3 655 3 401 651 720 164 559 655 401 554 640 655 354 559 640 665 651 293 651 655 655 94 653 471 164 173 471 554 720 442 655 430 354 293 189 94 293 720 653 554 3 554 189 3 651 178 651 458 94 401 665 640 655 3 554 430 164 164 94 178 471 458 164 665 521 554 554 94 665 106 354 521 164 164 430 189 430 3 164 521 178 554 720 651 430 106 554 655 665 354 
  Facilities: 23
 3 : 2 6 84 102 107 114 119 121 186 196 241 255 278 286 297 321 342 347 381 393 397 404 421 424 429 453 463 485 511 522 549 550 556 586 641 642 649 650 651 658 659 661 700 703 713 737
 94 : 29 66 68 87 118 125 140 147 170 185 219 239 247 273 277 354 364 437 521 527 565 582 593 598 601 613 628 637 648 657 681 695 708 718 727
 106 : 4 8 27 36 59 86 110 183 192 296 343 360 370 422 433 434 478 524 526 564 572 578 585 590 599 626 633 635 656 729 745
 164 : 12 28 73 93 173 179 188 220 253 304 318 390 400 462 491 501 513 533 551 552 562 588 605 620 621 630 645 665 684 716 717 722 732 733 738
 173 : 1 24 25 33 45 69 70 82 95 117 137 153 159 164 174 225 257 269 271 272 350 384 432 472 523 537 596 608 685
 178 : 15 22 56 106 126 156 165 177 200 274 290 327 345 374 375 450 454 458 474 517 528 541 555 570 574 632 638 705 719 740
 189 : 5 26 46 80 187 205 207 212 214 216 240 248 251 256 285 310 338 367 455 457 468 484 504 547 553 580 603 617 624 694 702 735
 293 : 23 40 41 44 53 76 112 180 182 209 238 254 292 315 328 333 352 357 359 371 376 386 413 426 427 438 444 464 475 487 497 563 627 643 677 693 696
 354 : 61 62 85 101 111 113 116 160 167 175 210 243 284 298 356 358 361 363 377 380 402 416 493 509 516 592 594 672 692 730 749
 401 : 37 43 50 109 143 144 161 222 252 281 291 294 306 309 322 385 387 443 465 512 559 561 571 604 607 619 662 668 709
 430 : 9 11 20 42 49 79 134 152 158 181 218 233 282 287 335 368 398 403 408 425 452 459 554 583 597 652 691 715 734 736 744
 442 : 19 31 52 57 103 142 145 166 194 234 237 283 303 314 332 382 389 394 411 420 466 471 481 494 496 498 506 530 543 568 602 618 634 689
 458 : 51 63 71 92 124 129 148 162 178 195 202 235 249 250 262 289 301 319 325 329 337 372 399 477 514 536 587 600 606 646 707 721
 471 : 0 67 72 78 91 104 123 149 307 320 326 331 341 344 365 383 391 412 442 460 467 473 519 557 569 581 609 616 655 683 686 720
 521 : 14 54 60 88 90 94 99 127 139 146 191 197 208 231 263 268 302 336 348 378 396 440 448 449 490 515 542 546 573 622 724 731 739
 554 : 55 75 131 169 227 242 275 317 395 407 430 447 470 492 518 532 576 577 584 595 614 669 687 699 701 714 725 726 741 746
 559 : 108 115 120 122 133 190 198 232 236 245 270 279 280 312 353 362 373 401 406 417 418 423 480 507 510 525 529 558 560 567 591 612 623 666 673
 640 : 38 39 64 74 135 184 189 213 244 258 261 264 295 339 346 366 369 379 388 488 502 653 670 674 711
 651 : 32 89 150 215 226 230 260 265 267 276 323 324 334 409 436 451 486 503 505 531 535 548 575 610 629 663 676 678 704 706 743
 653 : 10 18 21 30 48 58 81 98 138 141 171 172 199 203 259 300 311 349 351 439 476 489 495 545 579 611 640 682 698
 655 : 13 16 17 34 105 130 136 151 154 155 163 168 201 211 221 224 229 246 293 405 419 428 431 482 483 499 500 508 520 534 615 639 660 667 671 679 680 690 712 747
 665 : 35 77 83 97 100 157 176 204 206 288 299 313 316 330 410 414 446 456 461 479 631 636 644 647 675 710 723 728 748
 720 : 3 7 47 65 96 128 132 193 217 223 228 266 305 308 340 355 392 415 435 441 445 469 538 539 540 544 566 589 625 654 664 688 697 742
SOLUTION:
  Value: -796878.000000
  Assigns: 471 173 58 720 260 189 3 58 106 260 653 559 164 655 521 178 655 655 653 260 651 653 178 293 173 173 189 260 164 94 512 442 694 173 655 293 106 401 58 401 293 293 178 401 293 173 189 720 653 559 401 458 442 293 521 260 178 442 260 106 521 354 354 458 189 720 94 471 94 173 173 458 471 164 58 554 293 458 471 58 189 653 173 260 3 354 106 58 521 651 521 471 458 164 521 173 720 720 653 521 694 354 3 442 471 655 178 3 559 401 260 354 293 354 3 559 354 173 94 3 559 3 559 694 458 94 178 694 720 458 655 260 720 559 458 401 655 173 653 260 94 720 442 694 401 442 521 94 458 471 651 58 442 173 655 655 178 354 401 173 354 401 458 655 173 178 512 354 655 554 512 694 653 164 173 354 260 178 458 164 694 458 293 106 471 94 3 189 164 694 260 521 106 720 442 458 3 521 260 653 178 655 458 653 554 189 442 694 521 293 354 655 189 189 189 651 260 720 260 94 164 655 401 720 655 173 651 554 720 512 651 58 559 559 512 458 559 442 293 94 189 3 554 354 653 559 655 94 189 458 458 189 401 164 293 260 189 173 293 653 58 260 458 521 178 512 720 651 521 694 559 694 173 94 178 694 651 94 3 559 559 401 694 442 354 189 58 458 293 458 178 401 293 655 401 521 106 3 694 189 653 458 521 442 164 720 58 471 720 401 189 653 559 694 442 293 458 554 164 458 471 3 401 651 651 458 471 178 293 458 512 471 442 293 651 554 521 458 189 189 720 471 471 106 471 178 164 512 521 653 173 653 293 559 94 720 354 293 354 293 106 512 559 354 94 471 260 189 260 651 106 293 458 559 512 178 293 354 521 58 354 694 58 471 173 401 293 401 512 442 164 471 720 3 442 554 521 58 655 458 164 512 354 512 3 655 559 554 521 651 260 442 471 293 512 720 354 559 559 512 442 3 106 559 3 106 293 293 655 3 694 655 173 106 106 720 651 260 58 653 58 720 471 512 293 720 458 554 521 521 178 651 694 3 178 189 58 189 694 512 471 694 164 3 293 401 442 471 189 720 260 442 173 471 178 293 653 458 106 58 559 442 655 512 189 3 651 293 354 653 442 164 554 354 442 653 442 293 442 655 655 164 655 651 189 651 442 559 655 354 559 3 401 164 458 521 354 178 554 471 694 94 3 173 106 559 512 94 260 559 442 651 554 164 655 651 458 173 720 720 720 178 521 442 58 653 521 189 651 3 3 512 164 189 3 178 3 471 559 401 559 260 164 293 106 94 720 559 442 471 178 401 106 521 178 651 554 554 106 653 189 471 94 653 554 106 3 512 164 720 106 58 354 94 354 554 173 260 94 106 458 94 442 189 401 164 512 401 173 694 651 653 559 94 554 655 471 189 442 401 164 164 260 559 189 720 106 694 512 651 58 442 178 106 442 106 354 94 178 260 653 458 189 293 354 164 694 94 94 3 3 260 58 58 720 471 106 94 3 58 655 3 58 651 720 164 559 655 401 694 521 655 354 559 173 173 260 293 651 655 655 94 653 471 260 173 471 554 720 442 58 512 354 293 189 260 293 720 653 554 3 554 189 3 651 178 651 458 94 401 512 512 655 512 554 401 164 164 94 651 471 458 164 3 521 554 512 512 58 106 354 521 164 164 694 189 260 3 164 521 178 554 720 651 512 106 554 655 58 354 
  Facilities: 24
 3 : 6 84 102 107 114 119 121 186 196 241 278 297 321 393 404 421 424 429 453 463 485 511 522 549 550 554 556 586 649 650 658 661 700 703 723 737
 58 : 2 7 38 74 79 87 151 231 260 286 306 379 382 397 438 440 456 479 544 591 630 652 653 659 662 690 728 748
 94 : 29 66 68 118 125 140 147 185 219 239 247 273 277 354 364 521 527 565 582 593 598 601 613 637 647 648 657 681 708 718
 106 : 8 36 59 86 183 192 296 343 360 370 422 425 433 434 478 524 564 572 578 585 590 599 626 633 635 656 729 745
 164 : 12 28 73 93 173 179 188 220 253 304 318 346 390 400 462 491 501 513 533 552 562 588 605 620 621 645 665 716 717 722 732 733 738
 173 : 1 24 25 33 45 69 70 82 95 117 137 153 159 164 174 225 257 272 350 384 432 472 523 537 596 608 674 675 685
 178 : 15 22 42 56 106 126 156 165 177 200 264 274 290 327 345 375 450 454 474 517 541 555 570 574 632 638 705 740
 189 : 5 26 46 64 80 187 205 212 213 214 240 248 251 256 285 299 310 338 339 367 455 457 468 484 504 547 553 580 603 617 624 642 694 702 735
 260 : 4 9 19 27 55 58 83 110 131 139 176 190 198 216 218 255 261 366 368 410 437 470 528 561 597 622 639 651 676 684 695 736
 293 : 23 35 40 41 44 53 76 112 182 209 238 254 258 288 292 315 328 333 352 357 359 371 376 386 413 426 427 444 464 475 487 497 563 643 677 693 696
 354 : 61 62 85 101 111 113 116 157 160 167 175 210 243 284 356 358 363 377 380 402 416 488 493 509 516 592 594 636 644 672 692 730 749
 401 : 37 39 43 50 109 135 144 158 161 222 252 281 291 294 309 322 385 387 465 512 559 571 604 607 619 668 709 715
 442 : 31 52 57 103 142 145 152 194 206 237 283 303 314 332 389 394 411 420 466 471 481 490 494 496 498 506 530 543 568 602 618 631 634 689
 458 : 51 63 71 77 92 124 129 134 148 162 178 181 195 202 235 249 250 262 287 289 301 316 319 325 329 337 372 399 446 477 514 536 600 641 707 721
 471 : 0 67 72 78 91 104 149 184 307 320 326 331 341 342 344 365 383 391 412 442 460 467 473 519 557 569 581 616 655 683 686 720
 512 : 30 166 170 229 234 265 330 347 361 374 388 401 403 414 419 443 459 483 526 551 587 606 628 691 710 711 713 726 727 744
 521 : 14 54 60 88 90 94 99 146 191 197 208 263 268 295 302 336 348 378 396 408 448 449 515 542 546 573 670 724 731 739
 554 : 75 169 204 227 242 317 335 395 407 447 492 518 532 576 577 584 595 614 687 699 701 714 725 741 746
 559 : 11 49 108 115 120 122 133 232 233 236 245 270 279 280 312 353 362 373 406 417 418 423 480 507 510 525 529 558 560 567 612 623 666 673
 651 : 20 89 150 215 226 230 267 276 323 324 334 369 409 436 451 486 503 505 531 535 548 575 610 629 663 678 704 706 719 743
 653 : 10 18 21 48 81 98 138 172 199 203 244 259 300 311 349 351 439 476 489 495 545 579 583 611 640 682 698
 655 : 13 16 17 34 105 130 136 154 155 163 168 201 211 221 224 246 293 398 405 428 431 482 499 500 502 508 534 615 660 667 671 679 680 712 747
 694 : 32 100 123 127 143 171 180 189 207 269 271 275 282 298 313 381 430 452 458 461 520 609 627 646 669 734
 720 : 3 47 65 96 97 128 132 141 193 217 223 228 266 305 308 340 355 392 415 435 441 445 469 538 539 540 566 589 625 654 664 688 697 742
SOLUTION:
  Value: -796917.000000
  Assigns: 471 173 58 720 106 189 3 58 106 430 653 430 164 655 189 178 655 655 653 442 430 653 178 293 173 173 189 106 164 140 653 442 694 173 655 293 106 458 140 164 293 293 430 164 293 173 189 720 140 430 58 458 442 293 94 554 178 442 653 106 694 354 354 458 189 720 94 471 94 173 173 458 471 164 58 554 293 458 471 58 189 653 173 293 3 354 106 58 458 651 293 471 458 164 140 173 720 720 140 164 694 354 3 442 471 655 178 3 559 554 106 354 293 354 3 559 354 173 94 3 559 3 559 694 458 94 178 694 720 458 655 554 720 559 430 430 655 173 653 173 94 720 442 694 694 442 559 94 458 471 651 58 430 173 655 655 178 354 430 173 354 354 458 655 173 178 442 354 655 554 58 694 140 164 173 354 655 178 458 164 140 430 293 106 471 94 3 189 164 694 559 173 106 720 442 458 3 430 559 653 178 655 458 653 554 189 442 694 651 293 354 655 189 189 189 651 189 720 430 94 164 655 471 720 655 173 651 554 720 694 651 58 559 430 58 458 559 442 293 94 189 3 554 354 653 559 655 94 189 458 458 189 554 164 293 3 189 173 293 653 58 140 458 140 178 651 720 651 458 694 559 694 173 94 178 694 651 94 3 559 559 178 694 442 354 189 58 430 293 458 178 559 293 655 164 140 106 3 694 189 653 458 430 442 164 720 58 471 720 651 189 653 559 694 442 140 458 554 164 458 471 3 653 651 651 458 471 178 293 140 694 471 442 293 651 430 164 458 189 189 720 471 3 106 471 178 164 140 442 653 173 653 293 559 94 720 354 293 354 293 106 354 559 354 94 471 58 189 430 651 106 293 458 559 178 178 293 354 173 58 354 694 58 471 173 653 293 458 651 442 164 471 720 3 442 554 653 58 430 458 164 694 354 430 3 655 559 554 430 651 3 442 471 293 293 720 354 559 559 655 442 3 106 559 3 430 293 293 655 3 694 655 173 106 106 720 651 94 58 653 58 720 471 178 293 720 458 554 559 178 178 140 694 3 178 189 58 189 694 430 471 694 164 3 293 58 442 471 189 720 554 442 173 471 178 293 653 458 106 58 559 442 655 655 189 3 651 293 140 653 442 164 554 354 442 653 442 293 442 140 655 164 655 651 189 140 442 559 655 354 559 3 354 164 458 140 354 178 554 471 694 94 3 173 106 559 106 94 178 559 442 651 554 164 655 651 458 173 720 720 720 178 651 442 58 653 94 189 651 3 3 164 164 189 430 178 3 471 559 164 559 655 164 293 106 94 720 140 442 471 178 458 106 430 140 651 554 554 106 653 189 471 94 430 554 106 3 58 164 720 106 58 354 94 354 554 173 430 94 106 458 94 442 189 173 164 458 164 173 694 651 653 559 94 554 655 471 189 442 554 164 164 694 559 189 720 106 694 94 651 58 442 178 106 442 106 354 94 178 58 653 3 3 293 354 164 694 164 94 3 3 140 430 58 720 471 106 94 3 58 655 3 58 651 720 164 559 655 354 694 354 655 354 559 173 173 651 293 651 655 655 94 653 471 164 173 471 554 720 442 58 430 354 293 189 94 293 720 653 554 3 554 189 3 651 178 651 458 94 559 458 140 655 140 554 430 164 164 94 178 471 458 164 3 694 554 554 94 140 140 354 173 164 164 694 189 430 3 164 720 178 554 720 651 430 106 554 655 58 354 
  Facilities: 22
 3 : 6 84 102 107 114 119 121 186 196 241 255 278 297 321 342 393 404 410 421 424 429 453 463 485 511 522 549 550 556 586 641 642 649 650 658 661 700 703 723 737
 58 : 2 7 50 74 79 87 151 170 231 234 260 286 306 366 379 382 397 438 440 456 465 479 544 587 591 630 639 653 659 662 690 748
 94 : 54 66 68 118 125 140 147 185 219 239 247 273 277 354 364 437 521 527 546 565 582 593 598 601 613 628 637 648 657 681 695 708 718 727
 106 : 4 8 27 36 59 86 110 183 192 296 343 360 370 422 433 434 478 524 526 564 572 578 585 590 599 626 633 635 656 745
 140 : 29 38 48 94 98 172 180 261 263 295 315 329 347 451 488 499 505 515 567 574 651 711 713 728 729
 164 : 12 28 39 43 73 93 99 173 179 188 220 253 294 304 318 336 346 390 400 462 491 501 513 533 551 552 559 562 588 605 607 620 621 645 647 665 684 716 717 722 732 733 738
 173 : 1 24 25 33 45 69 70 82 95 117 137 139 153 159 164 174 191 225 257 272 350 378 384 432 472 523 537 596 604 608 674 675 685 731
 178 : 15 22 56 106 126 156 165 177 200 264 274 281 290 327 345 374 375 443 449 450 454 474 517 528 541 555 570 632 638 705 719 740
 189 : 5 14 26 46 64 80 187 205 212 213 214 216 240 248 251 256 285 299 310 338 339 367 455 457 468 484 504 547 553 580 603 617 624 694 702 735
 293 : 23 35 40 41 44 53 76 83 90 112 182 209 238 254 258 288 292 328 333 352 357 359 371 376 386 413 414 426 427 444 464 475 487 497 563 643 677 693 696
 354 : 61 62 85 101 111 113 116 157 160 161 167 175 210 243 284 356 358 361 363 377 380 402 416 493 509 512 516 592 594 636 644 668 670 672 692 730 749
 430 : 9 11 20 42 49 134 135 152 158 181 197 218 233 287 302 335 368 398 403 408 425 459 554 573 583 597 652 691 715 736 744
 442 : 19 31 52 57 103 142 145 166 194 206 237 283 303 314 332 348 389 394 411 420 466 471 481 490 494 496 498 506 530 543 568 602 618 631 634 689
 458 : 37 51 63 71 77 88 92 124 129 148 162 178 195 202 235 249 250 262 268 289 301 316 319 325 337 372 387 399 446 477 514 536 571 600 606 707 710 721
 471 : 0 67 72 78 91 104 149 184 222 307 320 326 331 341 344 365 383 391 412 442 460 467 473 519 557 569 581 616 655 683 686 720
 554 : 55 75 109 131 169 204 227 242 252 317 395 407 447 470 492 518 532 576 577 584 595 614 619 687 699 701 714 725 726 741 746
 559 : 108 115 120 122 133 146 190 198 232 236 245 270 279 280 291 312 353 362 373 406 417 418 423 448 480 507 510 525 529 558 560 612 623 666 673 709
 651 : 89 150 208 215 226 230 265 267 276 309 323 324 334 369 388 409 436 486 503 531 535 542 548 575 610 629 663 676 678 704 706 743
 653 : 10 18 21 30 58 81 138 199 203 244 259 300 311 322 349 351 385 396 439 476 489 495 545 579 611 640 682 698
 655 : 13 16 17 34 105 130 136 154 155 163 168 176 201 211 221 224 246 293 405 419 428 431 482 483 500 502 508 534 561 615 660 667 671 679 680 712 747
 694 : 32 60 100 123 127 143 144 171 189 207 229 269 271 275 282 298 313 330 381 401 430 452 458 461 520 609 622 627 646 669 724 734
 720 : 3 47 65 96 97 128 132 141 193 217 223 228 266 305 308 340 355 392 415 435 441 445 469 538 539 540 566 589 625 654 664 688 697 739 742
SOLUTION:
  Value: -796922.000000
  Assigns: 471 173 58 720 260 189 3 58 106 260 653 23 164 720 189 178 247 58 653 260 164 653 178 293 173 173 189 260 164 94 653 442 694 173 458 293 106 23 58 640 293 293 178 164 293 340 189 340 653 3 58 458 442 293 94 260 178 442 260 106 694 354 354 458 640 720 340 471 94 173 173 458 471 164 58 471 340 458 471 247 189 653 173 260 3 354 106 58 247 354 293 471 247 164 247 173 720 720 653 164 694 354 3 442 471 458 178 3 247 247 260 354 293 354 3 173 354 173 94 3 694 3 720 694 458 94 178 694 720 458 442 260 720 720 640 640 471 173 653 260 94 247 23 694 694 442 164 94 458 471 340 23 442 173 58 720 178 354 106 173 354 354 458 247 173 178 23 354 3 247 58 694 653 164 173 354 260 178 458 164 694 458 293 106 640 94 3 189 164 694 260 173 106 720 247 458 3 247 260 653 178 694 458 653 173 189 442 694 247 293 354 178 189 640 189 3 260 720 260 94 164 23 471 720 471 173 247 293 720 340 260 58 23 640 58 458 178 442 293 340 189 3 164 354 640 640 58 94 189 458 458 189 106 164 293 260 189 173 640 653 58 247 458 23 640 58 720 189 458 694 23 694 173 94 178 23 340 94 3 354 178 178 694 442 354 247 58 458 640 340 178 247 293 23 164 640 106 3 694 189 653 458 640 442 164 247 58 471 720 23 189 653 247 694 442 293 340 164 164 458 471 3 653 58 58 340 471 23 293 458 694 471 442 293 58 23 164 458 189 640 720 23 3 106 247 178 640 3 442 653 173 653 293 247 94 720 354 293 354 293 106 354 260 354 94 471 640 189 23 247 106 293 23 720 178 178 293 354 173 58 354 694 58 471 173 340 293 458 640 442 164 471 720 3 442 94 653 58 189 458 164 694 354 173 3 458 106 471 653 94 260 442 471 293 340 720 354 354 640 247 340 3 106 189 3 106 293 293 640 3 694 354 173 106 106 720 173 260 58 653 58 720 471 640 293 720 458 173 340 247 340 340 694 3 178 189 58 189 694 189 471 694 164 3 340 58 442 247 189 340 260 442 173 471 178 293 653 458 106 58 247 340 458 340 189 3 640 23 640 653 442 164 189 247 442 653 442 293 23 58 442 164 640 58 189 340 247 640 178 354 340 3 354 164 458 189 354 178 458 471 694 94 3 173 106 94 106 23 260 340 442 94 189 164 340 640 458 173 720 720 720 247 247 442 58 653 94 189 247 340 3 164 164 189 3 178 3 471 442 164 58 260 164 293 106 94 720 640 442 471 178 458 106 260 178 640 58 340 106 653 189 471 94 23 340 106 3 58 164 720 106 58 354 94 354 178 247 260 94 106 458 94 442 189 173 164 458 340 173 694 106 653 247 94 471 247 471 23 442 471 164 164 260 23 189 720 106 694 94 247 58 442 178 106 442 106 354 94 178 260 653 3 3 293 354 164 694 164 94 3 3 260 23 640 720 471 106 94 3 58 23 3 58 653 720 164 340 458 247 694 640 164 247 58 640 173 260 293 106 3 640 94 653 471 260 173 471 23 720 442 58 247 354 293 189 260 293 720 653 58 3 23 189 3 720 178 640 458 94 189 247 640 293 3 247 23 164 23 94 23 340 458 164 3 340 340 23 94 58 247 354 173 164 164 694 189 260 3 164 23 178 106 720 471 247 106 106 106 58 354 
  Facilities: 21
 3 : 6 49 84 102 107 114 119 121 168 186 196 215 241 278 297 321 342 347 393 404 421 424 429 453 463 485 511 522 550 554 556 586 641 642 649 650 658 661 679 700 703 713 723 737
 23 : 11 37 142 151 166 221 232 263 270 275 293 309 327 335 341 368 372 487 498 527 583 617 623 652 660 687 701 715 717 719 726 739
 58 : 2 7 17 38 50 74 87 154 170 231 234 246 260 265 286 306 323 324 334 379 382 397 438 440 456 465 479 499 503 544 560 576 587 591 630 659 662 673 690 699 728 748
 94 : 29 54 68 118 125 140 147 185 219 247 273 277 354 364 395 409 521 525 531 546 565 582 593 598 601 613 628 637 648 657 681 708 718 727
 106 : 8 36 59 86 158 183 192 252 296 343 360 370 406 422 425 433 434 478 524 526 564 572 578 585 590 599 610 626 633 635 656 678 741 745 746 747
 164 : 12 20 28 43 73 93 99 146 173 179 188 220 242 253 294 304 317 318 336 390 400 462 491 501 513 533 551 552 559 562 588 605 620 621 645 647 665 671 716 722 732 733 738
 173 : 1 24 25 33 69 70 82 95 115 117 137 153 159 164 174 191 204 225 257 272 350 378 384 403 432 436 447 472 523 537 604 608 675 685 731
 178 : 15 22 42 56 106 126 156 165 177 200 211 236 274 280 281 290 345 374 375 454 474 508 517 555 570 574 595 632 638 705 740
 189 : 5 14 26 46 80 187 205 212 214 240 248 251 256 267 299 310 338 367 398 423 455 457 459 468 484 492 504 515 532 547 553 580 603 624 694 702 709 735
 247 : 16 79 88 92 94 108 109 141 163 169 194 197 208 226 261 285 291 305 312 344 353 369 419 449 467 480 493 506 541 542 548 596 612 615 629 668 672 691 710 714 729 744
 260 : 4 9 19 27 55 58 83 110 131 139 176 190 198 216 218 230 255 362 410 437 470 528 561 573 597 622 639 651 676 684 695 736
 293 : 23 35 40 41 44 53 90 112 182 209 227 238 254 292 315 328 333 352 357 359 371 376 386 413 426 427 444 475 497 563 643 677 693 696 712
 340 : 45 47 66 76 150 229 239 276 289 316 325 385 414 420 448 450 451 464 469 481 483 505 510 529 534 549 577 584 607 666 720 724 725
 354 : 61 62 85 89 101 111 113 116 157 160 161 167 175 210 243 279 284 356 358 361 363 377 380 402 416 417 431 509 512 516 592 594 636 644 692 730 749
 442 : 31 52 57 103 130 145 152 206 237 283 303 314 332 348 389 394 411 466 471 490 494 496 500 530 543 558 568 602 618 631 634 689
 458 : 34 51 63 71 77 105 124 129 148 162 178 181 195 202 235 249 250 262 268 287 301 319 329 337 387 399 405 446 477 482 514 518 536 571 600 606 667 707 721
 471 : 0 67 72 75 78 91 104 136 149 222 224 307 320 326 331 365 383 391 407 412 442 460 473 519 557 569 581 614 616 619 655 683 686 743
 640 : 39 64 134 135 184 213 233 244 245 258 264 288 295 302 339 346 366 388 418 428 443 486 488 502 507 535 567 575 653 670 674 680 706 711
 653 : 10 18 21 30 48 81 98 138 172 199 203 259 300 311 322 349 351 396 408 439 476 489 495 545 579 611 640 663 682 698
 694 : 32 60 100 120 123 127 143 144 171 180 189 201 207 269 271 282 298 313 330 381 401 430 452 458 461 520 609 627 646 669 734
 720 : 3 13 65 96 97 122 128 132 133 155 193 217 223 228 266 308 340 355 373 392 415 435 441 445 538 539 540 566 589 625 654 664 688 697 704 742
SOLUTION:
  Value: -796954.000000
  Assigns: 471 173 3 720 260 189 3 720 106 260 293 559 164 720 521 178 178 293 554 260 651 512 178 293 173 173 189 260 164 140 512 442 694 173 458 293 106 401 140 401 293 293 178 401 293 173 189 720 140 559 401 458 442 293 521 260 178 442 260 106 521 354 354 458 189 720 94 471 94 173 173 458 471 164 189 554 293 458 471 106 189 140 173 260 3 354 106 94 521 651 521 471 458 164 140 173 22 720 140 521 694 354 3 442 471 458 178 3 559 401 260 354 293 354 3 559 354 173 94 22 559 3 559 694 458 94 178 694 720 458 442 260 720 559 458 401 471 173 178 260 94 720 442 694 401 442 521 94 22 471 651 521 442 173 521 720 178 354 401 173 354 401 458 94 173 178 512 354 3 554 512 694 140 164 173 354 260 178 22 164 140 22 293 106 471 94 3 189 164 694 260 521 106 720 442 458 3 521 260 260 178 22 458 521 554 189 442 694 521 293 354 178 189 189 189 651 260 720 260 94 164 178 401 720 471 173 651 554 720 512 651 521 559 559 512 458 559 442 293 94 189 3 554 354 354 559 164 94 189 458 458 189 401 164 22 260 189 173 22 694 651 140 458 140 178 512 720 189 521 694 559 694 173 94 178 694 651 94 3 559 559 401 694 442 354 189 3 458 293 458 178 401 293 354 401 22 106 3 694 189 401 458 521 442 164 720 401 471 720 401 189 22 559 694 442 140 458 554 164 22 471 22 401 651 651 458 471 178 293 140 512 471 442 293 651 554 521 458 189 189 720 471 471 22 471 178 164 512 521 106 173 3 293 559 94 720 354 293 354 293 106 512 559 354 94 471 260 189 260 651 106 293 458 559 512 178 293 354 521 3 354 694 442 471 173 401 293 401 512 442 164 471 22 3 22 554 521 3 189 458 164 512 354 512 3 140 559 554 521 651 260 442 471 293 512 720 354 559 559 512 442 3 106 559 3 106 293 293 140 3 694 354 173 106 106 720 651 260 293 260 521 720 471 512 293 720 458 554 521 521 178 140 694 3 178 189 720 189 694 512 471 694 164 3 293 401 442 471 189 720 260 442 173 471 178 293 651 458 106 293 559 442 458 512 189 3 651 293 140 354 442 164 554 354 442 173 442 293 442 140 442 164 521 651 189 140 442 559 178 354 22 3 401 164 458 140 354 178 554 471 694 94 3 173 106 559 512 94 260 22 442 651 554 164 106 651 458 173 720 720 720 178 521 442 720 554 521 189 22 3 3 512 164 189 3 178 3 471 559 401 559 260 164 293 106 94 720 140 442 471 178 401 106 521 140 651 554 554 106 22 189 471 94 354 554 106 3 512 164 720 106 559 354 94 354 554 173 22 94 106 458 94 442 189 401 164 512 401 173 694 651 293 559 94 554 22 471 189 442 401 164 164 260 559 189 720 22 694 512 651 164 442 178 106 442 106 354 94 178 260 189 458 189 293 354 164 694 94 94 140 3 260 512 22 720 471 106 94 3 3 512 3 401 651 720 164 559 22 401 694 521 22 22 559 173 173 260 293 651 3 260 94 512 471 260 173 471 554 720 442 458 512 354 293 189 260 293 720 22 554 3 554 189 3 651 178 651 458 94 401 512 512 401 140 554 401 164 164 94 651 471 458 164 3 521 554 512 512 140 140 354 521 164 164 694 189 260 3 164 521 178 554 720 651 512 106 554 106 178 354 
  Facilities: 23
 3 : 2 6 84 102 107 114 121 168 186 196 241 278 286 297 351 379 393 397 404 421 424 429 453 463 485 511 522 549 550 554 556 586 650 658 659 661 679 700 703 723 737
 22 : 96 119 148 178 181 201 254 258 295 311 319 321 343 392 394 510 529 548 579 597 615 626 653 667 671 672 698
 94 : 66 68 87 118 125 140 147 163 185 219 239 247 273 277 354 364 521 527 565 582 593 598 601 613 637 647 648 657 681 708 718
 106 : 8 36 59 79 86 183 192 296 349 360 370 422 425 433 434 478 524 534 564 572 578 585 590 599 633 635 656 745 747
 140 : 29 38 48 81 94 98 172 180 261 263 315 329 405 428 451 488 499 505 515 567 574 649 713 728 729
 164 : 12 28 73 93 173 179 188 220 246 253 304 318 346 390 400 462 491 501 513 533 552 562 588 605 620 621 630 645 665 716 717 722 732 733 738
 173 : 1 24 25 33 45 69 70 82 95 117 137 153 159 164 174 225 257 272 350 384 432 472 495 523 537 596 608 674 675 685
 178 : 15 16 22 42 56 106 126 138 156 165 177 200 211 221 264 274 290 327 345 375 450 454 474 508 517 541 555 570 632 638 705 740 748
 189 : 5 26 46 64 74 80 187 205 212 213 214 240 248 251 256 267 285 299 310 338 339 367 398 455 457 468 484 504 547 553 580 603 617 624 640 642 694 702 735
 260 : 4 9 19 27 55 58 83 110 131 139 176 190 198 199 216 218 255 366 368 410 437 439 470 528 561 622 639 651 676 680 684 695 736
 293 : 10 17 23 35 40 41 44 53 76 112 182 209 238 288 292 328 333 352 357 359 371 376 386 413 426 427 438 444 464 475 479 487 497 563 611 643 677 693 696
 354 : 61 62 85 101 111 113 116 157 160 167 175 210 243 244 284 293 356 358 363 377 380 402 416 431 489 493 509 516 583 592 594 636 644 692 730 749
 401 : 37 39 43 50 109 135 144 158 161 222 252 281 291 294 300 306 309 322 385 387 465 512 559 571 604 607 619 662 668 709 712 715
 442 : 31 52 57 103 130 142 145 152 194 206 237 283 303 314 332 382 389 411 420 466 471 481 490 494 496 498 500 506 530 543 568 602 618 631 634 689
 458 : 34 51 63 71 77 92 105 124 129 134 162 195 202 235 249 250 262 287 289 301 316 325 337 372 399 446 477 482 514 536 600 641 690 707 721
 471 : 0 67 72 78 91 104 136 149 184 224 307 320 326 331 341 342 344 365 383 391 412 442 460 467 473 519 557 569 581 616 655 683 686 720
 512 : 21 30 166 170 229 234 265 330 347 361 374 388 401 403 414 419 443 459 483 526 551 587 606 628 652 660 682 691 710 711 726 727 744
 521 : 14 54 60 88 90 99 146 151 154 191 197 203 208 231 268 302 336 348 378 396 408 440 448 449 502 542 546 573 670 724 731 739
 554 : 18 75 169 204 227 242 317 335 395 407 447 492 518 532 545 576 577 584 595 614 687 699 701 714 725 741 746
 559 : 11 49 108 115 120 122 133 232 233 236 245 270 279 280 312 353 362 373 406 417 418 423 480 507 525 558 560 591 612 623 666 673
 651 : 20 89 150 215 226 230 260 276 323 324 334 369 409 436 476 486 503 531 535 575 610 629 663 678 704 706 719 743
 694 : 32 100 123 127 143 171 189 207 259 269 271 275 282 298 313 381 430 452 458 461 520 609 627 646 669 734
 720 : 3 7 13 47 65 97 128 132 141 155 193 217 223 228 266 305 308 340 355 415 435 441 445 456 469 538 539 540 544 566 589 625 654 664 688 697 742
SOLUTION:
  Value: -796980.000000
  Assigns: 80 80 471 114 106 189 545 720 106 80 293 665 164 721 521 178 178 55 554 651 651 721 178 293 545 721 189 114 164 545 639 293 546 640 458 665 106 458 640 545 293 293 178 164 293 178 189 720 545 546 545 545 545 293 521 554 178 80 639 106 521 114 189 458 640 720 94 471 94 55 106 458 471 164 640 554 472 665 471 106 189 546 472 665 458 471 106 94 639 651 521 471 721 164 80 546 720 665 640 521 665 189 114 114 471 545 178 55 665 554 546 178 293 55 665 545 640 178 639 639 721 546 720 80 458 94 178 721 720 546 665 554 720 720 640 640 471 721 178 639 94 720 546 545 720 80 521 94 639 471 651 721 665 546 521 720 178 665 114 720 458 55 458 94 665 178 721 178 721 554 80 545 80 472 472 545 80 178 458 545 293 472 293 106 640 94 189 189 164 80 293 521 106 720 545 458 639 521 189 721 178 55 639 521 665 114 665 189 521 639 293 178 189 640 114 651 189 720 55 94 639 545 471 720 471 639 651 554 720 639 651 472 521 545 80 458 178 293 293 94 189 114 554 106 721 80 164 94 80 458 458 189 554 164 293 639 189 178 640 545 639 640 458 521 640 651 720 189 521 721 545 189 665 94 178 554 651 94 293 189 55 178 721 94 114 189 545 458 665 458 178 472 293 293 164 640 106 721 639 665 721 545 521 55 164 720 94 471 720 472 189 545 472 665 80 472 665 554 164 458 471 114 720 651 651 639 471 178 293 721 665 55 80 293 651 554 521 458 189 639 720 471 471 106 471 178 640 55 521 114 80 114 293 472 94 721 472 293 189 293 106 546 665 546 94 471 640 189 545 640 106 293 472 720 80 178 293 546 521 640 651 639 178 471 472 546 293 458 640 546 164 472 720 471 471 554 521 55 189 458 164 106 80 114 94 546 472 114 521 651 665 720 471 293 665 720 546 554 640 114 80 521 106 114 721 106 293 178 640 521 554 640 164 106 106 720 651 94 293 178 721 720 471 640 546 80 665 554 521 521 114 651 546 472 178 189 665 189 721 472 471 639 164 472 293 545 639 471 189 114 546 720 178 471 178 545 651 458 106 721 458 639 458 55 189 546 651 721 640 639 521 164 472 472 545 639 721 293 640 665 164 164 640 651 545 639 55 640 546 293 114 471 721 164 458 521 639 178 554 471 546 546 106 106 106 55 106 94 114 639 721 651 554 164 80 651 458 94 720 720 720 178 521 546 720 545 521 189 639 114 665 164 80 189 55 178 721 471 458 472 640 721 55 293 106 94 720 640 639 546 178 458 106 521 178 55 554 554 106 55 80 471 94 721 554 106 521 458 721 639 106 639 189 94 55 554 472 472 94 639 458 94 80 189 651 639 472 114 80 471 651 293 721 94 55 545 471 189 521 55 164 164 521 721 189 720 106 55 94 651 114 665 545 472 472 106 665 94 178 665 189 458 189 293 665 164 458 665 94 55 720 472 545 640 720 471 106 94 721 114 114 178 546 651 720 114 651 458 114 554 55 164 639 546 640 55 651 293 651 80 640 94 545 721 164 640 80 554 720 721 458 721 521 293 189 94 293 545 472 554 546 80 80 106 651 178 651 458 94 55 55 640 293 721 554 55 164 164 94 178 640 458 114 665 521 554 554 94 721 639 471 521 721 80 545 189 55 651 164 521 178 554 720 651 114 106 472 106 665 721 
  Facilities: 22
 55 : 17 69 107 113 161 201 218 280 303 331 347 397 483 506 525 554 562 575 579 594 614 619 627 649 670 675 709 710 715 736
 80 : 0 1 9 57 94 123 145 170 172 176 189 234 245 248 314 332 350 374 402 420 445 534 552 580 602 608 679 686 701 702 733
 94 : 66 68 87 125 140 147 163 185 219 239 247 273 277 283 306 354 364 404 437 527 537 565 582 593 598 601 613 628 637 648 657 681 695 708 718 727
 106 : 4 8 36 59 70 79 86 183 192 243 296 343 360 370 401 422 425 433 434 478 522 523 524 526 564 572 578 585 590 626 635 656 703 745 747
 114 : 3 27 61 102 103 158 205 214 241 284 321 349 351 403 407 419 423 450 469 510 528 549 607 630 659 660 665 668 722 744
 164 : 12 28 43 73 93 188 246 253 294 304 318 390 400 432 462 491 500 501 513 533 551 620 621 645 671 684 716 717 738
 178 : 15 16 22 42 45 56 106 111 117 126 138 156 165 167 177 200 211 236 257 274 281 290 327 345 375 382 427 439 454 472 474 517 541 555 570 574 638 661 705 719 740
 189 : 5 26 46 62 80 101 186 187 198 207 212 216 240 251 256 267 271 279 285 310 338 358 367 398 455 457 468 484 547 553 592 603 617 624 640 642 694 735
 293 : 10 23 31 40 41 44 53 112 180 182 190 210 237 238 254 278 292 293 328 333 352 357 359 371 376 386 413 426 438 464 497 509 563 611 643 677 693 696 712
 458 : 34 37 63 71 84 124 160 162 178 195 235 249 250 262 287 289 319 337 387 399 477 480 482 514 536 558 571 587 600 641 646 667 690 707 721
 471 : 2 67 72 78 85 91 104 136 149 222 224 307 320 326 341 342 344 365 383 393 394 412 442 460 467 473 511 519 557 581 609 616 655 730
 472 : 76 82 173 174 181 231 291 309 312 315 353 356 372 384 391 406 453 459 463 492 493 559 596 597 606 633 634 651 698 746
 521 : 14 54 60 90 99 146 154 191 197 203 208 232 263 268 302 336 348 378 396 408 421 429 448 449 490 515 542 546 573 586 618 622 692 724 731 739
 545 : 6 24 29 39 48 50 51 52 105 115 143 171 175 179 194 221 233 259 270 286 301 311 368 465 475 494 504 545 615 632 652 682 697 734
 546 : 32 49 81 95 110 121 129 142 153 361 363 377 385 389 405 416 444 452 470 485 508 520 521 543 569 662 673 700
 554 : 18 55 75 109 131 169 227 242 252 275 317 335 395 417 430 447 518 532 576 577 584 595 669 687 699 714 725 726 741
 639 : 30 58 88 118 119 139 148 196 202 209 220 225 229 255 260 298 325 339 381 461 466 481 489 495 505 516 529 548 568 589 591 599 605 672 729
 640 : 33 38 64 74 98 116 134 135 184 213 258 261 264 295 346 366 369 379 388 418 428 431 443 488 498 502 507 560 567 653 674 680 685 711 720
 651 : 19 20 89 150 215 226 230 265 276 323 324 334 380 409 436 451 476 486 503 531 535 604 610 629 663 666 676 678 704 706 737 743
 665 : 11 35 77 83 97 100 108 114 130 152 157 164 204 206 272 288 299 313 316 330 362 410 414 446 456 499 550 631 636 639 644 647 723 748
 720 : 7 47 65 96 122 128 132 133 141 144 155 159 193 217 223 228 266 305 308 322 340 373 392 411 415 435 441 471 538 539 540 544 566 625 650 654 664 688 742
 721 : 13 21 25 92 120 127 137 151 166 168 199 244 269 282 297 300 329 355 424 440 458 479 487 496 512 530 556 561 583 588 612 623 658 683 689 691 713 728 732 749
SOLUTION:
  Value: -796988.000000
  Assigns: 472 694 471 720 106 189 655 720 106 189 653 665 164 655 521 559 655 655 653 442 651 653 653 293 521 577 189 557 164 94 653 442 694 94 655 665 106 720 577 557 293 293 293 476 293 145 627 720 653 476 627 653 442 293 521 627 653 442 653 106 521 627 557 94 557 720 94 471 94 694 694 189 471 164 189 554 472 665 476 106 145 653 472 665 577 471 106 94 577 651 521 471 653 164 521 665 720 665 653 521 694 653 559 442 471 655 106 521 559 554 476 521 293 655 665 559 554 694 94 145 559 665 577 694 665 94 94 694 720 653 655 554 720 559 627 720 655 627 653 521 94 653 442 476 694 442 521 94 476 627 651 655 442 577 655 655 145 476 145 720 145 145 577 655 665 577 442 651 655 554 472 557 557 472 472 94 627 145 145 164 694 472 293 106 471 94 189 189 164 694 577 627 106 720 442 577 442 521 559 653 442 655 665 653 665 189 665 694 521 577 627 655 189 189 189 651 557 720 521 94 627 655 557 720 655 627 651 554 720 694 651 145 559 559 476 442 559 557 293 627 189 293 577 106 653 559 655 94 189 627 164 189 554 164 293 145 189 557 293 653 651 577 720 521 557 651 720 651 521 694 559 694 665 94 106 694 651 94 557 559 559 293 694 442 521 189 665 559 665 145 476 559 293 627 164 145 106 557 694 665 653 554 521 442 164 720 94 471 145 472 189 653 559 665 442 472 665 145 164 472 471 627 653 651 476 653 471 293 293 557 694 471 442 293 651 554 521 577 189 189 720 627 471 106 471 665 164 577 521 653 577 653 293 472 94 476 472 293 627 293 106 189 577 577 94 471 476 189 627 651 106 293 472 559 145 476 293 665 521 627 655 694 442 471 472 145 293 476 651 442 164 472 720 471 442 554 521 145 655 145 164 694 164 554 557 655 559 554 521 651 665 442 471 293 665 720 145 559 559 655 442 476 106 559 627 476 293 293 655 521 694 655 164 106 106 720 651 94 293 653 521 720 471 627 293 720 665 554 521 521 665 651 694 472 557 189 557 189 694 472 471 694 164 472 293 442 442 471 189 720 554 442 559 476 521 293 653 442 106 665 559 442 655 145 189 293 651 476 521 653 442 164 472 472 442 653 442 293 442 655 655 476 577 651 557 476 442 559 557 293 559 471 559 164 145 521 627 521 554 476 694 94 106 106 106 559 557 94 472 559 442 651 554 164 655 651 577 94 720 720 720 164 521 442 720 653 521 189 145 557 665 164 164 189 577 655 164 471 559 472 559 655 557 293 106 94 720 559 442 471 557 476 106 521 577 651 554 554 106 653 189 471 94 653 554 106 557 665 164 720 106 559 145 94 472 577 472 472 94 106 472 94 442 189 651 164 472 164 720 694 651 476 145 94 145 655 471 476 442 554 164 164 694 559 189 720 106 694 627 651 164 665 651 472 472 106 665 94 189 655 653 94 189 293 665 164 694 665 94 476 720 476 694 476 720 471 106 577 694 189 655 627 145 651 720 164 559 655 554 694 476 655 145 559 471 665 651 293 651 655 655 94 145 471 164 557 471 554 720 442 655 577 521 476 189 557 293 720 653 554 145 554 476 106 651 651 651 476 94 559 665 476 655 627 554 694 164 164 94 651 471 106 164 665 521 554 554 476 577 557 471 627 164 164 694 189 145 651 164 521 472 554 720 651 627 106 472 627 665 577 
  Facilities: 22
 94 : 29 33 63 66 68 87 118 125 126 140 147 175 185 219 247 273 277 306 354 364 437 521 527 537 565 582 593 598 601 613 637 641 648 681 708 718
 106 : 4 8 36 59 79 86 106 183 192 243 274 296 343 360 370 422 433 434 478 522 523 524 564 572 578 585 590 599 626 635 656 703 721 745
 145 : 45 80 119 156 158 160 161 177 178 231 255 289 295 308 317 374 385 397 399 416 483 514 548 592 612 614 662 672 682 700 736
 164 : 12 28 73 93 179 188 250 253 294 304 318 346 390 400 402 432 462 491 513 533 541 551 552 556 588 605 607 620 621 630 645 665 684 716 717 722 732 733 738
 189 : 5 9 26 71 74 186 187 205 212 213 214 240 248 251 256 285 310 338 339 361 367 455 457 468 484 547 553 580 603 624 638 642 659 694 735
 293 : 23 40 41 42 44 53 112 182 238 241 254 258 281 292 327 328 333 352 357 359 371 376 386 413 426 427 438 444 464 475 485 497 509 563 643 677 696
 442 : 19 31 52 57 103 142 145 152 166 194 196 200 235 283 303 314 332 382 389 394 411 420 465 466 471 477 481 490 494 496 498 506 530 543 568 602 618 689
 471 : 2 67 72 85 91 104 184 307 320 326 331 342 344 365 383 393 412 442 460 467 511 557 569 581 616 655 674 683 686 720 730
 472 : 0 76 82 170 173 174 181 309 315 319 353 356 372 384 391 453 459 463 492 493 528 559 594 596 597 600 606 633 634 740 746
 476 : 43 49 78 110 143 148 157 234 290 324 355 366 375 387 421 425 473 487 501 505 519 571 611 617 649 651 653 670 693 702 707 711 727
 521 : 14 24 54 60 90 94 99 107 111 139 146 197 208 218 263 268 284 302 336 348 378 396 408 429 440 448 449 474 488 515 517 542 546 573 692 724 739
 554 : 75 109 116 131 169 227 252 301 335 395 403 407 447 470 518 532 576 577 584 619 668 687 699 701 714 725 726 741
 557 : 27 39 62 64 171 172 216 222 237 257 264 278 297 329 404 454 456 504 508 526 549 562 570 586 685 695 729
 559 : 15 102 108 115 120 133 198 232 233 236 245 270 279 280 287 291 312 373 406 417 418 423 472 480 507 510 512 525 529 558 560 567 591 623 666 673 709
 577 : 25 38 84 88 122 153 162 165 190 195 209 242 261 337 347 350 362 363 502 536 554 574 595 657 691 728 749
 627 : 46 50 55 61 134 137 149 176 191 210 220 225 239 249 293 321 341 358 368 379 424 443 516 628 661 713 731 744 747
 651 : 20 89 150 167 215 226 230 260 265 267 276 323 334 369 388 409 436 451 486 503 531 535 575 604 610 629 632 663 676 678 704 705 706 719 737 743
 653 : 10 18 21 22 30 48 51 56 58 81 92 98 101 129 138 141 199 203 244 259 300 311 322 325 349 351 439 476 489 495 545 579 583 640 698
 655 : 6 13 16 17 34 105 113 130 136 151 154 155 163 168 201 211 221 224 246 380 398 405 419 428 431 482 499 500 534 555 561 615 639 660 667 671 679 680 690 712
 665 : 11 35 77 83 95 97 114 121 124 164 202 204 206 272 286 288 299 313 316 345 377 410 414 446 450 479 550 587 631 636 644 647 675 710 723 748
 694 : 1 32 69 70 100 117 123 127 144 180 189 207 229 269 271 275 282 298 330 381 401 430 452 458 461 520 609 622 627 646 652 658 669 715 734
 720 : 3 7 37 47 65 96 128 132 135 159 193 217 223 228 262 266 305 340 392 415 435 441 445 469 538 539 540 544 566 589 608 625 650 654 664 688 697 742
