# Time: 1310.700073
# Elapsed: 203.349380
# Input_file: splp/Chess/2334ChessS.txt
# Pool_size: 200
# Iterations: 36
# Final_solutions: 6944
# Vision_range: 400
# Reduction_mode: REDUCTION_DISPERSE
# Dissimilitude: DISSIM_MSE
# Facility_dist: FDISMODE_MINDIST
SOLUTION:
  Value: -54237.000000
  Assigns: 0 0 3 3 3 6 6 6 9 9 9 0 0 0 3 3 3 6 6 6 9 9 9 0 47 38 38 38 41 41 41 44 44 44 47 47 47 38 38 38 41 41 41 44 44 44 47 47 47 38 38 38 41 41 41 44 44 44 47 47 73 73 73 76 76 76 78 78 81 81 83 83 73 73 73 76 76 76 78 78 81 81 81 83 83 73 73 76 76 76 78 78 81 81 81 83 119 110 110 110 113 113 113 116 116 116 119 119 119 110 110 124 124 113 113 116 116 116 119 119 119 110 110 124 124 124 113 116 116 116 119 119 0 0 3 124 124 124 6 6 9 9 9 0 
  Facilities: 18
 0 : 0 1 11 12 13 23 132 133 143
 3 : 2 3 4 14 15 16 134
 6 : 5 6 7 17 18 19 138 139
 9 : 8 9 10 20 21 22 140 141 142
 38 : 25 26 27 37 38 39 49 50 51
 41 : 28 29 30 40 41 42 52 53 54
 44 : 31 32 33 43 44 45 55 56 57
 47 : 24 34 35 36 46 47 48 58 59
 73 : 60 61 62 72 73 74 85 86
 76 : 63 64 65 75 76 77 87 88 89
 78 : 66 67 78 79 90 91
 81 : 68 69 80 81 82 92 93 94
 83 : 70 71 83 84 95
 110 : 97 98 99 109 110 121 122
 113 : 100 101 102 113 114 126
 116 : 103 104 105 115 116 117 127 128 129
 119 : 96 106 107 108 118 119 120 130 131
 124 : 111 112 123 124 125 135 136 137
SOLUTION:
  Value: -60247.000000
  Assigns: 11 14 14 14 5 5 5 8 8 8 11 11 11 14 14 14 5 5 31 8 8 8 11 11 37 37 37 14 41 41 41 31 44 44 45 46 37 37 38 38 41 41 31 44 45 44 45 46 37 38 38 38 41 41 41 44 45 44 45 46 72 72 75 75 75 78 78 78 81 81 81 72 72 86 86 75 75 78 78 78 81 81 81 72 72 72 86 75 75 78 78 78 81 81 81 72 119 86 86 86 113 113 113 116 116 116 119 119 119 122 122 122 113 113 113 116 116 116 119 119 119 122 122 122 113 113 113 116 116 116 119 119 11 122 122 122 5 5 5 8 8 8 11 11 
  Facilities: 20
 5 : 4 5 6 16 17 136 137 138
 8 : 7 8 9 19 20 21 139 140 141
 11 : 0 10 11 12 22 23 132 142 143
 14 : 1 2 3 13 14 15 27
 31 : 18 31 42
 37 : 24 25 26 36 37 48
 38 : 38 39 49 50 51
 41 : 28 29 30 40 41 52 53 54
 44 : 32 33 43 45 55 57
 45 : 34 44 46 56 58
 46 : 35 47 59
 72 : 60 61 71 72 83 84 85 95
 75 : 62 63 64 75 76 87 88
 78 : 65 66 67 77 78 79 89 90 91
 81 : 68 69 70 80 81 82 92 93 94
 86 : 73 74 86 97 98 99
 113 : 100 101 102 112 113 114 124 125 126
 116 : 103 104 105 115 116 117 127 128 129
 119 : 96 106 107 108 118 119 120 130 131
 122 : 109 110 111 121 122 123 133 134 135
SOLUTION:
  Value: -69227.000000
  Assigns: 133 133 14 14 5 5 5 8 8 8 11 11 11 14 14 14 5 5 31 8 8 22 11 22 37 37 37 14 41 41 41 31 44 44 45 22 37 48 38 38 41 41 31 44 45 44 45 48 48 48 38 38 41 41 41 44 45 44 45 48 48 72 74 74 77 77 78 78 81 81 81 72 72 74 74 74 77 77 77 78 81 81 81 72 72 74 74 74 77 77 77 78 81 81 81 72 119 86 86 86 113 113 113 116 116 116 119 119 119 122 122 122 113 113 113 116 116 116 119 119 119 122 122 122 113 113 113 116 116 116 119 119 11 133 122 122 5 5 5 8 8 8 11 11 
  Facilities: 23
 5 : 4 5 6 16 17 136 137 138
 8 : 7 8 9 19 20 139 140 141
 11 : 10 11 12 22 132 142 143
 14 : 2 3 13 14 15 27
 22 : 21 23 35
 31 : 18 31 42
 37 : 24 25 26 36
 38 : 38 39 50 51
 41 : 28 29 30 40 41 52 53 54
 44 : 32 33 43 45 55 57
 45 : 34 44 46 56 58
 48 : 37 47 48 49 59 60
 72 : 61 71 72 83 84 95
 74 : 62 63 73 74 75 85 86 87
 77 : 64 65 76 77 78 88 89 90
 78 : 66 67 79 91
 81 : 68 69 70 80 81 82 92 93 94
 86 : 97 98 99
 113 : 100 101 102 112 113 114 124 125 126
 116 : 103 104 105 115 116 117 127 128 129
 119 : 96 106 107 108 118 119 120 130 131
 122 : 109 110 111 121 122 123 134 135
 133 : 0 1 133
SOLUTION:
  Value: -75245.000000
  Assigns: 133 133 14 14 5 5 5 8 8 8 11 11 11 14 14 14 5 5 31 8 8 22 11 22 37 37 37 14 41 41 41 31 45 22 45 22 37 37 38 38 41 41 31 31 45 45 45 47 47 62 62 62 41 41 41 68 45 68 47 47 72 72 62 62 77 77 77 68 68 68 82 72 72 62 62 62 77 77 77 68 68 68 82 72 96 96 86 86 77 77 77 92 92 82 82 72 119 86 86 86 113 113 113 116 116 92 119 119 119 96 122 122 113 113 113 116 116 116 130 119 119 122 122 122 113 113 113 116 116 116 119 130 11 133 122 122 5 5 5 8 8 8 11 130 
  Facilities: 25
 5 : 4 5 6 16 17 136 137 138
 8 : 7 8 9 19 20 139 140 141
 11 : 10 11 12 22 132 142
 14 : 2 3 13 14 15 27
 22 : 21 23 33 35
 31 : 18 31 42 43
 37 : 24 25 26 36 37
 38 : 38 39
 41 : 28 29 30 40 41 52 53 54
 45 : 32 34 44 45 46 56
 47 : 47 48 58 59
 62 : 49 50 51 62 63 73 74 75
 68 : 55 57 67 68 69 79 80 81
 72 : 60 61 71 72 83 95
 77 : 64 65 66 76 77 78 88 89 90
 82 : 70 82 93 94
 86 : 86 87 97 98 99
 92 : 91 92 105
 96 : 84 85 109
 113 : 100 101 102 112 113 114 124 125 126
 116 : 103 104 115 116 117 127 128 129
 119 : 96 106 107 108 119 120 130
 122 : 110 111 121 122 123 134 135
 130 : 118 131 143
 133 : 0 1 133
SOLUTION:
  Value: -78250.000000
  Assigns: 0 0 14 4 17 4 138 8 8 8 22 0 0 14 14 14 17 17 17 8 8 33 33 0 37 37 37 14 17 42 42 42 33 33 33 22 37 37 38 51 51 42 42 42 56 33 33 58 37 38 38 51 51 42 42 42 56 58 58 58 60 60 51 51 77 77 77 56 56 82 58 58 60 86 86 86 77 77 77 92 92 92 82 82 96 96 86 86 77 77 77 92 92 82 105 96 109 109 109 86 113 113 113 116 116 92 105 96 109 96 109 122 113 113 113 116 116 116 130 130 109 109 109 122 113 138 138 116 116 116 130 130 0 0 122 4 4 138 138 138 8 8 130 130 
  Facilities: 26
 0 : 0 1 11 12 23 132 133
 4 : 3 5 135 136
 8 : 7 8 9 19 20 140 141
 14 : 2 13 14 15 27
 17 : 4 16 17 18 28
 22 : 10 35
 33 : 21 22 32 33 34 45 46
 37 : 24 25 26 36 37 48
 38 : 38 49 50
 42 : 29 30 31 41 42 43 53 54 55
 51 : 39 40 51 52 62 63
 56 : 44 56 67 68
 58 : 47 57 58 59 70 71
 60 : 60 61 72
 77 : 64 65 66 76 77 78 88 89 90
 82 : 69 82 83 93
 86 : 73 74 75 86 87 99
 92 : 79 80 81 91 92 105
 96 : 84 85 95 107 109
 105 : 94 106
 109 : 96 97 98 108 110 120 121 122
 113 : 100 101 102 112 113 114 124
 116 : 103 104 115 116 117 127 128 129
 122 : 111 123 134
 130 : 118 119 130 131 142 143
 138 : 6 125 126 137 138 139
SOLUTION:
  Value: -81233.000000
  Assigns: 0 0 14 14 17 17 138 8 8 8 22 0 0 14 14 14 17 17 17 8 8 33 33 0 37 37 37 14 17 42 42 42 33 33 33 22 37 37 38 51 51 42 42 42 56 33 33 58 37 38 38 51 51 42 42 42 56 58 58 58 60 60 51 64 77 64 77 56 56 82 58 58 60 86 86 64 64 64 77 92 92 92 82 82 96 96 86 86 77 77 77 92 92 82 105 96 109 109 109 86 113 113 113 116 116 92 105 96 109 96 109 122 125 113 125 116 116 116 130 130 109 109 109 122 113 125 138 116 116 116 130 130 0 0 122 122 125 125 125 138 8 8 130 130 
  Facilities: 27
 0 : 0 1 11 12 23 132 133
 8 : 7 8 9 19 20 140 141
 14 : 2 3 13 14 15 27
 17 : 4 5 16 17 18 28
 22 : 10 35
 33 : 21 22 32 33 34 45 46
 37 : 24 25 26 36 37 48
 38 : 38 49 50
 42 : 29 30 31 41 42 43 53 54 55
 51 : 39 40 51 52 62
 56 : 44 56 67 68
 58 : 47 57 58 59 70 71
 60 : 60 61 72
 64 : 63 65 75 76 77
 77 : 64 66 78 88 89 90
 82 : 69 82 83 93
 86 : 73 74 86 87 99
 92 : 79 80 81 91 92 105
 96 : 84 85 95 107 109
 105 : 94 106
 109 : 96 97 98 108 110 120 121 122
 113 : 100 101 102 113 124
 116 : 103 104 115 116 117 127 128 129
 122 : 111 123 134 135
 125 : 112 114 125 136 137 138
 130 : 118 119 130 131 142 143
 138 : 6 126 139
SOLUTION:
  Value: -81242.000000
  Assigns: 133 133 14 14 5 5 5 8 8 8 11 11 11 14 14 14 5 5 31 8 8 22 11 22 37 37 37 14 41 41 41 31 45 22 45 22 37 37 38 38 41 41 31 31 45 45 45 58 37 38 38 38 41 41 41 67 45 58 58 58 60 72 74 74 77 77 67 67 67 82 58 58 72 74 74 74 77 77 67 67 92 92 82 72 96 74 74 74 77 77 77 92 92 82 105 72 96 86 86 86 113 113 113 116 116 92 105 96 96 96 122 122 113 113 113 116 116 116 130 130 133 122 122 122 113 138 138 116 116 116 130 130 11 133 122 122 5 5 5 138 8 8 11 130 
  Facilities: 27
 5 : 4 5 6 16 17 136 137 138
 8 : 7 8 9 19 20 140 141
 11 : 10 11 12 22 132 142
 14 : 2 3 13 14 15 27
 22 : 21 23 33 35
 31 : 18 31 42 43
 37 : 24 25 26 36 37 48
 38 : 38 39 49 50 51
 41 : 28 29 30 40 41 52 53 54
 45 : 32 34 44 45 46 56
 58 : 47 57 58 59 70 71
 60 : 60
 67 : 55 66 67 68 78 79
 72 : 61 72 83 95
 74 : 62 63 73 74 75 85 86 87
 77 : 64 65 76 77 88 89 90
 82 : 69 82 93
 86 : 97 98 99
 92 : 80 81 91 92 105
 96 : 84 96 107 108 109
 105 : 94 106
 113 : 100 101 102 112 113 114 124
 116 : 103 104 115 116 117 127 128 129
 122 : 110 111 121 122 123 134 135
 130 : 118 119 130 131 143
 133 : 0 1 120 133
 138 : 125 126 139
SOLUTION:
  Value: -81261.000000
  Assigns: 0 0 14 15 15 18 18 8 8 8 22 0 0 14 14 14 15 18 31 8 8 22 22 0 37 37 37 14 15 42 42 42 31 22 22 22 59 37 38 52 52 42 31 42 56 56 59 59 59 38 38 52 52 52 42 42 56 56 59 59 59 73 73 52 77 52 77 56 56 82 59 59 73 73 73 86 89 77 89 92 92 82 82 82 96 73 73 88 88 89 89 92 92 82 105 96 96 86 86 88 89 89 89 92 105 92 117 96 131 96 122 122 125 125 125 127 127 105 131 131 131 122 122 122 125 125 127 127 117 117 117 131 0 0 122 122 125 125 125 127 127 8 131 0 
  Facilities: 27
 0 : 0 1 11 12 23 132 133 143
 8 : 7 8 9 19 20 141
 14 : 2 13 14 15 27
 15 : 3 4 16 28
 18 : 5 6 17
 22 : 10 21 22 33 34 35
 31 : 18 32 42
 37 : 24 25 26 37
 38 : 38 49 50
 42 : 29 30 31 41 43 54 55
 52 : 39 40 51 52 53 63 65
 56 : 44 45 56 57 67 68
 59 : 36 46 47 48 58 59 60 70 71
 73 : 61 62 72 73 74 85 86
 77 : 64 66 77
 82 : 69 81 82 83 93
 86 : 75 97 98
 88 : 87 88 99
 89 : 76 78 89 90 100 101 102
 92 : 79 80 91 92 103 105
 96 : 84 95 96 107 109
 105 : 94 104 117
 117 : 106 128 129 130
 122 : 110 111 121 122 123 134 135
 125 : 112 113 114 124 125 136 137 138
 127 : 115 116 126 127 139 140
 131 : 108 118 119 120 131 142
SOLUTION:
  Value: -84233.000000
  Assigns: 133 133 14 14 5 5 5 8 8 8 11 11 11 14 14 14 5 5 31 8 8 22 11 22 37 37 37 14 41 41 41 31 45 22 45 22 37 37 38 38 41 41 31 31 45 45 45 58 37 62 62 62 41 41 41 55 45 58 58 58 60 72 62 62 77 77 55 55 55 82 58 58 72 62 62 62 77 77 77 92 92 92 82 72 96 96 86 86 77 77 77 92 92 82 105 72 109 109 86 86 113 113 113 116 116 92 105 96 109 96 109 122 113 113 113 116 116 116 130 130 109 109 109 122 113 138 138 116 116 116 130 130 11 133 122 122 5 5 5 138 8 8 11 130 
  Facilities: 28
 5 : 4 5 6 16 17 136 137 138
 8 : 7 8 9 19 20 140 141
 11 : 10 11 12 22 132 142
 14 : 2 3 13 14 15 27
 22 : 21 23 33 35
 31 : 18 31 42 43
 37 : 24 25 26 36 37 48
 38 : 38 39
 41 : 28 29 30 40 41 52 53 54
 45 : 32 34 44 45 46 56
 55 : 55 66 67 68
 58 : 47 57 58 59 70 71
 60 : 60
 62 : 49 50 51 62 63 73 74 75
 72 : 61 72 83 95
 77 : 64 65 76 77 78 88 89 90
 82 : 69 82 93
 86 : 86 87 98 99
 92 : 79 80 81 91 92 105
 96 : 84 85 107 109
 105 : 94 106
 109 : 96 97 108 110 120 121 122
 113 : 100 101 102 112 113 114 124
 116 : 103 104 115 116 117 127 128 129
 122 : 111 123 134 135
 130 : 118 119 130 131 143
 133 : 0 1 133
 138 : 125 126 139
SOLUTION:
  Value: -84234.000000
  Assigns: 0 0 14 4 4 4 138 8 8 10 10 0 0 14 14 14 15 4 31 8 8 22 10 0 37 37 37 14 15 42 42 42 31 22 22 22 37 37 38 52 52 42 31 42 31 58 58 58 37 38 38 52 52 52 42 67 67 58 58 58 73 73 73 52 77 52 67 67 67 82 58 58 73 73 73 86 89 77 89 67 92 82 82 82 73 73 73 88 88 89 89 92 92 82 105 82 108 108 86 88 89 89 89 92 105 92 117 108 108 108 122 122 125 125 125 127 127 105 105 108 108 122 122 122 125 125 138 127 117 117 117 108 0 0 122 4 4 125 125 138 127 8 10 10 
  Facilities: 28
 0 : 0 1 11 12 23 132 133
 4 : 3 4 5 17 135 136
 8 : 7 8 19 20 141
 10 : 9 10 22 142 143
 14 : 2 13 14 15 27
 15 : 16 28
 22 : 21 33 34 35
 31 : 18 32 42 44
 37 : 24 25 26 36 37 48
 38 : 38 49 50
 42 : 29 30 31 41 43 54
 52 : 39 40 51 52 53 63 65
 58 : 45 46 47 57 58 59 70 71
 67 : 55 56 66 67 68 79
 73 : 60 61 62 72 73 74 84 85 86
 77 : 64 77
 82 : 69 81 82 83 93 95
 86 : 75 98
 88 : 87 88 99
 89 : 76 78 89 90 100 101 102
 92 : 80 91 92 103 105
 105 : 94 104 117 118
 108 : 96 97 107 108 109 119 120 131
 117 : 106 128 129 130
 122 : 110 111 121 122 123 134
 125 : 112 113 114 124 125 137 138
 127 : 115 116 127 140
 138 : 6 126 139
