# Time: 883.790039
# Elapsed: 223.472031
# Input_file: splp/CLSC/2133GapCS.txt
# Pool_size: 400
# Iterations: 21
# Final_solutions: 7700
# Vision_range: 600
# Reduction_mode: REDUCTION_DISPERSE
# Dissimilitude: DISSIM_CLIENTDELTA
SOLUTION:
  Value: -42146.000000
  Assigns: 4 40 56 45 45 45 70 66 88 88 70 78 31 31 88 78 70 4 40 66 2 45 57 48 78 57 31 2 70 78 78 4 70 40 31 53 48 66 53 31 66 56 78 40 21 56 2 4 2 66 40 56 53 56 31 70 31 21 48 88 40 88 31 2 21 48 56 53 53 53 21 21 4 2 88 66 70 45 57 40 48 56 48 45 48 45 48 70 56 4 2 21 57 66 57 45 21 21 45 45 
  Facilities: 14
 2 : 20 27 46 48 63 73 90
 4 : 0 17 31 47 72 89
 21 : 44 57 64 70 71 91 96 97
 31 : 12 13 26 34 39 54 56 62
 40 : 1 18 33 43 50 60 79
 45 : 3 4 5 21 77 83 85 95 98 99
 48 : 23 36 58 65 80 82 84 86
 53 : 35 38 52 67 68 69
 56 : 2 41 45 51 53 66 81 88
 57 : 22 25 78 92 94
 66 : 7 19 37 40 49 75 93
 70 : 6 10 16 28 32 55 76 87
 78 : 11 15 24 29 30 42
 88 : 8 9 14 59 61 74
SOLUTION:
  Value: -45136.000000
  Assigns: 9 55 56 61 24 6 89 89 88 88 24 27 27 27 88 61 89 89 55 27 13 9 98 88 24 24 13 27 27 89 89 27 9 27 63 63 99 99 9 6 55 56 99 6 9 56 86 98 24 61 86 56 16 61 24 61 86 24 63 88 55 55 16 55 55 9 56 63 61 98 99 16 98 13 99 55 6 63 6 63 98 56 16 99 55 9 99 13 56 13 13 16 13 98 16 98 16 16 16 86 
  Facilities: 15
 6 : 5 39 43 76 78
 9 : 0 21 32 38 44 65 85
 13 : 20 26 73 87 89 90 92
 16 : 52 62 71 82 91 94 96 97 98
 24 : 4 10 24 25 48 54 57
 27 : 11 12 13 19 27 28 31 33
 55 : 1 18 40 60 61 63 64 75 84
 56 : 2 41 45 51 66 81 88
 61 : 3 15 49 53 55 68
 63 : 34 35 58 67 77 79
 86 : 46 50 56 99
 88 : 8 9 14 23 59
 89 : 6 7 16 17 29 30
 98 : 22 47 69 72 80 93 95
 99 : 36 37 42 70 74 83 86
SOLUTION:
  Value: -48121.000000
  Assigns: 9 55 26 61 24 26 89 89 26 89 24 27 27 27 98 61 89 89 40 27 13 9 92 92 24 24 13 27 27 89 89 27 9 26 18 24 99 99 9 40 55 56 99 40 9 18 86 98 24 61 40 56 16 61 24 61 92 24 26 18 55 55 16 55 55 9 56 18 61 98 99 16 98 13 99 55 92 86 18 40 98 56 16 99 55 9 99 13 56 13 13 16 13 98 16 98 16 16 16 86 
  Facilities: 16
 9 : 0 21 32 38 44 65 85
 13 : 20 26 73 87 89 90 92
 16 : 52 62 71 82 91 94 96 97 98
 18 : 34 45 59 67 78
 24 : 4 10 24 25 35 48 54 57
 26 : 2 5 8 33 58
 27 : 11 12 13 19 27 28 31
 40 : 18 39 43 50 79
 55 : 1 40 60 61 63 64 75 84
 56 : 41 51 66 81 88
 61 : 3 15 49 53 55 68
 86 : 46 77 99
 89 : 6 7 9 16 17 29 30
 92 : 22 23 56 76
 98 : 14 47 69 72 80 93 95
 99 : 36 37 42 70 74 83 86
SOLUTION:
  Value: -51101.000000
  Assigns: 4 40 87 15 24 12 87 66 38 12 24 81 38 7 87 15 82 4 40 96 96 9 24 40 15 24 12 2 80 80 81 4 9 40 38 66 96 99 9 80 87 24 99 40 9 15 2 4 24 15 80 81 16 82 24 80 81 24 82 82 15 15 80 38 80 9 87 81 12 38 99 16 4 2 99 66 80 66 82 40 96 4 16 99 9 82 99 7 80 4 2 16 2 82 16 7 16 16 16 7 
  Facilities: 17
 2 : 27 46 73 90 92
 4 : 0 17 31 47 72 81 89
 7 : 13 87 95 99
 9 : 21 32 38 44 65 84
 12 : 5 9 26 68
 15 : 3 15 24 45 49 60 61
 16 : 52 71 82 91 94 96 97 98
 24 : 4 10 22 25 41 48 54 57
 38 : 8 12 34 63 69
 40 : 1 18 23 33 43 79
 66 : 7 35 75 77
 80 : 28 29 39 50 55 62 64 76 88
 81 : 11 30 51 56 67
 82 : 16 53 58 59 78 85 93
 87 : 2 6 14 40 66
 96 : 19 20 36 80
 99 : 37 42 70 74 83 86
SOLUTION:
  Value: -51103.000000
  Assigns: 4 55 30 22 96 51 70 22 88 88 70 22 90 30 88 22 82 67 55 96 96 99 57 88 30 57 67 2 70 30 39 4 70 67 51 53 96 99 53 67 55 56 99 22 22 56 2 4 51 51 88 56 53 82 4 70 39 4 30 82 55 39 30 2 51 57 56 96 53 53 99 39 4 2 88 55 70 90 57 99 96 56 30 99 55 82 39 70 57 4 2 51 57 82 57 90 82 90 90 90 
  Facilities: 17
 2 : 27 46 63 73 90
 4 : 0 31 47 54 57 72 89
 22 : 3 7 11 15 43 44
 30 : 2 13 24 29 58 62 82
 39 : 30 56 61 71 86
 51 : 5 34 48 49 64 91
 53 : 35 38 52 68 69
 55 : 1 18 40 60 75 84
 56 : 41 45 51 66 81
 57 : 22 25 65 78 88 92 94
 67 : 17 26 33 39
 70 : 6 10 28 32 55 76 87
 82 : 16 53 59 85 93 96
 88 : 8 9 14 23 50 74
 90 : 12 77 95 97 98 99
 96 : 4 19 20 36 67 80
 99 : 21 37 42 70 79 83
SOLUTION:
  Value: -51104.000000
  Assigns: 9 10 26 61 96 26 87 47 21 65 65 81 15 10 87 71 65 47 65 96 59 9 57 71 15 57 65 2 61 59 81 61 9 26 63 63 96 99 71 10 87 47 99 81 9 15 2 71 2 15 65 81 26 61 59 61 81 21 63 65 15 15 61 2 21 9 87 81 61 71 99 21 63 2 99 47 87 63 57 63 96 10 10 99 59 9 99 63 57 96 2 21 57 10 57 71 21 21 59 59 
  Facilities: 17
 2 : 27 46 48 63 73 90
 9 : 0 21 32 44 65 85
 10 : 1 13 39 81 82 93
 15 : 12 24 45 49 60 61
 21 : 8 57 64 71 91 96 97
 26 : 2 5 33 52
 47 : 7 17 41 75
 57 : 22 25 78 88 92 94
 59 : 20 29 54 84 98 99
 61 : 3 28 31 53 55 62 68
 63 : 34 35 58 72 77 79 87
 65 : 9 10 16 18 26 50 59
 71 : 15 23 38 47 69 95
 81 : 11 30 43 51 56 67
 87 : 6 14 40 66 76
 96 : 4 19 36 80 89
 99 : 37 42 70 74 83 86
SOLUTION:
  Value: -51110.000000
  Assigns: 70 84 84 84 96 17 70 8 94 84 11 67 17 84 94 94 70 67 94 96 96 9 8 37 94 11 44 19 70 80 19 8 70 67 8 94 96 99 9 80 19 19 99 44 9 84 84 98 96 58 80 44 16 37 58 70 17 44 19 11 19 94 16 44 80 9 58 96 19 98 99 16 98 11 99 37 80 67 17 99 96 44 16 99 17 9 99 70 80 96 58 16 98 98 16 98 16 16 16 11 
  Facilities: 17
 8 : 7 22 31 34
 9 : 21 38 44 65 85
 11 : 10 25 59 73 99
 16 : 52 62 71 82 91 94 96 97 98
 17 : 5 12 56 78 84
 19 : 27 30 40 41 58 60 68
 37 : 23 53 75
 44 : 26 43 51 57 63 81
 58 : 49 54 66 90
 67 : 11 17 33 77
 70 : 0 6 16 28 32 55 87
 80 : 29 39 50 64 76 88
 84 : 1 2 3 9 13 45 46
 94 : 8 14 15 18 24 35 61
 96 : 4 19 20 36 48 67 80 89
 98 : 47 69 72 92 93 95
 99 : 37 42 70 74 79 83 86
SOLUTION:
  Value: -51112.000000
  Assigns: 79 97 26 42 96 26 79 22 26 42 11 22 15 79 94 94 97 14 94 96 96 9 97 79 15 97 11 2 42 80 97 79 9 26 51 94 96 99 9 80 14 56 99 22 9 56 2 51 51 15 80 56 26 5 9 80 14 11 42 11 15 15 80 2 80 9 56 96 97 5 99 22 14 11 99 94 80 97 5 99 96 56 5 99 9 9 99 14 56 79 2 51 2 79 11 5 14 11 42 11 
  Facilities: 17
 2 : 27 46 63 90 92
 5 : 53 69 78 82 95
 9 : 21 32 38 44 54 65 84 85
 11 : 10 26 57 59 73 94 97 99
 14 : 17 40 56 72 87 96
 15 : 12 24 49 60 61
 22 : 7 11 43 71
 26 : 2 5 8 33 52
 42 : 3 9 28 58 98
 51 : 34 47 48 91
 56 : 41 45 51 66 81 88
 79 : 0 6 13 23 31 89 93
 80 : 29 39 50 55 62 64 76
 94 : 14 15 18 35 75
 96 : 4 19 20 36 67 80
 97 : 1 16 22 25 30 68 77
 99 : 37 42 70 74 79 83 86
SOLUTION:
  Value: -51113.000000
  Assigns: 3 46 54 15 96 12 64 8 88 88 24 27 15 27 88 3 82 12 12 96 46 27 8 88 24 24 12 27 27 80 0 8 36 27 8 64 96 3 64 80 54 24 96 0 15 54 64 54 24 15 80 64 16 82 24 54 36 24 82 82 15 15 80 64 80 54 3 96 12 25 3 16 64 54 88 46 80 36 82 46 96 36 16 46 3 82 3 46 80 96 36 46 46 82 16 0 0 16 0 0 
  Facilities: 17
 0 : 30 43 95 96 98 99
 3 : 0 15 37 66 70 84 86
 8 : 7 22 31 34
 12 : 5 17 18 26 68
 15 : 3 12 44 49 60 61
 16 : 52 71 82 94 97
 24 : 10 24 25 41 48 54 57
 25 : 69
 27 : 11 13 21 27 28 33
 36 : 32 56 77 81 90
 46 : 1 20 75 79 83 87 91 92
 54 : 2 40 45 47 55 65 73
 64 : 6 35 38 46 51 63 72
 80 : 29 39 50 62 64 76 88
 82 : 16 53 58 59 78 85 93
 88 : 8 9 14 23 74
 96 : 4 19 36 42 67 80 89
SOLUTION:
  Value: -51114.000000
  Assigns: 9 55 26 61 24 26 89 89 26 89 24 27 27 27 98 61 89 89 55 27 13 9 98 33 24 24 13 27 27 80 81 27 9 26 18 33 99 99 9 80 55 56 33 81 9 18 86 98 24 33 80 56 16 61 24 61 81 24 26 18 55 55 16 55 80 9 56 81 61 98 99 16 98 13 99 55 80 86 18 99 98 56 16 99 55 9 99 13 56 13 13 16 13 98 16 98 16 16 16 86 
  Facilities: 17
 9 : 0 21 32 38 44 65 85
 13 : 20 26 73 87 89 90 92
 16 : 52 62 71 82 91 94 96 97 98
 18 : 34 45 59 78
 24 : 4 10 24 25 48 54 57
 26 : 2 5 8 33 58
 27 : 11 12 13 19 27 28 31
 33 : 23 35 42 49
 55 : 1 18 40 60 61 63 75 84
 56 : 41 51 66 81 88
 61 : 3 15 53 55 68
 80 : 29 39 50 64 76
 81 : 30 43 56 67
 86 : 46 77 99
 89 : 6 7 9 16 17
 98 : 14 22 47 69 72 80 93 95
 99 : 36 37 70 74 79 83 86
