# Time: 2427.689941
# Elapsed: 799.841919
# Input_file: splp/KoerkelGhosh-sym/250/a/gs250a-1
# Pool_size: 200
# Iterations: 44
# Final_solutions: 8269
# Vision_range: 400
# Reduction_mode: REDUCTION_DISPERSE
# Dissimilitude: DISSIM_HAUSDORFF
# Facility_dist: FDISMODE_SUMOFDELTAS
SOLUTION:
  Value: -258199.000000
  Assigns: 231 9 97 118 9 91 162 96 228 79 79 245 19 245 96 118 231 228 162 233 237 79 96 231 165 96 245 50 144 233 50 176 231 144 50 235 129 231 79 215 228 233 129 233 162 177 248 248 70 235 91 141 79 129 19 129 176 141 237 233 70 228 235 228 228 233 19 235 185 136 141 237 39 237 233 118 15 231 144 9 245 63 177 96 141 185 144 19 165 20 136 50 165 63 91 79 91 136 141 233 39 248 39 228 177 50 162 235 70 165 50 162 165 63 15 237 144 118 15 19 112 185 63 248 129 248 112 215 233 176 237 91 9 235 235 97 97 237 50 129 228 70 9 248 248 63 228 231 91 39 228 235 97 176 70 237 112 177 231 136 248 97 245 165 231 112 228 185 176 19 248 91 144 96 248 233 129 237 15 144 63 215 177 165 162 91 50 177 70 248 19 91 245 96 15 237 136 39 63 136 19 215 185 97 63 141 141 237 245 19 9 63 50 50 176 39 70 96 20 15 215 165 233 15 97 185 79 144 63 233 248 9 228 19 177 228 20 177 39 136 233 233 39 63 233 162 162 9 144 91 
  Facilities: 31
 9 : 1 4 79 132 142 210 231 247
 15 : 76 114 118 178 194 219 223
 19 : 12 54 66 87 119 169 190 200 209 233
 20 : 89 218 236
 39 : 72 100 102 149 197 215 238 242
 50 : 27 30 34 91 105 110 138 186 212 213
 63 : 81 93 113 122 145 180 198 204 211 228 243
 70 : 48 60 108 141 154 188 216
 79 : 9 10 21 38 52 95 226
 91 : 5 50 94 96 131 148 171 185 191 249
 96 : 7 14 22 25 83 173 193 217
 97 : 2 135 136 152 161 203 224
 112 : 120 126 156 165
 118 : 3 15 75 117
 129 : 36 42 53 55 124 139 176
 136 : 69 90 97 159 196 199 239
 141 : 51 57 70 84 98 205 206
 144 : 28 33 78 86 116 172 179 227 248
 162 : 6 18 44 106 111 184 245 246
 165 : 24 88 92 109 112 163 183 221
 176 : 31 56 129 153 168 214
 177 : 45 82 104 157 182 187 234 237
 185 : 68 85 121 167 202 225
 215 : 39 127 181 201 220
 228 : 8 17 40 61 63 64 103 140 146 150 166 232 235
 231 : 0 16 23 32 37 77 147 158 164
 233 : 19 29 41 43 59 65 74 99 128 175 222 229 240 241 244
 235 : 35 49 62 67 107 133 134 151
 237 : 20 58 71 73 115 130 137 155 177 195 207
 245 : 11 13 26 80 162 192 208
 248 : 46 47 101 123 125 143 144 160 170 174 189 230
SOLUTION:
  Value: -258200.000000
  Assigns: 231 9 97 118 9 91 162 96 228 79 79 245 19 245 96 118 231 228 162 233 237 79 96 231 165 96 245 50 144 233 50 176 231 144 50 235 129 231 79 215 228 233 129 233 162 177 248 248 70 235 91 141 79 129 19 129 176 141 237 233 70 228 235 228 228 233 19 235 185 136 141 237 39 237 233 118 15 231 144 9 245 63 177 96 141 185 144 19 165 96 136 50 165 63 91 79 91 136 141 233 39 248 39 228 177 50 162 235 70 165 50 162 165 63 15 237 144 118 15 19 112 185 63 248 129 248 112 215 233 176 237 91 9 235 235 97 97 237 50 129 228 70 9 248 248 63 228 231 91 39 228 235 97 176 70 237 112 177 231 136 248 97 245 165 231 112 228 185 176 19 248 91 144 96 248 233 129 237 15 144 63 215 177 165 162 91 50 177 70 248 19 91 245 96 15 237 136 39 63 136 19 215 185 97 63 141 141 237 245 19 9 63 50 50 176 39 70 96 176 15 215 165 233 15 97 185 79 144 63 233 248 9 228 19 177 228 129 177 39 136 233 233 39 63 233 162 162 9 144 91 
  Facilities: 30
 9 : 1 4 79 132 142 210 231 247
 15 : 76 114 118 178 194 219 223
 19 : 12 54 66 87 119 169 190 200 209 233
 39 : 72 100 102 149 197 215 238 242
 50 : 27 30 34 91 105 110 138 186 212 213
 63 : 81 93 113 122 145 180 198 204 211 228 243
 70 : 48 60 108 141 154 188 216
 79 : 9 10 21 38 52 95 226
 91 : 5 50 94 96 131 148 171 185 191 249
 96 : 7 14 22 25 83 89 173 193 217
 97 : 2 135 136 152 161 203 224
 112 : 120 126 156 165
 118 : 3 15 75 117
 129 : 36 42 53 55 124 139 176 236
 136 : 69 90 97 159 196 199 239
 141 : 51 57 70 84 98 205 206
 144 : 28 33 78 86 116 172 179 227 248
 162 : 6 18 44 106 111 184 245 246
 165 : 24 88 92 109 112 163 183 221
 176 : 31 56 129 153 168 214 218
 177 : 45 82 104 157 182 187 234 237
 185 : 68 85 121 167 202 225
 215 : 39 127 181 201 220
 228 : 8 17 40 61 63 64 103 140 146 150 166 232 235
 231 : 0 16 23 32 37 77 147 158 164
 233 : 19 29 41 43 59 65 74 99 128 175 222 229 240 241 244
 235 : 35 49 62 67 107 133 134 151
 237 : 20 58 71 73 115 130 137 155 177 195 207
 245 : 11 13 26 80 162 192 208
 248 : 46 47 101 123 125 143 144 160 170 174 189 230
SOLUTION:
  Value: -258219.000000
  Assigns: 231 9 97 177 9 91 162 96 228 79 79 245 19 245 96 165 231 228 162 233 237 79 96 231 165 96 245 50 144 233 50 176 231 144 50 235 129 231 79 215 228 233 129 233 162 177 248 248 70 235 91 141 79 129 19 129 176 141 237 233 70 228 235 228 228 233 19 235 185 136 141 237 39 237 233 112 15 231 144 9 245 63 177 96 141 185 144 19 165 96 136 50 165 63 91 79 91 136 141 233 39 248 39 228 177 50 162 235 70 165 50 162 165 63 15 237 144 9 15 19 112 185 63 248 129 248 112 215 233 176 237 91 9 235 235 97 97 237 50 129 228 70 9 248 248 63 228 231 91 39 228 235 97 176 70 237 112 177 231 136 248 97 245 165 231 112 228 185 176 19 248 91 144 96 248 233 129 237 15 144 63 215 177 165 162 91 50 177 70 248 19 91 245 96 15 237 136 39 63 136 19 215 185 97 63 141 141 237 245 19 9 63 50 50 176 39 70 96 176 15 215 165 233 15 97 185 79 144 63 233 248 9 228 19 177 228 129 177 39 136 233 233 39 63 233 162 162 9 144 91 
  Facilities: 29
 9 : 1 4 79 117 132 142 210 231 247
 15 : 76 114 118 178 194 219 223
 19 : 12 54 66 87 119 169 190 200 209 233
 39 : 72 100 102 149 197 215 238 242
 50 : 27 30 34 91 105 110 138 186 212 213
 63 : 81 93 113 122 145 180 198 204 211 228 243
 70 : 48 60 108 141 154 188 216
 79 : 9 10 21 38 52 95 226
 91 : 5 50 94 96 131 148 171 185 191 249
 96 : 7 14 22 25 83 89 173 193 217
 97 : 2 135 136 152 161 203 224
 112 : 75 120 126 156 165
 129 : 36 42 53 55 124 139 176 236
 136 : 69 90 97 159 196 199 239
 141 : 51 57 70 84 98 205 206
 144 : 28 33 78 86 116 172 179 227 248
 162 : 6 18 44 106 111 184 245 246
 165 : 15 24 88 92 109 112 163 183 221
 176 : 31 56 129 153 168 214 218
 177 : 3 45 82 104 157 182 187 234 237
 185 : 68 85 121 167 202 225
 215 : 39 127 181 201 220
 228 : 8 17 40 61 63 64 103 140 146 150 166 232 235
 231 : 0 16 23 32 37 77 147 158 164
 233 : 19 29 41 43 59 65 74 99 128 175 222 229 240 241 244
 235 : 35 49 62 67 107 133 134 151
 237 : 20 58 71 73 115 130 137 155 177 195 207
 245 : 11 13 26 80 162 192 208
 248 : 46 47 101 123 125 143 144 160 170 174 189 230
SOLUTION:
  Value: -258244.000000
  Assigns: 231 9 97 177 9 91 162 96 228 79 79 245 19 245 96 165 231 228 162 233 237 79 96 231 165 96 245 50 144 233 50 176 231 144 50 235 129 231 79 215 228 233 129 233 162 177 248 248 70 235 91 141 79 129 19 129 176 141 237 233 70 228 235 228 228 233 19 235 79 136 141 237 39 237 233 112 15 231 144 9 245 63 177 96 141 112 144 19 165 96 136 50 165 63 91 79 91 136 141 233 39 248 39 228 177 50 162 235 70 165 50 162 165 63 15 237 144 9 15 19 112 9 63 248 129 248 112 215 233 176 237 91 9 235 235 97 97 237 50 129 228 70 9 248 248 63 228 231 91 39 228 235 97 176 70 237 112 177 231 136 248 97 245 165 231 112 228 19 176 19 248 91 144 96 248 233 129 237 15 144 63 215 177 165 162 91 50 177 70 248 19 91 245 96 15 237 136 39 63 136 19 215 19 97 63 141 141 237 245 19 9 63 50 50 176 39 70 96 176 15 215 165 233 15 97 215 79 144 63 233 248 9 228 19 177 228 129 177 39 136 233 233 39 63 233 162 162 9 144 91 
  Facilities: 28
 9 : 1 4 79 117 121 132 142 210 231 247
 15 : 76 114 118 178 194 219 223
 19 : 12 54 66 87 119 167 169 190 200 202 209 233
 39 : 72 100 102 149 197 215 238 242
 50 : 27 30 34 91 105 110 138 186 212 213
 63 : 81 93 113 122 145 180 198 204 211 228 243
 70 : 48 60 108 141 154 188 216
 79 : 9 10 21 38 52 68 95 226
 91 : 5 50 94 96 131 148 171 185 191 249
 96 : 7 14 22 25 83 89 173 193 217
 97 : 2 135 136 152 161 203 224
 112 : 75 85 120 126 156 165
 129 : 36 42 53 55 124 139 176 236
 136 : 69 90 97 159 196 199 239
 141 : 51 57 70 84 98 205 206
 144 : 28 33 78 86 116 172 179 227 248
 162 : 6 18 44 106 111 184 245 246
 165 : 15 24 88 92 109 112 163 183 221
 176 : 31 56 129 153 168 214 218
 177 : 3 45 82 104 157 182 187 234 237
 215 : 39 127 181 201 220 225
 228 : 8 17 40 61 63 64 103 140 146 150 166 232 235
 231 : 0 16 23 32 37 77 147 158 164
 233 : 19 29 41 43 59 65 74 99 128 175 222 229 240 241 244
 235 : 35 49 62 67 107 133 134 151
 237 : 20 58 71 73 115 130 137 155 177 195 207
 245 : 11 13 26 80 162 192 208
 248 : 46 47 101 123 125 143 144 160 170 174 189 230
SOLUTION:
  Value: -258308.000000
  Assigns: 231 9 97 177 9 91 162 96 228 79 79 245 19 245 96 165 231 228 162 233 70 79 96 231 165 96 245 50 144 233 50 176 231 144 50 235 129 231 79 215 228 233 129 233 162 177 248 248 70 235 91 141 79 129 19 129 176 141 50 233 70 228 235 228 228 233 19 235 79 136 141 177 39 215 233 112 15 231 144 9 245 63 177 96 141 112 144 19 165 96 136 50 165 63 91 79 91 136 141 233 39 248 39 228 177 50 162 235 70 165 50 162 165 63 15 141 144 9 15 19 112 9 63 248 129 248 112 215 233 176 39 91 9 235 235 97 97 39 50 129 228 70 9 248 248 63 228 231 91 39 228 235 97 176 70 91 112 177 231 136 248 97 245 165 231 112 228 19 176 19 248 91 144 96 248 233 129 177 15 144 63 215 177 165 162 91 50 177 70 248 19 91 245 96 15 63 136 39 63 136 19 215 19 97 63 141 141 248 245 19 9 63 50 50 176 39 70 96 176 15 215 165 233 15 97 215 79 144 63 233 248 9 228 19 177 228 129 177 39 136 233 233 39 63 233 162 162 9 144 91 
  Facilities: 27
 9 : 1 4 79 117 121 132 142 210 231 247
 15 : 76 114 118 178 194 219 223
 19 : 12 54 66 87 119 167 169 190 200 202 209 233
 39 : 72 100 102 130 137 149 197 215 238 242
 50 : 27 30 34 58 91 105 110 138 186 212 213
 63 : 81 93 113 122 145 180 195 198 204 211 228 243
 70 : 20 48 60 108 141 154 188 216
 79 : 9 10 21 38 52 68 95 226
 91 : 5 50 94 96 131 148 155 171 185 191 249
 96 : 7 14 22 25 83 89 173 193 217
 97 : 2 135 136 152 161 203 224
 112 : 75 85 120 126 156 165
 129 : 36 42 53 55 124 139 176 236
 136 : 69 90 97 159 196 199 239
 141 : 51 57 70 84 98 115 205 206
 144 : 28 33 78 86 116 172 179 227 248
 162 : 6 18 44 106 111 184 245 246
 165 : 15 24 88 92 109 112 163 183 221
 176 : 31 56 129 153 168 214 218
 177 : 3 45 71 82 104 157 177 182 187 234 237
 215 : 39 73 127 181 201 220 225
 228 : 8 17 40 61 63 64 103 140 146 150 166 232 235
 231 : 0 16 23 32 37 77 147 158 164
 233 : 19 29 41 43 59 65 74 99 128 175 222 229 240 241 244
 235 : 35 49 62 67 107 133 134 151
 245 : 11 13 26 80 162 192 208
 248 : 46 47 101 123 125 143 144 160 170 174 189 207 230
SOLUTION:
  Value: -258379.000000
  Assigns: 231 9 202 118 9 245 89 96 228 79 79 245 19 245 96 118 156 131 89 233 237 131 96 231 78 96 245 50 144 233 50 176 231 144 50 235 129 231 79 215 228 233 129 18 118 177 248 248 70 235 27 141 79 131 19 129 176 141 237 233 89 228 235 228 26 233 19 235 89 131 141 237 39 237 233 118 27 96 144 9 245 63 177 96 141 112 144 62 78 18 136 131 62 131 62 79 131 136 131 233 26 248 78 228 177 50 18 235 70 237 50 9 156 63 39 237 144 118 63 19 112 9 63 248 129 248 112 215 233 176 237 96 9 235 235 26 233 237 50 129 228 70 9 248 248 63 228 231 248 39 228 235 118 176 70 237 112 177 231 136 248 26 18 131 231 112 228 19 176 19 248 78 144 96 248 233 129 237 245 144 156 215 177 26 78 202 50 177 70 248 19 231 245 96 18 237 136 39 63 202 19 215 131 156 63 141 141 237 245 156 18 63 50 50 176 39 70 78 176 78 215 9 233 118 156 18 79 144 63 233 248 9 228 78 177 62 129 177 202 136 233 131 39 63 233 26 63 9 144 96 
  Facilities: 33
 9 : 1 4 79 111 121 132 142 221 231 247
 18 : 43 89 106 162 194 210 225
 19 : 12 54 66 119 167 169 190 200
 26 : 64 100 135 161 183 245
 27 : 50 76
 39 : 72 114 149 197 215 242
 50 : 27 30 34 105 110 138 186 212 213
 62 : 87 92 94 235
 63 : 81 113 118 122 145 198 204 211 228 243 246
 70 : 48 108 141 154 188 216
 78 : 24 88 102 171 184 217 219 233
 79 : 9 10 38 52 95 226
 89 : 6 18 60 68
 96 : 7 14 22 25 77 83 131 173 193 249
 112 : 85 120 126 156 165
 118 : 3 15 44 75 117 152 223
 129 : 36 42 55 124 139 176 236
 131 : 17 21 53 69 91 93 96 98 163 202 241
 136 : 90 97 159 196 239
 141 : 51 57 70 84 205 206
 144 : 28 33 78 86 116 172 179 227 248
 156 : 16 112 180 203 209 224
 176 : 31 56 129 153 168 214 218
 177 : 45 82 104 157 182 187 234 237
 202 : 2 185 199 238
 215 : 39 127 181 201 220
 228 : 8 40 61 63 103 140 146 150 166 232
 231 : 0 23 32 37 147 158 164 191
 233 : 19 29 41 59 65 74 99 128 136 175 222 229 240 244
 235 : 35 49 62 67 107 133 134 151
 237 : 20 58 71 73 109 115 130 137 155 177 195 207
 245 : 5 11 13 26 80 178 192 208
 248 : 46 47 101 123 125 143 144 148 160 170 174 189 230
SOLUTION:
  Value: -258384.000000
  Assigns: 231 9 97 177 9 91 162 96 228 231 233 245 19 245 96 165 231 228 162 233 70 63 96 231 165 96 245 50 144 233 50 176 231 144 50 235 129 231 228 215 228 233 129 233 162 177 248 248 70 235 91 141 136 129 19 129 176 141 50 233 70 228 235 228 228 233 19 235 96 136 141 177 39 215 233 112 15 231 144 9 245 63 177 96 141 112 144 19 165 96 136 50 165 63 91 231 91 136 141 233 39 248 39 228 177 50 162 235 70 165 50 162 165 63 15 141 144 9 15 19 112 9 63 248 129 248 112 215 233 176 39 91 9 235 235 97 97 39 50 129 228 70 9 248 248 63 228 231 91 39 228 235 97 176 70 91 112 177 231 136 248 97 245 165 231 112 228 19 176 19 248 91 144 96 248 233 129 177 15 144 63 215 177 165 162 91 50 177 70 248 19 91 245 96 15 63 136 39 63 136 19 215 19 97 63 141 141 248 245 19 9 63 50 50 176 39 70 96 176 15 215 165 233 15 97 215 162 144 63 233 248 9 228 19 177 228 129 177 39 136 233 233 39 63 233 162 162 9 144 91 
  Facilities: 26
 9 : 1 4 79 117 121 132 142 210 231 247
 15 : 76 114 118 178 194 219 223
 19 : 12 54 66 87 119 167 169 190 200 202 209 233
 39 : 72 100 102 130 137 149 197 215 238 242
 50 : 27 30 34 58 91 105 110 138 186 212 213
 63 : 21 81 93 113 122 145 180 195 198 204 211 228 243
 70 : 20 48 60 108 141 154 188 216
 91 : 5 50 94 96 131 148 155 171 185 191 249
 96 : 7 14 22 25 68 83 89 173 193 217
 97 : 2 135 136 152 161 203 224
 112 : 75 85 120 126 156 165
 129 : 36 42 53 55 124 139 176 236
 136 : 52 69 90 97 159 196 199 239
 141 : 51 57 70 84 98 115 205 206
 144 : 28 33 78 86 116 172 179 227 248
 162 : 6 18 44 106 111 184 226 245 246
 165 : 15 24 88 92 109 112 163 183 221
 176 : 31 56 129 153 168 214 218
 177 : 3 45 71 82 104 157 177 182 187 234 237
 215 : 39 73 127 181 201 220 225
 228 : 8 17 38 40 61 63 64 103 140 146 150 166 232 235
 231 : 0 9 16 23 32 37 77 95 147 158 164
 233 : 10 19 29 41 43 59 65 74 99 128 175 222 229 240 241 244
 235 : 35 49 62 67 107 133 134 151
 245 : 11 13 26 80 162 192 208
 248 : 46 47 101 123 125 143 144 160 170 174 189 207 230
SOLUTION:
  Value: -258393.000000
  Assigns: 231 9 202 118 9 245 89 96 228 79 79 245 19 245 96 118 156 131 89 233 237 131 96 231 231 96 245 50 144 233 50 176 231 144 50 235 129 231 79 215 228 233 129 18 118 177 248 248 70 235 27 141 79 131 19 129 176 141 237 233 89 228 235 228 26 233 19 235 89 131 141 237 39 237 233 118 27 96 144 9 245 63 177 96 141 112 144 62 89 18 136 131 62 131 62 79 131 136 131 233 26 248 39 228 177 50 18 235 70 237 50 9 156 63 39 237 144 118 63 19 112 9 63 248 129 248 112 215 233 176 237 96 9 235 235 26 233 237 50 129 228 70 9 248 248 63 228 231 248 39 228 235 118 176 70 237 112 177 231 136 248 26 18 131 231 112 228 19 176 19 248 79 144 96 248 233 129 237 245 144 156 215 177 26 248 202 50 177 70 248 19 231 245 96 18 237 136 39 63 202 19 215 131 156 63 141 141 237 245 156 18 63 50 50 176 39 70 96 176 118 215 9 233 118 156 18 79 144 63 233 248 9 228 19 177 62 129 177 202 136 233 131 39 63 233 26 63 9 144 96 
  Facilities: 32
 9 : 1 4 79 111 121 132 142 221 231 247
 18 : 43 89 106 162 194 210 225
 19 : 12 54 66 119 167 169 190 200 233
 26 : 64 100 135 161 183 245
 27 : 50 76
 39 : 72 102 114 149 197 215 242
 50 : 27 30 34 105 110 138 186 212 213
 62 : 87 92 94 235
 63 : 81 113 118 122 145 198 204 211 228 243 246
 70 : 48 108 141 154 188 216
 79 : 9 10 38 52 95 171 226
 89 : 6 18 60 68 88
 96 : 7 14 22 25 77 83 131 173 193 217 249
 112 : 85 120 126 156 165
 118 : 3 15 44 75 117 152 219 223
 129 : 36 42 55 124 139 176 236
 131 : 17 21 53 69 91 93 96 98 163 202 241
 136 : 90 97 159 196 239
 141 : 51 57 70 84 205 206
 144 : 28 33 78 86 116 172 179 227 248
 156 : 16 112 180 203 209 224
 176 : 31 56 129 153 168 214 218
 177 : 45 82 104 157 182 187 234 237
 202 : 2 185 199 238
 215 : 39 127 181 201 220
 228 : 8 40 61 63 103 140 146 150 166 232
 231 : 0 23 24 32 37 147 158 164 191
 233 : 19 29 41 59 65 74 99 128 136 175 222 229 240 244
 235 : 35 49 62 67 107 133 134 151
 237 : 20 58 71 73 109 115 130 137 155 177 195 207
 245 : 5 11 13 26 80 178 192 208
 248 : 46 47 101 123 125 143 144 148 160 170 174 184 189 230
SOLUTION:
  Value: -258412.000000
  Assigns: 231 9 63 118 9 245 89 96 228 79 79 245 19 245 96 118 156 131 89 233 237 131 96 231 231 96 245 50 144 233 50 176 231 144 50 235 129 231 79 215 228 233 129 18 118 177 248 248 70 235 27 141 79 131 19 129 176 141 237 233 89 228 235 228 26 233 19 235 89 131 141 237 39 237 233 118 27 96 144 9 245 63 177 96 141 112 144 62 89 18 136 131 62 131 62 79 131 136 131 233 26 248 39 228 177 50 18 235 70 237 50 9 156 63 39 237 144 118 63 19 112 9 63 248 129 248 112 215 233 176 237 96 9 235 235 26 233 237 50 129 228 70 9 248 248 63 228 231 248 39 228 235 118 176 70 237 112 177 231 136 248 26 18 131 231 112 228 19 176 19 248 79 144 96 248 233 129 237 245 144 156 215 177 26 248 156 50 177 70 248 19 231 245 96 18 237 136 39 63 136 19 215 131 156 63 141 141 237 245 156 18 63 50 50 176 39 70 96 176 118 215 9 233 118 156 18 79 144 63 233 248 9 228 19 177 62 129 177 39 136 233 131 39 63 233 26 63 9 144 96 
  Facilities: 31
 9 : 1 4 79 111 121 132 142 221 231 247
 18 : 43 89 106 162 194 210 225
 19 : 12 54 66 119 167 169 190 200 233
 26 : 64 100 135 161 183 245
 27 : 50 76
 39 : 72 102 114 149 197 215 238 242
 50 : 27 30 34 105 110 138 186 212 213
 62 : 87 92 94 235
 63 : 2 81 113 118 122 145 198 204 211 228 243 246
 70 : 48 108 141 154 188 216
 79 : 9 10 38 52 95 171 226
 89 : 6 18 60 68 88
 96 : 7 14 22 25 77 83 131 173 193 217 249
 112 : 85 120 126 156 165
 118 : 3 15 44 75 117 152 219 223
 129 : 36 42 55 124 139 176 236
 131 : 17 21 53 69 91 93 96 98 163 202 241
 136 : 90 97 159 196 199 239
 141 : 51 57 70 84 205 206
 144 : 28 33 78 86 116 172 179 227 248
 156 : 16 112 180 185 203 209 224
 176 : 31 56 129 153 168 214 218
 177 : 45 82 104 157 182 187 234 237
 215 : 39 127 181 201 220
 228 : 8 40 61 63 103 140 146 150 166 232
 231 : 0 23 24 32 37 147 158 164 191
 233 : 19 29 41 59 65 74 99 128 136 175 222 229 240 244
 235 : 35 49 62 67 107 133 134 151
 237 : 20 58 71 73 109 115 130 137 155 177 195 207
 245 : 5 11 13 26 80 178 192 208
 248 : 46 47 101 123 125 143 144 148 160 170 174 184 189 230
SOLUTION:
  Value: -258431.000000
  Assigns: 231 9 63 118 9 245 89 96 228 79 79 245 19 245 96 118 156 131 89 233 237 131 96 231 231 96 245 50 144 233 50 176 231 144 50 235 129 231 79 215 228 233 129 233 118 177 248 248 70 235 27 141 79 131 19 129 176 141 237 233 89 228 235 228 26 233 19 235 89 131 141 237 39 237 233 118 27 96 144 9 245 63 177 96 141 112 144 62 89 96 136 131 62 131 62 79 131 136 131 233 26 248 39 228 177 50 112 235 70 237 50 9 156 63 39 237 144 118 63 19 112 9 63 248 129 248 112 215 233 176 237 96 9 235 235 26 233 237 50 129 228 70 9 248 248 63 228 231 248 39 228 235 118 176 70 237 112 177 231 136 248 26 245 131 231 112 228 19 176 19 248 79 144 96 248 233 129 237 245 144 156 215 177 26 248 156 50 177 70 248 19 231 245 96 136 237 136 39 63 136 19 215 131 156 63 141 141 237 245 156 62 63 50 50 176 39 70 96 176 118 215 9 233 118 156 215 79 144 63 233 248 9 228 19 177 62 129 177 39 136 233 131 39 63 233 26 63 9 144 96 
  Facilities: 30
 9 : 1 4 79 111 121 132 142 221 231 247
 19 : 12 54 66 119 167 169 190 200 233
 26 : 64 100 135 161 183 245
 27 : 50 76
 39 : 72 102 114 149 197 215 238 242
 50 : 27 30 34 105 110 138 186 212 213
 62 : 87 92 94 210 235
 63 : 2 81 113 118 122 145 198 204 211 228 243 246
 70 : 48 108 141 154 188 216
 79 : 9 10 38 52 95 171 226
 89 : 6 18 60 68 88
 96 : 7 14 22 25 77 83 89 131 173 193 217 249
 112 : 85 106 120 126 156 165
 118 : 3 15 44 75 117 152 219 223
 129 : 36 42 55 124 139 176 236
 131 : 17 21 53 69 91 93 96 98 163 202 241
 136 : 90 97 159 194 196 199 239
 141 : 51 57 70 84 205 206
 144 : 28 33 78 86 116 172 179 227 248
 156 : 16 112 180 185 203 209 224
 176 : 31 56 129 153 168 214 218
 177 : 45 82 104 157 182 187 234 237
 215 : 39 127 181 201 220 225
 228 : 8 40 61 63 103 140 146 150 166 232
 231 : 0 23 24 32 37 147 158 164 191
 233 : 19 29 41 43 59 65 74 99 128 136 175 222 229 240 244
 235 : 35 49 62 67 107 133 134 151
 237 : 20 58 71 73 109 115 130 137 155 177 195 207
 245 : 5 11 13 26 80 162 178 192 208
 248 : 46 47 101 123 125 143 144 148 160 170 174 184 189 230
