# Time: 982.510010
# Elapsed: 274.086060
# Input_file: splp/Uniform/1223UnifS.txt
# Pool_size: 400
# Iterations: 36
# Final_solutions: 13398
# Vision_range: 600
# Reduction_mode: REDUCTION_DISPERSE
# Dissimilitude: DISSIM_HAUSDORFF
# Facility_dist: FDISMODE_MINDIST
SOLUTION:
  Value: -75103.000000
  Assigns: 32 57 90 91 13 10 67 91 66 58 13 91 63 66 91 68 32 90 67 63 10 67 67 91 74 77 77 74 66 91 63 13 68 90 63 90 74 68 91 57 74 91 91 77 32 77 67 67 58 90 57 63 58 74 63 90 67 32 74 57 32 66 32 90 67 67 68 74 68 58 10 90 66 10 58 90 66 67 91 13 74 66 32 13 10 63 91 68 13 66 91 58 13 58 77 90 57 63 10 68 
  Facilities: 13
 10 : 5 20 70 73 84 98
 13 : 4 10 31 79 83 88 92
 32 : 0 16 44 57 60 62 82
 57 : 1 39 50 59 96
 58 : 9 48 52 69 74 91 93
 63 : 12 19 30 34 51 54 85 97
 66 : 8 13 28 61 72 76 81 89
 67 : 6 18 21 22 46 47 56 64 65 77
 68 : 15 32 37 66 68 87 99
 74 : 24 27 36 40 53 58 67 80
 77 : 25 26 43 45 94
 90 : 2 17 33 35 49 55 63 71 75 95
 91 : 3 7 11 14 23 29 38 41 42 78 86 90
SOLUTION:
  Value: -76155.000000
  Assigns: 32 57 90 91 13 63 67 91 66 58 13 91 63 66 91 68 32 90 67 63 66 67 67 91 74 77 77 74 66 91 63 13 68 90 63 90 74 68 91 57 74 91 91 77 32 77 67 67 58 90 57 63 58 74 63 90 67 32 74 57 32 66 32 90 67 67 68 74 68 58 90 90 66 90 58 90 66 67 91 13 74 66 32 13 13 63 91 68 13 66 91 58 13 58 77 90 57 63 58 68 
  Facilities: 12
 13 : 4 10 31 79 83 84 88 92
 32 : 0 16 44 57 60 62 82
 57 : 1 39 50 59 96
 58 : 9 48 52 69 74 91 93 98
 63 : 5 12 19 30 34 51 54 85 97
 66 : 8 13 20 28 61 72 76 81 89
 67 : 6 18 21 22 46 47 56 64 65 77
 68 : 15 32 37 66 68 87 99
 74 : 24 27 36 40 53 58 67 80
 77 : 25 26 43 45 94
 90 : 2 17 33 35 49 55 63 70 71 73 75 95
 91 : 3 7 11 14 23 29 38 41 42 78 86 90
SOLUTION:
  Value: -77498.000000
  Assigns: 32 57 90 91 13 57 67 91 66 58 13 91 68 66 91 68 32 90 67 57 66 67 67 91 74 77 77 74 66 91 13 13 68 90 91 90 74 68 91 57 74 91 91 77 32 77 67 67 58 90 57 57 58 74 68 90 67 32 74 57 32 66 32 90 67 67 68 74 68 58 90 90 66 90 58 90 66 67 91 13 74 66 32 13 13 13 91 68 13 66 91 58 13 58 77 90 57 58 58 68 
  Facilities: 11
 13 : 4 10 30 31 79 83 84 85 88 92
 32 : 0 16 44 57 60 62 82
 57 : 1 5 19 39 50 51 59 96
 58 : 9 48 52 69 74 91 93 97 98
 66 : 8 13 20 28 61 72 76 81 89
 67 : 6 18 21 22 46 47 56 64 65 77
 68 : 12 15 32 37 54 66 68 87 99
 74 : 24 27 36 40 53 58 67 80
 77 : 25 26 43 45 94
 90 : 2 17 33 35 49 55 63 70 71 73 75 95
 91 : 3 7 11 14 23 29 34 38 41 42 78 86 90
SOLUTION:
  Value: -79268.000000
  Assigns: 58 57 90 91 13 57 67 91 66 58 13 91 68 66 91 68 13 90 67 57 66 67 67 91 74 77 77 74 66 91 13 13 68 90 91 90 74 68 91 57 74 91 91 77 66 77 67 67 58 90 57 57 58 74 68 90 67 91 74 57 13 66 74 90 67 67 68 74 68 58 90 90 66 90 58 90 66 67 91 13 74 66 90 13 13 13 91 68 13 66 91 58 13 58 77 90 57 58 58 68 
  Facilities: 10
 13 : 4 10 16 30 31 60 79 83 84 85 88 92
 57 : 1 5 19 39 50 51 59 96
 58 : 0 9 48 52 69 74 91 93 97 98
 66 : 8 13 20 28 44 61 72 76 81 89
 67 : 6 18 21 22 46 47 56 64 65 77
 68 : 12 15 32 37 54 66 68 87 99
 74 : 24 27 36 40 53 58 62 67 80
 77 : 25 26 43 45 94
 90 : 2 17 33 35 49 55 63 70 71 73 75 82 95
 91 : 3 7 11 14 23 29 34 38 41 42 57 78 86 90
SOLUTION:
  Value: -82100.000000
  Assigns: 58 57 90 91 13 57 67 91 67 58 13 91 68 68 91 68 13 90 67 57 74 67 67 91 74 77 77 74 68 91 13 13 68 90 91 90 74 68 91 57 74 91 91 77 57 77 67 67 58 90 57 57 58 74 68 90 67 91 74 57 13 58 74 90 67 67 68 74 68 58 90 90 13 90 58 90 57 67 91 13 74 91 90 13 13 13 91 68 13 67 91 58 13 58 77 90 57 58 58 68 
  Facilities: 9
 13 : 4 10 16 30 31 60 72 79 83 84 85 88 92
 57 : 1 5 19 39 44 50 51 59 76 96
 58 : 0 9 48 52 61 69 74 91 93 97 98
 67 : 6 8 18 21 22 46 47 56 64 65 77 89
 68 : 12 13 15 28 32 37 54 66 68 87 99
 74 : 20 24 27 36 40 53 58 62 67 80
 77 : 25 26 43 45 94
 90 : 2 17 33 35 49 55 63 70 71 73 75 82 95
 91 : 3 7 11 14 23 29 34 38 41 42 57 78 81 86 90
SOLUTION:
  Value: -87626.000000
  Assigns: 58 57 90 91 13 57 67 91 67 58 13 91 68 68 91 68 13 90 67 57 74 67 67 91 74 91 13 74 68 91 13 13 68 90 91 90 74 68 91 57 74 91 91 74 57 90 67 67 58 90 57 57 58 74 68 90 67 91 74 57 13 58 74 90 67 67 68 74 68 58 90 90 13 90 58 90 57 67 91 13 74 91 90 13 13 13 91 68 13 67 91 58 13 58 13 90 57 58 58 68 
  Facilities: 8
 13 : 4 10 16 26 30 31 60 72 79 83 84 85 88 92 94
 57 : 1 5 19 39 44 50 51 59 76 96
 58 : 0 9 48 52 61 69 74 91 93 97 98
 67 : 6 8 18 21 22 46 47 56 64 65 77 89
 68 : 12 13 15 28 32 37 54 66 68 87 99
 74 : 20 24 27 36 40 43 53 58 62 67 80
 90 : 2 17 33 35 45 49 55 63 70 71 73 75 82 95
 91 : 3 7 11 14 23 25 29 34 38 41 42 57 78 81 86 90
SOLUTION:
  Value: -93058.000000
  Assigns: 1 7 31 63 28 7 67 87 67 16 79 44 53 50 14 42 44 54 97 63 42 67 97 31 53 42 42 16 54 63 14 54 79 16 63 97 97 17 87 54 17 54 87 63 79 50 16 67 87 31 42 63 79 44 63 28 67 44 1 97 1 67 44 44 67 28 16 11 11 31 17 53 53 28 28 97 63 31 54 87 97 53 28 11 53 63 11 79 14 97 63 67 7 44 97 79 87 42 16 97 
  Facilities: 19
 1 : 0 58 60
 7 : 1 5 92
 11 : 67 68 83 86
 14 : 14 30 88
 16 : 9 27 33 46 66 98
 17 : 37 40 70
 21 :
 28 : 4 55 65 73 74 82
 31 : 2 23 49 69 77
 42 : 15 20 25 26 50 97
 44 : 11 16 53 57 62 63 93
 50 : 13 45
 53 : 12 24 71 72 81 84
 54 : 17 28 31 39 41 78
 63 : 3 19 29 34 43 51 54 76 85 90
 67 : 6 8 21 47 56 61 64 91
 79 : 10 32 44 52 87 95
 87 : 7 38 42 48 79 96
 97 : 18 22 35 36 59 75 80 89 94 99
SOLUTION:
  Value: -93200.000000
  Assigns: 1 7 31 63 14 7 67 87 67 16 79 44 53 50 14 42 44 54 97 63 42 67 97 31 53 42 42 16 54 63 14 54 79 16 63 97 97 17 87 54 17 54 87 63 79 50 16 67 87 31 42 63 79 44 63 53 67 44 1 97 1 67 44 44 67 67 16 11 11 31 17 53 53 79 7 97 63 31 54 87 97 53 16 11 53 63 11 79 14 97 63 67 7 44 97 79 87 42 16 97 
  Facilities: 18
 1 : 0 58 60
 7 : 1 5 74 92
 11 : 67 68 83 86
 14 : 4 14 30 88
 16 : 9 27 33 46 66 82 98
 17 : 37 40 70
 21 :
 31 : 2 23 49 69 77
 42 : 15 20 25 26 50 97
 44 : 11 16 53 57 62 63 93
 50 : 13 45
 53 : 12 24 55 71 72 81 84
 54 : 17 28 31 39 41 78
 63 : 3 19 29 34 43 51 54 76 85 90
 67 : 6 8 21 47 56 61 64 65 91
 79 : 10 32 44 52 73 87 95
 87 : 7 38 42 48 79 96
 97 : 18 22 35 36 59 75 80 89 94 99
SOLUTION:
  Value: -94056.000000
  Assigns: 1 7 67 63 14 7 67 87 67 16 79 44 53 50 14 42 44 54 97 63 42 67 97 7 53 42 42 16 54 63 14 54 79 16 63 97 97 17 87 54 17 54 87 63 79 50 16 67 87 67 42 63 79 44 63 53 67 44 1 97 1 67 44 44 67 67 16 11 11 1 17 53 53 79 7 97 63 67 54 87 97 53 16 11 53 63 11 79 14 97 63 67 7 44 97 79 87 42 16 97 
  Facilities: 17
 1 : 0 58 60 69
 7 : 1 5 23 74 92
 11 : 67 68 83 86
 14 : 4 14 30 88
 16 : 9 27 33 46 66 82 98
 17 : 37 40 70
 21 :
 42 : 15 20 25 26 50 97
 44 : 11 16 53 57 62 63 93
 50 : 13 45
 53 : 12 24 55 71 72 81 84
 54 : 17 28 31 39 41 78
 63 : 3 19 29 34 43 51 54 76 85 90
 67 : 2 6 8 21 47 49 56 61 64 65 77 91
 79 : 10 32 44 52 73 87 95
 87 : 7 38 42 48 79 96
 97 : 18 22 35 36 59 75 80 89 94 99
SOLUTION:
  Value: -94117.000000
  Assigns: 57 57 90 91 13 57 67 91 67 74 13 91 68 68 91 68 13 90 67 57 74 67 67 91 74 91 13 74 68 91 13 13 68 90 91 90 74 68 91 57 74 91 91 74 57 90 67 67 74 90 57 57 91 74 68 90 67 91 74 57 13 67 74 90 67 67 68 74 68 57 90 90 13 90 91 90 57 67 91 13 74 91 90 13 13 13 91 68 13 67 91 67 13 90 13 90 57 90 67 68 
  Facilities: 7
 13 : 4 10 16 26 30 31 60 72 79 83 84 85 88 92 94
 57 : 0 1 5 19 39 44 50 51 59 69 76 96
 67 : 6 8 18 21 22 46 47 56 61 64 65 77 89 91 98
 68 : 12 13 15 28 32 37 54 66 68 87 99
 74 : 9 20 24 27 36 40 43 48 53 58 62 67 80
 90 : 2 17 33 35 45 49 55 63 70 71 73 75 82 93 95 97
 91 : 3 7 11 14 23 25 29 34 38 41 42 52 57 74 78 81 86 90
