# Time: 1249.410034
# Elapsed: 277.995056
# Input_file: splp/Uniform/2223UnifS.txt
# Pool_size: 400
# Iterations: 33
# Final_solutions: 11734
# Vision_range: 600
# Reduction_mode: REDUCTION_DISPERSE
# Dissimilitude: DISSIM_HAUSDORFF
# Facility_dist: FDISMODE_MINDIST
SOLUTION:
  Value: -76219.000000
  Assigns: 89 84 81 82 15 78 78 55 89 39 38 70 8 84 8 55 78 8 15 70 70 89 38 70 8 82 84 38 84 81 70 89 55 81 82 82 38 38 81 55 81 70 54 89 89 46 78 8 39 70 84 39 82 39 55 15 84 84 55 55 15 54 46 54 15 78 81 70 89 78 82 55 82 39 81 84 54 82 8 54 89 84 84 55 54 46 8 8 82 54 89 82 78 81 89 46 78 46 8 89 
  Facilities: 13
 8 : 12 14 17 24 47 78 86 87 98
 15 : 4 18 55 60 64
 38 : 10 22 27 36 37
 39 : 9 48 51 53 73
 46 : 45 62 85 95 97
 54 : 42 61 63 76 79 84 89
 55 : 7 15 32 39 54 58 59 71 83
 70 : 11 19 20 23 30 41 49 67
 78 : 5 6 16 46 65 69 92 96
 81 : 2 29 33 38 40 66 74 93
 82 : 3 25 34 35 52 70 72 77 88 91
 84 : 1 13 26 28 50 56 57 75 81 82
 89 : 0 8 21 31 43 44 68 80 90 94 99
SOLUTION:
  Value: -76406.000000
  Assigns: 89 84 81 82 38 78 78 55 89 39 38 70 8 84 8 55 78 8 39 70 70 89 38 70 8 82 84 38 84 81 70 89 55 81 82 82 38 38 81 55 81 70 54 89 89 46 78 8 39 70 84 39 82 39 55 54 84 84 55 55 55 54 46 54 54 78 81 70 89 78 82 55 82 39 81 84 54 82 8 54 89 84 84 55 54 46 8 8 82 54 89 82 78 81 89 46 78 46 8 89 
  Facilities: 12
 8 : 12 14 17 24 47 78 86 87 98
 38 : 4 10 22 27 36 37
 39 : 9 18 48 51 53 73
 46 : 45 62 85 95 97
 54 : 42 55 61 63 64 76 79 84 89
 55 : 7 15 32 39 54 58 59 60 71 83
 70 : 11 19 20 23 30 41 49 67
 78 : 5 6 16 46 65 69 92 96
 81 : 2 29 33 38 40 66 74 93
 82 : 3 25 34 35 52 70 72 77 88 91
 84 : 1 13 26 28 50 56 57 75 81 82
 89 : 0 8 21 31 43 44 68 80 90 94 99
SOLUTION:
  Value: -77254.000000
  Assigns: 89 84 54 82 38 78 78 55 89 39 38 70 8 84 8 55 78 8 39 70 70 89 38 70 8 82 84 38 84 55 70 89 55 55 82 82 38 38 78 55 46 70 54 89 89 46 78 8 39 70 84 39 82 39 55 54 84 84 55 55 55 54 46 54 54 78 82 70 89 78 82 55 82 39 38 84 54 82 8 54 89 84 84 55 54 46 8 8 82 54 89 82 78 54 89 46 78 46 8 89 
  Facilities: 11
 8 : 12 14 17 24 47 78 86 87 98
 38 : 4 10 22 27 36 37 74
 39 : 9 18 48 51 53 73
 46 : 40 45 62 85 95 97
 54 : 2 42 55 61 63 64 76 79 84 89 93
 55 : 7 15 29 32 33 39 54 58 59 60 71 83
 70 : 11 19 20 23 30 41 49 67
 78 : 5 6 16 38 46 65 69 92 96
 82 : 3 25 34 35 52 66 70 72 77 88 91
 84 : 1 13 26 28 50 56 57 75 81 82
 89 : 0 8 21 31 43 44 68 80 90 94 99
SOLUTION:
  Value: -79737.000000
  Assigns: 89 84 54 82 38 78 78 55 89 39 38 70 39 84 70 55 78 55 39 70 70 89 38 70 82 82 84 38 84 55 70 89 55 55 82 82 38 38 78 55 46 70 54 89 89 46 78 39 39 70 84 39 82 39 55 54 84 84 55 55 55 54 46 54 54 78 82 70 89 78 82 55 82 39 38 84 54 82 55 54 89 84 84 55 54 46 89 46 82 54 89 82 78 54 89 46 78 46 39 89 
  Facilities: 10
 38 : 4 10 22 27 36 37 74
 39 : 9 12 18 47 48 51 53 73 98
 46 : 40 45 62 85 87 95 97
 54 : 2 42 55 61 63 64 76 79 84 89 93
 55 : 7 15 17 29 32 33 39 54 58 59 60 71 78 83
 70 : 11 14 19 20 23 30 41 49 67
 78 : 5 6 16 38 46 65 69 92 96
 82 : 3 24 25 34 35 52 66 70 72 77 88 91
 84 : 1 13 26 28 50 56 57 75 81 82
 89 : 0 8 21 31 43 44 68 80 86 90 94 99
SOLUTION:
  Value: -82616.000000
  Assigns: 89 84 54 82 46 78 78 55 89 39 82 70 39 84 70 55 78 55 39 70 70 89 84 70 82 82 84 78 84 55 70 89 55 55 82 82 70 39 78 55 46 70 54 89 89 46 78 39 39 70 84 39 82 39 55 54 84 84 55 55 55 54 46 54 54 78 82 70 89 78 82 55 82 39 55 84 54 82 55 54 89 84 84 55 54 46 89 46 82 54 89 82 78 54 89 46 78 46 39 89 
  Facilities: 9
 39 : 9 12 18 37 47 48 51 53 73 98
 46 : 4 40 45 62 85 87 95 97
 54 : 2 42 55 61 63 64 76 79 84 89 93
 55 : 7 15 17 29 32 33 39 54 58 59 60 71 74 78 83
 70 : 11 14 19 20 23 30 36 41 49 67
 78 : 5 6 16 27 38 46 65 69 92 96
 82 : 3 10 24 25 34 35 52 66 70 72 77 88 91
 84 : 1 13 22 26 28 50 56 57 75 81 82
 89 : 0 8 21 31 43 44 68 80 86 90 94 99
SOLUTION:
  Value: -83398.000000
  Assigns: 89 84 81 82 15 78 78 55 60 60 37 70 8 84 8 55 78 87 15 70 70 89 84 70 8 82 84 4 84 81 70 89 55 19 82 82 70 37 81 55 81 60 27 19 89 84 78 8 82 70 84 70 97 89 87 15 84 84 37 27 27 37 87 19 15 78 37 70 89 78 82 55 82 60 81 84 60 97 8 97 89 97 84 55 84 60 8 19 82 97 89 82 78 81 27 8 78 85 8 89 
  Facilities: 17
 4 : 27
 8 : 12 14 24 47 78 86 95 98
 15 : 4 18 55 64
 19 : 33 43 63 87
 27 : 42 59 60 94
 37 : 10 37 58 61 66
 55 : 7 15 32 39 71 83
 60 : 8 9 41 73 76 85
 70 : 11 19 20 23 30 36 49 51 67
 78 : 5 6 16 46 65 69 92 96
 81 : 2 29 38 40 74 93
 82 : 3 25 34 35 48 70 72 88 91
 84 : 1 13 22 26 28 45 50 56 57 75 82 84
 85 : 97
 87 : 17 54 62
 89 : 0 21 31 44 53 68 80 90 99
 97 : 52 77 79 81 89
SOLUTION:
  Value: -84578.000000
  Assigns: 89 84 81 82 15 78 78 55 89 4 37 70 8 84 8 55 78 87 15 70 70 89 84 70 8 82 84 4 84 81 70 89 55 19 82 82 70 37 81 55 81 70 27 19 89 84 78 8 82 70 84 70 97 89 87 15 84 84 37 27 27 37 87 19 15 78 37 70 89 78 82 55 82 4 81 84 84 97 8 97 89 97 84 55 84 27 8 19 82 97 89 82 78 81 27 8 78 85 8 89 
  Facilities: 16
 4 : 9 27 73
 8 : 12 14 24 47 78 86 95 98
 15 : 4 18 55 64
 19 : 33 43 63 87
 27 : 42 59 60 85 94
 37 : 10 37 58 61 66
 55 : 7 15 32 39 71 83
 70 : 11 19 20 23 30 36 41 49 51 67
 78 : 5 6 16 46 65 69 92 96
 81 : 2 29 38 40 74 93
 82 : 3 25 34 35 48 70 72 88 91
 84 : 1 13 22 26 28 45 50 56 57 75 76 82 84
 85 : 97
 87 : 17 54 62
 89 : 0 8 21 31 44 53 68 80 90 99
 97 : 52 77 79 81 89
SOLUTION:
  Value: -86709.000000
  Assigns: 89 84 81 82 15 78 78 55 89 4 37 70 27 84 87 55 78 87 15 70 70 89 84 70 82 82 84 4 84 81 70 89 55 19 82 82 70 37 81 55 81 70 27 19 89 84 78 84 82 70 84 70 97 89 87 15 84 84 37 27 27 37 87 19 15 78 37 70 89 78 82 55 82 4 81 84 84 97 55 97 89 97 84 55 84 27 27 19 82 97 89 82 78 81 27 37 78 85 27 89 
  Facilities: 15
 4 : 9 27 73
 15 : 4 18 55 64
 19 : 33 43 63 87
 27 : 12 42 59 60 85 86 94 98
 37 : 10 37 58 61 66 95
 55 : 7 15 32 39 71 78 83
 70 : 11 19 20 23 30 36 41 49 51 67
 78 : 5 6 16 46 65 69 92 96
 81 : 2 29 38 40 74 93
 82 : 3 24 25 34 35 48 70 72 88 91
 84 : 1 13 22 26 28 45 47 50 56 57 75 76 82 84
 85 : 97
 87 : 14 17 54 62
 89 : 0 8 21 31 44 53 68 80 90 99
 97 : 52 77 79 81 89
SOLUTION:
  Value: -87046.000000
  Assigns: 84 84 54 82 46 78 78 55 84 39 82 70 39 84 70 55 78 55 39 70 70 82 84 70 82 82 84 78 84 55 70 82 55 55 82 82 70 39 78 55 46 70 54 55 54 46 78 39 39 70 84 39 82 39 55 54 84 84 55 55 55 54 46 54 54 78 82 70 82 78 82 55 82 39 55 84 54 82 55 54 55 84 84 55 54 46 78 46 82 54 70 82 78 54 55 46 78 46 39 84 
  Facilities: 8
 39 : 9 12 18 37 47 48 51 53 73 98
 46 : 4 40 45 62 85 87 95 97
 54 : 2 42 44 55 61 63 64 76 79 84 89 93
 55 : 7 15 17 29 32 33 39 43 54 58 59 60 71 74 78 80 83 94
 70 : 11 14 19 20 23 30 36 41 49 67 90
 78 : 5 6 16 27 38 46 65 69 86 92 96
 82 : 3 10 21 24 25 31 34 35 52 66 68 70 72 77 88 91
 84 : 0 1 8 13 22 26 28 50 56 57 75 81 82 99
SOLUTION:
  Value: -89177.000000
  Assigns: 89 84 81 97 15 78 78 55 89 4 37 70 27 84 87 55 78 87 15 70 70 89 84 70 85 81 84 4 84 81 70 89 55 19 70 85 70 37 81 55 81 70 27 19 89 84 78 84 81 70 84 70 97 89 87 15 84 84 37 27 27 37 87 19 15 78 37 70 89 78 70 55 15 4 81 84 84 97 55 97 89 97 84 55 84 27 27 19 15 97 89 4 78 81 27 37 78 85 27 89 
  Facilities: 14
 4 : 9 27 73 91
 15 : 4 18 55 64 72 88
 19 : 33 43 63 87
 27 : 12 42 59 60 85 86 94 98
 37 : 10 37 58 61 66 95
 55 : 7 15 32 39 71 78 83
 70 : 11 19 20 23 30 34 36 41 49 51 67 70
 78 : 5 6 16 46 65 69 92 96
 81 : 2 25 29 38 40 48 74 93
 84 : 1 13 22 26 28 45 47 50 56 57 75 76 82 84
 85 : 24 35 97
 87 : 14 17 54 62
 89 : 0 8 21 31 44 53 68 80 90 99
 97 : 3 52 77 79 81 89
