# Time: 150.899994
# Elapsed: 22.991409
# Input_file: splp/KoerkelGhosh-sym/500/b/gs500b-4
# Pool_size: 1000
# Iterations: 30
# Final_solutions: 26044
# Vision_range: 0
# Reduction_mode: REDUCTION_RANDOM
SOLUTION:
  Value: -546890.000000
  Assigns: 370 496 67 305 157 71 477 230 290 132 87 230 429 496 477 157 477 290 496 230 498 226 87 28 429 230 498 230 87 370 370 471 498 230 67 496 305 370 496 477 370 71 132 290 290 65 71 226 429 28 290 226 377 471 496 305 370 157 477 226 132 71 67 429 67 429 290 496 71 377 377 157 305 230 87 67 471 226 65 305 71 28 65 132 157 65 477 87 377 477 87 67 429 87 377 471 370 28 132 370 28 305 471 429 496 65 377 230 498 157 67 157 471 226 132 67 496 230 496 65 429 305 477 71 377 377 429 230 477 305 67 67 496 132 477 67 471 429 290 71 290 370 132 157 132 65 226 429 471 226 496 87 496 498 471 226 226 157 71 477 290 477 157 226 305 230 496 498 226 305 28 28 226 305 429 132 157 496 67 377 230 305 471 157 230 71 67 87 71 132 230 28 157 290 71 230 87 370 498 498 230 290 477 67 226 498 132 471 132 67 290 290 132 477 290 132 370 290 65 305 226 471 87 498 230 305 67 370 28 71 305 429 28 28 71 226 429 377 429 305 290 477 65 477 370 496 498 65 377 132 71 429 496 377 230 87 370 305 377 290 71 87 370 496 132 290 377 157 377 230 377 67 305 87 290 370 471 496 226 71 67 477 132 471 28 305 305 226 471 226 370 28 370 65 477 157 28 498 65 429 67 377 370 67 377 230 132 71 477 87 132 230 28 498 71 71 496 477 132 496 157 65 377 67 28 230 305 230 28 71 226 370 65 290 132 290 370 377 496 67 226 305 226 370 157 67 67 67 290 305 370 498 28 305 498 157 67 67 471 132 71 477 65 67 65 28 370 370 157 65 290 157 226 230 226 67 498 71 429 496 67 65 498 87 71 496 477 496 498 305 157 65 377 157 230 370 496 65 132 71 65 230 157 429 471 65 290 132 377 498 28 157 230 67 290 71 496 429 226 305 132 65 496 157 496 429 28 305 157 305 28 496 370 477 87 87 471 65 87 71 496 28 496 471 305 471 87 157 477 498 87 87 477 87 290 429 290 28 305 87 477 132 132 498 370 67 498 28 377 498 28 429 305 290 226 71 157 28 377 71 477 477 290 65 377 429 132 429 477 498 477 87 370 230 370 226 157 65 290 226 
  Facilities: 18
 28 : 23 49 81 97 100 170 171 191 228 232 233 284 291 296 312 324 328 352 365 410 426 430 441 457 467 470 477
 65 : 45 78 82 85 105 119 145 218 242 247 293 298 321 332 362 364 369 381 391 397 400 405 421 437 483 497
 67 : 2 34 62 64 75 91 110 115 130 131 135 178 186 203 209 226 271 280 300 303 323 339 345 346 347 356 357 363 375 380 413 465
 71 : 5 41 46 61 68 80 123 139 158 185 188 194 229 234 250 260 279 307 314 315 329 360 377 384 399 415 439 475 479
 87 : 10 22 28 74 87 90 93 151 187 196 222 255 261 273 309 383 434 435 438 446 450 451 453 459 491
 132 : 9 42 60 83 98 114 133 142 144 175 189 206 208 212 215 249 264 282 306 310 318 334 359 398 407 420 461 462 486
 157 : 4 15 57 71 84 109 111 143 157 162 176 183 192 267 295 320 344 355 368 371 390 393 402 411 423 428 447 476 496
 226 : 21 47 51 59 77 113 146 149 155 156 163 168 172 204 220 235 278 287 289 330 340 342 372 374 418 474 495 499
 230 : 7 11 19 25 27 33 73 107 117 127 165 180 184 190 195 200 224 254 269 305 311 325 327 373 394 401 412 493
 290 : 8 17 43 44 50 66 138 140 160 193 201 210 211 214 217 240 259 265 274 333 335 348 370 406 414 454 456 473 482 498
 305 : 3 36 55 72 79 101 121 129 164 169 173 181 219 225 230 239 257 272 285 286 326 341 349 353 389 419 427 429 444 458 472
 370 : 0 29 30 37 40 56 96 99 141 197 216 227 244 256 262 275 290 292 302 331 336 343 350 366 367 395 432 464 492 494
 377 : 52 69 70 88 94 106 124 125 179 237 248 253 258 266 268 270 301 304 322 337 392 408 468 478 484
 429 : 12 24 48 63 65 92 103 120 126 137 147 174 231 236 238 251 299 378 403 417 425 455 471 485 487
 471 : 31 53 76 95 102 112 136 148 154 182 207 221 276 283 288 358 404 436 443 445
 477 : 6 14 16 39 58 86 89 122 128 134 159 161 202 213 241 243 281 294 308 317 361 386 433 448 452 460 480 481 488 490
 496 : 1 13 18 35 38 54 67 104 116 118 132 150 152 166 177 245 252 263 277 316 319 338 379 385 387 396 416 422 424 431 440 442
 498 : 20 26 32 108 153 167 198 199 205 223 246 297 313 351 354 376 382 388 409 449 463 466 469 489
SOLUTION:
  Value: -547707.000000
  Assigns: 370 496 67 305 157 71 477 230 429 132 87 230 429 496 477 157 477 28 496 230 498 226 87 28 429 230 498 230 87 370 370 471 498 230 67 496 305 370 496 477 370 71 132 496 71 65 71 226 429 28 226 226 377 471 496 305 370 157 477 226 132 71 67 429 67 429 226 496 71 377 377 157 305 230 87 67 471 226 65 305 71 28 65 132 157 65 477 87 377 477 87 67 429 87 377 471 370 28 132 370 28 305 471 429 496 65 377 230 498 157 67 157 471 226 132 67 496 230 496 65 429 305 477 71 377 377 429 230 477 305 67 67 496 132 477 67 471 429 305 71 157 370 132 157 132 65 226 429 471 226 496 87 496 498 471 226 226 157 71 477 496 477 157 226 305 230 496 498 226 305 28 28 226 305 429 132 157 496 67 377 230 305 471 157 230 71 67 87 71 132 230 28 157 87 71 230 87 370 498 498 230 477 477 67 226 498 132 471 132 67 305 28 132 477 477 132 370 71 65 305 226 471 87 498 230 305 67 370 28 71 305 429 28 28 71 226 429 377 429 305 28 477 65 477 370 496 498 65 377 132 71 429 496 377 230 87 370 305 377 157 71 87 370 496 132 471 377 157 377 230 377 67 305 87 370 370 471 496 226 71 67 477 132 471 28 305 305 226 471 226 370 28 370 65 477 157 28 498 65 429 67 377 370 67 377 230 132 71 477 87 132 230 28 498 71 71 496 477 132 496 157 65 377 67 28 230 305 230 28 71 226 370 65 370 132 429 370 377 496 67 226 305 226 370 157 67 67 67 157 305 370 498 28 305 498 157 67 67 471 132 71 477 65 67 65 28 370 370 157 65 496 157 226 230 226 67 498 71 429 496 67 65 498 87 71 496 477 496 498 305 157 65 377 157 230 370 496 65 132 71 65 230 157 429 471 65 157 132 377 498 28 157 230 67 157 71 496 429 226 305 132 65 496 157 496 429 28 305 157 305 28 496 370 477 87 87 471 65 87 71 496 28 496 471 305 471 87 157 477 498 87 87 477 87 230 429 498 28 305 87 477 132 132 498 370 67 498 28 377 498 28 429 305 477 226 71 157 28 377 71 477 477 87 65 377 429 132 429 477 498 477 87 370 230 370 226 157 65 370 226 
  Facilities: 17
 28 : 17 23 49 81 97 100 170 171 191 211 228 232 233 240 284 291 296 312 324 328 352 365 410 426 430 441 457 467 470 477
 65 : 45 78 82 85 105 119 145 218 242 247 293 298 321 332 362 364 369 381 391 397 400 405 421 437 483 497
 67 : 2 34 62 64 75 91 110 115 130 131 135 178 186 203 209 226 271 280 300 303 323 339 345 346 347 356 357 363 375 380 413 465
 71 : 5 41 44 46 61 68 80 123 139 158 185 188 194 217 229 234 250 260 279 307 314 315 329 360 377 384 399 415 439 475 479
 87 : 10 22 28 74 87 90 93 151 187 193 196 222 255 261 273 309 383 434 435 438 446 450 451 453 459 482 491
 132 : 9 42 60 83 98 114 133 142 144 175 189 206 208 212 215 249 264 282 306 310 318 334 359 398 407 420 461 462 486
 157 : 4 15 57 71 84 109 111 140 143 157 162 176 183 192 259 267 295 320 344 348 355 368 371 390 393 402 406 411 414 423 428 447 476 496
 226 : 21 47 50 51 59 66 77 113 146 149 155 156 163 168 172 204 220 235 278 287 289 330 340 342 372 374 418 474 495 499
 230 : 7 11 19 25 27 33 73 107 117 127 165 180 184 190 195 200 224 254 269 305 311 325 327 373 394 401 412 454 493
 305 : 3 36 55 72 79 101 121 129 138 164 169 173 181 210 219 225 230 239 257 272 285 286 326 341 349 353 389 419 427 429 444 458 472
 370 : 0 29 30 37 40 56 96 99 141 197 216 227 244 256 262 274 275 290 292 302 331 333 336 343 350 366 367 395 432 464 492 494 498
 377 : 52 69 70 88 94 106 124 125 179 237 248 253 258 266 268 270 301 304 322 337 392 408 468 478 484
 429 : 8 12 24 48 63 65 92 103 120 126 137 147 174 231 236 238 251 299 335 378 403 417 425 455 471 485 487
 471 : 31 53 76 95 102 112 136 148 154 182 207 221 265 276 283 288 358 404 436 443 445
 477 : 6 14 16 39 58 86 89 122 128 134 159 161 201 202 213 214 241 243 281 294 308 317 361 386 433 448 452 460 473 480 481 488 490
 496 : 1 13 18 35 38 43 54 67 104 116 118 132 150 152 160 166 177 245 252 263 277 316 319 338 370 379 385 387 396 416 422 424 431 440 442
 498 : 20 26 32 108 153 167 198 199 205 223 246 297 313 351 354 376 382 388 409 449 456 463 466 469 489
SOLUTION:
  Value: -547810.000000
  Assigns: 21 139 374 175 126 362 139 350 245 103 368 21 136 23 206 446 175 139 446 119 95 308 175 245 490 23 23 308 23 8 8 368 119 45 350 136 45 350 38 8 126 126 83 362 149 126 8 103 490 149 206 245 206 21 490 103 139 45 136 245 136 119 95 446 83 362 175 245 103 175 139 139 368 119 149 376 420 83 446 139 374 350 175 420 136 490 38 446 136 350 45 446 119 136 155 103 362 175 446 21 83 350 490 376 139 103 374 374 155 103 374 206 490 95 119 308 8 8 103 350 368 206 368 95 38 95 45 490 38 175 45 446 175 245 136 139 8 206 446 308 362 139 420 23 83 368 21 21 362 103 136 245 103 362 45 126 206 368 376 103 308 374 374 119 308 350 136 95 490 21 8 23 126 139 376 376 490 490 45 245 103 206 376 149 206 38 21 155 21 139 126 175 126 490 175 23 45 376 45 350 362 45 420 368 362 103 149 446 362 490 420 155 490 23 362 103 149 119 95 149 420 136 83 38 175 126 374 21 149 206 149 23 446 38 350 446 308 245 350 8 362 119 83 368 21 8 368 21 95 490 21 376 245 350 8 23 8 206 83 374 350 139 83 38 350 376 45 206 376 308 362 119 446 95 83 376 376 490 126 126 374 119 136 126 45 175 155 175 350 420 45 45 119 368 206 175 119 95 8 155 368 490 446 374 362 45 119 126 139 308 490 103 8 446 308 38 45 38 119 21 126 83 175 376 83 21 368 83 103 95 83 38 420 175 8 374 206 350 175 119 139 38 149 490 368 126 446 83 139 83 119 21 95 119 374 45 23 126 83 45 8 376 8 149 23 175 446 126 420 139 350 362 23 368 119 136 103 245 8 206 119 126 95 175 446 362 350 95 374 376 8 126 446 362 362 206 149 374 350 175 245 23 350 149 350 155 374 490 139 95 8 446 490 420 446 136 83 119 126 136 368 350 119 350 206 490 376 149 368 126 420 350 149 490 446 206 21 149 149 446 126 23 38 119 368 8 245 490 420 446 126 368 446 103 490 23 362 126 175 368 155 21 95 245 103 45 368 175 374 490 155 103 8 376 362 8 376 308 350 8 376 149 308 45 38 119 368 95 126 119 368 139 490 362 490 245 245 119 376 23 
  Facilities: 26
 8 : 29 30 39 46 116 117 136 170 239 245 254 256 298 312 334 360 362 378 390 410 445 472 475 479
 21 : 0 11 53 99 146 147 169 186 188 227 244 247 250 319 325 351 436 461
 23 : 13 25 26 28 143 171 195 213 231 255 356 364 372 401 441 455 499
 38 : 38 86 124 128 185 223 233 263 315 317 331 341 442 484
 45 : 33 36 57 90 126 130 154 178 196 198 201 266 284 290 291 305 316 355 359 465 483
 83 : 42 64 77 100 144 222 242 258 262 274 321 324 327 330 347 349 358 416
 95 : 20 62 113 123 125 167 218 248 273 297 329 352 382 387 409 462 487
 103 : 9 47 55 68 95 105 109 118 149 152 159 180 205 215 311 328 376 453 464 471
 119 : 19 32 61 73 92 114 163 217 241 271 281 292 296 306 318 339 350 353 374 380 417 422 443 485 489 497
 126 : 4 40 41 45 155 172 190 192 225 278 279 283 307 320 345 357 367 381 391 418 429 440 450 457 488
 136 : 12 35 58 60 84 88 93 134 150 166 221 282 375 415 419
 139 : 1 6 17 56 70 71 79 104 135 141 173 189 261 308 340 348 369 408 491
 149 : 44 49 74 183 206 216 219 228 230 342 363 396 403 427 432 437 438 481
 155 : 94 108 187 211 286 299 405 460 470
 175 : 3 16 22 66 69 82 97 129 132 191 194 224 285 287 295 322 333 338 365 383 399 458 467
 206 : 14 50 52 111 121 137 156 181 184 229 257 267 294 336 379 395 424 435
 245 : 8 23 51 59 67 133 151 179 237 252 377 400 446 463 495 496
 308 : 21 27 115 139 160 164 236 269 309 314 477 482
 350 : 7 34 37 81 89 101 119 165 199 234 238 253 260 264 288 337 370 386 398 402 404 421 423 431 478
 362 : 5 43 65 96 140 148 153 200 204 208 214 240 270 304 371 385 393 394 456 474 493
 368 : 10 31 72 120 122 145 157 203 243 246 293 300 326 344 373 420 428 444 451 459 466 486 490
 374 : 2 80 106 107 110 161 162 226 259 280 303 335 354 388 397 406 468
 376 : 75 103 158 174 175 182 197 251 265 268 275 276 323 361 389 426 473 476 480 498
 420 : 76 83 142 202 210 220 289 332 368 413 430 448
 446 : 15 18 63 78 87 91 98 131 138 207 232 235 272 302 313 346 366 384 392 411 414 434 439 449 452
 490 : 24 48 54 85 102 112 127 168 176 177 193 209 212 249 277 301 310 343 407 412 425 433 447 454 469 492 494
SOLUTION:
  Value: -547832.000000
  Assigns: 21 139 374 175 126 362 139 350 245 103 368 21 136 23 206 446 175 139 446 119 95 308 175 245 21 23 23 308 23 8 8 368 119 45 350 136 45 350 38 8 126 126 83 362 149 126 8 103 83 149 206 245 206 21 362 103 139 45 136 245 136 119 95 446 83 362 175 245 103 175 139 139 368 119 149 376 420 83 446 139 374 350 175 420 136 245 38 446 136 350 45 446 119 136 155 103 362 175 446 21 83 350 136 376 139 103 374 374 155 103 374 206 175 95 119 308 8 8 103 350 368 206 368 95 38 95 45 8 38 175 45 446 175 245 136 139 8 206 446 308 362 139 420 23 83 368 21 21 362 103 136 245 103 362 45 126 206 368 376 103 308 374 374 119 308 350 136 95 139 21 8 23 126 139 376 376 175 374 45 245 103 206 376 149 206 38 21 155 21 139 126 175 126 136 175 23 45 376 45 350 362 45 420 368 362 103 149 446 362 155 420 155 119 23 362 103 149 119 95 149 420 136 83 38 175 126 374 21 149 206 149 23 446 38 350 446 308 245 350 8 362 119 83 368 21 8 368 21 95 126 21 376 245 350 8 23 8 206 83 374 350 139 83 38 350 376 45 206 376 308 362 119 446 95 83 376 376 420 126 126 374 119 136 126 45 175 155 175 350 420 45 45 119 368 206 175 119 95 8 155 368 136 446 374 362 45 119 126 139 308 136 103 8 446 308 38 45 38 119 21 126 83 175 376 83 21 368 83 103 95 83 38 420 175 8 374 206 350 175 119 139 38 149 136 368 126 446 83 139 83 119 21 95 119 374 45 23 126 83 45 8 376 8 149 23 175 446 126 420 139 350 362 23 368 119 136 103 245 8 206 119 126 95 175 446 362 350 95 374 376 8 126 446 362 362 206 149 374 350 175 245 23 350 149 350 155 374 368 139 95 8 446 23 420 446 136 83 119 126 136 368 350 119 350 206 376 376 149 368 126 420 350 149 149 446 206 21 149 149 446 126 23 38 119 368 8 245 155 420 446 126 368 446 103 38 23 362 126 175 368 155 21 95 245 103 45 368 175 374 136 155 103 8 376 362 8 376 308 350 8 376 149 308 45 38 119 368 95 126 119 368 139 446 362 175 245 245 119 376 23 
  Facilities: 25
 8 : 29 30 39 46 116 117 127 136 170 239 245 254 256 298 312 334 360 362 378 390 410 445 472 475 479
 21 : 0 11 24 53 99 146 147 169 186 188 227 244 247 250 319 325 351 436 461
 23 : 13 25 26 28 143 171 195 213 231 255 356 364 372 401 412 441 455 499
 38 : 38 86 124 128 185 223 233 263 315 317 331 341 442 454 484
 45 : 33 36 57 90 126 130 154 178 196 198 201 266 284 290 291 305 316 355 359 465 483
 83 : 42 48 64 77 100 144 222 242 258 262 274 321 324 327 330 347 349 358 416
 95 : 20 62 113 123 125 167 218 248 273 297 329 352 382 387 409 462 487
 103 : 9 47 55 68 95 105 109 118 149 152 159 180 205 215 311 328 376 453 464 471
 119 : 19 32 61 73 92 114 163 212 217 241 271 281 292 296 306 318 339 350 353 374 380 417 422 443 485 489 497
 126 : 4 40 41 45 155 172 190 192 225 249 278 279 283 307 320 345 357 367 381 391 418 429 440 450 457 488
 136 : 12 35 58 60 84 88 93 102 134 150 166 193 221 282 301 310 343 375 415 419 469
 139 : 1 6 17 56 70 71 79 104 135 141 168 173 189 261 308 340 348 369 408 491
 149 : 44 49 74 183 206 216 219 228 230 342 363 396 403 427 432 433 437 438 481
 155 : 94 108 187 209 211 286 299 405 447 460 470
 175 : 3 16 22 66 69 82 97 112 129 132 176 191 194 224 285 287 295 322 333 338 365 383 399 458 467 494
 206 : 14 50 52 111 121 137 156 181 184 229 257 267 294 336 379 395 424 435
 245 : 8 23 51 59 67 85 133 151 179 237 252 377 400 446 463 495 496
 308 : 21 27 115 139 160 164 236 269 309 314 477 482
 350 : 7 34 37 81 89 101 119 165 199 234 238 253 260 264 288 337 370 386 398 402 404 421 423 431 478
 362 : 5 43 54 65 96 140 148 153 200 204 208 214 240 270 304 371 385 393 394 456 474 493
 368 : 10 31 72 120 122 145 157 203 243 246 293 300 326 344 373 407 420 428 444 451 459 466 486 490
 374 : 2 80 106 107 110 161 162 177 226 259 280 303 335 354 388 397 406 468
 376 : 75 103 158 174 175 182 197 251 265 268 275 276 323 361 389 425 426 473 476 480 498
 420 : 76 83 142 202 210 220 277 289 332 368 413 430 448
 446 : 15 18 63 78 87 91 98 131 138 207 232 235 272 302 313 346 366 384 392 411 414 434 439 449 452 492
SOLUTION:
  Value: -547869.000000
  Assigns: 21 139 374 175 132 362 139 376 245 132 368 21 136 23 206 446 175 139 446 119 21 377 175 245 21 23 23 308 23 132 8 368 119 45 139 136 45 132 38 8 132 173 83 362 149 308 8 103 83 149 206 245 377 173 362 103 139 45 136 245 132 119 45 446 83 362 175 245 103 377 377 139 368 119 149 376 377 83 446 139 374 23 175 132 136 245 38 446 377 377 45 446 119 173 155 103 173 175 446 21 83 21 136 376 139 103 377 374 155 132 374 206 175 45 119 308 8 377 103 374 368 206 368 23 38 377 45 8 38 175 45 446 175 245 136 139 8 206 173 173 362 139 132 23 83 368 21 21 362 132 136 245 103 362 45 8 206 368 376 103 173 374 173 119 308 173 136 173 139 21 8 23 103 139 376 132 175 374 45 377 103 206 376 149 206 38 173 173 21 139 83 175 103 136 175 23 45 376 45 175 362 45 420 368 362 103 132 446 132 155 420 173 132 23 362 103 149 119 446 149 420 136 83 38 175 21 374 21 149 206 149 23 446 38 21 446 308 245 376 8 362 119 83 368 21 8 132 173 377 132 21 376 245 21 8 173 8 206 83 374 136 139 83 38 132 376 45 206 377 308 362 119 446 8 83 376 376 377 362 245 374 119 136 376 45 175 155 175 155 420 45 45 173 368 206 175 119 132 8 155 368 377 446 374 362 173 119 23 139 308 132 103 8 446 308 38 45 38 119 21 173 83 377 173 83 21 368 83 103 206 83 38 420 175 8 374 173 377 175 119 139 38 149 136 368 136 446 83 139 83 119 21 245 119 374 45 173 173 83 132 8 376 8 149 23 175 446 83 420 139 175 362 23 368 119 136 103 245 8 377 119 245 149 175 446 362 173 83 374 376 8 132 377 362 362 206 149 374 132 175 245 23 173 149 376 155 374 132 377 206 8 446 23 420 173 136 83 119 173 136 368 38 119 149 206 376 376 149 368 103 420 206 149 149 446 206 21 149 149 446 132 23 38 119 368 8 245 155 420 446 139 368 446 103 38 23 362 45 175 368 155 21 132 245 103 45 368 175 377 136 155 103 8 376 362 8 376 308 173 8 376 149 308 45 38 119 132 139 45 119 368 139 446 362 173 245 245 119 376 23 
  Facilities: 25
 8 : 30 39 46 116 127 136 155 170 239 245 254 256 273 298 312 334 360 362 378 390 410 445 472 475 479
 21 : 0 11 20 24 99 101 146 147 169 188 225 227 234 244 250 253 319 325 351 436 461
 23 : 13 25 26 28 81 123 143 171 195 213 231 307 364 372 401 412 441 455 499
 38 : 38 86 124 128 185 223 233 263 315 317 331 341 421 442 454 484
 45 : 33 36 57 62 90 113 126 130 154 178 196 198 201 266 284 290 291 316 355 457 465 483 488
 83 : 42 48 64 77 100 144 190 222 242 258 262 274 321 324 327 330 347 349 358 367 387 416
 103 : 47 55 68 95 105 118 152 159 172 180 192 205 215 311 328 376 429 453 464 471
 119 : 19 32 61 73 92 114 163 217 241 271 281 296 306 318 339 350 353 374 380 417 422 443 485 489 497
 132 : 4 9 29 37 40 60 83 109 142 149 175 206 208 212 246 249 264 297 310 359 391 398 407 440 462 486
 136 : 12 35 58 84 102 134 150 166 193 221 260 282 343 345 375 415 419 469
 139 : 1 6 17 34 56 71 79 104 135 141 168 173 189 261 308 340 348 369 450 487 491
 149 : 44 49 74 183 216 219 228 230 342 363 382 396 403 423 427 432 433 437 438 481
 155 : 94 108 209 286 288 299 405 447 460 470
 173 : 41 53 93 96 138 139 160 162 165 167 186 187 211 247 255 292 305 320 323 336 356 357 386 402 414 418 478 494
 175 : 3 16 22 66 82 97 112 129 132 176 191 194 199 224 285 287 295 333 338 365 370 383 399 458 467
 206 : 14 50 111 121 137 156 181 184 229 257 267 294 329 395 409 424 431 435
 245 : 8 23 51 59 67 85 133 151 237 252 279 352 377 381 400 446 463 495 496
 308 : 27 45 115 164 236 269 309 314 477 482
 362 : 5 43 54 65 140 148 153 200 204 214 240 270 278 304 371 385 393 394 456 474 493
 368 : 10 31 72 120 122 145 157 203 243 293 300 326 344 373 420 428 444 451 459 466 490
 374 : 2 80 107 110 119 161 177 226 259 280 303 335 354 388 397 406
 376 : 7 75 103 158 174 182 197 238 251 265 275 276 283 361 389 404 425 426 473 476 480 498
 377 : 21 52 69 70 76 88 89 106 117 125 179 248 268 277 301 322 337 379 392 408 468
 420 : 202 210 220 289 332 368 413 430 448
 446 : 15 18 63 78 87 91 98 131 207 218 232 235 272 302 313 346 366 384 411 434 439 449 452 492
SOLUTION:
  Value: -547920.000000
  Assigns: 21 405 374 175 129 362 139 376 245 132 368 453 453 23 206 362 175 139 139 119 21 129 175 245 21 23 23 308 23 132 8 368 405 45 139 136 45 132 38 8 132 376 149 362 149 308 8 103 245 149 206 245 206 21 362 103 139 45 136 245 132 119 45 362 206 362 175 453 103 175 139 139 368 119 453 376 420 405 129 139 374 23 175 132 136 245 453 453 136 23 45 129 119 136 155 103 453 175 132 21 23 21 453 376 139 103 374 374 155 132 453 206 175 45 119 308 8 8 453 374 368 206 368 453 38 453 45 8 38 453 45 155 175 245 136 139 8 206 362 308 362 139 132 23 136 368 21 21 362 132 136 245 103 362 45 405 206 368 376 103 308 374 374 119 308 405 136 45 139 21 8 23 103 139 376 132 453 374 45 245 103 405 453 149 206 38 21 155 21 139 374 175 103 136 405 23 45 376 45 453 362 45 420 368 362 103 132 453 132 155 420 405 132 405 362 103 129 119 45 149 420 136 38 38 175 21 374 21 149 206 149 23 21 38 21 368 308 405 376 8 362 119 119 368 21 8 132 21 136 132 21 376 245 21 8 23 8 206 206 374 136 139 374 38 132 129 45 206 376 308 362 119 376 405 453 376 376 453 405 405 374 119 136 129 45 405 155 129 155 420 45 45 119 368 206 175 119 129 8 155 368 405 149 374 362 129 119 453 139 308 132 103 8 368 308 38 453 38 119 21 149 129 175 376 405 21 368 129 103 405 129 38 453 175 8 374 206 374 175 119 139 38 129 136 368 136 45 405 139 119 119 21 245 119 129 45 23 245 453 132 8 376 8 149 23 453 453 149 420 139 175 362 23 368 119 405 103 245 8 206 119 245 149 175 374 362 45 129 374 376 8 132 420 362 362 206 149 374 129 175 245 23 362 149 376 155 374 132 139 206 453 206 405 420 206 136 453 119 119 136 368 38 119 453 206 376 376 149 368 103 420 453 149 405 129 206 21 149 149 38 132 23 38 119 368 8 245 453 420 368 139 368 362 129 38 23 362 45 175 405 129 21 132 405 103 45 368 175 374 129 155 103 8 376 362 8 376 308 420 8 376 149 308 45 38 119 132 405 45 119 405 139 453 362 175 245 245 119 376 23 
  Facilities: 24
 8 : 30 39 46 116 117 127 136 170 239 245 254 256 298 312 334 360 362 378 390 445 472 475 479
 21 : 0 20 24 53 99 101 146 147 169 186 188 225 227 232 234 244 247 250 253 319 325 351 436 461
 23 : 13 25 26 28 81 89 100 143 171 195 231 255 356 364 372 401 441 455 499
 38 : 38 124 128 185 222 223 233 263 315 317 331 341 421 439 442 454 484
 45 : 33 36 57 62 90 113 126 130 154 167 178 196 198 201 218 266 284 290 291 346 355 386 457 465 483 488
 103 : 47 55 68 95 105 152 159 172 180 192 205 215 311 328 376 429 464 471
 119 : 19 61 73 92 114 163 217 241 242 271 281 292 296 306 318 339 349 350 353 374 380 417 418 422 443 485 489 497
 129 : 4 21 78 91 216 265 283 287 297 305 321 327 330 342 354 387 398 434 453 460 469
 132 : 9 29 37 40 60 83 98 109 142 149 175 206 208 212 246 249 264 310 359 391 407 440 462 486
 136 : 35 58 84 88 93 134 144 150 166 193 221 248 260 282 343 345 415 419
 139 : 6 17 18 34 56 70 71 79 104 135 141 168 173 189 261 308 340 348 369 408 450 491
 149 : 42 44 49 183 219 228 230 302 320 363 367 382 396 403 427 432 437 438 481
 155 : 94 108 131 187 209 286 288 299 405 470
 175 : 3 16 22 66 69 82 97 112 132 191 224 295 322 333 338 370 383 399 458 467 494
 206 : 14 50 52 64 111 121 137 156 184 229 257 258 267 294 336 379 395 409 411 414 424 435
 245 : 8 23 48 51 59 85 133 151 179 252 352 357 377 381 400 446 495 496
 308 : 27 45 115 139 160 164 236 269 309 314 477 482
 362 : 5 15 43 54 63 65 138 140 148 153 200 204 214 240 270 304 371 385 393 394 402 452 456 474 493
 368 : 10 31 72 120 122 145 157 203 235 243 293 300 313 326 344 373 420 428 444 449 451 466
 374 : 2 80 106 107 119 161 162 177 190 226 259 262 280 303 335 337 384 388 397 406 468
 376 : 7 41 75 103 158 174 197 238 251 268 272 275 276 323 361 389 404 425 426 473 476 480 498
 405 : 1 32 77 155 165 181 194 211 213 237 273 278 279 285 301 324 329 347 375 412 433 459 463 487 490
 420 : 76 202 210 220 289 368 392 413 430 448 478
 453 : 11 12 67 74 86 87 96 102 110 118 123 125 129 176 182 199 207 274 277 307 316 332 358 365 366 410 416 423 431 447 492
SOLUTION:
  Value: -547922.000000
  Assigns: 21 139 374 175 126 362 139 350 245 103 368 21 136 23 206 362 175 139 139 119 95 308 175 245 21 23 23 308 23 8 8 368 119 45 350 136 45 350 38 8 126 126 83 362 149 126 8 103 83 149 206 245 206 21 362 103 139 45 136 245 136 119 95 362 83 362 175 245 103 175 139 139 368 119 149 376 420 83 362 139 374 350 175 420 136 245 38 8 136 350 45 103 119 136 155 103 362 175 95 21 83 350 136 376 139 103 374 374 155 103 374 206 175 95 119 308 8 8 103 350 368 206 368 95 38 95 45 8 38 175 45 95 175 245 136 139 8 206 362 308 362 139 420 23 83 368 21 21 362 103 136 245 103 362 45 126 206 368 376 103 308 374 374 119 308 350 136 95 139 21 8 23 126 139 376 376 175 374 45 245 103 206 376 149 206 38 21 155 21 139 126 175 126 136 175 23 45 376 45 350 362 45 420 368 362 103 149 23 362 155 420 155 119 23 362 103 149 119 95 149 420 136 83 38 175 126 374 21 149 206 149 23 21 38 350 368 308 245 350 8 362 119 83 368 21 8 368 21 95 126 21 376 245 350 8 23 8 206 83 374 350 139 83 38 350 376 45 206 376 308 362 119 376 95 83 376 376 420 126 126 374 119 136 126 45 175 155 175 350 420 45 45 119 368 206 175 119 95 8 155 368 136 149 374 362 45 119 126 139 308 136 103 8 95 308 38 45 38 119 21 126 83 175 376 83 21 368 83 103 95 83 38 420 175 8 374 206 350 175 119 139 38 149 136 368 126 83 83 139 83 119 21 95 119 374 45 23 126 83 45 8 376 8 149 23 175 139 126 420 139 350 362 23 368 119 136 103 245 8 206 119 126 95 175 374 362 350 95 374 376 8 126 420 362 362 206 149 374 350 175 245 23 350 149 350 155 374 368 139 95 8 206 23 420 83 136 83 119 126 136 368 350 119 350 206 376 376 149 368 126 420 350 149 149 420 206 21 149 149 38 126 23 38 119 368 8 245 155 420 368 126 368 362 103 38 23 362 126 175 368 155 21 95 245 103 45 368 175 374 136 155 103 8 376 362 8 376 308 350 8 376 149 308 45 38 119 368 95 126 119 368 139 149 362 175 245 245 119 376 23 
  Facilities: 24
 8 : 29 30 39 46 87 116 117 127 136 170 239 245 254 256 298 312 334 360 362 378 390 410 445 472 475 479
 21 : 0 11 24 53 99 146 147 169 186 188 227 232 244 247 250 319 325 351 436 461
 23 : 13 25 26 28 143 171 195 207 213 231 255 356 364 372 401 412 441 455 499
 38 : 38 86 124 128 185 223 233 263 315 317 331 341 439 442 454 484
 45 : 33 36 57 90 126 130 154 178 196 198 201 266 284 290 291 305 316 355 359 465 483
 83 : 42 48 64 77 100 144 222 242 258 262 274 321 324 327 330 346 347 349 358 414 416
 95 : 20 62 98 113 123 125 131 167 218 248 273 297 313 329 352 382 387 409 462 487
 103 : 9 47 55 68 91 95 105 109 118 149 152 159 180 205 215 311 328 376 453 464 471
 119 : 19 32 61 73 92 114 163 212 217 241 271 281 292 296 306 318 339 350 353 374 380 417 422 443 485 489 497
 126 : 4 40 41 45 155 172 190 192 225 249 278 279 283 307 320 345 357 367 381 391 418 429 440 450 457 488
 136 : 12 35 58 60 84 88 93 102 134 150 166 193 221 282 301 310 343 375 415 419 469
 139 : 1 6 17 18 56 70 71 79 104 135 141 168 173 189 261 308 340 348 366 369 408 491
 149 : 44 49 74 183 206 216 219 228 230 302 342 363 396 403 427 432 433 437 438 481 492
 155 : 94 108 187 209 211 286 299 405 447 460 470
 175 : 3 16 22 66 69 82 97 112 129 132 176 191 194 224 285 287 295 322 333 338 365 383 399 458 467 494
 206 : 14 50 52 111 121 137 156 181 184 229 257 267 294 336 379 395 411 424 435
 245 : 8 23 51 59 67 85 133 151 179 237 252 377 400 446 463 495 496
 308 : 21 27 115 139 160 164 236 269 309 314 477 482
 350 : 7 34 37 81 89 101 119 165 199 234 238 253 260 264 288 337 370 386 398 402 404 421 423 431 478
 362 : 5 15 43 54 63 65 78 96 138 140 148 153 200 204 208 214 240 270 304 371 385 393 394 452 456 474 493
 368 : 10 31 72 120 122 145 157 203 235 243 246 293 300 326 344 373 407 420 428 444 449 451 459 466 486 490
 374 : 2 80 106 107 110 161 162 177 226 259 280 303 335 354 384 388 397 406 468
 376 : 75 103 158 174 175 182 197 251 265 268 272 275 276 323 361 389 425 426 473 476 480 498
 420 : 76 83 142 202 210 220 277 289 332 368 392 413 430 434 448
SOLUTION:
  Value: -548001.000000
  Assigns: 21 139 374 175 126 362 139 376 245 103 368 21 136 23 206 362 175 139 139 119 95 308 175 245 21 23 23 308 23 8 8 368 119 45 139 136 45 139 38 8 126 126 83 362 149 126 8 103 83 149 206 245 206 21 362 103 139 45 136 245 136 119 95 362 83 362 175 245 103 175 139 139 368 119 149 376 420 83 362 139 374 23 175 420 136 245 38 8 136 126 45 103 119 136 155 103 362 175 95 21 83 21 136 376 139 103 374 374 155 103 374 206 175 95 119 308 8 8 103 374 368 206 368 95 38 95 45 8 38 175 45 95 175 245 136 139 8 206 362 308 362 139 420 23 83 368 21 21 362 103 136 245 103 362 45 126 206 368 376 103 308 374 374 119 308 374 136 95 139 21 8 23 126 139 376 376 175 374 45 245 103 206 376 149 206 38 21 155 21 139 126 175 126 136 175 23 45 376 45 175 362 45 420 368 362 103 149 23 362 155 420 155 119 23 362 103 149 119 95 149 420 136 83 38 175 126 374 21 149 206 149 23 21 38 21 368 308 245 376 8 362 119 83 368 21 8 368 21 95 126 21 376 245 21 8 23 8 206 83 374 136 139 83 38 23 376 45 206 376 308 362 119 376 95 83 376 376 420 126 126 374 119 136 126 45 175 155 175 155 420 45 45 119 368 206 175 119 95 8 155 368 136 149 374 362 45 119 126 139 308 136 103 8 95 308 38 45 38 119 21 126 83 175 376 83 21 368 83 103 95 83 38 420 175 8 374 206 374 175 119 139 38 149 136 368 126 83 83 139 83 119 21 95 119 374 45 23 126 83 45 8 376 8 149 23 175 139 126 420 139 175 362 23 368 119 136 103 245 8 206 119 126 95 175 374 362 45 95 374 376 8 126 420 362 362 206 149 374 374 175 245 23 362 149 376 155 374 368 139 95 8 206 23 420 83 136 83 119 126 136 368 38 119 149 206 376 376 149 368 126 420 206 149 149 420 206 21 149 149 38 126 23 38 119 368 8 245 155 420 368 126 368 362 103 38 23 362 126 175 368 155 21 95 245 103 45 368 175 374 136 155 103 8 376 362 8 376 308 420 8 376 149 308 45 38 119 368 95 126 119 368 139 149 362 175 245 245 119 376 23 
  Facilities: 23
 8 : 29 30 39 46 87 116 117 127 136 170 239 245 254 256 298 312 334 360 362 378 390 410 445 472 475 479
 21 : 0 11 24 53 99 101 146 147 169 186 188 227 232 234 244 247 250 253 319 325 351 436 461
 23 : 13 25 26 28 81 143 171 195 207 213 231 255 264 356 364 372 401 412 441 455 499
 38 : 38 86 124 128 185 223 233 263 315 317 331 341 421 439 442 454 484
 45 : 33 36 57 90 126 130 154 178 196 198 201 266 284 290 291 305 316 355 359 386 465 483
 83 : 42 48 64 77 100 144 222 242 258 262 274 321 324 327 330 346 347 349 358 414 416
 95 : 20 62 98 113 123 125 131 167 218 248 273 297 313 329 352 382 387 409 462 487
 103 : 9 47 55 68 91 95 105 109 118 149 152 159 180 205 215 311 328 376 453 464 471
 119 : 19 32 61 73 92 114 163 212 217 241 271 281 292 296 306 318 339 350 353 374 380 417 422 443 485 489 497
 126 : 4 40 41 45 89 155 172 190 192 225 249 278 279 283 307 320 345 357 367 381 391 418 429 440 450 457 488
 136 : 12 35 58 60 84 88 93 102 134 150 166 193 221 260 282 301 310 343 375 415 419 469
 139 : 1 6 17 18 34 37 56 70 71 79 104 135 141 168 173 189 261 308 340 348 366 369 408 491
 149 : 44 49 74 183 206 216 219 228 230 302 342 363 396 403 423 427 432 433 437 438 481 492
 155 : 94 108 187 209 211 286 288 299 405 447 460 470
 175 : 3 16 22 66 69 82 97 112 129 132 176 191 194 199 224 285 287 295 322 333 338 365 370 383 399 458 467 494
 206 : 14 50 52 111 121 137 156 181 184 229 257 267 294 336 379 395 411 424 431 435
 245 : 8 23 51 59 67 85 133 151 179 237 252 377 400 446 463 495 496
 308 : 21 27 115 139 160 164 236 269 309 314 477 482
 362 : 5 15 43 54 63 65 78 96 138 140 148 153 200 204 208 214 240 270 304 371 385 393 394 402 452 456 474 493
 368 : 10 31 72 120 122 145 157 203 235 243 246 293 300 326 344 373 407 420 428 444 449 451 459 466 486 490
 374 : 2 80 106 107 110 119 161 162 165 177 226 259 280 303 335 337 354 384 388 397 398 406 468
 376 : 7 75 103 158 174 175 182 197 238 251 265 268 272 275 276 323 361 389 404 425 426 473 476 480 498
 420 : 76 83 142 202 210 220 277 289 332 368 392 413 430 434 448 478
SOLUTION:
  Value: -548008.000000
  Assigns: 472 141 173 343 497 362 348 161 472 131 131 141 272 496 198 272 131 141 496 472 379 467 497 224 239 379 90 348 272 90 379 471 472 141 12 239 343 497 348 141 390 198 272 224 239 198 348 362 343 12 141 348 131 173 496 272 239 348 198 390 131 343 379 198 161 362 131 131 348 161 198 272 497 390 343 12 471 472 362 435 90 472 90 435 239 131 131 435 343 141 435 278 173 173 278 131 198 173 131 141 90 471 161 141 496 472 467 348 497 472 379 131 131 224 343 278 496 239 496 497 198 472 497 348 131 141 278 173 348 348 471 471 496 379 131 12 12 278 272 173 90 362 343 198 239 272 497 131 362 435 496 348 496 362 471 161 12 496 435 467 173 390 173 467 161 224 496 173 131 131 348 497 239 472 173 467 343 467 131 497 362 272 272 362 497 362 173 173 390 224 90 161 90 90 90 12 141 348 224 278 141 131 348 272 362 343 435 472 173 173 497 173 497 278 362 435 362 435 161 198 379 471 272 472 198 278 278 379 141 131 224 12 131 497 390 467 198 239 435 224 362 239 173 343 198 496 390 278 390 467 278 224 496 141 467 173 379 278 390 272 224 278 343 239 278 131 90 131 278 141 362 379 278 497 198 161 272 496 272 161 467 12 239 471 472 496 131 90 90 90 348 198 173 90 390 278 173 278 435 496 224 239 198 198 362 173 435 161 173 161 471 161 467 343 435 278 467 379 278 496 173 239 435 173 496 467 390 198 472 224 348 131 497 379 348 467 173 496 496 141 90 390 239 348 141 390 496 141 343 12 467 278 198 131 497 379 173 173 173 198 435 131 141 161 272 90 272 467 348 272 173 362 90 272 435 472 272 379 497 496 379 224 343 141 131 496 435 496 90 467 497 390 272 362 379 131 224 467 161 435 472 90 343 471 198 278 90 467 272 278 272 348 161 131 173 348 239 435 497 141 224 278 435 141 496 343 131 272 239 12 472 496 472 272 497 90 471 239 278 379 141 90 496 343 362 471 131 272 362 348 224 198 90 12 198 379 362 161 390 12 390 90 343 239 224 12 435 467 239 343 472 272 472 141 161 435 348 362 173 161 471 239 198 12 496 379 12 12 239 12 343 472 348 390 173 467 379 390 198 224 
  Facilities: 22
 12 : 34 49 75 135 136 156 195 231 281 349 429 453 459 465 483 486 487 489
 90 : 26 29 80 82 100 140 190 192 193 194 266 287 288 289 293 340 365 372 388 401 406 435 441 452 461
 131 : 9 10 16 52 60 66 67 85 86 95 98 111 112 124 134 147 168 169 178 201 229 232 265 267 286 331 353 361 384 395 413 426 446
 141 : 1 11 17 33 39 50 89 99 103 125 196 200 228 253 269 339 344 347 362 383 419 423 440 473
 161 : 7 64 69 102 155 164 191 218 275 279 307 309 311 363 398 412 457 474 479
 173 : 2 53 92 93 97 127 139 160 162 167 174 186 187 208 209 211 242 255 292 296 305 308 320 323 336 356 357 358 370 414 478 494
 198 : 14 41 45 58 63 70 96 120 143 219 224 236 244 274 291 302 303 327 352 359 404 451 454 482 498
 224 : 23 43 113 165 189 198 230 239 251 260 300 329 381 396 420 450 464 499
 239 : 24 35 44 56 84 117 144 172 237 241 263 282 301 321 342 416 428 437 463 468 481 488
 272 : 12 15 28 42 55 71 138 145 181 182 203 222 259 276 278 364 366 369 373 376 392 408 410 427 433 447 471
 278 : 91 94 115 126 137 199 213 225 226 247 250 257 261 264 268 272 295 297 315 318 351 405 409 421 438
 343 : 3 36 48 61 74 88 114 142 176 205 243 262 313 348 382 402 425 443 462 469 490
 348 : 6 27 38 46 51 57 68 107 123 128 129 151 170 197 202 290 330 334 343 368 411 415 449 476 492
 362 : 5 47 65 78 141 148 153 180 183 185 204 214 216 240 270 304 371 393 444 448 456 477
 379 : 20 25 30 62 110 133 220 227 256 271 317 333 355 377 380 394 439 455 485 496
 390 : 40 59 73 161 188 234 246 248 258 294 326 341 345 391 458 460 493 497
 435 : 79 83 87 90 149 158 206 215 217 238 298 306 314 322 360 374 386 399 417 422 466 475
 467 : 21 106 159 163 175 177 235 249 254 280 312 316 325 335 350 367 389 397 407 467 495
 471 : 31 76 101 130 131 154 221 283 310 403 436 445 480
 472 : 0 8 19 32 77 81 105 109 121 173 207 223 284 328 375 400 430 432 470 472 491
 496 : 13 18 54 104 116 118 132 150 152 157 166 245 252 277 285 299 319 324 337 338 346 379 385 387 424 431 442 484
 497 : 4 22 37 72 108 119 122 146 171 179 184 210 212 233 273 332 354 378 390 418 434
SOLUTION:
  Value: -548026.000000
  Assigns: 370 405 374 175 129 362 139 376 245 405 368 453 453 23 206 362 175 139 139 119 21 129 175 245 21 23 23 308 23 370 8 368 405 45 139 136 45 370 38 8 370 376 149 362 149 308 8 103 245 149 206 245 206 21 362 103 139 45 136 245 136 119 45 370 206 362 175 453 103 370 139 139 368 119 453 376 420 405 129 139 374 23 175 420 136 245 453 453 136 23 45 129 119 370 155 103 370 175 38 21 23 21 453 376 139 103 374 374 155 103 453 206 175 45 119 308 8 8 453 374 368 206 368 453 38 453 45 8 38 453 45 155 175 245 136 139 370 206 362 308 362 139 420 23 136 368 21 21 362 103 136 245 103 362 45 405 206 368 376 103 308 374 374 119 308 405 136 45 139 21 8 23 103 139 376 370 453 374 45 245 103 405 453 149 206 38 21 155 21 139 374 175 103 136 405 23 45 376 45 453 362 45 420 368 362 103 149 453 362 155 420 405 370 405 362 103 129 119 45 149 420 136 38 38 175 370 374 370 149 206 149 23 21 38 21 368 308 405 376 8 362 119 119 368 21 8 368 21 136 155 21 376 245 21 8 23 8 206 206 374 136 139 370 38 23 129 45 206 376 308 362 119 376 405 453 370 376 453 405 405 374 119 136 129 45 405 155 129 155 420 370 45 370 368 206 175 119 129 8 155 368 405 370 374 362 129 119 453 139 308 136 103 8 368 308 38 453 38 119 21 149 129 175 376 405 21 368 129 103 405 129 370 453 175 8 374 370 370 175 119 139 38 129 136 368 136 45 405 139 119 370 21 245 119 129 370 23 245 453 45 8 376 8 149 23 453 370 370 420 139 175 362 23 368 119 405 103 245 8 206 119 245 149 175 374 362 370 129 374 376 8 376 420 362 362 206 149 374 129 175 245 23 362 149 376 155 374 368 139 206 453 206 405 420 206 136 453 119 370 370 368 38 119 453 206 376 376 149 368 103 420 453 149 405 129 206 21 149 149 38 308 23 38 119 368 8 245 453 420 368 139 368 362 129 38 23 362 45 175 405 129 21 405 405 370 45 370 175 374 129 155 103 8 376 362 8 376 308 420 8 376 149 308 45 38 119 368 405 45 119 405 139 453 362 370 245 245 119 376 23 
  Facilities: 24
 8 : 30 39 46 116 117 127 170 239 245 254 256 298 312 334 360 362 378 390 445 472 475 479
 21 : 20 24 53 99 101 146 147 169 186 188 232 234 244 247 250 253 319 325 351 436 461
 23 : 13 25 26 28 81 89 100 143 171 195 231 255 264 356 364 372 401 441 455 499
 38 : 38 98 124 128 185 222 223 233 263 315 317 341 421 439 442 454 484
 45 : 33 36 57 62 90 113 126 130 154 167 178 196 198 201 218 266 284 291 346 359 457 465 483 488
 103 : 47 55 68 95 105 109 149 152 159 172 180 192 205 215 311 328 376 429 471
 119 : 19 61 73 92 114 163 217 241 242 271 281 296 306 318 339 349 353 374 380 417 422 443 485 489 497
 129 : 4 21 78 91 216 265 283 287 297 305 321 327 330 342 354 387 398 434 453 460 469
 136 : 35 58 60 84 88 134 144 150 166 193 221 248 260 282 310 343 345 415
 139 : 6 17 18 34 56 70 71 79 104 135 141 168 173 189 261 308 340 348 369 408 450 491
 149 : 42 44 49 183 206 219 228 230 320 363 382 396 403 427 432 437 438 481
 155 : 94 108 131 187 209 249 286 288 299 405 470
 175 : 3 16 22 66 82 97 112 132 191 224 295 322 333 338 370 383 399 458 467
 206 : 14 50 52 64 111 121 137 156 184 229 257 258 267 294 379 395 409 411 414 424 435
 245 : 8 23 48 51 59 85 133 151 179 252 352 357 377 381 400 446 495 496
 308 : 27 45 115 139 160 164 236 269 309 314 440 477 482
 362 : 5 15 43 54 65 138 140 148 153 200 204 208 214 240 270 304 371 385 393 394 402 452 456 474 493
 368 : 10 31 72 120 122 145 157 203 235 243 246 293 300 313 326 344 373 407 420 428 444 449 451 486
 370 : 0 29 37 40 63 69 93 96 136 175 212 225 227 262 275 290 292 302 331 336 337 350 355 366 367 386 418 419 464 466 494
 374 : 2 80 106 107 119 161 162 177 190 226 259 280 303 335 384 388 397 406 468
 376 : 7 41 75 103 158 174 197 238 251 268 272 276 323 361 389 391 404 425 426 473 476 480 498
 405 : 1 9 32 77 155 165 181 194 211 213 237 273 278 279 285 301 324 329 347 375 412 433 459 462 463 487 490
 420 : 76 83 142 202 210 220 289 368 392 413 430 448 478
 453 : 11 12 67 74 86 87 102 110 118 123 125 129 176 182 199 207 274 277 307 316 332 358 365 410 416 423 431 447 492
