# Time: 4.120000
# Elapsed: 2.232101
# Input_file: splp/Euclid/1411EuclS.txt
# Pool_size: 1000
# Iterations: 16
# Final_solutions: 12343
# Vision_range: 0
# Reduction_mode: REDUCTION_BESTS
SOLUTION:
  Value: -97453.000000
  Assigns: 94 95 83 12 83 41 6 83 94 41 10 94 12 13 10 41 16 25 25 83 83 41 16 6 97 25 13 28 28 97 41 6 94 10 6 95 13 95 28 28 94 41 41 16 10 12 6 25 41 50 50 50 95 25 13 16 50 97 25 25 95 41 6 12 6 6 6 94 13 41 95 28 12 13 83 16 95 97 12 41 97 28 10 83 6 94 83 28 6 10 83 6 94 94 94 95 83 97 95 95 
  Facilities: 13
 6 : 6 23 31 34 46 62 64 65 66 84 88 91
 10 : 10 14 33 44 82 89
 12 : 3 12 45 63 72 78
 13 : 13 26 36 54 68 73
 16 : 16 22 43 55 75
 25 : 17 18 25 47 53 58 59
 28 : 27 28 38 39 71 81 87
 41 : 5 9 15 21 30 41 42 48 61 69 79
 50 : 49 50 51 56
 83 : 2 4 7 19 20 74 83 86 90 96
 94 : 0 8 11 32 40 67 85 92 93 94
 95 : 1 35 37 52 60 70 76 95 98 99
 97 : 24 29 57 77 80 97
SOLUTION:
  Value: -97472.000000
  Assigns: 94 95 90 12 90 41 6 90 94 41 10 94 12 13 10 41 16 25 25 90 90 41 16 6 97 25 13 28 28 97 41 6 94 10 6 95 13 95 28 28 94 41 41 16 10 12 6 25 41 50 50 50 95 25 13 16 50 97 25 25 95 41 6 12 6 6 6 94 13 41 95 28 12 13 90 16 95 97 12 41 97 28 10 90 6 94 90 28 6 10 90 6 94 94 94 95 90 97 95 95 
  Facilities: 13
 6 : 6 23 31 34 46 62 64 65 66 84 88 91
 10 : 10 14 33 44 82 89
 12 : 3 12 45 63 72 78
 13 : 13 26 36 54 68 73
 16 : 16 22 43 55 75
 25 : 17 18 25 47 53 58 59
 28 : 27 28 38 39 71 81 87
 41 : 5 9 15 21 30 41 42 48 61 69 79
 50 : 49 50 51 56
 90 : 2 4 7 19 20 74 83 86 90 96
 94 : 0 8 11 32 40 67 85 92 93 94
 95 : 1 35 37 52 60 70 76 95 98 99
 97 : 24 29 57 77 80 97
SOLUTION:
  Value: -97479.000000
  Assigns: 94 95 83 12 83 41 6 83 94 41 44 94 12 13 44 41 16 25 25 83 83 41 16 44 97 25 13 28 28 97 41 6 94 44 6 95 13 95 28 28 94 41 41 16 44 12 6 25 41 50 50 50 95 25 13 16 50 97 25 25 95 41 6 12 44 6 6 94 13 41 95 28 12 13 83 16 95 97 12 41 97 28 44 83 6 94 83 28 6 6 83 6 94 94 94 95 83 97 95 95 
  Facilities: 13
 6 : 6 31 34 46 62 65 66 84 88 89 91
 12 : 3 12 45 63 72 78
 13 : 13 26 36 54 68 73
 16 : 16 22 43 55 75
 25 : 17 18 25 47 53 58 59
 28 : 27 28 38 39 71 81 87
 41 : 5 9 15 21 30 41 42 48 61 69 79
 44 : 10 14 23 33 44 64 82
 50 : 49 50 51 56
 83 : 2 4 7 19 20 74 83 86 90 96
 94 : 0 8 11 32 40 67 85 92 93 94
 95 : 1 35 37 52 60 70 76 95 98 99
 97 : 24 29 57 77 80 97
SOLUTION:
  Value: -97482.000000
  Assigns: 94 95 83 63 83 41 6 83 94 41 10 94 63 13 10 41 16 25 25 83 83 41 16 6 97 25 13 28 28 97 41 6 94 10 6 95 13 95 28 28 94 41 41 16 10 63 6 25 41 50 50 50 95 25 13 16 50 97 25 25 95 41 6 63 6 6 6 94 13 41 95 28 63 13 83 16 95 97 63 41 97 28 10 83 6 94 83 28 6 10 83 6 94 94 94 95 83 97 95 95 
  Facilities: 13
 6 : 6 23 31 34 46 62 64 65 66 84 88 91
 10 : 10 14 33 44 82 89
 13 : 13 26 36 54 68 73
 16 : 16 22 43 55 75
 25 : 17 18 25 47 53 58 59
 28 : 27 28 38 39 71 81 87
 41 : 5 9 15 21 30 41 42 48 61 69 79
 50 : 49 50 51 56
 63 : 3 12 45 63 72 78
 83 : 2 4 7 19 20 74 83 86 90 96
 94 : 0 8 11 32 40 67 85 92 93 94
 95 : 1 35 37 52 60 70 76 95 98 99
 97 : 24 29 57 77 80 97
SOLUTION:
  Value: -97498.000000
  Assigns: 94 95 90 12 90 41 6 90 94 41 44 94 12 13 44 41 16 25 25 90 90 41 16 44 97 25 13 28 28 97 41 6 94 44 6 95 13 95 28 28 94 41 41 16 44 12 6 25 41 50 50 50 95 25 13 16 50 97 25 25 95 41 6 12 44 6 6 94 13 41 95 28 12 13 90 16 95 97 12 41 97 28 44 90 6 94 90 28 6 6 90 6 94 94 94 95 90 97 95 95 
  Facilities: 13
 6 : 6 31 34 46 62 65 66 84 88 89 91
 12 : 3 12 45 63 72 78
 13 : 13 26 36 54 68 73
 16 : 16 22 43 55 75
 25 : 17 18 25 47 53 58 59
 28 : 27 28 38 39 71 81 87
 41 : 5 9 15 21 30 41 42 48 61 69 79
 44 : 10 14 23 33 44 64 82
 50 : 49 50 51 56
 90 : 2 4 7 19 20 74 83 86 90 96
 94 : 0 8 11 32 40 67 85 92 93 94
 95 : 1 35 37 52 60 70 76 95 98 99
 97 : 24 29 57 77 80 97
SOLUTION:
  Value: -97501.000000
  Assigns: 94 95 90 63 90 41 6 90 94 41 10 94 63 13 10 41 16 25 25 90 90 41 16 6 97 25 13 28 28 97 41 6 94 10 6 95 13 95 28 28 94 41 41 16 10 63 6 25 41 50 50 50 95 25 13 16 50 97 25 25 95 41 6 63 6 6 6 94 13 41 95 28 63 13 90 16 95 97 63 41 97 28 10 90 6 94 90 28 6 10 90 6 94 94 94 95 90 97 95 95 
  Facilities: 13
 6 : 6 23 31 34 46 62 64 65 66 84 88 91
 10 : 10 14 33 44 82 89
 13 : 13 26 36 54 68 73
 16 : 16 22 43 55 75
 25 : 17 18 25 47 53 58 59
 28 : 27 28 38 39 71 81 87
 41 : 5 9 15 21 30 41 42 48 61 69 79
 50 : 49 50 51 56
 63 : 3 12 45 63 72 78
 90 : 2 4 7 19 20 74 83 86 90 96
 94 : 0 8 11 32 40 67 85 92 93 94
 95 : 1 35 37 52 60 70 76 95 98 99
 97 : 24 29 57 77 80 97
SOLUTION:
  Value: -97508.000000
  Assigns: 94 95 83 63 83 41 6 83 94 41 44 94 63 13 44 41 16 25 25 83 83 41 16 44 97 25 13 28 28 97 41 6 94 44 6 95 13 95 28 28 94 41 41 16 44 63 6 25 41 50 50 50 95 25 13 16 50 97 25 25 95 41 6 63 44 6 6 94 13 41 95 28 63 13 83 16 95 97 63 41 97 28 44 83 6 94 83 28 6 6 83 6 94 94 94 95 83 97 95 95 
  Facilities: 13
 6 : 6 31 34 46 62 65 66 84 88 89 91
 13 : 13 26 36 54 68 73
 16 : 16 22 43 55 75
 25 : 17 18 25 47 53 58 59
 28 : 27 28 38 39 71 81 87
 41 : 5 9 15 21 30 41 42 48 61 69 79
 44 : 10 14 23 33 44 64 82
 50 : 49 50 51 56
 63 : 3 12 45 63 72 78
 83 : 2 4 7 19 20 74 83 86 90 96
 94 : 0 8 11 32 40 67 85 92 93 94
 95 : 1 35 37 52 60 70 76 95 98 99
 97 : 24 29 57 77 80 97
SOLUTION:
  Value: -97509.000000
  Assigns: 94 95 83 12 83 41 6 83 94 41 82 94 12 13 82 41 16 25 25 83 83 41 16 6 97 25 13 28 28 97 41 6 94 82 6 95 13 95 28 28 94 41 41 16 82 12 6 25 41 50 50 50 95 25 13 16 50 97 25 25 95 41 6 12 6 6 6 94 13 41 95 28 12 13 83 16 95 97 12 41 97 28 82 83 6 94 83 28 6 6 83 6 94 94 94 95 83 97 95 95 
  Facilities: 13
 6 : 6 23 31 34 46 62 64 65 66 84 88 89 91
 12 : 3 12 45 63 72 78
 13 : 13 26 36 54 68 73
 16 : 16 22 43 55 75
 25 : 17 18 25 47 53 58 59
 28 : 27 28 38 39 71 81 87
 41 : 5 9 15 21 30 41 42 48 61 69 79
 50 : 49 50 51 56
 82 : 10 14 33 44 82
 83 : 2 4 7 19 20 74 83 86 90 96
 94 : 0 8 11 32 40 67 85 92 93 94
 95 : 1 35 37 52 60 70 76 95 98 99
 97 : 24 29 57 77 80 97
SOLUTION:
  Value: -97519.000000
  Assigns: 94 95 83 12 83 41 6 83 94 41 10 94 12 13 10 41 16 25 25 83 83 41 16 6 97 25 13 28 28 97 41 6 94 10 6 95 13 95 28 28 94 41 41 16 10 12 6 25 41 25 25 25 95 25 13 16 25 97 25 25 95 41 6 12 6 6 6 94 13 41 95 28 12 13 83 16 95 97 12 41 97 28 10 83 6 94 83 28 6 10 83 6 94 94 94 95 83 97 95 95 
  Facilities: 12
 6 : 6 23 31 34 46 62 64 65 66 84 88 91
 10 : 10 14 33 44 82 89
 12 : 3 12 45 63 72 78
 13 : 13 26 36 54 68 73
 16 : 16 22 43 55 75
 25 : 17 18 25 47 49 50 51 53 56 58 59
 28 : 27 28 38 39 71 81 87
 41 : 5 9 15 21 30 41 42 48 61 69 79
 83 : 2 4 7 19 20 74 83 86 90 96
 94 : 0 8 11 32 40 67 85 92 93 94
 95 : 1 35 37 52 60 70 76 95 98 99
 97 : 24 29 57 77 80 97
SOLUTION:
  Value: -97527.000000
  Assigns: 94 95 90 63 90 41 6 90 94 41 44 94 63 13 44 41 16 25 25 90 90 41 16 44 97 25 13 28 28 97 41 6 94 44 6 95 13 95 28 28 94 41 41 16 44 63 6 25 41 50 50 50 95 25 13 16 50 97 25 25 95 41 6 63 44 6 6 94 13 41 95 28 63 13 90 16 95 97 63 41 97 28 44 90 6 94 90 28 6 6 90 6 94 94 94 95 90 97 95 95 
  Facilities: 13
 6 : 6 31 34 46 62 65 66 84 88 89 91
 13 : 13 26 36 54 68 73
 16 : 16 22 43 55 75
 25 : 17 18 25 47 53 58 59
 28 : 27 28 38 39 71 81 87
 41 : 5 9 15 21 30 41 42 48 61 69 79
 44 : 10 14 23 33 44 64 82
 50 : 49 50 51 56
 63 : 3 12 45 63 72 78
 90 : 2 4 7 19 20 74 83 86 90 96
 94 : 0 8 11 32 40 67 85 92 93 94
 95 : 1 35 37 52 60 70 76 95 98 99
 97 : 24 29 57 77 80 97
