# Time: 223.500000
# Elapsed: 139.444382
# Input_file: splp/Euclid/611EuclS.txt
# Pool_size: 200
# Iterations: 27
# Final_solutions: 4770
# Vision_range: 400
# Reduction_mode: REDUCTION_DISPERSE
# Dissimilitude: DISSIM_HAUSDORFF
# Facility_dist: FDISMODE_MINDIST
SOLUTION:
  Value: -100631.000000
  Assigns: 46 1 30 4 4 87 42 8 8 92 63 14 42 74 14 81 42 46 89 75 63 63 92 87 46 81 92 81 42 63 30 63 81 89 89 87 89 42 71 79 79 89 42 74 92 89 46 63 46 71 81 4 89 71 4 42 81 87 74 79 4 71 42 63 63 8 92 75 1 79 74 71 79 63 74 75 89 14 1 79 79 81 1 42 42 42 71 87 1 89 87 75 92 75 4 14 8 79 75 79 
  Facilities: 16
 1 : 1 68 78 82 88
 4 : 3 4 51 54 60 94
 8 : 7 8 65 96
 14 : 11 14 77 95
 30 : 2 30
 42 : 6 12 16 28 37 42 55 62 83 84 85
 46 : 0 17 24 46 48
 63 : 10 20 21 29 31 47 63 64 73
 71 : 38 49 53 61 71 86
 74 : 13 43 58 70 74
 75 : 19 67 75 91 93 98
 79 : 39 40 59 69 72 79 80 97 99
 81 : 15 25 27 32 50 56 81
 87 : 5 23 35 57 87 90
 89 : 18 33 34 36 41 45 52 76 89
 92 : 9 22 26 44 66 92
SOLUTION:
  Value: -100990.000000
  Assigns: 46 46 30 4 4 87 42 8 8 92 63 14 42 74 14 81 42 46 89 75 63 63 92 87 46 81 92 81 42 63 30 63 81 89 89 87 89 42 71 79 79 89 42 74 92 89 46 63 46 71 81 4 89 71 4 42 81 87 74 79 4 71 42 63 63 8 92 75 46 79 74 71 79 63 74 75 89 14 46 79 79 81 46 42 42 42 71 87 46 89 87 75 92 75 4 14 8 79 75 79 
  Facilities: 15
 4 : 3 4 51 54 60 94
 8 : 7 8 65 96
 14 : 11 14 77 95
 30 : 2 30
 42 : 6 12 16 28 37 42 55 62 83 84 85
 46 : 0 1 17 24 46 48 68 78 82 88
 63 : 10 20 21 29 31 47 63 64 73
 71 : 38 49 53 61 71 86
 74 : 13 43 58 70 74
 75 : 19 67 75 91 93 98
 79 : 39 40 59 69 72 79 80 97 99
 81 : 15 25 27 32 50 56 81
 87 : 5 23 35 57 87 90
 89 : 18 33 34 36 41 45 52 76 89
 92 : 9 22 26 44 66 92
SOLUTION:
  Value: -101662.000000
  Assigns: 46 46 30 4 4 87 42 8 8 92 63 14 42 74 14 81 42 46 89 75 63 63 92 87 46 81 92 81 42 63 30 63 81 89 89 87 89 42 14 79 79 89 42 74 92 89 46 63 46 14 81 4 89 14 4 42 81 87 74 79 4 14 42 63 63 8 92 75 46 79 74 14 79 63 74 75 89 14 46 79 79 81 46 42 42 42 42 87 46 89 87 75 92 75 4 14 8 79 75 79 
  Facilities: 14
 4 : 3 4 51 54 60 94
 8 : 7 8 65 96
 14 : 11 14 38 49 53 61 71 77 95
 30 : 2 30
 42 : 6 12 16 28 37 42 55 62 83 84 85 86
 46 : 0 1 17 24 46 48 68 78 82 88
 63 : 10 20 21 29 31 47 63 64 73
 74 : 13 43 58 70 74
 75 : 19 67 75 91 93 98
 79 : 39 40 59 69 72 79 80 97 99
 81 : 15 25 27 32 50 56 81
 87 : 5 23 35 57 87 90
 89 : 18 33 34 36 41 45 52 76 89
 92 : 9 22 26 44 66 92
SOLUTION:
  Value: -102115.000000
  Assigns: 48 1 67 4 4 87 55 7 7 92 47 79 37 43 77 81 55 48 89 67 77 47 92 39 48 81 48 81 37 47 67 47 81 89 89 87 89 37 77 39 79 89 37 43 92 89 48 47 48 77 81 4 89 77 4 55 81 87 43 79 4 77 55 47 47 7 92 67 1 79 96 77 79 47 43 67 89 77 1 79 39 81 1 37 37 55 37 87 39 89 87 37 92 67 4 79 96 79 67 79 
  Facilities: 17
 1 : 1 68 78 82
 4 : 3 4 51 54 60 94
 7 : 7 8 65
 37 : 12 28 37 42 83 84 86 91
 39 : 23 39 80 88
 43 : 13 43 58 74
 47 : 10 21 29 31 47 63 64 73
 48 : 0 17 24 26 46 48
 55 : 6 16 55 62 85
 67 : 2 19 30 67 75 93 98
 77 : 14 20 38 49 53 61 71 77
 79 : 11 40 59 69 72 79 95 97 99
 81 : 15 25 27 32 50 56 81
 87 : 5 35 57 87 90
 89 : 18 33 34 36 41 45 52 76 89
 92 : 9 22 44 66 92
 96 : 70 96
SOLUTION:
  Value: -102175.000000
  Assigns: 48 1 67 4 4 81 55 7 7 92 47 79 37 43 77 81 55 48 89 67 77 47 92 39 48 81 48 81 37 47 67 47 81 89 89 79 89 37 77 39 79 89 37 43 92 89 48 47 48 77 81 4 89 77 4 55 81 79 43 79 4 77 55 47 47 7 92 67 1 79 96 77 79 47 43 67 89 77 1 79 39 81 1 37 37 55 37 81 39 89 39 37 92 67 4 79 96 79 67 79 
  Facilities: 16
 1 : 1 68 78 82
 4 : 3 4 51 54 60 94
 7 : 7 8 65
 37 : 12 28 37 42 83 84 86 91
 39 : 23 39 80 88 90
 43 : 13 43 58 74
 47 : 10 21 29 31 47 63 64 73
 48 : 0 17 24 26 46 48
 55 : 6 16 55 62 85
 67 : 2 19 30 67 75 93 98
 77 : 14 20 38 49 53 61 71 77
 79 : 11 35 40 57 59 69 72 79 95 97 99
 81 : 5 15 25 27 32 50 56 81 87
 89 : 18 33 34 36 41 45 52 76 89
 92 : 9 22 44 66 92
 96 : 70 96
SOLUTION:
  Value: -102248.000000
  Assigns: 48 1 67 4 4 81 55 7 7 92 47 79 37 47 77 81 55 48 89 67 77 47 92 39 48 81 48 81 37 47 67 47 81 89 89 79 89 37 77 39 79 89 37 47 92 89 48 47 48 77 81 4 89 77 4 55 81 79 47 79 4 77 55 47 47 7 92 67 1 79 96 77 79 47 47 67 89 77 1 79 39 81 1 37 37 55 37 81 39 89 39 37 92 67 4 79 96 79 67 79 
  Facilities: 15
 1 : 1 68 78 82
 4 : 3 4 51 54 60 94
 7 : 7 8 65
 37 : 12 28 37 42 83 84 86 91
 39 : 23 39 80 88 90
 47 : 10 13 21 29 31 43 47 58 63 64 73 74
 48 : 0 17 24 26 46 48
 55 : 6 16 55 62 85
 67 : 2 19 30 67 75 93 98
 77 : 14 20 38 49 53 61 71 77
 79 : 11 35 40 57 59 69 72 79 95 97 99
 81 : 5 15 25 27 32 50 56 81 87
 89 : 18 33 34 36 41 45 52 76 89
 92 : 9 22 44 66 92
 96 : 70 96
SOLUTION:
  Value: -102352.000000
  Assigns: 48 1 67 4 4 81 55 96 96 92 47 79 37 47 77 81 55 48 89 67 77 47 92 39 48 81 48 81 37 47 67 47 81 89 89 79 89 37 77 39 79 89 37 47 92 89 48 47 48 77 81 4 89 77 4 55 81 79 47 79 4 77 55 47 47 96 92 67 1 79 96 77 79 47 47 67 89 77 1 79 39 81 1 37 37 55 37 81 39 89 39 37 92 67 4 79 96 79 67 79 
  Facilities: 14
 1 : 1 68 78 82
 4 : 3 4 51 54 60 94
 37 : 12 28 37 42 83 84 86 91
 39 : 23 39 80 88 90
 47 : 10 13 21 29 31 43 47 58 63 64 73 74
 48 : 0 17 24 26 46 48
 55 : 6 16 55 62 85
 67 : 2 19 30 67 75 93 98
 77 : 14 20 38 49 53 61 71 77
 79 : 11 35 40 57 59 69 72 79 95 97 99
 81 : 5 15 25 27 32 50 56 81 87
 89 : 18 33 34 36 41 45 52 76 89
 92 : 9 22 44 66 92
 96 : 7 8 65 70 96
SOLUTION:
  Value: -102387.000000
  Assigns: 46 46 30 4 4 87 42 8 8 92 63 14 42 74 14 81 42 46 89 75 63 63 92 87 46 81 92 81 42 63 30 63 81 89 89 87 89 42 14 46 87 89 42 74 92 89 46 63 46 14 81 4 89 14 4 42 81 87 74 14 4 14 42 63 63 8 92 75 46 14 74 14 87 63 74 75 89 14 46 14 87 81 46 42 42 42 42 87 46 89 87 75 92 75 4 14 8 14 75 14 
  Facilities: 13
 4 : 3 4 51 54 60 94
 8 : 7 8 65 96
 14 : 11 14 38 49 53 59 61 69 71 77 79 95 97 99
 30 : 2 30
 42 : 6 12 16 28 37 42 55 62 83 84 85 86
 46 : 0 1 17 24 39 46 48 68 78 82 88
 63 : 10 20 21 29 31 47 63 64 73
 74 : 13 43 58 70 74
 75 : 19 67 75 91 93 98
 81 : 15 25 27 32 50 56 81
 87 : 5 23 35 40 57 72 80 87 90
 89 : 18 33 34 36 41 45 52 76 89
 92 : 9 22 26 44 66 92
SOLUTION:
  Value: -102585.000000
  Assigns: 48 1 67 4 4 81 96 96 96 92 47 79 37 47 77 81 37 48 89 67 77 47 92 39 48 81 48 81 37 47 67 47 81 89 89 79 89 37 77 39 79 89 37 47 92 89 48 47 48 77 81 4 89 77 4 37 81 79 47 79 4 77 37 47 47 96 92 67 1 79 96 77 79 47 47 67 89 77 1 79 39 81 1 37 37 37 37 81 39 89 39 37 92 67 4 79 96 79 67 79 
  Facilities: 13
 1 : 1 68 78 82
 4 : 3 4 51 54 60 94
 37 : 12 16 28 37 42 55 62 83 84 85 86 91
 39 : 23 39 80 88 90
 47 : 10 13 21 29 31 43 47 58 63 64 73 74
 48 : 0 17 24 26 46 48
 67 : 2 19 30 67 75 93 98
 77 : 14 20 38 49 53 61 71 77
 79 : 11 35 40 57 59 69 72 79 95 97 99
 81 : 5 15 25 27 32 50 56 81 87
 89 : 18 33 34 36 41 45 52 76 89
 92 : 9 22 44 66 92
 96 : 6 7 8 65 70 96
SOLUTION:
  Value: -103345.000000
  Assigns: 48 48 67 4 4 81 96 96 96 92 47 79 37 47 77 81 37 48 89 67 77 47 92 39 48 81 48 81 37 47 67 47 81 89 89 79 89 37 77 39 79 89 37 47 92 89 48 47 48 77 81 4 89 77 4 37 81 79 47 79 4 77 37 47 47 96 92 67 48 79 96 77 79 47 47 67 89 77 39 79 39 81 48 37 37 37 37 81 39 89 39 37 92 67 4 79 96 79 67 79 
  Facilities: 12
 4 : 3 4 51 54 60 94
 37 : 12 16 28 37 42 55 62 83 84 85 86 91
 39 : 23 39 78 80 88 90
 47 : 10 13 21 29 31 43 47 58 63 64 73 74
 48 : 0 1 17 24 26 46 48 68 82
 67 : 2 19 30 67 75 93 98
 77 : 14 20 38 49 53 61 71 77
 79 : 11 35 40 57 59 69 72 79 95 97 99
 81 : 5 15 25 27 32 50 56 81 87
 89 : 18 33 34 36 41 45 52 76 89
 92 : 9 22 44 66 92
 96 : 6 7 8 65 70 96
