# Time: 2819.630127
# Elapsed: 813.325867
# Input_file: splp/Fpp11/9FPP_11S.txt
# Pool_size: 400
# Iterations: 35
# Final_solutions: 13333
# Vision_range: 600
# Reduction_mode: REDUCTION_DISPERSE
# Dissimilitude: DISSIM_MSE
# Facility_dist: FDISMODE_MINDIST
SOLUTION:
  Value: -36236.000000
  Assigns: 26 46 70 29 25 26 51 19 29 93 109 37 109 25 26 19 37 29 19 19 46 25 26 122 25 93 26 124 29 29 51 25 26 37 46 29 37 37 122 51 124 109 46 37 70 46 46 51 93 70 51 51 46 19 122 19 124 51 70 25 26 25 26 29 109 29 70 93 19 70 70 37 93 37 25 26 70 122 29 124 46 93 46 109 19 51 37 51 109 93 25 26 93 93 29 46 122 109 124 93 51 122 37 124 70 109 70 19 109 109 122 46 124 25 26 109 51 29 122 70 124 122 122 124 124 37 19 93 122 93 124 19 25 
  Facilities: 12
 19 : 7 15 18 19 53 55 68 84 107 126 131
 25 : 4 13 21 24 31 59 61 74 90 113 132
 26 : 0 5 14 22 26 32 60 62 75 91 114
 29 : 3 8 17 28 29 35 63 65 78 94 117
 37 : 11 16 33 36 37 43 71 73 86 102 125
 46 : 1 20 34 42 45 46 52 80 82 95 111
 51 : 6 30 39 47 50 51 57 85 87 100 116
 70 : 2 44 49 58 66 69 70 76 104 106 119
 93 : 9 25 48 67 72 81 89 92 93 99 127 129
 109 : 10 12 41 64 83 88 97 105 108 109 115
 122 : 23 38 54 77 96 101 110 118 121 122 128
 124 : 27 40 56 79 98 103 112 120 123 124 130
SOLUTION:
  Value: -48243.000000
  Assigns: 68 5 129 29 5 5 10 52 29 10 10 5 111 81 111 60 10 29 117 118 117 89 121 68 121 51 52 111 29 29 129 52 129 117 60 29 81 121 83 5 52 5 68 111 89 129 10 68 60 117 76 51 52 121 5 76 68 51 52 10 81 129 83 89 68 29 60 68 89 81 5 83 117 118 68 76 121 89 29 83 81 81 83 83 129 111 52 81 89 89 111 117 118 5 60 121 117 118 10 111 121 52 68 129 68 117 118 111 129 60 76 111 76 117 118 81 117 118 118 83 121 121 10 89 118 89 5 121 129 129 81 10 83 
  Facilities: 16
 5 : 1 4 5 11 39 41 54 70 93 126
 10 : 6 9 10 16 46 59 98 122 131
 29 : 3 8 17 28 29 35 65 78
 51 : 25 51 57
 52 : 7 26 31 40 52 58 86 101
 60 : 15 34 48 66 94 109
 68 : 0 23 42 47 56 64 67 74 102 104
 76 : 50 55 75 110 112
 81 : 13 36 60 69 80 81 87 115 130
 83 : 38 62 71 79 82 83 119 132
 89 : 21 44 63 68 77 88 89 123 125
 111 : 12 14 27 43 85 90 99 107 111
 117 : 18 20 33 49 72 91 96 105 113 116
 118 : 19 73 92 97 106 114 117 118 124
 121 : 22 24 37 53 76 95 100 120 121 127
 129 : 2 30 32 45 61 84 103 108 128 129
SOLUTION:
  Value: -48246.000000
  Assigns: 4 13 129 4 4 5 18 91 76 13 4 5 13 13 18 60 37 18 18 13 104 89 119 91 18 37 125 126 125 128 129 128 129 37 60 119 37 37 4 5 4 5 68 37 89 129 91 13 60 13 76 119 18 4 18 76 68 125 126 60 60 129 13 89 68 91 60 18 89 4 5 37 76 37 119 76 76 89 104 91 125 126 76 104 129 89 37 91 89 89 91 91 4 5 60 89 60 91 119 125 104 13 128 129 125 126 18 128 129 60 104 4 76 125 126 119 4 5 119 119 13 125 126 89 125 91 5 128 129 129 18 125 126 
  Facilities: 16
 4 : 0 3 4 10 38 40 53 69 92 111 116
 5 : 5 11 39 41 70 93 117 126
 13 : 1 9 12 13 19 47 49 62 101 120
 18 : 6 14 17 18 24 52 54 67 106 130
 37 : 16 25 33 36 37 43 71 73 86
 60 : 15 34 48 59 60 66 94 96 109
 68 : 42 56 64
 76 : 8 50 55 72 75 76 82 112
 89 : 21 44 63 68 77 85 88 89 95 123
 91 : 7 23 46 65 79 87 90 91 97 125
 104 : 20 78 83 100 110
 119 : 22 35 51 74 98 115 118 119
 125 : 26 28 57 80 99 104 113 121 124 131
 126 : 27 58 81 105 114 122 132
 128 : 29 31 102 107 127
 129 : 2 30 32 45 61 84 103 108 128 129
SOLUTION:
  Value: -51221.000000
  Assigns: 12 5 23 15 5 5 51 11 76 108 11 56 12 110 15 15 37 11 12 23 32 15 23 68 108 51 110 95 32 23 56 76 32 37 79 56 37 37 32 5 108 5 68 37 56 11 12 11 12 15 76 51 56 79 5 56 56 51 79 23 11 12 56 108 15 110 32 79 89 95 5 37 23 37 95 76 11 89 79 79 15 32 108 95 110 79 37 51 89 89 56 95 56 5 95 95 108 32 110 11 104 95 37 104 108 56 110 108 108 110 110 23 76 79 108 79 51 5 11 12 32 56 15 11 12 89 5 15 79 95 23 95 11 
  Facilities: 17
 5 : 1 4 5 39 41 54 70 93 117 126
 11 : 7 10 17 45 47 60 76 99 118 123 132
 12 : 0 12 18 46 48 61 119 124
 15 : 3 14 15 21 49 64 80 122 127
 23 : 2 19 22 29 59 72 111 130
 32 : 20 28 32 38 66 81 97 120
 37 : 16 33 36 37 43 71 73 86 102
 51 : 6 25 51 57 87 116
 56 : 11 30 35 44 52 55 56 62 90 92 105 121
 68 : 23 42
 76 : 8 31 50 75 112
 79 : 34 53 58 67 78 79 85 113 115 128
 89 : 68 77 88 89 125
 95 : 27 69 74 83 91 94 95 101 129 131
 104 : 100 103
 108 : 9 24 40 63 82 96 104 107 108 114
 110 : 13 26 65 84 98 106 109 110
SOLUTION:
  Value: -51233.000000
  Assigns: 1 5 14 71 16 5 51 1 76 54 14 5 16 14 14 16 16 62 44 118 14 89 16 44 50 51 71 95 54 50 51 99 44 54 118 1 62 1 64 5 44 62 68 44 89 71 50 68 14 50 44 51 64 54 54 76 50 51 62 71 54 62 62 14 68 16 1 71 89 95 5 71 76 118 95 76 76 71 99 14 44 16 76 95 50 51 50 51 89 1 54 95 118 5 95 99 62 118 64 50 64 95 14 54 16 71 118 71 1 44 76 62 76 64 118 50 51 118 118 54 71 14 1 16 118 89 5 62 16 64 1 95 44 
  Facilities: 17
 1 : 0 7 35 37 66 89 108 122 130
 5 : 1 5 11 39 70 93 126
 14 : 2 10 13 14 20 48 63 79 102 121
 16 : 4 12 15 16 22 65 81 104 123 128
 44 : 18 23 32 40 43 50 80 109 132
 50 : 24 29 46 49 56 84 86 99 115
 51 : 6 25 30 51 57 85 87 116
 54 : 9 28 33 53 54 60 90 103 119
 62 : 17 36 41 58 61 62 96 111 127
 64 : 38 52 98 100 113 129
 68 : 42 47 64
 71 : 3 26 45 59 67 71 77 105 107 120
 76 : 8 55 72 75 76 82 110 112
 89 : 21 44 68 88 125
 95 : 27 69 74 83 91 94 101 131
 99 : 31 78 95
 118 : 19 34 73 92 97 106 114 117 118 124
SOLUTION:
  Value: -51248.000000
  Assigns: 127 85 23 71 25 5 51 104 76 10 10 5 80 25 59 60 10 85 63 23 104 89 23 68 25 51 71 53 127 23 127 25 53 59 60 80 104 63 59 5 85 5 63 127 89 71 10 59 60 53 76 51 53 53 80 59 60 51 59 85 60 25 63 63 68 59 60 71 89 63 5 71 23 85 25 76 80 71 104 80 80 85 76 104 85 51 80 53 89 89 25 85 104 5 60 59 60 63 10 63 104 127 68 104 68 71 127 71 59 60 104 23 63 25 80 127 51 5 53 85 71 85 10 127 59 60 127 127 63 80 23 10 25 
  Facilities: 17
 5 : 5 11 39 41 70 93 117
 10 : 9 10 16 46 98 122 131
 23 : 2 19 22 29 72 111 130
 25 : 4 13 24 31 61 74 90 113 132
 51 : 6 25 51 57 85 116
 53 : 27 32 49 52 53 87 118
 59 : 14 33 38 47 55 58 65 95 108 124
 60 : 15 34 48 56 60 66 94 96 109 125
 63 : 18 37 42 62 63 69 97 99 112 128
 68 : 23 64 102 104
 71 : 3 26 45 67 71 77 105 107 120
 76 : 8 50 75 82
 80 : 12 35 54 76 79 80 86 114 129
 85 : 1 17 40 59 73 81 84 91 119 121
 89 : 21 44 68 88 89
 104 : 7 20 36 78 83 92 100 103 110
 127 : 0 28 30 43 101 106 115 123 126 127
SOLUTION:
  Value: -54209.000000
  Assigns: 1 5 101 24 101 5 90 1 76 93 55 5 24 110 40 83 115 101 102 40 24 89 90 24 24 51 110 53 40 55 24 128 53 101 55 1 40 1 83 5 40 5 68 55 89 90 40 68 93 53 76 51 53 53 55 55 68 102 24 53 24 55 83 89 90 110 1 93 89 90 115 83 93 24 40 76 40 89 90 83 101 93 83 83 110 51 90 53 89 115 102 55 93 5 115 89 90 101 110 93 51 102 102 115 68 40 110 128 1 110 110 115 76 1 115 115 51 83 53 83 55 115 1 89 128 89 90 128 40 93 1 24 83 
  Facilities: 18
 1 : 0 7 35 37 66 108 113 122 130
 5 : 1 5 11 39 41 93
 24 : 3 12 20 23 24 30 58 60 73 131
 40 : 14 19 28 36 40 46 74 76 105 128
 51 : 25 51 85 100 116
 53 : 27 32 49 52 53 59 87 118
 55 : 10 29 34 43 54 55 61 91 120
 68 : 42 47 56 104
 76 : 8 50 75 112
 83 : 15 38 62 71 79 82 83 117 119 132
 89 : 21 44 63 68 77 88 95 123 125
 90 : 6 22 45 64 69 78 86 96 126
 93 : 9 48 67 72 81 92 99 129
 101 : 2 4 17 33 80 97
 102 : 18 57 90 101 102
 110 : 13 26 65 84 98 106 109 110
 115 : 16 70 89 94 103 111 114 115 121
 128 : 31 107 124 127
SOLUTION:
  Value: -54211.000000
  Assigns: 12 5 86 102 30 5 18 19 76 30 10 5 12 39 18 19 115 18 22 19 117 22 22 44 18 51 30 39 22 30 30 76 44 117 102 39 30 63 39 5 44 86 63 44 89 39 12 68 12 117 44 51 18 19 18 19 22 102 22 10 86 12 63 63 68 86 30 18 89 63 115 22 117 39 68 39 102 89 44 30 44 102 86 18 19 86 86 22 39 115 102 117 86 5 115 30 117 63 10 63 12 102 102 115 39 117 18 19 102 44 22 115 63 117 115 115 117 5 30 12 86 115 10 89 12 89 19 39 63 22 18 19 44 
  Facilities: 18
 5 : 1 5 11 39 93 117
 10 : 10 59 98 122
 12 : 0 12 46 48 61 100 119 124
 18 : 6 14 17 24 52 54 67 83 106 130
 19 : 7 15 19 53 55 84 107 126 131
 22 : 18 21 22 28 56 58 71 87 110 129
 30 : 4 9 26 29 30 36 66 79 95 118
 39 : 13 27 35 38 45 73 75 88 104 127
 44 : 23 32 40 43 50 78 80 109 132
 51 : 25 51
 63 : 37 42 62 63 69 97 99 112 128
 68 : 47 64 74
 76 : 8 31
 86 : 2 41 60 65 82 85 86 92 120
 89 : 44 68 77 123 125
 102 : 3 34 57 76 81 90 101 102 108
 115 : 16 70 89 94 103 111 114 115 121
 117 : 20 33 49 72 91 96 105 113 116
SOLUTION:
  Value: -54220.000000
  Assigns: 68 5 129 29 5 5 51 52 29 10 10 5 111 81 111 83 10 29 117 118 41 89 121 68 121 51 52 95 29 29 129 52 129 117 118 29 81 41 64 5 52 5 68 111 89 129 10 68 52 117 76 51 64 121 5 76 68 51 52 10 81 129 83 89 68 29 111 68 89 95 5 83 117 118 95 76 121 41 29 83 81 81 83 95 129 111 52 81 89 89 41 117 118 5 29 121 117 118 10 111 64 52 68 129 68 117 41 111 129 121 76 111 76 64 118 81 117 118 118 83 121 121 10 89 118 89 5 121 129 41 81 95 83 
  Facilities: 18
 5 : 1 4 5 11 39 41 54 70 93 126
 10 : 9 10 16 46 59 98 122
 29 : 3 8 17 28 29 35 65 78 94
 41 : 20 37 77 90 106 129
 51 : 6 25 51 57
 52 : 7 26 31 40 48 58 86 101
 64 : 38 52 100 113
 68 : 0 23 42 47 56 64 67 102 104
 76 : 50 55 75 110 112
 81 : 13 36 60 80 81 87 115 130
 83 : 15 62 71 79 82 119 132
 89 : 21 44 63 68 88 89 123 125
 95 : 27 69 74 83 131
 111 : 12 14 43 66 85 99 107 111
 117 : 18 33 49 72 91 96 105 116
 118 : 19 34 73 92 97 114 117 118 124
 121 : 22 24 53 76 95 109 120 121 127
 129 : 2 30 32 45 61 84 103 108 128
SOLUTION:
  Value: -54223.000000
  Assigns: 12 5 129 29 5 5 51 52 29 10 10 5 12 81 111 83 10 29 102 118 117 89 121 122 121 51 52 111 29 29 129 52 129 117 102 29 81 121 83 5 52 5 68 111 89 129 12 68 12 117 76 51 52 121 122 76 68 102 52 10 81 12 83 89 68 29 111 68 89 81 5 83 117 118 68 76 102 89 29 83 81 81 83 83 129 111 52 81 89 89 102 117 118 5 29 121 117 118 10 111 12 102 102 129 68 117 118 111 129 121 122 111 76 117 118 81 117 118 118 83 121 121 10 89 118 89 5 121 129 129 81 10 83 
  Facilities: 18
 5 : 1 4 5 11 39 41 70 93 126
 10 : 9 10 16 59 98 122 131
 12 : 0 12 46 48 61 100
 29 : 3 8 17 28 29 35 65 78 94
 51 : 6 25 51
 52 : 7 26 31 40 52 58 86
 68 : 42 47 56 64 67 74 104
 76 : 50 55 75 112
 81 : 13 36 60 69 80 81 87 115 130
 83 : 15 38 62 71 79 82 83 119 132
 89 : 21 44 63 68 77 88 89 123 125
 102 : 18 34 57 76 90 101 102
 111 : 14 27 43 66 85 99 107 111
 117 : 20 33 49 72 91 96 105 113 116
 118 : 19 73 92 97 106 114 117 118 124
 121 : 22 24 37 53 95 109 120 121 127
 122 : 23 54 110
 129 : 2 30 32 45 84 103 108 128 129
