# Time: 12.700000
# Elapsed: 3.865466
# Input_file: splp/Uniform/1023UnifS.txt
# Pool_size: 1000
# Iterations: 31
# Final_solutions: 27441
# Vision_range: 0
# Reduction_mode: REDUCTION_RANDOM
SOLUTION:
  Value: -85851.000000
  Assigns: 30 76 5 89 2 5 38 76 95 76 5 5 55 5 24 53 97 55 55 30 76 55 77 26 30 77 53 55 55 97 77 24 30 95 89 11 53 2 53 11 30 38 38 24 2 84 2 77 89 55 97 38 2 11 76 11 5 89 95 11 89 97 11 77 24 55 76 5 30 77 55 53 76 24 38 76 76 97 11 97 76 24 76 84 24 2 97 24 24 97 77 38 24 24 24 84 30 5 84 77 
  Facilities: 15
 2 : 4 37 44 46 52 85
 5 : 2 5 10 11 13 56 67 97
 11 : 35 39 53 55 59 62 78
 24 : 14 31 43 64 73 81 84 87 88 92 93 94
 26 : 23
 30 : 0 19 24 32 40 68 96
 38 : 6 41 42 51 74 91
 53 : 15 26 36 38 71
 55 : 12 17 18 21 27 28 49 65 70
 76 : 1 7 9 20 54 66 72 75 76 80 82
 77 : 22 25 30 47 63 69 90 99
 84 : 45 83 95 98
 89 : 3 34 48 57 60
 95 : 8 33 58
 97 : 16 29 50 61 77 79 86 89
SOLUTION:
  Value: -86389.000000
  Assigns: 30 76 5 89 53 5 38 76 95 76 5 5 55 5 24 53 97 55 55 30 76 55 77 26 30 77 53 55 55 97 77 24 30 95 89 11 53 76 53 11 30 38 38 24 77 84 11 77 89 55 97 38 53 11 76 11 5 89 95 11 89 97 11 77 24 55 76 5 30 77 55 53 76 24 38 76 76 97 11 97 76 24 76 84 24 5 97 24 24 97 77 38 24 24 24 84 30 5 84 77 
  Facilities: 14
 5 : 2 5 10 11 13 56 67 85 97
 11 : 35 39 46 53 55 59 62 78
 24 : 14 31 43 64 73 81 84 87 88 92 93 94
 26 : 23
 30 : 0 19 24 32 40 68 96
 38 : 6 41 42 51 74 91
 53 : 4 15 26 36 38 52 71
 55 : 12 17 18 21 27 28 49 65 70
 76 : 1 7 9 20 37 54 66 72 75 76 80 82
 77 : 22 25 30 44 47 63 69 90 99
 84 : 45 83 95 98
 89 : 3 34 48 57 60
 95 : 8 33 58
 97 : 16 29 50 61 77 79 86 89
SOLUTION:
  Value: -86952.000000
  Assigns: 30 76 5 30 53 5 38 76 95 76 5 5 55 5 24 53 97 55 55 30 76 55 77 26 30 77 53 55 55 97 77 24 30 95 77 11 53 76 53 11 30 38 38 24 77 84 11 77 55 55 97 38 53 11 76 11 5 77 95 11 24 97 11 77 24 55 76 5 30 77 55 53 76 24 38 76 76 97 11 97 76 24 76 84 24 5 97 24 24 97 77 38 24 24 24 84 30 5 84 77 
  Facilities: 13
 5 : 2 5 10 11 13 56 67 85 97
 11 : 35 39 46 53 55 59 62 78
 24 : 14 31 43 60 64 73 81 84 87 88 92 93 94
 26 : 23
 30 : 0 3 19 24 32 40 68 96
 38 : 6 41 42 51 74 91
 53 : 4 15 26 36 38 52 71
 55 : 12 17 18 21 27 28 48 49 65 70
 76 : 1 7 9 20 37 54 66 72 75 76 80 82
 77 : 22 25 30 34 44 47 57 63 69 90 99
 84 : 45 83 95 98
 95 : 8 33 58
 97 : 16 29 50 61 77 79 86 89
SOLUTION:
  Value: -88234.000000
  Assigns: 63 94 40 40 53 53 40 28 12 40 12 28 55 86 24 63 19 55 55 75 58 55 29 34 63 78 58 55 19 75 40 19 78 19 24 12 19 78 53 86 40 78 29 94 78 29 34 78 78 55 58 12 63 24 53 78 58 94 29 29 28 40 94 63 86 28 94 28 53 63 55 94 75 24 53 58 55 94 58 86 94 24 34 19 24 94 29 94 24 86 29 75 24 24 24 19 78 75 28 40 
  Facilities: 15
 12 : 8 10 35 51
 19 : 16 28 31 33 36 83 95
 24 : 14 34 53 73 81 84 88 92 93 94
 28 : 7 11 60 65 67 98
 29 : 22 42 45 58 59 86 90
 34 : 23 46 82
 40 : 2 3 6 9 30 40 61 99
 53 : 4 5 38 54 68 74
 55 : 12 17 18 21 27 49 70 76
 58 : 20 26 50 56 75 78
 63 : 0 15 24 52 63 69
 75 : 19 29 72 91 97
 78 : 25 32 37 41 44 47 48 55 96
 86 : 13 39 64 79 89
 94 : 1 43 57 62 66 71 77 80 85 87
SOLUTION:
  Value: -88393.000000
  Assigns: 30 76 5 30 53 5 95 76 92 76 5 5 55 5 24 53 97 55 55 30 76 55 77 26 30 77 53 55 55 97 77 24 30 95 77 11 53 76 53 11 30 5 26 24 77 92 11 77 55 55 97 11 53 11 76 11 5 77 95 11 24 97 11 77 24 55 76 5 30 77 55 53 76 24 53 76 76 97 11 97 76 24 76 84 24 5 97 92 24 97 77 76 24 24 24 84 92 5 84 77 
  Facilities: 13
 5 : 2 5 10 11 13 41 56 67 85 97
 11 : 35 39 46 51 53 55 59 62 78
 24 : 14 31 43 60 64 73 81 84 88 92 93 94
 26 : 23 42
 30 : 0 3 19 24 32 40 68
 53 : 4 15 26 36 38 52 71 74
 55 : 12 17 18 21 27 28 48 49 65 70
 76 : 1 7 9 20 37 54 66 72 75 76 80 82 91
 77 : 22 25 30 34 44 47 57 63 69 90 99
 84 : 83 95 98
 92 : 8 45 87 96
 95 : 6 33 58
 97 : 16 29 50 61 77 79 86 89
SOLUTION:
  Value: -88885.000000
  Assigns: 76 76 5 61 53 5 95 76 92 76 5 5 55 5 24 53 97 55 55 61 76 55 77 26 53 77 53 55 55 97 77 61 92 95 77 11 53 76 53 11 76 5 26 24 61 92 11 77 55 55 97 11 53 11 76 11 5 61 95 11 24 97 11 77 24 55 76 5 53 77 55 53 76 24 53 61 76 97 11 97 61 24 76 84 24 5 97 92 24 97 77 76 24 24 24 61 92 5 84 77 
  Facilities: 13
 5 : 2 5 10 11 13 41 56 67 85 97
 11 : 35 39 46 51 53 55 59 62 78
 24 : 14 43 60 64 73 81 84 88 92 93 94
 26 : 23 42
 53 : 4 15 24 26 36 38 52 68 71 74
 55 : 12 17 18 21 27 28 48 49 65 70
 61 : 3 19 31 44 57 75 80 95
 76 : 0 1 7 9 20 37 40 54 66 72 76 82 91
 77 : 22 25 30 34 47 63 69 90 99
 84 : 83 98
 92 : 8 32 45 87 96
 95 : 6 33 58
 97 : 16 29 50 61 77 79 86 89
SOLUTION:
  Value: -89087.000000
  Assigns: 15 76 5 33 19 5 19 76 33 76 5 5 72 5 24 41 72 63 83 19 76 82 41 32 63 58 58 72 19 83 93 19 93 41 15 19 19 19 83 86 76 41 32 15 41 72 72 41 58 33 58 33 63 24 41 93 58 15 5 82 72 15 32 63 86 58 33 33 93 81 72 72 76 24 33 58 76 41 58 5 72 24 76 33 24 5 32 93 24 86 58 32 24 24 24 19 83 5 5 83 
  Facilities: 16
 5 : 2 5 10 11 13 58 79 85 97 98
 15 : 0 34 43 57 61
 19 : 4 6 19 28 31 35 36 37 95
 24 : 14 53 73 81 84 88 92 93 94
 32 : 23 42 62 86 91
 33 : 3 8 49 51 66 67 74 83
 41 : 15 22 33 41 44 47 54 77
 58 : 25 26 48 50 56 65 75 78 90
 63 : 17 24 52 63
 72 : 12 16 27 45 46 60 70 71 80
 76 : 1 7 9 20 40 72 76 82
 81 : 69
 82 : 21 59
 83 : 18 29 38 96 99
 86 : 39 64 89
 93 : 30 32 55 68 87
SOLUTION:
  Value: -89568.000000
  Assigns: 63 94 40 40 53 53 40 28 12 40 12 28 55 86 24 63 19 55 55 75 24 55 29 34 63 78 53 55 19 75 40 19 78 19 24 12 19 78 53 86 40 78 29 94 78 29 34 78 78 55 78 12 63 24 53 78 34 94 29 29 28 40 94 63 86 28 94 28 53 63 55 94 75 24 53 34 55 94 86 86 94 24 34 19 24 94 29 94 24 86 29 75 24 24 24 19 78 75 28 40 
  Facilities: 14
 12 : 8 10 35 51
 19 : 16 28 31 33 36 83 95
 24 : 14 20 34 53 73 81 84 88 92 93 94
 28 : 7 11 60 65 67 98
 29 : 22 42 45 58 59 86 90
 34 : 23 46 56 75 82
 40 : 2 3 6 9 30 40 61 99
 53 : 4 5 26 38 54 68 74
 55 : 12 17 18 21 27 49 70 76
 63 : 0 15 24 52 63 69
 75 : 19 29 72 91 97
 78 : 25 32 37 41 44 47 48 50 55 96
 86 : 13 39 64 78 79 89
 94 : 1 43 57 62 66 71 77 80 85 87
SOLUTION:
  Value: -89657.000000
  Assigns: 8 21 5 21 55 5 23 78 9 52 5 5 55 5 23 49 72 55 55 9 23 23 71 21 71 90 52 55 55 84 90 8 78 90 9 11 55 78 90 11 23 8 90 23 78 23 49 21 78 55 78 11 49 11 23 78 5 52 8 11 72 71 23 8 49 55 5 90 8 81 8 72 72 11 52 52 71 84 11 5 72 21 72 9 49 5 9 52 55 81 21 81 5 72 55 8 78 5 8 90 
  Facilities: 15
 5 : 2 5 10 11 13 56 66 79 85 92 97
 8 : 0 31 41 58 63 68 70 95 98
 9 : 8 19 34 83 86
 11 : 35 39 51 53 59 73 78
 21 : 1 3 23 47 81 90
 23 : 6 14 20 21 40 43 45 54 62
 49 : 15 46 52 64 84
 52 : 9 26 57 74 75 87
 55 : 4 12 17 18 27 28 36 49 65 88 94
 71 : 22 24 61 76
 72 : 16 60 71 72 80 82 93
 78 : 7 32 37 44 48 50 55 96
 81 : 69 89 91
 84 : 29 77
 90 : 25 30 33 38 42 67 99
SOLUTION:
  Value: -90087.000000
  Assigns: 82 76 5 83 19 5 38 76 5 76 5 5 72 5 82 63 72 63 83 19 76 82 63 86 63 58 58 72 19 83 93 19 93 19 82 19 19 19 83 86 76 93 38 58 83 38 72 72 58 81 58 38 63 38 76 93 58 63 5 82 72 38 38 63 86 58 76 81 93 81 72 72 76 83 38 58 76 38 58 5 72 93 76 93 58 5 58 93 93 86 58 81 5 72 86 19 83 5 5 83 
  Facilities: 12
 5 : 2 5 8 10 11 13 58 79 85 92 97 98
 19 : 4 19 28 31 33 35 36 37 95
 38 : 6 42 45 51 53 61 62 74 77
 58 : 25 26 43 48 50 56 65 75 78 84 86 90
 63 : 15 17 22 24 52 57 63
 72 : 12 16 27 46 47 60 70 71 80 93
 76 : 1 7 9 20 40 54 66 72 76 82
 81 : 49 67 69 91
 82 : 0 14 21 34 59
 83 : 3 18 29 38 44 73 96 99
 86 : 23 39 64 89 94
 93 : 30 32 41 55 68 81 83 87 88
