# Time: 12.230000
# Elapsed: 3.639560
# Input_file: splp/Uniform/523UnifS.txt
# Pool_size: 1000
# Iterations: 31
# Final_solutions: 26896
# Vision_range: 0
# Reduction_mode: REDUCTION_RANDOM
SOLUTION:
  Value: -89057.000000
  Assigns: 35 75 11 70 75 3 99 0 75 3 59 3 35 99 59 70 99 76 35 59 74 0 3 75 91 11 70 70 0 76 91 70 0 11 91 74 11 99 3 0 76 76 59 70 0 0 99 17 99 17 7 76 59 11 0 76 75 70 59 70 3 35 76 7 70 35 11 74 17 11 99 17 17 0 3 0 70 70 0 99 74 17 70 91 74 75 74 3 0 11 74 76 74 11 70 3 76 59 59 75 
  Facilities: 13
 0 : 7 21 28 32 39 44 45 54 73 75 78 88
 3 : 5 9 11 22 38 60 74 87 95
 7 : 50 63
 11 : 2 25 33 36 53 66 69 89 93
 17 : 47 49 68 71 72 81
 35 : 0 12 18 61 65
 59 : 10 14 19 42 52 58 97 98
 70 : 3 15 26 27 31 43 57 59 64 76 77 82 94
 74 : 20 35 67 80 84 86 90 92
 75 : 1 4 8 23 56 85 99
 76 : 17 29 40 41 51 55 62 91 96
 91 : 24 30 34 83
 99 : 6 13 16 37 46 48 70 79
SOLUTION:
  Value: -91271.000000
  Assigns: 12 26 62 77 12 36 62 0 96 53 53 85 18 12 96 0 26 20 53 62 29 36 77 77 18 90 29 18 53 84 36 77 72 53 26 38 85 36 72 0 84 62 12 29 12 0 77 72 56 84 77 26 77 36 0 18 62 72 18 77 84 62 0 77 77 26 56 62 38 0 36 36 62 36 62 29 62 84 29 0 36 18 53 53 38 0 29 77 72 20 77 85 53 53 90 0 29 20 90 84 
  Facilities: 17
 0 : 7 15 39 45 54 62 69 79 85 95
 12 : 0 4 13 42 44
 18 : 12 24 27 55 58 81
 20 : 17 89 97
 26 : 1 16 34 51 65
 29 : 20 26 43 75 78 86 96
 36 : 5 21 30 37 53 70 71 73 80
 38 : 35 68 84
 53 : 9 10 18 28 33 82 83 92 93
 56 : 48 66
 62 : 2 6 19 41 56 61 67 72 74 76
 72 : 32 38 47 57 88
 77 : 3 22 23 31 46 50 52 59 63 64 87 90
 84 : 29 40 49 60 77 99
 85 : 11 36 91
 90 : 25 94 98
 96 : 8 14
SOLUTION:
  Value: -91402.000000
  Assigns: 12 95 95 97 12 36 71 55 17 73 53 5 18 12 55 39 55 36 53 17 95 36 73 18 18 11 19 5 53 84 36 71 19 53 97 18 85 95 84 19 55 39 12 19 12 71 12 17 95 84 55 73 97 36 18 18 19 39 11 19 95 43 17 97 71 5 97 71 17 11 36 36 17 39 73 43 84 84 84 95 71 17 53 53 5 17 95 95 84 11 71 85 19 71 71 5 12 55 73 84 
  Facilities: 17
 5 : 11 27 65 84 95
 11 : 25 58 69 89
 12 : 0 4 13 42 44 46 96
 17 : 8 19 47 62 68 72 81 85
 18 : 12 23 24 35 54 55
 19 : 26 32 39 43 56 59 92
 36 : 5 17 21 30 53 70 71
 39 : 15 41 57 73
 43 : 61 75
 53 : 10 18 28 33 82 83
 55 : 7 14 16 40 50 97
 71 : 6 31 45 64 67 80 90 93 94
 73 : 9 22 51 74 98
 84 : 29 38 49 76 77 78 88 99
 85 : 36 91
 95 : 1 2 20 37 48 60 79 86 87
 97 : 3 34 52 63 66
SOLUTION:
  Value: -91488.000000
  Assigns: 2 75 62 2 2 77 14 55 75 92 92 40 37 77 55 76 55 76 40 76 62 55 77 77 40 11 11 62 92 92 2 77 62 11 75 58 58 40 82 14 76 62 14 28 77 82 77 65 14 58 55 77 77 58 75 2 37 82 11 37 75 62 76 77 77 13 11 65 28 11 2 82 62 2 62 62 62 92 82 75 58 58 37 58 55 75 58 77 40 11 77 37 82 11 37 55 40 55 77 13 
  Facilities: 16
 2 : 0 3 4 30 55 70 73
 11 : 25 26 33 58 66 69 89 93
 13 : 65 99
 14 : 6 39 42 48
 28 : 43 68
 37 : 12 56 59 82 91 94
 40 : 11 18 24 37 88 96
 55 : 7 14 16 21 50 84 95 97
 58 : 35 36 49 53 80 81 83 86
 62 : 2 20 27 32 41 61 72 74 75 76
 65 : 47 67
 75 : 1 8 34 54 60 79 85
 76 : 15 17 19 40 62
 77 : 5 13 22 23 31 44 46 51 52 63 64 87 90 98
 82 : 38 45 57 71 78 92
 92 : 9 10 28 29 77
SOLUTION:
  Value: -91665.000000
  Assigns: 48 75 62 37 47 56 86 62 75 53 53 53 37 77 93 76 86 76 53 76 62 77 93 77 76 53 47 62 53 65 56 77 62 53 75 62 47 48 56 62 76 62 53 93 77 75 86 65 56 37 77 77 77 56 75 76 37 86 86 86 47 62 47 77 77 37 47 65 48 93 75 86 62 77 62 62 62 47 56 75 86 76 53 53 47 75 62 77 65 37 48 37 53 65 37 47 86 93 47 75 
  Facilities: 12
 37 : 3 12 49 56 65 89 91 94
 47 : 4 26 36 60 62 66 77 84 95 98
 48 : 0 37 68 90
 53 : 9 10 11 18 25 28 33 42 82 83 92
 56 : 5 30 38 48 53 78
 62 : 2 7 20 27 32 35 39 41 61 72 74 75 76 86
 65 : 29 47 67 88 93
 75 : 1 8 34 45 54 70 79 85 99
 76 : 15 17 19 24 40 55 81
 77 : 13 21 23 31 44 50 51 52 63 64 73 87
 86 : 6 16 46 57 58 59 71 80 96
 93 : 14 22 43 69 97
SOLUTION:
  Value: -91671.000000
  Assigns: 24 49 62 67 47 36 86 60 86 56 59 60 36 15 59 52 86 36 43 59 62 36 15 67 52 86 15 62 27 24 36 67 62 15 67 49 24 36 15 52 15 62 59 47 86 56 86 52 56 60 52 49 36 36 52 43 62 86 59 27 24 62 47 47 52 15 15 62 67 43 27 86 62 36 24 43 62 47 56 56 36 67 56 27 47 15 59 60 52 67 86 27 27 49 15 47 86 59 59 52 
  Facilities: 14
 15 : 13 22 26 33 38 40 65 66 85 94
 24 : 0 29 36 60 74
 27 : 28 59 70 83 91 92
 36 : 5 12 17 21 30 37 52 53 73 80
 43 : 18 55 69 75
 47 : 4 43 62 63 77 84 95
 49 : 1 35 51 93
 52 : 15 24 39 47 50 54 64 88 99
 56 : 9 45 48 78 79 82
 59 : 10 14 19 42 58 86 97 98
 60 : 7 11 49 87
 62 : 2 20 27 32 41 56 61 67 72 76
 67 : 3 23 31 34 68 81 89
 86 : 6 8 16 25 44 46 57 71 90 96
SOLUTION:
  Value: -91934.000000
  Assigns: 2 26 11 70 1 34 78 34 74 56 59 6 26 88 59 70 26 42 70 59 74 88 93 77 88 11 70 70 78 78 2 77 72 11 26 6 11 88 72 78 1 39 59 88 77 1 77 59 56 2 77 26 77 1 34 2 93 72 59 77 1 6 1 77 77 70 42 74 6 11 2 78 42 2 26 72 56 70 56 56 74 34 70 2 42 93 42 77 72 11 78 88 74 11 70 34 78 59 59 1 
  Facilities: 18
 1 : 4 40 45 53 60 62 99
 2 : 0 30 49 55 70 73 83
 6 : 11 35 61 68
 11 : 2 25 33 36 69 89 93
 26 : 1 12 16 34 51 74
 30 :
 34 : 5 7 54 81 95
 39 : 41
 42 : 17 66 72 84 86
 56 : 9 48 76 78 79
 59 : 10 14 19 42 47 58 97 98
 70 : 3 15 18 26 27 65 77 82 94
 72 : 32 38 57 75 88
 74 : 8 20 67 80 92
 77 : 23 31 44 46 50 52 59 63 64 87
 78 : 6 28 29 39 71 90 96
 88 : 13 21 24 37 43 91
 93 : 22 56 85
SOLUTION:
  Value: -92002.000000
  Assigns: 2 58 62 2 2 77 14 55 65 92 92 40 37 77 55 76 55 76 40 76 62 55 77 77 40 11 11 62 92 92 2 77 62 11 82 58 58 40 82 14 76 62 14 28 77 82 77 65 14 58 55 77 77 58 2 2 37 82 11 37 77 62 76 77 77 13 11 65 28 11 2 82 62 2 62 62 62 92 82 82 58 58 37 58 55 28 58 77 40 11 77 37 82 11 37 55 40 55 77 13 
  Facilities: 15
 2 : 0 3 4 30 54 55 70 73
 11 : 25 26 33 58 66 69 89 93
 13 : 65 99
 14 : 6 39 42 48
 28 : 43 68 85
 37 : 12 56 59 82 91 94
 40 : 11 18 24 37 88 96
 55 : 7 14 16 21 50 84 95 97
 58 : 1 35 36 49 53 80 81 83 86
 62 : 2 20 27 32 41 61 72 74 75 76
 65 : 8 47 67
 76 : 15 17 19 40 62
 77 : 5 13 22 23 31 44 46 51 52 60 63 64 87 90 98
 82 : 34 38 45 57 71 78 79 92
 92 : 9 10 28 29 77
SOLUTION:
  Value: -92143.000000
  Assigns: 2 45 35 45 47 45 86 84 86 56 86 54 35 54 54 39 86 20 35 67 85 85 77 77 84 20 19 20 56 84 2 77 54 39 67 58 85 35 84 19 58 39 56 19 85 56 86 39 56 84 77 77 77 39 45 2 19 86 86 86 84 35 47 77 77 35 47 54 67 35 2 86 47 2 45 45 56 84 56 56 58 67 39 58 47 47 58 77 84 67 77 85 19 45 45 47 86 67 47 84 
  Facilities: 15
 2 : 0 30 55 70 73
 19 : 26 39 43 56 92
 20 : 17 25 27
 35 : 2 12 18 37 61 65 69
 39 : 15 33 41 47 53 82
 45 : 1 3 5 54 74 75 93 94
 47 : 4 62 66 72 84 85 95 98
 54 : 11 13 14 32 67
 56 : 9 28 42 45 48 76 78 79
 58 : 35 40 80 83 86
 67 : 19 34 68 81 89 97
 77 : 22 23 31 50 51 52 63 64 87 90
 84 : 7 24 29 38 49 60 77 88 99
 85 : 20 21 36 44 91
 86 : 6 8 10 16 46 57 58 59 71 96
SOLUTION:
  Value: -92179.000000
  Assigns: 12 26 62 77 12 36 62 0 96 56 62 85 18 12 96 0 26 20 29 62 29 36 77 77 18 90 29 18 96 84 36 77 72 18 26 38 85 36 72 0 84 62 12 29 12 0 77 72 56 84 77 26 77 36 0 18 62 72 18 77 84 62 0 77 77 26 56 62 38 0 36 36 62 36 62 29 62 84 29 0 36 18 56 56 38 0 29 77 72 20 77 85 84 12 90 0 29 20 90 84 
  Facilities: 16
 0 : 7 15 39 45 54 62 69 79 85 95
 12 : 0 4 13 42 44 93
 18 : 12 24 27 33 55 58 81
 20 : 17 89 97
 26 : 1 16 34 51 65
 29 : 18 20 26 43 75 78 86 96
 36 : 5 21 30 37 53 70 71 73 80
 38 : 35 68 84
 56 : 9 48 66 82 83
 62 : 2 6 10 19 41 56 61 67 72 74 76
 72 : 32 38 47 57 88
 77 : 3 22 23 31 46 50 52 59 63 64 87 90
 84 : 29 40 49 60 77 92 99
 85 : 11 36 91
 90 : 25 94 98
 96 : 8 14 28
