# Time: 105473.796875
# Elapsed: 15401.027344
# Input_file: splp/KoerkelGhosh-sym/750/a/gs750a-5
# Pool_size: 400
# Iterations: 68
# Final_solutions: 25878
# Vision_range: 600
# Reduction_mode: REDUCTION_DISPERSE
# Dissimilitude: DISSIM_MSE
# Facility_dist: FDISMODE_SUMOFDELTAS
SOLUTION:
  Value: -764329.000000
  Assigns: 696 546 440 149 323 539 692 308 45 10 706 385 707 188 742 358 391 706 287 539 163 2 149 358 539 10 535 662 10 534 73 715 45 51 73 193 2 653 163 89 51 101 386 45 420 420 280 742 287 241 241 315 287 696 53 2 128 101 391 707 551 386 420 188 206 504 188 535 440 706 692 625 241 163 323 53 385 715 625 715 440 101 742 245 308 385 546 374 241 128 210 634 323 706 551 707 188 149 149 89 696 539 181 539 742 109 210 204 287 261 440 197 358 181 374 546 301 287 535 53 197 662 486 197 358 241 10 181 53 662 374 653 103 323 206 420 197 204 608 53 280 721 163 374 109 10 486 101 206 385 206 323 245 51 103 149 301 692 539 385 706 486 721 73 206 539 634 323 101 715 721 706 45 551 721 534 103 380 315 662 706 706 149 692 204 89 385 534 206 420 204 51 109 193 440 206 358 639 109 706 634 706 261 625 287 109 188 535 653 188 210 181 10 287 287 535 308 391 181 287 608 181 103 742 241 241 89 385 89 73 210 103 261 101 374 245 73 89 10 73 204 128 625 539 534 662 551 385 535 742 2 385 308 380 193 706 181 539 634 721 2 109 181 639 440 245 101 103 420 103 721 73 181 163 742 206 315 608 73 396 486 193 636 188 89 380 440 204 653 301 715 639 261 625 742 51 653 358 204 287 206 323 634 374 692 692 391 128 391 420 181 101 206 625 323 51 391 2 193 101 358 51 109 301 535 391 53 45 546 323 625 45 634 103 101 204 715 707 181 386 245 287 535 742 204 280 636 374 89 707 2 742 662 486 103 193 546 53 380 535 721 101 440 706 535 551 662 653 662 707 197 45 103 181 653 245 128 696 280 245 358 2 639 653 707 149 546 551 181 385 206 308 374 103 261 109 163 2 486 486 103 73 539 308 204 742 358 539 636 10 504 109 197 386 715 386 188 45 535 639 45 385 109 51 261 707 109 301 301 634 45 261 546 396 149 2 245 301 89 193 2 662 634 149 639 551 380 742 380 323 625 546 636 634 742 51 109 103 53 204 386 103 193 385 636 53 2 261 323 721 204 546 245 504 546 280 653 534 206 653 706 358 51 163 73 486 2 308 653 45 440 188 692 287 103 188 241 634 287 210 163 245 534 420 109 280 662 420 692 396 662 101 308 210 10 280 486 53 386 742 280 639 261 396 715 206 696 128 535 386 539 245 707 206 301 608 45 706 280 101 210 608 280 662 692 188 386 109 210 323 308 721 287 742 210 197 639 308 634 504 301 280 2 193 535 706 128 374 653 707 197 210 101 742 385 149 89 653 358 608 301 486 204 89 639 89 662 539 396 89 280 287 308 128 103 396 707 89 128 721 280 639 440 715 696 301 188 504 535 2 539 204 10 696 385 193 653 109 103 486 486 197 261 89 639 696 308 639 193 636 608 323 546 639 53 396 206 534 204 486 396 551 486 51 420 197 696 193 10 486 308 181 149 551 625 101 534 696 241 396 323 323 245 51 73 308 358 715 721 53 696 386 551 535 204 315 396 742 128 308 181 315 715 261 662 73 420 103 308 692 396 662 696 163 380 715 315 535 308 188 287 163 163 662 706 608 181 245 551 546 45 315 101 551 181 706 692 73 101 89 315 551 245 715 653 534 715 396 692 301 535 109 385 715 625 10 101 2 109 653 101 396 706 692 634 639 73 181 636 696 
  Facilities: 59
 2 : 21 36 55 250 260 317 350 381 397 435 440 466 486 562 609 737
 10 : 9 25 28 126 145 212 238 409 514 612 648 735
 45 : 8 32 43 172 327 331 371 417 420 430 489 536 710
 51 : 33 40 153 191 295 315 321 423 455 482 643 663
 53 : 54 75 119 128 139 326 357 458 465 517 634 669
 73 : 30 34 163 229 236 239 271 278 401 484 664 685 717 746
 89 : 39 99 185 226 228 237 284 348 438 576 583 585 589 597 623 719
 101 : 41 57 81 147 168 233 266 311 319 334 361 511 539 572 655 712 718 736 740
 103 : 132 154 176 222 231 267 269 333 354 372 393 400 457 461 494 594 618 687
 109 : 105 144 192 198 205 261 322 395 411 422 426 456 504 547 617 731 738
 128 : 56 89 241 307 376 527 566 593 598 678
 149 : 3 22 97 98 155 182 385 434 443 575 652
 163 : 20 38 73 142 273 396 483 500 693 701 702
 181 : 102 113 127 211 218 221 256 262 272 310 338 373 388 651 680 706 714 747
 188 : 13 63 66 96 206 209 283 416 491 495 545 606 699
 193 : 35 193 254 281 318 355 439 462 563 615 628 647
 197 : 111 120 123 136 370 412 555 570 621 645
 204 : 107 137 184 190 240 287 298 335 344 404 459 470 582 611 638 674
 206 : 64 134 148 150 164 188 195 275 300 312 390 478 525 533 636
 210 : 90 106 210 230 499 513 540 548 554 571
 241 : 49 50 72 88 125 224 225 496 658
 245 : 83 152 235 265 340 375 379 436 472 501 531 662 707 722
 261 : 109 202 232 292 394 424 431 467 522 622 683
 280 : 46 140 345 378 475 505 515 520 538 542 561 590 600
 287 : 18 48 52 108 117 204 213 214 219 299 341 493 498 552 591 700
 301 : 116 156 289 323 427 428 437 534 560 580 605 729
 308 : 7 84 216 252 391 403 487 512 550 557 592 626 650 665 679 688 698
 315 : 51 178 276 675 681 696 711 720
 323 : 4 74 92 133 151 167 301 314 329 449 468 549 631 660 661
 358 : 15 23 112 124 196 297 320 380 406 481 578 666
 374 : 87 114 130 143 234 303 347 392 567
 380 : 177 253 285 358 446 448 694
 385 : 11 76 85 149 159 186 227 247 251 389 421 463 574 614 732
 386 : 42 61 339 413 415 460 518 529 546 671
 391 : 16 58 217 306 308 316 325
 396 : 279 433 509 523 588 595 635 640 659 676 690 727 741
 420 : 44 45 62 135 189 268 309 503 507 644 686
 440 : 2 68 80 110 194 264 286 362 490 602
 486 : 122 146 161 280 353 398 399 485 516 581 619 620 639 642 649
 504 : 65 410 473 559 607
 534 : 29 175 187 244 477 502 637 656 725
 535 : 26 67 118 207 215 248 324 342 359 364 418 528 564 608 673 697 730
 539 : 5 19 24 101 103 158 165 243 257 402 407 530 587 610
 546 : 1 86 115 328 356 386 432 451 471 474 632 709
 551 : 60 94 173 246 365 387 445 641 653 672 708 713 721
 608 : 138 220 277 535 541 579 630 705
 625 : 71 78 203 242 293 313 330 450 654 734
 634 : 91 166 200 258 302 332 429 442 453 497 558 744
 636 : 282 346 408 452 464 629 748
 639 : 197 263 291 382 419 444 521 556 584 601 624 627 633 745
 653 : 37 131 208 288 296 367 374 383 476 479 488 568 577 616 724 739
 662 : 27 121 129 179 245 352 366 368 441 506 510 543 586 684 691 703
 692 : 6 70 157 183 304 305 492 508 544 689 716 728 743
 696 : 0 53 100 377 526 604 613 625 646 657 670 692 749
 706 : 10 17 69 93 160 171 180 181 199 201 255 363 480 537 565 704 715 742
 707 : 12 59 95 337 349 369 384 425 532 569 596
 715 : 31 77 79 169 290 336 414 524 603 667 682 695 723 726 733
 721 : 141 162 170 174 259 270 360 469 551 599 668
 742 : 14 47 82 104 223 249 274 294 343 351 405 447 454 519 553 573 677
SOLUTION:
  Value: -764330.000000
  Assigns: 696 546 440 149 323 539 692 308 374 10 706 385 707 188 742 358 391 706 287 539 163 2 149 358 539 10 535 662 10 534 73 715 358 51 73 193 2 653 163 89 51 101 386 51 420 420 280 742 287 241 241 315 287 696 53 2 128 101 391 707 551 386 420 188 206 504 188 535 440 706 692 625 241 163 323 53 385 715 625 715 440 101 742 245 308 385 546 374 241 128 210 634 323 706 551 707 188 149 149 89 696 539 181 539 742 109 210 204 287 261 440 197 358 181 374 546 301 287 535 53 197 662 486 197 358 241 10 181 53 662 374 653 103 323 206 420 197 204 608 53 280 721 163 374 109 10 486 101 206 385 206 323 245 51 103 149 301 692 539 385 706 486 721 73 206 539 634 323 101 715 721 706 89 551 721 534 103 380 315 662 706 706 149 692 204 89 385 534 206 420 204 51 109 193 440 206 358 639 109 706 634 706 261 625 287 109 188 535 653 188 210 181 10 287 287 535 308 391 181 287 608 181 103 742 241 241 89 385 89 73 210 103 261 101 374 245 73 89 10 73 204 128 625 539 534 662 551 385 535 742 2 385 308 380 193 706 181 539 634 721 2 109 181 639 440 245 101 103 420 103 721 73 181 163 742 206 315 608 73 396 486 193 636 188 89 380 440 204 653 301 715 639 261 625 742 51 653 358 204 287 206 323 634 374 692 692 391 128 391 420 181 101 206 625 323 51 391 2 193 101 358 51 109 301 535 391 53 53 546 323 625 193 634 103 101 204 715 707 181 386 245 287 535 742 204 280 636 374 89 707 2 742 662 486 103 193 546 53 380 535 721 101 440 706 535 551 662 653 662 707 197 210 103 181 653 245 128 696 280 245 358 2 639 653 707 149 546 551 181 385 206 308 374 103 261 109 163 2 486 486 103 73 539 308 204 742 358 539 636 10 504 109 197 386 715 386 188 163 535 639 73 385 109 51 261 707 109 301 301 634 245 261 546 396 149 2 245 301 89 193 2 662 634 149 639 551 380 742 380 323 625 546 636 634 742 51 109 103 53 204 386 103 193 385 636 53 2 261 323 721 204 546 245 504 546 280 653 534 206 653 706 358 51 163 73 486 2 308 653 396 440 188 692 287 103 188 241 634 287 210 163 245 534 420 109 280 662 420 692 396 662 101 308 210 10 280 486 53 386 742 280 639 261 396 715 206 696 128 535 386 539 245 707 206 301 608 315 706 280 101 210 608 280 662 692 188 386 109 210 323 308 721 287 742 210 197 639 308 634 504 301 280 2 193 535 706 128 374 653 707 197 210 101 742 385 149 89 653 358 608 301 486 204 89 639 89 662 539 396 89 280 287 308 128 103 396 707 89 128 721 280 639 440 715 696 301 188 504 535 2 539 204 10 696 385 193 653 109 103 486 486 197 261 89 639 696 308 639 193 636 608 323 546 639 53 396 206 534 204 486 396 551 486 51 420 197 696 193 10 486 308 181 149 551 625 101 534 696 241 396 323 323 245 51 73 308 358 715 721 53 696 386 551 535 204 315 396 742 128 308 181 315 715 261 662 73 420 103 308 692 396 662 696 163 380 715 315 535 308 188 287 163 163 662 706 608 181 245 551 546 721 315 101 551 181 706 692 73 101 89 315 551 245 715 653 534 715 396 692 301 535 109 385 715 625 10 101 2 109 653 101 396 706 692 634 639 73 181 636 696 
  Facilities: 58
 2 : 21 36 55 250 260 317 350 381 397 435 440 466 486 562 609 737
 10 : 9 25 28 126 145 212 238 409 514 612 648 735
 51 : 33 40 43 153 191 295 315 321 423 455 482 643 663
 53 : 54 75 119 128 139 326 327 357 458 465 517 634 669
 73 : 30 34 163 229 236 239 271 278 401 420 484 664 685 717 746
 89 : 39 99 172 185 226 228 237 284 348 438 576 583 585 589 597 623 719
 101 : 41 57 81 147 168 233 266 311 319 334 361 511 539 572 655 712 718 736 740
 103 : 132 154 176 222 231 267 269 333 354 372 393 400 457 461 494 594 618 687
 109 : 105 144 192 198 205 261 322 395 411 422 426 456 504 547 617 731 738
 128 : 56 89 241 307 376 527 566 593 598 678
 149 : 3 22 97 98 155 182 385 434 443 575 652
 163 : 20 38 73 142 273 396 417 483 500 693 701 702
 181 : 102 113 127 211 218 221 256 262 272 310 338 373 388 651 680 706 714 747
 188 : 13 63 66 96 206 209 283 416 491 495 545 606 699
 193 : 35 193 254 281 318 331 355 439 462 563 615 628 647
 197 : 111 120 123 136 370 412 555 570 621 645
 204 : 107 137 184 190 240 287 298 335 344 404 459 470 582 611 638 674
 206 : 64 134 148 150 164 188 195 275 300 312 390 478 525 533 636
 210 : 90 106 210 230 371 499 513 540 548 554 571
 241 : 49 50 72 88 125 224 225 496 658
 245 : 83 152 235 265 340 375 379 430 436 472 501 531 662 707 722
 261 : 109 202 232 292 394 424 431 467 522 622 683
 280 : 46 140 345 378 475 505 515 520 538 542 561 590 600
 287 : 18 48 52 108 117 204 213 214 219 299 341 493 498 552 591 700
 301 : 116 156 289 323 427 428 437 534 560 580 605 729
 308 : 7 84 216 252 391 403 487 512 550 557 592 626 650 665 679 688 698
 315 : 51 178 276 536 675 681 696 711 720
 323 : 4 74 92 133 151 167 301 314 329 449 468 549 631 660 661
 358 : 15 23 32 112 124 196 297 320 380 406 481 578 666
 374 : 8 87 114 130 143 234 303 347 392 567
 380 : 177 253 285 358 446 448 694
 385 : 11 76 85 149 159 186 227 247 251 389 421 463 574 614 732
 386 : 42 61 339 413 415 460 518 529 546 671
 391 : 16 58 217 306 308 316 325
 396 : 279 433 489 509 523 588 595 635 640 659 676 690 727 741
 420 : 44 45 62 135 189 268 309 503 507 644 686
 440 : 2 68 80 110 194 264 286 362 490 602
 486 : 122 146 161 280 353 398 399 485 516 581 619 620 639 642 649
 504 : 65 410 473 559 607
 534 : 29 175 187 244 477 502 637 656 725
 535 : 26 67 118 207 215 248 324 342 359 364 418 528 564 608 673 697 730
 539 : 5 19 24 101 103 158 165 243 257 402 407 530 587 610
 546 : 1 86 115 328 356 386 432 451 471 474 632 709
 551 : 60 94 173 246 365 387 445 641 653 672 708 713 721
 608 : 138 220 277 535 541 579 630 705
 625 : 71 78 203 242 293 313 330 450 654 734
 634 : 91 166 200 258 302 332 429 442 453 497 558 744
 636 : 282 346 408 452 464 629 748
 639 : 197 263 291 382 419 444 521 556 584 601 624 627 633 745
 653 : 37 131 208 288 296 367 374 383 476 479 488 568 577 616 724 739
 662 : 27 121 129 179 245 352 366 368 441 506 510 543 586 684 691 703
 692 : 6 70 157 183 304 305 492 508 544 689 716 728 743
 696 : 0 53 100 377 526 604 613 625 646 657 670 692 749
 706 : 10 17 69 93 160 171 180 181 199 201 255 363 480 537 565 704 715 742
 707 : 12 59 95 337 349 369 384 425 532 569 596
 715 : 31 77 79 169 290 336 414 524 603 667 682 695 723 726 733
 721 : 141 162 170 174 259 270 360 469 551 599 668 710
 742 : 14 47 82 104 223 249 274 294 343 351 405 447 454 519 553 573 677
SOLUTION:
  Value: -764333.000000
  Assigns: 734 338 260 11 319 626 692 464 338 196 648 385 707 260 89 464 245 734 287 514 730 118 204 288 197 154 535 662 482 393 73 653 45 288 73 431 118 653 662 89 730 101 280 45 174 371 280 73 287 486 338 482 287 634 53 2 288 101 21 514 581 634 197 734 206 196 11 535 581 706 64 625 154 482 323 53 385 371 625 634 154 58 431 245 734 385 482 482 196 103 581 634 323 706 58 707 639 711 89 89 58 319 181 393 393 319 371 204 154 64 206 197 663 49 711 662 253 287 21 49 393 662 486 197 196 507 514 502 53 662 2 653 103 323 206 118 197 204 514 53 280 118 206 464 323 174 486 101 206 385 581 323 118 502 730 697 11 692 569 385 706 371 49 73 49 393 634 323 101 663 385 706 45 679 381 734 103 464 502 662 464 706 581 692 260 89 385 639 206 697 204 49 730 371 697 118 535 639 288 706 634 706 663 625 287 581 64 535 253 734 637 181 431 287 253 535 626 253 181 287 319 181 319 288 711 260 514 730 260 73 569 11 431 514 626 245 73 89 338 73 204 49 625 174 730 662 502 385 535 288 2 385 569 482 196 706 181 196 634 197 2 431 181 11 58 245 101 734 381 103 206 581 181 581 639 288 174 734 73 338 486 502 206 679 502 706 196 204 371 204 663 637 49 118 253 64 653 371 204 734 206 323 507 287 692 174 371 637 626 260 181 507 206 648 323 711 502 2 486 101 502 730 338 204 663 11 174 45 11 323 625 45 634 103 101 204 507 288 181 663 245 482 535 319 204 280 507 502 89 707 2 581 663 486 103 679 73 53 196 535 711 101 118 706 535 679 662 697 393 707 371 45 103 637 653 245 637 49 280 697 253 626 49 653 707 11 393 196 181 385 206 253 385 103 730 174 569 2 196 486 103 73 174 319 204 663 174 21 11 697 730 697 197 58 679 58 64 45 118 639 507 697 118 711 663 707 637 734 381 64 45 711 692 679 323 464 245 196 288 514 2 662 581 206 569 393 288 393 648 323 625 196 288 634 287 692 253 103 53 196 486 103 245 385 711 11 2 64 323 58 204 697 245 730 64 280 338 73 514 653 706 625 253 21 73 482 581 381 653 45 260 502 692 287 103 11 637 634 287 64 569 245 662 371 502 280 662 103 692 730 662 101 482 734 253 280 486 53 626 464 280 639 196 174 338 206 535 648 535 253 711 245 514 206 637 730 45 706 280 101 154 280 280 662 692 692 73 58 118 323 73 653 287 535 11 197 648 319 634 253 45 280 663 639 371 706 697 648 653 707 197 371 101 535 385 535 663 653 58 707 338 486 204 89 639 89 662 49 21 260 319 287 393 196 103 154 196 89 64 514 280 639 648 338 581 734 679 154 535 2 73 637 154 648 338 734 381 502 11 154 319 197 288 89 639 734 381 639 58 679 734 323 64 697 53 639 464 21 204 486 711 730 486 625 431 197 58 464 288 486 431 648 260 288 625 101 626 663 569 431 323 21 245 663 73 288 11 206 626 53 58 663 64 11 204 569 637 507 707 734 181 482 260 637 514 73 634 103 381 692 174 662 634 639 174 174 53 569 181 707 287 118 697 58 581 174 181 569 287 260 45 464 101 371 181 706 692 73 101 118 288 174 245 73 653 707 535 431 692 707 535 711 385 393 679 711 101 2 707 653 581 393 706 692 634 381 73 181 653 486 
  Facilities: 60
 2 : 55 130 250 260 317 350 397 440 466 609 737
 11 : 3 66 156 231 263 325 328 385 408 465 495 554 618 666 673
 21 : 58 118 407 483 588 637 661
 45 : 32 43 172 327 331 371 417 430 489 536 560 710
 49 : 113 119 162 164 191 241 292 377 382 587
 53 : 54 75 128 139 357 458 517 634 669 696
 58 : 81 94 100 264 413 415 469 547 578 628 646 670 703
 64 : 70 109 206 295 416 429 467 474 499 598 632 672
 73 : 30 34 47 163 229 236 239 278 356 401 477 484 546 550 610 664 685 717 723 746
 89 : 14 39 98 99 185 237 348 583 585 597 623
 101 : 41 57 147 168 266 319 334 361 511 539 572 655 712 718 736
 103 : 89 132 176 269 333 354 372 393 400 457 461 494 507 594 687
 118 : 21 36 135 141 152 195 293 362 418 422 548 701 719
 154 : 25 72 80 108 540 595 607 612 619
 174 : 44 145 243 276 305 326 395 402 406 523 690 694 695 705 721
 181 : 102 211 218 221 256 262 272 310 338 388 680 698 706 714 747
 196 : 9 65 88 124 254 257 286 358 387 398 437 451 459 522 593 596
 197 : 24 62 111 123 136 259 412 555 570 621 645
 204 : 22 107 137 190 240 287 289 298 323 335 344 404 470 582 638 674
 206 : 64 110 134 142 148 188 270 282 300 312 390 443 525 533 667
 245 : 16 83 235 265 340 375 436 462 472 501 531 662 722
 253 : 116 208 214 217 294 380 391 456 482 514 529 559
 260 : 2 13 184 225 228 309 490 589 652 682 709
 280 : 42 46 140 345 378 475 505 515 520 538 541 542 561 600
 287 : 18 48 52 117 204 213 219 303 454 493 498 552 591 700 708
 288 : 23 33 56 198 223 249 275 337 438 446 452 622 648 653 665 720
 319 : 4 101 105 220 222 343 403 557 590 620
 323 : 74 92 133 144 151 167 301 314 329 434 449 468 549 631 660
 338 : 1 8 50 238 279 322 476 524 580 603 614
 371 : 45 77 106 161 193 288 297 306 370 503 564 571 713
 381 : 174 268 428 487 616 626 688 745
 385 : 11 76 85 149 159 170 186 247 251 389 392 463 574 732
 393 : 29 103 104 120 165 368 386 445 447 592 733 741
 431 : 35 82 212 232 261 644 650 659 727
 464 : 7 15 143 177 180 435 519 636 647 711
 482 : 28 51 73 86 87 253 341 485 512 681
 486 : 49 122 146 280 318 353 399 460 516 581 639 642 649 749
 502 : 127 153 178 246 281 284 316 320 347 491 504 617
 507 : 125 302 311 336 346 420 677
 514 : 19 59 126 138 226 233 439 478 532 599 684
 535 : 26 67 196 207 215 248 342 359 364 526 528 553 573 575 608 726 730
 569 : 158 230 252 396 444 500 658 675 697 707
 581 : 60 68 90 150 182 205 271 273 351 442 486 604 704 740
 625 : 71 78 203 242 330 450 481 643 654
 626 : 5 216 234 308 381 518 656 668
 634 : 53 61 79 91 166 200 258 332 453 497 558 686 692 744
 637 : 210 291 307 373 376 426 496 534 611 676 683
 639 : 96 187 197 274 419 521 563 584 601 624 627 635 693
 648 : 10 313 448 527 556 567 602 613 651
 653 : 31 37 131 296 374 383 479 488 551 568 577 724 739 748
 662 : 27 38 115 121 129 179 245 366 441 502 506 510 543 586 691
 663 : 112 169 202 290 324 339 352 405 424 562 576 657 663 671
 679 : 173 283 355 365 414 433 606 629 734
 692 : 6 157 183 304 432 455 492 508 544 545 689 716 728 743
 697 : 155 189 194 367 379 409 411 421 471 566 633 702
 706 : 69 93 160 171 181 199 201 255 285 363 480 537 565 715 742
 707 : 12 95 349 369 384 425 569 579 678 699 725 729 738
 711 : 97 114 224 315 360 423 431 464 530 640 731 735
 730 : 20 40 154 192 227 244 321 394 410 473 509 535 641
 734 : 0 17 63 84 175 209 267 277 299 427 513 605 615 625 630 679
SOLUTION:
  Value: -764336.000000
  Assigns: 696 546 440 149 323 539 692 308 374 10 706 385 707 188 742 358 391 706 287 539 163 2 149 358 539 10 535 662 10 534 73 715 358 51 73 193 2 653 163 89 51 101 386 51 420 420 280 742 287 241 241 315 287 696 53 2 193 101 391 707 551 386 420 188 206 504 188 535 440 706 692 625 241 163 323 53 385 715 625 715 440 101 742 245 308 385 546 374 241 103 210 634 323 706 551 707 188 149 149 89 696 539 181 539 742 109 210 204 287 261 440 197 358 181 374 546 301 287 535 53 197 662 486 197 358 241 10 181 53 662 374 653 103 323 206 420 197 204 608 53 280 721 163 374 109 10 486 101 206 385 206 323 245 51 103 149 301 692 539 385 706 486 721 73 206 539 634 323 101 715 721 706 89 551 721 534 103 380 315 662 706 706 149 692 204 89 385 534 206 420 204 51 109 193 440 206 358 639 109 706 634 706 261 625 287 109 188 535 653 188 210 181 10 287 287 535 308 391 181 287 608 181 103 742 241 241 89 385 89 73 210 103 261 101 374 245 73 89 10 73 204 245 625 539 534 662 551 385 535 742 2 385 308 380 193 706 181 539 634 721 2 109 181 639 440 245 101 103 420 103 721 73 181 163 742 206 315 608 73 396 486 193 636 188 89 380 440 204 653 301 715 639 261 625 742 51 653 358 204 287 206 323 634 374 692 692 391 149 391 420 181 101 206 625 323 51 391 2 193 101 358 51 109 301 535 391 53 53 546 323 625 193 634 103 101 204 715 707 181 386 245 287 535 742 204 280 636 374 89 707 2 742 662 486 103 193 546 53 380 535 721 101 440 706 535 551 662 653 662 707 197 210 103 181 653 245 241 696 280 245 358 2 639 653 707 149 546 551 181 385 206 308 374 103 261 109 163 2 486 486 103 73 539 308 204 742 358 539 636 10 504 109 197 386 715 386 188 163 535 639 73 385 109 51 261 707 109 301 301 634 245 261 546 396 149 2 245 301 89 193 2 662 634 149 639 551 380 742 380 323 625 546 636 634 742 51 109 103 53 204 386 103 193 385 636 53 2 261 323 721 204 546 245 504 546 280 653 534 206 653 706 358 51 163 73 486 2 308 653 396 440 188 692 287 103 188 241 634 287 210 163 245 534 420 109 280 662 420 692 396 662 101 308 210 10 280 486 53 386 742 280 639 261 396 715 206 696 486 535 386 539 245 707 206 301 608 315 706 280 101 210 608 280 662 692 188 386 109 210 323 308 721 287 742 210 197 639 308 634 504 301 280 2 193 535 706 315 374 653 707 197 210 101 742 385 149 89 653 358 608 301 486 204 89 639 89 662 539 396 89 280 287 308 210 103 396 707 89 374 721 280 639 440 715 696 301 188 504 535 2 539 204 10 696 385 193 653 109 103 486 486 197 261 89 639 696 308 639 193 636 608 323 546 639 53 396 206 534 204 486 396 551 486 51 420 197 696 193 10 486 308 181 149 551 625 101 534 696 241 396 323 323 245 51 73 308 358 715 721 53 696 386 551 535 204 315 396 742 707 308 181 315 715 261 662 73 420 103 308 692 396 662 696 163 380 715 315 535 308 188 287 163 163 662 706 608 181 245 551 546 721 315 101 551 181 706 692 73 101 89 315 551 245 715 653 534 715 396 692 301 535 109 385 715 625 10 101 2 109 653 101 396 706 692 634 639 73 181 636 696 
  Facilities: 57
 2 : 21 36 55 250 260 317 350 381 397 435 440 466 486 562 609 737
 10 : 9 25 28 126 145 212 238 409 514 612 648 735
 51 : 33 40 43 153 191 295 315 321 423 455 482 643 663
 53 : 54 75 119 128 139 326 327 357 458 465 517 634 669
 73 : 30 34 163 229 236 239 271 278 401 420 484 664 685 717 746
 89 : 39 99 172 185 226 228 237 284 348 438 576 583 585 589 597 623 719
 101 : 41 57 81 147 168 233 266 311 319 334 361 511 539 572 655 712 718 736 740
 103 : 89 132 154 176 222 231 267 269 333 354 372 393 400 457 461 494 594 618 687
 109 : 105 144 192 198 205 261 322 395 411 422 426 456 504 547 617 731 738
 149 : 3 22 97 98 155 182 307 385 434 443 575 652
 163 : 20 38 73 142 273 396 417 483 500 693 701 702
 181 : 102 113 127 211 218 221 256 262 272 310 338 373 388 651 680 706 714 747
 188 : 13 63 66 96 206 209 283 416 491 495 545 606 699
 193 : 35 56 193 254 281 318 331 355 439 462 563 615 628 647
 197 : 111 120 123 136 370 412 555 570 621 645
 204 : 107 137 184 190 240 287 298 335 344 404 459 470 582 611 638 674
 206 : 64 134 148 150 164 188 195 275 300 312 390 478 525 533 636
 210 : 90 106 210 230 371 499 513 540 548 554 571 593
 241 : 49 50 72 88 125 224 225 376 496 658
 245 : 83 152 235 241 265 340 375 379 430 436 472 501 531 662 707 722
 261 : 109 202 232 292 394 424 431 467 522 622 683
 280 : 46 140 345 378 475 505 515 520 538 542 561 590 600
 287 : 18 48 52 108 117 204 213 214 219 299 341 493 498 552 591 700
 301 : 116 156 289 323 427 428 437 534 560 580 605 729
 308 : 7 84 216 252 391 403 487 512 550 557 592 626 650 665 679 688 698
 315 : 51 178 276 536 566 675 681 696 711 720
 323 : 4 74 92 133 151 167 301 314 329 449 468 549 631 660 661
 358 : 15 23 32 112 124 196 297 320 380 406 481 578 666
 374 : 8 87 114 130 143 234 303 347 392 567 598
 380 : 177 253 285 358 446 448 694
 385 : 11 76 85 149 159 186 227 247 251 389 421 463 574 614 732
 386 : 42 61 339 413 415 460 518 529 546 671
 391 : 16 58 217 306 308 316 325
 396 : 279 433 489 509 523 588 595 635 640 659 676 690 727 741
 420 : 44 45 62 135 189 268 309 503 507 644 686
 440 : 2 68 80 110 194 264 286 362 490 602
 486 : 122 146 161 280 353 398 399 485 516 527 581 619 620 639 642 649
 504 : 65 410 473 559 607
 534 : 29 175 187 244 477 502 637 656 725
 535 : 26 67 118 207 215 248 324 342 359 364 418 528 564 608 673 697 730
 539 : 5 19 24 101 103 158 165 243 257 402 407 530 587 610
 546 : 1 86 115 328 356 386 432 451 471 474 632 709
 551 : 60 94 173 246 365 387 445 641 653 672 708 713 721
 608 : 138 220 277 535 541 579 630 705
 625 : 71 78 203 242 293 313 330 450 654 734
 634 : 91 166 200 258 302 332 429 442 453 497 558 744
 636 : 282 346 408 452 464 629 748
 639 : 197 263 291 382 419 444 521 556 584 601 624 627 633 745
 653 : 37 131 208 288 296 367 374 383 476 479 488 568 577 616 724 739
 662 : 27 121 129 179 245 352 366 368 441 506 510 543 586 684 691 703
 692 : 6 70 157 183 304 305 492 508 544 689 716 728 743
 696 : 0 53 100 377 526 604 613 625 646 657 670 692 749
 706 : 10 17 69 93 160 171 180 181 199 201 255 363 480 537 565 704 715 742
 707 : 12 59 95 337 349 369 384 425 532 569 596 678
 715 : 31 77 79 169 290 336 414 524 603 667 682 695 723 726 733
 721 : 141 162 170 174 259 270 360 469 551 599 668 710
 742 : 14 47 82 104 223 249 274 294 343 351 405 447 454 519 553 573 677
SOLUTION:
  Value: -764343.000000
  Assigns: 696 546 440 149 323 539 692 308 374 10 706 385 707 188 742 358 245 706 287 539 163 2 149 358 539 10 535 662 10 534 73 715 358 51 73 193 2 653 163 89 51 101 386 51 420 420 280 742 287 241 241 315 287 696 53 2 193 101 440 707 551 386 420 188 206 504 188 535 440 706 692 625 241 163 323 53 385 715 625 715 440 101 742 245 308 385 546 374 241 103 210 634 323 706 551 707 188 149 149 89 696 539 181 539 742 109 210 204 287 261 440 197 358 181 374 546 301 287 535 53 197 662 486 197 358 241 10 181 53 662 374 653 103 323 206 420 197 204 608 53 280 721 163 374 109 10 486 101 206 385 206 323 245 51 103 149 301 692 539 385 706 486 721 73 206 539 634 323 101 715 721 706 89 551 721 534 103 380 315 662 706 706 149 692 204 89 385 534 206 420 204 51 109 193 440 206 358 639 109 706 634 706 261 625 287 109 188 535 653 188 210 181 10 287 287 535 308 486 181 287 608 181 103 742 241 241 89 385 89 73 210 103 261 101 374 245 73 89 10 73 204 245 625 539 534 662 551 385 535 742 2 385 308 380 193 706 181 539 634 721 2 109 181 639 440 245 101 103 420 103 721 73 181 163 742 206 315 608 73 396 486 193 636 188 89 380 440 204 653 301 715 639 261 625 742 51 653 358 204 287 206 323 634 374 692 692 287 149 380 420 181 101 206 625 323 51 534 2 193 101 358 51 109 301 535 707 53 53 546 323 625 193 634 103 101 204 715 707 181 386 245 287 535 742 204 280 636 374 89 707 2 742 662 486 103 193 546 53 380 535 721 101 440 706 535 551 662 653 662 707 197 210 103 181 653 245 241 696 280 245 358 2 639 653 707 149 546 551 181 385 206 308 374 103 261 109 163 2 486 486 103 73 539 308 204 742 358 539 636 10 504 109 197 386 715 386 188 163 535 639 73 385 109 51 261 707 109 301 301 634 245 261 546 396 149 2 245 301 89 193 2 662 634 149 639 551 380 742 380 323 625 546 636 634 742 51 109 103 53 204 386 103 193 385 636 53 2 261 323 721 204 546 245 504 546 280 653 534 206 653 706 358 51 163 73 486 2 308 653 396 440 188 692 287 103 188 241 634 287 210 163 245 534 420 109 280 662 420 692 396 662 101 308 210 10 280 486 53 386 742 280 639 261 396 715 206 696 486 535 386 539 245 707 206 301 608 315 706 280 101 210 608 280 662 692 188 386 109 210 323 308 721 287 742 210 197 639 308 634 504 301 280 2 193 535 706 315 374 653 707 197 210 101 742 385 149 89 653 358 608 301 486 204 89 639 89 662 539 396 89 280 287 308 210 103 396 707 89 374 721 280 639 440 715 696 301 188 504 535 2 539 204 10 696 385 193 653 109 103 486 486 197 261 89 639 696 308 639 193 636 608 323 546 639 53 396 206 534 204 486 396 551 486 51 420 197 696 193 10 486 308 181 149 551 625 101 534 696 241 396 323 323 245 51 73 308 358 715 721 53 696 386 551 535 204 315 396 742 707 308 181 315 715 261 662 73 420 103 308 692 396 662 696 163 380 715 315 535 308 188 287 163 163 662 706 608 181 245 551 546 721 315 101 551 181 706 692 73 101 89 315 551 245 715 653 534 715 396 692 301 535 109 385 715 625 10 101 2 109 653 101 396 706 692 634 639 73 181 636 696 
  Facilities: 56
 2 : 21 36 55 250 260 317 350 381 397 435 440 466 486 562 609 737
 10 : 9 25 28 126 145 212 238 409 514 612 648 735
 51 : 33 40 43 153 191 295 315 321 423 455 482 643 663
 53 : 54 75 119 128 139 326 327 357 458 465 517 634 669
 73 : 30 34 163 229 236 239 271 278 401 420 484 664 685 717 746
 89 : 39 99 172 185 226 228 237 284 348 438 576 583 585 589 597 623 719
 101 : 41 57 81 147 168 233 266 311 319 334 361 511 539 572 655 712 718 736 740
 103 : 89 132 154 176 222 231 267 269 333 354 372 393 400 457 461 494 594 618 687
 109 : 105 144 192 198 205 261 322 395 411 422 426 456 504 547 617 731 738
 149 : 3 22 97 98 155 182 307 385 434 443 575 652
 163 : 20 38 73 142 273 396 417 483 500 693 701 702
 181 : 102 113 127 211 218 221 256 262 272 310 338 373 388 651 680 706 714 747
 188 : 13 63 66 96 206 209 283 416 491 495 545 606 699
 193 : 35 56 193 254 281 318 331 355 439 462 563 615 628 647
 197 : 111 120 123 136 370 412 555 570 621 645
 204 : 107 137 184 190 240 287 298 335 344 404 459 470 582 611 638 674
 206 : 64 134 148 150 164 188 195 275 300 312 390 478 525 533 636
 210 : 90 106 210 230 371 499 513 540 548 554 571 593
 241 : 49 50 72 88 125 224 225 376 496 658
 245 : 16 83 152 235 241 265 340 375 379 430 436 472 501 531 662 707 722
 261 : 109 202 232 292 394 424 431 467 522 622 683
 280 : 46 140 345 378 475 505 515 520 538 542 561 590 600
 287 : 18 48 52 108 117 204 213 214 219 299 306 341 493 498 552 591 700
 301 : 116 156 289 323 427 428 437 534 560 580 605 729
 308 : 7 84 216 252 391 403 487 512 550 557 592 626 650 665 679 688 698
 315 : 51 178 276 536 566 675 681 696 711 720
 323 : 4 74 92 133 151 167 301 314 329 449 468 549 631 660 661
 358 : 15 23 32 112 124 196 297 320 380 406 481 578 666
 374 : 8 87 114 130 143 234 303 347 392 567 598
 380 : 177 253 285 308 358 446 448 694
 385 : 11 76 85 149 159 186 227 247 251 389 421 463 574 614 732
 386 : 42 61 339 413 415 460 518 529 546 671
 396 : 279 433 489 509 523 588 595 635 640 659 676 690 727 741
 420 : 44 45 62 135 189 268 309 503 507 644 686
 440 : 2 58 68 80 110 194 264 286 362 490 602
 486 : 122 146 161 217 280 353 398 399 485 516 527 581 619 620 639 642 649
 504 : 65 410 473 559 607
 534 : 29 175 187 244 316 477 502 637 656 725
 535 : 26 67 118 207 215 248 324 342 359 364 418 528 564 608 673 697 730
 539 : 5 19 24 101 103 158 165 243 257 402 407 530 587 610
 546 : 1 86 115 328 356 386 432 451 471 474 632 709
 551 : 60 94 173 246 365 387 445 641 653 672 708 713 721
 608 : 138 220 277 535 541 579 630 705
 625 : 71 78 203 242 293 313 330 450 654 734
 634 : 91 166 200 258 302 332 429 442 453 497 558 744
 636 : 282 346 408 452 464 629 748
 639 : 197 263 291 382 419 444 521 556 584 601 624 627 633 745
 653 : 37 131 208 288 296 367 374 383 476 479 488 568 577 616 724 739
 662 : 27 121 129 179 245 352 366 368 441 506 510 543 586 684 691 703
 692 : 6 70 157 183 304 305 492 508 544 689 716 728 743
 696 : 0 53 100 377 526 604 613 625 646 657 670 692 749
 706 : 10 17 69 93 160 171 180 181 199 201 255 363 480 537 565 704 715 742
 707 : 12 59 95 325 337 349 369 384 425 532 569 596 678
 715 : 31 77 79 169 290 336 414 524 603 667 682 695 723 726 733
 721 : 141 162 170 174 259 270 360 469 551 599 668 710
 742 : 14 47 82 104 223 249 274 294 343 351 405 447 454 519 553 573 677
SOLUTION:
  Value: -764344.000000
  Assigns: 734 338 260 11 319 626 692 464 338 196 648 385 707 260 89 464 245 734 287 514 730 118 204 288 734 154 535 662 482 393 73 653 45 288 73 431 118 653 662 89 730 101 280 45 174 371 280 73 287 486 338 482 287 634 53 2 288 101 21 514 581 634 73 734 206 196 11 535 581 706 64 625 154 482 323 53 385 371 625 634 154 58 431 245 734 385 482 482 196 103 581 634 323 706 58 707 639 711 89 89 58 319 181 393 393 319 371 204 154 64 206 707 663 49 711 662 253 287 21 49 393 662 486 431 196 507 514 502 53 662 2 653 103 323 206 118 706 204 514 53 280 118 206 464 323 174 486 101 206 385 581 323 118 502 730 697 11 692 569 385 706 371 49 73 49 393 634 323 101 663 385 706 45 679 381 734 103 464 502 662 464 706 581 692 260 89 385 639 206 697 204 49 730 371 697 118 535 639 288 706 634 706 663 625 287 581 64 535 253 734 637 181 431 287 253 535 626 253 181 287 319 181 319 288 711 260 514 730 260 73 569 11 431 514 626 245 73 89 338 73 204 49 625 174 730 662 502 385 535 288 2 385 569 482 196 706 181 196 634 245 2 431 181 11 58 245 101 734 381 103 206 581 181 581 639 288 174 734 73 338 486 502 206 679 502 706 196 204 371 204 663 637 49 118 253 64 653 371 204 734 206 323 507 287 692 174 371 637 626 260 181 507 206 648 323 711 502 2 486 101 502 730 338 204 663 11 174 45 11 323 625 45 634 103 101 204 507 288 181 663 245 482 535 319 204 280 507 502 89 707 2 581 663 486 103 679 73 53 196 535 711 101 118 706 535 679 662 697 393 707 371 45 103 637 653 245 637 49 280 697 253 626 49 653 707 11 393 196 181 385 206 253 385 103 730 174 569 2 196 486 103 73 174 319 204 663 174 21 11 697 730 697 103 58 679 58 64 45 118 639 507 697 118 711 663 707 637 734 381 64 45 711 692 679 323 464 245 196 288 514 2 662 581 206 569 393 288 393 648 323 625 196 288 634 287 692 253 103 53 196 486 103 245 385 711 11 2 64 323 58 204 697 245 730 64 280 338 73 514 653 706 625 253 21 73 482 581 381 653 45 260 502 692 287 103 11 637 634 287 64 569 245 662 371 502 280 662 103 692 730 662 101 482 734 253 280 486 53 626 464 280 639 196 174 338 206 535 648 535 253 711 245 514 206 637 730 45 706 280 101 154 280 280 662 692 692 73 58 118 323 73 653 287 535 11 260 648 319 634 253 45 280 663 639 371 706 697 648 653 707 639 371 101 535 385 535 663 653 58 707 338 486 204 89 639 89 662 49 21 260 319 287 393 196 103 154 196 89 64 514 280 639 648 338 581 734 679 154 535 2 73 637 154 648 338 734 381 502 11 154 319 697 288 89 639 734 381 639 58 679 734 323 64 697 53 639 464 21 204 486 711 730 486 625 431 569 58 464 288 486 431 648 260 288 625 101 626 663 569 431 323 21 245 663 73 288 11 206 626 53 58 663 64 11 204 569 637 507 707 734 181 482 260 637 514 73 634 103 381 692 174 662 634 639 174 174 53 569 181 707 287 118 697 58 581 174 181 569 287 260 45 464 101 371 181 706 692 73 101 118 288 174 245 73 653 707 535 431 692 707 535 711 385 393 679 711 101 2 707 653 581 393 706 692 634 381 73 181 653 486 
  Facilities: 59
 2 : 55 130 250 260 317 350 397 440 466 609 737
 11 : 3 66 156 231 263 325 328 385 408 465 495 554 618 666 673
 21 : 58 118 407 483 588 637 661
 45 : 32 43 172 327 331 371 417 430 489 536 560 710
 49 : 113 119 162 164 191 241 292 377 382 587
 53 : 54 75 128 139 357 458 517 634 669 696
 58 : 81 94 100 264 413 415 469 547 578 628 646 670 703
 64 : 70 109 206 295 416 429 467 474 499 598 632 672
 73 : 30 34 47 62 163 229 236 239 278 356 401 477 484 546 550 610 664 685 717 723 746
 89 : 14 39 98 99 185 237 348 583 585 597 623
 101 : 41 57 147 168 266 319 334 361 511 539 572 655 712 718 736
 103 : 89 132 176 269 333 354 372 393 400 412 457 461 494 507 594 687
 118 : 21 36 135 141 152 195 293 362 418 422 548 701 719
 154 : 25 72 80 108 540 595 607 612 619
 174 : 44 145 243 276 305 326 395 402 406 523 690 694 695 705 721
 181 : 102 211 218 221 256 262 272 310 338 388 680 698 706 714 747
 196 : 9 65 88 124 254 257 286 358 387 398 437 451 459 522 593 596
 204 : 22 107 137 190 240 287 289 298 323 335 344 404 470 582 638 674
 206 : 64 110 134 142 148 188 270 282 300 312 390 443 525 533 667
 245 : 16 83 235 259 265 340 375 436 462 472 501 531 662 722
 253 : 116 208 214 217 294 380 391 456 482 514 529 559
 260 : 2 13 184 225 228 309 490 555 589 652 682 709
 280 : 42 46 140 345 378 475 505 515 520 538 541 542 561 600
 287 : 18 48 52 117 204 213 219 303 454 493 498 552 591 700 708
 288 : 23 33 56 198 223 249 275 337 438 446 452 622 648 653 665 720
 319 : 4 101 105 220 222 343 403 557 590 620
 323 : 74 92 133 144 151 167 301 314 329 434 449 468 549 631 660
 338 : 1 8 50 238 279 322 476 524 580 603 614
 371 : 45 77 106 161 193 288 297 306 370 503 564 571 713
 381 : 174 268 428 487 616 626 688 745
 385 : 11 76 85 149 159 170 186 247 251 389 392 463 574 732
 393 : 29 103 104 120 165 368 386 445 447 592 733 741
 431 : 35 82 123 212 232 261 644 650 659 727
 464 : 7 15 143 177 180 435 519 636 647 711
 482 : 28 51 73 86 87 253 341 485 512 681
 486 : 49 122 146 280 318 353 399 460 516 581 639 642 649 749
 502 : 127 153 178 246 281 284 316 320 347 491 504 617
 507 : 125 302 311 336 346 420 677
 514 : 19 59 126 138 226 233 439 478 532 599 684
 535 : 26 67 196 207 215 248 342 359 364 526 528 553 573 575 608 726 730
 569 : 158 230 252 396 444 500 645 658 675 697 707
 581 : 60 68 90 150 182 205 271 273 351 442 486 604 704 740
 625 : 71 78 203 242 330 450 481 643 654
 626 : 5 216 234 308 381 518 656 668
 634 : 53 61 79 91 166 200 258 332 453 497 558 686 692 744
 637 : 210 291 307 373 376 426 496 534 611 676 683
 639 : 96 187 197 274 419 521 563 570 584 601 624 627 635 693
 648 : 10 313 448 527 556 567 602 613 651
 653 : 31 37 131 296 374 383 479 488 551 568 577 724 739 748
 662 : 27 38 115 121 129 179 245 366 441 502 506 510 543 586 691
 663 : 112 169 202 290 324 339 352 405 424 562 576 657 663 671
 679 : 173 283 355 365 414 433 606 629 734
 692 : 6 157 183 304 432 455 492 508 544 545 689 716 728 743
 697 : 155 189 194 367 379 409 411 421 471 566 621 633 702
 706 : 69 93 136 160 171 181 199 201 255 285 363 480 537 565 715 742
 707 : 12 95 111 349 369 384 425 569 579 678 699 725 729 738
 711 : 97 114 224 315 360 423 431 464 530 640 731 735
 730 : 20 40 154 192 227 244 321 394 410 473 509 535 641
 734 : 0 17 24 63 84 175 209 267 277 299 427 513 605 615 625 630 679
SOLUTION:
  Value: -764356.000000
  Assigns: 734 338 260 11 319 626 692 464 338 196 648 385 707 260 89 464 245 734 287 514 730 118 204 288 734 154 535 662 482 393 73 653 45 288 73 431 118 653 662 89 730 101 280 45 174 371 280 73 287 486 338 482 287 634 639 2 288 101 21 514 581 634 73 734 206 196 11 535 581 706 64 625 154 482 323 204 385 371 625 634 154 58 431 245 734 385 482 482 196 103 581 634 323 706 58 707 639 711 89 89 58 319 181 393 393 319 371 204 154 64 206 707 663 49 711 662 253 287 21 49 393 662 486 431 196 507 514 502 89 662 2 653 103 323 206 118 706 204 514 21 280 118 206 464 323 174 486 101 206 385 581 323 118 502 730 697 11 692 569 385 706 371 49 73 49 393 634 323 101 663 385 706 45 679 381 734 103 464 502 662 464 706 581 692 260 89 385 639 206 697 204 49 730 371 697 118 535 639 288 706 634 706 663 625 287 581 64 535 253 734 637 181 431 287 253 535 626 253 181 287 319 181 319 288 711 260 514 730 260 73 569 11 431 514 626 245 73 89 338 73 204 49 625 174 730 662 502 385 535 288 2 385 569 482 196 706 181 196 634 245 2 431 181 11 58 245 101 734 381 103 206 581 181 581 639 288 174 734 73 338 486 502 206 679 502 706 196 204 371 204 663 637 49 118 253 64 653 371 204 734 206 323 507 287 692 174 371 637 626 260 181 507 206 648 323 711 502 2 486 101 502 730 338 204 663 11 174 45 11 323 625 45 634 103 101 204 507 288 181 663 245 482 535 319 204 280 507 502 89 707 2 581 663 486 103 679 73 280 196 535 711 101 118 706 535 679 662 697 393 707 371 45 103 637 653 245 637 49 280 697 253 626 49 653 707 11 393 196 181 385 206 253 385 103 730 174 569 2 196 486 103 73 174 319 204 663 174 21 11 697 730 697 103 58 679 58 64 45 118 639 507 697 118 711 663 707 637 734 381 64 45 711 692 679 323 464 245 196 288 514 2 662 581 206 569 393 288 393 648 323 625 196 288 634 287 692 253 103 634 196 486 103 245 385 711 11 2 64 323 58 204 697 245 730 64 280 338 73 514 653 706 625 253 21 73 482 581 381 653 45 260 502 692 287 103 11 637 634 287 64 569 245 662 371 502 280 662 103 692 730 662 101 482 734 253 280 486 64 626 464 280 639 196 174 338 206 535 648 535 253 711 245 514 206 637 730 45 706 280 101 154 280 280 662 692 692 73 58 118 323 73 653 287 535 11 260 648 319 634 253 45 280 663 639 371 706 697 648 653 707 639 371 101 535 385 535 663 653 58 707 338 486 204 89 639 89 662 49 21 260 319 287 393 196 103 154 196 89 64 514 280 639 648 338 581 734 679 154 535 2 73 637 154 648 338 734 381 502 11 154 319 697 288 89 639 734 381 639 58 679 734 323 64 697 692 639 464 21 204 486 711 730 486 625 431 569 58 464 288 486 431 648 260 288 625 101 626 663 569 431 323 21 245 663 73 288 11 206 626 2 58 663 64 11 204 569 637 507 707 734 181 482 260 637 514 73 634 103 381 692 174 662 634 639 174 174 625 569 181 707 287 118 697 58 581 174 181 569 287 260 45 464 101 371 181 706 692 73 101 118 288 174 245 73 653 707 535 431 692 707 535 711 385 393 679 711 101 2 707 653 581 393 706 692 634 381 73 181 653 486 
  Facilities: 58
 2 : 55 130 250 260 317 350 397 440 466 609 669 737
 11 : 3 66 156 231 263 325 328 385 408 465 495 554 618 666 673
 21 : 58 118 139 407 483 588 637 661
 45 : 32 43 172 327 331 371 417 430 489 536 560 710
 49 : 113 119 162 164 191 241 292 377 382 587
 58 : 81 94 100 264 413 415 469 547 578 628 646 670 703
 64 : 70 109 206 295 416 429 467 474 499 517 598 632 672
 73 : 30 34 47 62 163 229 236 239 278 356 401 477 484 546 550 610 664 685 717 723 746
 89 : 14 39 98 99 128 185 237 348 583 585 597 623
 101 : 41 57 147 168 266 319 334 361 511 539 572 655 712 718 736
 103 : 89 132 176 269 333 354 372 393 400 412 457 461 494 507 594 687
 118 : 21 36 135 141 152 195 293 362 418 422 548 701 719
 154 : 25 72 80 108 540 595 607 612 619
 174 : 44 145 243 276 305 326 395 402 406 523 690 694 695 705 721
 181 : 102 211 218 221 256 262 272 310 338 388 680 698 706 714 747
 196 : 9 65 88 124 254 257 286 358 387 398 437 451 459 522 593 596
 204 : 22 75 107 137 190 240 287 289 298 323 335 344 404 470 582 638 674
 206 : 64 110 134 142 148 188 270 282 300 312 390 443 525 533 667
 245 : 16 83 235 259 265 340 375 436 462 472 501 531 662 722
 253 : 116 208 214 217 294 380 391 456 482 514 529 559
 260 : 2 13 184 225 228 309 490 555 589 652 682 709
 280 : 42 46 140 345 357 378 475 505 515 520 538 541 542 561 600
 287 : 18 48 52 117 204 213 219 303 454 493 498 552 591 700 708
 288 : 23 33 56 198 223 249 275 337 438 446 452 622 648 653 665 720
 319 : 4 101 105 220 222 343 403 557 590 620
 323 : 74 92 133 144 151 167 301 314 329 434 449 468 549 631 660
 338 : 1 8 50 238 279 322 476 524 580 603 614
 371 : 45 77 106 161 193 288 297 306 370 503 564 571 713
 381 : 174 268 428 487 616 626 688 745
 385 : 11 76 85 149 159 170 186 247 251 389 392 463 574 732
 393 : 29 103 104 120 165 368 386 445 447 592 733 741
 431 : 35 82 123 212 232 261 644 650 659 727
 464 : 7 15 143 177 180 435 519 636 647 711
 482 : 28 51 73 86 87 253 341 485 512 681
 486 : 49 122 146 280 318 353 399 460 516 581 639 642 649 749
 502 : 127 153 178 246 281 284 316 320 347 491 504 617
 507 : 125 302 311 336 346 420 677
 514 : 19 59 126 138 226 233 439 478 532 599 684
 535 : 26 67 196 207 215 248 342 359 364 526 528 553 573 575 608 726 730
 569 : 158 230 252 396 444 500 645 658 675 697 707
 581 : 60 68 90 150 182 205 271 273 351 442 486 604 704 740
 625 : 71 78 203 242 330 450 481 643 654 696
 626 : 5 216 234 308 381 518 656 668
 634 : 53 61 79 91 166 200 258 332 453 458 497 558 686 692 744
 637 : 210 291 307 373 376 426 496 534 611 676 683
 639 : 54 96 187 197 274 419 521 563 570 584 601 624 627 635 693
 648 : 10 313 448 527 556 567 602 613 651
 653 : 31 37 131 296 374 383 479 488 551 568 577 724 739 748
 662 : 27 38 115 121 129 179 245 366 441 502 506 510 543 586 691
 663 : 112 169 202 290 324 339 352 405 424 562 576 657 663 671
 679 : 173 283 355 365 414 433 606 629 734
 692 : 6 157 183 304 432 455 492 508 544 545 634 689 716 728 743
 697 : 155 189 194 367 379 409 411 421 471 566 621 633 702
 706 : 69 93 136 160 171 181 199 201 255 285 363 480 537 565 715 742
 707 : 12 95 111 349 369 384 425 569 579 678 699 725 729 738
 711 : 97 114 224 315 360 423 431 464 530 640 731 735
 730 : 20 40 154 192 227 244 321 394 410 473 509 535 641
 734 : 0 17 24 63 84 175 209 267 277 299 427 513 605 615 625 630 679
SOLUTION:
  Value: -764363.000000
  Assigns: 696 546 440 149 323 539 692 308 374 10 706 385 707 188 742 358 245 706 287 539 163 2 149 358 539 10 535 662 10 534 73 715 358 51 73 193 2 653 163 89 51 101 386 51 420 420 280 742 287 241 241 315 287 696 53 2 193 101 440 707 551 386 420 188 206 504 188 535 440 706 692 625 241 163 323 53 385 715 625 715 440 101 742 245 308 385 546 374 241 103 210 634 323 706 551 707 188 149 149 89 696 539 181 539 742 109 210 204 287 261 440 707 358 181 374 546 301 287 535 53 653 662 486 374 358 241 10 181 53 662 374 653 103 323 206 420 706 204 608 53 280 721 163 374 109 10 486 101 206 385 206 323 245 51 103 149 301 692 539 385 706 486 721 73 206 539 634 323 101 715 721 706 89 551 721 534 103 380 315 662 706 706 149 692 204 89 385 534 206 420 204 51 109 193 440 206 358 639 109 706 634 706 261 625 287 109 188 535 653 188 210 181 10 287 287 535 308 486 181 287 608 181 103 742 241 241 89 385 89 73 210 103 261 101 374 245 73 89 10 73 204 245 625 539 534 662 551 385 535 742 2 385 308 380 193 706 181 539 634 721 2 109 181 639 440 245 101 103 420 103 721 73 181 163 742 206 315 608 73 396 486 193 636 188 89 380 440 204 653 301 715 639 261 625 742 51 653 358 204 287 206 323 634 374 692 692 287 149 380 420 181 101 206 625 323 51 534 2 193 101 358 51 109 301 535 707 53 53 546 323 625 193 634 103 101 204 715 707 181 386 245 287 535 742 204 280 636 374 89 707 2 742 662 486 103 193 546 53 380 535 721 101 440 706 535 551 662 653 662 707 742 210 103 181 653 245 241 696 280 245 358 2 639 653 707 149 546 551 181 385 206 308 374 103 261 109 163 2 486 486 103 73 539 308 204 742 358 539 636 10 504 109 103 386 715 386 188 163 535 639 73 385 109 51 261 707 109 301 301 634 245 261 546 396 149 2 245 301 89 193 2 662 634 149 639 551 380 742 380 323 625 546 636 634 742 51 109 103 53 204 386 103 193 385 636 53 2 261 323 721 204 546 245 504 546 280 653 534 206 653 706 358 51 163 73 486 2 308 653 396 440 188 692 287 103 188 241 634 287 210 163 245 534 420 109 280 662 420 692 396 662 101 308 210 10 280 486 53 386 742 280 639 261 396 715 206 696 486 535 386 539 245 707 206 301 608 315 706 280 101 210 608 280 662 692 188 386 109 210 323 308 721 287 742 210 608 639 308 634 504 301 280 2 193 535 706 315 374 653 707 639 210 101 742 385 149 89 653 358 608 301 486 204 89 639 89 662 539 396 89 280 287 308 210 103 396 707 89 374 721 280 639 440 715 696 301 188 504 535 2 539 204 10 696 385 193 653 109 103 486 486 204 261 89 639 696 308 639 193 636 608 323 546 639 53 396 206 534 204 486 396 551 486 51 420 706 696 193 10 486 308 181 149 551 625 101 534 696 241 396 323 323 245 51 73 308 358 715 721 53 696 386 551 535 204 315 396 742 707 308 181 315 715 261 662 73 420 103 308 692 396 662 696 163 380 715 315 535 308 188 287 163 163 662 706 608 181 245 551 546 721 315 101 551 181 706 692 73 101 89 315 551 245 715 653 534 715 396 692 301 535 109 385 715 625 10 101 2 109 653 101 396 706 692 634 639 73 181 636 696 
  Facilities: 55
 2 : 21 36 55 250 260 317 350 381 397 435 440 466 486 562 609 737
 10 : 9 25 28 126 145 212 238 409 514 612 648 735
 51 : 33 40 43 153 191 295 315 321 423 455 482 643 663
 53 : 54 75 119 128 139 326 327 357 458 465 517 634 669
 73 : 30 34 163 229 236 239 271 278 401 420 484 664 685 717 746
 89 : 39 99 172 185 226 228 237 284 348 438 576 583 585 589 597 623 719
 101 : 41 57 81 147 168 233 266 311 319 334 361 511 539 572 655 712 718 736 740
 103 : 89 132 154 176 222 231 267 269 333 354 372 393 400 412 457 461 494 594 618 687
 109 : 105 144 192 198 205 261 322 395 411 422 426 456 504 547 617 731 738
 149 : 3 22 97 98 155 182 307 385 434 443 575 652
 163 : 20 38 73 142 273 396 417 483 500 693 701 702
 181 : 102 113 127 211 218 221 256 262 272 310 338 373 388 651 680 706 714 747
 188 : 13 63 66 96 206 209 283 416 491 495 545 606 699
 193 : 35 56 193 254 281 318 331 355 439 462 563 615 628 647
 204 : 107 137 184 190 240 287 298 335 344 404 459 470 582 611 621 638 674
 206 : 64 134 148 150 164 188 195 275 300 312 390 478 525 533 636
 210 : 90 106 210 230 371 499 513 540 548 554 571 593
 241 : 49 50 72 88 125 224 225 376 496 658
 245 : 16 83 152 235 241 265 340 375 379 430 436 472 501 531 662 707 722
 261 : 109 202 232 292 394 424 431 467 522 622 683
 280 : 46 140 345 378 475 505 515 520 538 542 561 590 600
 287 : 18 48 52 108 117 204 213 214 219 299 306 341 493 498 552 591 700
 301 : 116 156 289 323 427 428 437 534 560 580 605 729
 308 : 7 84 216 252 391 403 487 512 550 557 592 626 650 665 679 688 698
 315 : 51 178 276 536 566 675 681 696 711 720
 323 : 4 74 92 133 151 167 301 314 329 449 468 549 631 660 661
 358 : 15 23 32 112 124 196 297 320 380 406 481 578 666
 374 : 8 87 114 123 130 143 234 303 347 392 567 598
 380 : 177 253 285 308 358 446 448 694
 385 : 11 76 85 149 159 186 227 247 251 389 421 463 574 614 732
 386 : 42 61 339 413 415 460 518 529 546 671
 396 : 279 433 489 509 523 588 595 635 640 659 676 690 727 741
 420 : 44 45 62 135 189 268 309 503 507 644 686
 440 : 2 58 68 80 110 194 264 286 362 490 602
 486 : 122 146 161 217 280 353 398 399 485 516 527 581 619 620 639 642 649
 504 : 65 410 473 559 607
 534 : 29 175 187 244 316 477 502 637 656 725
 535 : 26 67 118 207 215 248 324 342 359 364 418 528 564 608 673 697 730
 539 : 5 19 24 101 103 158 165 243 257 402 407 530 587 610
 546 : 1 86 115 328 356 386 432 451 471 474 632 709
 551 : 60 94 173 246 365 387 445 641 653 672 708 713 721
 608 : 138 220 277 535 541 555 579 630 705
 625 : 71 78 203 242 293 313 330 450 654 734
 634 : 91 166 200 258 302 332 429 442 453 497 558 744
 636 : 282 346 408 452 464 629 748
 639 : 197 263 291 382 419 444 521 556 570 584 601 624 627 633 745
 653 : 37 120 131 208 288 296 367 374 383 476 479 488 568 577 616 724 739
 662 : 27 121 129 179 245 352 366 368 441 506 510 543 586 684 691 703
 692 : 6 70 157 183 304 305 492 508 544 689 716 728 743
 696 : 0 53 100 377 526 604 613 625 646 657 670 692 749
 706 : 10 17 69 93 136 160 171 180 181 199 201 255 363 480 537 565 645 704 715 742
 707 : 12 59 95 111 325 337 349 369 384 425 532 569 596 678
 715 : 31 77 79 169 290 336 414 524 603 667 682 695 723 726 733
 721 : 141 162 170 174 259 270 360 469 551 599 668 710
 742 : 14 47 82 104 223 249 274 294 343 351 370 405 447 454 519 553 573 677
SOLUTION:
  Value: -764375.000000
  Assigns: 734 338 260 11 319 626 692 464 338 196 648 385 707 260 89 464 245 734 287 514 730 118 204 288 734 154 535 662 482 393 73 653 45 288 73 431 118 653 662 89 730 101 280 45 174 371 280 73 287 486 338 482 287 634 639 2 288 101 21 514 581 634 73 734 206 196 11 535 581 706 64 49 154 482 323 204 385 371 64 634 154 58 431 245 734 385 482 482 196 103 581 634 323 706 58 707 639 711 89 89 58 319 181 393 393 319 371 204 154 64 206 707 663 49 711 662 253 287 21 49 393 662 486 431 196 507 514 502 89 662 2 653 103 323 206 118 706 204 514 21 280 118 206 464 323 174 486 101 206 385 581 323 118 502 730 697 11 692 569 385 706 371 49 73 49 393 634 323 101 663 385 706 45 679 381 734 103 464 502 662 464 706 581 692 260 89 385 639 206 697 204 49 730 371 697 118 535 639 288 706 634 706 663 338 287 581 64 535 253 734 637 181 431 287 253 535 626 253 181 287 319 181 319 288 711 260 514 730 260 73 569 11 431 514 626 245 73 89 338 73 204 49 118 174 730 662 502 385 535 288 2 385 569 482 196 706 181 196 634 245 2 431 181 11 58 245 101 734 381 103 206 581 181 581 639 288 174 734 73 338 486 502 206 679 502 706 196 204 371 204 663 637 49 118 253 64 653 371 204 734 206 323 507 287 692 174 371 637 626 260 181 507 206 648 323 711 502 2 486 101 502 730 338 204 663 11 174 45 11 323 58 45 634 103 101 204 507 288 181 663 245 482 535 319 204 280 507 502 89 707 2 581 663 486 103 679 73 280 196 535 711 101 118 706 535 679 662 697 393 707 371 45 103 637 653 245 637 49 280 697 253 626 49 653 707 11 393 196 181 385 206 253 385 103 730 174 569 2 196 486 103 73 174 319 204 663 174 21 11 697 730 697 103 58 679 58 64 45 118 639 507 697 118 711 663 707 637 734 381 64 45 711 692 679 323 464 245 196 288 514 2 662 581 206 569 393 288 393 648 323 514 196 288 634 287 692 253 103 634 196 486 103 245 385 711 11 2 64 323 58 204 697 245 730 64 280 338 73 514 653 706 707 253 21 73 482 581 381 653 45 260 502 692 287 103 11 637 634 287 64 569 245 662 371 502 280 662 103 692 730 662 101 482 734 253 280 486 64 626 464 280 639 196 174 338 206 535 648 535 253 711 245 514 206 637 730 45 706 280 101 154 280 280 662 692 692 73 58 118 323 73 653 287 535 11 260 648 319 634 253 45 280 663 639 371 706 697 648 653 707 639 371 101 535 385 535 663 653 58 707 338 486 204 89 639 89 662 49 21 260 319 287 393 196 103 154 196 89 64 514 280 639 648 338 581 734 679 154 535 2 73 637 154 648 338 734 381 502 11 154 319 697 288 89 639 734 381 639 58 679 734 323 64 697 692 639 464 21 204 486 711 730 486 45 431 569 58 464 288 486 431 648 260 288 626 101 626 663 569 431 323 21 245 663 73 288 11 206 626 2 58 663 64 11 204 569 637 507 707 734 181 482 260 637 514 73 634 103 381 692 174 662 634 639 174 174 692 569 181 707 287 118 697 58 581 174 181 569 287 260 45 464 101 371 181 706 692 73 101 118 288 174 245 73 653 707 535 431 692 707 535 711 385 393 679 711 101 2 707 653 581 393 706 692 634 381 73 181 653 486 
  Facilities: 57
 2 : 55 130 250 260 317 350 397 440 466 609 669 737
 11 : 3 66 156 231 263 325 328 385 408 465 495 554 618 666 673
 21 : 58 118 139 407 483 588 637 661
 45 : 32 43 172 327 331 371 417 430 489 536 560 643 710
 49 : 71 113 119 162 164 191 241 292 377 382 587
 58 : 81 94 100 264 330 413 415 469 547 578 628 646 670 703
 64 : 70 78 109 206 295 416 429 467 474 499 517 598 632 672
 73 : 30 34 47 62 163 229 236 239 278 356 401 477 484 546 550 610 664 685 717 723 746
 89 : 14 39 98 99 128 185 237 348 583 585 597 623
 101 : 41 57 147 168 266 319 334 361 511 539 572 655 712 718 736
 103 : 89 132 176 269 333 354 372 393 400 412 457 461 494 507 594 687
 118 : 21 36 135 141 152 195 242 293 362 418 422 548 701 719
 154 : 25 72 80 108 540 595 607 612 619
 174 : 44 145 243 276 305 326 395 402 406 523 690 694 695 705 721
 181 : 102 211 218 221 256 262 272 310 338 388 680 698 706 714 747
 196 : 9 65 88 124 254 257 286 358 387 398 437 451 459 522 593 596
 204 : 22 75 107 137 190 240 287 289 298 323 335 344 404 470 582 638 674
 206 : 64 110 134 142 148 188 270 282 300 312 390 443 525 533 667
 245 : 16 83 235 259 265 340 375 436 462 472 501 531 662 722
 253 : 116 208 214 217 294 380 391 456 482 514 529 559
 260 : 2 13 184 225 228 309 490 555 589 652 682 709
 280 : 42 46 140 345 357 378 475 505 515 520 538 541 542 561 600
 287 : 18 48 52 117 204 213 219 303 454 493 498 552 591 700 708
 288 : 23 33 56 198 223 249 275 337 438 446 452 622 648 653 665 720
 319 : 4 101 105 220 222 343 403 557 590 620
 323 : 74 92 133 144 151 167 301 314 329 434 449 468 549 631 660
 338 : 1 8 50 203 238 279 322 476 524 580 603 614
 371 : 45 77 106 161 193 288 297 306 370 503 564 571 713
 381 : 174 268 428 487 616 626 688 745
 385 : 11 76 85 149 159 170 186 247 251 389 392 463 574 732
 393 : 29 103 104 120 165 368 386 445 447 592 733 741
 431 : 35 82 123 212 232 261 644 650 659 727
 464 : 7 15 143 177 180 435 519 636 647 711
 482 : 28 51 73 86 87 253 341 485 512 681
 486 : 49 122 146 280 318 353 399 460 516 581 639 642 649 749
 502 : 127 153 178 246 281 284 316 320 347 491 504 617
 507 : 125 302 311 336 346 420 677
 514 : 19 59 126 138 226 233 439 450 478 532 599 684
 535 : 26 67 196 207 215 248 342 359 364 526 528 553 573 575 608 726 730
 569 : 158 230 252 396 444 500 645 658 675 697 707
 581 : 60 68 90 150 182 205 271 273 351 442 486 604 704 740
 626 : 5 216 234 308 381 518 654 656 668
 634 : 53 61 79 91 166 200 258 332 453 458 497 558 686 692 744
 637 : 210 291 307 373 376 426 496 534 611 676 683
 639 : 54 96 187 197 274 419 521 563 570 584 601 624 627 635 693
 648 : 10 313 448 527 556 567 602 613 651
 653 : 31 37 131 296 374 383 479 488 551 568 577 724 739 748
 662 : 27 38 115 121 129 179 245 366 441 502 506 510 543 586 691
 663 : 112 169 202 290 324 339 352 405 424 562 576 657 663 671
 679 : 173 283 355 365 414 433 606 629 734
 692 : 6 157 183 304 432 455 492 508 544 545 634 689 696 716 728 743
 697 : 155 189 194 367 379 409 411 421 471 566 621 633 702
 706 : 69 93 136 160 171 181 199 201 255 285 363 480 537 565 715 742
 707 : 12 95 111 349 369 384 425 481 569 579 678 699 725 729 738
 711 : 97 114 224 315 360 423 431 464 530 640 731 735
 730 : 20 40 154 192 227 244 321 394 410 473 509 535 641
 734 : 0 17 24 63 84 175 209 267 277 299 427 513 605 615 625 630 679
SOLUTION:
  Value: -764385.000000
  Assigns: 696 546 440 149 323 539 692 308 374 10 706 385 707 188 742 358 245 706 287 539 163 2 149 358 539 10 535 662 10 534 73 715 358 51 73 193 2 653 163 89 51 101 386 51 420 420 280 742 287 241 241 315 287 696 53 2 193 101 440 707 551 386 420 188 206 10 188 535 440 706 692 625 241 163 323 53 385 715 625 715 440 101 742 245 308 385 546 374 241 103 210 634 323 706 551 707 188 149 149 89 696 539 181 539 742 109 210 204 287 261 440 707 358 181 374 546 301 287 535 53 653 662 486 374 358 241 10 181 53 662 374 653 103 323 206 420 706 204 608 53 280 721 163 374 109 10 486 101 206 385 206 323 245 51 103 149 301 692 539 385 706 486 721 73 206 539 634 323 101 715 721 706 89 551 721 534 103 380 315 662 706 706 149 692 204 89 385 534 206 420 204 51 109 193 440 206 358 639 109 706 634 706 261 625 287 109 188 535 653 188 210 181 10 287 287 535 308 486 181 287 608 181 103 742 241 241 89 385 89 73 210 103 261 101 374 245 73 89 10 73 204 245 625 539 534 662 551 385 535 742 2 385 308 380 193 706 181 539 634 721 2 109 181 639 440 245 101 103 420 103 721 73 181 163 742 206 315 608 73 396 486 193 636 188 89 380 440 204 653 301 715 639 261 625 742 51 653 358 204 287 206 323 634 374 692 692 287 149 380 420 181 101 206 625 323 51 534 2 193 101 358 51 109 301 535 707 53 53 546 323 625 193 634 103 101 204 715 707 181 386 245 287 535 742 204 280 636 374 89 707 2 742 662 486 103 193 546 53 380 535 721 101 440 706 535 551 662 653 662 707 742 210 103 181 653 245 241 696 280 245 358 2 639 653 707 149 546 551 181 385 206 308 374 103 261 109 163 2 486 486 103 73 539 308 204 742 358 539 636 10 51 109 103 386 715 386 188 163 535 639 73 385 109 51 261 707 109 301 301 634 245 261 546 396 149 2 245 301 89 193 2 662 634 149 639 551 380 742 380 323 625 546 636 634 742 51 109 103 53 204 386 103 193 385 636 53 2 261 323 721 204 546 245 181 546 280 653 534 206 653 706 358 51 163 73 486 2 308 653 396 440 188 692 287 103 188 241 634 287 210 163 245 534 420 109 280 662 420 692 396 662 101 308 210 10 280 486 53 386 742 280 639 261 396 715 206 696 486 535 386 539 245 707 206 301 608 315 706 280 101 210 608 280 662 692 188 386 109 210 323 308 721 287 742 210 608 639 308 634 315 301 280 2 193 535 706 315 374 653 707 639 210 101 742 385 149 89 653 358 608 301 486 204 89 639 89 662 539 396 89 280 287 308 210 103 396 707 89 374 721 280 639 440 715 696 301 188 385 535 2 539 204 10 696 385 193 653 109 103 486 486 204 261 89 639 696 308 639 193 636 608 323 546 639 53 396 206 534 204 486 396 551 486 51 420 706 696 193 10 486 308 181 149 551 625 101 534 696 241 396 323 323 245 51 73 308 358 715 721 53 696 386 551 535 204 315 396 742 707 308 181 315 715 261 662 73 420 103 308 692 396 662 696 163 380 715 315 535 308 188 287 163 163 662 706 608 181 245 551 546 721 315 101 551 181 706 692 73 101 89 315 551 245 715 653 534 715 396 692 301 535 109 385 715 625 10 101 2 109 653 101 396 706 692 634 639 73 181 636 696 
  Facilities: 54
 2 : 21 36 55 250 260 317 350 381 397 435 440 466 486 562 609 737
 10 : 9 25 28 65 126 145 212 238 409 514 612 648 735
 51 : 33 40 43 153 191 295 315 321 410 423 455 482 643 663
 53 : 54 75 119 128 139 326 327 357 458 465 517 634 669
 73 : 30 34 163 229 236 239 271 278 401 420 484 664 685 717 746
 89 : 39 99 172 185 226 228 237 284 348 438 576 583 585 589 597 623 719
 101 : 41 57 81 147 168 233 266 311 319 334 361 511 539 572 655 712 718 736 740
 103 : 89 132 154 176 222 231 267 269 333 354 372 393 400 412 457 461 494 594 618 687
 109 : 105 144 192 198 205 261 322 395 411 422 426 456 504 547 617 731 738
 149 : 3 22 97 98 155 182 307 385 434 443 575 652
 163 : 20 38 73 142 273 396 417 483 500 693 701 702
 181 : 102 113 127 211 218 221 256 262 272 310 338 373 388 473 651 680 706 714 747
 188 : 13 63 66 96 206 209 283 416 491 495 545 606 699
 193 : 35 56 193 254 281 318 331 355 439 462 563 615 628 647
 204 : 107 137 184 190 240 287 298 335 344 404 459 470 582 611 621 638 674
 206 : 64 134 148 150 164 188 195 275 300 312 390 478 525 533 636
 210 : 90 106 210 230 371 499 513 540 548 554 571 593
 241 : 49 50 72 88 125 224 225 376 496 658
 245 : 16 83 152 235 241 265 340 375 379 430 436 472 501 531 662 707 722
 261 : 109 202 232 292 394 424 431 467 522 622 683
 280 : 46 140 345 378 475 505 515 520 538 542 561 590 600
 287 : 18 48 52 108 117 204 213 214 219 299 306 341 493 498 552 591 700
 301 : 116 156 289 323 427 428 437 534 560 580 605 729
 308 : 7 84 216 252 391 403 487 512 550 557 592 626 650 665 679 688 698
 315 : 51 178 276 536 559 566 675 681 696 711 720
 323 : 4 74 92 133 151 167 301 314 329 449 468 549 631 660 661
 358 : 15 23 32 112 124 196 297 320 380 406 481 578 666
 374 : 8 87 114 123 130 143 234 303 347 392 567 598
 380 : 177 253 285 308 358 446 448 694
 385 : 11 76 85 149 159 186 227 247 251 389 421 463 574 607 614 732
 386 : 42 61 339 413 415 460 518 529 546 671
 396 : 279 433 489 509 523 588 595 635 640 659 676 690 727 741
 420 : 44 45 62 135 189 268 309 503 507 644 686
 440 : 2 58 68 80 110 194 264 286 362 490 602
 486 : 122 146 161 217 280 353 398 399 485 516 527 581 619 620 639 642 649
 534 : 29 175 187 244 316 477 502 637 656 725
 535 : 26 67 118 207 215 248 324 342 359 364 418 528 564 608 673 697 730
 539 : 5 19 24 101 103 158 165 243 257 402 407 530 587 610
 546 : 1 86 115 328 356 386 432 451 471 474 632 709
 551 : 60 94 173 246 365 387 445 641 653 672 708 713 721
 608 : 138 220 277 535 541 555 579 630 705
 625 : 71 78 203 242 293 313 330 450 654 734
 634 : 91 166 200 258 302 332 429 442 453 497 558 744
 636 : 282 346 408 452 464 629 748
 639 : 197 263 291 382 419 444 521 556 570 584 601 624 627 633 745
 653 : 37 120 131 208 288 296 367 374 383 476 479 488 568 577 616 724 739
 662 : 27 121 129 179 245 352 366 368 441 506 510 543 586 684 691 703
 692 : 6 70 157 183 304 305 492 508 544 689 716 728 743
 696 : 0 53 100 377 526 604 613 625 646 657 670 692 749
 706 : 10 17 69 93 136 160 171 180 181 199 201 255 363 480 537 565 645 704 715 742
 707 : 12 59 95 111 325 337 349 369 384 425 532 569 596 678
 715 : 31 77 79 169 290 336 414 524 603 667 682 695 723 726 733
 721 : 141 162 170 174 259 270 360 469 551 599 668 710
 742 : 14 47 82 104 223 249 274 294 343 351 370 405 447 454 519 553 573 677
