# Time: 32.750000
# Elapsed: 11.280916
# Input_file: splp/ORLIB/ORLIB-cap/90/cap93.txt
# Pool_size: 400
# Iterations: 22
# Final_solutions: 6579
# Vision_range: 600
# Reduction_mode: REDUCTION_DISPERSE
# Dissimilitude: DISSIM_HAUSDORFF
# Facility_dist: FDISMODE_SUMOFDELTAS
SOLUTION:
  Value: -894801.162500
  Assigns: 6 6 10 17 3 10 17 10 3 3 3 10 10 10 6 3 3 10 3 6 3 6 10 10 10 10 12 10 10 10 10 10 10 17 6 3 17 10 23 17 10 3 3 6 22 23 23 6 17 10 
  Facilities: 7
 3 : 4 8 9 10 15 16 18 20 35 41 42
 6 : 0 1 14 19 21 34 43 47
 10 : 2 5 7 11 12 13 17 22 23 24 25 27 28 29 30 31 32 37 40 49
 12 : 26
 17 : 3 6 33 36 39 48
 22 : 44
 23 : 38 45 46
SOLUTION:
  Value: -895027.187500
  Assigns: 11 11 10 17 11 10 17 10 11 11 10 10 10 10 11 11 11 10 10 11 10 11 10 10 11 10 12 10 10 10 10 10 10 17 11 11 17 10 23 17 10 10 11 11 22 23 23 11 17 11 
  Facilities: 6
 10 : 2 5 7 10 11 12 13 17 18 20 22 23 25 27 28 29 30 31 32 37 40 41
 11 : 0 1 4 8 9 14 15 16 19 21 24 34 35 42 43 47 49
 12 : 26
 17 : 3 6 33 36 39 48
 22 : 44
 23 : 38 45 46
SOLUTION:
  Value: -895592.762500
  Assigns: 6 6 10 17 10 10 17 10 10 10 10 10 10 10 6 10 10 10 10 6 10 6 10 10 10 10 12 10 10 10 10 10 10 17 6 10 17 10 23 17 10 10 10 6 22 23 23 6 17 10 
  Facilities: 6
 6 : 0 1 14 19 21 34 43 47
 10 : 2 4 5 7 8 9 10 11 12 13 15 16 17 18 20 22 23 24 25 27 28 29 30 31 32 35 37 40 41 42 49
 12 : 26
 17 : 3 6 33 36 39 48
 22 : 44
 23 : 38 45 46
SOLUTION:
  Value: -898226.762500
  Assigns: 6 6 10 18 3 10 16 18 3 3 3 10 10 10 6 3 3 10 3 6 3 6 10 10 10 10 12 10 10 10 10 10 10 16 6 3 16 18 23 18 10 3 3 6 22 23 23 6 18 10 
  Facilities: 8
 3 : 4 8 9 10 15 16 18 20 35 41 42
 6 : 0 1 14 19 21 34 43 47
 10 : 2 5 11 12 13 17 22 23 24 25 27 28 29 30 31 32 40 49
 12 : 26
 16 : 6 33 36
 18 : 3 7 37 39 48
 22 : 44
 23 : 38 45 46
SOLUTION:
  Value: -898452.787500
  Assigns: 11 11 10 18 11 10 16 18 11 11 10 10 10 10 11 11 11 10 10 11 10 11 10 10 11 10 12 10 10 10 10 10 10 16 11 11 16 18 23 18 10 10 11 11 22 23 23 11 18 11 
  Facilities: 7
 10 : 2 5 10 11 12 13 17 18 20 22 23 25 27 28 29 30 31 32 40 41
 11 : 0 1 4 8 9 14 15 16 19 21 24 34 35 42 43 47 49
 12 : 26
 16 : 6 33 36
 18 : 3 7 37 39 48
 22 : 44
 23 : 38 45 46
SOLUTION:
  Value: -899002.362500
  Assigns: 7 6 10 24 7 10 16 10 7 7 10 10 10 10 6 7 10 10 10 6 10 6 10 10 10 10 12 10 10 10 10 10 10 16 6 10 24 10 23 24 10 10 7 6 22 23 23 6 24 10 
  Facilities: 8
 6 : 1 14 19 21 34 43 47
 7 : 0 4 8 9 15 42
 10 : 2 5 7 10 11 12 13 16 17 18 20 22 23 24 25 27 28 29 30 31 32 35 37 40 41 49
 12 : 26
 16 : 6 33
 22 : 44
 23 : 38 45 46
 24 : 3 36 39 48
SOLUTION:
  Value: -899018.362500
  Assigns: 6 6 10 18 10 10 16 18 10 10 10 10 10 10 6 10 10 10 10 6 10 6 10 10 10 10 12 10 10 10 10 10 10 16 6 10 16 18 23 18 10 10 10 6 22 23 23 6 18 10 
  Facilities: 7
 6 : 0 1 14 19 21 34 43 47
 10 : 2 4 5 8 9 10 11 12 13 15 16 17 18 20 22 23 24 25 27 28 29 30 31 32 35 40 41 42 49
 12 : 26
 16 : 6 33 36
 18 : 3 7 37 39 48
 22 : 44
 23 : 38 45 46
SOLUTION:
  Value: -899460.975000
  Assigns: 11 11 10 17 11 10 17 10 11 11 10 10 10 10 11 11 11 10 10 11 10 11 10 10 11 10 12 10 10 10 10 10 10 17 11 11 17 10 23 17 10 10 11 11 12 23 23 11 17 11 
  Facilities: 5
 10 : 2 5 7 10 11 12 13 17 18 20 22 23 25 27 28 29 30 31 32 37 40 41
 11 : 0 1 4 8 9 14 15 16 19 21 24 34 35 42 43 47 49
 12 : 26 44
 17 : 3 6 33 36 39 48
 23 : 38 45 46
SOLUTION:
  Value: -900026.550000
  Assigns: 6 6 10 17 10 10 17 10 10 10 10 10 10 10 6 10 10 10 10 6 10 6 10 10 10 10 12 10 10 10 10 10 10 17 6 10 17 10 23 17 10 10 10 6 12 23 23 6 17 10 
  Facilities: 5
 6 : 0 1 14 19 21 34 43 47
 10 : 2 4 5 7 8 9 10 11 12 13 15 16 17 18 20 22 23 24 25 27 28 29 30 31 32 35 37 40 41 42 49
 12 : 26 44
 17 : 3 6 33 36 39 48
 23 : 38 45 46
SOLUTION:
  Value: -902007.962500
  Assigns: 10 10 10 17 10 10 17 10 10 10 10 10 10 10 10 10 10 10 10 10 10 10 10 10 10 10 12 10 10 10 10 10 10 17 10 10 17 10 23 17 10 10 10 10 22 23 23 12 17 10 
  Facilities: 5
 10 : 0 1 2 4 5 7 8 9 10 11 12 13 14 15 16 17 18 19 20 21 22 23 24 25 27 28 29 30 31 32 34 35 37 40 41 42 43 49
 12 : 26 47
 17 : 3 6 33 36 39 48
 22 : 44
 23 : 38 45 46
