# Time: 2.840000
# Elapsed: 1.581533
# Input_file: splp/Chess/2634ChessS.txt
# Pool_size: 200
# Iterations: 21
# Final_solutions: 3944
# Vision_range: 0
# Reduction_mode: REDUCTION_BESTS
SOLUTION:
  Value: -57197.000000
  Assigns: 143 12 15 15 15 138 138 138 9 9 143 12 24 24 15 15 15 30 30 30 9 9 9 12 12 12 15 15 15 30 30 30 45 45 45 24 24 24 51 51 51 30 30 30 45 45 45 24 60 60 51 51 51 66 66 66 45 45 45 60 60 60 51 51 51 66 66 66 81 81 81 60 60 60 86 86 89 66 66 66 81 81 81 60 107 86 86 86 89 89 103 103 81 81 107 107 107 86 86 86 89 89 103 116 103 116 107 107 107 122 122 122 125 125 103 103 103 116 107 107 143 122 122 122 125 138 138 116 116 116 143 143 143 122 122 122 125 125 125 138 9 9 9 143 
  Facilities: 19
 9 : 8 9 20 21 22 140 141 142
 12 : 1 11 23 24 25
 15 : 2 3 4 14 15 16 26 27 28
 24 : 12 13 35 36 37 47
 30 : 17 18 19 29 30 31 41 42 43
 45 : 32 33 34 44 45 46 56 57 58
 51 : 38 39 40 50 51 52 62 63 64
 60 : 48 49 59 60 61 71 72 73 83
 66 : 53 54 55 65 66 67 77 78 79
 81 : 68 69 70 80 81 82 92 93
 86 : 74 75 85 86 87 97 98 99
 89 : 76 88 89 100 101
 103 : 90 91 102 104 114 115 116
 107 : 84 94 95 96 106 107 108 118 119
 116 : 103 105 117 127 128 129
 122 : 109 110 111 121 122 123 133 134 135
 125 : 112 113 124 136 137 138
 138 : 5 6 7 125 126 139
 143 : 0 10 120 130 131 132 143
SOLUTION:
  Value: -57197.000000
  Assigns: 143 12 15 15 15 138 138 138 9 9 143 12 24 24 15 15 15 30 30 30 9 9 9 12 12 12 15 15 15 30 30 30 45 45 45 24 24 24 51 51 51 30 30 30 45 45 45 24 60 60 51 51 51 66 66 66 45 45 45 60 60 60 51 51 51 66 66 66 81 81 81 60 60 60 86 88 88 66 66 66 81 81 81 60 107 86 86 88 88 88 103 103 81 81 107 107 107 86 86 88 88 88 103 116 103 116 107 107 107 122 122 122 125 125 103 103 103 116 107 107 143 122 122 122 125 138 138 116 116 116 143 143 143 122 122 122 125 125 125 138 9 9 9 143 
  Facilities: 19
 9 : 8 9 20 21 22 140 141 142
 12 : 1 11 23 24 25
 15 : 2 3 4 14 15 16 26 27 28
 24 : 12 13 35 36 37 47
 30 : 17 18 19 29 30 31 41 42 43
 45 : 32 33 34 44 45 46 56 57 58
 51 : 38 39 40 50 51 52 62 63 64
 60 : 48 49 59 60 61 71 72 73 83
 66 : 53 54 55 65 66 67 77 78 79
 81 : 68 69 70 80 81 82 92 93
 86 : 74 85 86 97 98
 88 : 75 76 87 88 89 99 100 101
 103 : 90 91 102 104 114 115 116
 107 : 84 94 95 96 106 107 108 118 119
 116 : 103 105 117 127 128 129
 122 : 109 110 111 121 122 123 133 134 135
 125 : 112 113 124 136 137 138
 138 : 5 6 7 125 126 139
 143 : 0 10 120 130 131 132 143
SOLUTION:
  Value: -57198.000000
  Assigns: 143 12 15 15 15 138 138 138 9 9 143 12 24 24 15 15 15 30 30 30 9 9 9 12 12 12 15 15 15 30 30 30 45 45 45 24 24 24 51 51 51 30 30 30 45 45 45 24 60 60 51 51 51 66 66 66 45 45 45 60 60 60 51 51 51 66 66 66 81 81 81 60 60 60 86 86 89 66 66 66 81 81 81 60 107 86 86 86 89 89 103 103 81 81 107 107 107 86 86 86 89 89 103 116 103 116 107 107 107 122 122 122 124 124 103 103 103 116 107 107 143 122 122 122 124 138 138 116 116 116 143 143 143 122 122 122 124 138 138 138 9 9 9 143 
  Facilities: 19
 9 : 8 9 20 21 22 140 141 142
 12 : 1 11 23 24 25
 15 : 2 3 4 14 15 16 26 27 28
 24 : 12 13 35 36 37 47
 30 : 17 18 19 29 30 31 41 42 43
 45 : 32 33 34 44 45 46 56 57 58
 51 : 38 39 40 50 51 52 62 63 64
 60 : 48 49 59 60 61 71 72 73 83
 66 : 53 54 55 65 66 67 77 78 79
 81 : 68 69 70 80 81 82 92 93
 86 : 74 75 85 86 87 97 98 99
 89 : 76 88 89 100 101
 103 : 90 91 102 104 114 115 116
 107 : 84 94 95 96 106 107 108 118 119
 116 : 103 105 117 127 128 129
 122 : 109 110 111 121 122 123 133 134 135
 124 : 112 113 124 136
 138 : 5 6 7 125 126 137 138 139
 143 : 0 10 120 130 131 132 143
SOLUTION:
  Value: -57198.000000
  Assigns: 143 12 15 15 15 138 138 138 9 9 143 12 24 24 15 15 15 30 30 30 9 9 9 12 12 12 15 15 15 30 30 30 45 45 45 24 24 24 51 51 51 30 30 30 45 45 45 24 60 60 51 51 51 66 66 66 45 45 45 60 60 60 51 51 51 66 66 66 81 81 81 60 60 60 86 88 88 66 66 66 81 81 81 60 107 86 86 88 88 88 103 103 81 81 107 107 107 86 86 88 88 88 103 116 103 116 107 107 107 122 122 122 124 124 103 103 103 116 107 107 143 122 122 122 124 138 138 116 116 116 143 143 143 122 122 122 124 138 138 138 9 9 9 143 
  Facilities: 19
 9 : 8 9 20 21 22 140 141 142
 12 : 1 11 23 24 25
 15 : 2 3 4 14 15 16 26 27 28
 24 : 12 13 35 36 37 47
 30 : 17 18 19 29 30 31 41 42 43
 45 : 32 33 34 44 45 46 56 57 58
 51 : 38 39 40 50 51 52 62 63 64
 60 : 48 49 59 60 61 71 72 73 83
 66 : 53 54 55 65 66 67 77 78 79
 81 : 68 69 70 80 81 82 92 93
 86 : 74 85 86 97 98
 88 : 75 76 87 88 89 99 100 101
 103 : 90 91 102 104 114 115 116
 107 : 84 94 95 96 106 107 108 118 119
 116 : 103 105 117 127 128 129
 122 : 109 110 111 121 122 123 133 134 135
 124 : 112 113 124 136
 138 : 5 6 7 125 126 137 138 139
 143 : 0 10 120 130 131 132 143
SOLUTION:
  Value: -57199.000000
  Assigns: 143 133 133 15 15 138 138 138 9 9 143 143 24 24 15 15 15 30 30 30 9 9 9 24 24 24 15 15 15 30 30 30 45 45 45 24 24 24 51 51 51 30 30 30 45 45 45 24 60 60 51 51 51 66 66 66 45 45 45 60 60 60 51 51 51 66 66 66 81 81 81 60 60 60 86 86 89 66 66 66 81 81 81 60 107 86 86 86 89 89 103 103 81 81 107 107 107 86 86 86 89 89 103 116 103 116 107 107 107 122 122 122 125 125 103 103 103 116 107 107 143 122 133 122 125 138 138 116 116 116 143 143 133 122 122 122 125 125 125 138 9 9 9 143 
  Facilities: 19
 9 : 8 9 20 21 22 140 141 142
 15 : 3 4 14 15 16 26 27 28
 24 : 12 13 23 24 25 35 36 37 47
 30 : 17 18 19 29 30 31 41 42 43
 45 : 32 33 34 44 45 46 56 57 58
 51 : 38 39 40 50 51 52 62 63 64
 60 : 48 49 59 60 61 71 72 73 83
 66 : 53 54 55 65 66 67 77 78 79
 81 : 68 69 70 80 81 82 92 93
 86 : 74 75 85 86 87 97 98 99
 89 : 76 88 89 100 101
 103 : 90 91 102 104 114 115 116
 107 : 84 94 95 96 106 107 108 118 119
 116 : 103 105 117 127 128 129
 122 : 109 110 111 121 123 133 134 135
 125 : 112 113 124 136 137 138
 133 : 1 2 122 132
 138 : 5 6 7 125 126 139
 143 : 0 10 11 120 130 131 143
SOLUTION:
  Value: -57199.000000
  Assigns: 143 133 133 15 15 138 138 138 9 9 143 143 24 24 15 15 15 30 30 30 9 9 9 24 24 24 15 15 15 30 30 30 45 45 45 24 24 24 51 51 51 30 30 30 45 45 45 24 60 60 51 51 51 66 66 66 45 45 45 60 60 60 51 51 51 66 66 66 81 81 81 60 60 60 86 88 88 66 66 66 81 81 81 60 107 86 86 88 88 88 103 103 81 81 107 107 107 86 86 88 88 88 103 116 103 116 107 107 107 122 122 122 125 125 103 103 103 116 107 107 143 122 133 122 125 138 138 116 116 116 143 143 133 122 122 122 125 125 125 138 9 9 9 143 
  Facilities: 19
 9 : 8 9 20 21 22 140 141 142
 15 : 3 4 14 15 16 26 27 28
 24 : 12 13 23 24 25 35 36 37 47
 30 : 17 18 19 29 30 31 41 42 43
 45 : 32 33 34 44 45 46 56 57 58
 51 : 38 39 40 50 51 52 62 63 64
 60 : 48 49 59 60 61 71 72 73 83
 66 : 53 54 55 65 66 67 77 78 79
 81 : 68 69 70 80 81 82 92 93
 86 : 74 85 86 97 98
 88 : 75 76 87 88 89 99 100 101
 103 : 90 91 102 104 114 115 116
 107 : 84 94 95 96 106 107 108 118 119
 116 : 103 105 117 127 128 129
 122 : 109 110 111 121 123 133 134 135
 125 : 112 113 124 136 137 138
 133 : 1 2 122 132
 138 : 5 6 7 125 126 139
 143 : 0 10 11 120 130 131 143
SOLUTION:
  Value: -57199.000000
  Assigns: 143 12 15 15 15 138 138 138 9 9 143 12 24 24 15 15 15 30 30 30 9 9 9 12 12 12 15 15 15 30 30 30 45 45 45 24 24 24 51 51 51 30 30 30 45 45 45 24 60 60 51 51 51 66 66 66 45 45 45 60 60 60 51 51 51 66 66 66 81 81 81 60 60 60 85 88 88 66 66 66 81 81 81 60 107 85 85 88 88 88 103 103 81 81 107 107 85 85 85 88 88 88 103 116 103 116 107 107 107 122 122 122 125 125 103 103 103 116 107 107 143 122 122 122 125 138 138 116 116 116 143 143 143 122 122 122 125 125 125 138 9 9 9 143 
  Facilities: 19
 9 : 8 9 20 21 22 140 141 142
 12 : 1 11 23 24 25
 15 : 2 3 4 14 15 16 26 27 28
 24 : 12 13 35 36 37 47
 30 : 17 18 19 29 30 31 41 42 43
 45 : 32 33 34 44 45 46 56 57 58
 51 : 38 39 40 50 51 52 62 63 64
 60 : 48 49 59 60 61 71 72 73 83
 66 : 53 54 55 65 66 67 77 78 79
 81 : 68 69 70 80 81 82 92 93
 85 : 74 85 86 96 97 98
 88 : 75 76 87 88 89 99 100 101
 103 : 90 91 102 104 114 115 116
 107 : 84 94 95 106 107 108 118 119
 116 : 103 105 117 127 128 129
 122 : 109 110 111 121 122 123 133 134 135
 125 : 112 113 124 136 137 138
 138 : 5 6 7 125 126 139
 143 : 0 10 120 130 131 132 143
SOLUTION:
  Value: -57200.000000
  Assigns: 143 1 1 15 15 138 138 138 9 9 143 143 24 24 15 15 15 30 30 30 9 9 9 24 24 24 15 15 15 30 30 30 45 45 45 24 24 24 51 51 51 30 30 30 45 45 45 24 60 60 51 51 51 66 66 66 45 45 45 60 60 60 51 51 51 66 66 66 81 81 81 60 60 60 86 88 88 66 66 66 81 81 81 60 107 86 86 88 88 88 103 103 81 81 107 107 107 86 86 88 88 88 103 116 103 116 107 107 107 122 122 122 125 125 103 103 103 116 107 107 143 122 122 122 125 138 138 116 116 116 143 143 1 122 122 122 125 125 125 138 9 9 9 143 
  Facilities: 19
 1 : 1 2 132
 9 : 8 9 20 21 22 140 141 142
 15 : 3 4 14 15 16 26 27 28
 24 : 12 13 23 24 25 35 36 37 47
 30 : 17 18 19 29 30 31 41 42 43
 45 : 32 33 34 44 45 46 56 57 58
 51 : 38 39 40 50 51 52 62 63 64
 60 : 48 49 59 60 61 71 72 73 83
 66 : 53 54 55 65 66 67 77 78 79
 81 : 68 69 70 80 81 82 92 93
 86 : 74 85 86 97 98
 88 : 75 76 87 88 89 99 100 101
 103 : 90 91 102 104 114 115 116
 107 : 84 94 95 96 106 107 108 118 119
 116 : 103 105 117 127 128 129
 122 : 109 110 111 121 122 123 133 134 135
 125 : 112 113 124 136 137 138
 138 : 5 6 7 125 126 139
 143 : 0 10 11 120 130 131 143
SOLUTION:
  Value: -57200.000000
  Assigns: 143 133 133 15 15 138 138 138 9 9 143 143 24 24 15 15 15 30 30 30 9 9 9 24 24 24 15 15 15 30 30 30 45 45 45 24 24 24 51 51 51 30 30 30 45 45 45 24 60 60 51 51 51 66 66 66 45 45 45 60 60 60 51 51 51 66 66 66 81 81 81 60 60 60 86 86 89 66 66 66 81 81 81 60 107 86 86 86 89 89 103 103 81 81 107 107 107 86 86 86 89 89 103 116 103 116 107 107 107 122 122 122 124 124 103 103 103 116 107 107 143 122 133 122 124 138 138 116 116 116 143 143 133 122 122 122 124 138 138 138 9 9 9 143 
  Facilities: 19
 9 : 8 9 20 21 22 140 141 142
 15 : 3 4 14 15 16 26 27 28
 24 : 12 13 23 24 25 35 36 37 47
 30 : 17 18 19 29 30 31 41 42 43
 45 : 32 33 34 44 45 46 56 57 58
 51 : 38 39 40 50 51 52 62 63 64
 60 : 48 49 59 60 61 71 72 73 83
 66 : 53 54 55 65 66 67 77 78 79
 81 : 68 69 70 80 81 82 92 93
 86 : 74 75 85 86 87 97 98 99
 89 : 76 88 89 100 101
 103 : 90 91 102 104 114 115 116
 107 : 84 94 95 96 106 107 108 118 119
 116 : 103 105 117 127 128 129
 122 : 109 110 111 121 123 133 134 135
 124 : 112 113 124 136
 133 : 1 2 122 132
 138 : 5 6 7 125 126 137 138 139
 143 : 0 10 11 120 130 131 143
SOLUTION:
  Value: -57200.000000
  Assigns: 143 12 15 15 15 138 138 138 9 9 143 12 24 24 15 15 15 30 30 30 9 9 9 12 12 12 15 15 15 30 30 30 45 45 45 24 24 24 51 51 51 30 30 30 45 45 45 24 60 60 51 51 51 66 66 66 45 45 45 60 60 60 51 51 51 66 66 66 81 81 81 60 60 60 85 88 88 66 66 66 81 81 81 60 107 85 85 88 88 88 103 103 81 81 107 107 85 85 85 88 88 88 103 116 103 116 107 107 107 122 122 122 124 124 103 103 103 116 107 107 143 122 122 122 124 138 138 116 116 116 143 143 143 122 122 122 124 138 138 138 9 9 9 143 
  Facilities: 19
 9 : 8 9 20 21 22 140 141 142
 12 : 1 11 23 24 25
 15 : 2 3 4 14 15 16 26 27 28
 24 : 12 13 35 36 37 47
 30 : 17 18 19 29 30 31 41 42 43
 45 : 32 33 34 44 45 46 56 57 58
 51 : 38 39 40 50 51 52 62 63 64
 60 : 48 49 59 60 61 71 72 73 83
 66 : 53 54 55 65 66 67 77 78 79
 81 : 68 69 70 80 81 82 92 93
 85 : 74 85 86 96 97 98
 88 : 75 76 87 88 89 99 100 101
 103 : 90 91 102 104 114 115 116
 107 : 84 94 95 106 107 108 118 119
 116 : 103 105 117 127 128 129
 122 : 109 110 111 121 122 123 133 134 135
 124 : 112 113 124 136
 138 : 5 6 7 125 126 137 138 139
 143 : 0 10 120 130 131 132 143
