# Time: 16.120001
# Elapsed: 5.068067
# Input_file: pmedian/pmed/pmed32.txt
# Pool_size: 200
# Iterations: 10
# Final_solutions: 2000
# Vision_range: 0
# Reduction_mode: REDUCTION_BESTS
SOLUTION:
  Value: -9297.000000
  Assigns: 295 660 111 354 560 660 453 354 111 354 269 560 354 309 111 111 405 269 309 660 309 111 354 660 560 111 215 269 560 453 309 560 560 453 453 453 660 309 215 111 215 215 111 309 269 269 453 295 354 309 453 560 560 269 560 269 354 111 660 309 111 660 560 269 405 405 453 453 295 560 405 269 295 295 269 269 453 453 354 453 560 405 660 111 560 269 111 111 453 560 560 269 295 309 453 269 269 309 453 111 309 354 453 453 560 560 453 405 354 269 560 111 111 660 560 453 453 453 453 269 354 354 660 354 295 453 269 405 660 405 111 309 405 453 269 309 215 269 405 405 453 269 269 453 295 295 560 295 295 660 560 215 111 111 111 354 560 215 453 269 269 215 453 295 405 354 295 295 660 111 453 354 354 560 354 269 111 111 309 295 111 660 560 560 354 295 309 269 269 660 269 269 269 560 269 295 269 269 560 660 405 295 309 405 295 295 660 660 560 269 354 309 215 453 111 215 405 309 560 660 405 309 111 111 309 269 309 295 215 215 354 354 111 453 453 269 269 215 309 269 405 354 453 453 295 453 295 215 660 215 269 215 309 453 354 453 269 309 405 560 660 354 453 111 295 354 354 453 215 269 295 560 560 560 269 354 453 453 111 269 453 354 453 295 309 560 309 354 111 269 354 453 405 295 560 295 354 111 111 309 269 405 269 660 453 354 111 453 405 309 309 660 111 269 560 295 405 560 215 111 560 660 354 660 354 453 453 354 660 354 269 453 295 453 309 111 269 660 295 269 295 295 309 405 660 269 295 660 269 309 111 309 453 354 354 295 354 295 295 295 295 215 660 111 405 453 269 660 309 295 269 295 354 660 269 660 269 453 295 309 295 269 309 309 309 453 111 354 453 453 405 660 453 453 453 453 309 269 660 560 560 453 405 660 111 405 405 111 660 295 269 405 405 309 215 269 269 269 453 215 269 660 660 453 405 405 560 309 309 405 405 269 560 405 405 405 453 453 405 111 405 405 453 453 453 354 269 215 660 405 295 295 215 453 354 405 405 660 560 354 111 111 560 560 560 269 269 405 215 215 560 560 405 295 354 295 660 660 309 111 111 215 405 215 309 269 453 295 295 405 309 215 560 309 111 111 215 269 405 453 309 453 660 215 453 405 295 354 660 215 111 405 560 405 453 405 405 453 215 660 453 453 215 295 660 453 269 453 453 453 269 295 560 269 660 560 269 309 215 560 215 215 215 269 560 660 660 309 354 453 215 405 111 111 660 660 405 215 295 309 560 560 453 560 269 660 111 453 405 309 309 111 215 269 111 560 354 660 269 354 660 453 309 560 295 215 215 269 215 660 453 660 111 354 309 269 354 354 111 453 453 405 660 309 405 660 354 215 215 453 453 215 405 269 309 309 660 660 309 309 309 295 309 453 354 269 354 660 215 215 453 354 269 269 111 405 215 560 453 453 295 354 354 660 354 560 295 295 215 660 560 215 295 309 111 269 560 660 269 560 660 405 453 111 111 354 354 453 309 453 309 309 295 295 309 309 269 405 560 111 453 269 215 405 269 309 111 111 309 560 453 453 660 269 215 405 405 453 111 295 
  Facilities: 10
 111 : 2 8 14 15 21 25 39 42 57 60 83 86 87 99 111 112 130 152 153 154 169 176 177 180 214 222 223 232 263 278 288 297 298 306 312 319 335 350 363 386 404 407 439 460 461 479 480 494 495 510 552 553 566 571 574 592 598 634 654 663 664 679 686 687 698
 215 : 26 38 40 41 136 151 157 161 212 215 228 229 237 247 249 251 268 318 361 414 419 447 452 468 469 481 483 491 496 503 509 518 522 538 540 541 542 550 557 572 585 586 588 607 608 611 628 629 636 648 651 682 694
 269 : 10 17 27 44 45 53 55 63 71 74 75 85 91 95 96 109 119 126 134 137 141 142 159 160 175 187 188 190 191 192 194 196 197 209 225 235 236 239 250 256 269 274 279 289 300 302 313 330 336 339 345 348 366 370 374 376 381 397 410 415 416 417 420 431 446 465 466 485 497 526 530 533 536 543 564 573 578 587 595 613 625 632 633 655 658 676 681 684 693
 295 : 0 47 68 72 73 92 124 144 145 147 148 163 166 167 179 185 195 201 204 205 227 244 246 264 270 283 293 295 315 332 338 340 341 346 355 357 358 359 360 369 371 378 380 409 450 451 473 475 487 488 506 523 531 558 584 621 640 646 647 652 672 673 699
 309 : 13 18 20 30 37 43 49 59 93 97 100 131 135 178 186 202 211 217 221 224 226 238 252 257 284 286 299 309 310 334 342 349 351 368 379 382 383 384 396 413 427 428 478 484 490 493 500 537 547 559 569 570 582 594 603 614 615 618 619 620 622 653 668 670 671 674 675 685 688
 354 : 3 7 9 12 22 48 56 78 101 108 120 121 123 155 165 171 172 174 184 210 230 231 241 254 261 265 266 275 281 287 290 296 305 322 324 327 329 353 354 356 372 387 445 454 459 474 507 548 576 579 593 596 597 606 624 626 631 641 642 644 665 666
 405 : 16 64 65 70 81 107 127 129 132 138 139 164 200 203 216 220 240 258 292 301 308 316 343 364 390 402 405 406 411 412 424 425 429 430 433 434 435 438 440 441 449 455 456 467 472 482 489 498 505 511 513 515 516 551 556 568 601 604 612 635 661 677 683 695 696
 453 : 6 29 33 34 35 46 50 66 67 76 77 79 88 94 98 102 103 106 115 116 117 118 125 133 140 143 158 162 170 213 233 234 242 243 245 253 255 262 267 276 277 280 282 291 304 307 325 326 331 333 352 365 377 385 388 389 392 393 394 395 401 418 423 436 437 442 443 444 453 486 499 501 504 514 517 520 521 525 527 528 529 549 562 567 581 590 599 600 609 610 623 630 638 639 662 667 669 680 690 691 697
 560 : 4 11 24 28 31 32 51 52 54 62 69 80 84 89 90 104 105 110 114 146 150 156 173 182 183 193 198 208 218 259 271 272 273 285 294 314 317 320 399 400 426 432 458 462 463 464 470 471 492 512 532 535 539 544 560 561 563 575 583 637 645 650 656 659 678 689
 660 : 1 5 19 23 36 58 61 82 113 122 128 149 168 181 189 199 206 207 219 248 260 303 311 321 323 328 337 344 347 362 367 373 375 391 398 403 408 421 422 448 457 476 477 502 508 519 524 534 545 546 554 555 565 577 580 589 591 602 605 616 617 627 643 649 657 660 692
SOLUTION:
  Value: -9298.000000
  Assigns: 295 660 111 354 560 660 453 354 111 354 269 560 354 309 111 111 405 269 309 660 309 111 354 660 560 111 503 269 560 453 309 560 560 453 453 453 660 309 503 111 503 503 111 309 269 269 453 295 354 309 453 560 560 269 560 269 354 111 660 309 111 660 560 269 405 405 453 453 295 560 405 269 295 295 269 269 453 453 354 453 560 405 660 111 560 269 111 111 453 560 560 269 295 309 453 269 269 309 453 111 309 354 453 453 560 560 453 405 354 269 560 111 111 660 560 453 453 453 453 269 354 354 660 354 295 453 269 405 660 405 111 309 405 453 269 309 503 269 405 405 453 269 269 503 295 295 560 295 295 660 560 503 111 111 111 354 560 503 453 269 269 503 453 295 405 354 295 295 660 111 453 354 354 560 354 269 111 111 309 295 111 660 560 560 354 295 309 269 269 660 269 269 269 560 269 295 269 269 560 660 405 295 309 405 295 295 660 660 560 269 354 309 503 453 111 503 405 309 560 660 405 309 111 111 309 269 309 295 503 503 354 354 111 453 453 269 269 503 309 269 405 354 453 453 295 453 295 503 660 503 269 503 309 453 354 453 269 309 405 560 660 354 453 111 295 354 354 453 503 269 295 560 560 560 269 354 453 453 111 269 453 354 453 295 309 560 309 354 111 269 354 453 405 295 560 295 354 111 111 309 269 405 269 660 453 354 111 453 405 309 309 660 111 269 560 295 405 560 503 111 560 660 354 660 354 453 453 354 660 354 269 453 295 453 309 111 269 660 295 269 295 295 309 405 660 269 295 660 269 309 111 309 453 354 354 295 354 295 295 295 295 503 660 111 405 453 269 660 309 295 269 295 354 660 269 660 269 453 295 309 295 269 309 309 309 453 111 354 453 453 405 660 453 453 453 453 309 269 660 560 560 453 405 660 111 405 405 111 660 295 269 405 405 309 405 269 269 269 453 503 269 660 660 453 405 405 560 309 309 405 405 269 560 405 405 405 453 453 405 111 405 405 453 453 453 354 269 503 660 405 295 295 503 453 354 405 405 660 560 354 111 111 560 560 560 269 269 405 503 503 560 560 405 295 354 295 660 660 309 111 111 503 405 503 309 269 453 295 295 405 309 503 560 309 111 111 503 269 405 453 309 453 660 503 453 405 295 354 660 503 111 405 560 405 453 405 405 453 503 660 453 453 503 295 660 453 269 453 453 453 269 295 560 269 660 560 269 309 503 560 405 503 503 269 560 660 660 309 354 453 503 405 111 111 660 660 405 503 295 309 560 560 453 560 269 660 111 453 405 309 309 111 503 269 111 560 354 660 269 354 660 453 309 560 295 503 503 269 503 660 453 660 111 354 309 269 354 354 111 453 453 405 660 309 405 660 354 503 354 453 453 503 405 269 309 309 660 660 309 309 309 295 309 453 354 269 354 660 503 503 453 354 269 269 111 405 503 560 453 453 295 354 354 660 354 560 295 295 503 660 560 503 295 309 111 269 560 660 269 560 660 405 453 111 111 354 354 453 309 453 309 309 295 295 309 309 269 405 560 111 453 269 503 405 269 309 111 111 309 560 453 453 660 269 503 405 405 453 111 295 
  Facilities: 10
 111 : 2 8 14 15 21 25 39 42 57 60 83 86 87 99 111 112 130 152 153 154 169 176 177 180 214 222 223 232 263 278 288 297 298 306 312 319 335 350 363 386 404 407 439 460 461 479 480 494 495 510 552 553 566 571 574 592 598 634 654 663 664 679 686 687 698
 269 : 10 17 27 44 45 53 55 63 71 74 75 85 91 95 96 109 119 126 134 137 141 142 159 160 175 187 188 190 191 192 194 196 197 209 225 235 236 239 250 256 269 274 279 289 300 302 313 330 336 339 345 348 366 370 374 376 381 397 410 415 416 417 420 431 446 465 466 485 497 526 530 533 536 543 564 573 578 587 595 613 625 632 633 655 658 676 681 684 693
 295 : 0 47 68 72 73 92 124 144 145 147 148 163 166 167 179 185 195 201 204 205 227 244 246 264 270 283 293 295 315 332 338 340 341 346 355 357 358 359 360 369 371 378 380 409 450 451 473 475 487 488 506 523 531 558 584 621 640 646 647 652 672 673 699
 309 : 13 18 20 30 37 43 49 59 93 97 100 131 135 178 186 202 211 217 221 224 226 238 252 257 284 286 299 309 310 334 342 349 351 368 379 382 383 384 396 413 427 428 478 484 490 493 500 537 547 559 569 570 582 594 603 614 615 618 619 620 622 653 668 670 671 674 675 685 688
 354 : 3 7 9 12 22 48 56 78 101 108 120 121 123 155 165 171 172 174 184 210 230 231 241 254 261 265 266 275 281 287 290 296 305 322 324 327 329 353 354 356 372 387 445 454 459 474 507 548 576 579 593 596 597 606 608 624 626 631 641 642 644 665 666
 405 : 16 64 65 70 81 107 127 129 132 138 139 164 200 203 216 220 240 258 292 301 308 316 343 364 390 402 405 406 411 412 414 424 425 429 430 433 434 435 438 440 441 449 455 456 467 472 482 489 498 505 511 513 515 516 540 551 556 568 601 604 612 635 661 677 683 695 696
 453 : 6 29 33 34 35 46 50 66 67 76 77 79 88 94 98 102 103 106 115 116 117 118 125 133 140 158 162 170 213 233 234 242 243 245 253 255 262 267 276 277 280 282 291 304 307 325 326 331 333 352 365 377 385 388 389 392 393 394 395 401 418 423 436 437 442 443 444 453 486 499 501 504 514 517 520 521 525 527 528 529 549 562 567 581 590 599 600 609 610 623 630 638 639 662 667 669 680 690 691 697
 503 : 26 38 40 41 136 143 151 157 161 212 215 228 229 237 247 249 251 268 318 361 419 447 452 468 469 481 483 491 496 503 509 518 522 538 541 542 550 557 572 585 586 588 607 611 628 629 636 648 651 682 694
 560 : 4 11 24 28 31 32 51 52 54 62 69 80 84 89 90 104 105 110 114 146 150 156 173 182 183 193 198 208 218 259 271 272 273 285 294 314 317 320 399 400 426 432 458 462 463 464 470 471 492 512 532 535 539 544 560 561 563 575 583 637 645 650 656 659 678 689
 660 : 1 5 19 23 36 58 61 82 113 122 128 149 168 181 189 199 206 207 219 248 260 303 311 321 323 328 337 344 347 362 367 373 375 391 398 403 408 421 422 448 457 476 477 502 508 519 524 534 545 546 554 555 565 577 580 589 591 602 605 616 617 627 643 649 657 660 692
SOLUTION:
  Value: -9301.000000
  Assigns: 295 660 111 354 80 660 453 354 111 354 269 80 80 309 111 111 405 269 80 660 309 111 354 660 309 111 215 269 309 453 309 80 309 453 453 453 660 309 215 111 80 80 111 309 269 269 453 295 354 309 453 80 80 269 80 269 354 111 660 309 111 660 80 269 405 405 453 453 295 80 405 269 295 295 269 269 453 453 354 453 80 405 660 111 453 269 111 111 453 80 309 269 295 309 453 269 269 80 453 111 309 354 453 453 80 80 453 405 354 269 80 111 111 660 80 453 453 453 453 269 354 354 660 354 295 453 269 405 660 405 111 309 405 453 269 309 215 269 405 405 453 269 269 453 295 295 111 295 295 660 80 80 111 111 111 354 453 215 453 269 269 215 453 295 405 354 295 295 660 111 453 354 354 80 354 269 111 111 309 295 111 660 80 111 354 295 309 269 269 660 269 269 269 80 269 295 269 269 80 660 405 295 309 405 295 295 660 660 80 269 80 309 215 453 111 215 405 309 295 660 405 309 111 111 309 269 309 295 215 215 354 354 111 453 453 269 269 215 309 269 405 354 453 453 295 453 295 215 660 80 269 215 80 453 354 453 80 309 405 80 660 354 453 111 295 354 354 453 215 269 295 80 80 80 269 354 453 453 111 269 453 354 453 295 309 80 309 80 111 269 354 453 405 295 80 295 354 111 111 309 269 405 269 660 453 354 111 453 405 309 309 660 111 269 80 295 405 111 215 111 111 660 354 660 354 453 453 354 660 354 269 453 295 453 309 111 269 660 295 80 295 295 309 405 660 269 80 660 269 309 111 309 453 354 354 295 354 295 295 295 295 215 660 111 405 453 269 660 309 295 269 295 354 660 269 660 269 453 295 309 295 269 309 309 309 453 111 354 453 453 405 660 453 453 453 453 309 269 660 80 80 453 405 660 111 405 405 111 660 295 269 405 405 309 215 269 269 269 453 215 269 660 660 453 405 405 80 309 309 405 405 269 80 405 405 405 453 453 405 111 405 405 453 453 453 354 269 215 660 405 295 295 215 453 354 405 405 660 80 354 111 111 80 80 80 269 269 405 215 215 80 80 405 295 354 295 660 660 309 111 111 215 405 215 309 269 453 295 295 405 309 215 80 309 111 111 215 269 405 453 309 453 660 215 453 405 295 354 660 215 111 405 453 405 453 405 405 453 80 660 453 453 215 295 660 453 80 453 453 453 269 295 80 269 660 80 269 309 215 453 215 215 215 269 80 660 660 309 80 453 215 80 111 111 660 660 405 215 295 309 80 80 453 80 269 660 111 453 405 309 309 111 215 269 111 111 354 660 269 354 660 453 309 80 295 215 215 269 215 660 453 660 111 354 309 269 354 354 111 453 453 405 660 309 405 660 354 215 215 453 453 215 405 269 309 309 660 660 309 309 309 295 309 453 354 269 354 660 215 215 453 354 269 269 111 405 80 80 453 453 295 354 354 660 354 80 295 295 215 660 80 215 295 309 111 80 453 660 269 80 660 405 453 111 111 354 354 453 309 453 309 309 295 295 309 309 269 405 80 111 453 269 215 405 269 309 111 111 309 80 453 453 660 269 215 405 405 453 111 295 
  Facilities: 10
 80 : 4 11 12 18 31 40 41 51 52 54 62 69 80 89 97 104 105 110 114 150 151 173 182 193 198 208 210 249 252 256 259 271 272 273 285 287 294 314 339 346 399 400 426 432 458 462 463 464 470 471 492 518 526 532 535 544 548 551 560 561 563 583 636 637 645 650 655 659 678 689
 111 : 2 8 14 15 21 25 39 42 57 60 83 86 87 99 111 112 130 146 152 153 154 169 176 177 180 183 214 222 223 232 263 278 288 297 298 306 312 317 319 320 335 350 363 386 404 407 439 460 461 479 480 494 495 510 552 553 566 571 574 575 592 598 634 654 663 664 679 686 687 698
 215 : 26 38 136 157 161 212 215 228 229 237 247 251 268 318 361 414 419 447 452 468 469 481 483 491 496 503 509 522 538 540 541 542 550 557 572 585 586 588 607 608 611 628 629 648 651 682 694
 269 : 10 17 27 44 45 53 55 63 71 74 75 85 91 95 96 109 119 126 134 137 141 142 159 160 175 187 188 190 191 192 194 196 197 209 225 235 236 239 250 269 274 279 289 300 302 313 330 336 345 348 366 370 374 376 381 397 410 415 416 417 420 431 446 465 466 485 497 530 533 536 543 564 573 578 587 595 613 625 632 633 658 676 681 684 693
 295 : 0 47 68 72 73 92 124 144 145 147 148 163 166 167 179 185 195 201 204 205 218 227 244 246 264 270 283 293 295 315 332 338 340 341 355 357 358 359 360 369 371 378 380 409 450 451 473 475 487 488 506 523 531 558 584 621 640 646 647 652 672 673 699
 309 : 13 20 24 28 30 32 37 43 49 59 90 93 100 131 135 178 186 202 211 217 221 224 226 238 257 284 286 299 309 310 334 342 349 351 368 379 382 383 384 396 413 427 428 478 484 490 493 500 537 547 559 569 570 582 594 603 614 615 618 619 620 622 653 668 670 671 674 675 685 688
 354 : 3 7 9 22 48 56 78 101 108 120 121 123 155 165 171 172 174 184 230 231 241 254 261 265 266 275 281 290 296 305 322 324 327 329 353 354 356 372 387 445 454 459 474 507 576 579 593 596 597 606 624 626 631 641 642 644 665 666
 405 : 16 64 65 70 81 107 127 129 132 138 139 164 200 203 216 220 240 258 292 301 308 316 343 364 390 402 405 406 411 412 424 425 429 430 433 434 435 438 440 441 449 455 456 467 472 482 489 498 505 511 513 515 516 556 568 601 604 612 635 661 677 683 695 696
 453 : 6 29 33 34 35 46 50 66 67 76 77 79 84 88 94 98 102 103 106 115 116 117 118 125 133 140 143 156 158 162 170 213 233 234 242 243 245 253 255 262 267 276 277 280 282 291 304 307 325 326 331 333 352 365 377 385 388 389 392 393 394 395 401 418 423 436 437 442 443 444 453 486 499 501 504 512 514 517 520 521 525 527 528 529 539 549 562 567 581 590 599 600 609 610 623 630 638 639 656 662 667 669 680 690 691 697
 660 : 1 5 19 23 36 58 61 82 113 122 128 149 168 181 189 199 206 207 219 248 260 303 311 321 323 328 337 344 347 362 367 373 375 391 398 403 408 421 422 448 457 476 477 502 508 519 524 534 545 546 554 555 565 577 580 589 591 602 605 616 617 627 643 649 657 660 692
SOLUTION:
  Value: -9301.000000
  Assigns: 295 660 111 354 80 660 453 354 111 354 269 80 80 13 111 111 405 269 80 660 13 111 354 660 13 111 215 269 13 453 13 80 13 453 453 453 660 13 215 111 80 80 111 13 269 269 453 295 354 13 453 80 80 269 80 269 354 111 660 13 111 660 80 269 405 405 453 453 295 80 405 269 295 295 269 269 453 453 354 453 80 405 660 111 453 269 111 111 453 80 13 269 295 13 453 269 269 80 453 111 13 354 453 453 80 80 453 405 354 269 80 111 111 660 80 453 453 13 453 269 354 354 660 354 295 453 269 405 660 405 111 13 405 453 269 13 215 269 405 405 453 269 269 453 295 295 111 295 295 660 13 80 111 111 111 354 453 215 453 269 269 215 453 295 405 354 295 295 660 111 453 354 354 80 354 269 111 111 13 295 111 660 80 111 354 295 453 269 269 660 269 269 269 80 269 295 269 269 80 660 405 295 13 405 295 295 660 660 80 269 80 13 215 453 111 215 405 13 295 660 405 13 111 111 13 269 13 295 215 215 354 354 111 453 453 269 269 215 13 269 405 354 453 453 295 453 295 215 660 80 269 215 80 453 354 453 80 13 405 80 660 354 453 111 295 354 354 453 215 269 295 80 80 80 269 354 453 453 111 269 453 354 453 295 13 80 13 80 111 269 354 453 405 295 80 295 354 111 111 13 269 405 269 660 453 354 111 453 405 13 13 660 111 269 80 295 405 111 215 111 111 660 354 660 354 453 453 354 660 354 269 453 295 453 13 111 269 660 295 80 295 295 13 405 660 269 80 660 269 13 111 13 453 354 354 295 354 295 295 295 295 215 660 111 405 453 269 660 13 295 269 295 354 660 269 660 269 453 295 13 295 269 13 13 13 453 111 354 453 453 405 660 453 453 453 453 13 269 660 80 80 453 405 660 111 405 405 111 660 295 269 405 405 13 215 269 269 269 453 215 269 660 660 453 405 405 80 13 13 405 405 269 80 405 405 405 453 453 405 111 405 405 453 453 453 354 269 215 660 405 295 295 215 453 354 405 405 660 80 354 111 111 80 80 80 269 269 405 215 215 80 80 405 295 354 295 660 660 13 111 111 215 405 215 13 269 453 295 295 405 13 215 80 13 111 111 215 269 405 453 13 453 660 215 453 405 295 354 660 215 111 405 453 405 453 405 405 453 80 660 453 453 215 295 660 453 80 453 453 453 269 295 80 269 660 80 269 13 215 453 215 215 215 269 80 660 660 13 80 453 215 80 111 111 660 660 405 215 295 13 80 80 453 80 269 660 111 453 405 13 111 111 215 269 111 111 354 660 269 354 660 453 13 80 295 215 215 269 215 660 453 660 111 354 13 269 354 354 111 453 453 405 13 13 405 660 354 215 215 453 453 215 405 269 13 13 660 660 13 13 13 295 13 453 354 269 354 660 215 215 453 354 269 269 111 405 80 80 453 453 295 354 354 660 354 80 295 295 215 660 80 215 295 13 111 80 453 660 269 80 660 405 453 111 111 354 354 453 13 453 13 13 295 295 13 13 269 405 80 111 453 269 215 405 269 13 111 111 215 80 453 453 660 269 215 405 405 453 111 295 
  Facilities: 10
 13 : 13 20 24 28 30 32 37 43 49 59 90 93 100 117 131 135 150 178 202 211 217 221 224 226 238 257 284 286 299 309 310 334 342 349 351 368 379 382 383 384 396 413 427 428 478 484 490 493 500 537 547 559 569 582 594 602 603 614 615 618 619 620 622 653 668 670 671 674 675 685
 80 : 4 11 12 18 31 40 41 51 52 54 62 69 80 89 97 104 105 110 114 151 173 182 193 198 208 210 249 252 256 259 271 272 273 285 287 294 314 339 346 399 400 426 432 458 462 463 464 470 471 492 518 526 532 535 544 548 551 560 561 563 583 636 637 645 650 655 659 678 689
 111 : 2 8 14 15 21 25 39 42 57 60 83 86 87 99 111 112 130 146 152 153 154 169 176 177 180 183 214 222 223 232 263 278 288 297 298 306 312 317 319 320 335 350 363 386 404 407 439 460 461 479 480 494 495 510 552 553 566 570 571 574 575 592 598 634 654 663 664 679 686 687 698
 215 : 26 38 136 157 161 212 215 228 229 237 247 251 268 318 361 414 419 447 452 468 469 481 483 491 496 503 509 522 538 540 541 542 550 557 572 585 586 588 607 608 611 628 629 648 651 682 688 694
 269 : 10 17 27 44 45 53 55 63 71 74 75 85 91 95 96 109 119 126 134 137 141 142 159 160 175 187 188 190 191 192 194 196 197 209 225 235 236 239 250 269 274 279 289 300 302 313 330 336 345 348 366 370 374 376 381 397 410 415 416 417 420 431 446 465 466 485 497 530 533 536 543 564 573 578 587 595 613 625 632 633 658 676 681 684 693
 295 : 0 47 68 72 73 92 124 144 145 147 148 163 166 167 179 185 195 201 204 205 218 227 244 246 264 270 283 293 295 315 332 338 340 341 355 357 358 359 360 369 371 378 380 409 450 451 473 475 487 488 506 523 531 558 584 621 640 646 647 652 672 673 699
 354 : 3 7 9 22 48 56 78 101 108 120 121 123 155 165 171 172 174 184 230 231 241 254 261 265 266 275 281 290 296 305 322 324 327 329 353 354 356 372 387 445 454 459 474 507 576 579 593 596 597 606 624 626 631 641 642 644 665 666
 405 : 16 64 65 70 81 107 127 129 132 138 139 164 200 203 216 220 240 258 292 301 308 316 343 364 390 402 405 406 411 412 424 425 429 430 433 434 435 438 440 441 449 455 456 467 472 482 489 498 505 511 513 515 516 556 568 601 604 612 635 661 677 683 695 696
 453 : 6 29 33 34 35 46 50 66 67 76 77 79 84 88 94 98 102 103 106 115 116 118 125 133 140 143 156 158 162 170 186 213 233 234 242 243 245 253 255 262 267 276 277 280 282 291 304 307 325 326 331 333 352 365 377 385 388 389 392 393 394 395 401 418 423 436 437 442 443 444 453 486 499 501 504 512 514 517 520 521 525 527 528 529 539 549 562 567 581 590 599 600 609 610 623 630 638 639 656 662 667 669 680 690 691 697
 660 : 1 5 19 23 36 58 61 82 113 122 128 149 168 181 189 199 206 207 219 248 260 303 311 321 323 328 337 344 347 362 367 373 375 391 398 403 408 421 422 448 457 476 477 502 508 519 524 534 545 546 554 555 565 577 580 589 591 605 616 617 627 643 649 657 660 692
SOLUTION:
  Value: -9302.000000
  Assigns: 295 660 111 354 560 660 453 354 111 354 269 560 354 13 111 111 405 269 13 660 13 111 354 660 560 111 215 269 560 453 13 560 13 453 453 453 660 13 215 111 215 215 111 13 269 269 453 295 354 13 453 560 560 269 560 269 354 111 660 13 111 660 560 269 405 405 453 453 295 560 405 269 295 295 269 269 453 453 354 453 560 405 660 111 560 269 111 111 453 560 13 269 295 13 453 269 269 13 453 111 13 354 453 453 560 560 453 405 354 269 560 111 111 660 560 453 453 13 453 269 354 354 660 354 295 453 269 405 660 405 111 13 405 453 269 13 215 269 405 405 453 269 269 453 295 295 560 295 295 660 560 215 111 111 111 354 560 215 453 269 269 215 453 295 405 354 295 295 660 111 453 354 354 560 354 269 111 111 13 295 111 660 560 560 354 295 453 269 269 660 269 269 269 560 269 295 269 269 560 660 405 295 13 405 295 295 660 660 560 269 354 13 215 453 111 215 405 13 560 660 405 13 111 111 13 269 13 295 215 215 354 354 111 453 453 269 269 215 13 269 405 354 453 453 295 453 295 215 660 215 269 215 13 453 354 453 269 13 405 560 660 354 453 111 295 354 354 453 215 269 295 560 560 560 269 354 453 453 111 269 453 354 453 295 13 560 13 354 111 269 354 453 405 295 560 295 354 111 111 13 269 405 269 660 453 354 111 453 405 13 13 660 111 269 560 295 405 560 215 111 560 660 354 660 354 453 453 354 660 354 269 453 295 453 13 111 269 660 295 269 295 295 13 405 660 269 295 660 269 13 111 13 453 354 354 295 354 295 295 295 295 215 660 111 405 453 269 660 13 295 269 295 354 660 269 660 269 453 295 13 295 269 13 13 13 453 111 354 453 453 405 660 453 453 453 453 13 269 660 560 560 453 405 660 111 405 405 111 660 295 269 405 405 13 215 269 269 269 453 215 269 660 660 453 405 405 560 13 13 405 405 269 560 405 405 405 453 453 405 111 405 405 453 453 453 354 269 215 660 405 295 295 215 453 354 405 405 660 560 354 111 111 560 560 560 269 269 405 215 215 560 560 405 295 354 295 660 660 13 111 111 215 405 215 13 269 453 295 295 405 13 215 560 13 111 111 215 269 405 453 13 453 660 215 453 405 295 354 660 215 111 405 560 405 453 405 405 453 215 660 453 453 215 295 660 453 269 453 453 453 269 295 560 269 660 560 269 13 215 560 215 215 215 269 560 660 660 13 354 453 215 405 111 111 660 660 405 215 295 13 560 560 453 560 269 660 111 453 405 13 111 111 215 269 111 560 354 660 269 354 660 453 13 560 295 215 215 269 215 660 453 660 111 354 13 269 354 354 111 453 453 405 13 13 405 660 354 215 215 453 453 215 405 269 13 13 660 660 13 13 13 295 13 453 354 269 354 660 215 215 453 354 269 269 111 405 215 560 453 453 295 354 354 660 354 560 295 295 215 660 560 215 295 13 111 269 560 660 269 560 660 405 453 111 111 354 354 453 13 453 13 13 295 295 13 13 269 405 560 111 453 269 215 405 269 13 111 111 215 560 453 453 660 269 215 405 405 453 111 295 
  Facilities: 10
 13 : 13 18 20 30 32 37 43 49 59 90 93 97 100 117 131 135 178 202 211 217 221 224 226 238 252 257 284 286 299 309 310 334 342 349 351 368 379 382 383 384 396 413 427 428 478 484 490 493 500 537 547 559 569 582 594 602 603 614 615 618 619 620 622 653 668 670 671 674 675 685
 111 : 2 8 14 15 21 25 39 42 57 60 83 86 87 99 111 112 130 152 153 154 169 176 177 180 214 222 223 232 263 278 288 297 298 306 312 319 335 350 363 386 404 407 439 460 461 479 480 494 495 510 552 553 566 570 571 574 592 598 634 654 663 664 679 686 687 698
 215 : 26 38 40 41 136 151 157 161 212 215 228 229 237 247 249 251 268 318 361 414 419 447 452 468 469 481 483 491 496 503 509 518 522 538 540 541 542 550 557 572 585 586 588 607 608 611 628 629 636 648 651 682 688 694
 269 : 10 17 27 44 45 53 55 63 71 74 75 85 91 95 96 109 119 126 134 137 141 142 159 160 175 187 188 190 191 192 194 196 197 209 225 235 236 239 250 256 269 274 279 289 300 302 313 330 336 339 345 348 366 370 374 376 381 397 410 415 416 417 420 431 446 465 466 485 497 526 530 533 536 543 564 573 578 587 595 613 625 632 633 655 658 676 681 684 693
 295 : 0 47 68 72 73 92 124 144 145 147 148 163 166 167 179 185 195 201 204 205 227 244 246 264 270 283 293 295 315 332 338 340 341 346 355 357 358 359 360 369 371 378 380 409 450 451 473 475 487 488 506 523 531 558 584 621 640 646 647 652 672 673 699
 354 : 3 7 9 12 22 48 56 78 101 108 120 121 123 155 165 171 172 174 184 210 230 231 241 254 261 265 266 275 281 287 290 296 305 322 324 327 329 353 354 356 372 387 445 454 459 474 507 548 576 579 593 596 597 606 624 626 631 641 642 644 665 666
 405 : 16 64 65 70 81 107 127 129 132 138 139 164 200 203 216 220 240 258 292 301 308 316 343 364 390 402 405 406 411 412 424 425 429 430 433 434 435 438 440 441 449 455 456 467 472 482 489 498 505 511 513 515 516 551 556 568 601 604 612 635 661 677 683 695 696
 453 : 6 29 33 34 35 46 50 66 67 76 77 79 88 94 98 102 103 106 115 116 118 125 133 140 143 158 162 170 186 213 233 234 242 243 245 253 255 262 267 276 277 280 282 291 304 307 325 326 331 333 352 365 377 385 388 389 392 393 394 395 401 418 423 436 437 442 443 444 453 486 499 501 504 514 517 520 521 525 527 528 529 549 562 567 581 590 599 600 609 610 623 630 638 639 662 667 669 680 690 691 697
 560 : 4 11 24 28 31 51 52 54 62 69 80 84 89 104 105 110 114 146 150 156 173 182 183 193 198 208 218 259 271 272 273 285 294 314 317 320 399 400 426 432 458 462 463 464 470 471 492 512 532 535 539 544 560 561 563 575 583 637 645 650 656 659 678 689
 660 : 1 5 19 23 36 58 61 82 113 122 128 149 168 181 189 199 206 207 219 248 260 303 311 321 323 328 337 344 347 362 367 373 375 391 398 403 408 421 422 448 457 476 477 502 508 519 524 534 545 546 554 555 565 577 580 589 591 605 616 617 627 643 649 657 660 692
SOLUTION:
  Value: -9304.000000
  Assigns: 295 660 111 354 560 660 453 354 111 354 269 560 354 13 111 111 405 269 13 660 13 111 354 660 560 111 503 269 560 453 13 560 13 453 453 453 660 13 503 111 503 503 111 13 269 269 453 295 354 13 453 560 560 269 560 269 354 111 660 13 111 660 560 269 405 405 453 453 295 560 405 269 295 295 269 269 453 453 354 453 560 405 660 111 560 269 111 111 453 560 13 269 295 13 453 269 269 13 453 111 13 354 453 453 560 560 453 405 354 269 560 111 111 660 560 453 453 13 453 269 354 354 660 354 295 453 269 405 660 405 111 13 405 453 269 13 503 269 405 405 453 269 269 503 295 295 560 295 295 660 560 503 111 111 111 354 560 503 453 269 269 503 453 295 405 354 295 295 660 111 453 354 354 560 354 269 111 111 13 295 111 660 560 560 354 295 453 269 269 660 269 269 269 560 269 295 269 269 560 660 405 295 13 405 295 295 660 660 560 269 354 13 503 453 111 503 405 13 560 660 405 13 111 111 13 269 13 295 503 503 354 354 111 453 453 269 269 503 13 269 405 354 453 453 295 453 295 503 660 503 269 503 13 453 354 453 269 13 405 560 660 354 453 111 295 354 354 453 503 269 295 560 560 560 269 354 453 453 111 269 453 354 453 295 13 560 13 354 111 269 354 453 405 295 560 295 354 111 111 13 269 405 269 660 453 354 111 453 405 13 13 660 111 269 560 295 405 560 503 111 560 660 354 660 354 453 453 354 660 354 269 453 295 453 13 111 269 660 295 269 295 295 13 405 660 269 295 660 269 13 111 13 453 354 354 295 354 295 295 295 295 503 660 111 405 453 269 660 13 295 269 295 354 660 269 660 269 453 295 13 295 269 13 13 13 453 111 354 453 453 405 660 453 453 453 453 13 269 660 560 560 453 405 660 111 405 405 111 660 295 269 405 405 13 405 269 269 269 453 503 269 660 660 453 405 405 560 13 13 405 405 269 560 405 405 405 453 453 405 111 405 405 453 453 453 354 269 503 660 405 295 295 503 453 354 405 405 660 560 354 111 111 560 560 560 269 269 405 503 503 560 560 405 295 354 295 660 660 13 111 111 503 405 503 13 269 453 295 295 405 13 503 560 13 111 111 503 269 405 453 13 453 660 503 453 405 295 354 660 503 111 405 560 405 453 405 405 453 503 660 453 453 503 295 660 453 269 453 453 453 269 295 560 269 660 560 269 13 503 560 405 503 503 269 560 660 660 13 354 453 503 405 111 111 660 660 405 503 295 13 560 560 453 560 269 660 111 453 405 13 111 111 503 269 111 560 354 660 269 354 660 453 13 560 295 503 503 269 503 660 453 660 111 354 13 269 354 354 111 453 453 405 13 13 405 660 354 503 354 453 453 503 405 269 13 13 660 660 13 13 13 295 13 453 354 269 354 660 503 503 453 354 269 269 111 405 503 560 453 453 295 354 354 660 354 560 295 295 503 660 560 503 295 13 111 269 560 660 269 560 660 405 453 111 111 354 354 453 13 453 13 13 295 295 13 13 269 405 560 111 453 269 503 405 269 13 111 111 13 560 453 453 660 269 503 405 405 453 111 295 
  Facilities: 10
 13 : 13 18 20 30 32 37 43 49 59 90 93 97 100 117 131 135 178 202 211 217 221 224 226 238 252 257 284 286 299 309 310 334 342 349 351 368 379 382 383 384 396 413 427 428 478 484 490 493 500 537 547 559 569 582 594 602 603 614 615 618 619 620 622 653 668 670 671 674 675 685 688
 111 : 2 8 14 15 21 25 39 42 57 60 83 86 87 99 111 112 130 152 153 154 169 176 177 180 214 222 223 232 263 278 288 297 298 306 312 319 335 350 363 386 404 407 439 460 461 479 480 494 495 510 552 553 566 570 571 574 592 598 634 654 663 664 679 686 687 698
 269 : 10 17 27 44 45 53 55 63 71 74 75 85 91 95 96 109 119 126 134 137 141 142 159 160 175 187 188 190 191 192 194 196 197 209 225 235 236 239 250 256 269 274 279 289 300 302 313 330 336 339 345 348 366 370 374 376 381 397 410 415 416 417 420 431 446 465 466 485 497 526 530 533 536 543 564 573 578 587 595 613 625 632 633 655 658 676 681 684 693
 295 : 0 47 68 72 73 92 124 144 145 147 148 163 166 167 179 185 195 201 204 205 227 244 246 264 270 283 293 295 315 332 338 340 341 346 355 357 358 359 360 369 371 378 380 409 450 451 473 475 487 488 506 523 531 558 584 621 640 646 647 652 672 673 699
 354 : 3 7 9 12 22 48 56 78 101 108 120 121 123 155 165 171 172 174 184 210 230 231 241 254 261 265 266 275 281 287 290 296 305 322 324 327 329 353 354 356 372 387 445 454 459 474 507 548 576 579 593 596 597 606 608 624 626 631 641 642 644 665 666
 405 : 16 64 65 70 81 107 127 129 132 138 139 164 200 203 216 220 240 258 292 301 308 316 343 364 390 402 405 406 411 412 414 424 425 429 430 433 434 435 438 440 441 449 455 456 467 472 482 489 498 505 511 513 515 516 540 551 556 568 601 604 612 635 661 677 683 695 696
 453 : 6 29 33 34 35 46 50 66 67 76 77 79 88 94 98 102 103 106 115 116 118 125 133 140 158 162 170 186 213 233 234 242 243 245 253 255 262 267 276 277 280 282 291 304 307 325 326 331 333 352 365 377 385 388 389 392 393 394 395 401 418 423 436 437 442 443 444 453 486 499 501 504 514 517 520 521 525 527 528 529 549 562 567 581 590 599 600 609 610 623 630 638 639 662 667 669 680 690 691 697
 503 : 26 38 40 41 136 143 151 157 161 212 215 228 229 237 247 249 251 268 318 361 419 447 452 468 469 481 483 491 496 503 509 518 522 538 541 542 550 557 572 585 586 588 607 611 628 629 636 648 651 682 694
 560 : 4 11 24 28 31 51 52 54 62 69 80 84 89 104 105 110 114 146 150 156 173 182 183 193 198 208 218 259 271 272 273 285 294 314 317 320 399 400 426 432 458 462 463 464 470 471 492 512 532 535 539 544 560 561 563 575 583 637 645 650 656 659 678 689
 660 : 1 5 19 23 36 58 61 82 113 122 128 149 168 181 189 199 206 207 219 248 260 303 311 321 323 328 337 344 347 362 367 373 375 391 398 403 408 421 422 448 457 476 477 502 508 519 524 534 545 546 554 555 565 577 580 589 591 605 616 617 627 643 649 657 660 692
SOLUTION:
  Value: -9306.000000
  Assigns: 295 660 111 354 80 660 562 354 111 354 269 80 80 309 111 111 405 269 80 660 309 111 354 660 309 111 215 269 309 562 309 80 309 562 562 562 660 562 215 111 80 80 111 309 269 269 562 295 354 309 562 80 80 269 80 269 354 111 660 309 111 660 80 269 405 405 562 562 295 80 405 269 295 295 269 269 562 562 354 562 80 405 660 111 562 269 111 111 405 80 309 269 295 309 562 269 269 80 80 111 309 354 562 562 80 80 562 405 354 269 80 111 111 660 80 562 562 309 562 269 354 354 660 354 295 562 269 405 660 405 111 309 405 562 269 309 215 269 405 405 269 269 269 562 295 562 111 295 295 660 80 80 111 111 111 354 562 215 562 269 269 215 562 295 405 354 295 295 660 111 562 354 354 80 354 269 111 562 309 295 111 660 80 111 354 295 309 269 269 660 269 269 269 80 269 295 269 269 80 660 405 295 309 405 295 295 660 660 80 269 80 309 215 562 111 215 405 309 562 660 405 309 111 111 309 269 309 295 215 215 354 354 111 562 562 269 269 215 309 269 405 354 562 562 295 562 295 215 660 80 269 215 80 562 354 562 80 309 405 80 660 354 562 111 295 354 354 562 215 269 295 80 80 80 269 354 562 562 111 269 562 354 562 295 309 80 309 80 111 269 354 562 405 295 80 295 354 111 111 309 269 405 269 660 562 354 111 405 405 309 309 660 111 269 80 295 405 111 215 111 111 660 354 660 354 562 562 354 660 354 269 562 295 562 309 111 269 660 295 80 295 295 309 405 660 269 80 660 269 309 111 309 562 354 354 295 354 295 295 295 295 215 660 111 405 562 269 660 309 295 269 295 354 660 269 660 269 562 295 309 295 269 309 309 309 562 111 354 562 562 405 660 562 562 562 562 309 269 660 80 80 562 405 660 111 405 405 111 660 295 269 405 405 562 215 269 269 269 562 215 269 660 660 562 405 405 80 309 309 405 405 269 80 405 405 405 562 562 405 111 405 405 562 562 562 354 269 215 660 405 295 295 215 562 354 405 405 660 80 354 111 111 80 80 80 269 269 405 215 215 80 80 405 295 354 295 660 660 309 111 111 215 405 215 309 269 562 295 295 405 309 215 80 309 111 111 215 269 405 562 309 562 660 215 562 405 295 354 660 215 111 405 562 405 562 405 405 562 80 660 562 562 215 295 660 562 80 562 562 562 562 295 80 269 660 80 269 309 215 562 215 215 215 269 80 660 660 309 80 562 215 80 111 111 660 660 405 215 295 309 80 80 562 80 269 660 111 562 405 309 309 111 215 269 111 111 354 660 269 354 660 660 309 80 295 215 215 269 215 660 562 660 111 354 309 269 354 354 111 562 562 405 660 309 405 660 354 215 215 562 562 215 405 269 309 309 660 660 309 309 309 295 309 562 354 269 354 660 215 215 562 354 269 269 111 405 80 80 562 562 295 354 354 660 354 80 295 295 215 660 80 215 295 309 562 80 562 660 269 80 660 405 562 111 111 354 354 562 309 309 309 309 295 295 309 309 269 405 80 111 562 269 215 405 269 309 111 111 309 80 562 562 660 269 215 405 405 562 111 295 
  Facilities: 10
 80 : 4 11 12 18 31 40 41 51 52 54 62 69 80 89 97 98 104 105 110 114 150 151 173 182 193 198 208 210 249 252 256 259 271 272 273 285 287 294 314 339 346 399 400 426 432 458 462 463 464 470 471 492 518 526 532 535 544 548 551 560 561 563 583 636 637 645 650 655 659 678 689
 111 : 2 8 14 15 21 25 39 42 57 60 83 86 87 99 111 112 130 146 152 153 154 169 176 180 183 214 222 223 232 263 278 288 297 298 306 312 317 319 320 335 350 363 386 404 407 439 460 461 479 480 494 495 510 552 553 566 571 574 575 592 598 634 663 664 679 686 687 698
 215 : 26 38 136 157 161 212 215 228 229 237 247 251 268 318 361 414 419 447 452 468 469 481 483 491 496 503 509 522 538 540 541 542 550 557 572 585 586 588 607 608 611 628 629 648 651 682 694
 269 : 10 17 27 44 45 53 55 63 71 74 75 85 91 95 96 109 119 126 134 137 140 141 142 159 160 175 187 188 190 191 192 194 196 197 209 225 235 236 239 250 269 274 279 289 300 302 313 330 336 345 348 366 370 374 376 381 397 410 415 416 417 420 431 446 465 466 485 497 533 536 543 564 573 578 587 595 613 625 632 633 658 676 681 684 693
 295 : 0 47 68 72 73 92 124 144 147 148 163 166 167 179 185 195 201 204 205 227 244 246 264 270 283 293 295 315 332 338 340 341 355 357 358 359 360 369 371 378 380 409 450 451 473 475 487 488 506 523 531 558 584 621 640 646 647 652 672 673 699
 309 : 13 20 24 28 30 32 43 49 59 90 93 100 117 131 135 178 186 202 211 217 221 224 226 238 257 284 286 299 309 310 334 342 349 351 368 379 382 383 384 396 427 428 478 484 490 493 500 537 547 559 569 570 582 594 603 614 615 618 619 620 622 653 668 669 670 671 674 675 685 688
 354 : 3 7 9 22 48 56 78 101 108 120 121 123 155 165 171 172 174 184 230 231 241 254 261 265 266 275 281 290 296 305 322 324 327 329 353 354 356 372 387 445 454 459 474 507 576 579 593 596 597 606 624 626 631 641 642 644 665 666
 405 : 16 64 65 70 81 88 107 127 129 132 138 139 164 200 203 216 220 240 258 292 301 307 308 316 343 364 390 402 405 406 411 412 424 425 429 430 433 434 435 438 440 441 449 455 456 467 472 482 489 498 505 511 513 515 516 556 568 601 604 612 635 661 677 683 695 696
 562 : 6 29 33 34 35 37 46 50 66 67 76 77 79 84 94 102 103 106 115 116 118 125 133 143 145 156 158 162 170 177 213 218 233 234 242 243 245 253 255 262 267 276 277 280 282 291 304 325 326 331 333 352 365 377 385 388 389 392 393 394 395 401 413 418 423 436 437 442 443 444 453 486 499 501 504 512 514 517 520 521 525 527 528 529 530 539 549 562 567 590 599 600 609 610 623 630 638 639 654 656 662 667 680 690 691 697
 660 : 1 5 19 23 36 58 61 82 113 122 128 149 168 181 189 199 206 207 219 248 260 303 311 321 323 328 337 344 347 362 367 373 375 391 398 403 408 421 422 448 457 476 477 502 508 519 524 534 545 546 554 555 565 577 580 581 589 591 602 605 616 617 627 643 649 657 660 692
SOLUTION:
  Value: -9306.000000
  Assigns: 295 660 111 354 560 660 562 354 111 354 269 560 354 309 111 111 405 269 309 660 309 111 354 660 560 111 215 269 560 562 309 560 560 562 562 562 660 562 215 111 215 215 111 309 269 269 562 295 354 295 562 560 560 269 560 269 354 111 660 309 111 660 560 269 405 405 562 562 295 560 405 269 295 295 269 269 562 562 354 562 560 405 660 111 560 269 111 111 405 560 560 269 295 309 562 269 269 309 562 111 309 354 562 562 560 560 562 405 354 269 560 111 111 660 560 562 562 309 562 269 354 354 660 354 295 562 269 405 660 405 111 309 405 562 269 309 215 269 405 405 269 269 269 562 295 562 560 295 295 660 560 215 111 111 111 354 560 215 562 269 269 215 562 295 405 354 295 295 660 111 562 354 354 560 354 269 111 562 309 295 111 660 560 560 354 295 309 269 269 660 269 269 269 560 269 295 269 269 560 660 405 295 309 405 295 295 660 660 560 269 354 309 215 562 111 215 405 309 560 660 405 309 111 111 309 269 309 295 215 215 354 354 111 562 562 269 269 215 309 269 405 354 562 560 295 562 295 215 660 215 269 215 309 562 354 562 269 309 405 560 660 354 562 111 295 354 354 562 215 269 295 560 560 560 269 354 562 562 111 269 562 354 562 295 309 560 309 354 111 269 354 562 405 295 560 295 354 111 111 309 269 405 269 660 562 354 111 405 405 309 309 660 111 269 560 295 405 560 215 111 560 660 354 660 354 562 562 354 660 354 269 562 295 562 309 111 269 660 295 269 295 295 309 405 660 269 295 660 269 309 111 309 562 354 354 295 354 295 295 295 295 215 660 111 405 562 269 660 309 295 269 295 354 660 269 660 269 562 295 309 295 269 309 309 309 562 111 354 562 562 405 660 562 562 562 562 560 269 660 560 560 562 405 660 111 405 405 111 660 295 269 405 405 562 215 269 269 269 562 215 269 660 660 562 405 405 560 309 309 405 405 269 560 405 405 405 562 562 405 111 405 405 562 562 562 354 269 215 660 405 295 295 215 562 354 405 405 660 560 354 111 111 560 560 560 269 269 405 215 215 560 560 405 295 354 295 660 660 309 111 111 215 405 215 309 269 562 295 295 405 309 215 560 309 111 111 215 269 405 562 309 562 660 215 562 405 295 354 660 215 111 405 560 405 562 405 405 562 215 660 562 562 215 295 660 562 269 562 562 562 562 295 560 269 660 560 269 309 215 560 215 215 215 269 560 660 660 309 354 562 215 405 111 111 660 660 405 215 295 309 560 560 562 560 269 660 111 562 405 309 309 111 215 269 111 560 354 660 269 354 660 660 309 560 295 215 215 269 215 660 562 660 111 354 560 269 354 354 111 562 562 405 660 309 405 660 354 215 215 562 562 215 405 269 309 309 660 660 309 309 309 295 560 560 354 269 354 660 215 215 562 354 269 269 111 405 215 560 562 562 295 354 354 660 354 560 295 295 215 660 560 215 295 309 562 269 560 660 269 560 660 405 562 111 111 354 354 562 309 560 309 309 295 295 309 309 269 405 560 111 562 269 215 405 269 309 111 111 309 560 562 562 660 269 215 405 405 562 111 295 
  Facilities: 10
 111 : 2 8 14 15 21 25 39 42 57 60 83 86 87 99 111 112 130 152 153 154 169 176 180 214 222 223 232 263 278 288 297 298 306 312 319 335 350 363 386 404 407 439 460 461 479 480 494 495 510 552 553 566 571 574 592 598 634 663 664 679 686 687 698
 215 : 26 38 40 41 136 151 157 161 212 215 228 229 237 247 249 251 268 318 361 414 419 447 452 468 469 481 483 491 496 503 509 518 522 538 540 541 542 550 557 572 585 586 588 607 608 611 628 629 636 648 651 682 694
 269 : 10 17 27 44 45 53 55 63 71 74 75 85 91 95 96 109 119 126 134 137 140 141 142 159 160 175 187 188 190 191 192 194 196 197 209 225 235 236 239 250 256 269 274 279 289 300 302 313 330 336 339 345 348 366 370 374 376 381 397 410 415 416 417 420 431 446 465 466 485 497 526 533 536 543 564 573 578 587 595 613 625 632 633 655 658 676 681 684 693
 295 : 0 47 49 68 72 73 92 124 144 147 148 163 166 167 179 185 195 201 204 205 227 244 246 264 270 283 293 295 315 332 338 340 341 346 355 357 358 359 360 369 371 378 380 409 450 451 473 475 487 488 506 523 531 558 584 621 640 646 647 652 672 673 699
 309 : 13 18 20 30 43 59 93 97 100 117 131 135 178 186 202 211 217 221 224 226 238 252 257 284 286 299 309 310 334 342 349 351 368 379 382 383 384 427 428 478 484 490 493 500 537 547 559 569 570 582 603 614 615 618 619 620 653 668 670 671 674 675 685 688
 354 : 3 7 9 12 22 48 56 78 101 108 120 121 123 155 165 171 172 174 184 210 230 231 241 254 261 265 266 275 281 287 290 296 305 322 324 327 329 353 354 356 372 387 445 454 459 474 507 548 576 579 593 596 597 606 624 626 631 641 642 644 665 666
 405 : 16 64 65 70 81 88 107 127 129 132 138 139 164 200 203 216 220 240 258 292 301 307 308 316 343 364 390 402 405 406 411 412 424 425 429 430 433 434 435 438 440 441 449 455 456 467 472 482 489 498 505 511 513 515 516 551 556 568 601 604 612 635 661 677 683 695 696
 560 : 4 11 24 28 31 32 51 52 54 62 69 80 84 89 90 104 105 110 114 146 150 156 173 182 183 193 198 208 218 243 259 271 272 273 285 294 314 317 320 396 399 400 426 432 458 462 463 464 470 471 492 512 532 535 539 544 560 561 563 575 583 594 622 623 637 645 650 656 659 669 678 689
 562 : 6 29 33 34 35 37 46 50 66 67 76 77 79 94 98 102 103 106 115 116 118 125 133 143 145 158 162 170 177 213 233 234 242 245 253 255 262 267 276 277 280 282 291 304 325 326 331 333 352 365 377 385 388 389 392 393 394 395 401 413 418 423 436 437 442 443 444 453 486 499 501 504 514 517 520 521 525 527 528 529 530 549 562 567 590 599 600 609 610 630 638 639 654 662 667 680 690 691 697
 660 : 1 5 19 23 36 58 61 82 113 122 128 149 168 181 189 199 206 207 219 248 260 303 311 321 323 328 337 344 347 362 367 373 375 391 398 403 408 421 422 448 457 476 477 502 508 519 524 534 545 546 554 555 565 577 580 581 589 591 602 605 616 617 627 643 649 657 660 692
SOLUTION:
  Value: -9307.000000
  Assigns: 295 660 111 354 80 660 453 354 111 354 269 80 80 309 111 111 405 269 80 660 309 111 354 660 309 111 503 269 309 453 309 80 309 453 453 453 660 309 503 111 80 80 111 309 269 269 453 295 354 309 453 80 80 269 80 269 354 111 660 309 111 660 80 269 405 405 453 453 295 80 405 269 295 295 269 269 453 453 354 453 80 405 660 111 453 269 111 111 453 80 309 269 295 309 453 269 269 80 453 111 309 354 453 453 80 80 453 405 354 269 80 111 111 660 80 453 453 453 453 269 354 354 660 354 295 453 269 405 660 405 111 309 405 453 269 309 503 269 405 405 453 269 269 503 295 295 111 295 295 660 80 503 111 111 111 354 453 503 453 269 269 503 453 295 405 354 295 295 660 111 453 354 354 80 354 269 111 111 309 295 111 660 80 111 354 295 309 269 269 660 269 269 269 80 269 295 269 269 80 660 405 295 309 405 295 295 660 660 80 269 80 309 503 453 111 503 405 309 295 660 405 309 111 111 309 269 309 295 503 503 354 354 111 453 453 269 269 503 309 269 405 354 453 453 295 453 295 503 660 80 269 503 80 453 354 453 80 309 405 80 660 354 453 111 295 354 354 453 503 269 295 80 80 80 269 354 453 453 111 269 453 354 453 295 309 80 309 80 111 269 354 453 405 295 80 295 354 111 111 309 269 405 269 660 453 354 111 453 405 309 309 660 111 269 80 295 405 111 503 111 111 660 354 660 354 453 453 354 660 354 269 453 295 453 309 111 269 660 295 80 295 295 309 405 660 269 80 660 269 309 111 309 453 354 354 295 354 295 295 295 295 503 660 111 405 453 269 660 309 295 269 295 354 660 269 660 269 453 295 309 295 269 309 309 309 453 111 354 453 453 405 660 453 453 453 453 309 269 660 80 80 453 405 660 111 405 405 111 660 295 269 405 405 309 405 269 269 269 453 503 269 660 660 453 405 405 80 309 309 405 405 269 80 405 405 405 453 453 405 111 405 405 453 453 453 354 269 503 660 405 295 295 503 453 354 405 405 660 80 354 111 111 80 80 80 269 269 405 503 503 80 80 405 295 354 295 660 660 309 111 111 503 405 503 309 269 453 295 295 405 309 503 80 309 111 111 503 269 405 453 309 453 660 503 453 405 295 354 660 503 111 405 453 405 453 405 405 453 80 660 453 453 503 295 660 453 80 453 453 453 269 295 80 269 660 80 269 309 503 453 405 503 503 269 80 660 660 309 80 453 503 80 111 111 660 660 405 503 295 309 80 80 453 80 269 660 111 453 405 309 309 111 503 269 111 111 354 660 269 354 660 453 309 80 295 503 503 269 503 660 453 660 111 354 309 269 354 354 111 453 453 405 660 309 405 660 354 503 354 453 453 503 405 269 309 309 660 660 309 309 309 295 309 453 354 269 354 660 503 503 453 354 269 269 111 405 80 80 453 453 295 354 354 660 354 80 295 295 503 660 80 503 295 309 111 80 453 660 269 80 660 405 453 111 111 354 354 453 309 453 309 309 295 295 309 309 269 405 80 111 453 269 503 405 269 309 111 111 309 80 453 453 660 269 503 405 405 453 111 295 
  Facilities: 10
 80 : 4 11 12 18 31 40 41 51 52 54 62 69 80 89 97 104 105 110 114 150 173 182 193 198 208 210 249 252 256 259 271 272 273 285 287 294 314 339 346 399 400 426 432 458 462 463 464 470 471 492 518 526 532 535 544 548 551 560 561 563 583 636 637 645 650 655 659 678 689
 111 : 2 8 14 15 21 25 39 42 57 60 83 86 87 99 111 112 130 146 152 153 154 169 176 177 180 183 214 222 223 232 263 278 288 297 298 306 312 317 319 320 335 350 363 386 404 407 439 460 461 479 480 494 495 510 552 553 566 571 574 575 592 598 634 654 663 664 679 686 687 698
 269 : 10 17 27 44 45 53 55 63 71 74 75 85 91 95 96 109 119 126 134 137 141 142 159 160 175 187 188 190 191 192 194 196 197 209 225 235 236 239 250 269 274 279 289 300 302 313 330 336 345 348 366 370 374 376 381 397 410 415 416 417 420 431 446 465 466 485 497 530 533 536 543 564 573 578 587 595 613 625 632 633 658 676 681 684 693
 295 : 0 47 68 72 73 92 124 144 145 147 148 163 166 167 179 185 195 201 204 205 218 227 244 246 264 270 283 293 295 315 332 338 340 341 355 357 358 359 360 369 371 378 380 409 450 451 473 475 487 488 506 523 531 558 584 621 640 646 647 652 672 673 699
 309 : 13 20 24 28 30 32 37 43 49 59 90 93 100 131 135 178 186 202 211 217 221 224 226 238 257 284 286 299 309 310 334 342 349 351 368 379 382 383 384 396 413 427 428 478 484 490 493 500 537 547 559 569 570 582 594 603 614 615 618 619 620 622 653 668 670 671 674 675 685 688
 354 : 3 7 9 22 48 56 78 101 108 120 121 123 155 165 171 172 174 184 230 231 241 254 261 265 266 275 281 290 296 305 322 324 327 329 353 354 356 372 387 445 454 459 474 507 576 579 593 596 597 606 608 624 626 631 641 642 644 665 666
 405 : 16 64 65 70 81 107 127 129 132 138 139 164 200 203 216 220 240 258 292 301 308 316 343 364 390 402 405 406 411 412 414 424 425 429 430 433 434 435 438 440 441 449 455 456 467 472 482 489 498 505 511 513 515 516 540 556 568 601 604 612 635 661 677 683 695 696
 453 : 6 29 33 34 35 46 50 66 67 76 77 79 84 88 94 98 102 103 106 115 116 117 118 125 133 140 156 158 162 170 213 233 234 242 243 245 253 255 262 267 276 277 280 282 291 304 307 325 326 331 333 352 365 377 385 388 389 392 393 394 395 401 418 423 436 437 442 443 444 453 486 499 501 504 512 514 517 520 521 525 527 528 529 539 549 562 567 581 590 599 600 609 610 623 630 638 639 656 662 667 669 680 690 691 697
 503 : 26 38 136 143 151 157 161 212 215 228 229 237 247 251 268 318 361 419 447 452 468 469 481 483 491 496 503 509 522 538 541 542 550 557 572 585 586 588 607 611 628 629 648 651 682 694
 660 : 1 5 19 23 36 58 61 82 113 122 128 149 168 181 189 199 206 207 219 248 260 303 311 321 323 328 337 344 347 362 367 373 375 391 398 403 408 421 422 448 457 476 477 502 508 519 524 534 545 546 554 555 565 577 580 589 591 602 605 616 617 627 643 649 657 660 692
SOLUTION:
  Value: -9307.000000
  Assigns: 295 660 111 354 80 660 562 354 111 354 269 80 80 13 111 111 405 269 80 660 13 111 354 660 13 111 215 269 13 562 13 80 13 562 562 562 660 13 215 111 80 80 111 13 269 269 562 295 354 13 562 80 80 269 80 269 354 111 660 13 111 660 80 269 405 405 562 562 295 80 405 269 295 295 269 269 562 562 354 562 80 405 660 111 562 269 111 111 405 80 13 269 295 13 562 269 269 80 80 111 13 354 562 562 80 80 562 405 354 269 80 111 111 660 80 562 562 13 562 269 354 354 660 354 295 562 269 405 660 405 111 13 405 562 269 13 215 269 405 405 269 269 269 562 295 562 111 295 295 660 13 80 111 111 111 354 562 215 562 269 269 215 562 295 405 354 295 295 660 111 562 354 354 80 354 269 111 562 13 295 111 660 80 111 354 295 13 269 269 660 269 269 269 80 269 295 269 269 80 660 405 295 13 405 295 295 660 660 80 269 80 13 215 562 111 215 405 13 562 660 405 13 111 111 13 269 13 295 215 215 354 354 111 562 562 269 269 215 13 269 405 354 562 562 295 562 295 215 660 80 269 215 80 562 354 562 80 13 405 80 660 354 562 111 295 354 354 562 215 269 295 80 80 80 269 354 562 562 111 269 562 354 562 295 13 80 13 80 111 269 354 562 405 295 80 295 354 111 111 13 269 405 269 660 562 354 111 405 405 13 13 660 111 269 80 295 405 111 215 111 111 660 354 660 354 562 562 354 660 354 269 562 295 562 13 111 269 660 295 80 295 295 13 405 660 269 80 660 269 13 111 13 562 354 354 295 354 295 295 295 295 215 660 111 405 562 269 660 13 295 269 295 354 660 269 660 269 562 295 13 295 269 13 13 13 562 111 354 562 562 405 660 562 562 562 562 13 269 660 80 80 562 405 660 111 405 405 111 660 295 269 405 405 13 215 269 269 269 562 215 269 660 660 562 405 405 80 13 13 405 405 269 80 405 405 405 562 562 405 111 405 405 562 562 562 354 269 215 660 405 295 295 215 562 354 405 405 660 80 354 111 111 80 80 80 269 269 405 215 215 80 80 405 295 354 295 660 660 13 111 111 215 405 215 13 269 562 295 295 405 13 215 80 13 111 111 215 269 405 562 13 562 660 215 562 405 295 354 660 215 111 405 562 405 562 405 405 562 80 660 562 562 215 295 660 562 80 562 562 562 562 295 80 269 660 80 269 13 215 562 215 215 215 269 80 660 660 13 80 562 215 80 111 111 660 660 405 215 295 13 80 80 562 80 269 660 111 562 405 13 111 111 215 269 111 111 354 660 269 354 660 660 13 80 295 215 215 269 215 660 562 660 111 354 13 269 354 354 111 562 562 405 660 13 405 660 354 215 215 562 562 215 405 269 13 13 660 660 13 13 13 295 13 562 354 269 354 660 215 215 562 354 269 269 111 405 80 80 562 562 295 354 354 660 354 80 295 295 215 660 80 215 295 13 562 80 562 660 269 80 660 405 562 111 111 354 354 562 13 562 13 13 295 295 13 13 269 405 80 111 562 269 215 405 269 13 111 111 215 80 562 562 660 269 215 405 405 562 111 295 
  Facilities: 10
 13 : 13 20 24 28 30 32 37 43 49 59 90 93 100 117 131 135 150 178 186 202 211 217 221 224 226 238 257 284 286 299 309 310 334 342 349 351 368 379 382 383 384 396 413 427 428 478 484 490 493 500 537 547 559 569 582 594 603 614 615 618 619 620 622 653 668 670 671 674 675 685
 80 : 4 11 12 18 31 40 41 51 52 54 62 69 80 89 97 98 104 105 110 114 151 173 182 193 198 208 210 249 252 256 259 271 272 273 285 287 294 314 339 346 399 400 426 432 458 462 463 464 470 471 492 518 526 532 535 544 548 551 560 561 563 583 636 637 645 650 655 659 678 689
 111 : 2 8 14 15 21 25 39 42 57 60 83 86 87 99 111 112 130 146 152 153 154 169 176 180 183 214 222 223 232 263 278 288 297 298 306 312 317 319 320 335 350 363 386 404 407 439 460 461 479 480 494 495 510 552 553 566 570 571 574 575 592 598 634 663 664 679 686 687 698
 215 : 26 38 136 157 161 212 215 228 229 237 247 251 268 318 361 414 419 447 452 468 469 481 483 491 496 503 509 522 538 540 541 542 550 557 572 585 586 588 607 608 611 628 629 648 651 682 688 694
 269 : 10 17 27 44 45 53 55 63 71 74 75 85 91 95 96 109 119 126 134 137 140 141 142 159 160 175 187 188 190 191 192 194 196 197 209 225 235 236 239 250 269 274 279 289 300 302 313 330 336 345 348 366 370 374 376 381 397 410 415 416 417 420 431 446 465 466 485 497 533 536 543 564 573 578 587 595 613 625 632 633 658 676 681 684 693
 295 : 0 47 68 72 73 92 124 144 147 148 163 166 167 179 185 195 201 204 205 227 244 246 264 270 283 293 295 315 332 338 340 341 355 357 358 359 360 369 371 378 380 409 450 451 473 475 487 488 506 523 531 558 584 621 640 646 647 652 672 673 699
 354 : 3 7 9 22 48 56 78 101 108 120 121 123 155 165 171 172 174 184 230 231 241 254 261 265 266 275 281 290 296 305 322 324 327 329 353 354 356 372 387 445 454 459 474 507 576 579 593 596 597 606 624 626 631 641 642 644 665 666
 405 : 16 64 65 70 81 88 107 127 129 132 138 139 164 200 203 216 220 240 258 292 301 307 308 316 343 364 390 402 405 406 411 412 424 425 429 430 433 434 435 438 440 441 449 455 456 467 472 482 489 498 505 511 513 515 516 556 568 601 604 612 635 661 677 683 695 696
 562 : 6 29 33 34 35 46 50 66 67 76 77 79 84 94 102 103 106 115 116 118 125 133 143 145 156 158 162 170 177 213 218 233 234 242 243 245 253 255 262 267 276 277 280 282 291 304 325 326 331 333 352 365 377 385 388 389 392 393 394 395 401 418 423 436 437 442 443 444 453 486 499 501 504 512 514 517 520 521 525 527 528 529 530 539 549 562 567 590 599 600 609 610 623 630 638 639 654 656 662 667 669 680 690 691 697
 660 : 1 5 19 23 36 58 61 82 113 122 128 149 168 181 189 199 206 207 219 248 260 303 311 321 323 328 337 344 347 362 367 373 375 391 398 403 408 421 422 448 457 476 477 502 508 519 524 534 545 546 554 555 565 577 580 581 589 591 602 605 616 617 627 643 649 657 660 692
