# Time: 29594.060547
# Elapsed: 7174.958984
# Input_file: splp/KoerkelGhosh-sym/500/a/gs500a-3
# Pool_size: 200
# Iterations: 88
# Final_solutions: 14438
# Vision_range: 400
# Reduction_mode: REDUCTION_DISPERSE
# Dissimilitude: DISSIM_MSE
# Facility_dist: FDISMODE_MINDIST
SOLUTION:
  Value: -511117.000000
  Assigns: 333 333 416 420 74 436 456 56 193 252 286 260 456 472 298 64 152 286 461 175 333 278 309 40 461 461 472 66 152 161 420 64 193 422 105 420 16 436 368 172 193 278 333 368 416 146 90 193 146 47 374 400 435 493 64 461 422 252 16 368 90 40 66 393 461 252 66 175 339 64 339 193 90 175 270 177 64 307 16 74 374 338 341 146 270 73 66 90 193 278 393 193 152 270 472 64 461 105 493 260 435 309 66 252 252 298 6 278 90 146 74 309 152 264 175 476 47 161 252 339 260 64 400 161 338 476 47 286 90 270 138 252 333 193 476 309 6 177 436 40 146 193 309 435 278 422 400 298 90 73 472 420 16 6 278 6 47 56 56 368 64 420 461 420 368 493 252 456 476 66 16 268 278 177 172 73 6 260 420 341 47 16 436 461 161 268 268 436 309 172 193 435 400 40 56 16 138 138 400 374 393 175 172 374 40 393 393 461 270 476 264 264 341 393 393 161 368 420 307 368 278 74 172 138 341 472 416 341 338 64 400 420 270 278 420 193 138 138 74 422 260 400 47 333 286 105 6 6 47 309 152 393 435 309 278 393 270 461 260 472 307 105 286 138 338 66 400 66 374 56 74 177 73 416 307 493 47 339 172 333 270 146 338 400 56 146 341 152 298 172 307 260 161 161 476 339 341 338 105 493 472 338 420 339 309 333 90 260 278 172 472 420 172 339 193 105 461 298 47 422 393 66 152 264 309 177 493 146 177 138 66 73 456 456 252 105 260 193 264 416 64 286 309 161 374 40 90 309 16 74 420 435 333 64 270 393 73 105 368 161 105 435 90 286 6 400 105 436 374 286 172 177 393 175 268 298 298 493 16 73 268 270 264 309 456 298 161 393 278 338 268 16 73 90 298 436 146 307 73 341 476 333 268 416 493 436 278 264 278 161 268 161 368 66 298 193 339 264 6 416 161 152 56 333 64 400 40 278 374 416 161 368 416 73 416 252 138 40 368 264 16 333 47 74 286 472 252 66 105 56 400 309 435 374 493 461 333 436 374 493 422 64 461 461 177 6 456 175 268 74 307 16 422 456 400 268 400 270 333 56 393 252 341 177 416 436 476 64 307 341 278 435 286 309 435 6 436 278 268 286 
  Facilities: 47
 6 : 106 136 153 155 176 246 247 364 418 465 495
 16 : 36 58 78 152 170 181 195 348 378 391 440 471
 40 : 23 61 139 193 204 345 426 437
 47 : 49 116 126 156 180 242 248 276 318 442
 56 : 7 157 158 194 269 284 422 449 479
 64 : 15 31 54 69 76 95 121 160 229 340 353 424 461 487
 66 : 27 62 66 86 102 169 265 267 321 330 413 447
 73 : 85 149 175 272 331 356 379 392 398 433
 74 : 4 79 110 221 238 270 349 443 469
 90 : 46 60 72 87 108 128 148 306 346 362 393
 105 : 34 97 245 261 298 315 335 357 360 366 448
 138 : 130 196 197 223 236 237 263 329 436
 146 : 45 48 83 109 140 281 285 327 396
 152 : 16 28 92 112 250 287 322 421
 161 : 29 117 123 184 215 292 293 343 359 386 409 411 420 430
 172 : 39 174 189 202 222 278 289 309 312 370
 175 : 19 67 73 114 201 373 467
 177 : 75 137 173 271 325 328 371 464 483
 193 : 8 32 40 47 71 88 91 133 141 190 235 314 337 415
 252 : 9 57 65 103 104 118 131 166 334 435 446 481
 260 : 11 99 120 177 240 258 291 307 336
 264 : 113 210 211 323 338 382 407 417 439
 268 : 171 185 186 374 380 390 402 410 468 475 498
 270 : 74 84 93 129 208 232 256 280 354 381 477
 278 : 21 41 89 107 144 154 172 220 233 254 308 388 406 408 427 490 497
 286 : 10 17 127 244 262 341 363 369 444 492 499
 298 : 14 105 147 288 317 375 376 385 394 414
 307 : 77 218 260 274 290 397 470 488
 309 : 22 101 111 135 142 188 249 253 304 324 342 347 383 451 493
 333 : 0 1 20 42 132 243 279 305 352 401 423 441 456 478
 338 : 81 124 228 264 282 297 301 389
 339 : 68 70 119 277 295 303 313 416
 341 : 82 179 212 224 227 286 296 399 482 489
 368 : 38 43 59 159 164 216 219 358 412 431 438
 374 : 50 80 199 203 268 344 368 428 453 458
 393 : 63 90 200 205 206 213 214 251 255 320 355 372 387 480
 400 : 51 122 146 192 198 230 241 266 283 365 425 450 474 476
 416 : 2 44 226 273 339 403 419 429 432 434 484
 420 : 3 30 35 151 161 163 178 217 231 234 302 311 350
 422 : 33 56 145 239 319 460 472
 435 : 52 100 143 191 252 351 361 452 491 494
 436 : 5 37 138 182 187 367 395 405 457 485 496
 456 : 6 12 167 332 333 384 466 473
 461 : 18 24 25 55 64 96 162 183 207 257 316 455 462 463
 472 : 13 26 94 150 225 259 300 310 445
 476 : 115 125 134 168 209 294 400 486
 493 : 53 98 165 275 299 326 377 404 454 459
SOLUTION:
  Value: -511139.000000
  Assigns: 9 393 416 64 74 89 364 37 85 252 286 439 358 472 497 376 152 286 368 115 85 278 309 47 109 85 472 66 152 161 13 64 497 299 439 6 16 436 368 172 449 278 109 368 416 331 16 116 89 47 116 73 6 493 64 299 449 300 16 368 9 89 66 300 449 252 66 115 358 64 37 331 293 85 270 364 64 307 16 74 264 37 370 85 27 243 66 364 293 439 393 493 152 270 472 64 27 244 493 286 115 309 358 252 252 298 6 278 365 497 358 497 152 264 307 476 47 161 9 300 27 64 376 161 73 476 47 286 115 270 278 252 286 243 476 309 6 278 436 27 268 85 85 365 380 439 109 497 307 73 472 298 16 376 278 6 47 243 73 368 64 293 497 365 368 493 365 115 476 109 16 268 278 243 172 73 331 380 393 439 364 16 436 255 299 268 268 436 309 172 13 89 264 47 299 16 6 89 37 497 393 493 172 376 293 85 37 364 270 476 264 264 66 393 393 161 368 244 307 368 37 74 172 497 298 472 416 264 293 64 85 472 270 380 243 299 244 109 74 73 370 244 255 85 364 116 6 6 47 309 370 293 9 309 278 393 270 172 376 472 307 9 286 364 439 66 13 66 380 109 74 116 13 416 307 243 47 243 172 243 293 331 449 73 380 472 244 152 298 172 307 358 27 161 476 299 370 380 376 493 472 255 364 449 309 300 244 299 278 172 472 365 172 300 380 370 172 298 47 376 393 66 152 116 309 13 493 264 331 13 66 300 449 243 449 9 365 9 264 416 64 286 309 255 85 380 365 309 16 85 449 293 13 64 270 393 73 9 293 161 89 293 89 286 6 109 299 436 358 109 172 493 393 85 268 27 298 493 16 73 268 270 264 309 370 298 115 393 37 66 268 16 73 255 298 9 16 307 73 376 476 380 380 416 493 436 278 264 109 497 364 161 368 89 298 298 6 370 6 416 161 152 472 364 64 286 370 278 439 416 161 109 416 73 416 252 37 116 368 264 16 497 47 255 286 300 252 244 293 264 13 309 116 449 493 476 6 436 365 493 89 64 300 370 364 497 331 299 89 74 307 16 13 376 244 268 115 244 439 300 393 252 299 497 416 497 476 64 307 358 278 37 286 299 309 6 436 278 268 286 
  Facilities: 51
 6 : 35 52 106 136 155 196 246 247 364 416 418 456 495
 9 : 0 60 118 252 261 335 337 357 395
 13 : 30 190 266 272 325 329 352 450 472
 16 : 36 46 58 78 152 170 181 195 348 378 391 396 440 471
 27 : 84 96 120 139 292 375
 37 : 7 70 81 198 206 220 388 436 491
 47 : 23 49 116 126 156 193 248 276 318 442
 64 : 3 31 54 69 76 95 121 160 229 340 353 424 461 487
 66 : 27 62 66 86 212 265 267 321 330 389
 73 : 51 124 149 158 175 239 283 356 379 392 398 433
 74 : 4 79 221 238 270 469
 85 : 8 20 25 73 83 141 142 205 230 243 344 349 373
 89 : 5 48 61 191 197 360 362 413 460 468
 109 : 24 42 146 169 237 269 365 369 408 431
 115 : 19 67 100 128 167 386 476
 116 : 47 50 245 271 323 437 452
 152 : 16 28 92 112 287 322 421
 161 : 29 117 123 215 293 359 411 420 430
 172 : 39 174 189 202 222 257 278 289 309 312 316 370
 243 : 85 133 157 173 234 275 277 279 333
 244 : 97 217 236 241 286 306 447 474 477
 252 : 9 65 103 104 131 435 446 481
 255 : 183 242 301 343 393 443
 264 : 80 113 192 210 211 227 327 338 382 407 439 449
 268 : 140 171 185 186 374 380 390 475 498
 270 : 74 93 129 208 232 256 354 381
 278 : 21 41 107 130 137 154 172 254 308 406 427 490 497
 286 : 10 17 99 127 132 262 341 363 425 444 492 499
 293 : 72 88 161 204 228 251 280 351 358 361 448
 298 : 105 151 224 288 317 376 385 394 414 415
 299 : 33 55 184 194 235 295 307 366 467 482 493
 300 : 57 63 119 305 313 331 445 462 479
 307 : 77 114 148 218 260 274 290 397 470 488
 309 : 22 101 135 188 249 253 304 324 342 347 383 451 494
 331 : 45 71 176 281 328 466
 358 : 12 68 102 110 291 368 489
 364 : 6 75 87 180 207 244 263 302 410 423 464
 365 : 108 143 163 166 311 336 346 458
 368 : 18 38 43 59 159 164 216 219 412 438
 370 : 82 240 250 296 315 384 417 426 463
 376 : 15 122 153 203 258 298 319 399 473
 380 : 144 177 233 268 284 297 314 345 401 402
 393 : 1 90 178 200 213 214 255 320 355 372 387 480
 416 : 2 44 226 273 339 403 419 429 432 434 484
 436 : 37 138 182 187 367 405 457 496
 439 : 11 34 89 145 179 264 428 478
 449 : 40 56 64 282 303 332 334 350 453
 472 : 13 26 94 150 225 231 259 285 300 310 422
 476 : 115 125 134 168 209 294 400 455 486
 493 : 53 91 98 165 201 299 326 371 377 404 454 459
 497 : 14 32 109 111 147 162 199 223 409 441 465 483 485
SOLUTION:
  Value: -511160.000000
  Assigns: 333 333 416 420 74 436 456 56 193 252 286 260 456 472 294 64 152 286 461 175 294 278 309 40 461 461 472 66 152 161 420 64 193 422 105 420 16 436 83 172 193 278 109 368 416 294 90 193 146 47 374 400 435 493 64 461 422 252 16 368 90 40 66 393 461 83 66 175 339 64 339 193 90 175 270 177 64 307 16 74 374 338 341 146 270 73 66 90 83 83 393 83 152 270 472 64 461 105 493 260 435 309 66 252 252 298 6 278 90 146 74 309 152 456 175 476 47 161 252 339 260 64 400 161 338 476 47 286 90 270 138 252 333 193 476 309 6 177 436 40 146 193 309 435 161 422 109 298 90 73 472 420 16 6 278 6 47 56 56 368 64 420 461 420 368 493 252 456 476 109 16 268 278 177 172 73 6 260 420 341 47 16 436 461 161 268 268 436 309 172 193 435 400 40 56 16 138 138 400 374 393 175 172 374 40 393 393 461 270 476 264 264 341 393 393 161 368 420 307 368 278 74 172 138 341 472 416 341 338 64 400 420 270 278 420 193 138 138 74 422 260 400 47 333 83 105 6 6 47 309 152 393 435 83 278 393 270 461 260 472 307 83 286 138 338 66 400 66 374 109 74 177 73 416 307 493 47 339 172 333 83 146 338 400 56 146 341 152 298 172 307 260 161 161 476 339 341 338 105 493 472 338 420 339 309 333 90 260 278 172 472 420 172 339 193 105 461 298 47 422 393 66 152 264 309 177 493 146 177 138 66 73 456 456 252 83 260 193 264 416 64 286 309 161 374 40 90 309 16 74 420 435 333 64 270 393 73 105 368 161 105 435 90 286 6 109 105 436 374 109 172 177 393 175 268 298 298 493 16 73 268 270 264 309 456 298 161 393 278 338 268 16 73 90 298 436 146 307 73 341 476 333 83 416 493 436 278 264 109 161 268 161 368 66 298 298 339 264 6 416 161 152 56 333 64 400 40 278 374 416 161 109 416 73 416 252 138 40 368 264 16 333 47 74 286 472 252 66 105 56 400 83 435 374 493 461 333 436 374 493 422 64 461 461 177 6 456 175 268 74 307 16 422 456 400 268 400 270 333 56 393 252 341 177 416 436 476 64 307 294 278 435 286 309 435 6 436 278 268 286 
  Facilities: 50
 6 : 106 136 153 155 176 246 247 364 418 465 495
 16 : 36 58 78 152 170 181 195 348 378 391 440 471
 40 : 23 61 139 193 204 345 426 437
 47 : 49 116 126 156 180 242 248 276 318 442
 56 : 7 157 158 194 284 422 449 479
 64 : 15 31 54 69 76 95 121 160 229 340 353 424 461 487
 66 : 27 62 66 86 102 265 267 321 330 413 447
 73 : 85 149 175 272 331 356 379 392 398 433
 74 : 4 79 110 221 238 270 349 443 469
 83 : 38 65 88 89 91 244 253 261 280 335 402 451
 90 : 46 60 72 87 108 128 148 306 346 362 393
 105 : 34 97 245 298 315 357 360 366 448
 109 : 42 146 169 269 365 369 408 431
 138 : 130 196 197 223 236 237 263 329 436
 146 : 48 83 109 140 281 285 327 396
 152 : 16 28 92 112 250 287 322 421
 161 : 29 117 123 144 184 215 292 293 343 359 386 409 411 420 430
 172 : 39 174 189 202 222 278 289 309 312 370
 175 : 19 67 73 114 201 373 467
 177 : 75 137 173 271 325 328 371 464 483
 193 : 8 32 40 47 71 133 141 190 235 314 337
 252 : 9 57 103 104 118 131 166 334 435 446 481
 260 : 11 99 120 177 240 258 291 307 336
 264 : 210 211 323 338 382 407 417 439
 268 : 171 185 186 374 380 390 410 468 475 498
 270 : 74 84 93 129 208 232 256 354 381 477
 278 : 21 41 107 154 172 220 233 254 308 388 406 427 490 497
 286 : 10 17 127 262 341 363 444 492 499
 294 : 14 20 45 489
 298 : 105 147 288 317 375 376 385 394 414 415
 307 : 77 218 260 274 290 397 470 488
 309 : 22 101 111 135 142 188 249 304 324 342 347 383 493
 333 : 0 1 132 243 279 305 352 401 423 441 456 478
 338 : 81 124 228 264 282 297 301 389
 339 : 68 70 119 277 295 303 313 416
 341 : 82 179 212 224 227 286 296 399 482
 368 : 43 59 159 164 216 219 358 412 438
 374 : 50 80 199 203 268 344 368 428 453 458
 393 : 63 90 200 205 206 213 214 251 255 320 355 372 387 480
 400 : 51 122 192 198 230 241 266 283 425 450 474 476
 416 : 2 44 226 273 339 403 419 429 432 434 484
 420 : 3 30 35 151 161 163 178 217 231 234 302 311 350
 422 : 33 56 145 239 319 460 472
 435 : 52 100 143 191 252 351 361 452 491 494
 436 : 5 37 138 182 187 367 395 405 457 485 496
 456 : 6 12 113 167 332 333 384 466 473
 461 : 18 24 25 55 64 96 162 183 207 257 316 455 462 463
 472 : 13 26 94 150 225 259 300 310 445
 476 : 115 125 134 168 209 294 400 486
 493 : 53 98 165 275 299 326 377 404 454 459
SOLUTION:
  Value: -511163.000000
  Assigns: 333 333 416 420 74 299 364 56 193 252 286 299 456 272 294 376 94 286 461 94 294 278 309 47 461 461 472 66 461 161 116 64 193 422 146 420 16 436 83 172 193 278 333 368 416 294 90 116 146 47 116 400 435 493 64 461 422 252 16 368 218 244 66 393 461 83 66 218 339 64 339 193 90 272 270 364 64 272 16 74 264 338 370 244 270 73 66 90 261 83 393 83 94 270 472 64 461 244 493 94 435 309 66 252 252 298 6 278 90 146 74 309 172 456 307 476 47 161 252 339 83 64 376 161 338 476 47 286 90 270 138 252 333 193 476 309 6 278 436 294 146 94 309 435 94 422 400 261 90 73 472 56 16 376 278 6 47 56 56 368 64 420 461 420 368 493 272 218 476 66 16 268 278 364 172 73 6 416 420 416 364 16 436 461 272 268 268 436 309 172 193 435 400 47 56 16 138 138 400 294 393 493 172 376 193 393 393 364 270 476 264 264 66 393 393 161 368 244 307 368 278 74 172 138 298 472 416 264 338 64 400 420 270 272 420 299 138 138 74 422 370 400 47 333 364 116 6 6 47 309 370 393 435 83 278 393 270 461 376 472 307 83 286 138 338 66 400 66 94 376 74 116 73 416 307 493 47 339 172 333 116 146 338 400 261 146 244 309 298 172 307 261 161 161 476 299 370 338 376 493 472 338 261 339 309 333 90 299 278 172 472 420 172 339 193 370 461 298 47 376 393 66 138 116 309 261 493 146 435 138 66 73 456 456 252 83 272 193 264 416 64 286 309 161 6 456 90 309 16 74 420 364 333 64 270 393 73 116 116 161 218 435 272 286 6 400 299 436 270 286 172 493 393 94 268 298 298 493 16 73 268 270 264 309 456 298 161 393 278 338 268 16 73 90 298 436 146 307 73 376 476 333 83 416 493 436 278 264 278 161 364 161 368 66 298 193 339 370 6 94 161 286 56 333 64 400 370 278 66 416 161 368 416 73 416 252 138 116 368 264 16 333 47 74 286 472 252 244 461 56 261 83 435 420 493 461 333 436 218 493 422 64 461 461 364 94 456 299 268 74 307 16 94 376 244 268 400 244 333 56 393 252 299 416 416 436 476 64 307 294 278 435 286 299 435 6 436 278 268 286 
  Facilities: 51
 6 : 106 136 155 176 246 247 344 364 418 495
 16 : 36 58 78 152 170 181 195 348 378 391 440 471
 47 : 23 49 116 126 156 193 242 248 276 318 442
 56 : 7 151 157 158 194 422 449 479
 64 : 31 54 69 76 95 121 160 229 340 353 424 461 487
 66 : 27 62 66 86 102 169 212 265 267 321 330 413 428
 73 : 85 149 175 272 331 356 379 392 398 433
 74 : 4 79 110 221 238 270 349 443 469
 83 : 38 65 89 91 120 253 261 335 402 451
 90 : 46 72 87 108 128 148 306 346 393
 94 : 16 19 92 99 141 144 268 373 419 465 472
 116 : 30 47 50 245 271 280 323 357 358 437
 138 : 130 196 197 223 236 237 263 322 329 436
 146 : 34 48 109 140 281 285 327 396
 161 : 29 117 123 215 292 293 343 359 386 409 411 420 430
 172 : 39 112 174 189 202 222 278 289 309 312 370
 193 : 8 32 40 71 133 190 204 314 337 415
 218 : 60 67 167 360 458
 244 : 61 83 97 217 286 447 474 477
 252 : 9 57 103 104 118 131 334 435 446 481
 261 : 88 147 284 291 302 325 450
 264 : 80 210 211 227 338 382 407 439
 268 : 171 185 186 374 380 390 468 475 498
 270 : 74 84 93 129 208 232 256 354 368 381
 272 : 13 73 77 166 184 233 336 362
 278 : 21 41 107 137 154 172 220 254 308 388 406 408 427 490 497
 286 : 10 17 127 262 341 363 369 421 444 492 499
 294 : 14 20 45 139 199 489
 298 : 105 224 288 317 375 376 385 394 414
 299 : 5 11 235 295 307 366 467 482 493
 307 : 114 218 260 274 290 397 470 488
 309 : 22 101 111 135 142 188 249 287 304 324 342 347 383
 333 : 0 1 42 132 243 279 305 352 401 423 441 456 478
 338 : 81 124 228 264 282 297 301 389
 339 : 68 70 119 277 303 313 416
 364 : 6 75 173 180 207 244 351 410 464
 368 : 43 59 159 164 216 219 412 431 438
 370 : 82 240 250 296 315 417 426
 376 : 15 122 153 203 258 269 298 319 399 473
 393 : 63 90 200 205 206 213 214 251 255 320 355 372 387 480
 400 : 51 146 192 198 230 241 266 283 365 425 476
 416 : 2 44 177 179 226 273 339 403 429 432 434 483 484
 420 : 3 35 161 163 178 231 234 311 350 453
 422 : 33 56 145 239 460
 435 : 52 100 143 191 252 328 361 452 491 494
 436 : 37 138 182 187 367 395 405 457 485 496
 456 : 12 113 332 333 345 384 466
 461 : 18 24 25 28 55 64 96 162 183 257 316 448 455 462 463
 472 : 26 94 150 225 259 300 310 445
 476 : 115 125 134 168 209 294 400 486
 493 : 53 98 165 201 275 299 326 371 377 404 454 459
SOLUTION:
  Value: -511171.000000
  Assigns: 333 333 416 420 116 436 364 56 303 252 286 330 358 272 298 376 94 286 461 94 333 278 309 40 461 461 472 66 461 161 116 64 330 422 146 420 16 436 83 172 330 278 333 368 416 303 90 116 146 47 116 400 435 493 64 461 422 252 16 368 218 40 66 393 461 83 66 218 339 64 339 486 90 272 270 364 64 272 16 485 272 338 341 146 270 73 66 90 83 83 393 83 94 270 472 64 461 218 493 94 435 309 358 252 252 298 6 278 90 146 358 309 172 272 307 476 47 161 252 339 83 64 485 161 338 476 303 286 90 270 138 252 333 486 476 309 6 278 436 40 146 94 309 435 94 422 400 298 90 73 472 56 16 376 278 6 47 56 56 368 64 420 461 420 368 493 272 218 476 66 16 268 278 486 172 73 330 416 420 341 364 16 436 461 272 268 268 436 309 303 486 435 400 40 56 16 138 138 400 66 393 493 172 376 40 393 393 364 270 476 286 358 341 393 393 161 368 420 307 368 278 339 172 138 341 472 416 341 338 64 400 339 270 272 420 218 138 138 330 422 472 400 47 333 364 116 6 6 47 309 485 393 435 83 278 393 270 461 376 472 307 83 286 138 338 66 400 66 94 376 368 116 73 416 307 493 47 339 172 333 116 146 338 400 56 146 341 309 298 485 307 358 161 161 476 339 341 338 376 493 472 338 364 339 309 333 90 218 278 172 472 420 172 339 56 476 461 298 47 376 393 66 138 116 309 172 493 146 435 138 66 73 333 486 252 83 272 56 400 416 64 286 309 161 6 40 90 309 16 416 420 364 333 64 330 393 73 116 116 161 218 435 272 486 6 400 303 436 358 286 172 493 393 94 268 298 298 493 16 73 268 270 339 309 393 298 161 393 278 485 268 16 73 90 298 436 146 307 485 341 476 333 83 416 493 436 278 435 278 161 364 161 486 66 298 298 339 485 6 94 161 286 56 333 64 400 40 278 66 416 161 368 416 73 416 252 138 116 368 16 16 333 47 485 286 472 252 66 461 56 400 83 435 420 493 461 333 436 218 493 422 64 461 461 364 94 341 485 268 309 307 16 94 376 400 268 400 270 333 56 393 252 341 416 416 436 476 64 307 358 278 435 286 309 435 6 436 485 268 286 
  Facilities: 49
 6 : 106 136 155 246 247 344 364 418 495
 16 : 36 58 78 152 170 181 195 348 378 391 439 440 471
 40 : 23 61 139 193 204 345 426
 47 : 49 116 156 242 248 276 318 442
 56 : 7 151 157 158 194 284 314 337 422 449 479
 64 : 31 54 69 76 95 121 160 229 340 353 424 461 487
 66 : 27 62 66 86 169 199 265 267 321 330 413 428 447
 73 : 85 149 175 272 331 356 379 392 433
 83 : 38 65 88 89 91 120 253 261 335 402 451
 90 : 46 72 87 108 128 148 306 346 393
 94 : 16 19 92 99 141 144 268 373 419 465 472
 116 : 4 30 47 50 245 271 280 323 357 358 437
 138 : 130 196 197 223 236 237 263 322 329 436
 146 : 34 48 83 109 140 281 285 327 396
 161 : 29 117 123 215 292 293 343 359 386 409 411 420 430
 172 : 39 112 174 202 222 278 309 312 325 370
 218 : 60 67 97 167 235 307 360 458
 252 : 9 57 103 104 118 131 334 435 446 481
 268 : 171 185 186 374 380 390 468 475 498
 270 : 74 84 93 129 208 232 256 381 477
 272 : 13 73 77 80 113 166 184 233 336 362
 278 : 21 41 107 137 154 172 220 254 308 388 406 408 427 490
 286 : 10 17 127 210 262 341 369 421 444 492 499
 298 : 14 105 147 288 317 375 376 385 394 414 415
 303 : 8 45 126 189 366
 307 : 114 218 260 274 290 397 470 488
 309 : 22 101 111 135 142 188 249 287 304 324 342 347 383 469 493
 330 : 11 32 40 176 238 354
 333 : 0 1 20 42 132 243 279 305 332 352 401 423 441 456 478
 338 : 81 124 228 264 282 297 301
 339 : 68 70 119 221 231 277 295 303 313 382 416
 341 : 82 179 212 224 227 286 296 399 466 482
 358 : 12 102 110 211 291 368 489
 364 : 6 75 180 207 244 302 351 410 464
 368 : 43 59 159 164 216 219 270 431 438
 376 : 15 153 203 258 269 298 319 473
 393 : 63 90 200 205 206 213 214 251 255 320 355 372 384 387 480
 400 : 51 146 192 198 230 241 266 283 338 365 425 450 474 476
 416 : 2 44 177 226 273 339 349 403 429 432 434 483 484
 420 : 3 35 161 163 178 217 234 311 350 453
 422 : 33 56 145 239 460
 435 : 52 100 143 191 252 328 361 407 452 491 494
 436 : 5 37 138 182 187 367 395 405 457 485 496
 461 : 18 24 25 28 55 64 96 162 183 257 316 448 455 462 463
 472 : 26 94 150 225 240 259 300 310 445
 476 : 115 125 134 168 209 294 315 400 486
 485 : 79 122 250 289 389 398 417 443 467 497
 486 : 71 133 173 190 333 363 412
 493 : 53 98 165 201 275 299 326 371 377 404 454 459
SOLUTION:
  Value: -511175.000000
  Assigns: 333 333 416 420 74 436 364 56 193 252 286 260 268 472 298 376 152 286 461 175 333 278 309 40 461 461 472 66 152 161 420 64 193 422 146 420 16 436 368 172 193 278 333 368 416 146 90 193 146 47 374 400 435 493 64 461 422 252 16 368 9 40 66 393 461 252 66 115 339 64 339 193 90 175 270 364 64 307 16 74 374 338 341 146 270 73 66 90 261 278 393 193 152 270 472 64 461 414 493 260 435 309 66 252 252 298 6 278 90 146 74 309 152 264 175 476 47 161 9 115 260 64 376 161 338 476 47 77 90 270 138 252 333 193 476 309 6 278 436 40 146 193 309 435 161 422 400 261 90 73 472 56 16 376 278 6 47 56 56 368 64 420 461 420 368 77 9 115 476 66 16 268 278 364 172 73 6 260 420 341 364 16 436 461 161 268 268 436 309 172 193 435 400 40 56 16 138 138 400 374 393 175 172 376 40 393 393 364 414 476 264 264 341 393 393 161 368 420 307 368 278 74 172 138 341 472 416 341 338 64 400 420 270 278 420 193 138 138 74 422 260 400 47 333 364 77 6 77 47 309 152 393 435 309 278 393 270 461 260 472 307 9 286 138 338 66 400 66 374 376 74 138 77 416 307 493 47 339 172 333 414 146 338 400 261 146 341 152 298 172 307 261 161 161 476 9 341 338 414 493 472 338 261 339 309 333 90 260 278 172 472 420 172 339 193 476 461 298 47 376 393 66 152 264 309 261 493 146 435 138 66 73 333 476 252 9 260 9 264 416 64 286 309 161 374 40 90 309 16 77 420 364 333 64 270 393 73 9 368 161 252 435 90 286 6 400 9 436 374 286 172 493 393 175 268 298 298 493 16 73 268 270 264 309 77 298 115 393 278 338 268 16 73 90 298 9 146 307 73 341 476 333 268 416 493 436 278 264 278 161 77 161 368 66 298 193 339 264 6 414 161 152 56 333 64 400 40 278 374 416 161 368 416 73 416 252 138 40 368 264 77 333 47 74 286 472 252 66 461 56 261 309 435 374 493 461 333 436 374 493 422 64 461 461 364 6 414 175 268 74 307 16 422 376 400 77 400 270 333 56 393 252 341 416 416 436 476 64 307 77 278 435 286 309 435 6 436 278 268 286 
  Facilities: 51
 6 : 106 136 155 176 246 364 418 465 495
 9 : 60 118 166 261 295 335 337 357 366 395
 16 : 36 58 78 152 170 181 195 348 378 391 471
 40 : 23 61 139 193 204 345 426 437
 47 : 49 116 126 156 242 248 276 318 442
 56 : 7 151 157 158 194 422 449 479
 64 : 31 54 69 76 95 121 160 229 340 353 424 461 487
 66 : 27 62 66 86 102 169 265 267 321 330 413 447
 73 : 85 149 175 331 356 379 392 398 433
 74 : 4 79 110 221 238 270 443 469
 77 : 127 165 245 247 272 349 384 410 440 475 489
 90 : 46 72 87 108 128 148 306 346 362 393
 115 : 67 119 167 386
 138 : 130 196 197 223 236 237 263 271 329 436
 146 : 34 45 48 83 109 140 281 285 327 396
 152 : 16 28 92 112 250 287 322 421
 161 : 29 117 123 144 184 215 292 293 343 359 409 411 420 430
 172 : 39 174 189 202 222 278 289 309 312 370
 175 : 19 73 114 201 373 467
 193 : 8 32 40 47 71 91 133 141 190 235 314 415
 252 : 9 57 65 103 104 131 334 360 435 446 481
 260 : 11 99 120 177 240 258 307 336
 261 : 88 147 284 291 302 325 450
 264 : 113 210 211 323 338 382 407 417 439
 268 : 12 171 185 186 374 380 390 402 468 498
 270 : 74 84 93 129 232 256 354 381 477
 278 : 21 41 89 107 137 154 172 220 233 254 308 388 406 408 427 490 497
 286 : 10 17 262 341 363 369 444 492 499
 298 : 14 105 288 317 375 376 385 394 414
 307 : 77 218 260 274 290 397 470 488
 309 : 22 101 111 135 142 188 249 253 304 324 342 347 383 451 493
 333 : 0 1 20 42 132 243 279 305 332 352 401 423 441 456 478
 338 : 81 124 228 264 282 297 301 389
 339 : 68 70 277 303 313 416
 341 : 82 179 212 224 227 286 296 399 482
 364 : 6 75 173 180 207 244 351 464
 368 : 38 43 59 159 164 216 219 358 412 431 438
 374 : 50 80 199 268 344 368 428 453 458
 376 : 15 122 153 203 269 319 473
 393 : 63 90 200 205 206 213 214 251 255 320 355 372 387 480
 400 : 51 146 192 198 230 241 266 283 365 425 474 476
 414 : 97 208 280 298 419 466
 416 : 2 44 226 273 339 403 429 432 434 483 484
 420 : 3 30 35 161 163 178 217 231 234 311 350
 422 : 33 56 145 239 460 472
 435 : 52 100 143 191 252 328 361 452 491 494
 436 : 5 37 138 182 187 367 405 457 485 496
 461 : 18 24 25 55 64 96 162 183 257 316 448 455 462 463
 472 : 13 26 94 150 225 259 300 310 445
 476 : 115 125 134 168 209 294 315 333 400 486
 493 : 53 98 275 299 326 371 377 404 454 459
SOLUTION:
  Value: -511175.000000
  Assigns: 143 156 416 316 485 89 186 56 85 252 286 439 181 291 291 64 181 286 431 492 85 278 309 40 97 85 278 66 311 161 439 64 400 299 439 6 16 439 431 172 426 278 186 16 416 331 90 156 89 47 346 400 6 291 287 299 346 252 16 311 426 89 66 426 492 291 66 115 424 64 291 331 90 85 270 287 64 307 16 424 264 287 57 85 181 73 66 90 261 439 346 181 287 270 16 64 156 186 299 286 115 309 66 252 252 97 6 278 90 431 286 424 172 264 143 476 47 161 252 115 287 64 485 161 73 476 47 286 90 270 138 252 156 316 476 309 6 278 181 40 268 85 85 424 380 439 400 261 90 73 492 56 16 143 278 6 47 287 56 143 143 304 64 316 143 476 287 115 476 66 16 268 278 307 97 73 331 380 97 439 47 16 291 66 426 268 268 426 309 172 40 89 400 40 56 16 138 89 400 424 186 299 172 181 40 85 268 57 270 476 264 264 316 431 426 161 6 331 97 476 278 426 172 138 304 287 416 264 57 64 400 6 270 380 431 299 156 138 6 73 400 400 47 85 97 311 6 6 47 309 485 89 57 311 278 252 287 172 270 6 307 291 286 138 439 66 316 66 186 56 156 138 73 416 307 57 47 346 172 426 270 331 346 400 380 304 492 309 485 485 307 261 161 161 476 299 485 380 181 307 57 57 261 304 309 431 90 299 278 304 316 311 172 431 380 380 431 287 47 400 431 66 138 431 309 261 56 264 331 138 66 73 311 57 252 97 316 424 264 416 64 286 156 161 85 380 90 309 16 85 311 346 431 181 270 424 311 304 291 161 89 161 89 286 6 311 299 143 431 286 172 156 97 85 268 424 304 291 16 73 268 270 264 309 57 416 115 431 66 485 268 16 143 90 40 439 426 186 485 186 476 380 380 287 331 286 186 264 424 161 268 161 416 89 97 492 6 264 424 416 311 346 56 316 143 400 40 278 439 416 161 316 416 73 287 252 138 431 97 264 16 57 47 485 286 156 252 66 485 56 261 309 309 492 186 476 6 431 291 261 316 64 186 346 431 431 331 299 89 304 307 16 90 316 400 268 400 270 439 56 287 252 492 416 416 186 476 57 307 311 278 424 286 299 309 6 270 485 268 492 
  Facilities: 48
 6 : 35 52 106 136 155 216 231 238 246 247 259 364 416 456 495
 16 : 36 43 58 78 94 152 170 181 195 348 378 391 440 471
 40 : 23 139 190 193 204 394 426
 47 : 49 116 126 156 180 242 248 276 318 442
 56 : 7 151 158 194 269 326 422 449 479
 57 : 82 207 228 252 275 300 301 333 384 441 487
 64 : 15 31 69 76 95 121 162 229 340 461
 66 : 27 62 66 86 102 169 183 265 267 321 330 388 447
 73 : 85 124 149 175 239 272 331 379 433
 85 : 8 20 25 73 83 141 142 205 243 344 349 373
 89 : 5 48 61 191 197 251 360 362 413 468
 90 : 46 72 87 108 128 148 306 346 393 472
 97 : 24 105 174 178 218 244 335 372 414 438
 115 : 67 100 119 167 386
 138 : 130 196 223 237 263 271 322 329 436
 143 : 0 114 153 159 160 164 367 392 424
 156 : 1 47 96 132 236 270 342 371 445
 161 : 29 117 123 215 292 293 343 359 361 409 411 430
 172 : 39 112 189 202 222 257 278 312 370
 181 : 12 16 84 91 138 203 298 353
 186 : 6 42 97 200 268 397 399 406 454 462 485
 252 : 9 57 103 104 118 131 255 334 435 446 481
 261 : 88 147 291 302 325 450 459
 264 : 80 113 210 211 227 327 338 382 407 417 439
 268 : 140 171 185 186 206 374 380 390 410 475 498
 270 : 74 93 129 208 232 258 280 354 381 477 496
 278 : 21 26 41 107 137 154 172 220 254 308 427 490
 286 : 10 17 99 110 127 262 341 363 369 405 444 492
 287 : 54 75 81 92 120 157 166 225 256 317 403 434 480
 291 : 13 14 53 65 70 182 261 358 377 458
 299 : 33 55 98 201 235 295 307 366 467 493
 304 : 161 224 285 303 309 357 376 469
 307 : 77 173 260 274 290 299 470 488
 309 : 22 101 135 188 249 287 304 324 347 383 451 452 494
 311 : 28 59 245 253 311 332 350 356 365 420 489
 316 : 3 133 163 212 266 310 336 423 431 460 473
 331 : 45 71 176 217 281 328 404 466
 346 : 50 56 90 277 282 351 421 463
 380 : 144 177 233 284 297 314 315 345 401 402
 400 : 32 51 146 192 198 230 240 241 283 319 425 474 476
 416 : 2 44 226 273 339 385 412 419 429 432 483 484
 424 : 68 79 111 143 199 337 355 375 408 418 491
 426 : 40 60 63 184 187 214 221 279 396
 431 : 18 38 109 213 234 305 313 316 320 323 352 368 387 437 457 464 465
 439 : 11 30 34 37 89 145 179 264 395 428 478
 476 : 115 125 134 165 168 209 219 294 400 455 486
 485 : 4 122 250 288 289 296 389 398 443 448 497
 492 : 19 64 150 286 415 453 482 499
SOLUTION:
  Value: -511175.000000
  Assigns: 333 333 416 420 74 89 456 56 193 252 286 260 456 472 294 64 152 286 461 175 294 278 309 47 461 461 472 66 152 161 116 64 193 341 146 420 16 436 368 172 193 278 333 368 416 294 90 116 89 47 116 400 6 493 64 461 151 252 16 368 90 89 66 393 461 24 66 24 339 64 339 193 90 175 270 177 64 307 16 74 400 338 341 89 270 73 66 90 193 24 393 193 152 270 472 64 461 24 493 260 325 309 66 252 252 298 6 278 90 146 74 309 152 456 175 476 47 161 252 339 260 64 400 161 338 476 47 286 90 270 138 252 333 193 476 309 6 177 436 294 146 193 24 151 161 420 400 298 90 73 472 56 16 24 278 6 47 56 56 368 64 420 461 420 368 493 252 456 476 66 16 268 278 177 172 73 6 325 420 341 47 16 436 461 161 268 268 436 309 172 193 89 400 47 56 16 138 89 400 294 393 175 172 47 193 393 393 461 270 476 286 325 341 393 393 161 368 420 307 368 278 74 172 138 341 472 416 341 338 64 400 339 270 278 420 193 138 138 74 73 260 400 47 333 116 116 6 6 47 309 152 151 341 309 278 393 270 461 260 472 307 325 286 138 338 66 400 66 6 56 74 325 73 416 307 493 47 339 172 333 116 146 338 400 56 146 341 152 298 172 307 260 161 161 476 339 341 338 151 493 472 338 420 339 309 333 90 260 278 172 472 420 172 339 193 476 461 298 47 24 393 66 152 116 309 177 493 146 177 138 66 73 456 456 252 298 260 193 400 416 64 286 309 161 6 456 90 309 16 74 420 278 333 64 270 393 73 116 116 161 89 161 89 286 6 400 24 436 270 286 172 177 393 175 268 298 298 493 16 73 268 151 339 309 456 298 161 393 278 338 268 16 73 90 298 436 146 307 73 341 476 333 268 416 493 436 278 89 278 161 268 161 368 89 298 193 339 175 6 416 151 152 56 333 64 400 177 278 66 416 161 368 416 73 416 252 138 116 368 89 16 333 47 74 286 472 252 66 461 56 400 309 116 420 493 461 333 436 286 493 89 64 461 461 177 6 456 175 89 74 307 16 90 456 400 268 400 270 333 56 393 252 341 177 416 436 476 325 307 294 278 177 286 309 309 6 436 278 268 286 
  Facilities: 47
 6 : 52 106 136 155 176 246 247 268 344 364 418 465 495
 16 : 36 58 78 152 170 181 195 348 378 391 440 471
 24 : 65 67 89 97 142 153 319 366
 47 : 23 49 116 126 156 180 193 203 242 248 276 318 442
 56 : 7 151 157 158 194 269 284 422 449 479
 64 : 15 31 54 69 76 95 121 160 229 340 353 424 461
 66 : 27 62 66 86 102 169 265 267 321 330 428 447
 73 : 85 149 175 239 272 331 356 379 392 398 433
 74 : 4 79 110 221 238 270 349 443 469
 89 : 5 48 61 83 191 197 360 362 407 413 439 460 468
 90 : 46 60 72 87 108 128 148 306 346 393 472
 116 : 30 47 50 244 245 280 323 357 358 437 452
 138 : 130 196 223 236 237 263 329 436
 146 : 34 109 140 281 285 327 396
 151 : 56 143 251 298 381 420
 152 : 16 28 92 112 250 287 322 421
 161 : 29 117 123 144 184 215 292 293 343 359 361 386 409 411 430
 172 : 39 174 189 202 222 278 289 309 312 370
 175 : 19 73 114 201 373 417 467
 177 : 75 137 173 325 328 371 426 464 483 491
 193 : 8 32 40 71 88 91 133 141 190 204 235 314 337 415
 252 : 9 57 103 104 118 131 166 334 435 446 481
 260 : 11 99 120 240 258 291 307 336
 268 : 171 185 186 374 380 390 402 410 475 498
 270 : 74 84 93 129 208 232 256 354 368 477
 278 : 21 41 107 154 172 220 233 254 308 351 388 406 408 427 490 497
 286 : 10 17 127 210 262 341 363 369 444 458 492 499
 294 : 14 20 45 139 199 489
 298 : 105 147 288 317 335 375 376 385 394 414
 307 : 77 218 260 274 290 397 470 488
 309 : 22 101 111 135 188 249 253 304 324 342 347 383 451 493 494
 325 : 100 177 211 261 271 487
 333 : 0 1 42 132 243 279 305 352 401 423 441 456 478
 338 : 81 124 228 264 282 297 301 389
 339 : 68 70 119 231 277 295 303 313 382 416
 341 : 33 82 179 212 224 227 252 286 296 399 482
 368 : 38 43 59 159 164 216 219 412 431 438
 393 : 63 90 200 205 206 213 214 255 320 355 372 387 480
 400 : 51 80 122 146 192 198 230 241 266 283 338 365 425 450 474 476
 416 : 2 44 226 273 339 403 419 429 432 434 484
 420 : 3 35 145 161 163 178 217 234 302 311 350 453
 436 : 37 138 182 187 367 395 405 457 485 496
 456 : 6 12 113 167 332 333 345 384 466 473
 461 : 18 24 25 55 64 96 162 183 207 257 316 448 455 462 463
 472 : 13 26 94 150 225 259 300 310 445
 476 : 115 125 134 168 209 294 315 400 486
 493 : 53 98 165 275 299 326 377 404 454 459
SOLUTION:
  Value: -511203.000000
  Assigns: 333 333 416 420 485 436 416 56 193 252 286 260 358 472 94 64 94 286 461 94 333 278 309 40 97 461 472 66 461 161 420 64 193 422 105 420 16 436 368 172 193 278 333 368 416 146 90 193 146 47 362 400 435 493 406 461 422 252 16 368 90 40 66 393 461 252 66 362 362 64 339 193 90 177 270 177 64 165 16 485 400 338 341 146 270 73 66 90 193 362 393 193 94 270 472 64 461 105 493 260 435 309 358 252 252 97 6 278 90 146 358 309 172 485 362 476 47 161 252 339 260 64 485 161 338 476 47 286 90 270 138 252 333 193 476 309 6 177 436 40 146 94 309 435 94 422 400 406 90 73 472 56 16 6 278 6 47 56 56 368 258 420 461 420 368 493 252 278 476 66 362 268 278 177 165 73 6 416 420 341 47 16 436 461 161 268 268 436 309 172 406 435 400 40 56 16 138 138 400 66 393 493 172 406 406 393 393 461 270 476 286 358 341 393 393 161 368 420 97 368 278 339 258 138 341 472 416 341 338 64 400 420 270 278 420 193 138 138 362 422 260 400 47 333 97 105 6 6 47 309 485 393 435 309 278 393 270 461 260 472 258 105 286 138 338 66 400 66 94 165 258 177 362 416 358 493 47 339 172 333 270 146 338 400 362 146 341 165 493 485 193 358 161 161 476 339 341 338 105 493 472 338 420 406 309 333 90 260 278 172 472 420 172 339 193 105 461 358 47 422 393 66 138 165 309 177 493 146 177 138 66 73 406 476 252 97 260 193 400 416 64 286 309 161 6 258 90 309 16 416 420 435 333 64 270 393 73 105 368 161 105 435 90 286 6 400 105 436 358 258 172 177 393 94 268 268 258 493 16 73 268 270 339 309 165 416 161 393 278 485 268 16 73 90 40 258 146 165 485 341 476 333 268 416 493 436 278 435 278 161 268 161 368 66 97 193 339 485 6 94 161 258 56 333 64 400 40 278 66 416 161 368 416 73 416 252 138 40 368 16 16 333 47 485 286 472 252 66 105 56 400 309 435 420 493 461 333 436 406 493 422 64 461 461 177 94 341 485 268 309 406 16 94 105 400 268 400 270 333 56 393 252 341 177 416 436 476 64 165 358 278 435 286 165 435 6 436 485 268 258 
  Facilities: 47
 6 : 106 136 153 155 176 246 247 344 364 418 495
 16 : 36 58 78 152 181 195 348 378 391 439 440 471
 40 : 23 61 139 193 394 426 437
 47 : 49 116 126 156 180 242 248 276 318 442
 56 : 7 151 157 158 194 422 449 479
 64 : 15 31 69 76 95 121 229 340 353 424 461 487
 66 : 27 62 66 86 169 199 265 267 321 330 413 428 447
 73 : 85 149 175 331 356 379 392 433
 90 : 46 60 72 87 108 128 148 306 346 362 393
 94 : 14 16 19 92 141 144 268 373 419 465 472
 97 : 24 105 218 244 335 414
 105 : 34 97 245 261 298 315 357 360 366 448 473
 138 : 130 196 197 223 236 237 263 322 329 436
 146 : 45 48 83 109 140 281 285 327 396
 161 : 29 117 123 184 215 292 293 343 359 386 409 411 420 430
 165 : 77 174 269 287 323 384 397 488 493
 172 : 39 112 189 202 278 309 312 370
 177 : 73 75 137 173 271 325 328 371 464 483
 193 : 8 32 40 47 71 88 91 133 235 290 314 337 415
 252 : 9 57 65 103 104 118 131 166 334 435 446 481
 258 : 160 222 260 270 345 369 376 395 421 499
 260 : 11 99 120 240 258 307 336
 268 : 171 185 186 374 375 380 390 402 410 468 475 498
 270 : 74 84 93 129 208 232 256 280 354 381 477
 278 : 21 41 107 154 167 172 220 233 254 308 388 406 408 427 490
 286 : 10 17 127 210 262 341 363 444 492
 309 : 22 101 111 135 142 188 249 253 304 324 342 347 383 451 469
 333 : 0 1 20 42 132 243 279 305 352 401 423 441 456 478
 338 : 81 124 228 264 282 297 301
 339 : 70 119 221 277 295 313 382 416
 341 : 82 179 212 224 227 286 296 399 466 482
 358 : 12 102 110 211 274 291 317 368 489
 362 : 50 67 68 89 114 170 238 272 284
 368 : 38 43 59 159 164 216 219 358 412 431 438
 393 : 63 90 200 205 206 213 214 251 255 320 355 372 387 480
 400 : 51 80 146 192 198 230 241 266 283 338 365 425 450 474 476
 406 : 54 147 190 203 204 303 332 458 470
 416 : 2 6 44 177 226 273 339 349 385 403 429 432 434 484
 420 : 3 30 35 161 163 178 217 231 234 302 311 350 453
 422 : 33 56 145 239 319 460
 435 : 52 100 143 191 252 351 361 407 452 491 494
 436 : 5 37 138 182 187 367 405 457 485 496
 461 : 18 25 28 55 64 96 162 183 207 257 316 455 462 463
 472 : 13 26 94 150 225 259 300 310 445
 476 : 115 125 134 168 209 294 333 400 486
 485 : 4 79 113 122 250 289 389 398 417 443 467 497
 493 : 53 98 165 201 275 288 299 326 377 404 454 459
SOLUTION:
  Value: -511207.000000
  Assigns: 333 333 416 420 74 89 364 56 193 252 286 260 456 472 298 376 152 286 461 94 333 278 309 40 461 461 472 66 152 161 420 64 193 393 146 420 16 436 368 172 193 278 333 368 416 146 90 193 89 47 424 400 6 493 64 461 194 252 16 368 9 89 66 124 461 252 66 40 339 64 339 193 90 124 270 364 64 307 16 74 264 338 124 244 270 73 66 90 261 278 393 193 152 270 472 64 461 244 493 260 146 309 66 252 252 298 6 278 90 146 74 424 152 456 307 476 47 161 9 339 260 64 376 161 338 476 47 124 90 270 138 252 333 193 476 309 6 278 436 40 146 94 309 424 94 420 400 261 90 73 472 56 16 376 278 6 47 56 56 368 64 420 461 420 368 493 9 456 476 66 124 268 278 364 172 73 6 260 420 416 364 16 436 461 194 268 268 436 309 172 193 89 400 40 56 16 138 89 400 424 393 493 172 376 40 393 393 364 270 476 264 264 66 393 393 161 368 244 307 368 278 74 172 138 298 472 416 264 338 64 400 420 270 278 420 193 138 138 74 73 260 400 47 333 364 124 6 6 47 309 152 393 9 309 278 393 270 461 260 472 307 9 286 138 338 194 400 66 94 376 74 138 73 416 307 493 47 339 172 333 270 146 338 400 261 146 244 152 298 172 307 261 161 161 476 9 260 338 376 493 472 338 261 339 309 333 90 260 278 172 472 420 172 339 193 476 461 298 47 376 393 66 152 264 309 261 493 146 193 138 66 73 456 456 252 9 260 424 124 416 64 286 309 161 6 40 90 309 16 74 420 364 333 64 270 424 73 9 368 161 89 161 89 286 6 400 9 436 270 286 172 493 393 94 268 298 298 493 16 73 268 270 264 309 456 298 161 393 278 338 268 16 73 90 298 9 146 307 73 376 476 333 268 416 493 436 278 264 424 161 364 161 368 89 298 193 339 264 424 94 161 152 56 333 64 400 40 278 66 416 161 368 416 73 416 252 138 194 368 264 16 333 47 74 286 472 252 244 461 56 261 309 309 420 493 461 333 436 194 493 89 64 461 461 364 94 456 194 89 74 307 16 94 456 244 268 400 244 333 56 393 252 424 416 416 436 476 424 307 124 278 424 286 309 309 6 436 278 268 286 
  Facilities: 50
 6 : 52 106 136 155 176 246 247 344 364 495
 9 : 60 118 166 252 261 295 335 357 366 395
 16 : 36 58 78 152 181 195 348 378 391 440 471
 40 : 23 67 139 193 204 345 426
 47 : 49 116 126 156 242 248 276 318 442
 56 : 7 151 157 158 194 422 449 479
 64 : 31 54 69 76 95 121 160 229 340 353 424 461
 66 : 27 62 66 86 102 169 212 267 321 330 428
 73 : 85 149 175 239 272 331 356 379 392 398 433
 74 : 4 79 110 221 238 270 349 443 469
 89 : 5 48 61 191 197 360 362 413 460 468
 90 : 46 72 87 108 128 148 306 346 393
 94 : 19 141 144 268 373 419 465 472
 124 : 63 73 82 127 170 245 338 489
 138 : 130 196 223 236 237 263 271 329 436
 146 : 34 45 100 109 140 281 285 327 396
 152 : 16 28 92 112 250 287 322 421
 161 : 29 117 123 215 292 293 343 359 361 386 409 411 420 430
 172 : 39 174 189 202 222 278 289 309 312 370
 193 : 8 32 40 47 71 91 133 190 235 314 328 415
 194 : 56 184 265 437 458 467
 244 : 83 97 217 286 447 474 477
 252 : 9 57 65 103 104 131 334 435 446 481
 260 : 11 99 120 177 240 258 296 307 336
 261 : 88 147 284 291 302 325 450
 264 : 80 210 211 227 323 382 407 417 439
 268 : 171 185 186 374 380 390 402 475 498
 270 : 74 84 93 129 208 232 256 280 354 368 381
 278 : 21 41 89 107 137 154 172 220 233 254 308 388 406 427 490 497
 286 : 10 17 262 341 363 369 444 492 499
 298 : 14 105 224 288 317 375 376 385 394 414
 307 : 77 114 218 260 274 290 397 470 488
 309 : 22 101 135 142 188 249 253 304 324 342 347 383 451 452 493 494
 333 : 0 1 20 42 132 243 279 305 352 401 423 441 456 478
 338 : 81 124 228 264 282 297 301 389
 339 : 68 70 119 277 303 313 416
 364 : 6 75 173 180 207 244 351 410 464
 368 : 38 43 59 159 164 216 219 358 412 431 438
 376 : 15 122 153 203 269 298 319 399
 393 : 33 90 200 205 206 213 214 251 255 320 372 387 480
 400 : 51 146 192 198 230 241 266 283 365 425 476
 416 : 2 44 179 226 273 339 403 429 432 434 483 484
 420 : 3 30 35 145 161 163 178 231 234 311 350 453
 424 : 50 111 143 199 337 355 408 418 482 487 491
 436 : 37 138 182 187 367 405 457 485 496
 456 : 12 113 167 332 333 384 466 473
 461 : 18 24 25 55 64 96 162 183 257 316 448 455 462 463
 472 : 13 26 94 150 225 259 300 310 445
 476 : 115 125 134 168 209 294 315 400 486
 493 : 53 98 165 201 275 299 326 371 377 404 454 459
