# Time: 429.870026
# Elapsed: 118.917862
# Input_file: splp/Uniform/2723UnifS.txt
# Pool_size: 400
# Iterations: 22
# Final_solutions: 7148
# Vision_range: 600
# Reduction_mode: REDUCTION_DISPERSE
# Dissimilitude: DISSIM_HAUSDORFF
# Facility_dist: FDISMODE_SUMOFDELTAS
SOLUTION:
  Value: -78005.000000
  Assigns: 1 2 15 84 21 19 21 15 42 42 14 94 93 93 42 94 87 61 93 42 58 87 87 1 19 14 84 58 87 1 58 1 87 58 15 42 1 93 61 87 94 21 93 93 2 15 21 61 19 2 1 94 2 2 14 61 15 14 19 14 14 87 93 93 61 2 21 21 1 15 42 87 84 14 93 15 19 94 21 1 42 61 14 15 2 84 58 87 94 14 61 21 42 14 58 84 84 19 1 58 
  Facilities: 13
 1 : 0 23 29 31 36 50 68 79 98
 2 : 1 44 49 52 53 65 84
 14 : 10 25 54 57 59 60 73 82 89 93
 15 : 2 7 34 45 56 69 75 83
 19 : 5 24 48 58 76 97
 21 : 4 6 41 46 66 67 78 91
 42 : 8 9 14 19 35 70 80 92
 58 : 20 27 30 33 86 94 99
 61 : 17 38 47 55 64 81 90
 84 : 3 26 72 85 95 96
 87 : 16 21 22 28 32 39 61 71 87
 93 : 12 13 18 37 42 43 62 63 74
 94 : 11 15 40 51 77 88
SOLUTION:
  Value: -78661.000000
  Assigns: 1 2 15 21 21 19 21 15 42 42 14 94 93 93 42 94 87 61 93 42 58 87 87 1 19 14 1 58 87 1 58 1 87 58 15 42 1 93 61 87 94 21 93 93 2 15 21 61 19 2 1 94 2 2 14 61 15 14 19 14 14 87 93 93 61 2 21 21 1 15 42 87 15 14 93 15 19 94 21 1 42 61 14 15 2 15 58 87 94 14 61 21 42 14 58 94 58 19 1 58 
  Facilities: 12
 1 : 0 23 26 29 31 36 50 68 79 98
 2 : 1 44 49 52 53 65 84
 14 : 10 25 54 57 59 60 73 82 89 93
 15 : 2 7 34 45 56 69 72 75 83 85
 19 : 5 24 48 58 76 97
 21 : 3 4 6 41 46 66 67 78 91
 42 : 8 9 14 19 35 70 80 92
 58 : 20 27 30 33 86 94 96 99
 61 : 17 38 47 55 64 81 90
 87 : 16 21 22 28 32 39 61 71 87
 93 : 12 13 18 37 42 43 62 63 74
 94 : 11 15 40 51 77 88 95
SOLUTION:
  Value: -79090.000000
  Assigns: 1 2 15 21 56 94 21 15 42 42 14 94 93 93 42 94 87 61 93 42 87 87 87 1 14 14 1 56 87 1 21 1 87 76 15 42 1 93 61 87 94 56 93 93 2 15 21 61 14 2 1 94 2 2 14 76 15 14 14 14 14 87 93 93 76 2 21 21 1 15 42 87 15 14 93 15 56 94 56 1 42 61 14 15 2 76 61 87 94 14 61 21 42 14 76 56 42 61 76 56 
  Facilities: 12
 1 : 0 23 26 29 31 36 50 68 79
 2 : 1 44 49 52 53 65 84
 14 : 10 24 25 48 54 57 58 59 60 73 82 89 93
 15 : 2 7 34 45 56 69 72 75 83
 21 : 3 6 30 46 66 67 91
 42 : 8 9 14 19 35 70 80 92 96
 56 : 4 27 41 76 78 95 99
 61 : 17 38 47 81 86 90 97
 76 : 33 55 64 85 94 98
 87 : 16 20 21 22 28 32 39 61 71 87
 93 : 12 13 18 37 42 43 62 63 74
 94 : 5 11 15 40 51 77 88
SOLUTION:
  Value: -79233.000000
  Assigns: 89 89 15 39 87 88 10 15 58 37 14 39 93 93 57 87 87 61 93 87 58 87 87 37 84 14 84 58 87 39 58 61 87 58 15 57 89 39 61 87 57 57 93 93 14 15 10 61 10 37 37 37 88 57 14 57 15 14 57 57 14 87 93 93 89 89 10 89 89 37 93 88 84 57 93 15 39 15 10 88 37 61 14 15 57 84 58 87 93 14 61 88 88 10 58 84 84 61 57 37 
  Facilities: 13
 10 : 6 46 48 66 78 93
 14 : 10 25 44 54 57 60 82 89
 15 : 2 7 34 45 56 75 77 83
 37 : 9 23 49 50 51 69 80 99
 39 : 3 11 29 37 76
 57 : 14 35 40 41 53 55 58 59 73 84 98
 58 : 8 20 27 30 33 86 94
 61 : 17 31 38 47 81 90 97
 84 : 24 26 72 85 95 96
 87 : 4 15 16 19 21 22 28 32 39 61 87
 88 : 5 52 71 79 91 92
 89 : 0 1 36 64 65 67 68
 93 : 12 13 18 42 43 62 63 70 74 88
SOLUTION:
  Value: -79291.000000
  Assigns: 89 89 15 39 87 88 84 15 58 37 14 39 93 93 57 87 87 61 93 87 58 87 87 37 84 14 84 58 87 39 58 61 87 58 15 57 89 39 61 87 57 57 93 93 14 15 89 61 14 37 37 37 88 57 14 57 15 14 57 57 14 87 93 93 89 89 39 89 89 37 93 88 84 57 93 15 39 15 87 88 37 61 14 15 57 84 58 87 93 14 61 88 88 14 58 84 84 61 57 37 
  Facilities: 12
 14 : 10 25 44 48 54 57 60 82 89 93
 15 : 2 7 34 45 56 75 77 83
 37 : 9 23 49 50 51 69 80 99
 39 : 3 11 29 37 66 76
 57 : 14 35 40 41 53 55 58 59 73 84 98
 58 : 8 20 27 30 33 86 94
 61 : 17 31 38 47 81 90 97
 84 : 6 24 26 72 85 95 96
 87 : 4 15 16 19 21 22 28 32 39 61 78 87
 88 : 5 52 71 79 91 92
 89 : 0 1 36 46 64 65 67 68
 93 : 12 13 18 42 43 62 63 70 74 88
SOLUTION:
  Value: -79455.000000
  Assigns: 89 89 15 39 70 88 97 15 58 14 14 39 93 97 97 87 87 61 93 87 58 87 87 61 84 14 84 58 70 39 58 61 87 58 15 57 89 39 61 87 97 57 93 93 14 15 89 61 14 88 70 97 88 57 14 57 15 14 57 57 14 87 93 93 89 89 39 89 89 15 93 88 84 57 93 15 39 70 97 88 89 61 14 15 57 84 58 87 93 14 61 88 88 14 58 84 84 61 57 58 
  Facilities: 13
 14 : 9 10 25 44 48 54 57 60 82 89 93
 15 : 2 7 34 45 56 69 75 83
 39 : 3 11 29 37 66 76
 57 : 35 41 53 55 58 59 73 84 98
 58 : 8 20 27 30 33 86 94 99
 61 : 17 23 31 38 47 81 90 97
 70 : 4 28 50 77
 84 : 24 26 72 85 95 96
 87 : 15 16 19 21 22 32 39 61 87
 88 : 5 49 52 71 79 91 92
 89 : 0 1 36 46 64 65 67 68 80
 93 : 12 18 42 43 62 63 70 74 88
 97 : 6 13 14 40 51 78
SOLUTION:
  Value: -79515.000000
  Assigns: 89 89 0 84 87 88 97 71 58 37 14 97 93 97 97 87 87 61 93 71 58 87 87 37 19 14 84 58 87 0 58 61 87 58 19 87 89 0 61 87 97 0 93 93 14 61 89 61 19 37 37 37 88 19 14 71 61 14 19 14 14 87 93 93 89 89 71 89 89 37 93 88 84 14 93 89 19 0 97 88 37 61 14 97 71 84 58 87 93 0 61 88 88 14 58 84 84 19 0 37 
  Facilities: 13
 0 : 2 29 37 41 77 89 98
 14 : 10 25 44 54 57 59 60 73 82 93
 19 : 24 34 48 53 58 76 97
 37 : 9 23 49 50 51 69 80 99
 58 : 8 20 27 30 33 86 94
 61 : 17 31 38 45 47 56 81 90
 71 : 7 19 55 66 84
 84 : 3 26 72 85 95 96
 87 : 4 15 16 21 22 28 32 35 39 61 87
 88 : 5 52 71 79 91 92
 89 : 0 1 36 46 64 65 67 68 75
 93 : 12 18 42 43 62 63 70 74 88
 97 : 6 11 13 14 40 78 83
SOLUTION:
  Value: -79522.000000
  Assigns: 3 89 0 22 3 22 97 71 58 22 14 97 93 97 97 13 87 61 93 71 58 87 87 37 84 13 84 58 13 0 58 61 87 3 84 87 89 0 61 87 97 0 93 93 14 22 89 61 3 37 37 37 13 13 14 71 61 14 37 3 14 87 93 93 89 89 71 89 89 37 93 87 84 14 93 13 13 0 97 22 37 61 14 3 71 84 22 87 22 0 61 84 3 14 58 84 84 61 0 37 
  Facilities: 14
 0 : 2 29 37 41 77 89 98
 3 : 0 4 33 48 59 83 92
 13 : 15 25 28 52 53 75 76
 14 : 10 44 54 57 60 73 82 93
 22 : 3 5 9 45 79 86 88
 37 : 23 49 50 51 58 69 80 99
 58 : 8 20 27 30 94
 61 : 17 31 38 47 56 81 90 97
 71 : 7 19 55 66 84
 84 : 24 26 34 72 85 91 95 96
 87 : 16 21 22 32 35 39 61 71 87
 89 : 1 36 46 64 65 67 68
 93 : 12 18 42 43 62 63 70 74
 97 : 6 11 13 14 40 78
SOLUTION:
  Value: -79609.000000
  Assigns: 89 89 15 39 87 88 97 15 32 37 14 39 93 97 97 87 87 61 93 87 58 87 87 37 32 14 84 58 87 39 58 61 87 58 15 57 89 39 61 87 97 57 93 93 14 15 89 32 14 37 37 37 88 57 14 57 15 14 57 57 14 32 93 93 89 89 39 89 89 37 32 88 84 57 93 32 39 15 97 88 37 61 14 15 57 84 58 87 93 14 61 88 88 14 58 84 84 61 57 37 
  Facilities: 14
 14 : 10 25 44 48 54 57 60 82 89 93
 15 : 2 7 34 45 56 77 83
 32 : 8 24 47 61 70 75
 37 : 9 23 49 50 51 69 80 99
 39 : 3 11 29 37 66 76
 57 : 35 41 53 55 58 59 73 84 98
 58 : 20 27 30 33 86 94
 61 : 17 31 38 81 90 97
 84 : 26 72 85 95 96
 87 : 4 15 16 19 21 22 28 32 39 87
 88 : 5 52 71 79 91 92
 89 : 0 1 36 46 64 65 67 68
 93 : 12 18 42 43 62 63 74 88
 97 : 6 13 14 40 78
SOLUTION:
  Value: -79657.000000
  Assigns: 1 2 15 21 21 94 21 15 42 42 14 94 93 93 42 94 87 61 93 42 58 87 87 1 14 14 1 58 87 1 58 1 87 58 15 42 1 93 61 87 94 21 93 93 2 15 21 61 14 2 1 94 2 2 14 61 15 14 14 14 14 87 93 93 61 2 21 21 1 15 42 87 15 14 93 15 14 94 21 1 42 61 14 15 2 15 58 87 94 14 61 21 42 14 58 94 58 61 1 58 
  Facilities: 11
 1 : 0 23 26 29 31 36 50 68 79 98
 2 : 1 44 49 52 53 65 84
 14 : 10 24 25 48 54 57 58 59 60 73 76 82 89 93
 15 : 2 7 34 45 56 69 72 75 83 85
 21 : 3 4 6 41 46 66 67 78 91
 42 : 8 9 14 19 35 70 80 92
 58 : 20 27 30 33 86 94 96 99
 61 : 17 38 47 55 64 81 90 97
 87 : 16 21 22 28 32 39 61 71 87
 93 : 12 13 18 37 42 43 62 63 74
 94 : 5 11 15 40 51 77 88 95
