# Time: 269.350006
# Elapsed: 106.462250
# Input_file: splp/GapA/2032GapAS.txt
# Pool_size: 200
# Iterations: 20
# Final_solutions: 3700
# Vision_range: 400
# Reduction_mode: REDUCTION_DISPERSE
# Dissimilitude: DISSIM_CLIENTDELTA
SOLUTION:
  Value: -36172.000000
  Assigns: 59 60 33 63 60 63 4 33 11 42 42 59 63 11 46 2 2 53 53 53 46 2 59 4 2 89 83 83 33 60 63 33 4 83 83 33 46 60 53 63 33 60 42 63 60 11 63 83 83 63 42 4 53 42 89 60 42 2 53 83 33 83 53 89 33 2 33 83 89 33 33 89 60 89 2 89 60 59 63 60 42 4 60 42 53 63 46 89 11 59 53 63 2 53 63 60 4 46 83 46 
  Facilities: 12
 2 : 15 16 21 24 57 65 74 92
 4 : 6 23 32 51 81 96
 11 : 8 13 45 88
 33 : 2 7 28 31 35 40 60 64 66 69 70
 42 : 9 10 42 50 53 56 80 83
 46 : 14 20 36 86 97 99
 53 : 17 18 19 38 52 58 62 84 90 93
 59 : 0 11 22 77 89
 60 : 1 4 29 37 41 44 55 72 76 79 82 95
 63 : 3 5 12 30 39 43 46 49 78 85 91 94
 83 : 26 27 33 34 47 48 59 61 67 98
 89 : 25 54 63 68 71 73 75 87
SOLUTION:
  Value: -42110.000000
  Assigns: 79 48 28 66 32 32 28 70 56 70 79 32 96 7 96 41 28 48 41 79 92 41 70 66 37 66 41 83 37 16 7 92 56 83 83 79 16 7 83 79 79 28 37 41 41 66 7 83 37 79 96 28 28 56 16 28 92 37 48 7 41 48 41 16 92 66 96 41 56 48 66 79 83 66 32 66 7 96 70 79 66 37 79 37 92 41 37 32 96 28 79 37 66 92 66 28 96 37 70 56 
  Facilities: 14
 7 : 13 30 37 46 59 76
 16 : 29 36 54 63
 28 : 2 6 16 41 51 52 55 89 95
 32 : 4 5 11 74 87
 37 : 24 28 42 48 57 81 83 86 91 97
 41 : 15 18 21 26 43 44 60 62 67 85
 48 : 1 17 58 61 69
 56 : 8 32 53 68 99
 66 : 3 23 25 45 65 70 73 75 80 92 94
 70 : 7 9 22 78 98
 79 : 0 10 19 35 39 40 49 71 79 82 90
 83 : 27 33 34 38 47 72
 92 : 20 31 56 64 84 93
 96 : 12 14 50 66 77 88 96
SOLUTION:
  Value: -45111.000000
  Assigns: 3 78 3 63 60 63 28 88 21 62 89 88 63 21 62 48 28 48 21 62 92 92 48 62 21 89 87 97 37 66 78 92 97 89 3 88 21 60 66 62 78 28 37 63 60 66 87 62 48 63 21 87 28 21 89 28 92 37 48 87 21 62 78 89 92 87 97 92 97 48 66 89 60 66 21 66 60 88 97 60 66 37 3 89 97 63 21 89 87 28 87 37 66 48 63 28 62 97 97 87 
  Facilities: 15
 3 : 0 2 34 82
 21 : 8 13 18 24 36 50 53 60 74 86
 28 : 6 16 41 52 55 89 95
 37 : 28 42 57 81 91
 48 : 15 17 22 48 58 69 93
 60 : 4 37 44 72 76 79
 62 : 9 14 19 23 39 47 61 96
 63 : 3 5 12 43 49 85 94
 66 : 29 38 45 70 73 75 80 92
 78 : 1 30 40 62
 87 : 26 46 51 59 65 88 90 99
 88 : 7 11 35 77
 89 : 10 25 33 54 63 71 83 87
 92 : 20 21 31 56 64 67
 97 : 27 32 66 68 78 84 97 98
SOLUTION:
  Value: -48094.000000
  Assigns: 79 81 28 63 32 32 28 70 21 70 79 32 63 21 96 48 28 48 75 79 92 92 70 75 21 89 83 83 81 60 63 92 75 83 83 79 21 60 83 79 79 28 64 64 60 81 63 83 48 79 96 28 28 70 89 79 92 75 48 83 21 64 64 89 92 81 96 83 28 48 81 79 60 67 21 89 81 64 70 79 48 81 79 89 67 63 21 32 96 28 79 67 81 92 63 28 96 64 70 67 
  Facilities: 16
 21 : 8 13 24 36 60 74 86
 28 : 2 6 16 41 51 52 68 89 95
 32 : 4 5 11 87
 48 : 15 17 48 58 69 80
 60 : 29 37 44 72
 63 : 3 12 30 46 85 94
 64 : 42 43 61 62 77 97
 67 : 73 84 91 99
 70 : 7 9 22 53 78 98
 75 : 18 23 32 57
 79 : 0 10 19 35 39 40 49 55 71 79 82 90
 81 : 1 28 45 65 70 76 81 92
 83 : 26 27 33 34 38 47 59 67
 89 : 25 54 63 75 83
 92 : 20 21 31 56 64 93
 96 : 14 50 66 88 96
SOLUTION:
  Value: -51091.000000
  Assigns: 61 87 28 8 69 19 28 88 36 62 44 88 89 21 62 48 28 48 41 79 92 41 48 62 36 19 41 48 37 19 19 92 88 89 69 88 21 88 61 62 79 69 37 44 8 8 87 62 48 79 21 87 28 21 89 28 69 37 48 19 21 62 8 89 92 87 19 41 28 61 92 79 61 36 21 89 44 88 28 79 48 37 79 89 92 41 21 89 87 28 79 37 61 92 61 28 62 37 19 87 
  Facilities: 17
 8 : 3 44 45 62
 19 : 5 25 29 30 59 66 98
 21 : 13 36 50 53 60 74 86
 28 : 2 6 16 52 55 68 78 89 95
 36 : 8 24 73
 37 : 28 42 57 81 91 97
 41 : 18 21 26 67 85
 44 : 10 43 76
 48 : 15 17 22 27 48 58 80
 61 : 0 38 69 72 92 94
 62 : 9 14 23 39 47 61 96
 69 : 4 34 41 56
 79 : 19 40 49 71 79 82 90
 87 : 1 46 51 65 88 99
 88 : 7 11 32 35 37 77
 89 : 12 33 54 63 75 83 87
 92 : 20 31 64 70 84 93
SOLUTION:
  Value: -51095.000000
  Assigns: 79 87 28 8 69 8 28 88 36 62 44 88 2 21 62 48 2 22 21 79 92 2 22 62 36 89 87 97 37 22 92 92 97 89 69 88 21 88 44 62 79 69 37 44 8 8 87 62 48 79 21 87 28 22 89 28 69 37 48 87 21 62 8 89 92 87 97 92 28 48 92 79 87 36 21 89 44 88 97 79 48 37 79 89 97 22 21 89 87 28 79 37 2 92 88 28 62 97 97 87 
  Facilities: 17
 2 : 12 16 21 92
 8 : 3 5 44 45 62
 21 : 13 18 36 50 60 74 86
 22 : 17 22 29 53 85
 28 : 2 6 52 55 68 89 95
 36 : 8 24 73
 37 : 28 42 57 81 91
 44 : 10 38 43 76
 48 : 15 48 58 69 80
 62 : 9 14 23 39 47 61 96
 69 : 4 34 41 56
 79 : 0 19 40 49 71 79 82 90
 87 : 1 26 46 51 59 65 72 88 99
 88 : 7 11 35 37 77 94
 89 : 25 33 54 63 75 83 87
 92 : 20 30 31 64 67 70 93
 97 : 27 32 66 78 84 97 98
SOLUTION:
  Value: -51095.000000
  Assigns: 79 87 28 66 69 69 28 70 36 70 44 88 12 21 62 48 28 48 12 79 92 41 70 62 36 89 87 48 37 66 92 92 88 89 69 12 21 88 66 79 79 69 37 44 41 66 87 62 48 79 70 87 28 70 89 79 69 37 48 12 21 62 41 89 92 87 79 41 28 48 66 79 87 36 21 66 44 88 70 79 66 37 79 89 92 41 21 89 87 28 79 37 66 92 66 28 62 79 70 87 
  Facilities: 17
 12 : 12 18 35 59
 21 : 13 36 60 74 86
 28 : 2 6 16 52 68 89 95
 36 : 8 24 73
 37 : 28 42 57 81 91
 41 : 21 44 62 67 85
 44 : 10 43 76
 48 : 15 17 27 48 58 69
 62 : 14 23 47 61 96
 66 : 3 29 38 45 70 75 80 92 94
 69 : 4 5 34 41 56
 70 : 7 9 22 50 53 78 98
 79 : 0 19 39 40 49 55 66 71 79 82 90 97
 87 : 1 26 46 51 65 72 88 99
 88 : 11 32 37 77
 89 : 25 33 54 63 83 87
 92 : 20 30 31 64 84 93
SOLUTION:
  Value: -51097.000000
  Assigns: 61 60 28 66 60 45 28 53 56 70 79 66 96 7 96 47 45 53 53 79 92 92 70 66 37 66 80 83 37 16 7 92 56 83 83 79 16 60 53 79 79 28 37 45 60 47 80 83 37 79 96 28 28 56 16 79 92 37 53 7 45 47 53 16 92 66 96 83 56 61 66 79 60 80 47 66 7 96 70 79 66 37 79 37 53 79 45 61 96 80 79 37 61 53 61 28 61 37 70 56 
  Facilities: 17
 7 : 13 30 59 76
 16 : 29 36 54 63
 28 : 2 6 41 51 52 95
 37 : 24 28 42 48 57 81 83 91 97
 45 : 5 16 43 60 86
 47 : 15 45 61 74
 53 : 7 17 18 38 58 62 84 93
 56 : 8 32 53 68 99
 60 : 1 4 37 44 72
 61 : 0 69 87 92 94 96
 66 : 3 11 23 25 65 70 75 80
 70 : 9 22 78 98
 79 : 10 19 35 39 40 49 55 71 79 82 85 90
 80 : 26 46 73 89
 83 : 27 33 34 47 67
 92 : 20 21 31 56 64
 96 : 12 14 50 66 77 88
SOLUTION:
  Value: -51097.000000
  Assigns: 79 87 28 8 69 45 28 70 36 70 44 88 12 21 62 45 28 12 12 79 92 92 70 62 36 92 87 70 37 66 92 92 88 93 69 12 21 88 66 79 79 69 37 44 8 8 87 62 37 79 70 87 28 70 45 79 69 37 69 12 21 62 8 12 92 87 79 92 28 28 66 79 87 36 21 66 44 88 70 79 66 37 79 37 92 93 21 93 87 28 79 37 66 92 66 28 62 79 70 87 
  Facilities: 17
 8 : 3 44 45 62
 12 : 12 17 18 35 59 63
 21 : 13 36 60 74 86
 28 : 2 6 16 52 68 69 89 95
 36 : 8 24 73
 37 : 28 42 48 57 81 83 91
 44 : 10 43 76
 45 : 5 15 54
 62 : 14 23 47 61 96
 66 : 29 38 70 75 80 92 94
 69 : 4 34 41 56 58
 70 : 7 9 22 27 50 53 78 98
 79 : 0 19 39 40 49 55 66 71 79 82 90 97
 87 : 1 26 46 51 65 72 88 99
 88 : 11 32 37 77
 92 : 20 21 25 30 31 64 67 84 93
 93 : 33 85 87
SOLUTION:
  Value: -51098.000000
  Assigns: 79 87 28 63 32 6 28 53 36 62 44 32 63 84 62 48 28 48 53 79 32 97 48 62 36 89 87 97 37 66 63 36 97 89 84 89 46 84 53 79 79 28 37 44 84 66 87 62 48 79 32 87 28 32 89 28 6 37 48 87 6 62 53 89 6 84 97 84 97 48 66 79 87 36 32 66 44 97 97 79 66 37 79 89 97 63 46 32 87 28 79 37 6 53 63 28 62 97 97 46 
  Facilities: 17
 6 : 5 56 60 64 92
 28 : 2 6 16 41 52 55 89 95
 32 : 4 11 20 50 53 74 87
 36 : 8 24 31 73
 37 : 28 42 57 81 91
 44 : 10 43 76
 46 : 36 86 99
 48 : 15 17 22 48 58 69
 53 : 7 18 38 62 93
 62 : 9 14 23 47 61 96
 63 : 3 12 30 85 94
 66 : 29 45 70 75 80
 79 : 0 19 39 40 49 71 79 82 90
 84 : 13 34 37 44 65 67
 87 : 1 26 46 51 59 72 88
 89 : 25 33 35 54 63 83
 97 : 21 27 32 66 68 77 78 84 97 98
