# Time: 3050.760010
# Elapsed: 1001.833740
# Input_file: splp/Chess/2534ChessS.txt
# Pool_size: 400
# Iterations: 44
# Final_solutions: 16473
# Vision_range: 600
# Reduction_mode: REDUCTION_DISPERSE
# Dissimilitude: DISSIM_MSE
# Facility_dist: FDISMODE_MINDIST
SOLUTION:
  Value: -60217.000000
  Assigns: 11 2 2 2 5 5 5 140 140 140 142 11 35 2 2 2 29 29 5 32 32 32 11 35 35 37 37 38 29 29 29 32 32 32 35 35 35 38 38 52 52 52 29 32 32 32 35 35 37 37 37 38 52 52 67 67 67 70 70 70 73 73 73 76 52 76 67 67 67 70 70 70 73 73 73 76 76 76 67 67 67 70 70 70 73 73 73 76 76 76 103 103 103 106 106 106 109 109 109 112 112 112 103 103 103 106 106 106 109 109 109 112 112 112 103 127 127 106 106 106 109 109 109 112 112 112 127 127 140 140 142 142 11 2 2 2 5 5 5 127 140 142 142 11 
  Facilities: 20
 2 : 1 2 3 13 14 15 133 134 135
 5 : 4 5 6 18 136 137 138
 11 : 0 11 22 132 143
 29 : 16 17 28 29 30 42
 32 : 19 20 21 31 32 33 43 44 45
 35 : 12 23 24 34 35 36 46 47
 37 : 25 26 48 49 50
 38 : 27 37 38 51
 52 : 39 40 41 52 53 64
 67 : 54 55 56 66 67 68 78 79 80
 70 : 57 58 59 69 70 71 81 82 83
 73 : 60 61 62 72 73 74 84 85 86
 76 : 63 65 75 76 77 87 88 89
 103 : 90 91 92 102 103 104 114
 106 : 93 94 95 105 106 107 117 118 119
 109 : 96 97 98 108 109 110 120 121 122
 112 : 99 100 101 111 112 113 123 124 125
 127 : 115 116 126 127 139
 140 : 7 8 9 128 129 140
 142 : 10 130 131 141 142
SOLUTION:
  Value: -66187.000000
  Assigns: 143 14 14 14 5 5 5 140 140 140 142 142 35 14 14 14 29 29 5 32 32 32 35 35 35 14 14 14 29 29 29 32 32 32 35 35 35 49 51 52 52 52 29 32 32 32 35 35 49 49 51 51 51 52 67 67 67 70 70 70 49 73 74 51 51 77 67 67 67 70 70 70 73 74 74 74 77 77 67 67 67 70 70 70 73 74 74 74 77 77 103 103 103 106 106 106 109 109 109 112 112 112 103 103 103 106 106 106 109 109 122 112 112 112 103 127 127 106 106 106 143 122 109 112 112 112 127 127 140 140 143 143 143 122 122 122 5 5 5 127 140 142 142 142 
  Facilities: 22
 5 : 4 5 6 18 136 137 138
 14 : 1 2 3 13 14 15 25 26 27
 29 : 16 17 28 29 30 42
 32 : 19 20 21 31 32 33 43 44 45
 35 : 12 22 23 24 34 35 36 46 47
 49 : 37 48 49 60
 51 : 38 50 51 52 63 64
 52 : 39 40 41 53
 67 : 54 55 56 66 67 68 78 79 80
 70 : 57 58 59 69 70 71 81 82 83
 73 : 61 72 84
 74 : 62 73 74 75 85 86 87
 77 : 65 76 77 88 89
 103 : 90 91 92 102 103 104 114
 106 : 93 94 95 105 106 107 117 118 119
 109 : 96 97 98 108 109 122
 112 : 99 100 101 111 112 113 123 124 125
 122 : 110 121 133 134 135
 127 : 115 116 126 127 139
 140 : 7 8 9 128 129 140
 142 : 10 11 141 142 143
 143 : 0 120 130 131 132
SOLUTION:
  Value: -72191.000000
  Assigns: 143 2 14 14 5 5 5 19 19 140 142 142 24 24 14 14 29 29 5 19 32 32 33 24 24 37 37 14 40 29 19 19 32 32 33 24 24 24 51 40 40 29 29 32 33 33 33 24 37 37 37 51 51 40 67 67 67 70 70 70 73 73 74 51 51 77 67 67 67 70 70 70 73 74 74 74 77 77 67 67 67 70 70 70 73 74 74 74 77 77 103 103 103 106 106 106 109 109 109 112 112 112 103 103 103 106 106 106 109 109 109 112 112 112 103 127 127 106 106 106 143 109 109 112 112 112 127 127 140 140 143 143 143 2 2 2 5 5 5 127 140 142 142 142 
  Facilities: 24
 2 : 1 133 134 135
 5 : 4 5 6 18 136 137 138
 14 : 2 3 14 15 27
 19 : 7 8 19 30 31
 24 : 12 13 23 24 35 36 37 47
 29 : 16 17 29 41 42
 32 : 20 21 32 33 43
 33 : 22 34 44 45 46
 37 : 25 26 48 49 50
 40 : 28 39 40 53
 51 : 38 51 52 63 64
 67 : 54 55 56 66 67 68 78 79 80
 70 : 57 58 59 69 70 71 81 82 83
 73 : 60 61 72 84
 74 : 62 73 74 75 85 86 87
 77 : 65 76 77 88 89
 103 : 90 91 92 102 103 104 114
 106 : 93 94 95 105 106 107 117 118 119
 109 : 96 97 98 108 109 110 121 122
 112 : 99 100 101 111 112 113 123 124 125
 127 : 115 116 126 127 139
 140 : 9 128 129 140
 142 : 10 11 141 142 143
 143 : 0 120 130 131 132
SOLUTION:
  Value: -78229.000000
  Assigns: 143 2 2 2 5 5 5 8 8 140 143 143 35 2 2 2 5 5 5 8 8 8 35 35 37 37 37 40 40 40 43 43 43 33 35 35 36 36 37 40 40 40 43 43 43 33 35 35 36 37 37 40 65 40 65 68 68 68 71 71 71 74 74 74 65 65 65 68 68 68 71 71 71 74 74 74 65 65 65 68 68 68 95 95 95 74 74 74 99 102 102 102 81 106 95 95 109 98 99 111 113 102 102 102 116 106 94 95 109 109 109 111 99 113 102 116 116 116 106 106 143 109 109 111 113 113 113 140 116 140 143 143 143 2 2 2 5 5 5 8 140 8 143 143 
  Facilities: 26
 2 : 1 2 3 13 14 15 133 134 135
 5 : 4 5 6 16 17 18 136 137 138
 8 : 7 8 19 20 21 139 141
 33 : 33 45
 35 : 12 22 23 34 35 46 47
 36 : 36 37 48
 37 : 24 25 26 38 49 50
 40 : 27 28 29 39 40 41 51 53
 43 : 30 31 32 42 43 44
 65 : 52 54 64 65 66 76 77 78
 68 : 55 56 57 67 68 69 79 80 81
 71 : 58 59 60 70 71 72
 74 : 61 62 63 73 74 75 85 86 87
 81 : 92
 94 : 106
 95 : 82 83 84 94 95 107
 98 : 97
 99 : 88 98 112
 102 : 89 90 91 101 102 103 114
 106 : 93 105 118 119
 109 : 96 108 109 110 121 122
 111 : 99 111 123
 113 : 100 113 124 125 126
 116 : 104 115 116 117 128
 140 : 9 127 129 140
 143 : 0 10 11 120 130 131 132 142 143
SOLUTION:
  Value: -81251.000000
  Assigns: 11 2 2 2 5 5 5 140 140 140 142 11 11 2 2 2 5 5 5 30 33 33 11 11 37 37 37 40 40 40 30 30 44 33 33 36 36 36 37 40 40 40 30 44 44 44 33 36 36 37 37 40 65 40 65 68 68 68 71 71 71 74 74 74 75 65 65 68 68 68 71 71 71 74 74 74 75 65 65 68 68 68 71 71 96 74 74 74 75 102 102 102 81 106 94 106 109 98 109 111 111 114 102 114 116 106 94 94 109 109 109 111 111 102 114 116 116 116 118 106 109 109 109 111 111 114 114 114 116 140 118 142 11 2 2 2 5 5 5 140 140 142 142 11 
  Facilities: 27
 2 : 1 2 3 13 14 15 133 134 135
 5 : 4 5 6 16 17 18 136 137 138
 11 : 0 11 12 22 23 132 143
 30 : 19 30 31 42
 33 : 20 21 33 34 46
 36 : 35 36 37 47 48
 37 : 24 25 26 38 49 50
 40 : 27 28 29 39 40 41 51 53
 44 : 32 43 44 45
 65 : 52 54 65 66 77 78
 68 : 55 56 57 67 68 69 79 80 81
 71 : 58 59 60 70 71 72 82 83
 74 : 61 62 63 73 74 75 85 86 87
 75 : 64 76 88
 81 : 92
 94 : 94 106 107
 96 : 84
 98 : 97
 102 : 89 90 91 102 113
 106 : 93 95 105 119
 109 : 96 98 108 109 110 120 121 122
 111 : 99 100 111 112 123 124
 114 : 101 103 114 125 126 127
 116 : 104 115 116 117 128
 118 : 118 130
 140 : 7 8 9 129 139 140
 142 : 10 131 141 142
SOLUTION:
  Value: -84253.000000
  Assigns: 11 2 2 2 5 5 5 140 140 140 142 11 35 2 2 2 29 29 5 32 32 32 11 35 35 37 37 38 29 29 29 32 32 32 35 35 35 38 38 52 52 52 29 32 32 32 35 35 37 37 37 38 52 52 67 67 67 70 70 70 73 73 73 76 52 76 67 67 67 70 70 70 73 73 73 76 76 76 67 67 67 70 70 70 73 73 73 76 76 76 103 103 103 106 106 106 109 109 109 112 112 112 103 103 103 106 106 106 109 109 109 112 112 112 103 103 103 106 106 106 109 109 109 112 112 112 29 140 140 140 142 142 11 2 2 2 5 5 5 140 140 142 142 11 
  Facilities: 19
 2 : 1 2 3 13 14 15 133 134 135
 5 : 4 5 6 18 136 137 138
 11 : 0 11 22 132 143
 29 : 16 17 28 29 30 42 126
 32 : 19 20 21 31 32 33 43 44 45
 35 : 12 23 24 34 35 36 46 47
 37 : 25 26 48 49 50
 38 : 27 37 38 51
 52 : 39 40 41 52 53 64
 67 : 54 55 56 66 67 68 78 79 80
 70 : 57 58 59 69 70 71 81 82 83
 73 : 60 61 62 72 73 74 84 85 86
 76 : 63 65 75 76 77 87 88 89
 103 : 90 91 92 102 103 104 114 115 116
 106 : 93 94 95 105 106 107 117 118 119
 109 : 96 97 98 108 109 110 120 121 122
 112 : 99 100 101 111 112 113 123 124 125
 140 : 7 8 9 127 128 129 139 140
 142 : 10 130 131 141 142
SOLUTION:
  Value: -90234.000000
  Assigns: 0 0 3 3 3 6 6 19 19 142 142 142 0 0 3 3 3 6 19 19 19 33 33 0 37 37 37 40 40 40 19 19 44 33 33 36 36 36 37 40 40 54 54 44 44 44 33 36 36 37 37 40 65 40 65 68 68 68 71 71 71 74 74 74 65 54 79 68 79 68 71 71 71 74 74 74 65 65 65 79 68 68 71 71 96 74 74 74 99 88 79 79 81 106 94 106 109 98 99 99 88 88 113 114 116 106 94 94 109 109 109 99 99 113 114 127 127 116 118 106 109 109 109 111 113 114 113 114 116 118 118 142 0 0 3 3 3 6 127 127 127 142 142 0 
  Facilities: 30
 0 : 0 1 12 13 23 132 133 143
 3 : 2 3 4 14 15 16 134 135 136
 6 : 5 6 17 137
 19 : 7 8 18 19 20 30 31
 33 : 21 22 33 34 46
 36 : 35 36 37 47 48
 37 : 24 25 26 38 49 50
 40 : 27 28 29 39 40 51 53
 44 : 32 43 44 45
 54 : 41 42 65
 65 : 52 54 64 76 77 78
 68 : 55 56 57 67 69 80 81
 71 : 58 59 60 70 71 72 82 83
 74 : 61 62 63 73 74 75 85 86 87
 79 : 66 68 79 90 91
 81 : 92
 88 : 89 100 101
 94 : 94 106 107
 96 : 84
 98 : 97
 99 : 88 98 99 111 112
 106 : 93 95 105 119
 109 : 96 108 109 110 120 121 122
 111 : 123
 113 : 102 113 124 126
 114 : 103 114 125 127
 116 : 104 117 128
 118 : 118 129 130
 127 : 115 116 138 139 140
 142 : 9 10 11 131 141 142
SOLUTION:
  Value: -93151.000000
  Assigns: 13 134 14 14 5 5 18 18 141 141 142 142 13 24 14 14 5 5 5 18 33 33 33 24 24 13 13 14 40 40 42 42 33 33 33 24 24 24 51 40 40 54 54 54 33 33 33 24 37 37 37 51 51 42 67 67 67 70 70 70 72 72 74 51 51 54 67 78 67 82 82 70 72 74 74 87 87 78 67 67 92 92 70 95 72 72 74 74 87 78 103 103 103 82 95 107 109 98 109 87 112 112 103 92 103 92 95 95 131 109 109 98 112 112 103 127 127 129 131 107 131 134 134 112 112 112 127 127 141 129 129 131 131 134 134 134 5 5 5 127 127 129 141 131 
  Facilities: 31
 5 : 4 5 16 17 18 136 137 138
 13 : 0 12 25 26
 14 : 2 3 14 15 27
 18 : 6 7 19
 24 : 13 23 24 35 36 37 47
 33 : 20 21 22 32 33 34 44 45 46
 37 : 48 49 50
 40 : 28 29 39 40
 42 : 30 31 53
 51 : 38 51 52 63 64
 54 : 41 42 43 65
 67 : 54 55 56 66 68 78 79
 70 : 57 58 59 71 82
 72 : 60 61 72 84 85
 74 : 62 73 74 86 87
 78 : 67 77 89
 82 : 69 70 93
 87 : 75 76 88 99
 92 : 80 81 103 105
 95 : 83 94 106 107
 98 : 97 111
 103 : 90 91 92 102 104 114
 107 : 95 119
 109 : 96 98 109 110
 112 : 100 101 112 113 123 124 125
 127 : 115 116 126 127 139 140
 129 : 117 129 130 141
 131 : 108 118 120 131 132 143
 134 : 1 121 122 133 134 135
 141 : 8 9 128 142
 142 : 10 11
SOLUTION:
  Value: -96222.000000
  Assigns: 143 2 14 14 5 5 5 19 19 140 142 142 24 24 14 14 29 29 5 19 19 33 33 24 24 37 37 14 40 29 19 19 19 33 33 24 24 24 51 40 40 29 29 29 33 33 33 24 37 37 37 51 51 40 67 67 67 70 70 70 73 73 74 51 51 77 67 67 67 70 70 70 73 74 74 74 77 77 67 67 67 70 70 70 73 74 74 74 77 77 103 103 103 106 106 106 109 109 109 112 112 112 103 103 103 106 106 106 109 109 109 112 112 112 103 127 127 106 106 106 143 109 109 112 112 112 127 127 140 140 143 143 143 2 2 2 5 5 5 127 140 142 142 142 
  Facilities: 23
 2 : 1 133 134 135
 5 : 4 5 6 18 136 137 138
 14 : 2 3 14 15 27
 19 : 7 8 19 20 30 31 32
 24 : 12 13 23 24 35 36 37 47
 29 : 16 17 29 41 42 43
 33 : 21 22 33 34 44 45 46
 37 : 25 26 48 49 50
 40 : 28 39 40 53
 51 : 38 51 52 63 64
 67 : 54 55 56 66 67 68 78 79 80
 70 : 57 58 59 69 70 71 81 82 83
 73 : 60 61 72 84
 74 : 62 73 74 75 85 86 87
 77 : 65 76 77 88 89
 103 : 90 91 92 102 103 104 114
 106 : 93 94 95 105 106 107 117 118 119
 109 : 96 97 98 108 109 110 121 122
 112 : 99 100 101 111 112 113 123 124 125
 127 : 115 116 126 127 139
 140 : 9 128 129 140
 142 : 10 11 141 142 143
 143 : 0 120 130 131 132
SOLUTION:
  Value: -99228.000000
  Assigns: 0 0 3 3 5 5 7 7 7 22 142 22 0 0 3 3 5 5 7 7 33 33 22 22 37 37 37 40 40 40 43 43 44 22 33 22 36 36 37 40 40 40 43 43 44 44 33 36 36 37 37 40 65 40 65 68 68 68 71 71 71 74 74 74 65 77 77 68 68 68 71 71 71 74 74 74 77 77 65 68 68 68 71 71 96 74 74 74 77 102 77 102 81 106 94 106 109 98 99 88 88 88 102 114 116 106 94 94 119 109 109 99 99 113 114 116 116 116 119 106 109 109 109 111 113 114 113 114 116 118 119 142 0 0 3 3 5 5 5 7 7 142 142 0 
  Facilities: 33
 0 : 0 1 12 13 132 133 143
 3 : 2 3 14 15 134 135
 5 : 4 5 16 17 136 137 138
 7 : 6 7 8 18 19 139 140
 22 : 9 11 22 23 33 35
 33 : 20 21 34 46
 36 : 36 37 47 48
 37 : 24 25 26 38 49 50
 40 : 27 28 29 39 40 41 51 53
 43 : 30 31 42 43
 44 : 32 44 45
 65 : 52 54 64 78
 68 : 55 56 57 67 68 69 79 80 81
 71 : 58 59 60 70 71 72 82 83
 74 : 61 62 63 73 74 75 85 86 87
 77 : 65 66 76 77 88 90
 81 : 92
 88 : 99 100 101
 94 : 94 106 107
 96 : 84
 98 : 97
 99 : 98 111 112
 102 : 89 91 102
 106 : 93 95 105 119
 109 : 96 109 110 120 121 122
 111 : 123
 113 : 113 124 126
 114 : 103 114 125 127
 116 : 104 115 116 117 128
 118 : 129
 119 : 108 118 130
 125 :
 142 : 10 131 141 142
