# Time: 2433.969971
# Elapsed: 770.049438
# Input_file: splp/Chess/334ChessS.txt
# Pool_size: 400
# Iterations: 37
# Final_solutions: 14144
# Vision_range: 600
# Reduction_mode: REDUCTION_DISPERSE
# Dissimilitude: DISSIM_MSE
# Facility_dist: FDISMODE_MINDIST
SOLUTION:
  Value: -48281.000000
  Assigns: 143 134 134 134 137 137 137 20 20 20 143 143 35 26 26 26 29 29 29 20 20 20 35 35 35 26 26 26 29 29 29 20 20 20 35 35 35 26 26 26 29 29 29 56 56 56 35 35 71 62 62 62 65 65 65 56 56 56 71 71 71 62 62 62 65 65 65 56 56 56 71 71 71 62 62 62 65 65 65 92 92 92 71 71 107 98 98 98 101 101 101 92 92 92 107 107 107 98 98 98 101 101 101 92 92 92 107 107 107 98 98 98 101 101 101 128 128 128 107 107 143 134 134 134 137 137 137 128 128 128 143 143 143 134 134 134 137 137 137 128 128 128 143 143 
  Facilities: 16
 20 : 7 8 9 19 20 21 31 32 33
 26 : 13 14 15 25 26 27 37 38 39
 29 : 16 17 18 28 29 30 40 41 42
 35 : 12 22 23 24 34 35 36 46 47
 56 : 43 44 45 55 56 57 67 68 69
 62 : 49 50 51 61 62 63 73 74 75
 65 : 52 53 54 64 65 66 76 77 78
 71 : 48 58 59 60 70 71 72 82 83
 92 : 79 80 81 91 92 93 103 104 105
 98 : 85 86 87 97 98 99 109 110 111
 101 : 88 89 90 100 101 102 112 113 114
 107 : 84 94 95 96 106 107 108 118 119
 128 : 115 116 117 127 128 129 139 140 141
 134 : 1 2 3 121 122 123 133 134 135
 137 : 4 5 6 124 125 126 136 137 138
 143 : 0 10 11 120 130 131 132 142 143
SOLUTION:
  Value: -51248.000000
  Assigns: 143 2 2 2 5 5 5 20 20 20 143 143 35 2 2 2 5 5 5 20 20 20 35 35 35 38 38 38 41 41 41 20 20 20 35 35 35 38 38 38 41 41 41 56 56 56 35 35 71 38 38 38 41 41 41 56 56 56 71 71 71 74 74 74 77 77 77 56 56 56 71 71 71 74 74 74 77 77 77 92 92 92 71 71 107 74 74 74 77 77 77 92 92 92 107 107 107 110 110 110 113 113 113 92 92 116 107 107 107 110 110 110 113 113 113 116 116 116 107 107 143 110 110 110 113 113 113 116 116 116 143 143 143 2 2 2 5 5 5 128 128 128 143 143 
  Facilities: 17
 2 : 1 2 3 13 14 15 133 134 135
 5 : 4 5 6 16 17 18 136 137 138
 20 : 7 8 9 19 20 21 31 32 33
 35 : 12 22 23 24 34 35 36 46 47
 38 : 25 26 27 37 38 39 49 50 51
 41 : 28 29 30 40 41 42 52 53 54
 56 : 43 44 45 55 56 57 67 68 69
 71 : 48 58 59 60 70 71 72 82 83
 74 : 61 62 63 73 74 75 85 86 87
 77 : 64 65 66 76 77 78 88 89 90
 92 : 79 80 81 91 92 93 103 104
 107 : 84 94 95 96 106 107 108 118 119
 110 : 97 98 99 109 110 111 121 122 123
 113 : 100 101 102 112 113 114 124 125 126
 116 : 105 115 116 117 127 128 129
 128 : 139 140 141
 143 : 0 10 11 120 130 131 132 142 143
SOLUTION:
  Value: -54255.000000
  Assigns: 143 2 2 2 5 5 5 20 20 20 143 143 35 2 2 2 5 5 29 20 20 20 35 35 35 38 38 38 29 29 29 20 20 20 35 35 35 38 38 38 29 29 29 56 56 56 35 35 71 38 38 38 53 53 53 56 56 56 71 71 71 74 74 74 53 53 53 56 56 56 71 71 71 74 74 74 89 89 89 92 92 92 71 71 107 74 74 74 89 89 89 92 92 92 107 107 107 110 110 112 89 89 89 92 92 92 107 107 107 110 110 110 112 112 115 115 128 128 107 107 143 110 110 110 112 112 115 128 115 128 143 143 143 2 2 2 5 5 5 128 128 128 143 143 
  Facilities: 18
 2 : 1 2 3 13 14 15 133 134 135
 5 : 4 5 6 16 17 136 137 138
 20 : 7 8 9 19 20 21 31 32 33
 29 : 18 28 29 30 40 41 42
 35 : 12 22 23 24 34 35 36 46 47
 38 : 25 26 27 37 38 39 49 50 51
 53 : 52 53 54 64 65 66
 56 : 43 44 45 55 56 57 67 68 69
 71 : 48 58 59 60 70 71 72 82 83
 74 : 61 62 63 73 74 75 85 86 87
 89 : 76 77 78 88 89 90 100 101 102
 92 : 79 80 81 91 92 93 103 104 105
 107 : 84 94 95 96 106 107 108 118 119
 110 : 97 98 109 110 111 121 122 123
 112 : 99 112 113 124 125
 115 : 114 115 126 128
 128 : 116 117 127 129 139 140 141
 143 : 0 10 11 120 130 131 132 142 143
SOLUTION:
  Value: -57242.000000
  Assigns: 143 2 2 2 5 5 5 20 20 20 143 143 35 2 2 26 5 5 29 20 20 20 35 35 35 26 38 38 29 29 29 20 20 20 35 35 35 38 26 38 29 29 29 56 56 56 35 35 71 38 38 38 53 53 53 56 56 56 71 71 71 74 74 74 53 53 53 56 56 56 71 71 71 74 74 74 89 89 89 92 92 92 71 71 107 74 74 74 89 89 89 92 92 92 107 107 107 110 110 112 89 89 89 92 92 92 107 107 107 110 110 112 112 112 127 127 127 130 107 107 143 110 110 112 112 112 127 127 127 130 143 143 143 2 2 2 5 5 127 127 127 130 130 130 
  Facilities: 19
 2 : 1 2 3 13 14 133 134 135
 5 : 4 5 6 16 17 136 137
 20 : 7 8 9 19 20 21 31 32 33
 26 : 15 25 38
 29 : 18 28 29 30 40 41 42
 35 : 12 22 23 24 34 35 36 46 47
 38 : 26 27 37 39 49 50 51
 53 : 52 53 54 64 65 66
 56 : 43 44 45 55 56 57 67 68 69
 71 : 48 58 59 60 70 71 72 82 83
 74 : 61 62 63 73 74 75 85 86 87
 89 : 76 77 78 88 89 90 100 101 102
 92 : 79 80 81 91 92 93 103 104 105
 107 : 84 94 95 96 106 107 108 118 119
 110 : 97 98 109 110 121 122
 112 : 99 111 112 113 123 124 125
 127 : 114 115 116 126 127 128 138 139 140
 130 : 117 129 141 142 143
 143 : 0 10 11 120 130 131 132
SOLUTION:
  Value: -60217.000000
  Assigns: 143 2 2 2 5 5 5 20 139 20 143 10 35 2 2 2 5 5 5 20 20 10 10 35 35 38 38 38 41 41 41 20 20 20 35 35 35 38 38 38 41 41 41 56 56 56 35 35 71 38 38 38 41 41 41 56 56 56 71 71 71 74 74 74 77 77 77 56 56 56 71 71 71 74 74 74 77 77 91 91 91 93 93 71 107 74 74 74 77 77 77 91 93 93 93 107 107 110 110 112 113 113 113 91 116 116 93 107 107 110 110 110 113 112 113 116 116 116 107 107 143 110 110 110 113 112 139 116 139 116 143 143 143 2 2 2 5 5 5 139 139 10 10 10 
  Facilities: 20
 2 : 1 2 3 13 14 15 133 134 135
 5 : 4 5 6 16 17 18 136 137 138
 10 : 11 21 22 141 142 143
 20 : 7 9 19 20 31 32 33
 35 : 12 23 24 34 35 36 46 47
 38 : 25 26 27 37 38 39 49 50 51
 41 : 28 29 30 40 41 42 52 53 54
 56 : 43 44 45 55 56 57 67 68 69
 71 : 48 58 59 60 70 71 72 83
 74 : 61 62 63 73 74 75 85 86 87
 77 : 64 65 66 76 77 88 89 90
 91 : 78 79 80 91 103
 93 : 81 82 92 93 94 106
 107 : 84 95 96 107 108 118 119
 110 : 97 98 109 110 111 121 122 123
 112 : 99 113 125
 113 : 100 101 102 112 114 124
 116 : 104 105 115 116 117 127 129
 139 : 8 126 128 139 140
 143 : 0 10 120 130 131 132
SOLUTION:
  Value: -69242.000000
  Assigns: 143 134 134 2 5 5 5 8 8 8 143 143 35 2 2 2 5 5 5 8 8 8 35 35 35 38 38 38 41 41 41 44 44 44 35 35 35 38 38 38 41 41 41 56 44 56 35 35 71 38 38 38 65 41 65 44 56 56 71 71 71 73 74 74 65 65 65 56 81 56 71 71 71 74 73 74 89 89 89 92 81 92 81 71 96 96 99 74 89 89 89 92 92 92 81 96 108 108 99 112 89 89 89 114 92 117 117 108 96 108 99 112 112 114 114 114 117 117 117 96 143 134 134 134 112 112 114 114 117 117 143 108 143 2 134 2 5 5 5 8 8 8 143 143 
  Facilities: 23
 2 : 3 13 14 15 133 135
 5 : 4 5 6 16 17 18 136 137 138
 8 : 7 8 9 19 20 21 139 140 141
 35 : 12 22 23 24 34 35 36 46 47
 38 : 25 26 27 37 38 39 49 50 51
 41 : 28 29 30 40 41 42 53
 44 : 31 32 33 44 55
 56 : 43 45 56 57 67 69
 65 : 52 54 64 65 66
 71 : 48 58 59 60 70 71 72 83
 73 : 61 74
 74 : 62 63 73 75 87
 81 : 68 80 82 94
 89 : 76 77 78 88 89 90 100 101 102
 92 : 79 81 91 92 93 104
 96 : 84 85 95 108 119
 99 : 86 98 110
 108 : 96 97 107 109 131
 112 : 99 111 112 124 125
 114 : 103 113 114 115 126 127
 117 : 105 106 116 117 118 128 129
 134 : 1 2 121 122 123 134
 143 : 0 10 11 120 130 132 142 143
SOLUTION:
  Value: -75250.000000
  Assigns: 143 134 134 2 5 5 7 7 7 10 143 10 35 2 2 26 5 5 5 7 7 10 10 35 47 26 26 28 28 28 43 44 44 44 35 35 35 26 26 26 28 28 43 56 44 56 35 35 47 62 62 62 65 65 43 44 56 56 47 47 83 62 62 62 65 65 65 56 81 56 83 83 83 62 62 62 89 89 89 92 81 92 83 83 83 96 99 99 89 89 89 92 92 92 83 96 108 108 99 112 89 89 89 92 92 117 117 108 96 108 99 112 112 112 115 115 117 117 117 96 143 134 134 134 112 112 115 115 115 117 143 108 143 2 134 2 5 5 5 7 7 10 10 10 
  Facilities: 25
 2 : 3 13 14 133 135
 5 : 4 5 16 17 18 136 137 138
 7 : 6 7 8 19 20 139 140
 10 : 9 11 21 22 141 142 143
 26 : 15 25 26 37 38 39
 28 : 27 28 29 40 41
 35 : 12 23 34 35 36 46 47
 43 : 30 42 54
 44 : 31 32 33 44 55
 47 : 24 48 58 59
 56 : 43 45 56 57 67 69
 62 : 49 50 51 61 62 63 73 74 75
 65 : 52 53 64 65 66
 81 : 68 80
 83 : 60 70 71 72 82 83 84 94
 89 : 76 77 78 88 89 90 100 101 102
 92 : 79 81 91 92 93 103 104
 96 : 85 95 108 119
 99 : 86 87 98 110
 108 : 96 97 107 109 131
 112 : 99 111 112 113 124 125
 115 : 114 115 126 127 128
 117 : 105 106 116 117 118 129
 134 : 1 2 121 122 123 134
 143 : 0 10 120 130 132
SOLUTION:
  Value: -78255.000000
  Assigns: 143 134 134 2 5 5 5 8 8 8 143 143 35 2 2 26 5 5 5 18 8 8 35 35 47 26 38 28 28 18 18 18 44 44 35 35 35 38 26 38 28 28 43 43 44 44 35 35 47 38 38 38 65 65 43 44 43 44 47 47 83 73 74 74 65 65 78 78 81 81 83 83 83 74 73 74 89 89 89 92 81 92 83 83 83 74 99 74 89 78 89 92 92 92 83 83 108 108 99 112 89 89 89 92 92 117 117 108 108 108 99 112 112 112 115 115 117 117 117 108 143 134 134 134 112 112 115 115 115 117 143 108 143 2 134 2 5 5 5 8 8 8 143 143 
  Facilities: 26
 2 : 3 13 14 133 135
 5 : 4 5 6 16 17 18 136 137 138
 8 : 7 8 9 20 21 139 140 141
 18 : 19 29 30 31
 26 : 15 25 38
 28 : 27 28 40 41
 35 : 12 22 23 34 35 36 46 47
 38 : 26 37 39 49 50 51
 43 : 42 43 54 56
 44 : 32 33 44 45 55 57
 47 : 24 48 58 59
 65 : 52 53 64 65
 73 : 61 74
 74 : 62 63 73 75 85 87
 78 : 66 67 89
 81 : 68 69 80
 83 : 60 70 71 72 82 83 84 94 95
 89 : 76 77 78 88 90 100 101 102
 92 : 79 81 91 92 93 103 104
 99 : 86 98 110
 108 : 96 97 107 108 109 119 131
 112 : 99 111 112 113 124 125
 115 : 114 115 126 127 128
 117 : 105 106 116 117 118 129
 134 : 1 2 121 122 123 134
 143 : 0 10 11 120 130 132 142 143
SOLUTION:
  Value: -81236.000000
  Assigns: 143 134 134 2 5 5 5 20 20 20 143 12 35 2 2 2 5 5 5 20 20 8 35 12 35 12 38 38 41 41 41 20 20 20 35 35 35 38 38 38 41 41 41 43 44 44 35 35 71 38 38 38 65 41 43 44 43 44 71 71 71 73 74 74 65 65 78 78 81 81 71 71 71 74 73 74 89 89 89 78 81 93 93 71 73 96 99 74 89 78 89 78 93 93 93 96 108 108 99 112 89 89 89 114 117 117 117 108 96 108 99 112 112 114 114 114 129 117 117 96 143 134 134 134 112 112 114 114 129 129 129 108 143 2 134 2 5 5 5 8 8 8 129 143 
  Facilities: 27
 2 : 3 13 14 15 133 135
 5 : 4 5 6 16 17 18 136 137 138
 8 : 21 139 140 141
 12 : 11 23 25
 20 : 7 8 9 19 20 31 32 33
 35 : 12 22 24 34 35 36 46 47
 38 : 26 27 37 38 39 49 50 51
 41 : 28 29 30 40 41 42 53
 43 : 43 54 56
 44 : 44 45 55 57
 65 : 52 64 65
 71 : 48 58 59 60 70 71 72 83
 73 : 61 74 84
 74 : 62 63 73 75 87
 78 : 66 67 79 89 91
 81 : 68 69 80
 89 : 76 77 78 88 90 100 101 102
 93 : 81 82 92 93 94
 96 : 85 95 108 119
 99 : 86 98 110
 108 : 96 97 107 109 131
 112 : 99 111 112 124 125
 114 : 103 113 114 115 126 127
 117 : 104 105 106 117 118
 129 : 116 128 129 130 142
 134 : 1 2 121 122 123 134
 143 : 0 10 120 132 143
SOLUTION:
  Value: -81254.000000
  Assigns: 143 2 2 2 5 5 5 8 8 8 143 143 35 2 2 26 5 5 5 18 8 8 35 35 47 26 26 28 28 18 18 18 44 44 35 35 35 26 26 26 28 28 43 56 44 56 35 35 48 62 62 62 65 65 43 44 56 56 47 48 83 62 62 62 65 65 65 56 81 56 83 48 83 62 62 62 89 89 89 92 81 92 83 83 83 96 99 99 89 89 89 92 92 92 83 96 108 108 99 112 89 89 89 92 92 117 117 108 96 108 99 112 111 112 115 115 129 117 117 96 143 108 111 112 111 112 115 115 129 129 129 108 143 2 2 2 5 5 5 8 8 8 129 143 
  Facilities: 27
 2 : 1 2 3 13 14 133 134 135
 5 : 4 5 6 16 17 18 136 137 138
 8 : 7 8 9 20 21 139 140 141
 18 : 19 29 30 31
 26 : 15 25 26 37 38 39
 28 : 27 28 40 41
 35 : 12 22 23 34 35 36 46 47
 43 : 42 54
 44 : 32 33 44 55
 47 : 24 58
 48 : 48 59 71
 56 : 43 45 56 57 67 69
 62 : 49 50 51 61 62 63 73 74 75
 65 : 52 53 64 65 66
 81 : 68 80
 83 : 60 70 72 82 83 84 94
 89 : 76 77 78 88 89 90 100 101 102
 92 : 79 81 91 92 93 103 104
 96 : 85 95 108 119
 99 : 86 87 98 110
 108 : 96 97 107 109 121 131
 111 : 112 122 124
 112 : 99 111 113 123 125
 115 : 114 115 126 127
 117 : 105 106 117 118
 129 : 116 128 129 130 142
 143 : 0 10 11 120 132 143
