# Time: 2342.290039
# Elapsed: 733.340332
# Input_file: splp/Chess/634ChessS.txt
# Pool_size: 400
# Iterations: 39
# Final_solutions: 14944
# Vision_range: 600
# Reduction_mode: REDUCTION_DISPERSE
# Dissimilitude: DISSIM_MSE
# Facility_dist: FDISMODE_MINDIST
SOLUTION:
  Value: -54198.000000
  Assigns: 132 132 135 135 135 18 18 18 141 141 141 132 25 25 25 27 27 18 18 31 31 34 34 34 25 25 25 27 27 41 31 31 31 34 34 34 25 25 27 27 27 41 41 31 31 34 34 34 71 62 62 62 41 41 41 68 68 68 71 71 71 62 62 62 77 77 77 68 68 68 71 71 71 62 62 62 77 77 77 68 68 68 71 71 107 98 98 98 77 77 77 104 104 104 107 107 107 98 98 98 113 113 113 104 104 104 107 107 107 98 98 98 113 113 126 104 104 104 107 107 132 132 135 135 135 126 126 126 141 141 141 132 132 132 135 135 135 126 126 126 141 141 141 132 
  Facilities: 18
 18 : 5 6 7 17 18
 25 : 12 13 14 24 25 26 36 37
 27 : 15 16 27 28 38 39 40
 31 : 19 20 30 31 32 43 44
 34 : 21 22 23 33 34 35 45 46 47
 41 : 29 41 42 52 53 54
 62 : 49 50 51 61 62 63 73 74 75
 68 : 55 56 57 67 68 69 79 80 81
 71 : 48 58 59 60 70 71 72 82 83
 77 : 64 65 66 76 77 78 88 89 90
 98 : 85 86 87 97 98 99 109 110 111
 104 : 91 92 93 103 104 105 115 116 117
 107 : 84 94 95 96 106 107 108 118 119
 113 : 100 101 102 112 113
 126 : 114 125 126 127 137 138 139
 132 : 0 1 11 120 121 131 132 133 143
 135 : 2 3 4 122 123 124 134 135 136
 141 : 8 9 10 128 129 130 140 141 142
SOLUTION:
  Value: -57194.000000
  Assigns: 132 132 135 135 135 6 6 6 141 141 141 132 25 25 25 27 27 6 31 31 31 34 34 34 25 25 25 27 27 41 31 31 31 34 34 34 25 25 27 27 27 41 41 31 31 34 34 34 71 62 62 62 41 41 41 68 68 68 71 71 71 62 62 62 77 77 77 68 68 68 71 71 71 62 62 62 77 77 77 68 68 68 71 71 107 98 98 98 77 101 77 104 104 104 107 107 107 98 98 98 101 101 101 104 104 104 107 107 131 98 98 98 101 101 126 104 104 104 131 131 132 132 135 135 135 126 126 126 141 141 131 132 132 132 135 135 135 6 126 126 141 141 141 131 
  Facilities: 19
 6 : 5 6 7 17 137
 25 : 12 13 14 24 25 26 36 37
 27 : 15 16 27 28 38 39 40
 31 : 18 19 20 30 31 32 43 44
 34 : 21 22 23 33 34 35 45 46 47
 41 : 29 41 42 52 53 54
 62 : 49 50 51 61 62 63 73 74 75
 68 : 55 56 57 67 68 69 79 80 81
 71 : 48 58 59 60 70 71 72 82 83
 77 : 64 65 66 76 77 78 88 90
 98 : 85 86 87 97 98 99 109 110 111
 101 : 89 100 101 102 112 113
 104 : 91 92 93 103 104 105 115 116 117
 107 : 84 94 95 96 106 107
 126 : 114 125 126 127 138 139
 131 : 108 118 119 130 143
 132 : 0 1 11 120 121 131 132 133
 135 : 2 3 4 122 123 124 134 135 136
 141 : 8 9 10 128 129 140 141 142
SOLUTION:
  Value: -63238.000000
  Assigns: 132 132 135 135 135 18 18 18 9 9 9 132 24 24 27 27 27 18 18 18 9 9 9 24 24 24 27 27 27 18 18 18 45 45 45 24 48 48 27 27 27 54 54 54 45 45 45 24 48 48 63 63 63 54 54 54 45 70 69 70 48 48 63 63 63 78 54 78 69 69 70 48 72 72 63 63 63 78 78 78 69 70 69 70 96 98 98 98 99 78 78 78 105 105 105 72 96 96 98 98 99 102 102 102 105 105 105 96 96 98 98 99 99 126 126 126 129 105 105 96 132 132 135 135 135 126 126 126 129 129 129 132 132 132 135 135 135 126 126 126 9 129 9 132 
  Facilities: 21
 9 : 8 9 10 20 21 22 140 142
 18 : 5 6 7 17 18 19 29 30 31
 24 : 12 13 23 24 25 35 47
 27 : 14 15 16 26 27 28 38 39 40
 45 : 32 33 34 44 45 46 56
 48 : 36 37 48 49 60 61 71
 54 : 41 42 43 53 54 55 66
 63 : 50 51 52 62 63 64 74 75 76
 69 : 58 68 69 80 82
 70 : 57 59 70 81 83
 72 : 72 73 95
 78 : 65 67 77 78 79 89 90 91
 96 : 84 96 97 107 108 119
 98 : 85 86 87 98 99 109 110
 99 : 88 100 111 112
 102 : 101 102 103
 105 : 92 93 94 104 105 106 117 118
 126 : 113 114 115 125 126 127 137 138 139
 129 : 116 128 129 130 141
 132 : 0 1 11 120 121 131 132 133 143
 135 : 2 3 4 122 123 124 134 135 136
SOLUTION:
  Value: -66175.000000
  Assigns: 132 132 135 135 135 6 6 6 141 141 141 132 25 25 25 27 27 6 6 32 32 32 34 34 25 25 39 39 27 42 42 42 32 32 34 34 25 25 39 27 39 42 42 32 32 34 34 34 71 62 62 62 39 64 42 42 69 69 69 71 71 62 62 62 64 77 77 78 69 69 71 71 71 62 62 62 64 78 77 92 69 92 69 71 107 98 98 98 77 78 77 78 105 105 107 107 107 98 98 98 113 113 113 92 92 92 107 107 107 98 98 98 113 113 126 126 105 105 105 107 132 132 135 135 135 126 126 126 141 141 141 132 132 132 135 135 135 6 126 126 141 141 141 132 
  Facilities: 22
 6 : 5 6 7 17 18 137
 25 : 12 13 14 24 25 36 37
 27 : 15 16 28 39
 32 : 19 20 21 32 33 43 44
 34 : 22 23 34 35 45 46 47
 39 : 26 27 38 40 52
 42 : 29 30 31 41 42 54 55
 62 : 49 50 51 61 62 63 73 74 75
 64 : 53 64 76
 69 : 56 57 58 68 69 80 82
 71 : 48 59 60 70 71 72 83
 77 : 65 66 78 88 90
 78 : 67 77 89 91
 92 : 79 81 103 104 105
 98 : 85 86 87 97 98 99 109 110 111
 105 : 92 93 116 117 118
 107 : 84 94 95 96 106 107 108 119
 113 : 100 101 102 112 113
 126 : 114 115 125 126 127 138 139
 132 : 0 1 11 120 121 131 132 133 143
 135 : 2 3 4 122 123 124 134 135 136
 141 : 8 9 10 128 129 130 140 141 142
SOLUTION:
  Value: -75163.000000
  Assigns: 132 132 135 135 135 18 18 8 141 141 141 132 25 25 25 28 28 28 18 8 8 8 34 34 25 25 39 39 39 28 42 18 43 34 34 34 25 25 39 28 39 42 42 43 43 34 34 34 71 62 62 62 39 42 43 43 43 68 71 71 71 62 62 62 77 77 77 78 68 68 71 71 71 62 87 62 87 78 77 78 68 68 95 95 96 96 99 99 77 78 77 78 105 105 106 95 96 96 87 87 99 102 102 104 104 106 95 96 96 96 99 99 99 126 126 104 105 104 105 96 132 132 135 135 135 126 126 126 141 141 141 132 132 132 135 135 135 126 126 126 141 141 141 132 
  Facilities: 25
 8 : 7 19 20 21
 18 : 5 6 18 31
 25 : 12 13 14 24 25 36 37
 28 : 15 16 17 29 39
 34 : 22 23 33 34 35 45 46 47
 39 : 26 27 28 38 40 52
 42 : 30 41 42 53
 43 : 32 43 44 54 55 56
 62 : 49 50 51 61 62 63 73 75
 68 : 57 68 69 80 81
 71 : 48 58 59 60 70 71 72
 77 : 64 65 66 78 88 90
 78 : 67 77 79 89 91
 87 : 74 76 98 99
 95 : 82 83 95 106
 96 : 84 85 96 97 107 108 109 119
 99 : 86 87 100 110 111 112
 102 : 101 102
 104 : 103 104 115 117
 105 : 92 93 116 118
 106 : 94 105
 126 : 113 114 125 126 127 137 138 139
 132 : 0 1 11 120 121 131 132 133 143
 135 : 2 3 4 122 123 124 134 135 136
 141 : 8 9 10 128 129 130 140 141 142
SOLUTION:
  Value: -78220.000000
  Assigns: 132 132 135 135 135 137 6 6 9 9 9 132 24 24 27 27 27 6 6 6 9 34 34 34 24 24 27 40 27 40 43 43 43 34 34 34 24 24 27 27 27 40 43 43 43 34 34 24 61 61 63 63 63 40 43 43 43 70 70 70 61 61 63 63 63 78 78 78 80 80 70 72 72 61 87 63 87 78 78 80 93 93 70 70 96 98 98 98 87 78 78 78 105 105 93 72 96 96 87 98 87 102 102 102 93 93 105 96 96 98 98 123 123 126 126 126 129 105 105 96 132 132 135 135 135 126 126 126 129 129 129 132 11 132 135 135 135 6 126 126 9 129 9 132 
  Facilities: 26
 6 : 6 7 17 18 19 137
 9 : 8 9 10 20 140 142
 11 : 132
 24 : 12 13 24 25 36 37 47
 27 : 14 15 16 26 28 38 39 40
 34 : 21 22 23 33 34 35 45 46
 40 : 27 29 41 53
 43 : 30 31 32 42 43 44 54 55 56
 61 : 48 49 60 61 73
 63 : 50 51 52 62 63 64 75
 70 : 57 58 59 70 82 83
 72 : 71 72 95
 78 : 65 66 67 77 78 89 90 91
 80 : 68 69 79
 87 : 74 76 88 98 100
 93 : 80 81 94 104 105
 96 : 84 96 97 107 108 119
 98 : 85 86 87 99 109 110
 102 : 101 102 103
 105 : 92 93 106 117 118
 123 : 111 112
 126 : 113 114 115 125 126 127 138 139
 129 : 116 128 129 130 141
 132 : 0 1 11 120 121 131 133 143
 135 : 2 3 4 122 123 124 134 135 136
 137 : 5
SOLUTION:
  Value: -81212.000000
  Assigns: 132 132 135 135 135 137 6 6 141 141 141 132 23 24 27 27 27 6 6 19 19 22 11 24 23 24 27 27 27 42 42 42 19 22 23 24 48 48 27 27 27 42 42 42 57 57 57 24 48 48 63 63 63 42 67 42 67 70 57 70 48 48 63 63 63 78 67 78 57 57 70 48 72 72 87 63 87 78 78 67 67 70 70 70 72 98 98 98 87 78 78 78 105 105 105 72 108 98 87 98 87 102 102 102 105 105 105 108 108 98 98 123 123 126 126 126 105 105 105 108 108 132 135 135 135 126 126 126 141 141 141 132 11 132 135 135 135 6 126 126 141 141 141 132 
  Facilities: 27
 6 : 6 7 17 18 137
 9 :
 11 : 22 132
 19 : 19 20 32
 22 : 21 33
 23 : 12 24 34
 24 : 13 23 25 35 47
 27 : 14 15 16 26 27 28 38 39 40
 42 : 29 30 31 41 42 43 53 55
 48 : 36 37 48 49 60 61 71
 57 : 44 45 46 58 68 69
 63 : 50 51 52 62 63 64 75
 67 : 54 56 66 79 80
 70 : 57 59 70 81 82 83
 72 : 72 73 84 95
 78 : 65 67 77 78 89 90 91
 87 : 74 76 88 98 100
 98 : 85 86 87 97 99 109 110
 102 : 101 102 103
 105 : 92 93 94 104 105 106 116 117 118
 108 : 96 107 108 119 120
 123 : 111 112
 126 : 113 114 115 125 126 127 138 139
 132 : 0 1 11 121 131 133 143
 135 : 2 3 4 122 123 124 134 135 136
 137 : 5
 141 : 8 9 10 128 129 130 140 141 142
SOLUTION:
  Value: -81228.000000
  Assigns: 132 132 135 135 135 137 6 6 9 9 22 132 24 24 27 27 27 6 6 6 9 22 11 24 24 24 27 27 27 42 42 42 45 22 45 24 48 48 51 51 27 42 42 56 56 56 45 24 48 48 51 51 51 42 42 42 45 70 70 70 48 48 51 51 51 78 78 78 56 56 70 48 72 72 87 87 87 78 78 92 92 70 70 70 72 98 98 98 87 78 78 78 105 105 106 106 108 98 87 98 87 102 102 92 92 92 106 108 108 98 98 123 123 126 126 126 129 106 105 108 108 132 135 135 135 126 126 126 129 129 129 132 11 132 135 135 135 6 126 126 129 129 9 132 
  Facilities: 27
 6 : 6 7 17 18 19 137
 9 : 8 9 20 142
 11 : 22 132
 22 : 10 21 33
 24 : 12 13 23 24 25 35 47
 27 : 14 15 16 26 27 28 40
 42 : 29 30 31 41 42 53 54 55
 45 : 32 34 46 56
 48 : 36 37 48 49 60 61 71
 51 : 38 39 50 51 52 62 63 64
 56 : 43 44 45 68 69
 70 : 57 58 59 70 81 82 83
 72 : 72 73 84
 78 : 65 66 67 77 78 89 90 91
 87 : 74 75 76 88 98 100
 92 : 79 80 103 104 105
 98 : 85 86 87 97 99 109 110
 102 : 101 102
 105 : 92 93 118
 106 : 94 95 106 117
 108 : 96 107 108 119 120
 123 : 111 112
 126 : 113 114 115 125 126 127 138 139
 129 : 116 128 129 130 140 141
 132 : 0 1 11 121 131 133 143
 135 : 2 3 4 122 123 124 134 135 136
 137 : 5
SOLUTION:
  Value: -81230.000000
  Assigns: 132 132 135 135 135 137 6 6 9 9 22 132 24 24 27 27 27 6 6 6 33 22 11 24 24 24 27 27 27 42 42 42 33 22 22 24 24 24 27 27 27 42 42 42 33 57 33 24 61 61 63 63 63 42 42 42 57 70 57 70 61 61 63 63 63 78 78 78 57 57 70 72 72 61 87 63 87 78 78 92 92 70 70 70 72 98 98 98 87 78 78 78 105 105 106 106 108 98 87 98 87 102 102 92 92 92 106 108 108 98 98 123 123 126 126 126 129 106 105 108 108 132 135 135 135 126 126 126 129 129 129 132 11 132 135 135 135 6 126 126 129 129 9 132 
  Facilities: 27
 6 : 6 7 17 18 19 137
 9 : 8 9 142
 11 : 22 132
 22 : 10 21 33 34
 24 : 12 13 23 24 25 35 36 37 47
 27 : 14 15 16 26 27 28 38 39 40
 33 : 20 32 44 46
 42 : 29 30 31 41 42 43 53 54 55
 57 : 45 56 58 68 69
 61 : 48 49 60 61 73
 63 : 50 51 52 62 63 64 75
 70 : 57 59 70 81 82 83
 72 : 71 72 84
 78 : 65 66 67 77 78 89 90 91
 87 : 74 76 88 98 100
 92 : 79 80 103 104 105
 98 : 85 86 87 97 99 109 110
 102 : 101 102
 105 : 92 93 118
 106 : 94 95 106 117
 108 : 96 107 108 119 120
 123 : 111 112
 126 : 113 114 115 125 126 127 138 139
 129 : 116 128 129 130 140 141
 132 : 0 1 11 121 131 133 143
 135 : 2 3 4 122 123 124 134 135 136
 137 : 5
SOLUTION:
  Value: -84214.000000
  Assigns: 132 132 135 135 135 137 6 6 9 9 22 132 24 24 27 27 27 6 6 6 9 22 22 24 24 24 27 27 27 42 42 42 43 22 22 24 49 24 27 27 27 42 42 43 43 57 57 24 49 49 49 63 63 42 43 43 43 70 57 70 49 49 63 63 63 78 78 78 57 57 70 72 83 72 87 63 87 78 91 78 91 70 83 83 83 98 98 98 87 78 78 78 105 105 106 106 108 98 87 98 87 102 91 91 91 106 106 108 108 98 98 123 123 126 126 126 129 106 105 108 108 132 135 135 135 126 126 126 129 129 129 132 11 132 135 135 135 6 126 126 129 129 9 132 
  Facilities: 28
 6 : 6 7 17 18 19 137
 9 : 8 9 20 142
 11 : 132
 22 : 10 21 22 33 34
 24 : 12 13 23 24 25 35 37 47
 27 : 14 15 16 26 27 28 38 39 40
 42 : 29 30 31 41 42 53
 43 : 32 43 44 54 55 56
 49 : 36 48 49 50 60 61
 57 : 45 46 58 68 69
 63 : 51 52 62 63 64 75
 70 : 57 59 70 81
 72 : 71 73
 78 : 65 66 67 77 79 89 90 91
 83 : 72 82 83 84
 87 : 74 76 88 98 100
 91 : 78 80 102 103 104
 98 : 85 86 87 97 99 109 110
 102 : 101
 105 : 92 93 118
 106 : 94 95 105 106 117
 108 : 96 107 108 119 120
 123 : 111 112
 126 : 113 114 115 125 126 127 138 139
 129 : 116 128 129 130 140 141
 132 : 0 1 11 121 131 133 143
 135 : 2 3 4 122 123 124 134 135 136
 137 : 5
