# Time: 977.939941
# Elapsed: 210.318069
# Input_file: splp/GapA/1332GapAS.txt
# Pool_size: 400
# Iterations: 21
# Final_solutions: 7700
# Vision_range: 600
# Reduction_mode: REDUCTION_DISPERSE
# Dissimilitude: DISSIM_CLIENTDELTA
SOLUTION:
  Value: -39145.000000
  Assigns: 65 58 3 19 37 37 96 58 81 57 34 3 70 19 75 65 96 70 16 34 16 57 81 65 3 65 10 58 81 58 10 70 3 10 65 96 81 81 65 81 96 34 37 96 81 37 37 81 3 65 10 58 81 58 75 81 75 16 75 57 58 70 19 57 34 3 57 3 57 57 70 96 81 3 75 57 81 65 70 37 75 58 19 3 70 75 10 16 16 10 96 16 16 19 34 96 10 3 70 58 
  Facilities: 13
 3 : 2 11 24 32 48 65 67 73 83 97
 10 : 26 30 33 50 86 89 96
 16 : 18 20 57 87 88 91 92
 19 : 3 13 62 82 93
 34 : 10 19 41 64 94
 37 : 4 5 42 45 46 79
 57 : 9 21 59 63 66 68 69 75
 58 : 1 7 27 29 51 53 60 81 99
 65 : 0 15 23 25 34 38 49 77
 70 : 12 17 31 61 70 78 84 98
 75 : 14 54 56 58 74 80 85
 81 : 8 22 28 36 37 39 44 47 52 55 72 76
 96 : 6 16 35 40 43 71 90 95
SOLUTION:
  Value: -42140.000000
  Assigns: 65 24 31 24 31 3 97 51 97 57 31 3 65 65 36 65 96 57 57 97 36 36 81 97 3 65 31 31 81 24 73 31 3 95 65 73 64 81 65 81 96 24 64 96 81 95 24 81 73 64 51 64 81 97 96 81 31 36 64 57 97 36 64 64 27 64 57 3 27 57 27 64 81 97 24 57 73 65 97 73 96 27 73 3 51 24 36 97 24 65 96 96 95 73 51 73 81 24 95 73 
  Facilities: 14
 3 : 5 11 24 32 67 83
 24 : 1 3 29 41 46 74 85 88 97
 27 : 64 68 70 81
 31 : 2 4 10 26 27 31 56
 36 : 14 20 21 57 61 86
 51 : 7 50 84 94
 57 : 9 17 18 59 66 69 75
 64 : 36 42 49 51 58 62 63 65 71
 65 : 0 12 13 15 25 34 38 77 89
 73 : 30 35 48 76 79 82 93 95 99
 81 : 22 28 37 39 44 47 52 55 72 96
 95 : 33 45 92 98
 96 : 16 40 43 54 80 90 91
 97 : 6 8 19 23 53 60 73 78 87
SOLUTION:
  Value: -45123.000000
  Assigns: 3 22 59 24 14 37 3 59 81 57 22 3 68 19 68 19 22 9 57 14 56 68 81 22 3 95 68 19 81 24 81 27 3 95 56 95 81 81 59 19 37 22 37 68 22 95 37 81 27 59 68 14 81 59 14 81 22 93 9 57 93 93 19 57 27 3 57 3 27 57 27 22 81 3 59 57 81 59 9 37 37 27 19 3 68 24 93 14 24 56 57 22 9 19 9 59 59 24 95 57 
  Facilities: 15
 3 : 0 6 11 24 32 65 67 73 83
 9 : 17 58 78 92 94
 14 : 4 19 51 54 87
 19 : 13 15 27 39 62 82 93
 22 : 1 10 16 23 41 44 56 71 91
 24 : 3 29 85 88 97
 27 : 31 48 64 68 70 81
 37 : 5 40 42 46 79 80
 56 : 20 34 89
 57 : 9 18 59 63 66 69 75 90 99
 59 : 2 7 38 49 53 74 77 95 96
 68 : 12 14 21 26 43 50 84
 81 : 8 22 28 30 36 37 47 52 55 72 76
 93 : 57 60 61 86
 95 : 25 33 35 45 98
SOLUTION:
  Value: -48103.000000
  Assigns: 33 58 4 24 14 7 96 58 81 57 58 6 84 65 65 65 96 7 32 14 6 57 81 84 4 84 10 58 81 24 10 73 14 10 65 73 81 81 7 4 96 24 32 96 26 26 7 81 84 65 10 58 81 58 26 32 7 84 7 57 58 7 4 33 33 81 57 7 32 57 32 96 81 4 7 57 73 32 26 33 58 58 73 33 6 24 10 14 24 10 96 96 6 73 14 73 10 32 4 73 
  Facilities: 16
 4 : 2 24 39 62 73 98
 6 : 11 20 84 92
 7 : 5 17 38 46 56 58 61 67 74
 10 : 26 30 33 50 86 89 96
 14 : 4 19 32 87 94
 24 : 3 29 41 85 88
 26 : 44 45 54 78
 32 : 18 42 55 68 70 77 97
 33 : 0 63 64 79 83
 57 : 9 21 59 66 69 75
 58 : 1 7 10 27 51 53 60 80 81
 65 : 13 14 15 34 49
 73 : 31 35 76 82 93 95 99
 81 : 8 22 28 36 37 47 52 65 72
 84 : 12 23 25 48 57
 96 : 6 16 40 43 71 90 91
SOLUTION:
  Value: -51093.000000
  Assigns: 65 58 4 24 14 7 96 58 81 57 58 3 84 65 65 65 96 7 32 14 16 57 81 84 4 84 10 58 81 24 10 27 14 10 65 73 81 81 7 4 96 24 32 96 26 26 7 81 84 65 10 58 81 58 26 32 7 84 7 57 58 7 4 57 27 3 57 7 27 57 27 96 81 4 7 57 73 32 26 16 58 58 73 3 26 24 10 16 24 10 96 16 16 73 14 73 10 32 4 73 
  Facilities: 17
 3 : 11 65 83
 4 : 2 24 39 62 73 98
 7 : 5 17 38 46 56 58 61 67 74
 10 : 26 30 33 50 86 89 96
 14 : 4 19 32 94
 16 : 20 79 87 91 92
 24 : 3 29 41 85 88
 26 : 44 45 54 78 84
 27 : 31 64 68 70
 32 : 18 42 55 77 97
 57 : 9 21 59 63 66 69 75
 58 : 1 7 10 27 51 53 60 80 81
 65 : 0 13 14 15 34 49
 73 : 35 76 82 93 95 99
 81 : 8 22 28 36 37 47 52 72
 84 : 12 23 25 48 57
 96 : 6 16 40 43 71 90
SOLUTION:
  Value: -51094.000000
  Assigns: 3 58 59 77 5 37 3 58 81 57 5 3 84 19 92 19 96 9 57 5 56 57 81 84 3 84 10 58 81 58 10 52 3 10 56 96 81 81 59 81 96 5 37 96 26 26 37 81 5 59 10 58 81 58 26 81 92 84 9 57 58 19 19 57 77 3 57 52 77 57 92 96 81 5 59 57 81 59 26 37 58 58 19 3 26 77 10 57 52 56 96 56 9 52 9 96 59 3 77 58 
  Facilities: 17
 3 : 0 6 11 24 32 65 83 97
 5 : 4 10 19 41 48 73
 9 : 17 58 92 94
 10 : 26 30 33 50 86
 19 : 13 15 61 62 82
 26 : 44 45 54 78 84
 37 : 5 42 46 79
 52 : 31 67 88 93
 56 : 20 34 89 91
 57 : 9 18 21 59 63 66 69 75 87
 58 : 1 7 27 29 51 53 60 80 81 99
 59 : 2 38 49 74 77 96
 77 : 3 64 68 85 98
 81 : 8 22 28 36 37 39 47 52 55 72 76
 84 : 12 23 25 57
 92 : 14 56 70
 96 : 16 35 40 43 71 90 95
SOLUTION:
  Value: -51099.000000
  Assigns: 3 58 59 24 37 37 3 58 0 0 34 3 84 55 0 65 0 70 16 34 16 0 81 84 3 84 10 58 81 24 10 46 3 10 65 64 0 81 59 81 37 55 37 46 26 26 37 81 84 0 10 58 81 58 26 81 46 84 64 84 58 70 64 64 34 3 55 3 55 16 70 64 81 3 59 65 0 59 26 16 58 58 84 3 55 24 10 16 24 10 10 16 16 70 34 59 10 24 70 55 
  Facilities: 17
 0 : 8 9 14 16 21 36 49 76
 3 : 0 6 11 24 32 65 67 73 83
 10 : 26 30 33 50 86 89 90 96
 16 : 18 20 69 79 87 91 92
 24 : 3 29 85 88 97
 26 : 44 45 54 78
 34 : 10 19 64 94
 37 : 4 5 40 42 46
 46 : 31 43 56
 55 : 13 41 66 68 84 99
 58 : 1 7 27 51 53 60 80 81
 59 : 2 38 74 77 95
 64 : 35 58 62 63 71
 65 : 15 34 75
 70 : 17 61 70 93 98
 81 : 22 28 37 39 47 52 55 72
 84 : 12 23 25 48 57 59 82
SOLUTION:
  Value: -51105.000000
  Assigns: 33 58 59 19 5 37 44 58 81 0 5 78 70 19 92 19 38 70 16 5 16 0 81 92 88 78 38 92 81 5 81 70 92 92 38 88 0 81 59 81 37 5 37 88 88 37 37 81 5 0 0 58 33 58 92 81 92 16 44 88 58 70 38 33 34 92 78 88 16 92 92 92 81 5 59 44 81 59 70 33 58 58 19 33 70 44 44 16 16 94 88 94 16 19 34 59 59 94 70 58 
  Facilities: 17
 0 : 9 21 36 49 50
 5 : 4 10 19 29 41 48 73
 16 : 18 20 57 68 87 88 92
 19 : 3 13 15 82 93
 33 : 0 52 63 79 83
 34 : 64 94
 37 : 5 40 42 45 46
 38 : 16 26 34 62
 44 : 6 58 75 85 86
 58 : 1 7 51 53 60 80 81 99
 59 : 2 38 74 77 95 96
 70 : 12 17 31 61 78 84 98
 78 : 11 25 66
 81 : 8 22 28 30 37 39 47 55 72 76
 88 : 24 35 43 44 59 67 90
 92 : 14 23 27 32 33 54 56 65 69 70 71
 94 : 89 91 97
SOLUTION:
  Value: -51106.000000
  Assigns: 27 22 59 27 5 37 3 16 81 57 22 3 55 19 75 19 38 57 16 5 25 57 81 22 3 38 38 19 81 45 81 27 3 83 38 64 64 81 59 19 37 5 37 55 22 45 37 81 5 64 19 64 81 59 75 81 22 16 64 57 59 19 64 64 27 64 57 38 27 57 27 64 81 5 59 57 81 59 37 75 75 27 19 3 55 75 75 38 16 75 57 22 16 19 25 59 59 64 83 55 
  Facilities: 17
 3 : 6 11 24 32 83
 5 : 4 19 41 48 73
 16 : 7 18 57 88 92
 19 : 13 15 27 39 50 61 82 93
 22 : 1 10 23 44 56 91
 25 : 20 94
 27 : 0 3 31 64 68 70 81
 37 : 5 40 42 46 78
 38 : 16 25 26 34 67 87
 45 : 29 45
 55 : 12 43 84 99
 57 : 9 17 21 59 66 69 75 90
 59 : 2 38 53 60 74 77 95 96
 64 : 35 36 49 51 58 62 63 65 71 97
 75 : 14 54 79 80 85 86 89
 81 : 8 22 28 30 37 47 52 55 72 76
 83 : 33 98
SOLUTION:
  Value: -51107.000000
  Assigns: 33 22 4 24 5 7 6 58 81 0 22 6 65 65 36 65 0 7 32 5 6 36 81 30 4 65 81 58 81 24 81 27 36 6 65 88 0 81 7 4 30 22 32 88 88 30 7 81 5 0 0 58 81 58 75 32 22 36 36 88 58 36 4 33 27 27 22 88 27 75 27 22 81 5 7 65 81 32 22 33 75 58 27 33 6 24 36 36 24 75 88 22 6 30 30 30 81 32 4 58 
  Facilities: 17
 0 : 9 16 36 49 50
 4 : 2 24 39 62 98
 5 : 4 19 48 73
 6 : 6 11 20 33 84 92
 7 : 5 17 38 46 74
 22 : 1 10 41 56 66 71 78 91
 24 : 3 29 85 88
 27 : 31 64 65 68 70 82
 30 : 23 40 45 93 94 95
 32 : 18 42 55 77 97
 33 : 0 63 79 83
 36 : 14 21 32 57 58 61 86 87
 58 : 7 27 51 53 60 81 99
 65 : 12 13 15 25 34 75
 75 : 54 69 80 89
 81 : 8 22 26 28 30 37 47 52 72 76 96
 88 : 35 43 44 59 67 90
