# Time: 3.430000
# Elapsed: 1.373704
# Input_file: splp/Uniform/2523UnifS.txt
# Pool_size: 400
# Iterations: 28
# Final_solutions: 9574
# Vision_range: 0
# Reduction_mode: REDUCTION_RANDOM
SOLUTION:
  Value: -91267.000000
  Assigns: 47 71 93 72 88 93 75 75 71 47 47 66 80 88 80 83 4 32 71 49 71 72 66 60 5 88 49 49 4 71 4 47 4 32 32 76 93 32 4 75 5 75 49 60 75 83 75 71 47 49 88 47 47 83 93 71 32 80 71 4 32 5 47 71 66 58 4 4 83 32 75 5 47 88 80 93 75 5 66 80 5 49 76 49 83 83 66 76 49 80 4 47 32 47 71 72 76 47 72 75 
  Facilities: 16
 4 : 16 28 30 32 38 59 66 67 90
 5 : 24 40 61 71 77 80
 32 : 17 33 34 37 56 60 69 92
 47 : 0 9 10 31 48 51 52 62 72 91 93 97
 49 : 19 26 27 42 49 81 83 88
 58 : 65
 60 : 23 43
 66 : 11 22 64 78 86
 71 : 1 8 18 20 29 47 55 58 63 94
 72 : 3 21 95 98
 75 : 6 7 39 41 44 46 70 76 99
 76 : 35 82 87 96
 80 : 12 14 57 74 79 89
 83 : 15 45 53 68 84 85
 88 : 4 13 25 50 73
 93 : 2 5 36 54 75
SOLUTION:
  Value: -91581.000000
  Assigns: 44 14 37 6 15 98 69 14 69 6 42 42 44 44 39 97 6 74 74 14 97 97 98 14 98 97 98 96 37 15 53 14 96 32 74 96 39 69 74 53 14 32 96 15 14 83 96 50 96 69 74 96 50 53 39 26 32 39 37 97 32 39 26 74 96 42 74 53 83 32 15 97 53 26 26 96 96 98 74 96 15 26 69 14 44 83 53 6 74 26 26 37 14 42 15 50 6 42 15 69 
  Facilities: 17
 6 : 3 9 16 87 96
 14 : 1 7 19 23 31 40 44 83 92
 15 : 4 29 43 70 80 94 98
 26 : 55 62 73 74 81 89 90
 32 : 33 41 56 60 69
 37 : 2 28 58 91
 39 : 14 36 54 57 61
 42 : 10 11 65 93 97
 44 : 0 12 13 84
 50 : 47 52 95
 53 : 30 39 53 67 72 86
 69 : 6 8 37 49 82 99
 74 : 17 18 34 38 50 63 66 78 88
 83 : 45 68 85
 96 : 27 32 35 42 46 48 51 64 75 76 79
 97 : 15 20 21 25 59 71
 98 : 5 22 24 26 77
SOLUTION:
  Value: -92399.000000
  Assigns: 27 67 55 67 11 55 51 79 71 26 89 66 89 9 35 83 11 96 71 35 71 51 66 18 55 51 11 67 35 89 83 67 71 46 67 35 35 51 79 38 35 35 96 9 67 79 96 71 66 26 79 96 46 83 26 26 67 83 71 89 71 35 26 38 18 9 38 18 18 26 11 67 35 26 26 96 96 18 18 96 89 26 51 27 83 38 11 27 51 26 26 55 51 79 55 83 9 27 89 55 
  Facilities: 17
 9 : 13 43 65 96
 11 : 4 16 26 70 86
 18 : 23 64 67 68 77 78
 26 : 9 49 54 55 62 69 73 74 81 89 90
 27 : 0 83 87 97
 35 : 14 19 28 35 36 40 41 61 72
 38 : 39 63 66 85
 46 : 33 52
 51 : 6 21 25 37 82 88 92
 55 : 2 5 24 91 94 99
 66 : 11 22 48
 67 : 1 3 27 31 34 44 56 71
 71 : 8 18 20 32 47 58 60
 79 : 7 38 45 50 93
 83 : 15 30 53 57 84 95
 89 : 10 12 29 59 80 98
 96 : 17 42 46 51 75 76 79
SOLUTION:
  Value: -92667.000000
  Assigns: 55 71 55 22 15 55 75 75 71 35 95 66 80 88 35 75 80 15 71 35 71 95 66 60 22 88 39 39 35 15 53 32 71 32 32 35 35 32 2 22 80 75 53 15 75 88 75 71 66 88 2 75 80 53 75 71 32 39 71 39 32 35 75 71 66 22 75 53 22 32 75 55 35 88 80 2 2 95 66 31 71 2 55 66 15 31 53 88 53 80 71 55 32 22 15 80 71 22 31 75 
  Facilities: 17
 2 : 38 50 75 76 81
 15 : 4 17 29 43 84 94
 22 : 3 24 39 65 68 93 97
 31 : 79 85 98
 32 : 31 33 34 37 56 60 69 92
 35 : 9 14 19 28 35 36 61 72
 39 : 26 27 57 59
 53 : 30 42 53 67 86 88
 55 : 0 2 5 71 82 91
 60 : 23
 66 : 11 22 48 64 78 83
 71 : 1 8 18 20 32 47 55 58 63 80 90 96
 75 : 6 7 15 41 44 46 51 54 62 66 70 99
 80 : 12 16 40 52 74 89 95
 88 : 13 25 45 49 73 87
 91 :
 95 : 10 21 77
SOLUTION:
  Value: -92719.000000
  Assigns: 96 84 96 22 11 84 96 26 11 6 10 84 97 82 2 97 6 74 74 2 10 97 10 1 5 22 11 96 22 82 6 82 10 96 74 82 26 97 2 22 1 22 96 6 97 84 96 10 96 26 74 96 1 17 26 26 17 96 10 97 17 5 84 58 96 58 74 74 22 84 11 97 58 26 26 96 2 5 74 96 5 2 74 17 5 1 11 6 74 26 26 2 97 22 11 74 6 22 84 1 
  Facilities: 15
 1 : 23 40 52 85 99
 2 : 14 19 38 76 81 91
 5 : 24 61 77 80 84
 6 : 9 16 30 43 87 96
 10 : 10 20 22 32 47 58
 11 : 4 8 26 70 86 94
 17 : 53 56 60 83
 22 : 3 25 28 39 41 68 93 97
 26 : 7 36 49 54 55 73 74 89 90
 58 : 63 65 72
 74 : 17 18 34 50 66 67 78 82 88 95
 82 : 13 29 31 35
 84 : 1 5 11 45 62 69 98
 96 : 0 2 6 27 33 42 46 48 51 57 64 75 79
 97 : 12 15 21 37 44 59 71 92
SOLUTION:
  Value: -92761.000000
  Assigns: 44 71 37 22 15 98 34 14 71 98 42 66 44 66 39 97 73 15 25 14 71 97 98 34 22 22 98 96 22 15 34 47 71 32 32 73 39 25 20 22 14 32 96 15 20 50 96 71 47 20 14 96 47 25 20 71 32 39 71 97 32 39 47 71 66 42 39 34 22 34 25 97 47 73 37 96 73 98 66 96 71 47 14 34 44 37 34 25 50 20 71 47 14 47 15 50 71 42 15 42 
  Facilities: 19
 14 : 7 19 40 50 82 92
 15 : 4 17 29 43 94 98
 20 : 38 44 49 54 89
 22 : 3 24 25 28 39 68
 25 : 18 37 53 70 87
 32 : 33 34 41 56 60
 34 : 6 23 30 67 69 83 86
 37 : 2 74 85
 39 : 14 36 57 61 66
 42 : 10 65 97 99
 44 : 0 12 84
 47 : 31 48 52 62 72 81 91 93
 50 : 45 88 95
 66 : 11 13 64 78
 71 : 1 8 20 32 47 55 58 63 80 90 96
 73 : 16 35 73 76
 96 : 27 42 46 51 75 79
 97 : 15 21 59 71
 98 : 5 9 22 26 77
SOLUTION:
  Value: -92899.000000
  Assigns: 44 84 37 74 15 98 75 75 73 98 42 84 80 58 39 97 73 74 74 14 97 97 98 14 98 97 49 39 37 15 44 14 75 32 74 73 39 97 74 75 80 75 49 15 14 84 75 50 84 49 74 84 80 44 75 44 32 39 37 97 32 39 84 80 44 42 74 74 49 84 75 97 58 58 80 84 73 98 74 80 15 49 14 49 44 37 39 49 74 80 84 37 14 42 15 50 98 42 84 75 
  Facilities: 17
 14 : 19 23 31 44 82 92
 15 : 4 29 43 80 94
 32 : 33 56 60
 37 : 2 28 58 85 91
 39 : 14 27 36 57 61 86
 42 : 10 65 93 97
 44 : 0 30 53 55 64 84
 49 : 26 42 49 68 81 83 87
 50 : 47 95
 58 : 13 72 73
 73 : 8 16 35 76
 74 : 3 17 18 34 38 50 66 67 78 88
 75 : 6 7 32 39 41 46 54 70 99
 80 : 12 40 52 63 74 79 89
 84 : 1 11 45 48 51 62 69 75 90 98
 97 : 15 20 21 25 37 59 71
 98 : 5 9 22 24 77 96
SOLUTION:
  Value: -93141.000000
  Assigns: 44 14 37 6 15 98 69 14 69 6 42 42 44 44 39 97 6 15 37 14 97 97 98 14 98 97 98 96 37 15 53 14 96 32 32 96 39 69 14 53 14 32 96 15 14 83 96 50 96 69 14 96 50 53 39 26 32 39 37 97 32 39 26 39 96 42 39 53 83 32 15 97 53 26 26 96 96 98 83 96 15 26 69 14 44 83 53 6 50 26 26 37 14 42 15 50 6 42 15 69 
  Facilities: 16
 6 : 3 9 16 87 96
 14 : 1 7 19 23 31 38 40 44 50 83 92
 15 : 4 17 29 43 70 80 94 98
 26 : 55 62 73 74 81 89 90
 32 : 33 34 41 56 60 69
 37 : 2 18 28 58 91
 39 : 14 36 54 57 61 63 66
 42 : 10 11 65 93 97
 44 : 0 12 13 84
 50 : 47 52 88 95
 53 : 30 39 53 67 72 86
 69 : 6 8 37 49 82 99
 83 : 45 68 78 85
 96 : 27 32 35 42 46 48 51 64 75 76 79
 97 : 15 20 21 25 59 71
 98 : 5 22 24 26 77
SOLUTION:
  Value: -93271.000000
  Assigns: 55 71 55 22 15 55 75 75 71 32 95 66 80 88 2 75 80 15 71 39 71 95 66 60 22 88 39 39 22 15 53 32 71 32 32 32 39 32 2 22 80 75 53 15 75 7 75 71 66 88 2 75 80 53 75 71 32 39 71 39 32 55 75 71 66 22 75 53 22 7 75 7 53 88 80 2 2 95 66 31 71 2 55 66 15 31 53 88 53 80 71 55 32 22 15 80 71 22 31 75 
  Facilities: 17
 2 : 14 38 50 75 76 81
 7 : 45 69 71
 15 : 4 17 29 43 84 94
 22 : 3 24 28 39 65 68 93 97
 31 : 79 85 98
 32 : 9 31 33 34 35 37 56 60 92
 39 : 19 26 27 36 57 59
 53 : 30 42 53 67 72 86 88
 55 : 0 2 5 61 82 91
 60 : 23
 66 : 11 22 48 64 78 83
 71 : 1 8 18 20 32 47 55 58 63 80 90 96
 75 : 6 7 15 41 44 46 51 54 62 66 70 99
 80 : 12 16 40 52 74 89 95
 88 : 13 25 49 73 87
 91 :
 95 : 10 21 77
SOLUTION:
  Value: -93290.000000
  Assigns: 44 71 37 32 15 98 34 14 71 98 42 66 44 66 39 97 73 15 25 14 71 97 98 34 98 97 98 96 37 15 34 47 71 32 32 73 39 25 20 85 14 32 96 15 20 50 96 71 47 20 14 96 47 85 20 71 32 39 71 97 32 39 47 71 66 42 85 34 85 34 25 97 47 73 37 96 73 98 66 96 71 47 14 34 44 37 34 85 50 20 71 47 14 47 85 50 71 42 15 42 
  Facilities: 19
 14 : 7 19 40 50 82 92
 15 : 4 17 29 43 98
 20 : 38 44 49 54 89
 25 : 18 37 70
 32 : 3 33 34 41 56 60
 34 : 6 23 30 67 69 83 86
 37 : 2 28 74 85
 39 : 14 36 57 61
 42 : 10 65 97 99
 44 : 0 12 84
 47 : 31 48 52 62 72 81 91 93
 50 : 45 88 95
 66 : 11 13 64 78
 71 : 1 8 20 32 47 55 58 63 80 90 96
 73 : 16 35 73 76
 85 : 39 53 66 68 87 94
 96 : 27 42 46 51 75 79
 97 : 15 21 25 59 71
 98 : 5 9 22 24 26 77
