# Time: 970.679993
# Elapsed: 308.725769
# Input_file: splp/CLSC/933GapCS.txt
# Pool_size: 400
# Iterations: 25
# Final_solutions: 9300
# Vision_range: 600
# Reduction_mode: REDUCTION_DISPERSE
# Dissimilitude: DISSIM_HAUSDORFF
# Facility_dist: FDISMODE_SUMOFDELTAS
SOLUTION:
  Value: -45115.000000
  Assigns: 15 97 97 33 40 49 32 40 49 56 4 22 24 3 24 96 22 56 61 32 22 4 33 22 83 4 40 33 4 4 56 24 49 22 15 56 49 83 61 97 79 40 24 4 83 24 4 24 79 83 24 24 33 97 83 96 61 33 24 4 3 40 79 3 3 4 96 56 40 3 83 56 3 56 15 56 79 40 96 61 96 83 79 33 83 32 3 32 49 32 79 96 49 15 32 61 32 96 49 96 
  Facilities: 15
 3 : 13 60 63 64 69 72 86
 4 : 10 21 25 28 29 43 46 59 65
 15 : 0 34 74 93
 22 : 11 16 20 23 33
 24 : 12 14 31 42 45 47 50 51 58
 32 : 6 19 85 87 89 94 96
 33 : 3 22 27 52 57 83
 40 : 4 7 26 41 61 68 77
 49 : 5 8 32 36 88 92 98
 56 : 9 17 30 35 67 71 73 75
 61 : 18 38 56 79 95
 79 : 40 48 62 76 82 90
 83 : 24 37 44 49 54 70 81 84
 96 : 15 55 66 78 80 91 97 99
 97 : 1 2 39 53
SOLUTION:
  Value: -45117.000000
  Assigns: 15 97 97 33 46 49 32 3 49 56 4 22 24 3 24 96 22 56 86 32 22 4 33 22 83 4 46 33 4 86 56 24 49 22 15 56 49 83 97 97 79 86 24 4 83 24 4 24 79 83 24 24 33 97 83 96 46 33 24 4 3 32 79 3 3 4 96 56 96 3 83 56 3 56 15 56 79 79 96 79 96 83 79 33 86 32 3 32 49 32 79 96 49 15 32 96 32 96 49 96 
  Facilities: 15
 3 : 7 13 60 63 64 69 72 86
 4 : 10 21 25 28 43 46 59 65
 15 : 0 34 74 93
 22 : 11 16 20 23 33
 24 : 12 14 31 42 45 47 50 51 58
 32 : 6 19 61 85 87 89 94 96
 33 : 3 22 27 52 57 83
 46 : 4 26 56
 49 : 5 8 32 36 88 92 98
 56 : 9 17 30 35 67 71 73 75
 79 : 40 48 62 76 77 79 82 90
 83 : 24 37 44 49 54 70 81
 86 : 18 29 41 84
 96 : 15 55 66 68 78 80 91 95 97 99
 97 : 1 2 38 39 53
SOLUTION:
  Value: -45120.000000
  Assigns: 15 68 97 54 68 22 32 3 56 56 4 22 24 21 68 96 22 56 68 32 17 4 21 22 83 4 68 21 4 54 56 24 54 68 15 56 97 21 97 97 79 21 24 4 83 24 4 24 79 68 24 54 15 97 83 96 17 17 24 4 68 32 79 3 3 4 96 56 21 3 83 56 3 56 15 21 79 79 17 79 96 83 79 3 83 32 3 32 15 32 79 96 17 15 32 96 54 96 32 96 
  Facilities: 15
 3 : 7 63 64 69 72 83 86
 4 : 10 21 25 28 43 46 59 65
 15 : 0 34 52 74 88 93
 17 : 20 56 57 78 92
 21 : 13 22 27 37 41 68 75
 22 : 5 11 16 23
 24 : 12 31 42 45 47 50 58
 32 : 6 19 61 85 87 89 94 98
 54 : 3 29 32 51 96
 56 : 8 9 17 30 35 67 71 73
 68 : 1 4 14 18 26 33 49 60
 79 : 40 48 62 76 77 79 82 90
 83 : 24 44 54 70 81 84
 96 : 15 55 66 80 91 95 97 99
 97 : 2 36 38 39 53
SOLUTION:
  Value: -48107.000000
  Assigns: 44 68 44 54 40 19 34 40 47 74 4 28 55 29 68 29 55 8 68 17 17 4 40 34 83 4 40 68 4 28 47 55 54 68 34 28 8 47 28 34 83 40 47 4 83 34 4 54 47 68 74 54 74 19 40 96 17 8 28 74 8 40 8 29 17 4 96 47 40 34 34 44 74 74 55 8 47 40 17 29 96 83 55 19 83 55 83 47 29 55 55 96 17 19 54 96 54 96 19 96 
  Facilities: 16
 4 : 10 21 25 28 43 46 65
 8 : 17 36 57 60 62 75
 17 : 19 20 56 64 78 92
 19 : 5 53 83 93 98
 28 : 11 29 35 38 58
 29 : 13 15 63 79 88
 34 : 6 23 34 39 45 69 70
 40 : 4 7 22 26 41 54 61 68 77
 44 : 0 2 71
 47 : 8 30 37 42 48 67 76 87
 54 : 3 32 47 51 94 96
 55 : 12 16 31 74 82 85 89 90
 68 : 1 14 18 27 33 49
 74 : 9 50 52 59 72 73
 83 : 24 40 44 81 84 86
 96 : 55 66 80 91 95 97 99
SOLUTION:
  Value: -48113.000000
  Assigns: 64 97 97 11 40 49 91 40 49 74 64 91 60 3 27 64 11 34 64 91 11 81 40 34 83 26 40 80 11 80 64 64 49 11 34 30 49 26 74 34 83 60 74 27 83 34 60 26 30 83 80 60 74 97 40 81 30 64 30 74 11 40 60 3 80 30 91 27 40 3 34 80 3 74 81 81 27 40 26 30 80 83 81 3 83 60 3 49 49 27 81 49 49 27 26 30 27 26 49 27 
  Facilities: 16
 3 : 13 63 69 72 83 86
 11 : 3 16 20 28 33 60
 26 : 25 37 47 78 94 97
 27 : 14 43 67 76 89 93 96 99
 30 : 35 48 56 58 65 79 95
 34 : 17 23 34 39 45 70
 40 : 4 7 22 26 54 61 68 77
 49 : 5 8 32 36 87 88 91 92 98
 60 : 12 41 46 51 62 85
 64 : 0 10 15 18 30 31 57
 74 : 9 38 42 52 59 73
 80 : 27 29 50 64 71 80
 81 : 21 55 74 75 82 90
 83 : 24 40 44 49 81 84
 91 : 6 11 19 66
 97 : 1 2 53
SOLUTION:
  Value: -48117.000000
  Assigns: 94 68 86 54 40 78 34 40 68 74 4 28 55 21 68 96 55 34 86 17 17 4 40 34 54 4 40 21 4 28 47 55 54 68 34 28 47 21 74 34 28 86 47 4 17 86 4 54 47 68 74 54 74 94 40 96 17 17 28 74 68 40 54 40 17 4 96 47 40 34 34 94 74 94 55 21 47 40 17 78 96 86 55 19 86 55 78 78 78 55 55 96 17 19 54 96 54 96 19 96 
  Facilities: 16
 4 : 10 21 25 28 43 46 65
 17 : 19 20 44 56 57 64 78 92
 19 : 83 93 98
 21 : 13 27 37 75
 28 : 11 29 35 40 58
 34 : 6 17 23 34 39 69 70
 40 : 4 7 22 26 54 61 63 68 77
 47 : 30 36 42 48 67 76
 54 : 3 24 32 47 51 62 94 96
 55 : 12 16 31 74 82 85 89 90
 68 : 1 8 14 33 49 60
 74 : 9 38 50 52 59 72
 78 : 5 79 86 87 88
 86 : 2 18 41 45 81 84
 94 : 0 53 71 73
 96 : 15 55 66 80 91 95 97 99
SOLUTION:
  Value: -48120.000000
  Assigns: 94 68 81 33 67 49 34 3 49 64 64 28 60 3 68 64 34 34 64 67 42 4 33 34 42 4 64 33 4 28 64 64 49 68 34 64 49 47 28 34 42 60 47 4 81 34 60 94 47 68 67 60 33 94 94 96 70 33 42 70 42 60 60 3 42 67 96 47 96 3 34 94 3 94 81 81 47 70 96 70 96 81 81 33 67 60 3 47 49 67 81 96 67 70 70 96 81 96 49 96 
  Facilities: 16
 3 : 7 13 63 69 72 86
 4 : 21 25 28 43
 28 : 11 29 38
 33 : 3 22 27 52 57 83
 34 : 6 16 17 23 34 39 45 70
 42 : 20 24 40 58 60 64
 47 : 37 42 48 67 76 87
 49 : 5 8 32 36 88 98
 60 : 12 41 46 51 61 62 85
 64 : 9 10 15 18 26 30 31 35
 67 : 4 19 50 65 84 89 92
 68 : 1 14 33 49
 70 : 56 59 77 79 93 94
 81 : 2 44 74 75 81 82 90 96
 94 : 0 47 53 54 71 73
 96 : 55 66 68 78 80 91 95 97 99
SOLUTION:
  Value: -48122.000000
  Assigns: 94 68 86 54 39 39 34 28 47 74 4 28 55 29 68 29 55 34 86 17 17 4 19 34 29 4 68 68 4 28 47 55 54 68 94 28 47 47 28 34 28 86 47 4 29 86 4 54 47 68 74 54 74 94 94 96 17 17 28 70 68 94 54 29 17 4 96 47 96 34 34 94 74 94 55 55 47 70 17 29 96 86 55 19 86 55 39 47 29 55 39 96 17 19 54 96 54 96 19 96 
  Facilities: 16
 4 : 10 21 25 28 43 46 65
 17 : 19 20 56 57 64 78 92
 19 : 22 83 93 98
 28 : 7 11 29 35 38 40 58
 29 : 13 15 24 44 63 79 88
 34 : 6 17 23 39 69 70
 39 : 4 5 86 90
 47 : 8 30 36 37 42 48 67 76 87
 54 : 3 32 47 51 62 94 96
 55 : 12 16 31 74 75 82 85 89
 68 : 1 14 26 27 33 49 60
 70 : 59 77
 74 : 9 50 52 72
 86 : 2 18 41 45 81 84
 94 : 0 34 53 54 61 71 73
 96 : 55 66 68 80 91 95 97 99
SOLUTION:
  Value: -48123.000000
  Assigns: 94 68 97 33 67 49 34 3 49 64 64 70 60 3 68 64 34 34 64 67 42 4 33 34 42 4 64 33 4 4 64 64 49 68 34 64 49 47 97 34 42 60 47 4 81 34 60 94 47 68 67 60 33 94 94 96 70 33 42 70 42 60 60 3 42 67 96 47 96 3 34 94 3 94 81 81 47 70 96 70 96 81 81 33 67 60 3 47 49 67 81 96 67 70 70 96 81 96 49 96 
  Facilities: 16
 3 : 7 13 63 69 72 86
 4 : 21 25 28 29 43
 33 : 3 22 27 52 57 83
 34 : 6 16 17 23 34 39 45 70
 42 : 20 24 40 58 60 64
 47 : 37 42 48 67 76 87
 49 : 5 8 32 36 88 98
 60 : 12 41 46 51 61 62 85
 64 : 9 10 15 18 26 30 31 35
 67 : 4 19 50 65 84 89 92
 68 : 1 14 33 49
 70 : 11 56 59 77 79 93 94
 81 : 44 74 75 81 82 90 96
 94 : 0 47 53 54 71 73
 96 : 55 66 68 78 80 91 95 97 99
 97 : 2 38
SOLUTION:
  Value: -48123.000000
  Assigns: 65 30 86 54 40 49 69 40 49 74 69 12 55 3 1 12 55 1 86 1 42 65 40 11 83 42 40 69 11 86 42 55 49 11 69 30 49 83 74 42 83 86 65 12 1 86 27 54 30 83 74 54 74 3 40 86 30 69 1 74 42 40 1 3 42 30 12 27 40 3 83 1 3 74 55 69 27 40 69 30 12 83 55 3 86 55 3 42 49 27 55 49 49 27 54 30 54 54 49 27 
  Facilities: 16
 1 : 14 17 19 44 58 62 71
 3 : 13 53 63 69 72 83 86
 11 : 23 28 33
 12 : 11 15 43 66 80
 27 : 46 67 76 89 93 99
 30 : 1 35 48 56 65 79 95
 40 : 4 7 22 26 54 61 68 77
 42 : 20 25 30 39 60 64 87
 49 : 5 8 32 36 88 91 92 98
 54 : 3 47 51 94 96 97
 55 : 12 16 31 74 82 85 90
 65 : 0 21 42
 69 : 6 10 27 34 57 75 78
 74 : 9 38 50 52 59 73
 83 : 24 37 40 49 70 81
 86 : 2 18 29 41 45 55 84
