# Time: 74.910004
# Elapsed: 13.234007
# Input_file: splp/Fpp17/24FPP_17S.txt
# Pool_size: 400
# Iterations: 65
# Final_solutions: 25507
# Vision_range: 0
# Reduction_mode: REDUCTION_RANDOM
SOLUTION:
  Value: -171266.000000
  Assigns: 264 253 154 155 268 157 235 236 160 132 133 163 155 6 284 154 219 160 157 142 52 250 174 23 253 168 26 27 29 29 30 236 235 236 157 187 26 27 28 71 30 31 43 182 187 250 78 250 80 6 253 52 52 68 86 56 56 180 282 264 284 290 52 78 187 66 290 219 31 26 27 160 29 30 163 68 108 282 78 284 43 71 39 28 29 86 229 88 78 52 122 81 235 86 39 127 235 236 187 56 132 133 103 66 26 68 28 52 71 31 6 56 235 30 31 78 268 80 150 262 152 122 122 68 81 118 43 250 160 86 219 163 122 133 30 150 168 138 138 262 133 264 174 88 66 160 68 43 180 150 150 68 152 168 52 187 52 150 56 122 160 118 155 80 157 155 88 168 66 86 66 203 187 130 70 168 133 122 23 142 180 138 127 28 29 142 108 150 133 182 180 108 88 29 30 31 28 29 30 31 122 118 203 235 219 150 163 43 130 154 155 43 28 29 229 31 138 180 219 219 118 253 118 68 122 142 219 43 150 229 262 127 68 150 235 180 52 133 270 71 138 23 138 160 26 235 163 29 80 250 66 168 150 268 150 270 152 39 180 155 250 157 160 253 80 187 229 103 268 262 86 264 229 118 219 268 108 270 268 236 270 282 180 284 66 130 203 103 133 282 253 187 282 138 284 127 253 142 80 262 290 264 219 28 29 250 142 
  Facilities: 57
 6 : 13 49 110
 23 : 23 178 241
 26 : 26 36 69 104 244
 27 : 27 37 70
 28 : 38 83 106 183 196 212 303
 29 : 28 29 72 84 184 193 197 213 247 304
 30 : 30 40 73 113 134 194 198
 31 : 41 68 109 114 195 199 215
 39 : 82 94 257
 43 : 42 80 126 147 207 211 227
 52 : 20 51 52 62 89 107 154 156 236
 56 : 55 56 99 111 158
 66 : 65 103 144 168 170 250 284
 68 : 53 75 105 123 146 151 223 232
 70 : 174
 71 : 39 81 108 239
 78 : 46 63 78 88 115
 80 : 48 117 163 248 264 298
 81 : 91 124
 86 : 54 85 93 129 169 270
 88 : 87 143 166 192
 103 : 102 267 287
 108 : 76 186 191 276
 118 : 125 161 201 220 222 273
 122 : 90 121 122 132 159 177 200 224
 127 : 95 182 231 295
 130 : 173 208 285
 132 : 9 100
 133 : 10 101 133 140 176 188 237 288
 138 : 137 138 181 216 240 242 293
 142 : 19 179 185 225 297 306
 150 : 118 135 149 150 157 187 205 228 233 252 254
 152 : 120 152 256
 154 : 2 15 209
 155 : 3 12 162 165 210 259
 157 : 5 18 34 164 261
 160 : 8 17 71 128 145 160 243 262
 163 : 11 74 131 206 246
 168 : 25 136 153 167 175 251
 174 : 22 142
 180 : 57 148 180 190 217 235 258 282
 182 : 43 189
 187 : 35 44 64 98 155 172 265 291
 203 : 171 202 286
 219 : 16 67 130 204 218 219 226 274 302
 229 : 86 214 229 266 272
 235 : 6 32 92 96 112 203 234 245
 236 : 7 31 33 97 279
 250 : 21 45 47 127 249 260 305
 253 : 1 24 50 221 263 290 296
 262 : 119 139 230 269 299
 264 : 0 59 141 271 301
 268 : 4 116 253 268 275 278
 270 : 238 255 277 280
 282 : 58 77 281 289 292
 284 : 14 60 79 283 294
 290 : 61 66 300
SOLUTION:
  Value: -171269.000000
  Assigns: 252 206 141 232 5 128 303 8 9 24 215 235 155 14 14 158 16 7 107 224 21 21 54 293 14 289 26 116 21 293 294 63 47 185 24 67 26 289 262 128 3 293 185 75 7 248 189 48 63 6 255 303 141 68 54 48 46 14 48 16 289 54 63 206 293 294 67 67 68 26 294 34 224 88 303 107 21 67 68 303 232 224 82 115 47 48 3 88 5 82 7 54 295 232 16 88 235 14 303 242 115 46 47 192 21 3 63 3 109 232 6 7 8 9 12 115 116 206 63 242 16 121 67 21 46 88 116 128 26 252 75 121 54 222 51 224 34 289 95 262 155 293 294 88 107 138 63 104 141 272 293 294 48 185 293 51 295 158 54 248 82 6 7 252 121 155 88 12 158 67 293 16 295 9 175 175 21 9 141 75 12 138 175 215 82 185 82 104 189 21 26 206 88 115 26 158 141 95 34 121 232 158 192 235 293 294 206 222 24 54 26 128 48 109 215 47 138 232 54 51 252 222 185 68 224 7 8 242 185 222 12 224 222 155 235 192 158 82 155 75 138 158 232 88 26 235 82 192 248 242 82 252 242 175 255 255 88 272 215 95 158 206 158 295 46 222 48 189 104 262 192 272 88 109 289 107 121 175 3 175 295 6 272 128 9 248 68 185 303 252 235 107 293 293 192 3 192 5 215 262 293 294 303 293 12 262 88 
  Facilities: 57
 3 : 40 86 105 107 278 295
 5 : 4 88 297
 6 : 49 110 161 281
 7 : 17 44 90 111 162 225
 8 : 7 112 226
 9 : 8 113 173 177 284
 12 : 114 167 180 230 304
 14 : 13 14 24 57 97
 16 : 16 59 94 120 171
 21 : 20 21 28 76 104 123 176 189
 24 : 9 34 208
 26 : 26 36 69 128 190 194 210 244
 34 : 71 136 198
 46 : 56 101 124 264
 47 : 32 84 102 215
 48 : 47 55 58 85 152 212 266
 51 : 134 155 219
 54 : 22 54 61 91 132 158 209 218
 63 : 31 48 62 106 118 146
 67 : 35 66 67 77 122 169
 68 : 53 68 78 223 286
 75 : 43 130 179 239
 82 : 82 89 160 184 186 237 246 250
 88 : 73 87 95 125 143 166 192 243 256 272 306
 95 : 138 197 259
 104 : 147 187 268
 107 : 18 75 144 275 291
 109 : 108 213 273
 115 : 83 100 115 193
 116 : 27 116 126
 121 : 121 131 164 199 276
 128 : 5 39 127 211 283
 138 : 145 181 216 240
 141 : 2 52 148 178 196
 155 : 12 140 165 233 238
 158 : 15 157 168 195 201 236 241 260 262
 175 : 174 175 182 253 277 279
 185 : 33 42 153 185 222 228 287
 189 : 46 188 267
 192 : 103 202 235 247 270 294 296
 206 : 1 63 117 191 206 261
 215 : 10 183 214 258 298
 222 : 133 207 221 229 232 265
 224 : 19 72 81 135 224 231
 232 : 3 80 93 109 200 217 242
 235 : 11 96 203 234 245 290
 242 : 99 119 227 249 252
 248 : 45 159 248 285
 252 : 0 129 163 220 251 289
 255 : 50 254 255
 262 : 38 139 269 299 305
 272 : 149 257 271 282
 289 : 25 37 60 137 274
 293 : 23 29 41 64 141 150 154 170 204 292 293 300 303
 294 : 30 65 70 142 151 205 301
 295 : 92 156 172 263 280
 303 : 6 51 74 79 98 288 302
SOLUTION:
  Value: -171270.000000
  Assigns: 0 153 205 255 93 305 21 231 305 41 99 214 101 45 7 158 240 7 107 171 21 21 174 226 24 177 41 256 21 234 62 63 171 285 24 158 260 180 177 40 41 164 57 0 45 45 270 199 63 278 40 256 304 46 278 45 285 180 59 59 203 24 214 63 79 270 98 99 220 62 63 160 62 278 226 107 108 220 79 231 80 220 171 98 116 7 79 80 5 79 80 234 231 108 57 234 59 112 98 21 101 46 59 93 94 98 63 5 231 7 199 7 112 256 203 130 79 80 63 112 152 153 79 21 41 214 278 270 160 130 93 254 133 133 79 98 93 94 153 171 62 63 231 295 107 160 63 45 180 45 46 240 304 98 99 112 295 158 80 57 160 57 285 164 164 254 305 199 158 5 160 203 94 130 164 7 21 94 193 101 180 270 214 79 80 21 108 180 24 278 180 108 24 193 226 93 94 160 94 231 193 158 98 99 205 205 295 164 130 41 108 107 205 302 214 160 231 180 63 164 177 57 254 180 214 7 226 59 260 45 62 63 177 234 79 180 158 133 270 254 240 158 199 59 80 260 278 164 205 171 240 214 174 285 171 270 256 174 94 260 158 254 158 99 80 101 164 260 164 270 302 193 108 305 231 57 108 93 94 177 270 177 180 205 285 278 231 302 278 304 305 107 108 256 130 285 21 193 80 7 116 146 302 220 305 295 0 
  Facilities: 57
 0 : 0 43 306
 5 : 88 107 169
 7 : 14 17 85 109 111 175 225 299
 21 : 6 20 21 28 99 123 176 185 296
 24 : 24 34 61 188 192
 40 : 39 50
 41 : 9 26 40 124 209
 45 : 13 44 45 55 147 149 229
 46 : 53 101 150
 57 : 42 94 159 161 221 275
 59 : 58 59 96 102 227 243
 62 : 30 69 72 140 230
 63 : 31 48 63 70 106 118 141 146 218 231
 79 : 64 78 86 89 116 122 134 183 234
 80 : 80 87 90 117 158 184 244 264 298
 93 : 4 103 130 136 195 277
 94 : 104 137 172 177 196 198 258 278
 98 : 66 83 98 105 135 153 202
 99 : 10 67 154 203 263
 101 : 12 100 179 265
 107 : 18 75 144 211 291
 108 : 76 93 186 191 210 272 276 292
 112 : 97 112 119 155
 116 : 84 300
 130 : 115 129 173 208 294
 133 : 132 133 237
 146 : 301
 152 : 120
 153 : 1 121 138
 158 : 15 35 157 168 201 236 241 260 262
 160 : 71 128 145 160 170 197 215
 164 : 41 163 164 174 207 219 247 266 268
 171 : 19 32 82 139 249 254
 174 : 22 252 257
 177 : 25 38 220 232 279 281
 180 : 37 57 148 180 187 190 217 223 235 282
 193 : 178 193 200 271 297
 199 : 47 110 167 242
 203 : 60 114 171
 205 : 2 204 205 212 248 283
 214 : 11 62 125 182 214 224 251
 220 : 68 77 81 303
 226 : 23 74 194 226
 231 : 7 79 92 108 142 199 216 274 286
 234 : 29 91 95 233
 240 : 16 151 240 250
 254 : 131 165 222 239 261
 255 : 3
 256 : 27 51 113 256 293
 260 : 36 228 245 259 267
 270 : 46 65 127 181 238 255 269 280
 278 : 49 54 73 126 189 246 285 288
 285 : 33 56 162 253 284 295
 295 : 143 156 206 305
 302 : 213 270 287 302
 304 : 52 152 289
 305 : 5 8 166 273 290 304
SOLUTION:
  Value: -171283.000000
  Assigns: 229 2 2 18 233 305 211 146 305 41 215 134 155 28 153 158 240 17 270 171 21 21 37 112 167 177 26 17 21 29 182 295 47 33 177 287 26 37 28 2 183 305 35 182 167 134 47 199 41 188 173 41 175 305 47 18 195 47 21 182 17 204 94 292 21 188 98 190 292 26 33 72 35 18 37 65 33 34 167 72 2 233 171 98 47 2 229 292 240 292 295 106 295 182 57 17 18 112 98 21 101 94 65 255 2 257 28 100 65 72 233 101 112 106 257 37 255 240 35 17 18 153 18 21 87 21 215 270 26 144 28 94 255 134 257 98 151 94 153 37 57 173 87 295 101 146 103 270 65 292 151 144 295 98 155 112 295 120 173 57 153 57 155 120 287 155 305 199 183 65 2 134 187 18 175 175 21 94 171 101 195 270 18 173 29 17 2 188 151 182 112 87 155 183 187 112 94 229 287 35 215 158 98 35 167 195 295 103 240 41 155 204 134 29 112 47 305 134 211 35 177 37 167 255 146 215 183 72 229 229 175 47 177 155 151 17 158 182 195 240 240 158 199 233 26 167 28 204 144 171 167 173 34 175 171 287 257 257 94 41 158 106 255 295 257 101 183 103 100 167 215 167 229 305 106 120 233 175 195 175 295 177 204 240 229 183 287 204 120 187 72 187 188 18 2 240 21 195 215 144 257 26 295 28 305 295 151 
  Facilities: 57
 2 : 1 2 39 80 85 104 170 186 294
 17 : 17 27 60 95 119 185 235
 18 : 3 55 73 96 120 122 173 182 293
 21 : 20 21 28 58 64 99 123 125 176 296
 26 : 26 36 69 128 244 301
 28 : 13 38 106 130 246 303
 29 : 29 184 213
 33 : 33 70 76
 34 : 77 252
 35 : 42 72 118 199 203 219
 37 : 22 37 74 115 139 221
 41 : 9 48 51 209 259
 47 : 32 46 54 57 84 215 231
 57 : 94 140 159 161
 65 : 75 102 108 148 169
 72 : 71 79 109 227 290
 87 : 124 142 191
 94 : 62 101 131 137 177 196 258
 98 : 66 83 98 135 153 202
 100 : 107 268
 101 : 100 111 144 179 265
 103 : 146 207 267
 106 : 91 113 261 274
 112 : 23 97 112 155 190 195 214
 120 : 157 163 275 288
 134 : 11 45 133 171 212 217
 144 : 129 151 248 299
 146 : 7 145 224
 151 : 136 150 188 234 306
 153 : 14 121 138 160
 155 : 12 154 162 165 192 210 233
 158 : 15 201 236 241 260
 167 : 24 44 78 204 222 245 250 269 271
 171 : 19 82 178 249 254
 173 : 50 141 158 183 251
 175 : 52 174 175 230 253 277 279
 177 : 25 34 220 232 281
 182 : 30 43 59 93 189 237
 183 : 40 168 193 226 266 285
 187 : 172 194 289 291
 188 : 49 65 187 292
 190 : 67
 195 : 56 180 205 238 278 297
 199 : 47 167 242
 204 : 61 211 247 282 287
 211 : 6 218
 215 : 10 126 200 225 270 298
 229 : 0 86 197 228 229 272 284
 233 : 4 81 110 243 276
 240 : 16 88 117 208 239 240 283 295
 255 : 103 116 132 223 262
 257 : 105 114 134 256 257 264 300
 270 : 18 127 147 181
 287 : 35 164 198 255 286
 292 : 63 68 87 89 149
 295 : 31 90 92 143 152 156 206 263 280 302 305
 305 : 5 8 41 53 166 216 273 304
SOLUTION:
  Value: -174217.000000
  Assigns: 139 265 266 232 93 257 211 212 8 152 280 263 236 165 238 8 219 220 8 12 163 250 15 226 25 25 26 230 29 29 119 236 64 236 177 238 26 266 28 263 72 130 266 75 196 197 198 170 48 6 139 280 276 196 197 12 280 180 263 182 265 93 265 8 64 28 29 99 220 26 15 276 29 276 163 68 165 220 230 72 232 170 72 28 74 48 238 230 89 82 83 8 93 125 297 184 89 220 130 99 100 116 245 93 119 257 28 139 123 72 6 74 8 265 129 130 116 15 75 82 83 122 122 68 125 125 116 25 26 129 75 48 122 165 286 125 93 100 139 139 130 280 99 286 89 297 68 64 180 238 72 68 48 75 297 170 119 280 75 122 123 83 163 286 196 165 129 12 125 170 170 93 89 130 263 165 139 170 74 75 12 196 139 184 184 83 82 180 220 182 180 184 28 29 139 93 12 29 230 15 232 123 119 99 219 220 163 129 130 25 211 226 212 245 177 230 48 232 219 212 177 119 212 68 122 170 219 72 64 74 12 129 177 226 197 180 236 82 83 75 197 139 74 139 245 238 82 83 165 250 265 266 68 198 211 177 152 257 180 75 250 93 184 99 257 280 211 165 100 226 263 286 170 263 170 276 198 93 123 280 116 177 180 276 129 286 286 280 184 125 212 123 74 75 130 212 297 129 196 197 82 83 219 266 12 250 263 
  Facilities: 58
 6 : 49 110
 8 : 8 15 18 63 91 112
 12 : 19 55 167 180 196 230 304
 15 : 22 70 117 199
 25 : 24 25 127 209
 26 : 26 36 69 128
 28 : 38 65 83 106 192
 29 : 28 29 66 72 193 197
 48 : 48 85 131 152 216
 64 : 32 64 147 228
 68 : 75 123 146 151 223 252
 72 : 40 79 82 109 150 227
 74 : 84 111 178 229 242 292
 75 : 43 118 130 153 158 179 239 259 293
 82 : 89 119 186 237 246 300
 83 : 90 120 161 185 238 247 301
 89 : 88 96 144 172
 93 : 4 61 92 103 136 171 195 261 277
 99 : 67 99 142 203 263
 100 : 100 137 268
 116 : 101 116 126 280
 119 : 30 104 156 202 221
 122 : 121 122 132 159 224
 123 : 108 160 201 278 291
 125 : 93 124 125 135 168 289
 129 : 114 129 166 207 231 284 297
 130 : 41 98 115 140 173 208 294
 139 : 0 50 107 138 139 176 182 194 241 243
 152 : 9 256
 163 : 20 74 162 206
 165 : 13 76 133 165 175 248 267
 170 : 47 81 155 169 170 177 225 272 274
 177 : 34 214 220 232 255 281
 180 : 57 148 187 190 235 258 282
 182 : 59 189
 184 : 95 183 184 191 262 288
 196 : 44 53 164 181 298
 197 : 45 54 234 240 299
 198 : 46 253 276
 211 : 6 210 254 266
 212 : 7 212 219 222 290 295
 219 : 16 204 218 226 302
 220 : 17 68 77 97 188 205
 226 : 23 211 233 269
 230 : 27 78 87 198 215
 232 : 3 80 200 217
 236 : 12 31 33 236
 238 : 14 35 86 149 245
 245 : 102 213 244
 250 : 21 249 260 305
 257 : 5 105 257 264
 263 : 11 39 58 174 270 273 306
 265 : 1 60 62 113 250
 266 : 2 37 42 251 303
 276 : 52 71 73 275 283
 280 : 10 51 56 141 157 265 279 287
 286 : 134 143 163 271 285 286
 297 : 94 145 154 296
SOLUTION:
  Value: -174224.000000
  Assigns: 139 265 266 232 93 257 211 212 8 152 280 263 236 165 238 8 219 220 8 12 163 250 286 226 25 25 26 230 29 29 119 236 64 236 177 238 26 27 28 263 72 130 266 75 196 197 198 170 48 6 139 280 276 196 197 12 280 180 263 182 265 93 265 8 64 28 29 99 220 26 27 276 29 276 163 68 165 220 230 72 232 170 72 28 74 48 238 230 89 82 83 8 93 125 237 184 89 220 130 99 100 116 245 93 119 257 28 139 123 72 6 74 8 265 237 130 116 74 75 82 83 122 122 68 125 125 116 25 26 129 75 48 122 165 286 125 93 100 139 139 130 280 99 286 89 177 68 64 180 238 72 68 48 75 99 170 119 280 75 122 123 83 163 286 196 165 129 12 125 170 170 93 89 130 263 165 139 170 74 75 12 196 139 184 184 83 82 180 220 182 180 184 28 29 139 93 12 29 230 116 232 123 119 99 219 220 163 129 130 25 211 226 212 245 177 230 48 232 219 212 177 119 212 68 122 170 219 72 64 74 12 129 177 226 197 180 237 82 83 75 197 139 74 139 245 238 82 83 165 250 265 266 68 198 211 177 152 257 180 75 250 93 184 99 257 280 211 165 100 226 263 286 170 263 170 276 198 93 123 280 116 177 180 276 129 286 286 280 184 125 212 123 237 75 130 212 286 129 196 197 82 83 219 266 12 250 263 
  Facilities: 58
 6 : 49 110
 8 : 8 15 18 63 91 112
 12 : 19 55 167 180 196 230 304
 25 : 24 25 127 209
 26 : 26 36 69 128
 27 : 37 70
 28 : 38 65 83 106 192
 29 : 28 29 66 72 193 197
 48 : 48 85 131 152 216
 64 : 32 64 147 228
 68 : 75 123 146 151 223 252
 72 : 40 79 82 109 150 227
 74 : 84 111 117 178 229 242
 75 : 43 118 130 153 158 179 239 259 293
 82 : 89 119 186 237 246 300
 83 : 90 120 161 185 238 247 301
 89 : 88 96 144 172
 93 : 4 61 92 103 136 171 195 261 277
 99 : 67 99 142 154 203 263
 100 : 100 137 268
 116 : 101 116 126 199 280
 119 : 30 104 156 202 221
 122 : 121 122 132 159 224
 123 : 108 160 201 278 291
 125 : 93 124 125 135 168 289
 129 : 129 166 207 231 284 297
 130 : 41 98 115 140 173 208 294
 139 : 0 50 107 138 139 176 182 194 241 243
 152 : 9 256
 163 : 20 74 162 206
 165 : 13 76 133 165 175 248 267
 170 : 47 81 155 169 170 177 225 272 274
 177 : 34 145 214 220 232 255 281
 180 : 57 148 187 190 235 258 282
 182 : 59 189
 184 : 95 183 184 191 262 288
 196 : 44 53 164 181 298
 197 : 45 54 234 240 299
 198 : 46 253 276
 211 : 6 210 254 266
 212 : 7 212 219 222 290 295
 219 : 16 204 218 226 302
 220 : 17 68 77 97 188 205
 226 : 23 211 233 269
 230 : 27 78 87 198 215
 232 : 3 80 200 217
 236 : 12 31 33
 237 : 94 114 236 292
 238 : 14 35 86 149 245
 245 : 102 213 244
 250 : 21 249 260 305
 257 : 5 105 257 264
 263 : 11 39 58 174 270 273 306
 265 : 1 60 62 113 250
 266 : 2 42 251 303
 276 : 52 71 73 275 283
 280 : 10 51 56 141 157 265 279 287
 286 : 22 134 143 163 271 285 286 296
SOLUTION:
  Value: -174226.000000
  Assigns: 139 265 266 232 93 257 211 212 8 152 280 263 236 165 238 8 219 220 8 12 163 250 286 226 25 25 26 230 29 29 119 236 64 236 177 238 26 266 28 263 72 130 266 75 196 197 198 170 48 6 139 280 276 196 197 12 280 180 263 182 265 93 265 8 64 28 29 99 220 26 70 276 29 276 163 68 165 220 230 72 232 170 72 28 74 48 238 230 89 82 83 8 93 125 237 184 89 220 130 99 100 116 245 93 119 257 28 139 123 72 6 74 8 265 237 130 116 74 75 82 83 122 122 68 125 125 116 25 26 129 75 48 122 165 286 125 93 100 139 139 130 280 99 286 89 177 68 64 180 238 72 68 48 75 99 170 119 280 75 122 123 83 163 286 196 165 129 12 125 170 170 93 89 130 263 165 139 170 74 75 12 196 139 184 184 83 82 180 220 182 180 184 28 29 139 93 12 29 230 116 232 123 119 99 219 220 163 129 130 25 211 226 212 245 177 230 48 232 219 212 177 119 212 68 122 170 219 72 64 74 12 129 177 226 197 180 237 82 83 75 197 139 74 139 245 238 82 83 165 250 265 266 68 198 211 177 152 257 180 75 250 93 184 99 257 280 211 165 100 226 263 286 170 263 170 276 198 93 123 280 116 177 180 276 129 286 286 280 184 125 212 123 237 75 130 212 286 129 196 197 82 83 219 266 12 250 263 
  Facilities: 58
 6 : 49 110
 8 : 8 15 18 63 91 112
 12 : 19 55 167 180 196 230 304
 25 : 24 25 127 209
 26 : 26 36 69 128
 28 : 38 65 83 106 192
 29 : 28 29 66 72 193 197
 48 : 48 85 131 152 216
 64 : 32 64 147 228
 68 : 75 123 146 151 223 252
 70 : 70
 72 : 40 79 82 109 150 227
 74 : 84 111 117 178 229 242
 75 : 43 118 130 153 158 179 239 259 293
 82 : 89 119 186 237 246 300
 83 : 90 120 161 185 238 247 301
 89 : 88 96 144 172
 93 : 4 61 92 103 136 171 195 261 277
 99 : 67 99 142 154 203 263
 100 : 100 137 268
 116 : 101 116 126 199 280
 119 : 30 104 156 202 221
 122 : 121 122 132 159 224
 123 : 108 160 201 278 291
 125 : 93 124 125 135 168 289
 129 : 129 166 207 231 284 297
 130 : 41 98 115 140 173 208 294
 139 : 0 50 107 138 139 176 182 194 241 243
 152 : 9 256
 163 : 20 74 162 206
 165 : 13 76 133 165 175 248 267
 170 : 47 81 155 169 170 177 225 272 274
 177 : 34 145 214 220 232 255 281
 180 : 57 148 187 190 235 258 282
 182 : 59 189
 184 : 95 183 184 191 262 288
 196 : 44 53 164 181 298
 197 : 45 54 234 240 299
 198 : 46 253 276
 211 : 6 210 254 266
 212 : 7 212 219 222 290 295
 219 : 16 204 218 226 302
 220 : 17 68 77 97 188 205
 226 : 23 211 233 269
 230 : 27 78 87 198 215
 232 : 3 80 200 217
 236 : 12 31 33
 237 : 94 114 236 292
 238 : 14 35 86 149 245
 245 : 102 213 244
 250 : 21 249 260 305
 257 : 5 105 257 264
 263 : 11 39 58 174 270 273 306
 265 : 1 60 62 113 250
 266 : 2 37 42 251 303
 276 : 52 71 73 275 283
 280 : 10 51 56 141 157 265 279 287
 286 : 22 134 143 163 271 285 286 296
SOLUTION:
  Value: -174228.000000
  Assigns: 139 265 266 232 93 257 211 212 8 152 280 263 236 165 238 8 219 220 8 12 163 250 286 226 25 25 26 230 29 29 119 236 64 236 177 238 26 266 28 263 72 130 266 75 196 197 198 170 48 6 139 280 276 196 197 12 280 180 263 182 265 93 265 8 64 28 29 99 220 26 273 276 29 276 163 68 165 220 230 72 232 170 72 28 74 48 238 230 89 82 83 8 93 125 237 184 89 220 130 99 100 116 245 93 119 257 28 139 123 72 6 74 8 265 237 130 116 74 75 82 83 122 122 68 125 125 116 25 26 129 75 48 122 165 286 125 93 100 139 139 130 280 99 286 89 177 68 64 180 238 72 68 48 75 99 170 119 280 75 122 123 83 163 286 196 165 129 12 125 170 170 93 89 130 263 165 139 170 74 75 12 196 139 184 184 83 82 180 220 182 180 184 28 29 139 93 12 29 230 116 232 123 119 99 219 220 163 129 130 25 211 226 212 245 177 230 48 232 219 212 177 119 212 68 122 170 219 72 64 74 12 129 177 226 197 180 237 82 83 75 197 139 74 139 245 238 82 83 165 250 265 266 68 198 211 177 152 257 180 75 250 93 184 99 257 280 211 165 100 226 263 286 273 263 170 276 198 93 123 280 116 177 180 276 129 286 286 280 184 125 212 123 237 75 130 212 286 129 196 197 82 83 219 266 12 250 263 
  Facilities: 58
 6 : 49 110
 8 : 8 15 18 63 91 112
 12 : 19 55 167 180 196 230 304
 25 : 24 25 127 209
 26 : 26 36 69 128
 28 : 38 65 83 106 192
 29 : 28 29 66 72 193 197
 48 : 48 85 131 152 216
 64 : 32 64 147 228
 68 : 75 123 146 151 223 252
 72 : 40 79 82 109 150 227
 74 : 84 111 117 178 229 242
 75 : 43 118 130 153 158 179 239 259 293
 82 : 89 119 186 237 246 300
 83 : 90 120 161 185 238 247 301
 89 : 88 96 144 172
 93 : 4 61 92 103 136 171 195 261 277
 99 : 67 99 142 154 203 263
 100 : 100 137 268
 116 : 101 116 126 199 280
 119 : 30 104 156 202 221
 122 : 121 122 132 159 224
 123 : 108 160 201 278 291
 125 : 93 124 125 135 168 289
 129 : 129 166 207 231 284 297
 130 : 41 98 115 140 173 208 294
 139 : 0 50 107 138 139 176 182 194 241 243
 152 : 9 256
 163 : 20 74 162 206
 165 : 13 76 133 165 175 248 267
 170 : 47 81 155 169 170 177 225 274
 177 : 34 145 214 220 232 255 281
 180 : 57 148 187 190 235 258 282
 182 : 59 189
 184 : 95 183 184 191 262 288
 196 : 44 53 164 181 298
 197 : 45 54 234 240 299
 198 : 46 253 276
 211 : 6 210 254 266
 212 : 7 212 219 222 290 295
 219 : 16 204 218 226 302
 220 : 17 68 77 97 188 205
 226 : 23 211 233 269
 230 : 27 78 87 198 215
 232 : 3 80 200 217
 236 : 12 31 33
 237 : 94 114 236 292
 238 : 14 35 86 149 245
 245 : 102 213 244
 250 : 21 249 260 305
 257 : 5 105 257 264
 263 : 11 39 58 174 270 273 306
 265 : 1 60 62 113 250
 266 : 2 37 42 251 303
 273 : 70 272
 276 : 52 71 73 275 283
 280 : 10 51 56 141 157 265 279 287
 286 : 22 134 143 163 271 285 286 296
SOLUTION:
  Value: -174244.000000
  Assigns: 203 2 145 4 4 210 21 210 40 2 274 216 12 102 14 16 16 156 157 12 21 21 274 55 253 249 16 251 21 299 294 63 33 33 186 299 68 37 181 2 55 56 294 186 7 274 251 299 191 138 40 203 191 68 11 12 145 14 181 288 284 76 55 63 21 66 218 60 207 14 299 274 277 225 217 299 33 216 78 218 80 82 97 288 207 2 76 102 5 11 80 294 124 56 16 40 299 249 55 21 63 102 191 60 97 68 63 5 4 66 55 56 251 145 203 78 117 80 207 82 37 210 274 68 117 277 249 216 251 218 253 94 284 222 277 80 225 94 55 37 97 37 174 60 66 102 68 299 138 181 182 294 145 276 117 145 299 2 80 4 299 124 7 156 157 288 198 12 66 258 2 16 94 5 174 97 191 94 76 179 12 138 145 198 82 274 179 276 4 182 191 191 207 225 157 210 12 33 14 288 145 191 203 218 194 37 102 222 40 210 299 156 157 203 207 216 138 207 218 251 210 222 4 68 217 225 124 63 145 174 12 194 68 78 179 157 181 82 253 21 138 198 274 258 60 277 82 210 80 249 66 251 68 216 217 218 249 179 251 181 217 251 207 253 80 210 102 299 258 186 102 216 217 288 274 276 174 277 94 4 5 117 7 179 299 207 203 288 186 14 253 284 124 191 216 191 21 5 80 7 145 117 198 11 12 203 251 
  Facilities: 58
 2 : 1 9 39 85 157 170
 4 : 3 4 108 159 188 222 279
 5 : 88 107 173 280 297
 7 : 44 162 282 299
 11 : 54 89 303
 12 : 12 19 55 167 180 196 230 304
 14 : 14 57 69 198 289
 16 : 15 16 26 94 171
 21 : 6 20 21 28 64 99 239 296
 33 : 32 33 76 197
 37 : 37 120 139 141 205
 40 : 8 50 95 208
 55 : 23 40 62 98 110 138
 56 : 41 93 111
 60 : 67 103 143 244
 63 : 31 63 100 106 227
 66 : 65 109 144 168 250
 68 : 36 53 105 123 146 223 232 252
 76 : 61 86 178
 78 : 78 115 233
 80 : 80 90 117 135 158 248 264 298
 82 : 81 119 184 237 246
 94 : 131 137 172 177 278
 97 : 82 104 140 175
 102 : 13 87 101 145 206 266 270
 117 : 116 124 154 281 301
 124 : 92 161 226 292
 138 : 49 148 181 216 240
 145 : 2 56 113 152 155 182 200 228 300
 156 : 17 163 211
 157 : 18 164 194 212 235
 174 : 142 174 229 276
 179 : 179 186 234 257 283
 181 : 38 58 149 236 259
 182 : 150 189
 186 : 34 43 269 288
 191 : 48 52 102 176 190 191 201 293 295
 194 : 204 231
 198 : 166 183 241 302
 203 : 0 51 114 202 213 286 305
 207 : 68 84 118 192 214 217 262 285
 210 : 5 7 121 195 209 220 247 265
 216 : 11 77 127 215 253 271 294
 217 : 74 224 254 260 272
 218 : 66 79 129 203 218 255
 222 : 133 207 221
 225 : 73 136 193 225
 249 : 25 97 126 249 256
 251 : 27 46 112 128 219 251 258 261 306
 253 : 24 130 238 263 290
 258 : 169 243 268
 274 : 10 22 45 71 122 185 242 274
 276 : 153 187 275
 277 : 72 125 134 245 277
 284 : 60 132 291
 288 : 59 83 165 199 273 287
 294 : 30 42 91 151
 299 : 29 35 47 70 75 96 147 156 160 210 267 284
SOLUTION:
  Value: -174266.000000
  Assigns: 252 206 154 232 5 128 303 8 9 24 215 263 155 102 14 158 16 7 157 224 21 21 54 293 14 289 26 116 21 293 294 63 47 185 24 67 26 289 262 263 3 293 185 272 7 8 189 48 63 138 255 303 141 46 54 48 46 14 263 16 289 54 63 206 293 66 67 67 157 26 294 34 224 88 303 90 66 67 201 303 232 224 82 115 47 48 3 88 5 82 7 54 295 232 16 88 235 14 303 242 115 46 47 192 21 3 63 3 53 66 67 7 8 9 12 115 116 206 63 242 16 121 67 21 263 88 116 90 26 252 47 121 54 222 51 224 34 289 128 262 155 293 294 88 66 102 63 179 141 272 293 294 48 185 293 51 295 158 54 116 82 154 7 252 121 155 88 12 66 67 66 16 295 9 175 175 21 9 141 179 12 138 175 215 82 185 82 3 189 21 26 154 88 115 157 158 141 154 34 121 232 158 192 235 102 294 102 222 201 54 26 128 48 206 215 47 138 232 54 51 252 222 185 255 224 7 8 242 185 222 12 224 222 155 235 192 158 82 155 21 138 158 232 88 201 235 82 192 263 242 66 252 242 175 255 255 88 272 215 252 158 157 158 295 46 222 48 189 185 262 263 272 88 263 90 192 121 175 3 175 295 179 272 128 66 67 102 185 303 252 235 189 293 293 192 3 192 5 215 262 293 294 303 293 12 262 263 
  Facilities: 58
 3 : 40 86 105 107 187 278 295
 5 : 4 88 297
 7 : 17 44 90 111 162 225
 8 : 7 45 112 226
 9 : 8 113 173 177
 12 : 114 167 180 230 304
 14 : 14 24 57 97
 16 : 16 59 94 120 171
 21 : 20 21 28 104 123 176 189 239
 24 : 9 34
 26 : 26 36 69 128 190 210
 34 : 71 136 198
 46 : 53 56 101 264
 47 : 32 84 102 130 215
 48 : 47 55 85 152 212 266
 51 : 134 155 219
 53 : 108
 54 : 22 54 61 91 132 158 209 218
 63 : 31 48 62 106 118 146
 66 : 65 76 109 144 168 170 250 284
 67 : 35 66 67 77 110 122 169 285
 82 : 82 89 160 184 186 237 246
 88 : 73 87 95 125 143 166 192 243 256 272
 90 : 75 127 274
 102 : 13 145 204 206 286
 115 : 83 100 115 193
 116 : 27 116 126 159
 121 : 121 131 164 199 276
 128 : 5 138 211 283
 138 : 49 181 216 240
 141 : 52 148 178 196
 154 : 2 161 191 197
 155 : 12 140 165 233 238
 157 : 18 68 194 261
 158 : 15 157 195 201 236 241 260 262
 175 : 174 175 182 253 277 279
 179 : 147 179 281
 185 : 33 42 153 185 222 228 268 287
 189 : 46 188 267 291
 192 : 103 202 235 247 275 294 296
 201 : 78 208 244
 206 : 1 63 117 213
 215 : 10 183 214 258 298
 222 : 133 207 221 229 232 265
 224 : 19 72 81 135 224 231
 232 : 3 80 93 200 217 242
 235 : 96 203 234 245 290
 242 : 99 119 227 249 252
 252 : 0 129 163 220 251 259 289
 255 : 50 223 254 255
 262 : 38 139 269 299 305
 263 : 11 39 58 124 248 270 273 306
 272 : 43 149 257 271 282
 289 : 25 37 60 137
 293 : 23 29 41 64 141 150 154 292 293 300 303
 294 : 30 70 142 151 205 301
 295 : 92 156 172 263 280
 303 : 6 51 74 79 98 288 302
