# Time: 407.760010
# Elapsed: 62.971924
# Input_file: splp/GapA/2532GapAS.txt
# Pool_size: 200
# Iterations: 19
# Final_solutions: 3500
# Vision_range: 400
# Reduction_mode: REDUCTION_DISPERSE
# Dissimilitude: DISSIM_MSE
# Facility_dist: FDISMODE_SUMOFDELTAS
SOLUTION:
  Value: -39121.000000
  Assigns: 57 78 95 46 46 78 89 76 63 76 63 33 32 95 56 56 84 94 84 95 95 89 32 78 76 94 32 76 51 32 56 56 32 46 94 57 46 32 46 94 94 46 76 51 76 84 33 33 51 57 94 76 33 46 89 94 32 95 56 84 76 94 33 32 32 63 63 95 84 51 32 51 78 57 63 51 94 63 57 33 84 78 56 63 84 94 76 46 94 63 32 32 78 57 76 84 76 63 32 84 
  Facilities: 13
 32 : 12 22 26 29 32 37 56 63 64 70 90 91 98
 33 : 11 46 47 52 62 79
 46 : 3 4 33 36 38 41 53 87
 51 : 28 43 48 69 71 75
 56 : 14 15 30 31 58 82
 57 : 0 35 49 73 78 93
 63 : 8 10 65 66 74 77 83 89 97
 76 : 7 9 24 27 42 44 51 60 86 94 96
 78 : 1 5 23 72 81 92
 84 : 16 18 45 59 68 80 84 95 99
 89 : 6 21 54
 94 : 17 25 34 39 40 50 55 61 76 85 88
 95 : 2 13 19 20 57 67
SOLUTION:
  Value: -39122.000000
  Assigns: 59 37 71 23 36 84 73 37 23 36 64 73 84 64 23 64 84 94 84 28 59 59 73 23 76 94 36 37 36 28 59 23 84 85 94 73 36 71 76 94 94 28 64 71 76 84 71 73 28 85 94 76 64 23 17 85 73 17 36 84 37 94 84 17 37 85 85 28 84 37 36 73 64 37 37 85 94 64 28 37 84 36 23 28 84 94 23 59 94 73 17 59 85 28 76 84 59 23 23 85 
  Facilities: 13
 17 : 54 57 63 90
 23 : 3 8 14 23 31 53 82 86 97 98
 28 : 19 29 41 48 67 78 83 93
 36 : 4 9 26 28 36 58 70 81
 37 : 1 7 27 60 64 69 73 74 79
 59 : 0 20 21 30 87 91 96
 64 : 10 13 15 42 52 72 77
 71 : 2 37 43 46
 73 : 6 11 22 35 47 56 71 89
 76 : 24 38 44 51 94
 84 : 5 12 16 18 32 45 59 62 68 80 84 95
 85 : 33 49 55 65 66 75 92 99
 94 : 17 25 34 39 40 50 61 76 85 88
SOLUTION:
  Value: -39123.000000
  Assigns: 61 37 91 23 36 84 73 37 23 36 90 73 84 61 23 65 84 37 61 37 90 50 73 23 2 50 50 37 36 65 91 23 84 85 91 73 50 37 61 65 65 73 15 61 61 84 91 73 90 85 73 91 65 23 50 85 73 37 36 84 37 50 84 15 37 2 85 36 84 61 36 91 91 37 37 85 15 90 85 37 84 2 23 90 84 90 23 15 15 73 90 50 85 90 50 84 61 91 23 85 
  Facilities: 13
 2 : 24 65 81
 15 : 42 63 76 87 88
 23 : 3 8 14 23 31 53 82 86 98
 36 : 4 9 28 58 67 70
 37 : 1 7 17 19 27 37 57 60 64 73 74 79
 50 : 21 25 26 36 54 61 91 94
 61 : 0 13 18 38 43 44 69 96
 65 : 15 29 39 40 52
 73 : 6 11 22 35 41 47 50 56 89
 84 : 5 12 16 32 45 59 62 68 80 84 95
 85 : 33 49 55 66 75 78 92 99
 90 : 10 20 48 77 83 85 90 93
 91 : 2 30 34 46 51 71 72 97
SOLUTION:
  Value: -39128.000000
  Assigns: 61 37 51 46 46 84 97 37 47 97 52 33 32 61 4 97 84 94 61 37 46 33 32 33 4 94 32 47 51 47 31 37 84 46 52 4 46 32 46 31 94 46 46 51 61 84 33 33 51 47 94 61 33 51 47 94 32 37 47 4 37 94 33 32 32 31 47 97 84 51 52 47 31 37 51 52 94 84 51 4 47 52 51 32 84 94 33 46 94 47 4 4 52 97 32 84 52 31 52 84 
  Facilities: 13
 4 : 14 24 35 59 79 90 91
 31 : 30 39 65 72 97
 32 : 12 22 26 37 56 63 64 83 94
 33 : 11 21 23 46 47 52 62 86
 37 : 1 7 19 31 57 60 73
 46 : 3 4 20 33 36 38 41 42 87
 47 : 8 27 29 49 54 58 66 71 80 89
 51 : 2 28 43 48 53 69 74 78 82
 52 : 10 34 70 75 81 92 96 98
 61 : 0 13 18 44 51
 84 : 5 16 32 45 68 77 84 95 99
 94 : 17 25 40 50 55 61 76 85 88
 97 : 6 9 15 67 93
SOLUTION:
  Value: -39130.000000
  Assigns: 57 78 95 46 46 78 74 76 47 76 24 24 32 95 46 3 78 94 78 95 95 32 32 78 76 94 32 47 51 32 31 74 3 46 94 24 46 32 46 3 94 24 76 51 76 74 24 95 51 57 94 24 74 51 47 24 32 95 47 3 76 94 24 32 32 31 47 95 95 51 32 51 78 57 51 51 94 46 57 3 47 78 24 57 24 94 76 46 94 47 31 32 78 57 76 51 76 74 32 31 
  Facilities: 13
 3 : 15 32 39 59 79
 24 : 10 11 35 41 46 51 55 62 82 84
 31 : 30 65 90 99
 32 : 12 21 22 26 29 37 56 63 64 70 91 98
 46 : 3 4 14 33 36 38 77 87
 47 : 8 27 54 58 66 80 89
 51 : 28 43 48 53 69 71 74 75 95
 57 : 0 49 73 78 83 93
 74 : 6 31 45 52 97
 76 : 7 9 24 42 44 60 86 94 96
 78 : 1 5 16 18 23 72 81 92
 94 : 17 25 34 40 50 61 76 85 88
 95 : 2 13 19 20 47 57 67 68
SOLUTION:
  Value: -39131.000000
  Assigns: 61 37 51 23 36 61 73 37 63 36 63 19 32 64 23 64 27 94 61 27 27 32 32 23 19 94 32 63 36 32 19 23 32 19 94 24 36 32 61 94 94 24 64 51 61 73 24 73 51 94 94 24 64 51 27 24 73 37 27 63 19 94 24 32 32 63 63 19 64 61 27 51 64 24 63 51 94 63 51 37 73 36 23 63 24 94 23 19 94 63 32 32 27 19 32 51 61 63 23 27 
  Facilities: 13
 19 : 11 24 30 33 60 67 87 93
 23 : 3 14 23 31 82 86 98
 24 : 35 41 46 51 55 62 73 84
 27 : 16 19 20 54 58 70 92 99
 32 : 12 21 22 26 29 32 37 63 64 90 91 94
 36 : 4 9 28 36 81
 37 : 1 7 57 79
 51 : 2 43 48 53 71 75 78 95
 61 : 0 5 18 38 44 69 96
 63 : 8 10 27 59 65 66 74 77 83 89 97
 64 : 13 15 42 52 68 72
 73 : 6 45 47 56 80
 94 : 17 25 34 39 40 49 50 61 76 85 88
SOLUTION:
  Value: -39131.000000
  Assigns: 57 78 95 46 46 78 73 76 63 76 52 73 32 95 56 56 27 94 78 95 95 32 32 78 76 94 32 52 51 32 56 56 32 46 52 73 46 32 46 94 94 46 76 51 76 73 78 73 51 57 94 76 27 46 27 94 73 95 27 63 76 94 95 78 32 63 63 95 95 51 27 51 78 57 63 52 94 63 57 52 73 52 56 63 95 94 76 46 94 73 52 32 78 57 76 51 52 46 52 27 
  Facilities: 13
 27 : 16 52 54 58 70 99
 32 : 12 21 22 26 29 32 37 64 91
 46 : 3 4 33 36 38 41 53 87 97
 51 : 28 43 48 69 71 95
 52 : 10 27 34 75 79 81 90 96 98
 56 : 14 15 30 31 82
 57 : 0 49 73 78 93
 63 : 8 59 65 66 74 77 83
 73 : 6 11 35 45 47 56 80 89
 76 : 7 9 24 42 44 51 60 86 94
 78 : 1 5 18 23 46 63 72 92
 94 : 17 25 39 40 50 55 61 76 85 88
 95 : 2 13 19 20 57 62 67 68 84
SOLUTION:
  Value: -39132.000000
  Assigns: 61 14 95 46 46 61 14 76 47 76 24 24 32 61 46 3 27 94 61 95 95 32 32 14 76 31 32 47 51 14 31 3 3 46 94 24 46 32 46 31 94 24 76 51 61 24 24 95 51 47 94 24 27 46 47 24 32 95 27 3 76 94 24 32 32 31 47 95 95 61 27 47 31 24 14 3 94 46 14 3 47 14 24 32 24 94 76 46 94 47 31 32 27 14 76 51 61 31 32 27 
  Facilities: 13
 3 : 15 31 32 59 75 79
 14 : 1 6 23 29 74 78 81 93
 24 : 10 11 35 41 45 46 51 55 62 73 82 84
 27 : 16 52 58 70 92 99
 31 : 25 30 39 65 72 90 97
 32 : 12 21 22 26 37 56 63 64 83 91 98
 46 : 3 4 14 33 36 38 53 77 87
 47 : 8 27 49 54 66 71 80 89
 51 : 28 43 48 95
 61 : 0 5 13 18 44 69 96
 76 : 7 9 24 42 60 86 94
 94 : 17 34 40 50 61 76 85 88
 95 : 2 19 20 47 57 67 68
SOLUTION:
  Value: -39133.000000
  Assigns: 29 32 51 23 5 87 73 53 23 97 64 73 32 64 4 64 27 73 97 27 27 32 32 23 4 87 32 53 51 32 5 23 32 4 87 73 87 32 8 51 27 73 64 51 8 73 4 73 51 87 73 53 64 51 27 53 73 87 27 4 5 53 5 32 32 87 29 97 8 51 27 51 64 29 51 51 29 64 51 4 73 53 23 5 87 8 23 8 8 73 4 4 27 97 32 97 53 23 23 27 
  Facilities: 13
 4 : 14 24 33 46 59 79 90 91
 5 : 4 30 60 62 83
 8 : 38 44 68 85 87 88
 23 : 3 8 23 31 82 86 97 98
 27 : 16 19 20 40 54 58 70 92 99
 29 : 0 66 73 76
 32 : 1 12 21 22 26 29 32 37 63 64 94
 51 : 2 28 39 43 48 53 69 71 74 75 78
 53 : 7 27 51 55 61 81 96
 64 : 10 13 15 42 52 72 77
 73 : 6 11 17 35 41 45 47 50 56 80 89
 87 : 5 25 34 36 49 57 65 84
 97 : 9 18 67 93 95
SOLUTION:
  Value: -39134.000000
  Assigns: 59 14 95 46 46 78 14 76 63 76 24 24 32 95 46 3 27 94 78 27 27 59 32 78 76 94 32 76 51 14 59 3 3 46 94 24 46 32 46 3 94 24 76 51 76 24 24 95 51 94 94 24 27 51 27 24 32 95 27 3 76 94 24 32 32 63 3 95 95 51 27 51 78 24 63 51 94 63 14 3 76 78 24 63 24 94 76 46 94 63 32 32 78 14 76 51 59 63 32 27 
  Facilities: 13
 3 : 15 31 32 39 59 66 79
 14 : 1 6 29 78 93
 24 : 10 11 35 41 45 46 51 55 62 73 82 84
 27 : 16 19 20 52 54 58 70 99
 32 : 12 22 26 37 56 63 64 90 91 98
 46 : 3 4 14 33 36 38 87
 51 : 28 43 48 53 69 71 75 95
 59 : 0 21 30 96
 63 : 8 65 74 77 83 89 97
 76 : 7 9 24 27 42 44 60 80 86 94
 78 : 5 18 23 72 81 92
 94 : 17 25 34 40 49 50 61 76 85 88
 95 : 2 13 47 57 67 68
