# Time: 9.460000
# Elapsed: 1.799156
# Input_file: splp/ORLIB/ORLIB-uncap/a-c/capc.txt
# Pool_size: 400
# Iterations: 19
# Final_solutions: 6228
# Vision_range: 0
# Reduction_mode: REDUCTION_RANDOM
SOLUTION:
  Value: -12388133.298420
  Assigns: 14 11 91 22 11 8 14 75 78 78 75 63 75 11 8 4 11 63 91 63 14 4 91 91 25 11 14 91 91 22 75 11 11 91 63 8 78 4 8 22 63 75 4 63 78 91 63 25 63 63 75 25 4 63 8 25 91 22 14 22 14 78 25 11 63 91 4 75 14 63 22 78 22 14 22 63 78 63 78 75 63 78 11 11 25 78 91 78 91 91 78 22 91 75 8 11 11 22 91 91 14 63 75 4 91 25 8 63 8 22 14 25 25 78 22 8 4 8 78 63 91 22 4 91 4 22 22 75 4 78 63 11 91 78 11 75 75 14 22 22 14 91 8 4 63 91 63 22 75 4 11 63 4 78 11 63 22 4 63 75 78 22 63 22 91 75 22 91 11 11 63 78 63 22 75 25 14 25 14 11 78 14 11 75 8 25 91 4 78 11 14 78 22 8 63 25 14 78 8 91 11 63 11 14 75 63 8 78 78 75 25 8 8 22 63 78 75 25 75 14 8 22 63 63 4 91 22 63 78 22 75 91 11 78 4 14 25 22 22 11 4 22 75 11 91 11 91 75 14 78 63 11 75 75 75 91 4 22 75 8 25 63 78 25 91 22 91 91 63 14 22 78 75 4 63 63 8 78 22 91 14 78 14 14 8 4 78 25 11 22 63 63 22 63 25 25 63 75 22 91 63 25 75 8 8 78 75 8 78 91 75 11 8 78 22 91 14 78 22 14 75 75 91 63 8 11 11 11 78 75 91 91 78 22 22 11 22 4 75 75 8 63 63 91 75 11 14 75 91 91 22 75 8 11 11 14 8 78 8 11 22 63 63 22 11 8 91 78 78 91 63 22 8 91 78 11 63 91 14 78 11 14 11 14 14 25 63 75 14 75 78 78 8 11 78 11 78 75 8 22 25 14 8 78 63 8 91 78 14 63 11 14 63 8 78 8 11 78 63 22 22 22 11 11 4 11 22 14 91 91 78 14 63 4 91 63 22 63 63 25 63 63 11 11 75 22 63 11 14 11 75 75 11 8 91 75 14 78 8 22 75 14 14 22 14 22 11 75 78 63 63 91 25 22 14 11 4 22 75 63 22 22 8 8 14 22 91 11 91 91 78 4 78 22 91 11 63 91 22 75 22 63 8 91 63 8 8 11 8 78 91 14 22 25 78 75 25 14 11 11 78 91 75 4 25 22 22 11 11 63 75 91 78 63 4 14 78 75 78 91 75 8 91 22 4 22 14 22 63 14 63 22 91 22 4 63 22 75 8 22 14 91 75 11 22 63 22 91 14 78 75 63 14 91 11 63 78 4 11 75 22 11 11 75 22 63 78 63 22 91 22 78 75 8 22 22 22 22 78 4 22 63 22 14 11 8 78 22 75 75 11 78 22 14 25 78 22 11 22 4 11 11 75 14 8 78 14 75 11 75 22 25 4 75 75 91 25 63 91 8 63 8 22 63 4 11 75 11 8 8 22 11 8 78 14 8 22 63 4 91 11 91 22 63 75 63 63 11 11 75 91 11 78 4 91 25 91 63 78 75 11 22 78 75 11 14 8 22 14 14 63 63 11 78 11 4 75 91 14 22 63 91 78 91 63 22 4 8 63 91 25 11 11 22 11 11 14 22 8 91 11 8 63 78 63 14 63 78 4 75 91 75 75 78 75 4 8 75 8 11 4 11 91 91 11 4 63 22 75 11 91 75 11 91 4 14 75 14 14 91 25 22 25 14 91 11 8 8 75 75 75 22 78 14 25 63 14 11 75 14 8 91 75 91 22 78 75 11 11 91 14 25 63 78 63 11 63 75 8 78 63 14 25 91 22 63 11 11 22 78 63 63 63 22 91 14 11 11 14 78 22 78 14 91 22 78 91 78 11 75 22 91 78 4 63 4 11 78 22 78 14 8 11 14 25 75 63 63 8 78 25 25 91 14 25 25 11 4 22 63 63 25 75 22 78 78 25 75 91 78 78 8 22 63 78 75 78 63 14 14 91 22 4 14 4 22 91 22 78 14 14 25 8 75 78 91 91 11 22 11 11 25 11 14 78 22 75 14 4 22 11 78 63 25 91 8 22 91 4 78 22 14 78 75 25 4 63 91 75 25 75 63 63 8 14 14 8 78 11 78 78 11 75 14 11 4 63 11 25 4 63 75 63 91 14 91 4 91 78 78 8 63 22 8 22 78 4 75 63 14 8 63 63 78 11 8 75 14 14 8 25 8 78 25 22 14 11 4 91 22 14 63 4 14 8 22 11 14 75 75 
  Facilities: 10
 4 : 15 21 37 42 52 66 103 116 122 124 128 143 149 152 157 187 224 234 240 256 273 285 337 424 433 476 491 523 534 544 554 577 599 619 632 644 658 673 695 706 728 735 740 745 754 833 835 857 882 884 908 918 925 945 949 956 966 987 992
 8 : 5 14 35 38 54 94 106 108 115 117 142 184 193 198 206 211 212 220 259 276 284 303 304 307 312 324 340 352 356 358 365 372 392 398 402 405 413 415 453 458 482 483 502 505 506 508 541 558 593 605 624 639 641 648 649 652 655 686 707 718 721 736 738 766 767 780 798 841 848 871 892 915 933 936 960 963 970 975 979 981 994
 11 : 1 4 13 16 25 31 32 63 82 83 95 96 131 134 150 154 168 169 179 182 189 200 202 232 239 243 245 251 288 311 325 326 327 335 345 353 354 359 364 375 380 382 393 395 410 416 422 423 425 442 443 447 449 452 466 475 487 495 507 518 519 527 528 563 574 578 581 582 604 610 617 620 621 628 645 647 651 660 667 668 671 680 684 692 694 711 712 714 715 720 739 741 744 749 752 765 777 787 788 795 806 807 816 817 828 836 842 856 897 899 900 902 910 938 941 944 947 974 986 996
 14 : 0 6 20 26 58 60 68 73 100 110 137 140 176 178 181 190 196 203 219 235 248 269 280 282 283 316 319 346 355 378 381 383 384 388 401 408 411 427 431 448 456 461 462 464 474 484 511 517 535 546 549 560 568 572 603 613 623 626 654 685 688 689 698 716 725 755 757 758 763 773 776 779 790 801 815 818 822 840 843 853 878 879 883 889 890 903 907 921 934 935 943 954 969 977 978 985 990 993 997
 22 : 3 29 39 57 59 70 72 74 91 97 109 114 121 125 126 138 139 147 156 161 163 166 173 192 213 221 226 229 237 238 241 257 265 270 278 289 292 298 314 318 333 334 336 350 360 363 371 399 419 420 421 426 436 445 459 463 465 473 477 480 481 485 493 498 500 512 525 526 543 545 547 551 553 556 559 564 566 580 584 588 590 594 595 596 597 600 602 607 612 616 618 630 642 650 656 662 681 687 699 705 713 717 747 761 771 784 804 808 813 820 824 830 838 858 863 872 881 885 887 898 905 909 916 920 962 964 984 989 995
 25 : 24 47 51 55 62 84 105 111 112 175 177 185 195 210 217 236 260 263 287 294 295 301 385 400 439 472 513 516 524 614 631 636 675 710 760 762 774 791 802 844 850 851 854 855 861 866 891 901 913 924 929 948 980 983
 63 : 11 17 19 34 40 43 46 48 49 53 64 69 75 77 80 101 107 119 130 144 146 151 155 158 162 170 172 194 201 205 214 222 223 227 250 261 268 274 275 290 291 293 296 300 323 341 342 361 362 370 376 386 404 409 412 418 432 435 437 438 440 441 446 469 470 479 496 501 504 529 533 548 550 555 565 571 575 585 587 601 637 640 643 657 663 665 666 677 690 691 700 704 708 722 724 726 746 775 792 794 796 800 805 810 811 812 834 846 847 859 860 873 877 912 926 931 932 946 950 952 961 968 971 972 991
 75 : 7 10 12 30 41 50 67 79 93 102 127 135 136 148 159 165 174 183 204 209 216 218 230 242 247 252 253 254 258 272 297 302 306 310 320 321 329 338 339 344 347 351 387 389 397 444 450 451 455 460 467 478 499 515 522 530 537 540 557 562 570 579 583 592 608 609 622 627 629 633 634 646 664 669 679 683 696 729 731 732 734 737 748 751 756 768 769 770 778 782 786 797 829 845 862 867 875 893 906 923 928 930 942 951 967 976 998 999
 78 : 8 9 36 44 61 71 76 78 81 85 87 90 113 118 129 133 153 160 171 180 188 191 197 207 208 215 228 233 249 262 271 277 281 286 305 308 313 317 328 332 357 367 368 374 379 390 391 394 396 403 407 414 417 430 457 468 490 492 509 514 520 532 536 538 569 576 586 591 598 606 611 615 625 653 672 678 682 693 702 723 727 733 772 785 793 799 809 819 821 825 827 832 837 839 849 864 865 869 870 874 876 888 894 904 911 919 922 937 939 940 958 959 965 973 982
 91 : 2 18 22 23 27 28 33 45 56 65 86 88 89 92 98 99 104 120 123 132 141 145 164 167 186 199 225 231 244 246 255 264 266 267 279 299 309 315 322 330 331 343 348 349 366 369 373 377 406 428 429 434 454 471 486 488 489 494 497 503 510 521 531 539 542 552 561 567 573 589 635 638 659 661 670 674 676 697 701 703 709 719 730 742 743 750 753 759 764 781 783 789 803 814 823 826 831 852 868 880 886 895 896 914 917 927 953 955 957 988
SOLUTION:
  Value: -12424689.230550
  Assigns: 14 11 91 16 11 8 14 75 78 78 75 34 75 11 8 4 34 25 91 16 14 4 91 91 25 11 14 91 91 16 75 34 11 91 34 8 78 4 8 16 25 75 4 78 78 91 34 25 34 34 75 25 4 34 8 25 91 16 14 16 14 78 25 11 16 91 4 75 14 34 16 78 16 14 16 34 16 34 78 75 34 78 11 11 25 78 91 78 91 91 78 16 34 75 8 11 11 16 91 91 14 34 75 4 91 25 8 34 8 16 14 25 25 78 16 8 4 8 78 16 91 8 4 91 4 16 16 75 4 78 16 11 91 78 11 75 75 14 75 16 14 91 8 4 34 91 34 75 75 4 11 34 4 78 11 34 8 4 25 75 78 16 34 8 91 75 8 91 11 11 34 16 34 16 75 25 14 25 14 11 78 14 34 75 8 25 91 4 78 11 14 78 16 8 25 25 14 78 8 91 11 78 11 14 75 34 8 16 78 75 25 8 8 8 34 78 75 25 75 14 8 16 34 34 4 91 16 34 78 8 75 91 11 16 4 14 25 16 16 11 4 16 75 11 91 11 91 75 14 16 34 11 75 75 75 91 4 16 75 8 25 34 78 25 91 16 91 91 34 14 16 78 75 4 34 78 8 78 8 91 14 78 14 14 8 4 78 25 11 16 34 34 8 34 25 25 34 75 8 91 34 25 75 8 8 78 75 8 78 91 75 11 8 78 16 34 14 16 16 14 75 75 91 34 8 34 34 34 78 75 91 91 78 16 8 11 16 4 75 75 8 34 34 91 75 11 14 75 91 91 16 75 8 34 11 14 8 78 8 11 16 34 78 8 11 8 91 78 78 91 34 8 8 91 78 11 34 91 14 78 11 14 34 14 14 25 34 75 14 75 78 78 8 11 78 11 78 75 8 16 25 14 8 78 16 8 91 78 14 34 11 14 16 8 78 8 34 78 34 16 16 16 11 34 16 34 16 14 91 91 78 14 34 4 91 91 16 34 34 25 16 34 11 34 75 16 34 11 14 11 75 75 34 8 91 75 14 78 8 16 75 14 14 16 14 16 11 75 78 34 78 91 25 16 14 11 4 16 75 34 16 75 8 8 14 8 91 34 34 91 16 4 78 16 91 11 34 34 75 75 8 34 8 91 16 8 8 11 8 78 91 14 16 25 78 75 25 14 11 11 78 91 75 4 25 16 16 11 34 25 75 91 78 34 4 14 16 75 78 91 75 8 34 16 4 16 14 16 34 14 34 16 91 16 4 34 16 75 8 16 14 34 75 11 8 34 8 91 14 16 75 25 14 34 34 34 78 4 11 75 16 11 11 75 16 34 78 16 16 91 16 78 75 8 16 16 8 16 78 4 16 34 16 14 11 8 78 75 75 75 11 78 8 14 25 78 16 11 16 4 11 34 75 14 8 78 14 75 11 75 16 25 4 75 75 91 25 34 91 8 34 8 8 34 4 11 75 11 8 8 16 11 8 78 14 8 8 34 4 91 11 91 8 34 75 78 34 11 11 75 91 11 78 4 91 25 91 34 78 75 11 16 78 75 11 14 8 8 14 14 78 34 11 78 11 4 75 91 14 16 34 91 78 91 91 75 4 8 34 91 25 11 11 16 11 11 14 8 8 91 34 8 34 78 34 14 16 78 4 75 91 75 75 78 75 4 8 75 8 11 4 11 91 91 11 4 34 8 75 34 91 75 11 91 4 14 75 14 14 91 25 16 25 14 91 11 8 8 75 75 75 8 16 14 25 16 14 11 75 14 8 34 75 91 16 78 75 11 11 91 14 25 34 78 16 11 34 75 8 78 25 14 25 91 16 34 11 16 16 78 25 34 34 8 91 14 11 11 14 78 16 78 14 91 8 16 91 78 11 75 16 91 78 4 34 4 11 16 16 78 14 8 34 14 25 75 78 34 8 78 25 25 91 14 25 25 11 4 16 16 34 25 75 16 78 16 25 75 91 78 78 8 16 34 78 75 16 34 14 14 91 16 4 14 4 8 91 8 78 14 14 25 8 75 78 91 91 11 16 11 11 25 11 14 78 75 75 14 4 16 34 16 34 25 34 8 75 91 4 78 16 14 78 75 25 4 34 91 75 25 75 34 34 8 14 14 8 78 34 78 78 11 75 14 11 4 34 11 25 4 34 75 25 91 14 91 4 91 16 16 8 34 16 8 16 78 4 75 16 14 8 34 34 78 34 8 75 14 14 8 25 8 78 25 16 14 34 4 91 16 14 34 4 14 8 8 11 14 75 75 
  Facilities: 10
 4 : 15 21 37 42 52 66 103 116 122 124 128 143 149 152 157 187 224 234 240 256 273 285 337 433 476 491 523 534 544 554 577 599 619 632 644 658 673 695 706 728 735 740 745 754 833 835 857 882 884 908 918 925 945 949 956 966 987 992
 8 : 5 14 35 38 54 94 106 108 115 117 121 142 156 163 166 184 193 198 206 211 212 213 220 229 259 276 278 284 292 298 303 304 307 312 324 334 340 352 356 358 363 365 371 372 392 398 402 405 413 415 453 458 482 483 485 500 502 505 506 508 541 558 564 566 593 596 605 612 624 639 641 642 648 649 652 655 656 662 686 687 707 717 718 721 736 738 747 766 767 771 780 798 813 824 841 848 871 885 887 892 915 933 936 960 963 970 975 979 981 994 995
 11 : 1 4 13 25 32 63 82 83 95 96 131 134 150 154 168 169 179 189 200 202 232 239 243 245 251 288 311 335 345 354 359 364 375 380 393 395 410 422 442 447 449 466 475 495 507 518 519 527 563 578 581 582 604 610 617 620 628 645 647 651 660 667 668 671 680 684 692 694 711 712 714 715 739 741 744 752 765 777 787 788 795 806 816 817 828 836 856 897 899 900 902 941 944 947 996
 14 : 0 6 20 26 58 60 68 73 100 110 137 140 176 178 181 190 196 203 219 235 248 269 280 282 283 316 319 346 355 378 381 383 384 388 401 408 411 427 431 448 456 461 462 464 474 484 511 517 535 546 549 560 568 572 603 613 623 626 654 685 688 689 698 716 725 755 757 758 763 773 776 779 790 801 815 818 822 840 843 853 878 879 883 889 890 903 907 921 934 935 943 954 969 977 978 985 990 993 997
 16 : 3 19 29 39 57 59 64 70 72 74 76 91 97 109 114 119 125 126 130 139 161 171 173 192 207 221 226 233 237 238 241 249 257 265 270 289 314 317 318 333 336 350 360 399 404 412 419 420 421 424 426 436 440 445 459 463 465 473 477 480 490 493 504 512 525 526 536 543 545 547 551 553 556 559 569 580 584 587 588 590 594 595 597 600 602 616 618 630 650 681 699 713 726 761 772 775 784 794 804 807 808 820 825 830 837 838 858 859 863 865 872 876 881 898 909 911 920 958 959 962 964 968 984 989
 25 : 17 24 40 47 51 55 62 84 105 111 112 158 175 177 185 194 195 210 217 236 260 263 287 294 295 301 385 400 439 472 513 516 524 529 571 614 631 636 675 710 760 762 774 791 800 802 810 844 850 851 854 855 861 866 891 901 913 924 929 948 952 980 983
 34 : 11 16 31 34 46 48 49 53 69 75 77 80 92 101 107 144 146 151 155 162 170 172 182 205 214 222 223 227 250 261 268 274 290 291 293 296 300 315 323 325 326 327 341 342 353 361 370 376 382 386 409 416 418 423 425 432 437 438 441 443 446 452 469 479 487 488 496 497 501 528 533 542 548 550 555 561 565 573 574 575 585 601 621 637 640 643 657 663 666 677 691 700 708 720 722 724 746 749 781 792 796 805 811 812 834 842 847 860 873 877 910 912 914 926 931 932 938 946 950 961 971 972 974 986 991
 75 : 7 10 12 30 41 50 67 79 93 102 127 135 136 138 147 148 159 165 174 183 204 209 216 218 230 242 247 252 253 254 258 272 297 302 306 310 320 321 329 338 339 344 347 351 387 389 397 444 450 451 455 460 467 478 481 498 499 515 522 530 537 540 557 562 570 579 583 592 607 608 609 622 627 629 633 634 646 664 669 679 683 696 705 729 731 732 734 737 748 751 756 768 769 770 778 782 786 797 829 845 862 867 875 893 905 906 916 923 928 930 942 951 967 976 998 999
 78 : 8 9 36 43 44 61 71 78 81 85 87 90 113 118 129 133 153 160 180 188 191 197 201 208 215 228 262 271 275 277 281 286 305 308 313 328 332 357 362 367 368 374 379 390 391 394 396 403 407 414 417 430 457 468 470 492 509 514 520 532 538 576 586 591 598 606 611 615 625 653 665 672 678 682 690 693 702 723 727 733 785 793 799 809 819 821 827 832 839 846 849 864 869 870 874 888 894 904 919 922 937 939 940 965 973 982
 91 : 2 18 22 23 27 28 33 45 56 65 86 88 89 98 99 104 120 123 132 141 145 164 167 186 199 225 231 244 246 255 264 266 267 279 299 309 322 330 331 343 348 349 366 369 373 377 406 428 429 434 435 454 471 486 489 494 503 510 521 531 539 552 567 589 635 638 659 661 670 674 676 697 701 703 704 709 719 730 742 743 750 753 759 764 783 789 803 814 823 826 831 852 868 880 886 895 896 917 927 953 955 957 988
SOLUTION:
  Value: -12479872.836230
  Assigns: 87 57 84 16 16 7 87 7 78 78 75 36 75 75 1 1 57 23 36 16 87 78 84 84 23 57 87 84 36 16 75 36 75 84 36 1 78 78 1 16 23 75 1 23 78 36 36 84 36 36 75 23 1 36 1 23 84 16 87 16 87 78 23 57 16 36 1 75 87 36 16 78 16 87 16 36 16 36 78 75 36 78 57 57 23 78 84 78 36 84 78 16 36 75 7 57 57 16 57 84 87 36 75 78 84 23 7 84 7 16 87 23 23 78 16 1 1 1 78 16 84 7 1 84 1 16 16 75 78 78 16 57 57 23 57 75 75 87 7 16 87 84 1 1 36 84 36 75 75 78 57 36 1 78 57 36 7 1 23 75 78 16 16 16 84 75 16 84 75 75 23 16 23 7 75 23 87 23 87 75 78 87 57 75 1 84 84 1 78 75 87 78 16 1 23 23 87 78 7 36 57 23 57 23 75 23 7 16 78 75 23 1 7 7 36 78 75 84 7 87 7 16 36 16 1 84 16 23 78 7 75 36 57 16 1 23 23 16 16 57 1 16 75 57 84 57 84 75 87 16 16 57 75 75 75 36 1 16 75 1 23 36 78 23 84 16 57 84 36 87 16 78 75 1 23 23 1 78 7 84 87 78 23 87 1 1 78 23 57 16 36 23 7 36 23 23 23 75 7 84 84 23 75 1 7 78 75 1 78 84 75 57 7 78 16 36 87 16 16 23 75 75 84 36 7 36 16 57 78 75 36 84 78 16 7 57 16 78 7 75 7 36 36 84 75 57 87 7 84 36 16 75 7 57 57 87 7 78 1 57 16 84 78 7 57 7 84 87 78 84 36 7 1 84 78 57 36 36 87 78 57 87 57 87 23 23 84 75 87 75 78 78 1 57 78 75 78 75 1 16 23 23 7 78 16 7 36 78 87 36 57 87 16 7 23 1 36 78 36 16 16 16 57 57 16 57 16 87 57 84 78 87 23 78 84 84 16 36 36 23 16 36 57 57 75 16 36 16 87 57 75 75 57 7 84 75 87 78 7 16 75 87 87 16 87 16 57 75 78 36 23 84 84 16 78 57 78 16 75 36 16 75 1 7 87 7 36 57 36 57 16 78 78 16 36 57 36 36 7 75 16 36 7 84 16 1 7 57 7 78 84 87 16 23 78 75 23 87 57 57 78 84 75 78 23 16 7 75 57 23 75 84 87 23 1 87 16 75 78 84 75 1 36 16 1 16 87 16 84 87 36 16 84 16 78 36 16 75 1 16 87 36 75 57 7 36 7 57 23 16 75 84 23 36 36 36 78 1 57 75 16 57 57 75 16 84 78 16 16 84 16 78 75 7 16 16 7 16 78 1 16 36 16 87 57 7 78 75 75 75 57 78 7 87 23 78 16 57 16 1 57 57 75 87 7 78 23 75 57 75 16 23 1 75 75 36 23 36 84 7 36 7 7 36 78 57 75 57 1 1 16 57 7 78 87 7 7 36 1 84 57 57 7 36 75 78 23 57 75 75 36 57 78 1 84 23 84 36 78 75 57 16 78 75 57 87 1 7 87 87 23 84 57 78 57 1 75 84 87 16 84 84 78 84 84 7 78 1 36 84 23 57 57 16 57 75 87 7 1 36 57 1 36 78 36 87 16 78 1 75 84 75 75 78 75 78 1 75 7 57 1 57 36 84 57 78 36 7 75 36 84 75 57 57 1 87 75 87 87 36 23 16 23 87 36 57 7 7 75 75 75 7 16 87 23 16 23 16 75 23 7 57 75 57 16 78 75 57 57 84 87 84 23 78 16 57 23 75 1 78 84 87 84 36 16 36 57 16 16 78 84 36 36 7 84 87 75 57 87 78 16 78 87 84 7 16 36 78 57 75 16 84 78 1 84 1 57 16 16 78 23 1 36 78 23 75 23 36 7 78 23 23 84 23 23 23 57 1 16 16 36 23 75 16 78 16 23 75 84 78 78 7 16 36 78 7 16 36 87 87 84 16 78 87 1 7 36 16 78 23 23 84 1 75 78 84 84 57 16 75 57 23 75 87 78 7 75 23 1 16 57 16 16 23 36 7 7 84 1 78 7 87 78 75 23 1 36 84 75 84 75 23 36 7 87 87 7 78 57 23 78 57 75 87 57 1 36 57 23 1 23 75 23 84 87 84 1 57 16 16 1 36 16 7 16 78 1 75 16 23 7 36 23 78 36 7 75 78 87 7 23 7 78 84 16 87 57 1 84 16 87 36 78 87 7 7 57 87 75 75 
  Facilities: 10
 1 : 14 15 35 38 42 52 54 66 115 116 117 122 124 142 143 152 157 184 187 193 211 224 234 240 256 259 273 276 284 285 303 307 358 372 392 398 415 482 505 534 541 544 558 577 599 619 632 648 649 658 673 686 695 707 718 721 728 736 740 754 798 833 835 841 857 884 892 908 918 925 945 949 956 960 966 987
 7 : 5 7 94 106 108 121 138 156 173 198 206 212 213 218 220 229 278 292 298 304 312 324 334 338 340 347 352 356 363 365 371 402 405 413 453 458 483 485 498 502 506 508 526 564 566 593 596 605 612 624 639 641 642 652 655 656 662 687 705 717 738 747 766 767 771 780 813 824 848 871 875 885 905 915 916 920 933 936 963 970 975 979 981 994 995
 16 : 3 4 19 29 39 57 59 64 70 72 74 76 91 97 109 114 119 125 126 130 139 161 162 163 166 171 192 207 221 223 226 233 237 238 241 249 250 257 265 270 289 314 317 318 326 333 336 350 360 399 404 412 419 420 421 424 426 436 440 445 447 459 463 465 473 477 480 490 493 500 504 512 525 536 543 545 547 551 553 556 559 569 580 584 587 588 590 594 595 597 600 602 616 618 630 650 681 699 713 726 761 772 775 777 784 794 804 807 808 820 825 830 837 838 858 859 863 865 872 876 881 887 898 909 911 912 958 959 962 964 968 984 989
 23 : 17 24 40 43 51 55 62 84 105 111 112 133 158 170 172 175 177 194 195 201 203 205 210 227 235 236 260 263 274 275 282 287 291 294 295 296 301 319 384 385 400 401 414 432 439 470 513 516 524 529 533 568 572 614 626 631 636 666 675 690 710 760 762 774 776 779 792 796 840 844 846 850 851 853 854 855 861 866 889 890 901 907 913 924 931 939 948 950 952 969 972 980
 36 : 11 18 28 31 34 45 46 48 49 53 65 69 75 77 80 88 92 101 144 146 151 155 199 214 222 231 255 261 268 290 293 315 323 325 330 341 342 349 370 376 377 406 409 416 418 437 438 441 446 469 479 486 488 494 496 497 501 542 550 555 561 565 573 574 575 601 635 637 640 643 657 663 670 677 708 719 722 724 742 746 749 759 764 803 805 811 812 826 842 847 860 873 877 886 914 926 932 946 961 971 974 991
 57 : 1 16 25 63 82 83 95 96 98 131 132 134 150 154 182 200 202 232 239 243 245 251 266 288 311 327 335 345 353 354 359 364 375 380 382 393 410 422 423 425 428 442 443 449 452 466 475 487 489 495 507 518 519 528 563 567 578 581 582 604 610 617 620 621 628 645 647 651 660 661 667 671 680 684 692 694 711 712 714 720 739 741 744 752 753 765 781 783 787 788 795 806 817 828 836 856 897 900 910 938 941 944 947 957 986 996
 75 : 10 12 13 30 32 41 50 67 79 93 102 127 135 136 147 148 159 165 168 169 174 179 183 189 204 209 216 230 242 247 252 253 254 258 272 297 302 306 310 320 321 329 339 344 351 387 389 395 397 444 450 451 455 460 467 478 481 499 515 522 527 530 537 540 557 562 570 579 583 592 607 608 609 622 627 629 633 634 646 664 668 669 679 683 696 715 729 731 732 734 737 748 751 756 768 769 770 778 782 786 797 816 829 845 862 867 893 899 902 906 923 928 930 942 951 967 976 998 999
 78 : 8 9 21 36 37 44 61 71 78 81 85 87 90 103 113 118 128 129 149 153 160 180 188 191 197 208 215 228 262 271 277 281 286 305 308 313 328 332 337 357 362 368 374 379 390 391 394 396 403 407 417 430 433 457 468 474 476 491 492 509 514 520 523 538 554 576 586 591 598 606 611 615 625 644 653 665 672 678 682 693 702 706 723 727 733 735 745 785 793 799 809 819 821 827 832 839 843 849 864 869 870 874 882 888 894 904 919 922 937 940 965 973 977 982 992
 84 : 2 22 23 27 33 47 56 86 89 99 104 107 120 123 141 145 164 167 185 186 217 225 244 246 264 267 279 299 300 309 322 331 343 348 361 366 369 373 386 429 434 435 454 471 472 503 510 521 531 539 548 552 571 585 589 638 659 674 676 691 697 700 701 703 704 709 730 743 750 789 791 800 802 810 814 823 831 834 852 868 880 891 895 896 917 927 929 953 955 983 988
 87 : 0 6 20 26 58 60 68 73 100 110 137 140 176 178 181 190 196 219 248 269 280 283 316 346 355 367 378 381 383 388 408 411 427 431 448 456 461 462 464 484 511 517 532 535 546 549 560 603 613 623 654 685 688 689 698 716 725 755 757 758 763 773 790 801 815 818 822 878 879 883 903 921 934 935 943 954 978 985 990 993 997
SOLUTION:
  Value: -12488465.506770
  Assigns: 14 11 91 11 11 8 14 75 78 78 75 34 75 11 8 4 34 25 91 34 14 4 91 91 25 11 14 91 91 8 75 34 11 91 34 8 78 4 8 78 25 75 4 78 78 91 34 25 34 34 75 25 4 34 8 25 91 34 14 78 14 78 25 11 34 91 4 75 14 34 78 78 8 14 8 34 78 34 78 75 34 78 11 11 25 78 91 78 91 91 78 78 34 75 8 11 11 8 91 91 14 34 75 4 91 25 8 34 8 11 14 25 25 78 8 8 4 8 78 34 91 8 4 91 4 8 8 75 4 78 34 11 91 78 11 75 75 14 75 8 14 91 8 4 34 91 34 75 75 4 11 34 4 78 11 34 8 4 25 75 78 8 34 8 91 75 8 91 11 11 34 78 34 8 75 25 14 25 14 11 78 14 34 75 8 25 91 4 78 11 14 78 78 8 25 25 14 78 8 91 11 78 11 14 75 34 8 78 78 75 25 8 8 8 34 78 75 25 75 14 8 8 34 34 4 91 78 34 78 8 75 91 11 78 4 14 25 34 34 11 4 11 75 11 91 11 91 75 14 78 34 11 75 75 75 91 4 34 75 8 25 34 78 25 91 34 91 91 34 14 8 78 75 4 34 78 8 78 8 91 14 78 14 14 8 4 78 25 11 78 34 34 8 34 25 25 34 75 8 91 34 25 75 8 8 78 75 8 78 91 75 11 8 78 8 34 14 78 11 14 75 75 91 34 8 34 34 34 78 75 91 91 78 8 8 11 11 4 75 75 8 34 34 91 75 11 14 75 91 91 8 75 8 34 11 14 8 78 8 11 78 34 78 8 11 8 91 78 78 91 34 8 8 91 78 11 34 91 14 78 11 14 34 14 14 25 34 75 14 75 78 78 8 11 78 11 78 75 8 78 25 14 8 78 78 8 91 78 14 34 11 14 34 8 78 8 34 78 34 34 8 8 11 34 4 34 34 14 91 91 78 14 34 4 91 91 78 34 34 25 34 34 11 34 75 34 34 11 14 11 75 75 34 8 91 75 14 78 8 34 75 14 14 11 14 8 11 75 78 34 78 91 25 8 14 11 4 34 75 34 78 75 8 8 14 8 91 34 34 91 78 4 78 78 91 11 34 34 75 75 8 34 8 91 34 8 8 11 8 78 91 14 78 25 78 75 25 14 11 11 78 91 75 4 25 78 75 11 34 25 75 91 78 34 4 14 78 75 78 91 75 8 34 78 4 8 14 8 34 14 34 8 91 34 4 34 78 75 8 8 14 34 75 11 8 34 8 91 14 78 75 25 14 34 34 34 78 4 11 75 78 11 11 75 78 34 78 34 11 91 8 78 75 8 78 11 8 11 78 4 8 34 8 14 11 8 78 75 75 75 11 78 8 14 25 78 8 11 11 4 11 34 75 14 8 78 14 75 11 75 78 25 4 75 75 91 25 34 91 8 34 8 8 34 4 11 75 11 8 8 78 11 8 78 14 8 8 34 4 91 11 91 8 34 75 78 34 11 11 75 91 11 78 4 91 25 91 34 78 75 11 78 78 75 11 14 8 8 14 14 78 34 11 78 11 4 75 91 14 75 34 91 78 91 91 75 4 8 34 91 25 11 11 78 11 11 14 8 8 91 34 8 34 78 34 14 34 78 4 75 91 75 75 78 75 4 8 75 8 11 4 11 91 91 11 4 34 8 75 34 91 75 11 91 4 14 75 14 14 91 25 8 25 14 91 11 8 8 75 75 75 8 78 14 25 34 14 11 75 14 8 34 75 91 8 78 75 11 11 91 14 25 34 78 78 11 34 75 8 78 25 14 25 91 34 34 11 11 11 78 25 34 34 8 91 14 11 11 14 78 11 78 14 91 8 78 91 78 11 75 8 91 78 4 34 4 11 78 78 78 14 8 34 14 25 75 78 34 8 78 25 25 91 14 25 25 11 4 8 34 34 25 75 8 78 78 25 75 91 78 78 8 34 34 78 75 78 34 14 14 91 34 4 14 4 8 91 8 78 14 14 25 8 75 78 91 91 11 8 11 11 25 11 14 78 75 75 14 4 34 34 78 34 25 34 8 75 91 4 78 75 14 78 75 25 4 34 91 75 25 75 34 34 8 14 14 8 78 34 78 78 11 75 14 11 4 34 11 25 4 34 75 25 91 14 91 4 91 78 78 8 34 8 8 34 78 4 75 34 14 8 34 34 78 34 8 75 14 14 8 25 8 78 25 78 14 34 4 91 8 14 34 4 14 8 8 11 14 75 75 
  Facilities: 9
 4 : 15 21 37 42 52 66 103 116 122 124 128 143 149 152 157 187 224 234 240 256 273 285 337 424 433 476 491 523 534 544 554 577 599 619 632 644 658 673 695 706 728 735 740 745 754 833 835 857 882 884 908 918 925 945 949 956 966 987 992
 8 : 5 14 29 35 38 54 72 74 94 97 106 108 114 115 117 121 125 126 139 142 156 161 163 166 173 184 193 198 206 211 212 213 220 221 229 259 270 276 278 284 292 298 303 304 307 312 314 324 333 334 340 350 352 356 358 363 365 371 372 392 398 402 405 413 415 420 421 453 458 465 473 482 483 485 500 502 505 506 508 541 545 547 551 558 559 564 566 590 593 596 600 602 605 612 616 624 639 641 642 648 649 652 655 656 662 686 687 707 717 718 721 736 738 747 761 766 767 771 780 784 798 813 824 830 841 848 858 863 871 885 887 892 898 915 933 936 960 962 963 970 975 979 981 989 994 995
 11 : 1 3 4 13 25 32 63 82 83 95 96 109 131 134 150 154 168 169 179 189 200 202 232 239 241 243 245 251 288 311 318 335 336 345 354 359 364 375 380 393 395 410 422 442 447 449 463 466 475 495 507 518 519 527 563 578 581 582 588 595 597 604 610 617 618 620 628 645 647 651 660 667 668 671 680 684 692 694 711 712 714 715 739 741 744 752 765 777 787 788 795 806 807 808 816 817 820 828 836 856 897 899 900 902 941 944 947 996
 14 : 0 6 20 26 58 60 68 73 100 110 137 140 176 178 181 190 196 203 219 235 248 269 280 282 283 316 319 346 355 378 381 383 384 388 401 408 411 427 431 448 456 461 462 464 474 484 511 517 535 546 549 560 568 572 603 613 623 626 654 685 688 689 698 716 725 755 757 758 763 773 776 779 790 801 815 818 822 840 843 853 878 879 883 889 890 903 907 921 934 935 943 954 969 977 978 985 990 993 997
 25 : 17 24 40 47 51 55 62 84 105 111 112 158 175 177 185 194 195 210 217 236 260 263 287 294 295 301 385 400 439 472 513 516 524 529 571 614 631 636 675 710 760 762 774 791 800 802 810 844 850 851 854 855 861 866 891 901 913 924 929 948 952 980 983
 34 : 11 16 19 31 34 46 48 49 53 57 64 69 75 77 80 92 101 107 119 130 144 146 151 155 162 170 172 182 205 214 222 223 227 237 238 250 257 261 265 268 274 290 291 293 296 300 315 323 325 326 327 341 342 353 361 370 376 382 386 409 412 416 418 419 423 425 426 432 437 438 440 441 443 445 446 452 459 469 477 479 487 488 496 497 501 504 528 533 542 548 550 553 555 561 565 573 574 575 585 587 601 621 637 640 643 657 663 666 677 691 700 708 720 722 724 726 746 749 775 781 792 796 804 805 811 812 834 842 847 859 860 872 873 877 881 909 910 912 914 926 931 932 938 946 950 961 964 968 971 972 974 986 991
 75 : 7 10 12 30 41 50 67 79 93 102 127 135 136 138 147 148 159 165 174 183 204 209 216 218 230 242 247 252 253 254 258 272 297 302 306 310 320 321 329 338 339 344 347 351 387 389 397 444 450 451 455 460 467 478 481 498 499 515 522 526 530 537 540 557 562 570 579 583 592 607 608 609 622 627 629 633 634 646 664 669 679 683 696 699 705 729 731 732 734 737 748 751 756 768 769 770 778 782 786 797 829 845 862 867 875 893 905 906 916 920 923 928 930 942 951 967 976 998 999
 78 : 8 9 36 39 43 44 59 61 70 71 76 78 81 85 87 90 91 113 118 129 133 153 160 171 180 188 191 192 197 201 207 208 215 226 228 233 249 262 271 275 277 281 286 289 305 308 313 317 328 332 357 360 362 367 368 374 379 390 391 394 396 399 403 404 407 414 417 430 436 457 468 470 480 490 492 493 509 512 514 520 525 532 536 538 543 556 569 576 580 584 586 591 594 598 606 611 615 625 630 650 653 665 672 678 681 682 690 693 702 713 723 727 733 772 785 793 794 799 809 819 821 825 827 832 837 838 839 846 849 864 865 869 870 874 876 888 894 904 911 919 922 937 939 940 958 959 965 973 982 984
 91 : 2 18 22 23 27 28 33 45 56 65 86 88 89 98 99 104 120 123 132 141 145 164 167 186 199 225 231 244 246 255 264 266 267 279 299 309 322 330 331 343 348 349 366 369 373 377 406 428 429 434 435 454 471 486 489 494 503 510 521 531 539 552 567 589 635 638 659 661 670 674 676 697 701 703 704 709 719 730 742 743 750 753 759 764 783 789 803 814 823 826 831 852 868 880 886 895 896 917 927 953 955 957 988
SOLUTION:
  Value: -12563165.301790
  Assigns: 87 57 84 16 16 7 87 7 78 78 75 36 75 75 7 78 57 23 36 16 87 78 84 84 23 57 87 84 36 16 75 36 75 84 36 7 78 78 7 16 23 75 7 23 78 36 36 84 36 36 75 23 7 36 7 23 84 16 87 16 87 78 23 57 16 36 78 75 87 36 16 78 16 87 16 36 16 36 78 75 36 78 57 57 23 78 84 78 36 84 78 16 36 75 7 57 57 16 57 84 87 36 75 78 84 23 7 84 7 16 87 23 23 78 16 7 7 7 78 16 84 7 78 84 78 16 16 75 78 78 16 57 57 23 57 75 75 87 7 16 87 84 7 7 36 84 36 75 75 78 57 36 78 78 57 36 7 78 23 75 78 16 16 16 84 75 16 84 75 75 23 16 23 7 75 23 87 23 87 75 78 87 57 75 16 84 84 78 78 75 87 78 16 7 23 23 87 78 7 36 57 23 57 23 75 23 7 16 78 75 23 16 7 7 36 78 75 84 7 87 7 16 36 16 78 84 16 23 78 7 75 36 57 16 7 23 23 16 16 57 7 16 75 57 84 57 84 75 87 16 16 57 75 75 75 36 78 16 75 7 23 36 78 23 84 16 57 84 36 87 16 78 75 16 23 23 7 78 7 84 87 78 23 87 7 7 78 23 57 16 36 23 7 36 23 23 23 75 7 84 84 23 75 7 7 78 75 7 78 84 75 57 7 78 16 36 87 16 16 23 75 75 84 36 7 36 16 57 78 75 36 84 78 16 7 57 16 78 7 75 7 36 36 84 75 57 87 7 84 36 16 75 7 57 57 87 7 78 7 57 16 84 78 7 57 7 84 87 78 84 36 7 7 84 78 57 36 36 87 78 57 87 57 87 23 23 84 75 87 75 78 78 7 57 78 75 78 75 7 16 23 23 7 78 16 7 36 78 87 36 57 87 16 7 23 7 36 78 36 16 16 16 57 57 16 57 16 87 57 84 78 87 23 78 84 84 16 36 36 23 16 36 57 57 75 16 36 16 87 57 75 75 57 7 84 75 87 78 7 16 75 87 87 16 87 16 57 75 78 36 23 84 84 16 78 57 78 16 75 36 16 75 7 7 87 7 36 57 36 57 16 78 78 16 36 57 36 36 7 75 16 36 7 84 16 7 7 57 7 78 84 87 16 23 78 75 23 87 57 57 78 84 75 78 23 16 7 75 57 23 75 84 87 23 7 87 16 75 78 84 75 7 36 16 78 16 87 16 84 87 36 16 84 16 78 36 16 75 7 16 87 36 75 57 7 36 7 57 23 16 75 84 23 36 36 36 78 7 57 75 16 57 57 75 16 84 78 16 16 84 16 78 75 7 16 16 7 16 78 16 16 36 16 87 57 7 78 75 75 75 57 78 7 87 23 78 16 57 16 7 57 57 75 87 7 78 23 75 57 75 16 23 78 75 75 36 23 36 84 7 36 7 7 36 78 57 75 57 7 7 16 57 7 78 87 7 7 36 7 84 57 57 7 36 75 78 23 57 75 75 36 57 78 78 84 23 84 36 78 75 57 16 78 75 57 87 7 7 87 87 23 84 57 78 57 7 75 84 87 16 84 84 78 84 84 7 78 7 36 84 23 57 57 16 57 75 87 7 7 36 57 16 36 78 36 87 16 78 7 75 84 75 75 78 75 78 7 75 7 57 16 57 36 84 57 78 36 7 75 36 84 75 57 57 7 87 75 87 87 36 23 16 23 87 36 57 7 7 75 75 75 7 16 87 23 16 23 16 75 23 7 57 75 57 16 78 75 57 57 84 87 84 23 78 16 57 23 75 7 78 84 87 84 36 16 36 57 16 16 78 84 36 36 7 84 87 75 57 87 78 16 78 87 84 7 16 36 78 57 75 16 84 78 78 84 78 57 16 16 78 23 7 36 78 23 75 23 36 7 78 23 23 84 23 23 23 57 78 16 16 36 23 75 16 78 16 23 75 84 78 78 7 16 36 78 7 16 36 87 87 84 16 78 87 78 7 36 16 78 23 23 84 7 75 78 84 84 57 16 75 57 23 75 87 78 7 75 23 78 16 57 16 16 23 36 7 7 84 7 78 7 87 78 75 23 7 36 84 75 84 75 23 36 7 87 87 7 78 57 23 78 57 75 87 57 78 36 57 23 78 23 75 23 84 87 84 7 57 16 16 7 36 16 7 16 78 78 75 16 23 7 36 23 78 36 7 75 78 87 7 23 7 78 84 16 87 57 7 84 16 87 36 78 87 7 7 57 87 75 75 
  Facilities: 9
 7 : 5 7 14 35 38 42 52 54 94 106 108 115 116 117 121 138 142 143 156 173 193 198 206 212 213 218 220 229 234 240 259 276 278 284 285 292 298 303 304 307 312 324 334 338 340 347 352 356 358 363 365 371 372 392 398 402 405 413 415 453 458 482 483 485 498 502 505 506 508 526 534 541 558 564 566 577 593 596 605 612 619 624 639 641 642 648 649 652 655 656 658 662 686 687 695 705 707 717 718 728 736 738 747 754 766 767 771 780 798 813 824 841 848 871 875 885 892 905 915 916 918 920 925 933 936 956 960 963 970 975 979 981 987 994 995
 16 : 3 4 19 29 39 57 59 64 70 72 74 76 91 97 109 114 119 125 126 130 139 161 162 163 166 171 184 192 207 211 221 223 226 233 237 238 241 249 250 257 265 270 273 289 314 317 318 326 333 336 350 360 399 404 412 419 420 421 424 426 436 440 445 447 459 463 465 473 477 480 490 493 500 504 512 525 536 543 545 547 551 553 556 559 569 580 584 587 588 590 594 595 597 599 600 602 616 618 630 650 681 699 713 721 726 740 761 772 775 777 784 794 804 807 808 820 825 830 837 838 858 859 863 865 872 876 881 887 898 909 911 912 958 959 962 964 968 984 989
 23 : 17 24 40 43 51 55 62 84 105 111 112 133 158 170 172 175 177 194 195 201 203 205 210 227 235 236 260 263 274 275 282 287 291 294 295 296 301 319 384 385 400 401 414 432 439 470 513 516 524 529 533 568 572 614 626 631 636 666 675 690 710 760 762 774 776 779 792 796 840 844 846 850 851 853 854 855 861 866 889 890 901 907 913 924 931 939 948 950 952 969 972 980
 36 : 11 18 28 31 34 45 46 48 49 53 65 69 75 77 80 88 92 101 144 146 151 155 199 214 222 231 255 261 268 290 293 315 323 325 330 341 342 349 370 376 377 406 409 416 418 437 438 441 446 469 479 486 488 494 496 497 501 542 550 555 561 565 573 574 575 601 635 637 640 643 657 663 670 677 708 719 722 724 742 746 749 759 764 803 805 811 812 826 842 847 860 873 877 886 914 926 932 946 961 971 974 991
 57 : 1 16 25 63 82 83 95 96 98 131 132 134 150 154 182 200 202 232 239 243 245 251 266 288 311 327 335 345 353 354 359 364 375 380 382 393 410 422 423 425 428 442 443 449 452 466 475 487 489 495 507 518 519 528 563 567 578 581 582 604 610 617 620 621 628 645 647 651 660 661 667 671 680 684 692 694 711 712 714 720 739 741 744 752 753 765 781 783 787 788 795 806 817 828 836 856 897 900 910 938 941 944 947 957 986 996
 75 : 10 12 13 30 32 41 50 67 79 93 102 127 135 136 147 148 159 165 168 169 174 179 183 189 204 209 216 230 242 247 252 253 254 258 272 297 302 306 310 320 321 329 339 344 351 387 389 395 397 444 450 451 455 460 467 478 481 499 515 522 527 530 537 540 557 562 570 579 583 592 607 608 609 622 627 629 633 634 646 664 668 669 679 683 696 715 729 731 732 734 737 748 751 756 768 769 770 778 782 786 797 816 829 845 862 867 893 899 902 906 923 928 930 942 951 967 976 998 999
 78 : 8 9 15 21 36 37 44 61 66 71 78 81 85 87 90 103 113 118 122 124 128 129 149 152 153 157 160 180 187 188 191 197 208 215 224 228 256 262 271 277 281 286 305 308 313 328 332 337 357 362 368 374 379 390 391 394 396 403 407 417 430 433 457 468 474 476 491 492 509 514 520 523 538 544 554 576 586 591 598 606 611 615 625 632 644 653 665 672 673 678 682 693 702 706 723 727 733 735 745 785 793 799 809 819 821 827 832 833 835 839 843 849 857 864 869 870 874 882 884 888 894 904 908 919 922 937 940 945 949 965 966 973 977 982 992
 84 : 2 22 23 27 33 47 56 86 89 99 104 107 120 123 141 145 164 167 185 186 217 225 244 246 264 267 279 299 300 309 322 331 343 348 361 366 369 373 386 429 434 435 454 471 472 503 510 521 531 539 548 552 571 585 589 638 659 674 676 691 697 700 701 703 704 709 730 743 750 789 791 800 802 810 814 823 831 834 852 868 880 891 895 896 917 927 929 953 955 983 988
 87 : 0 6 20 26 58 60 68 73 100 110 137 140 176 178 181 190 196 219 248 269 280 283 316 346 355 367 378 381 383 388 408 411 427 431 448 456 461 462 464 484 511 517 532 535 546 549 560 603 613 623 654 685 688 689 698 716 725 755 757 758 763 773 790 801 815 818 822 878 879 883 903 921 934 935 943 954 978 985 990 993 997
SOLUTION:
  Value: -12596659.371200
  Assigns: 14 11 91 11 11 8 14 75 78 78 75 63 75 11 8 4 11 63 91 63 14 4 91 91 25 11 14 91 91 8 75 11 11 91 63 8 78 4 8 78 63 75 4 63 78 91 63 25 63 63 75 25 4 63 8 25 91 63 14 78 14 78 25 11 63 91 4 75 14 63 78 78 8 14 8 63 78 63 78 75 63 78 11 11 25 78 91 78 91 91 78 78 91 75 8 11 11 8 91 91 14 63 75 4 91 25 8 63 8 11 14 25 25 78 8 8 4 8 78 63 91 8 4 91 4 8 8 75 4 78 63 11 91 78 11 75 75 14 75 8 14 91 8 4 63 91 63 75 75 4 11 63 4 78 11 63 8 4 63 75 78 8 63 8 91 75 8 91 11 11 63 78 63 8 75 25 14 25 14 11 78 14 11 75 8 25 91 4 78 11 14 78 78 8 63 25 14 78 8 91 11 63 11 14 75 63 8 78 78 75 25 8 8 8 63 78 75 25 75 14 8 8 63 63 4 91 78 63 78 8 75 91 11 78 4 14 25 63 11 11 4 11 75 11 91 11 91 75 14 78 63 11 75 75 75 91 4 11 75 8 25 63 78 25 91 63 91 91 63 14 8 78 75 4 63 63 8 78 8 91 14 78 14 14 8 4 78 25 11 78 63 63 8 63 25 25 63 75 8 91 63 25 75 8 8 78 75 8 78 91 75 11 8 78 8 91 14 78 11 14 75 75 91 63 8 11 11 11 78 75 91 91 78 8 8 11 11 4 75 75 8 63 63 91 75 11 14 75 91 91 8 75 8 11 11 14 8 78 8 11 78 63 63 8 11 8 91 78 78 91 63 8 8 91 78 11 63 91 14 78 11 14 11 14 14 25 63 75 14 75 78 78 8 11 78 11 78 75 8 78 25 14 8 78 63 8 91 78 14 63 11 14 63 8 78 8 11 78 63 63 8 8 11 11 4 11 63 14 91 91 78 14 63 4 91 63 78 63 63 25 63 63 11 11 75 63 63 11 14 11 75 75 11 8 91 75 14 78 8 78 75 14 14 11 14 8 11 75 78 63 63 91 25 8 14 11 4 63 75 63 78 75 8 8 14 8 91 11 91 91 78 4 78 78 91 11 63 91 75 75 8 63 8 91 63 8 8 11 8 78 91 14 78 25 78 75 25 14 11 11 78 91 75 4 25 78 75 11 11 63 75 91 78 63 4 14 78 75 78 91 75 8 91 78 4 8 14 8 63 14 63 8 91 63 4 63 78 75 8 8 14 91 75 11 8 63 8 91 14 78 75 63 14 91 11 63 78 4 11 75 78 11 11 75 78 63 78 63 11 91 8 78 75 8 78 11 8 11 78 4 8 63 8 14 11 8 78 75 75 75 11 78 8 14 25 78 8 11 11 4 11 11 75 14 8 78 14 75 11 75 78 25 4 75 75 91 25 63 91 8 63 8 8 63 4 11 75 11 8 8 78 11 8 78 14 8 8 63 4 91 11 91 8 63 75 63 63 11 11 75 91 11 78 4 91 25 91 63 78 75 11 78 78 75 11 14 8 8 14 14 63 63 11 78 11 4 75 91 14 75 63 91 78 91 63 75 4 8 63 91 25 11 11 78 11 11 14 8 8 91 11 8 63 78 63 14 63 78 4 75 91 75 75 78 75 4 8 75 8 11 4 11 91 91 11 4 63 8 75 11 91 75 11 91 4 14 75 14 14 91 25 8 25 14 91 11 8 8 75 75 75 8 78 14 25 63 14 11 75 14 8 91 75 91 8 78 75 11 11 91 14 25 63 78 63 11 63 75 8 78 63 14 25 91 11 63 11 11 11 78 63 63 63 8 91 14 11 11 14 78 11 78 14 91 8 78 91 78 11 75 8 91 78 4 63 4 11 78 78 78 14 8 11 14 25 75 63 63 8 78 25 25 91 14 25 25 11 4 8 63 63 25 75 8 78 78 25 75 91 78 78 8 11 63 78 75 78 63 14 14 91 63 4 14 4 8 91 8 78 14 14 25 8 75 78 91 91 11 8 11 11 25 11 14 78 75 75 14 4 63 11 78 63 25 91 8 75 91 4 78 75 14 78 75 25 4 63 91 75 25 75 63 63 8 14 14 8 78 11 78 78 11 75 14 11 4 63 11 25 4 63 75 63 91 14 91 4 91 78 78 8 63 8 8 63 78 4 75 63 14 8 63 63 78 11 8 75 14 14 8 25 8 78 25 78 14 11 4 91 8 14 63 4 14 8 8 11 14 75 75 
  Facilities: 9
 4 : 15 21 37 42 52 66 103 116 122 124 128 143 149 152 157 187 224 234 240 256 273 285 337 424 433 476 491 523 534 544 554 577 599 619 632 644 658 673 695 706 728 735 740 745 754 833 835 857 882 884 908 918 925 945 949 956 966 987 992
 8 : 5 14 29 35 38 54 72 74 94 97 106 108 114 115 117 121 125 126 139 142 156 161 163 166 173 184 193 198 206 211 212 213 220 221 229 259 270 276 278 284 292 298 303 304 307 312 314 324 333 334 340 350 352 356 358 363 365 371 372 392 398 402 405 413 415 420 421 453 458 465 473 482 483 485 500 502 505 506 508 541 545 547 551 558 559 564 566 590 593 596 600 602 605 612 616 624 639 641 642 648 649 652 655 656 662 686 687 707 717 718 721 736 738 747 761 766 767 771 780 784 798 813 824 830 841 848 858 863 871 885 887 892 898 915 933 936 960 962 963 970 975 979 981 989 994 995
 11 : 1 3 4 13 16 25 31 32 63 82 83 95 96 109 131 134 150 154 168 169 179 182 189 200 202 232 238 239 241 243 245 251 257 288 311 318 325 326 327 335 336 345 353 354 359 364 375 380 382 393 395 410 416 422 423 425 442 443 447 449 452 463 466 475 487 495 507 518 519 527 528 563 574 578 581 582 588 595 597 604 610 617 618 620 621 628 645 647 651 660 667 668 671 680 684 692 694 711 712 714 715 720 739 741 744 749 752 765 777 787 788 795 804 806 807 808 816 817 820 828 836 842 856 872 897 899 900 902 910 938 941 944 947 974 986 996
 14 : 0 6 20 26 58 60 68 73 100 110 137 140 176 178 181 190 196 203 219 235 248 269 280 282 283 316 319 346 355 378 381 383 384 388 401 408 411 427 431 448 456 461 462 464 474 484 511 517 535 546 549 560 568 572 603 613 623 626 654 685 688 689 698 716 725 755 757 758 763 773 776 779 790 801 815 818 822 840 843 853 878 879 883 889 890 903 907 921 934 935 943 954 969 977 978 985 990 993 997
 25 : 24 47 51 55 62 84 105 111 112 175 177 185 195 210 217 236 260 263 287 294 295 301 385 400 439 472 513 516 524 614 631 636 675 710 760 762 774 791 802 844 850 851 854 855 861 866 891 901 913 924 929 948 980 983
 63 : 11 17 19 34 40 43 46 48 49 53 57 64 69 75 77 80 101 107 119 130 144 146 151 155 158 162 170 172 194 201 205 214 222 223 227 237 250 261 265 268 274 275 290 291 293 296 300 323 341 342 361 362 370 376 386 404 409 412 418 419 426 432 435 437 438 440 441 445 446 469 470 477 479 496 501 504 529 533 548 550 553 555 565 571 575 585 587 601 637 640 643 657 663 665 666 677 690 691 700 704 708 722 724 726 746 775 792 794 796 800 805 810 811 812 834 846 847 859 860 873 877 881 909 912 926 931 932 946 950 952 961 964 968 971 972 991
 75 : 7 10 12 30 41 50 67 79 93 102 127 135 136 138 147 148 159 165 174 183 204 209 216 218 230 242 247 252 253 254 258 272 297 302 306 310 320 321 329 338 339 344 347 351 387 389 397 444 450 451 455 460 467 478 481 498 499 515 522 526 530 537 540 557 562 570 579 583 592 607 608 609 622 627 629 633 634 646 664 669 679 683 696 699 705 729 731 732 734 737 748 751 756 768 769 770 778 782 786 797 829 845 862 867 875 893 905 906 916 920 923 928 930 942 951 967 976 998 999
 78 : 8 9 36 39 44 59 61 70 71 76 78 81 85 87 90 91 113 118 129 133 153 160 171 180 188 191 192 197 207 208 215 226 228 233 249 262 271 277 281 286 289 305 308 313 317 328 332 357 360 367 368 374 379 390 391 394 396 399 403 407 414 417 430 436 457 459 468 480 490 492 493 509 512 514 520 525 532 536 538 543 556 569 576 580 584 586 591 594 598 606 611 615 625 630 650 653 672 678 681 682 693 702 713 723 727 733 772 785 793 799 809 819 821 825 827 832 837 838 839 849 864 865 869 870 874 876 888 894 904 911 919 922 937 939 940 958 959 965 973 982 984
 91 : 2 18 22 23 27 28 33 45 56 65 86 88 89 92 98 99 104 120 123 132 141 145 164 167 186 199 225 231 244 246 255 264 266 267 279 299 309 315 322 330 331 343 348 349 366 369 373 377 406 428 429 434 454 471 486 488 489 494 497 503 510 521 531 539 542 552 561 567 573 589 635 638 659 661 670 674 676 697 701 703 709 719 730 742 743 750 753 759 764 781 783 789 803 814 823 826 831 852 868 880 886 895 896 914 917 927 953 955 957 988
SOLUTION:
  Value: -12659052.754160
  Assigns: 6 38 5 65 65 41 68 61 68 41 61 34 61 38 41 41 34 34 5 65 6 41 5 5 5 38 6 5 5 65 61 34 65 5 5 41 68 41 41 41 5 61 41 34 68 34 34 5 34 5 61 5 41 34 41 6 5 65 68 41 6 68 6 38 65 34 41 61 68 34 65 68 65 68 65 34 65 34 68 61 65 68 65 38 6 68 5 68 5 5 68 65 34 38 41 38 38 41 38 5 6 34 61 41 5 6 41 5 41 65 6 5 68 68 41 41 41 41 41 65 5 41 41 5 41 65 65 61 41 41 65 38 38 68 38 61 61 68 61 41 6 5 41 41 34 5 34 61 61 41 38 34 41 41 38 34 41 41 5 61 68 41 65 41 5 38 65 5 38 38 34 41 34 65 61 6 68 6 6 61 68 6 34 61 41 5 5 41 68 38 6 68 65 41 5 6 6 41 61 34 38 68 38 6 61 34 41 65 68 61 6 41 41 61 34 68 61 5 61 6 61 65 34 65 41 5 41 34 68 65 61 34 65 41 41 68 6 65 65 38 41 65 61 38 5 38 5 61 6 41 65 38 61 61 61 5 41 65 61 41 68 5 68 5 5 65 38 5 34 6 65 41 61 41 5 68 41 41 41 5 6 41 6 68 41 41 68 5 65 41 34 34 65 34 68 5 34 61 41 5 5 6 61 41 41 68 61 41 68 5 61 38 41 68 65 34 68 41 65 6 61 61 5 34 41 34 65 34 68 61 5 5 68 41 61 38 65 41 61 61 41 34 5 5 61 38 6 61 5 34 65 61 41 34 38 6 41 68 41 38 65 5 65 61 38 41 5 68 68 5 34 61 41 5 68 65 34 5 6 68 38 6 34 68 68 6 5 61 6 61 68 41 41 38 68 38 68 61 41 41 68 68 41 68 65 41 34 41 68 34 38 6 65 61 68 41 34 68 34 65 65 41 38 34 41 34 65 6 38 5 68 6 34 41 5 5 41 5 34 5 65 34 38 65 61 65 34 65 68 38 61 61 34 61 5 61 6 41 41 65 61 6 68 65 6 65 38 38 68 34 34 5 5 41 68 38 41 65 61 34 65 65 41 41 6 65 34 34 34 34 41 41 68 41 5 38 34 34 61 61 41 34 61 5 65 41 61 38 41 68 5 6 41 6 68 61 6 68 38 38 41 5 61 41 68 65 65 38 65 5 61 5 68 34 41 68 65 61 41 5 61 41 34 65 41 41 68 41 5 6 34 41 5 65 41 34 65 61 41 65 68 34 61 38 41 34 41 38 68 65 61 5 68 34 34 34 68 41 34 61 41 65 38 61 41 5 68 65 65 5 41 41 61 41 41 65 65 65 68 41 41 5 41 68 65 41 68 61 61 61 65 68 41 6 5 68 65 38 65 41 38 65 61 6 61 41 6 61 38 38 65 68 41 61 61 34 6 34 5 61 5 41 61 34 68 38 61 65 41 41 41 38 41 68 6 61 61 34 41 5 38 38 41 34 61 34 34 34 65 61 5 38 68 41 5 5 5 34 68 61 34 41 41 61 38 6 41 65 68 68 68 5 38 68 38 41 61 5 68 65 5 5 41 5 5 61 68 41 5 5 6 38 38 41 38 38 6 61 41 5 34 41 5 68 34 6 65 68 41 61 5 61 61 68 38 41 41 61 41 38 41 65 34 5 38 41 34 61 61 34 5 61 38 38 41 6 61 68 68 5 6 41 68 6 5 38 41 61 61 61 61 61 41 6 68 65 6 65 61 68 41 34 61 38 41 68 61 38 38 5 6 5 34 41 65 65 34 61 41 68 5 6 5 5 65 34 34 65 65 68 5 34 34 65 5 6 38 65 6 68 65 41 68 5 61 41 5 68 38 61 41 5 68 41 5 41 65 65 65 68 68 41 34 68 6 61 68 34 61 41 6 6 5 6 5 68 38 41 41 65 34 6 38 41 68 41 6 61 5 68 68 61 65 34 41 61 41 34 68 6 5 65 41 68 41 65 5 41 68 68 68 5 41 61 68 5 5 65 65 38 38 5 65 68 68 61 61 6 41 65 65 41 65 68 34 41 61 5 41 41 61 6 68 61 6 41 34 5 61 5 61 5 34 41 68 68 61 68 65 68 68 38 61 6 65 41 34 38 6 41 65 61 5 5 68 5 41 34 41 41 41 34 65 61 65 68 41 61 65 68 41 34 34 68 65 41 61 68 68 41 6 61 68 5 41 6 34 41 5 65 6 34 68 6 41 41 38 6 61 61 
  Facilities: 8
 5 : 2 18 22 23 24 27 28 33 34 40 47 49 51 56 86 88 89 99 104 107 111 120 123 141 145 158 164 167 185 186 194 217 225 244 246 255 261 263 264 267 274 279 287 295 299 300 309 322 330 331 342 343 348 361 366 369 373 377 386 429 434 435 437 439 454 471 472 494 503 510 521 529 531 539 548 552 571 585 589 601 614 638 640 659 670 674 675 676 691 697 700 701 703 704 708 709 719 722 730 743 750 759 764 789 791 800 802 803 810 814 823 826 831 834 852 854 868 880 886 891 895 896 901 917 927 929 931 952 953 955 983 988
 6 : 0 20 26 55 60 62 84 100 105 110 140 175 177 178 181 190 195 196 203 210 219 236 248 269 280 282 301 319 346 355 378 381 385 388 411 427 431 456 461 464 484 511 513 516 549 613 623 626 636 654 685 710 716 725 755 760 763 773 776 790 801 815 818 844 850 851 853 861 866 879 907 921 924 943 948 980 985 990 993 997
 34 : 11 16 17 31 43 45 46 48 53 65 69 75 77 92 101 144 146 151 155 170 172 182 199 205 214 222 227 231 268 290 291 293 296 315 323 325 327 341 349 353 370 376 382 406 409 416 418 423 425 432 438 441 446 452 469 470 479 486 487 488 489 496 497 501 533 542 550 555 561 565 573 574 575 578 635 637 643 657 663 665 666 667 677 680 720 724 742 746 749 781 792 796 805 806 811 812 842 847 860 873 877 914 926 932 946 957 961 971 972 986 991
 38 : 1 13 25 63 83 93 95 96 98 131 132 134 150 154 165 168 169 189 200 202 239 243 245 251 266 311 335 345 354 359 364 380 393 395 410 422 428 442 449 466 467 475 495 507 518 519 527 563 567 582 617 620 628 629 645 651 660 661 671 684 692 694 711 712 714 715 734 739 744 752 753 765 783 787 788 816 828 856 862 899 900 941 947 996
 41 : 5 9 14 15 21 35 37 38 39 42 52 54 59 66 94 97 103 106 108 114 115 116 117 118 121 122 124 128 129 139 142 143 149 152 153 156 157 161 163 171 184 187 193 197 206 211 212 224 226 233 234 240 249 256 259 271 273 276 277 278 281 284 285 289 298 303 304 307 312 317 324 333 337 340 352 356 358 365 372 391 392 398 399 402 405 407 415 421 424 433 436 457 458 473 476 482 483 490 491 493 500 505 508 512 520 523 534 538 541 544 545 547 551 554 558 564 566 577 580 584 590 591 593 594 599 600 602 605 612 619 625 632 641 648 649 650 652 658 662 673 681 682 686 695 702 707 713 718 721 728 735 736 738 740 745 754 761 766 772 780 784 793 798 821 825 830 833 835 841 849 857 858 863 865 874 876 882 884 887 892 908 911 915 918 919 925 933 945 949 956 958 959 960 966 970 975 979 984 987 994 995
 61 : 7 10 12 30 41 50 67 79 102 127 135 136 138 147 148 159 174 179 183 198 204 209 213 216 218 220 230 242 247 252 253 254 258 272 297 302 306 310 320 321 329 334 338 339 344 347 351 363 371 387 389 397 413 444 450 451 453 455 460 478 498 499 502 506 515 522 530 537 540 557 562 570 579 583 592 607 608 609 622 624 627 633 634 639 642 646 655 656 664 669 679 683 696 705 717 729 731 732 737 747 748 751 756 767 768 769 770 771 778 782 786 797 824 829 845 848 867 871 875 893 905 906 916 920 923 928 930 936 942 951 963 967 976 981 998 999
 65 : 3 4 19 29 32 57 64 70 72 74 76 80 82 91 109 119 125 126 130 162 166 173 192 207 221 223 229 232 237 238 241 250 257 265 270 288 292 314 318 326 336 350 360 362 375 404 412 419 420 426 440 443 445 447 459 463 465 477 480 481 485 504 525 526 528 536 543 553 556 559 569 581 587 588 595 596 597 604 610 616 618 621 630 647 668 687 699 726 741 775 777 794 795 804 807 808 813 817 820 836 837 838 859 872 881 885 897 898 902 909 910 912 938 944 950 962 964 968 974 989
 68 : 6 8 36 44 58 61 68 71 73 78 81 85 87 90 112 113 133 137 160 176 180 188 191 201 208 215 228 235 260 262 275 283 286 294 305 308 313 316 328 332 357 367 368 374 379 383 384 390 394 396 400 401 403 408 414 417 430 448 462 468 474 492 509 514 517 524 532 535 546 560 568 572 576 586 598 603 606 611 615 631 644 653 672 678 688 689 690 693 698 706 723 727 733 757 758 762 774 779 785 799 809 819 822 827 832 839 840 843 846 855 864 869 870 878 883 888 889 890 894 903 904 913 922 934 935 937 939 940 954 965 969 973 977 978 982 992
SOLUTION:
  Value: -12672265.647650
  Assigns: 40 11 96 65 11 86 40 86 23 97 9 98 9 11 1 97 98 23 98 65 40 97 91 96 23 11 40 96 91 86 9 98 11 91 98 1 97 97 1 97 23 9 1 23 97 91 98 98 98 98 86 23 1 98 1 23 96 65 40 97 40 40 23 11 65 91 1 9 40 98 65 97 65 40 65 98 65 98 97 86 65 40 11 11 23 97 96 97 98 96 40 65 91 9 86 11 11 97 91 91 40 98 86 97 98 23 1 98 86 65 40 23 23 23 97 1 1 1 97 65 98 86 97 96 1 65 86 86 97 97 65 11 91 23 11 9 9 40 86 86 40 91 1 1 98 91 98 86 86 97 11 98 1 97 11 98 97 1 23 9 97 65 65 86 98 9 86 96 9 9 98 97 23 86 9 23 40 23 40 11 97 40 11 9 1 23 96 1 40 9 40 97 65 1 23 23 40 97 86 91 11 23 11 23 9 23 1 97 97 86 23 1 86 86 98 40 9 23 86 40 86 65 98 65 1 96 97 98 97 86 9 91 65 97 1 23 23 65 65 11 1 86 9 11 96 11 96 9 40 97 65 11 9 9 9 98 1 65 9 1 23 98 97 23 96 65 91 91 98 40 65 97 86 1 23 23 1 97 86 91 40 97 23 40 1 1 97 23 11 97 98 23 86 98 23 23 98 86 86 91 98 23 9 1 1 40 9 1 97 91 9 11 86 97 86 98 40 97 65 23 9 9 96 98 1 65 65 98 97 9 91 91 97 65 86 11 65 97 86 9 86 98 98 96 9 11 40 86 96 98 65 9 1 11 11 40 86 97 1 11 65 98 65 86 11 86 91 40 97 96 98 86 1 91 97 65 98 91 40 40 11 40 11 40 23 23 98 9 40 86 40 97 1 11 97 11 40 9 1 97 23 23 86 40 65 86 98 97 40 98 11 40 65 86 23 1 98 97 98 65 65 65 11 11 97 11 65 40 91 91 40 40 23 97 91 98 97 98 65 23 65 98 11 65 86 65 65 65 40 11 9 9 98 86 96 9 40 97 1 65 86 40 40 65 40 65 11 9 97 98 23 96 23 97 40 11 97 65 9 98 97 86 1 86 40 86 91 11 98 91 97 97 97 97 91 11 98 98 86 86 86 98 86 91 65 1 86 11 86 40 91 40 97 23 40 9 23 40 11 11 97 91 9 97 23 65 86 9 65 23 9 96 40 23 1 40 65 9 97 91 9 1 98 97 1 97 40 86 98 40 98 97 96 65 97 98 65 9 1 65 40 98 9 11 86 98 86 91 23 65 86 98 23 98 98 98 97 1 11 9 97 11 11 9 97 98 97 23 65 91 65 97 86 1 97 65 86 86 40 1 97 98 97 40 11 1 97 86 9 9 11 97 86 40 23 23 65 11 65 1 11 65 9 40 86 97 23 86 11 9 65 23 1 9 9 91 23 98 98 86 98 86 86 98 97 11 9 11 1 1 97 11 86 23 40 86 86 98 1 91 11 91 86 98 86 23 23 11 86 9 91 11 40 1 91 23 91 98 97 9 11 97 97 9 11 40 1 86 40 40 23 23 11 40 11 1 9 91 40 86 98 98 97 96 98 86 97 1 98 96 23 11 11 97 11 11 40 86 1 91 11 97 98 97 98 23 65 97 1 9 91 9 9 97 9 97 1 9 86 11 1 11 91 98 11 97 98 86 9 65 91 9 11 91 1 40 9 40 40 91 23 65 23 40 91 11 86 86 9 9 86 86 97 40 23 65 23 65 86 23 86 98 9 91 97 40 9 11 11 96 40 23 23 97 65 11 23 9 1 40 23 40 23 91 65 65 11 65 65 97 98 98 98 86 98 40 11 11 40 97 65 97 40 91 86 97 91 40 11 9 86 96 97 97 23 1 65 97 65 40 23 1 65 40 23 86 23 98 86 97 23 23 91 23 23 23 11 1 97 65 98 23 9 97 97 97 23 9 96 40 97 86 65 98 97 86 97 98 40 40 91 65 97 40 1 86 98 97 23 23 23 23 1 9 40 96 98 11 86 9 11 23 11 40 40 86 9 23 97 65 65 97 65 23 98 1 86 91 1 97 86 40 97 9 23 1 98 91 9 98 86 23 98 1 40 40 86 97 65 23 97 11 9 40 11 1 98 11 23 1 23 9 23 91 40 98 1 91 97 97 1 98 65 86 65 40 1 9 65 23 1 98 98 23 65 1 86 40 40 1 23 86 97 23 97 40 11 1 96 65 40 98 40 23 1 86 11 40 9 9 
  Facilities: 11
 1 : 14 35 38 42 52 54 66 106 115 116 117 124 142 143 152 157 184 187 193 206 211 224 234 240 256 259 273 276 284 285 303 304 307 324 352 358 372 392 398 415 458 482 505 534 541 544 558 577 593 599 605 619 632 648 649 658 673 686 695 707 718 728 736 740 754 798 835 841 857 884 892 915 918 925 933 945 949 956 960 966 970 975 979 987 994
 9 : 10 12 30 41 67 93 135 136 159 165 168 169 174 183 189 204 216 230 242 247 252 253 254 258 302 306 310 320 321 329 339 344 351 387 397 450 451 455 467 478 515 522 527 530 537 540 557 562 579 583 608 609 622 629 633 634 646 669 679 683 696 729 731 732 734 737 748 751 756 768 769 782 786 797 829 862 867 893 899 906 923 928 942 951 967 998 999
 11 : 1 4 13 25 32 63 82 83 95 96 131 134 150 154 179 182 200 202 239 243 245 251 288 311 335 345 353 354 359 364 380 382 393 395 410 422 423 425 442 449 466 475 487 495 507 518 519 563 578 581 582 604 610 617 620 628 645 647 651 660 667 671 680 684 692 694 711 712 714 715 720 739 741 744 752 765 787 788 795 806 816 817 828 856 897 900 902 941 944 947 986 996
 23 : 8 17 24 40 43 51 55 62 84 105 111 112 113 133 158 172 175 177 185 194 195 201 203 205 210 217 235 236 260 263 274 275 282 287 291 294 295 301 319 384 385 400 401 414 432 439 470 472 513 516 524 529 533 568 572 587 614 615 626 631 636 653 665 666 675 690 691 710 725 760 762 774 776 779 791 792 796 800 802 834 840 844 846 850 851 853 854 855 861 866 888 889 890 891 901 907 913 924 931 939 948 950 952 969 973 980 983 993
 40 : 0 6 20 26 58 60 61 68 73 81 90 100 110 137 140 176 178 181 188 190 196 215 219 248 269 280 283 305 316 346 355 367 378 379 381 383 388 390 396 403 408 411 427 430 431 448 456 461 462 464 474 484 509 511 514 517 532 535 546 549 560 598 603 613 623 654 672 685 688 689 693 698 716 755 757 758 763 773 785 790 799 801 815 818 822 827 839 843 869 878 879 883 894 903 904 921 934 935 943 954 965 977 978 985 990 992 997
 65 : 3 19 57 64 70 72 74 76 80 91 109 119 125 130 161 162 192 221 223 232 237 238 250 257 265 270 318 325 326 333 336 350 360 362 375 404 412 419 420 421 426 438 440 443 445 446 447 459 463 465 477 504 525 528 536 553 556 559 569 588 590 595 616 618 621 630 726 749 761 775 777 794 804 805 807 808 820 836 838 842 859 872 881 909 910 912 938 962 964 968 974 989
 86 : 5 7 29 50 79 94 102 108 121 126 127 138 139 147 148 163 166 173 198 209 212 213 218 220 229 241 272 278 292 297 298 312 314 334 338 340 347 356 363 365 371 389 402 405 413 444 453 460 481 483 485 498 499 500 502 506 508 526 547 564 566 570 592 596 597 607 612 624 627 639 641 642 652 655 656 662 664 668 687 699 705 717 738 747 766 767 770 771 778 780 813 824 830 845 848 871 875 885 898 905 916 920 930 936 963 976 981 995
 91 : 22 28 33 45 65 92 98 99 132 141 145 199 231 266 267 279 299 309 330 331 366 373 377 428 429 434 486 489 494 503 510 521 539 567 589 635 659 661 670 674 676 697 719 730 742 750 753 759 764 783 803 823 826 852 880 917 927 953 957
 96 : 2 23 27 56 86 89 123 167 186 225 244 246 264 322 343 348 369 454 471 531 552 703 709 789 831 868 895 988
 97 : 9 15 21 36 37 39 44 59 71 78 85 87 97 103 114 118 122 128 129 149 153 156 160 171 180 191 197 207 208 226 228 233 249 262 271 277 281 286 289 308 313 317 328 332 337 357 368 374 391 394 399 407 417 424 433 436 457 468 473 476 480 490 491 492 493 512 520 523 538 543 545 551 554 576 580 584 586 591 594 600 602 606 611 625 644 650 678 681 682 702 706 713 721 723 727 733 735 745 772 784 793 809 819 821 825 832 833 837 849 858 863 864 865 870 874 876 882 887 908 911 919 922 937 940 958 959 982 984
 98 : 11 16 18 31 34 46 47 48 49 53 69 75 77 88 101 104 107 120 144 146 151 155 164 170 214 222 227 255 261 268 290 293 296 300 315 323 327 341 342 349 361 370 376 386 406 409 416 418 435 437 441 452 469 479 488 496 497 501 542 548 550 555 561 565 571 573 574 575 585 601 637 638 640 643 657 663 677 700 701 704 708 722 724 743 746 781 810 811 812 814 847 860 873 877 886 896 914 926 929 932 946 955 961 971 972 991
SOLUTION:
  Value: -12674388.911690
  Assigns: 40 11 96 65 11 86 40 86 23 97 9 91 9 11 1 97 11 23 91 65 40 97 91 96 23 11 40 96 91 86 9 11 11 91 91 1 97 97 1 97 23 9 1 23 97 91 65 91 65 23 86 23 1 23 1 23 96 65 40 97 40 40 23 11 65 91 1 9 40 65 65 97 65 40 65 91 65 65 97 86 65 40 11 11 23 97 96 97 91 96 40 65 91 9 86 11 11 97 91 91 40 65 86 97 91 23 1 23 86 65 40 23 23 23 97 1 1 1 97 65 91 86 97 96 1 65 86 86 97 97 65 11 91 23 11 9 9 40 86 86 40 91 1 1 65 91 91 86 86 97 11 65 1 97 11 23 97 1 23 9 97 65 65 86 91 9 86 96 9 9 23 97 23 86 9 23 40 23 40 11 97 40 11 9 1 23 96 1 40 9 40 97 65 1 23 23 40 97 86 91 11 23 11 23 9 23 1 97 97 86 23 1 86 86 65 40 9 23 86 40 86 65 91 65 1 96 97 23 97 86 9 91 65 97 1 23 23 65 65 11 1 86 9 11 96 11 96 9 40 97 65 11 9 9 9 91 1 65 9 1 23 23 97 23 96 65 91 91 65 40 65 97 86 1 23 23 1 97 86 91 40 97 23 40 1 1 97 23 11 97 91 23 86 65 23 23 23 86 86 91 23 23 9 1 1 40 9 1 97 91 9 11 86 97 86 91 40 97 65 23 9 9 96 23 1 65 65 11 97 9 91 91 97 65 86 11 65 97 86 9 86 91 91 96 9 11 40 86 96 91 65 9 1 11 11 40 86 97 1 11 65 23 65 86 11 86 91 40 97 96 65 86 1 91 97 65 91 91 40 40 11 40 11 40 23 23 23 9 40 86 40 97 1 11 97 11 40 9 1 97 23 23 86 40 65 86 91 97 40 65 11 40 65 86 23 1 11 97 65 65 65 65 11 11 97 11 65 40 91 91 40 40 23 97 91 91 97 23 65 23 65 11 11 65 86 65 65 65 40 11 9 9 11 86 96 9 40 97 1 65 86 40 40 65 40 65 11 9 97 11 23 96 23 97 40 11 97 65 9 65 97 86 1 86 40 86 91 11 91 91 97 97 97 97 91 11 23 91 86 86 86 23 86 91 65 1 86 11 86 40 91 40 97 23 40 9 23 40 11 11 97 91 9 97 23 65 86 9 65 23 9 96 40 23 1 40 65 9 97 91 9 1 91 97 1 97 40 86 23 40 65 97 96 65 97 65 65 9 1 65 40 91 9 11 86 65 86 91 23 65 86 23 23 91 11 23 97 1 11 9 97 11 11 9 97 91 97 23 65 91 65 97 86 1 97 65 86 86 40 1 97 91 97 40 11 1 97 86 9 9 11 97 86 40 23 23 65 11 65 1 11 65 9 40 86 97 23 86 11 9 65 23 1 9 9 91 23 11 91 86 91 86 86 65 97 11 9 11 1 1 97 11 86 23 40 86 86 11 1 91 11 91 86 23 86 23 23 11 86 9 91 11 40 1 91 23 91 65 97 9 11 97 97 9 11 40 1 86 40 40 23 23 11 40 11 1 9 91 40 86 23 91 97 96 23 86 97 1 91 96 23 11 11 97 11 11 40 86 1 91 11 97 91 97 65 23 65 97 1 9 91 9 9 97 9 97 1 9 86 11 1 11 91 91 11 97 23 86 9 65 91 9 11 91 1 40 9 40 40 91 23 65 23 40 91 11 86 86 9 9 86 86 97 40 23 65 23 65 86 23 86 91 9 91 97 40 9 11 11 96 40 23 23 97 65 11 23 9 1 40 23 40 23 91 65 65 11 65 65 97 23 91 11 86 91 40 11 11 40 97 65 97 40 91 86 97 91 40 11 9 86 96 97 97 23 1 65 97 65 40 23 1 65 40 23 86 23 91 86 97 23 23 91 23 23 23 11 1 97 65 65 23 9 97 97 97 23 9 96 40 97 86 65 91 97 86 97 91 40 40 91 65 97 40 1 86 91 97 23 23 23 23 1 9 40 96 91 11 86 9 11 23 11 40 40 86 9 23 97 65 65 97 65 23 91 1 86 91 1 97 86 40 97 9 23 1 65 91 9 23 86 23 11 1 40 40 86 97 65 23 97 11 9 40 11 1 23 11 23 1 23 9 23 91 40 91 1 91 97 97 1 65 65 86 65 40 1 9 65 23 1 23 23 23 65 1 86 40 40 1 23 86 97 23 97 40 11 1 96 65 40 65 40 23 1 86 11 40 9 9 
  Facilities: 10
 1 : 14 35 38 42 52 54 66 106 115 116 117 124 142 143 152 157 184 187 193 206 211 224 234 240 256 259 273 276 284 285 303 304 307 324 352 358 372 392 398 415 458 482 505 534 541 544 558 577 593 599 605 619 632 648 649 658 673 686 695 707 718 728 736 740 754 798 835 841 857 884 892 915 918 925 933 945 949 956 960 966 970 975 979 987 994
 9 : 10 12 30 41 67 93 135 136 159 165 168 169 174 183 189 204 216 230 242 247 252 253 254 258 302 306 310 320 321 329 339 344 351 387 397 450 451 455 467 478 515 522 527 530 537 540 557 562 579 583 608 609 622 629 633 634 646 669 679 683 696 729 731 732 734 737 748 751 756 768 769 782 786 797 829 862 867 893 899 906 923 928 942 951 967 998 999
 11 : 1 4 13 16 25 31 32 63 82 83 95 96 131 134 150 154 179 182 200 202 239 243 245 251 288 311 327 335 345 353 354 359 364 380 382 393 395 410 416 422 423 425 441 442 449 452 466 469 475 487 495 507 518 519 563 574 578 581 582 604 610 617 620 628 637 645 647 651 657 660 667 671 680 684 692 694 711 712 714 715 720 739 741 744 752 765 787 788 795 806 812 816 817 828 856 897 900 902 932 941 944 947 986 996
 23 : 8 17 24 40 43 49 51 53 55 62 84 105 107 111 112 113 133 155 158 170 172 175 177 185 194 195 201 203 205 210 217 227 235 236 260 261 263 274 275 282 287 291 294 295 296 300 301 319 323 361 384 385 386 400 401 414 432 437 439 470 472 496 501 513 516 524 529 533 548 568 571 572 575 587 614 615 626 631 636 653 663 665 666 675 690 691 700 704 710 725 746 760 762 774 776 779 791 792 796 800 802 810 834 840 844 846 850 851 853 854 855 861 866 888 889 890 891 901 907 913 924 929 931 939 946 948 950 952 969 971 972 973 980 983 993
 40 : 0 6 20 26 58 60 61 68 73 81 90 100 110 137 140 176 178 181 188 190 196 215 219 248 269 280 283 305 316 346 355 367 378 379 381 383 388 390 396 403 408 411 427 430 431 448 456 461 462 464 474 484 509 511 514 517 532 535 546 549 560 598 603 613 623 654 672 685 688 689 693 698 716 755 757 758 763 773 785 790 799 801 815 818 822 827 839 843 869 878 879 883 894 903 904 921 934 935 943 954 965 977 978 985 990 992 997
 65 : 3 19 46 48 57 64 69 70 72 74 76 77 80 91 101 109 119 125 130 144 151 161 162 192 214 221 223 232 237 238 250 257 265 268 270 293 318 325 326 333 336 350 360 362 370 375 404 409 412 418 419 420 421 426 438 440 443 445 446 447 459 463 465 477 479 504 525 528 536 550 553 555 556 559 565 569 588 590 595 616 618 621 630 643 677 724 726 749 761 775 777 794 804 805 807 808 820 836 838 842 859 860 872 881 909 910 912 926 938 961 962 964 968 974 989 991
 86 : 5 7 29 50 79 94 102 108 121 126 127 138 139 147 148 163 166 173 198 209 212 213 218 220 229 241 272 278 292 297 298 312 314 334 338 340 347 356 363 365 371 389 402 405 413 444 453 460 481 483 485 498 499 500 502 506 508 526 547 564 566 570 592 596 597 607 612 624 627 639 641 642 652 655 656 662 664 668 687 699 705 717 738 747 766 767 770 771 778 780 813 824 830 845 848 871 875 885 898 905 916 920 930 936 963 976 981 995
 91 : 11 18 22 28 33 34 45 47 65 75 88 92 98 99 104 120 132 141 145 146 164 199 222 231 255 266 267 279 290 299 309 315 330 331 341 342 349 366 373 376 377 406 428 429 434 435 486 488 489 494 497 503 510 521 539 542 561 567 573 585 589 601 635 638 640 659 661 670 674 676 697 701 708 719 722 730 742 743 750 753 759 764 781 783 803 811 814 823 826 847 852 873 877 880 886 896 914 917 927 953 955 957
 96 : 2 23 27 56 86 89 123 167 186 225 244 246 264 322 343 348 369 454 471 531 552 703 709 789 831 868 895 988
 97 : 9 15 21 36 37 39 44 59 71 78 85 87 97 103 114 118 122 128 129 149 153 156 160 171 180 191 197 207 208 226 228 233 249 262 271 277 281 286 289 308 313 317 328 332 337 357 368 374 391 394 399 407 417 424 433 436 457 468 473 476 480 490 491 492 493 512 520 523 538 543 545 551 554 576 580 584 586 591 594 600 602 606 611 625 644 650 678 681 682 702 706 713 721 723 727 733 735 745 772 784 793 809 819 821 825 832 833 837 849 858 863 864 865 870 874 876 882 887 908 911 919 922 937 940 958 959 982 984
SOLUTION:
  Value: -12677629.026100
  Assigns: 14 11 91 11 11 8 14 75 78 78 75 51 75 11 8 4 11 25 51 11 14 4 51 91 25 11 14 91 91 8 75 11 11 51 51 8 78 4 8 78 51 75 4 78 78 91 51 51 51 51 75 25 4 51 8 25 91 11 14 78 14 78 25 11 78 91 4 75 14 51 78 78 8 14 8 51 78 51 78 75 11 78 11 11 25 78 51 78 51 51 78 78 91 75 8 11 11 8 91 91 14 51 75 4 51 25 8 51 8 11 14 25 25 78 8 8 4 8 78 51 51 8 4 91 4 8 8 75 4 78 78 11 91 78 11 75 75 14 75 8 14 91 8 4 11 91 51 75 75 4 11 51 4 78 11 51 8 4 51 75 78 8 11 8 51 75 8 91 11 11 51 78 51 8 75 25 14 25 14 11 78 14 11 75 8 51 51 4 78 11 14 78 78 8 51 25 14 78 8 91 11 78 11 14 75 51 8 78 78 75 25 8 8 8 11 78 75 51 75 14 8 8 51 51 4 91 78 51 78 8 75 91 11 78 4 14 25 11 11 11 4 11 75 11 51 11 91 75 14 78 11 11 75 75 75 51 4 11 75 8 25 51 78 25 51 11 91 51 51 14 8 78 75 4 51 78 8 78 8 91 14 78 14 14 8 4 78 51 11 78 51 51 8 51 25 25 51 75 8 91 51 25 75 8 8 78 75 8 78 91 75 11 8 78 8 91 14 78 11 14 75 75 91 51 8 11 11 11 78 75 91 91 78 8 8 11 11 4 75 75 8 51 51 91 75 11 14 75 91 91 8 75 8 11 11 14 8 78 8 11 78 51 78 8 11 8 91 78 78 91 51 8 8 91 78 11 51 91 14 78 11 14 11 14 14 25 51 75 14 75 78 78 8 11 78 11 78 75 8 78 25 14 8 78 78 8 91 78 14 11 11 14 78 8 78 8 11 78 11 11 8 8 11 11 4 11 11 14 91 91 78 14 51 4 91 51 78 51 51 25 51 11 11 11 75 11 51 11 14 11 75 75 11 8 91 75 14 78 8 78 75 14 14 11 14 8 11 75 78 11 51 91 51 8 14 11 4 11 75 51 78 75 8 8 14 8 91 11 51 91 78 4 78 78 91 11 51 51 75 75 8 51 8 91 78 8 8 11 8 78 91 14 78 25 78 75 25 14 11 11 78 91 75 4 25 78 75 11 11 51 75 91 78 51 4 14 78 75 78 91 75 8 91 78 4 8 14 8 51 14 51 8 51 11 4 51 78 75 8 8 14 51 75 11 8 51 8 91 14 78 75 51 14 51 11 51 78 4 11 75 78 11 11 75 78 51 78 78 11 51 8 78 75 8 78 11 8 11 78 4 8 51 8 14 11 8 78 75 75 75 11 78 8 14 25 78 8 11 11 4 11 11 75 14 8 78 14 75 11 75 78 25 4 75 75 91 25 51 51 8 51 8 8 51 4 11 75 11 8 8 78 11 8 78 14 8 8 51 4 51 11 91 8 51 75 78 51 11 11 75 91 11 78 4 91 25 51 51 78 75 11 78 78 75 11 14 8 8 14 14 78 51 11 78 11 4 75 51 14 75 51 51 78 91 51 75 4 8 51 91 25 11 11 78 11 11 14 8 8 91 11 8 51 78 51 14 78 78 4 75 91 75 75 78 75 4 8 75 8 11 4 11 91 51 11 4 51 8 75 11 91 75 11 91 4 14 75 14 14 91 25 8 25 14 91 11 8 8 75 75 75 8 78 14 25 78 14 11 75 14 8 91 75 91 8 78 75 11 11 91 14 51 51 78 78 11 51 75 8 78 51 14 51 91 11 11 11 11 11 78 51 51 51 8 51 14 11 11 14 78 11 78 14 91 8 78 91 78 11 75 8 91 78 4 51 4 11 78 78 78 14 8 11 14 25 75 78 51 8 78 25 25 91 14 25 25 11 4 8 51 51 25 75 8 78 78 25 75 91 78 78 8 11 51 78 75 78 51 14 14 91 11 4 14 4 8 51 8 78 14 14 51 8 75 78 91 51 11 8 11 11 25 11 14 78 75 75 14 4 11 11 78 11 25 51 8 75 51 4 78 75 14 78 75 25 4 51 91 75 51 75 51 51 8 14 14 8 78 11 78 78 11 75 14 11 4 51 11 25 4 78 75 51 51 14 51 4 91 78 78 8 51 8 8 11 78 4 75 78 14 8 51 51 78 11 8 75 14 14 8 25 8 78 51 78 14 11 4 91 8 14 51 4 14 8 8 11 14 75 75 
  Facilities: 9
 4 : 15 21 37 42 52 66 103 116 122 124 128 143 149 152 157 187 224 234 240 256 273 285 337 424 433 476 491 523 534 544 554 577 599 619 632 644 658 673 695 706 728 735 740 745 754 833 835 857 882 884 908 918 925 945 949 956 966 987 992
 8 : 5 14 29 35 38 54 72 74 94 97 106 108 114 115 117 121 125 126 139 142 156 161 163 166 173 184 193 198 206 211 212 213 220 221 229 259 270 276 278 284 292 298 303 304 307 312 314 324 333 334 340 350 352 356 358 363 365 371 372 392 398 402 405 413 415 420 421 453 458 465 473 482 483 485 500 502 505 506 508 541 545 547 551 558 559 564 566 590 593 596 600 602 605 612 616 624 639 641 642 648 649 652 655 656 662 686 687 707 717 718 721 736 738 747 761 766 767 771 780 784 798 813 824 830 841 848 858 863 871 885 887 892 898 915 933 936 960 962 963 970 975 979 981 989 994 995
 11 : 1 3 4 13 16 19 25 31 32 57 63 80 82 83 95 96 109 131 134 144 150 154 162 168 169 179 182 189 200 202 214 232 237 238 239 241 243 245 250 251 257 265 288 311 318 325 326 327 335 336 345 353 354 359 364 375 380 382 393 395 409 410 416 418 419 422 423 425 426 441 442 443 445 447 449 452 463 466 469 475 477 487 495 507 518 519 527 528 553 563 574 578 581 582 588 595 597 604 610 617 618 620 621 628 645 647 651 660 667 668 671 680 684 692 694 711 712 714 715 720 739 741 744 749 752 765 777 787 788 795 804 805 806 807 808 816 817 820 828 836 842 856 872 881 897 899 900 902 909 910 912 938 941 944 947 964 974 986 996
 14 : 0 6 20 26 58 60 68 73 100 110 137 140 176 178 181 190 196 203 219 235 248 269 280 282 283 316 319 346 355 378 381 383 384 388 401 408 411 427 431 448 456 461 462 464 474 484 511 517 535 546 549 560 568 572 603 613 623 626 654 685 688 689 698 716 725 755 757 758 763 773 776 779 790 801 815 818 822 840 843 853 878 879 883 889 890 903 907 921 934 935 943 954 969 977 978 985 990 993 997
 25 : 17 24 51 55 62 84 105 111 112 175 177 195 210 236 260 263 294 295 301 385 400 439 513 516 524 614 631 636 675 710 760 762 774 844 850 851 854 855 861 866 901 913 924 948 980
 51 : 11 18 22 33 34 40 46 47 48 49 53 69 75 77 86 88 89 101 104 107 119 120 146 151 155 158 164 170 172 185 186 194 205 217 222 223 227 244 255 261 264 267 268 274 287 290 291 293 296 300 323 341 342 361 370 376 386 432 435 437 438 440 446 470 472 479 488 496 497 501 529 533 548 550 552 555 561 565 571 573 575 585 589 601 637 638 640 643 657 659 663 666 676 677 691 697 700 701 704 708 722 724 743 746 791 792 796 800 802 810 811 812 814 834 847 859 860 873 877 886 891 896 914 917 926 929 931 932 946 952 953 955 961 971 972 983 991
 75 : 7 10 12 30 41 50 67 79 93 102 127 135 136 138 147 148 159 165 174 183 204 209 216 218 230 242 247 252 253 254 258 272 297 302 306 310 320 321 329 338 339 344 347 351 387 389 397 444 450 451 455 460 467 478 481 498 499 515 522 526 530 537 540 557 562 570 579 583 592 607 608 609 622 627 629 633 634 646 664 669 679 683 696 699 705 729 731 732 734 737 748 751 756 768 769 770 778 782 786 797 829 845 862 867 875 893 905 906 916 920 923 928 930 942 951 967 976 998 999
 78 : 8 9 36 39 43 44 59 61 64 70 71 76 78 81 85 87 90 91 113 118 129 130 133 153 160 171 180 188 191 192 197 201 207 208 215 226 228 233 249 262 271 275 277 281 286 289 305 308 313 317 328 332 357 360 362 367 368 374 379 390 391 394 396 399 403 404 407 412 414 417 430 436 457 459 468 480 490 492 493 504 509 512 514 520 525 532 536 538 543 556 569 576 580 584 586 587 591 594 598 606 611 615 625 630 650 653 665 672 678 681 682 690 693 702 713 723 726 727 733 772 775 785 793 794 799 809 819 821 825 827 832 837 838 839 846 849 864 865 869 870 874 876 888 894 904 911 919 922 937 939 940 950 958 959 965 968 973 982 984
 91 : 2 23 27 28 45 56 65 92 98 99 123 132 141 145 167 199 225 231 246 266 279 299 309 315 322 330 331 343 348 349 366 369 373 377 406 428 429 434 454 471 486 489 494 503 510 521 531 539 542 567 635 661 670 674 703 709 719 730 742 750 753 759 764 781 783 789 803 823 826 831 852 868 880 895 927 957 988
