# Time: 5.130000
# Elapsed: 2.602113
# Input_file: splp/PCodes/2434PCodesS.txt
# Pool_size: 200
# Iterations: 49
# Final_solutions: 9528
# Vision_range: 0
# Reduction_mode: REDUCTION_RANDOM
SOLUTION:
  Value: -114136.000000
  Assigns: 32 5 34 11 68 13 70 71 8 11 11 27 44 5 46 11 16 16 16 27 16 23 86 23 16 27 27 11 60 93 62 23 32 32 32 43 44 5 46 37 104 43 46 43 60 44 44 43 32 57 54 51 60 61 118 23 60 57 62 43 60 60 46 62 65 73 74 99 68 71 70 69 73 73 74 11 68 73 110 71 16 65 86 87 86 93 87 23 89 93 74 123 93 89 86 87 32 99 99 99 116 97 110 99 104 73 74 123 44 125 46 110 116 97 118 123 118 125 54 118 104 125 123 123 125 125 110 123 
  Facilities: 38
 5 : 1 13 37
 8 : 8
 11 : 3 9 10 15 27 75
 13 : 5
 16 : 16 17 18 20 24 80
 23 : 21 23 31 55 87
 27 : 11 19 25 26
 32 : 0 32 33 34 48 96
 34 : 2
 37 : 39
 43 : 35 41 43 47 59
 44 : 12 36 45 46 108
 46 : 14 38 42 62 110
 51 : 51
 54 : 50 118
 57 : 49 57
 60 : 28 44 52 56 60 61
 61 : 53
 62 : 30 58 63
 65 : 64 81
 68 : 4 68 76
 69 : 71
 70 : 6 70
 71 : 7 69 79
 73 : 65 72 73 77 105
 74 : 66 74 90 106
 86 : 22 82 84 94
 87 : 83 86 95
 89 : 88 93
 93 : 29 85 89 92
 97 : 101 113
 99 : 67 97 98 99 103
 104 : 40 104 120
 110 : 78 102 111 126
 116 : 100 112
 118 : 54 114 116 119
 123 : 91 107 115 122 123 127
 125 : 109 117 121 124 125
SOLUTION:
  Value: -120132.000000
  Assigns: 2 5 2 2 20 69 70 39 40 73 2 75 28 5 78 79 20 21 2 27 52 21 20 21 28 27 27 91 92 93 28 23 33 33 2 33 52 33 39 39 40 57 106 107 40 61 62 39 112 57 54 50 52 21 62 39 57 57 50 59 61 61 54 59 66 73 70 75 84 101 66 69 73 105 66 75 92 73 110 95 112 85 66 91 85 93 84 85 120 93 91 27 93 95 78 91 112 105 106 107 101 101 110 99 120 73 107 106 110 105 78 107 112 112 50 99 112 101 54 55 120 120 106 122 92 61 62 95 
  Facilities: 40
 2 : 0 2 3 10 18 34
 5 : 1 13
 20 : 4 16 22
 21 : 17 21 23 53
 23 : 31
 27 : 19 25 26 91
 28 : 12 24 30
 33 : 32 33 35 37
 39 : 7 38 39 47 55
 40 : 8 40 44
 50 : 51 58 114
 52 : 20 36 52
 54 : 50 62 118
 55 : 119
 57 : 41 49 56 57
 59 : 59 63
 61 : 45 60 61 125
 62 : 46 54 126
 66 : 64 70 74 82
 69 : 5 71
 70 : 6 66
 73 : 9 65 72 77 105
 75 : 11 67 75
 78 : 14 94 110
 79 : 15
 84 : 68 86
 85 : 81 84 87
 91 : 27 83 90 95
 92 : 28 76 124
 93 : 29 85 89 92
 95 : 79 93 127
 99 : 103 115
 101 : 69 100 101 117
 105 : 73 97 109
 106 : 42 98 107 122
 107 : 43 99 106 111
 110 : 78 102 108
 112 : 48 80 96 112 113 116
 120 : 88 104 120 121
 122 : 123
SOLUTION:
  Value: -126112.000000
  Assigns: 1 1 10 35 68 1 14 23 10 73 26 10 76 45 78 31 80 16 16 27 16 29 86 31 16 27 26 91 60 31 31 29 33 1 35 33 100 33 102 35 56 45 106 107 60 45 14 111 56 33 54 35 60 55 55 23 60 121 26 27 60 45 60 55 68 73 82 99 100 68 68 69 76 73 78 73 108 73 76 111 81 81 82 82 86 93 82 86 80 93 91 27 93 125 78 91 100 97 106 107 102 97 102 99 108 97 107 111 109 109 78 107 80 81 82 99 100 116 54 55 56 125 90 121 108 125 126 126 
  Facilities: 42
 1 : 0 1 5 33
 10 : 2 8 11
 14 : 6 46
 16 : 17 18 20 24
 23 : 7 55
 26 : 10 26 58
 27 : 19 25 59 91
 29 : 21 31
 31 : 15 23 29 30
 33 : 32 35 37 49
 35 : 3 34 39 51
 45 : 13 41 45 61
 54 : 50 118
 55 : 53 54 63 119
 56 : 40 48 120
 60 : 28 44 52 56 60 62
 61 :
 68 : 4 64 69 70
 69 : 71
 73 : 9 65 73 75 77
 76 : 12 72 78
 78 : 14 74 94 110
 80 : 16 88 112
 81 : 80 81 113
 82 : 66 82 83 86 114
 86 : 22 84 87
 90 : 122
 91 : 27 90 95
 93 : 85 89 92
 97 : 97 101 105
 99 : 67 103 115
 100 : 36 68 96 116
 102 : 38 100 102
 106 : 42 98
 107 : 43 99 106 111
 108 : 76 104 124
 109 : 108 109
 111 : 47 79 107
 116 : 117
 121 : 57 123
 125 : 93 121 125
 126 : 126 127
SOLUTION:
  Value: -126132.000000
  Assigns: 32 5 10 2 68 5 2 39 40 11 11 10 28 5 15 15 80 16 2 17 16 85 86 55 16 9 10 59 92 93 62 15 40 49 2 39 32 39 39 39 40 9 40 47 60 47 62 47 49 17 50 50 60 55 118 39 60 59 50 59 60 60 60 55 65 65 74 65 84 68 66 79 74 105 66 11 92 79 110 15 81 65 66 81 80 93 118 86 120 93 122 75 124 92 86 93 32 97 114 97 100 97 110 39 120 97 74 105 100 105 110 110 80 81 122 114 118 85 126 118 120 120 114 122 120 93 124 126 
  Facilities: 42
 2 : 3 6 18 34
 5 : 1 5 13
 9 : 25 41
 10 : 2 11 26
 11 : 9 10 75
 15 : 14 15 31 79
 16 : 17 20 24
 17 : 19 49
 28 : 12
 32 : 0 36 96
 39 : 7 35 37 38 39 55 103
 40 : 8 32 40 42
 47 : 43 45 47
 49 : 33 48
 50 : 50 51 58
 55 : 23 53 63
 59 : 27 57 59
 60 : 44 52 56 60 61 62
 62 : 30 46
 65 : 64 65 67 81
 66 : 70 74 82
 68 : 4 69
 74 : 66 72 106
 75 : 91
 79 : 71 77
 80 : 16 84 112
 81 : 80 83 113
 84 : 68
 85 : 21 117
 86 : 22 87 94
 92 : 28 76 93
 93 : 29 85 89 95 125
 97 : 97 99 101 105
 100 : 100 108
 105 : 73 107 109
 110 : 78 102 110 111
 114 : 98 115 122
 118 : 54 86 116 119
 120 : 88 104 120 121 124
 122 : 90 114 123
 124 : 92 126
 126 : 118 127
SOLUTION:
  Value: -126132.000000
  Assigns: 8 3 10 3 68 1 14 3 10 25 26 10 76 5 15 31 16 25 16 83 16 5 86 31 16 25 26 91 60 31 31 31 48 1 32 3 100 45 102 47 8 45 106 47 60 45 14 111 48 51 54 55 60 55 55 54 60 25 122 51 60 45 60 55 68 69 66 3 100 68 66 69 76 77 78 91 108 93 76 111 81 83 90 83 86 93 86 86 90 93 91 91 93 77 78 91 100 97 106 97 102 97 102 102 108 97 106 111 109 109 78 111 48 81 122 83 100 116 54 55 122 125 90 122 108 125 122 111 
  Facilities: 42
 1 : 5 33
 3 : 1 3 7 35 67
 5 : 13 21
 8 : 0 40
 10 : 2 8 11
 14 : 6 46
 15 : 14
 16 : 16 18 20 24
 25 : 9 17 25 57
 26 : 10 26
 31 : 15 23 29 30 31
 32 : 34
 45 : 37 41 45 61
 47 : 39 43
 48 : 32 48 112
 51 : 49 59
 54 : 50 55 118
 55 : 51 53 54 63 119
 60 : 28 44 52 56 60 62
 61 :
 66 : 66 70
 68 : 4 64 69
 69 : 65 71
 76 : 12 72 78
 77 : 73 93
 78 : 74 94 110
 81 : 80 113
 83 : 19 81 83 115
 86 : 22 84 86 87
 90 : 82 88 122
 91 : 27 75 90 91 95
 93 : 77 85 89 92
 97 : 97 99 101 105
 100 : 36 68 96 116
 102 : 38 100 102 103
 106 : 42 98 106
 108 : 76 104 124
 109 : 108 109
 111 : 47 79 107 111 127
 116 : 117
 122 : 58 114 120 123 126
 125 : 121 125
SOLUTION:
  Value: -126134.000000
  Assigns: 2 65 34 35 4 37 6 6 10 73 10 10 76 45 6 31 20 21 2 27 4 53 20 31 56 27 27 31 92 31 28 27 33 97 38 33 44 53 34 37 56 105 34 35 44 45 44 111 56 33 34 59 20 53 118 53 56 59 56 59 56 45 126 31 65 73 2 65 84 101 66 69 76 105 66 73 92 73 94 111 84 65 86 87 86 84 87 86 92 73 94 27 84 95 95 87 97 105 34 35 101 97 38 119 105 97 42 111 76 105 111 111 114 97 118 119 118 101 126 118 56 105 114 59 92 61 126 126 
  Facilities: 42
 2 : 0 18 66
 4 : 4 20
 6 : 6 7 14
 10 : 8 10 11
 20 : 16 22 52
 21 : 17
 27 : 19 25 26 31 91
 28 : 30
 31 : 15 23 27 29 63
 33 : 32 35 49
 34 : 2 38 42 50 98
 35 : 3 43 99
 37 : 5 39
 38 : 34 102
 42 : 106
 44 : 36 44 46
 45 : 13 45 61
 53 : 21 37 53 55
 56 : 24 40 48 56 58 60 120
 59 : 51 57 59 123
 61 : 125
 65 : 1 64 67 81
 66 : 70 74
 69 : 71
 73 : 9 65 75 77 89
 76 : 12 72 108
 84 : 68 80 85 92
 85 :
 86 : 82 84 87
 87 : 83 86 95
 92 : 28 76 88 124
 94 : 78 90
 95 : 93 94
 97 : 33 96 101 105 113
 101 : 69 100 117
 105 : 41 73 97 104 109 121
 109 :
 111 : 47 79 107 110 111
 114 : 112 122
 118 : 54 114 116 119
 119 : 103 115
 126 : 62 118 126 127
SOLUTION:
  Value: -126140.000000
  Assigns: 1 1 10 11 36 1 6 6 10 11 11 10 76 9 46 11 16 16 16 17 16 17 86 55 16 9 10 11 28 28 28 63 36 1 2 51 36 36 46 103 42 9 46 11 36 45 110 111 112 17 114 115 52 55 118 63 120 121 122 51 52 45 46 55 66 69 74 83 76 69 66 69 76 105 74 11 78 69 110 111 16 83 83 87 86 87 87 86 89 89 122 123 28 89 78 87 112 105 102 103 102 103 102 119 120 121 74 111 76 105 78 110 114 115 115 123 118 119 126 118 120 123 123 122 120 121 126 126 
  Facilities: 42
 1 : 0 1 5 33
 2 : 34
 6 : 6 7
 9 : 13 25 41
 10 : 2 8 11 26
 11 : 3 9 10 15 27 43 75
 16 : 16 17 18 20 24 80
 17 : 19 21 49
 28 : 28 29 30 92
 36 : 4 32 36 37 44
 42 : 40
 45 : 45 61
 46 : 14 38 42 62
 51 : 35 59
 52 : 52 60
 55 : 23 53 63
 63 : 31 55
 66 : 64 70
 69 : 65 69 71 77
 74 : 66 74 106
 76 : 12 68 72 108
 78 : 76 94 110
 83 : 67 81 82
 86 : 22 84 87
 87 : 83 85 86 95
 89 : 88 89 93
 94 :
 102 : 98 100 102
 103 : 39 99 101
 105 : 73 97 109
 110 : 46 78 111
 111 : 47 79 107
 112 : 48 96
 114 : 50 112
 115 : 51 113 114
 118 : 54 116 119
 119 : 103 117
 120 : 56 104 120 124
 121 : 57 105 125
 122 : 58 90 123
 123 : 91 115 121 122
 126 : 118 126 127
SOLUTION:
  Value: -126141.000000
  Assigns: 8 5 2 19 68 13 2 71 40 11 11 11 13 5 46 31 17 25 2 17 28 53 30 31 25 25 58 25 30 31 28 29 96 49 2 33 36 53 46 55 40 105 106 107 36 109 110 46 49 17 114 49 36 49 55 53 58 25 58 58 28 29 30 55 64 69 2 71 84 101 68 69 8 105 78 11 68 13 110 95 64 89 114 19 85 93 84 85 89 93 122 89 93 95 78 31 64 105 106 107 36 101 110 101 96 105 107 106 109 105 78 107 96 49 122 114 84 101 114 55 122 125 58 122 125 125 110 95 
  Facilities: 42
 2 : 2 6 18 34 66
 5 : 1 13
 8 : 0 72
 11 : 9 10 11 75
 13 : 5 12 77
 17 : 16 19 49
 19 : 3 83
 23 :
 25 : 17 24 25 27 57
 26 :
 28 : 20 30 60
 29 : 31 61
 30 : 22 28 62
 31 : 15 23 29 95
 33 : 35
 36 : 36 44 52 100
 40 : 8 40
 46 : 14 38 47
 49 : 33 48 51 53 113
 53 : 21 37 55
 55 : 39 54 63 119
 58 : 26 56 58 59 122
 64 : 64 80 96
 68 : 4 70 76
 69 : 65 71
 71 : 7 67
 78 : 74 94 110
 84 : 68 86 116
 85 : 84 87
 89 : 81 88 91
 93 : 85 89 92
 95 : 79 93 127
 96 : 32 104 112
 101 : 69 101 103 117
 105 : 41 73 97 105 109
 106 : 42 98 107
 107 : 43 99 106 111
 109 : 45 108
 110 : 46 78 102 126
 114 : 50 82 115 118
 122 : 90 114 120 123
 125 : 121 124 125
SOLUTION:
  Value: -126145.000000
  Assigns: 1 3 10 3 4 13 7 7 10 1 10 10 13 13 30 7 16 21 16 83 16 21 30 31 16 57 10 31 30 31 62 23 48 49 98 3 37 101 54 37 40 57 40 107 40 41 62 63 48 57 54 115 48 49 62 23 48 121 62 63 124 63 30 63 72 69 74 75 4 77 86 69 74 105 10 74 72 13 74 95 16 83 82 82 86 21 82 95 72 121 82 83 124 95 95 31 98 105 98 107 101 109 103 101 72 121 98 105 109 109 126 107 48 121 115 83 124 101 54 115 124 125 126 121 125 125 62 63 
  Facilities: 42
 1 : 0 9
 3 : 1 3 35
 4 : 4 68
 7 : 6 7 15
 10 : 2 8 10 11 26 74
 13 : 5 12 13 77
 16 : 16 18 20 24 80
 21 : 17 21 85
 22 :
 23 : 31 55
 30 : 14 22 28 62
 31 : 23 27 29 95
 37 : 36 39
 40 : 40 42 44
 41 : 45
 48 : 32 48 52 56 112
 49 : 33 53
 54 : 38 50 118
 57 : 25 41 49
 62 : 30 46 54 58 126
 63 : 47 59 61 63 127
 67 :
 69 : 65 71
 72 : 64 76 88 104
 74 : 66 72 75 78
 75 : 67
 77 : 69
 82 : 82 83 86 90
 83 : 19 81 91 115
 86 : 70 84
 95 : 79 87 93 94
 98 : 34 96 98 106
 101 : 37 100 103 117
 103 : 102
 105 : 73 97 107
 107 : 43 99 111
 109 : 101 108 109
 115 : 51 114 119
 121 : 57 89 105 113 123
 124 : 60 92 116 120
 125 : 121 124 125
 126 : 110 122
SOLUTION:
  Value: -129122.000000
  Assigns: 1 3 10 3 68 1 38 3 10 1 26 10 76 45 78 31 18 17 18 17 28 17 18 31 88 57 58 26 60 31 28 95 36 1 38 3 100 36 38 38 41 45 10 41 36 45 14 111 49 57 54 55 60 55 118 54 60 57 58 51 60 45 60 55 65 1 82 3 100 68 68 79 76 65 78 79 108 79 76 111 81 65 82 82 116 93 82 95 88 93 82 123 93 95 78 93 100 97 102 97 102 97 102 102 108 97 110 111 109 109 78 110 116 81 118 123 100 116 54 118 88 125 58 123 108 125 110 123 
  Facilities: 43
 0 :
 1 : 0 5 9 33 65
 3 : 1 3 7 35 67
 10 : 2 8 11 42
 14 : 46
 17 : 17 19 21
 18 : 16 18 22
 26 : 10 27
 28 : 20 30
 31 : 15 23 29
 36 : 32 37 44
 38 : 6 34 38 39
 41 : 40 43
 45 : 13 41 45 61
 49 : 48
 51 : 59
 54 : 50 55 118
 55 : 51 53 63
 57 : 25 49 57
 58 : 26 58 122
 60 : 28 52 56 60 62
 61 :
 65 : 64 73 81
 68 : 4 69 70
 76 : 12 72 78
 78 : 14 74 94 110
 79 : 71 75 77
 81 : 80 113
 82 : 66 82 83 86 90
 88 : 24 88 120
 93 : 85 89 92 95
 95 : 31 87 93
 97 : 97 99 101 105
 100 : 36 68 96 116
 102 : 98 100 102 103
 108 : 76 104 124
 109 : 108 109
 110 : 106 111 126
 111 : 47 79 107
 116 : 84 112 117
 118 : 54 114 119
 123 : 91 115 123 127
 125 : 121 125
