# Time: 5.600000
# Elapsed: 2.908205
# Input_file: splp/PCodes/2834PCodesS.txt
# Pool_size: 200
# Iterations: 49
# Final_solutions: 9528
# Vision_range: 0
# Reduction_mode: REDUCTION_RANDOM
SOLUTION:
  Value: -114125.000000
  Assigns: 32 65 34 11 68 13 70 71 8 11 11 11 44 13 46 11 16 16 16 23 16 5 86 23 16 89 27 27 60 13 62 23 34 32 32 43 37 5 46 37 104 57 43 11 46 13 46 43 32 57 34 51 54 37 118 23 57 61 62 123 62 125 46 61 68 73 70 65 69 71 71 70 104 73 74 74 68 73 70 71 16 89 86 87 68 87 70 71 89 93 74 89 93 125 86 87 32 65 99 97 116 69 110 71 104 104 104 99 44 125 110 110 116 97 118 99 118 125 86 87 104 123 123 123 116 93 110 123 
  Facilities: 38
 5 : 21 37
 8 : 8
 11 : 3 9 10 11 15 43
 13 : 5 13 29 45
 16 : 16 17 18 20 24 80
 23 : 19 23 31 55
 27 : 26 27
 32 : 0 33 34 48 96
 34 : 2 32 50
 37 : 36 39 53
 43 : 35 42 47
 44 : 12 108
 46 : 14 38 44 46 62
 51 : 51
 54 : 52
 57 : 41 49 56
 60 : 28
 61 : 57 63
 62 : 30 58 60
 65 : 1 67 97
 68 : 4 64 76 84
 69 : 68 101
 70 : 6 66 71 78 86
 71 : 7 69 70 79 87 103
 73 : 65 73 77
 74 : 74 75 90
 86 : 22 82 94 118
 87 : 83 85 95 119
 89 : 25 81 88 91
 93 : 89 92 125
 97 : 99 113
 99 : 98 107 115
 104 : 40 72 104 105 106 120
 110 : 102 110 111 126
 116 : 100 112 124
 118 : 54 114 116
 123 : 59 121 122 123 127
 125 : 61 93 109 117
SOLUTION:
  Value: -120148.000000
  Assigns: 2 33 2 2 20 21 2 5 40 73 2 75 28 5 78 79 20 21 50 23 21 5 23 23 28 27 27 91 20 93 62 23 40 33 2 39 52 39 39 55 40 40 40 107 40 61 110 39 50 57 50 50 20 21 54 23 57 61 50 27 28 61 54 59 66 73 70 99 69 85 70 70 73 73 75 79 78 93 70 75 112 85 66 91 84 84 84 95 92 93 122 27 92 92 78 79 112 101 106 99 101 69 110 101 106 105 107 107 110 105 110 110 112 112 112 99 84 85 54 55 112 57 122 122 92 93 110 95 
  Facilities: 40
 2 : 0 2 3 6 10 34
 5 : 7 13 21
 20 : 4 16 28 52
 21 : 5 17 20 53
 23 : 19 22 23 31 55
 27 : 25 26 59 91
 28 : 12 24 60
 33 : 1 33
 39 : 35 37 38 47
 40 : 8 32 40 41 42 44
 50 : 18 48 50 51 58
 52 : 36
 54 : 54 62 118
 55 : 39 119
 57 : 49 56 121
 59 : 63
 61 : 45 57 61
 62 : 30
 66 : 64 82
 69 : 68 101
 70 : 66 70 71 78
 73 : 9 65 72 73
 75 : 11 74 79
 78 : 14 76 94
 79 : 15 75 95
 84 : 84 85 86 116
 85 : 69 81 117
 91 : 27 83
 92 : 88 92 93 124
 93 : 29 77 89 125
 95 : 87 127
 99 : 67 99 115
 101 : 97 100 103
 105 : 105 109
 106 : 98 104
 107 : 43 106 107
 110 : 46 102 108 110 111 126
 112 : 80 96 112 113 114 120
 120 :
 122 : 90 122 123
SOLUTION:
  Value: -126124.000000
  Assigns: 2 33 2 19 68 13 2 5 8 11 11 11 8 13 78 11 17 25 2 23 28 29 23 23 26 29 58 31 30 13 31 30 40 49 2 33 36 5 46 55 40 40 58 107 46 109 46 46 49 17 58 19 53 53 55 23 40 49 58 58 28 125 46 55 96 64 2 71 69 85 68 71 64 89 106 11 68 93 110 71 84 89 114 19 68 84 84 71 89 93 26 89 93 29 30 31 96 101 106 107 36 69 110 101 106 105 107 107 109 105 110 110 114 49 122 114 84 125 114 55 122 105 122 122 125 93 110 95 
  Facilities: 42
 2 : 0 2 6 18 34 66
 5 : 7 37
 8 : 8 12
 11 : 9 10 11 15 75
 13 : 5 13 29
 17 : 16 49
 19 : 3 51 83
 23 : 19 22 23 55
 25 : 17
 26 : 24 90
 28 : 20 60
 29 : 21 25 93
 30 : 28 31 94
 31 : 27 30 95
 33 : 1 35
 36 : 36 100
 40 : 32 40 41 56
 46 : 38 44 46 47 62
 49 : 33 48 57 113
 53 : 52 53
 55 : 39 54 63 119
 58 : 26 42 50 58 59
 64 : 65 72
 68 : 4 70 76 84
 69 : 68 101
 71 : 67 71 79 87
 78 : 14
 84 : 80 85 86 116
 85 : 69
 89 : 73 81 88 91
 93 : 77 89 92 125
 95 : 127
 96 : 64 96
 101 : 97 103
 105 : 105 109 121
 106 : 74 98 104
 107 : 43 99 106 107
 109 : 45 108
 110 : 78 102 110 111 126
 114 : 82 112 115 118
 122 : 114 120 122 123
 125 : 61 117 124
SOLUTION:
  Value: -126135.000000
  Assigns: 32 65 2 2 68 5 2 5 10 11 11 11 28 5 15 11 17 81 2 17 16 17 86 55 16 17 10 59 92 93 62 15 40 49 32 39 32 39 39 47 32 40 40 47 40 47 47 47 32 17 50 50 60 55 118 55 60 59 50 59 60 60 60 59 80 65 2 65 68 85 68 79 74 9 75 74 68 93 110 75 84 80 80 81 68 84 84 86 120 93 122 75 93 92 126 79 100 65 114 97 100 97 100 39 40 105 74 105 124 105 110 110 114 81 118 114 100 85 114 55 124 105 120 122 92 93 110 126 
  Facilities: 42
 2 : 2 3 6 18 66
 5 : 5 7 13
 9 : 73
 10 : 8 26
 11 : 9 10 11 15
 15 : 14 31
 16 : 20 24
 17 : 16 19 21 25 49
 28 : 12
 32 : 0 34 36 40 48
 39 : 35 37 38 103
 40 : 32 41 42 44 104
 47 : 39 43 45 46 47
 49 : 33
 50 : 50 51 58
 55 : 23 53 55 119
 59 : 27 57 59 63
 60 : 52 56 60 61 62
 62 : 30
 65 : 1 65 67 97
 66 :
 68 : 4 68 70 76 84
 74 : 72 75 106
 75 : 74 79 91
 79 : 71 95
 80 : 64 81 82
 81 : 17 83 113
 84 : 80 85 86
 85 : 69 117
 86 : 22 87
 92 : 28 93 124
 93 : 29 77 89 92 125
 97 : 99 101
 100 : 96 100 102 116
 105 : 105 107 109 121
 110 : 78 110 111 126
 114 : 98 112 115 118
 118 : 54 114
 120 : 88 122
 122 : 90 123
 124 : 108 120
 126 : 94 127
SOLUTION:
  Value: -126146.000000
  Assigns: 16 9 2 11 6 69 2 6 10 11 11 11 28 9 78 11 17 1 16 17 16 17 6 55 16 89 10 11 28 28 28 63 36 1 2 51 36 36 6 103 42 9 10 11 46 45 46 45 112 17 51 115 36 52 118 55 120 121 42 123 28 45 46 55 66 1 74 83 69 69 102 87 76 9 74 74 78 76 74 111 112 83 86 115 86 87 86 83 120 89 122 89 76 89 126 87 112 105 102 103 36 69 110 103 120 105 74 123 76 105 110 103 114 112 118 123 52 119 114 103 112 123 122 122 126 121 110 123 
  Facilities: 42
 1 : 17 33 65
 2 : 2 6 34
 6 : 4 7 22 38
 9 : 1 13 41 73
 10 : 8 26 42
 11 : 3 9 10 11 15 27 43
 16 : 0 18 20 24
 17 : 16 19 21 49
 28 : 12 28 29 30 60
 36 : 32 36 37 52 100
 42 : 40 58
 45 : 45 47 61
 46 : 44 46 62
 51 : 35 50
 52 : 53 116
 55 : 23 55 63
 63 : 31
 66 : 64
 69 : 5 68 69 101
 74 : 66 74 75 78 106
 76 : 72 77 92 108
 78 : 14 76
 83 : 67 81 87
 86 : 82 84 86
 87 : 71 85 95
 89 : 25 89 91 93
 94 :
 102 : 70 98
 103 : 39 99 103 111 119
 105 : 97 105 109
 110 : 102 110 126
 111 : 79
 112 : 48 80 96 113 120
 114 : 112 118
 115 : 51 83
 118 : 54 114
 119 : 117
 120 : 56 88 104
 121 : 57 125
 122 : 90 122 123
 123 : 59 107 115 121 127
 126 : 94 124
SOLUTION:
  Value: -126149.000000
  Assigns: 32 3 10 3 68 5 14 5 10 8 8 15 8 5 78 14 16 25 26 3 16 5 86 55 26 25 26 91 60 93 26 31 32 97 32 3 100 5 102 47 32 45 10 47 108 109 47 45 32 48 51 51 116 55 54 55 60 61 122 51 60 125 60 55 66 1 66 66 69 77 68 69 76 77 106 91 68 93 78 15 16 83 86 91 116 69 86 83 90 93 90 83 76 125 90 93 100 97 106 97 116 69 100 102 108 109 106 106 108 125 78 109 116 81 122 83 100 125 86 55 122 125 90 122 116 109 122 111 
  Facilities: 42
 1 : 65
 3 : 1 3 19 35
 5 : 5 7 13 21 37
 8 : 9 10 12
 10 : 2 8 42
 14 : 6 15
 15 : 11 79
 16 : 16 20 80
 25 : 17 25
 26 : 18 24 26 30
 31 : 31
 32 : 0 32 34 40 48
 45 : 41 47
 47 : 39 43 46
 48 : 49
 51 : 50 51 59
 54 : 54
 55 : 23 53 55 63 119
 60 : 28 56 60 62
 61 : 57
 66 : 64 66 67
 68 : 4 70 76
 69 : 68 71 85 101
 76 : 72 92
 77 : 69 73
 78 : 14 78 110
 81 : 113
 83 : 81 87 91 115
 86 : 22 82 86 118
 90 : 88 90 94 122
 91 : 27 75 83
 93 : 29 77 89 95
 97 : 33 97 99
 100 : 36 96 102 116
 102 : 38 103
 106 : 74 98 106 107
 108 : 44 104 108
 109 : 45 105 111 125
 111 : 127
 116 : 52 84 100 112 124
 122 : 58 114 120 123 126
 125 : 61 93 109 117 121
SOLUTION:
  Value: -126151.000000
  Assigns: 16 3 10 7 4 13 7 7 10 41 74 75 13 13 10 7 48 49 16 23 4 21 86 23 16 57 30 31 30 13 62 63 40 49 98 3 37 101 54 103 40 40 40 107 40 109 62 63 48 57 48 115 54 37 54 23 57 41 62 63 62 125 63 62 72 1 67 67 69 77 86 7 74 77 75 74 72 77 74 75 82 83 86 115 86 21 22 83 72 121 74 83 124 125 126 31 98 101 98 67 101 69 103 103 72 105 107 107 124 125 126 103 48 49 115 115 124 125 86 103 124 121 126 107 126 109 62 63 
  Facilities: 42
 1 : 65
 3 : 1 35
 4 : 4 20
 7 : 3 6 7 15 71
 10 : 2 8 14
 13 : 5 12 13 29
 16 : 0 18 24
 21 : 21 85
 22 : 86
 23 : 19 23 55
 30 : 26 28
 31 : 27 95
 37 : 36 53
 40 : 32 40 41 42 44
 41 : 9 57
 48 : 16 48 50 112
 49 : 17 33 113
 54 : 38 52 54
 57 : 25 49 56
 62 : 30 46 58 60 63 126
 63 : 31 47 59 62 127
 67 : 66 67 99
 69 : 68 101
 72 : 64 76 88 104
 74 : 10 72 75 78 90
 75 : 11 74 79
 77 : 69 73 77
 82 : 80
 83 : 81 87 91
 86 : 22 70 82 84 118
 95 :
 98 : 34 96 98
 101 : 37 97 100
 103 : 39 102 103 111 119
 105 : 105
 107 : 43 106 107 123
 109 : 45 125
 115 : 51 83 114 115
 121 : 89 121
 124 : 92 108 116 120
 125 : 61 93 109 117
 126 : 94 110 122 124
SOLUTION:
  Value: -126154.000000
  Assigns: 16 33 10 35 68 69 14 23 10 1 26 10 14 29 78 14 16 1 26 23 16 29 86 23 26 29 26 91 29 93 26 23 33 97 35 99 100 45 102 55 56 45 10 107 108 109 14 45 56 33 54 35 116 55 54 23 60 56 56 27 60 125 60 55 80 73 82 99 69 68 68 69 76 73 106 73 68 93 78 111 82 80 86 91 116 69 86 86 90 93 90 27 76 125 90 93 100 33 106 97 116 69 100 102 108 109 107 107 108 125 78 109 116 81 82 99 100 125 86 55 56 121 90 107 126 109 126 126 
  Facilities: 42
 1 : 9 17
 10 : 2 8 11 42
 14 : 6 12 15 46
 16 : 0 16 20
 23 : 7 19 23 31 55
 26 : 10 18 24 26 30
 27 : 59 91
 29 : 13 21 25 28
 31 :
 33 : 1 32 49 97
 35 : 3 34 51
 45 : 37 41 47
 54 : 50 54
 55 : 39 53 63 119
 56 : 40 48 57 58 120
 60 : 56 60 62
 61 :
 68 : 4 69 70 76
 69 : 5 68 71 85 101
 73 : 65 73 75
 76 : 72 92
 78 : 14 78 110
 80 : 64 81
 81 : 113
 82 : 66 80 114
 86 : 22 82 86 87 118
 90 : 88 90 94 122
 91 : 27 83
 93 : 29 77 89 95
 97 : 33 99
 99 : 35 67 115
 100 : 36 96 102 116
 102 : 38 103
 106 : 74 98
 107 : 43 106 107 123
 108 : 44 104 108
 109 : 45 105 111 125
 111 : 79
 116 : 52 84 100 112
 121 : 121
 125 : 61 93 109 117
 126 : 124 126 127
SOLUTION:
  Value: -126166.000000
  Assigns: 2 65 34 35 6 21 2 6 10 73 2 27 44 45 6 31 20 21 2 27 4 21 86 31 56 27 27 27 20 31 31 31 34 37 38 35 37 101 38 38 42 45 34 35 44 109 38 45 56 53 34 35 53 37 118 119 56 56 56 27 28 61 126 59 66 73 2 65 69 85 66 69 76 73 66 73 76 73 94 111 84 85 86 87 84 87 84 95 92 73 94 27 94 95 126 87 97 101 114 97 101 69 38 101 105 105 42 111 76 105 111 109 114 97 118 119 118 53 114 87 56 105 114 59 126 109 118 126 
  Facilities: 42
 2 : 0 6 10 18 66
 4 : 20
 6 : 4 7 14
 10 : 8
 20 : 16 28
 21 : 5 17 21
 27 : 11 19 25 26 27 59 91
 28 : 60
 31 : 15 23 29 30 31
 33 :
 34 : 2 32 42 50
 35 : 3 35 43 51
 37 : 33 36 53
 38 : 34 38 39 46 102
 42 : 40 106
 44 : 12 44
 45 : 13 41 47
 53 : 49 52 117
 56 : 24 48 56 57 58 120
 59 : 63 123
 61 : 61
 65 : 1 67
 66 : 64 70 74
 69 : 68 71 101
 73 : 9 65 73 75 77 89
 76 : 72 76 108
 84 : 80 84 86
 85 : 69 81
 86 : 22 82
 87 : 83 85 95 119
 92 : 88
 94 : 78 90 92
 95 : 87 93
 97 : 96 99 113
 101 : 37 97 100 103
 105 : 104 105 109 121
 109 : 45 111 125
 111 : 79 107 110
 114 : 98 112 118 122
 118 : 54 114 116 126
 119 : 55 115
 126 : 62 94 124 127
SOLUTION:
  Value: -129116.000000
  Assigns: 32 65 2 2 68 21 2 39 9 11 11 11 28 15 15 11 17 81 2 17 16 17 86 55 16 24 24 59 92 93 62 15 40 49 32 39 32 39 46 47 32 40 40 47 46 47 47 47 32 17 50 50 60 21 118 55 24 59 50 123 60 60 60 59 80 65 2 65 68 85 68 79 104 9 75 79 68 93 110 75 84 80 80 81 68 84 84 86 24 93 122 123 93 92 86 79 100 65 114 97 100 97 100 39 104 105 104 123 124 105 110 110 114 81 118 123 100 85 114 55 124 123 120 122 92 93 110 123 
  Facilities: 43
 2 : 2 3 6 18 66
 9 : 8 73
 11 : 9 10 11 15
 15 : 13 14 31
 16 : 20 24
 17 : 16 19 21 49
 21 : 5 53
 24 : 25 26 56 88
 28 : 12
 32 : 0 34 36 40 48
 39 : 7 35 37 103
 40 : 32 41 42
 46 : 38 44
 47 : 39 43 45 46 47
 49 : 33
 50 : 50 51 58
 55 : 23 55 119
 59 : 27 57 63
 60 : 52 60 61 62
 62 : 30
 65 : 1 65 67 97
 66 :
 68 : 4 68 70 76 84
 75 : 74 79
 79 : 71 75 95
 80 : 64 81 82
 81 : 17 83 113
 84 : 80 85 86
 85 : 69 117
 86 : 22 87 94
 92 : 28 93 124
 93 : 29 77 89 92 125
 97 : 99 101
 100 : 96 100 102 116
 104 : 72 104 106
 105 : 105 109
 110 : 78 110 111 126
 114 : 98 112 118
 118 : 54 114
 120 : 122
 122 : 90 123
 123 : 59 91 107 115 121 127
 124 : 108 120
