# Time: 578.150024
# Elapsed: 399.050903
# Input_file: splp/KoerkelGhosh-sym/750/c/gs750c-3
# Pool_size: 200
# Iterations: 9
# Final_solutions: 425
# Vision_range: 400
# Reduction_mode: REDUCTION_DISPERSE
# Dissimilitude: DISSIM_HAUSDORFF
# Facility_dist: FDISMODE_SUMOFDELTAS
SOLUTION:
  Value: -901089.000000
  Assigns: 43 303 623 5 679 697 303 679 697 582 303 697 303 303 303 5 5 303 679 5 582 43 5 5 679 43 623 679 697 623 697 5 5 5 5 43 697 623 43 303 5 623 43 303 43 623 623 697 697 679 5 43 623 303 679 43 303 582 43 43 623 303 582 303 303 679 5 697 582 5 582 697 697 679 623 697 303 623 582 43 582 623 5 582 582 5 303 623 697 303 582 582 679 697 697 303 697 43 5 43 697 582 43 303 303 679 303 623 43 43 5 582 623 303 697 303 5 679 303 5 697 697 43 43 582 679 623 697 623 679 582 303 582 582 697 697 303 43 679 697 582 697 303 697 697 623 582 303 623 679 697 303 623 303 623 623 43 303 623 43 5 679 582 43 43 5 5 43 582 43 5 303 623 43 679 5 697 582 5 623 5 582 623 5 5 582 43 5 582 303 5 43 679 623 582 623 679 623 623 623 303 623 623 5 582 43 5 5 623 623 43 582 679 43 303 303 679 679 679 5 697 623 43 679 5 303 43 697 582 679 43 697 303 303 697 623 303 43 697 679 5 43 43 697 679 697 697 623 679 303 43 5 623 582 679 623 303 5 43 582 623 582 582 582 43 697 303 697 582 697 697 679 43 43 5 43 679 582 679 582 623 43 679 582 303 582 582 303 623 43 303 697 582 679 303 582 5 623 697 43 43 697 679 43 303 582 697 5 303 623 43 43 697 582 5 623 303 582 5 697 623 623 43 5 679 303 582 5 582 5 43 623 5 582 5 43 623 582 43 43 697 679 43 5 582 5 679 5 582 623 697 43 303 5 43 679 43 679 43 697 582 5 679 43 623 582 5 697 303 582 303 303 43 623 679 303 43 623 697 303 623 679 623 43 623 43 582 303 582 43 623 5 679 679 303 303 697 582 303 5 5 303 5 303 623 303 303 303 582 697 43 697 679 582 697 623 582 582 5 623 303 697 43 679 303 582 623 43 697 5 303 5 623 623 623 5 43 582 582 5 623 303 43 303 679 5 623 582 582 43 679 697 623 582 43 582 679 582 623 697 697 582 303 679 697 679 679 679 679 623 43 679 5 679 5 303 679 582 679 303 623 623 5 679 5 303 582 582 582 679 679 303 5 5 303 697 582 679 43 5 303 582 697 697 679 582 679 303 582 623 623 5 303 303 697 43 303 697 303 582 623 5 582 697 623 679 5 679 582 5 582 697 623 679 5 582 679 679 697 679 303 697 582 303 303 623 5 43 43 697 679 623 43 582 582 303 303 5 679 5 43 303 582 5 303 623 679 582 679 623 303 697 623 5 5 5 303 697 582 697 679 582 697 679 623 697 5 582 43 5 43 303 697 623 623 43 303 303 582 679 303 5 5 582 582 303 303 623 303 303 43 697 582 43 43 697 5 679 679 697 43 43 697 623 582 623 623 697 303 43 5 623 43 697 5 5 679 582 623 697 303 679 582 5 303 582 43 5 697 43 697 623 43 582 623 679 623 697 623 679 303 303 582 43 43 697 5 43 5 623 43 582 623 43 582 679 697 623 303 303 5 623 582 5 582 582 679 303 43 623 679 679 623 679 582 697 303 5 623 43 43 697 679 697 679 582 5 5 43 697 623 623 679 582 679 303 679 679 679 697 303 303 303 679 5 679 623 679 43 697 623 303 679 582 679 43 623 5 679 697 43 5 623 697 303 303 623 623 43 43 
  Facilities: 7
 5 : 3 15 16 19 22 23 31 32 33 34 40 50 66 69 82 85 98 110 116 119 160 165 166 170 175 178 180 183 184 187 190 203 206 207 219 224 240 251 257 274 296 307 314 318 323 327 329 332 334 343 345 347 353 361 366 391 399 400 402 418 429 431 435 439 445 472 474 482 484 492 493 499 511 521 526 529 534 546 557 559 563 573 574 575 586 589 601 602 616 630 634 635 643 647 666 668 680 683 697 706 707 724 737 741
 43 : 0 21 25 35 38 42 44 51 55 58 59 79 97 99 102 108 109 122 123 137 156 159 163 164 167 169 173 186 191 205 210 213 222 226 230 237 241 242 250 258 264 272 273 275 281 289 299 300 303 310 311 322 330 335 338 339 342 351 354 356 358 363 372 376 383 385 389 410 422 427 436 442 449 454 470 498 515 547 548 552 560 588 590 595 610 613 614 620 621 629 632 646 649 652 663 664 667 670 673 688 699 700 708 728 735 740 748 749
 303 : 1 6 10 12 13 14 17 39 43 53 56 61 63 64 76 86 89 95 103 104 106 113 115 118 131 136 142 147 151 153 157 171 189 200 214 215 225 232 233 236 249 256 266 284 287 290 294 304 308 316 325 352 368 370 371 375 379 387 394 395 398 401 403 405 406 407 420 424 430 441 443 462 475 479 485 491 494 500 507 512 513 516 518 540 543 544 555 556 561 564 570 576 591 596 597 600 605 606 608 609 628 640 644 660 661 678 679 687 696 715 720 721 722 731 744 745
 582 : 9 20 57 62 68 70 78 80 83 84 90 91 101 111 124 130 132 133 140 146 162 168 177 181 185 188 194 204 211 228 253 259 261 262 263 268 277 279 283 285 286 292 295 305 313 317 326 328 333 337 344 348 360 365 369 386 388 397 408 413 416 417 425 437 438 447 448 453 455 457 461 477 486 487 488 496 501 505 508 519 522 528 530 535 542 553 554 562 567 578 581 587 598 603 604 612 624 637 642 645 653 662 671 674 682 684 685 694 705 713 733
 623 : 2 26 29 37 41 45 46 52 60 74 77 81 87 107 112 126 128 145 148 152 154 155 158 172 179 182 193 195 197 198 199 201 202 208 209 221 235 247 252 255 260 280 288 297 309 315 320 321 331 336 349 364 373 377 380 382 384 390 404 415 419 426 432 433 434 440 446 452 458 469 480 481 509 510 520 524 532 545 551 565 569 572 584 593 594 607 623 625 626 631 638 651 654 656 658 669 672 677 681 689 692 698 710 711 726 730 736 742 746 747
 679 : 4 7 18 24 27 49 54 65 73 92 105 117 125 129 138 149 161 174 192 196 212 216 217 218 223 229 239 244 248 254 271 276 278 282 293 302 324 341 346 355 357 362 374 381 392 393 412 423 444 450 456 463 465 466 467 468 471 473 476 478 483 489 490 497 504 506 525 527 533 536 537 539 550 558 566 568 580 583 599 617 618 636 641 655 659 675 686 690 691 693 702 704 712 714 716 717 718 723 725 727 732 734 738
 697 : 5 8 11 28 30 36 47 48 67 71 72 75 88 93 94 96 100 114 120 121 127 134 135 139 141 143 144 150 176 220 227 231 234 238 243 245 246 265 267 269 270 291 298 301 306 312 319 340 350 359 367 378 396 409 411 414 421 428 451 459 460 464 495 502 503 514 517 523 531 538 541 549 571 577 579 582 585 592 611 615 619 622 627 633 639 648 650 657 665 676 695 701 703 709 719 729 739 743
SOLUTION:
  Value: -901237.000000
  Assigns: 43 303 623 679 15 15 303 15 679 582 303 15 15 303 303 582 15 303 679 483 15 43 43 15 679 43 623 483 483 483 483 483 303 623 15 43 582 623 43 303 679 623 43 303 43 623 623 15 623 679 43 15 15 303 679 43 303 582 43 43 623 303 483 15 303 679 582 15 582 15 582 43 43 679 623 483 483 623 582 43 582 483 679 582 582 15 303 623 15 303 582 582 679 582 582 303 15 43 679 43 483 582 43 303 303 15 303 623 43 43 483 582 623 303 582 303 483 679 303 483 15 15 43 43 582 679 15 303 623 679 483 303 582 582 303 623 303 43 679 483 582 483 483 582 483 15 582 303 623 679 582 303 623 303 623 483 43 483 623 43 483 679 15 483 43 582 303 43 582 43 483 15 483 43 483 623 679 582 483 623 582 582 623 43 15 15 43 483 582 303 303 43 679 623 582 623 15 623 483 623 303 623 623 15 582 43 483 679 623 623 43 582 679 43 303 483 679 679 679 582 483 483 15 483 582 303 43 483 582 15 43 483 303 15 679 623 303 43 15 679 15 43 43 582 679 679 303 623 483 303 15 679 623 582 679 623 483 15 43 582 623 582 582 582 43 15 483 43 15 483 303 483 43 43 483 43 679 582 679 582 623 43 679 483 303 582 582 303 623 43 303 483 582 679 303 15 15 623 303 43 43 303 679 43 303 483 43 15 303 623 43 43 623 582 15 483 303 582 483 582 623 623 43 15 483 303 582 679 15 43 43 623 679 582 15 43 623 582 43 43 303 679 43 15 15 15 679 483 15 623 582 43 303 15 483 679 43 483 43 679 582 679 679 43 623 582 623 679 483 582 303 303 43 623 679 303 15 15 483 303 15 679 623 43 623 43 582 303 582 43 623 679 679 679 303 303 623 582 303 303 582 303 483 303 15 303 303 303 582 483 483 679 679 582 679 623 582 483 43 483 303 303 43 679 303 582 483 43 483 582 303 483 623 483 623 303 43 582 582 582 483 15 15 15 483 15 15 582 582 43 679 303 623 582 483 582 679 582 623 303 679 582 303 679 483 679 679 679 483 623 43 679 303 679 582 303 679 582 679 303 623 483 623 483 15 15 582 582 582 679 679 303 43 303 303 483 582 679 15 43 303 582 483 15 679 582 15 15 582 623 623 582 303 303 483 15 303 582 303 582 623 582 483 43 623 679 623 679 483 303 15 483 623 679 303 582 679 15 303 679 303 623 582 483 303 623 623 15 43 483 679 623 43 582 15 303 303 15 679 303 43 15 483 15 303 623 679 483 679 623 303 582 483 15 679 483 303 15 582 483 679 582 15 679 623 582 483 582 43 582 43 303 623 15 623 43 15 303 582 679 15 483 679 582 582 303 303 623 303 303 43 679 582 43 43 483 15 679 679 483 43 43 483 623 582 15 623 15 303 43 483 623 15 15 43 679 15 582 623 483 303 679 582 483 303 582 43 303 15 43 582 623 43 582 623 483 623 679 483 679 303 15 582 43 43 15 483 43 623 623 483 582 623 43 15 679 15 623 303 15 483 623 582 15 582 582 679 303 43 623 679 679 623 679 582 43 15 582 623 43 43 303 679 582 483 582 303 15 483 15 623 483 483 582 679 303 679 483 679 623 483 303 303 679 15 679 623 679 43 303 483 15 679 582 483 43 623 623 679 623 483 679 15 15 303 303 623 623 43 43 
  Facilities: 7
 15 : 4 5 7 11 12 16 20 23 34 47 51 52 63 67 69 85 88 96 105 120 121 126 145 162 171 184 185 196 203 222 229 233 238 240 250 257 265 268 295 296 307 314 323 328 334 343 344 345 348 353 376 377 380 404 441 442 443 445 446 484 485 498 503 506 507 515 530 537 547 554 557 561 563 573 577 582 593 596 600 616 625 627 632 633 636 648 661 665 674 676 679 683 696 707 709 724 731 742 743
 43 : 0 21 22 25 35 38 42 44 50 55 58 59 71 72 79 97 99 102 108 109 122 123 137 156 159 164 167 169 173 183 186 191 205 210 213 226 230 237 241 242 258 264 267 272 273 275 281 289 299 300 303 306 310 311 322 329 330 335 338 339 342 351 356 358 363 372 383 385 389 418 422 427 436 449 470 492 499 523 548 552 560 588 590 595 610 613 614 620 621 629 634 646 649 652 663 664 667 673 688 695 699 700 728 735 748 749
 303 : 1 6 10 13 14 17 32 39 43 53 56 61 64 86 89 95 103 104 106 113 115 118 127 131 134 136 147 151 153 166 189 190 200 214 225 232 236 246 249 270 284 287 290 294 298 301 304 308 316 325 340 352 370 371 375 379 387 394 395 398 399 401 403 405 406 407 420 421 424 430 435 451 459 462 472 475 479 491 493 494 500 512 513 516 518 529 534 538 540 544 555 556 559 564 570 576 591 597 605 606 608 609 628 640 644 647 660 678 687 701 706 715 721 722 729 744 745
 483 : 19 27 28 29 30 31 62 75 76 81 100 110 116 119 130 139 141 142 144 155 157 160 163 170 172 174 178 187 198 206 215 220 221 223 227 231 248 256 266 269 271 274 283 291 305 315 318 324 347 354 357 368 378 402 409 410 417 419 426 428 431 433 440 444 454 464 468 481 483 495 502 514 522 528 531 543 549 562 567 572 575 579 586 601 615 619 622 630 639 643 655 658 666 670 680 704 708 711 712 717 720 730 734 740
 582 : 9 15 36 57 66 68 70 78 80 83 84 90 91 93 94 101 111 114 124 132 133 140 143 146 150 165 168 177 180 181 188 194 204 211 219 224 228 243 253 259 261 262 263 277 279 285 286 292 313 317 319 326 333 337 350 360 365 369 386 388 397 400 408 413 416 425 429 437 438 439 447 448 453 455 457 461 474 477 486 487 488 496 501 505 508 511 517 519 521 535 542 553 571 578 581 585 587 589 598 603 604 612 624 637 642 645 650 653 662 671 682 684 685 694 697 703 705 713 733
 623 : 2 26 33 37 41 45 46 48 60 74 77 87 107 112 128 135 148 152 154 158 175 179 182 193 195 197 199 201 202 208 209 235 247 252 255 260 280 288 297 309 312 320 321 331 336 349 364 366 373 382 384 390 396 415 432 434 452 458 469 480 482 509 510 520 524 526 532 541 545 546 551 565 569 584 592 594 607 623 626 631 638 651 654 656 668 669 672 677 681 689 692 698 710 719 726 736 737 739 746 747
 679 : 3 8 18 24 40 49 54 65 73 82 92 98 117 125 129 138 149 161 176 192 207 212 216 217 218 234 239 244 245 251 254 276 278 282 293 302 327 332 341 346 355 359 361 362 367 374 381 391 392 393 411 412 414 423 450 456 460 463 465 466 467 471 473 476 478 489 490 497 504 525 527 533 536 539 550 558 566 568 574 580 583 599 602 611 617 618 635 641 657 659 675 686 690 691 693 702 714 716 718 723 725 727 732 738 741
SOLUTION:
  Value: -901714.000000
  Assigns: 701 623 623 5 552 697 623 679 697 701 701 697 552 697 701 731 5 701 679 5 697 701 5 5 679 701 623 679 697 552 731 731 5 5 5 552 697 623 552 552 5 623 731 623 623 623 623 697 697 679 5 701 623 697 679 701 552 679 552 679 731 5 731 552 552 679 552 697 701 731 5 701 697 679 623 552 731 701 623 679 552 552 5 679 731 552 623 623 697 5 5 731 679 697 697 701 697 731 5 731 697 701 731 5 701 701 731 623 623 552 701 731 623 5 697 679 552 679 731 5 552 552 697 552 701 701 623 697 623 552 731 623 731 5 697 697 552 731 679 697 731 552 552 552 697 552 552 701 623 679 697 5 623 731 623 623 552 701 623 623 5 552 731 701 679 5 5 5 701 731 5 5 623 731 701 5 697 5 5 623 5 5 731 5 5 731 701 701 701 552 5 697 679 623 697 623 679 623 731 701 552 623 623 5 552 697 5 5 623 731 731 552 679 701 623 731 731 679 679 5 731 731 5 731 5 552 5 697 701 679 697 552 701 701 731 623 701 731 701 679 701 731 731 697 679 697 697 623 679 731 731 5 731 679 679 731 701 5 5 552 623 731 623 679 701 552 701 697 731 697 697 679 701 731 5 697 701 701 701 5 623 552 679 701 701 552 701 731 623 623 701 697 697 679 5 731 5 623 697 697 701 697 679 731 679 552 697 731 701 701 5 697 697 701 5 623 552 701 5 697 701 623 623 5 731 623 731 5 5 5 552 623 5 731 5 552 623 5 552 623 552 679 731 5 552 552 701 552 697 731 697 701 552 552 731 679 697 679 731 697 552 552 679 701 623 701 5 701 679 701 731 701 701 623 679 552 552 623 697 701 701 679 623 552 623 731 701 731 731 731 623 5 701 679 697 701 697 552 701 5 5 731 701 623 623 679 701 5 5 697 701 701 679 731 697 623 701 697 5 623 552 697 701 679 5 5 623 5 697 552 731 552 623 552 623 5 701 552 701 701 623 697 679 731 701 5 731 679 679 731 679 697 623 5 552 5 679 701 731 697 697 623 552 679 731 679 679 679 731 623 623 679 5 679 5 552 679 623 679 552 623 731 5 731 5 697 5 679 731 731 679 623 5 701 731 697 552 679 552 5 679 731 697 697 679 701 731 552 623 623 623 5 701 623 697 701 552 697 5 5 623 5 679 697 623 679 5 679 731 5 623 697 552 679 5 731 679 679 697 679 623 697 701 701 552 623 5 552 679 697 679 623 552 731 623 552 697 5 679 5 552 701 731 701 731 623 552 552 679 701 731 697 623 552 5 5 697 697 731 552 731 731 697 679 623 697 5 701 552 5 552 731 701 623 623 552 5 552 552 679 731 5 5 552 697 552 552 623 701 5 731 697 623 623 697 697 701 552 552 731 679 623 697 623 552 731 731 697 552 701 5 731 701 697 701 552 701 701 552 697 731 679 701 5 731 623 5 731 697 552 697 552 679 623 623 552 731 697 731 679 679 552 552 679 679 701 5 701 5 623 731 552 623 623 552 679 701 623 552 701 5 623 731 5 552 731 679 552 623 623 679 679 552 679 701 697 731 5 623 731 5 731 679 697 701 701 5 5 701 697 623 701 731 679 679 5 679 552 731 697 731 697 701 679 552 679 623 679 697 701 623 701 679 623 731 5 623 5 701 697 731 731 552 701 701 552 701 623 5 701 
  Facilities: 7
 5 : 3 16 19 22 23 32 33 34 40 50 61 70 82 89 90 98 103 113 119 133 151 160 165 166 167 170 171 175 177 178 180 181 183 184 190 203 206 207 219 222 224 226 251 257 258 274 279 294 296 310 314 318 323 327 328 329 332 334 337 343 366 391 399 400 407 408 418 424 425 427 435 445 453 455 472 474 482 484 486 492 499 511 518 519 521 526 529 534 546 557 559 574 575 586 589 596 601 602 609 630 643 646 666 668 680 683 697 700 706 707 715 735 737 748
 552 : 4 12 29 35 38 39 56 58 63 64 66 75 80 81 85 109 116 120 121 123 129 136 141 142 143 145 146 156 161 189 200 204 211 225 231 259 265 281 285 305 316 330 335 338 340 344 345 347 352 353 360 361 375 376 383 397 420 429 431 433 437 454 462 475 479 496 498 507 516 532 544 547 552 555 560 566 567 573 579 588 590 595 597 598 603 605 606 617 618 624 628 635 638 649 651 655 661 662 671 674 678 684 687 692 717 724 742 745
 623 : 1 2 6 26 37 41 43 44 45 46 52 74 78 86 87 107 108 112 126 128 131 148 152 154 155 158 159 172 179 193 195 197 201 202 208 214 235 247 260 262 280 288 289 297 315 321 322 325 331 336 339 364 373 377 382 384 390 403 404 415 419 426 432 434 440 452 461 469 470 477 480 491 508 509 510 513 520 524 530 540 545 551 554 565 572 584 593 594 607 612 613 621 623 645 653 654 669 672 673 677 681 688 689 698 710 726 730 733 736 747
 679 : 7 18 24 27 49 54 57 59 65 73 79 83 92 115 117 138 149 164 192 196 212 217 218 229 239 244 248 253 254 263 271 282 293 302 304 341 355 357 362 368 374 381 393 405 412 423 442 447 448 450 456 463 465 466 467 471 473 476 478 487 490 497 500 504 522 525 527 533 536 537 539 548 550 558 568 583 599 620 641 652 659 660 663 664 675 686 690 691 693 702 713 714 716 723 725 727 732
 697 : 5 8 11 13 20 28 36 47 48 53 67 72 88 93 94 96 100 114 122 127 134 135 139 144 150 176 191 194 205 227 230 243 245 246 267 269 270 275 291 292 298 299 301 306 311 312 319 348 350 356 359 378 394 396 409 414 417 421 428 441 451 459 460 485 495 502 503 514 517 523 531 538 541 549 556 571 576 577 582 585 604 611 614 615 622 627 633 639 648 650 657 695 703 709 719 721 728 739
 701 : 0 9 10 14 17 21 25 51 55 68 71 77 95 101 104 105 110 124 125 147 157 163 168 174 186 187 188 199 213 228 232 233 236 238 240 256 264 266 272 276 277 278 283 284 286 290 300 308 309 313 317 320 346 351 363 365 367 369 371 372 379 380 386 392 395 398 402 406 410 411 416 422 436 438 439 444 457 493 505 512 515 542 543 561 563 569 587 592 608 616 629 632 634 636 637 642 665 667 676 679 694 704 705 708 711 722 729 731 738 743 744 746 749
 731 : 15 30 31 42 60 62 69 76 84 91 97 99 102 106 111 118 130 132 137 140 153 162 169 173 182 185 198 209 210 215 216 220 221 223 234 237 241 242 249 250 252 255 261 268 273 287 295 303 307 324 326 333 342 349 354 358 370 385 387 388 389 401 413 430 443 446 449 458 464 468 481 483 488 489 494 501 506 528 535 553 562 564 570 578 580 581 591 600 610 619 625 626 631 640 644 647 656 658 670 682 685 696 699 701 712 718 720 734 740 741
SOLUTION:
  Value: -901786.000000
  Assigns: 499 191 571 5 191 499 571 445 571 727 191 727 63 499 499 63 499 445 571 5 571 571 5 5 445 571 571 191 63 571 499 191 445 5 5 499 499 5 571 191 5 191 63 191 499 571 191 499 727 727 445 571 63 445 63 445 191 191 571 499 571 5 445 727 571 191 499 191 191 63 571 499 191 571 571 499 727 727 727 445 191 571 499 191 727 5 499 571 63 5 727 191 5 191 191 191 5 191 63 63 499 63 191 5 5 727 571 445 191 191 5 445 499 571 63 445 5 445 499 5 191 727 499 727 445 571 727 445 191 727 571 191 191 445 499 571 191 499 727 191 499 445 727 445 191 727 445 63 5 5 63 571 445 63 571 499 63 727 191 727 5 727 5 727 499 727 5 63 5 445 5 499 499 445 571 5 499 499 5 499 445 5 445 5 571 445 499 5 5 445 191 63 5 5 499 445 499 63 63 445 727 727 727 5 571 63 63 5 499 191 571 191 727 63 5 63 727 499 5 5 63 63 445 445 63 727 5 727 5 63 571 63 191 571 445 499 63 5 445 63 727 499 571 191 499 571 571 727 571 445 445 445 727 571 727 445 571 499 63 571 63 191 191 191 571 63 445 63 445 5 63 499 499 499 5 571 445 727 499 191 63 191 5 191 727 571 571 571 191 499 571 445 727 571 63 445 5 571 727 499 191 571 445 5 5 445 727 727 445 727 63 191 499 191 5 571 571 571 5 191 445 63 499 5 727 571 727 5 191 5 727 191 5 571 499 571 191 445 445 727 5 191 5 191 63 727 191 191 571 63 63 571 727 63 571 63 499 571 571 63 63 63 571 571 727 63 5 499 727 63 63 445 445 191 445 191 5 499 499 445 499 571 191 571 191 191 63 445 191 727 63 5 445 727 571 191 63 63 499 191 5 63 499 63 445 191 499 5 571 191 727 499 727 499 499 499 445 191 5 499 445 727 499 727 5 5 191 191 727 191 191 445 445 63 63 191 5 445 727 445 191 571 191 445 727 63 727 727 63 445 727 727 63 445 445 5 63 727 63 727 727 445 191 63 571 63 5 499 499 63 191 191 5 727 5 499 63 445 5 445 727 499 5 571 445 499 5 191 727 63 571 571 5 445 191 571 499 727 445 191 191 571 191 191 571 499 445 727 499 571 571 727 191 571 445 727 63 727 445 727 445 5 727 191 63 727 5 63 445 5 63 571 191 445 445 63 191 499 445 571 63 5 191 191 63 445 5 5 191 63 445 727 63 499 63 499 445 5 727 5 499 445 445 63 445 571 445 445 571 63 63 571 727 63 5 5 445 499 445 191 499 5 571 191 727 445 5 191 63 5 571 727 499 63 445 445 445 191 445 727 727 5 5 571 727 63 727 63 499 63 191 63 63 191 5 5 5 571 571 191 571 445 445 571 63 571 499 63 445 571 5 727 727 499 727 499 191 445 445 63 445 191 727 5 571 445 727 5 499 5 63 499 5 63 499 445 727 499 445 499 63 63 727 499 5 727 727 5 191 63 727 63 727 191 5 727 63 191 499 727 5 499 499 5 727 63 5 191 571 727 727 571 63 445 499 727 5 5 727 571 445 5 5 445 191 571 5 63 727 499 727 5 191 445 727 63 571 499 191 63 445 727 445 191 571 191 445 63 191 499 63 499 63 5 191 727 63 5 571 63 445 5 63 5 445 571 445 571 727 63 
  Facilities: 7
 5 : 3 19 22 23 33 34 37 40 61 85 89 92 96 103 104 110 116 119 148 149 160 162 166 168 170 175 178 181 183 187 188 192 193 203 207 214 218 219 226 228 237 269 274 282 296 303 304 314 318 323 327 329 332 340 342 366 376 391 400 407 418 424 425 436 455 466 472 474 478 482 486 492 521 526 529 541 546 547 557 559 574 575 581 586 589 601 602 614 615 616 630 643 647 649 652 664 667 674 680 683 686 696 697 701 702 706 711 733 737 741 743
 63 : 12 15 28 42 52 54 69 88 98 99 101 114 147 150 153 156 167 191 197 198 205 206 213 215 220 221 224 229 231 236 239 258 260 265 267 270 280 294 310 321 344 349 350 353 355 359 360 361 365 369 370 386 390 396 397 401 403 433 434 445 448 452 456 458 463 465 469 476 489 516 524 527 530 535 540 544 549 552 554 563 569 570 573 588 593 605 607 609 611 612 624 627 639 650 653 660 661 669 671 676 685 692 707 715 719 727 730 732 736 739 742 749
 191 : 1 4 10 27 31 39 41 43 46 56 57 65 67 68 72 80 83 91 93 94 95 97 102 108 109 120 128 131 132 136 139 144 158 190 209 211 232 243 261 262 263 279 281 283 288 300 311 313 319 328 331 336 341 343 346 347 373 375 382 384 385 388 395 399 405 409 417 426 427 429 430 435 440 442 462 470 471 487 494 499 500 502 503 512 523 532 536 542 543 548 579 583 587 597 610 613 619 636 641 668 673 677 687 704 712 718 723 725 728 734
 445 : 7 17 24 32 50 53 55 62 79 107 111 115 117 124 127 133 141 143 146 152 169 173 180 182 185 189 195 199 222 223 234 238 249 250 251 255 266 268 276 291 295 302 305 308 320 337 338 371 372 374 379 387 392 404 416 420 431 432 437 439 443 449 453 454 461 477 479 484 493 498 506 514 518 520 528 533 534 538 545 550 556 561 562 564 566 567 576 578 585 594 595 596 598 621 622 628 637 638 640 645 655 658 693 700 703 713 720 722 726 740 744 746
 499 : 0 5 13 14 16 30 35 36 44 47 59 66 71 75 82 86 100 112 118 122 134 137 140 155 164 171 172 176 177 179 186 194 196 208 217 235 241 244 257 271 272 273 278 289 299 312 322 334 356 367 377 378 380 398 402 406 411 413 414 415 419 422 467 468 475 481 485 496 505 508 537 553 555 560 577 580 592 608 626 633 635 648 651 654 657 659 663 678 681 682 694 709 717 729 731
 571 : 2 6 8 18 20 21 25 26 29 38 45 51 58 60 64 70 73 74 81 87 106 113 125 130 135 151 154 174 184 204 210 230 233 242 245 246 248 253 256 259 264 275 285 286 287 290 293 297 301 315 316 317 325 333 335 348 351 354 357 358 362 363 381 383 394 408 441 464 483 490 491 495 501 504 509 510 513 531 539 565 568 571 582 590 603 617 618 620 623 625 629 644 688 691 699 705 716 724 738 745 747
 727 : 9 11 48 49 63 76 77 78 84 90 105 121 123 126 129 138 142 145 157 159 161 163 165 200 201 202 212 216 225 227 240 247 252 254 277 284 292 298 306 307 309 324 326 330 339 345 352 364 368 389 393 410 412 421 423 428 438 444 446 447 450 451 457 459 460 473 480 488 497 507 511 515 517 519 522 525 551 558 572 584 591 599 600 604 606 631 632 634 642 646 656 662 665 666 670 672 675 679 684 689 690 695 698 708 710 714 721 735 748
SOLUTION:
  Value: -901791.000000
  Assigns: 499 303 483 5 727 499 303 483 63 727 303 727 63 303 499 63 499 303 483 5 359 483 5 5 359 303 359 483 483 483 359 359 5 5 5 499 499 359 359 303 5 499 63 303 359 63 63 499 359 727 5 483 63 303 63 727 359 303 303 499 5 303 483 727 303 483 499 483 359 63 5 499 5 359 483 483 727 483 483 359 499 483 499 63 727 5 499 303 63 303 359 303 5 359 499 499 359 483 63 63 499 483 303 303 303 727 303 63 359 359 483 359 359 303 63 303 483 727 499 483 483 727 499 727 727 63 483 303 359 727 483 303 359 5 499 359 303 499 727 483 499 483 483 63 63 727 303 303 5 5 63 303 483 63 63 483 63 727 499 359 5 303 5 483 499 727 5 63 359 483 5 499 499 727 483 5 499 499 5 499 5 483 359 5 5 483 499 5 5 303 5 63 5 359 359 5 499 63 483 359 303 727 727 5 359 63 63 5 499 63 483 483 303 63 303 483 727 499 5 5 63 63 63 483 63 303 5 483 359 359 359 63 303 727 359 499 303 5 499 63 359 499 63 63 499 359 303 727 483 303 359 5 727 499 359 499 483 499 63 499 63 63 63 63 359 63 483 63 303 483 63 483 499 499 483 359 499 727 499 5 63 483 359 483 727 727 499 303 5 499 303 727 727 483 303 483 5 63 303 499 727 303 359 303 303 483 727 727 303 727 63 727 499 727 5 483 303 359 5 63 483 63 499 5 483 303 727 5 359 5 359 359 5 483 499 483 359 483 483 727 359 483 5 5 63 727 359 5 359 359 359 63 727 63 483 63 499 483 483 63 483 63 303 5 727 63 5 499 483 63 303 303 303 359 303 727 5 303 483 303 359 359 499 303 303 483 63 727 499 727 63 5 359 483 303 303 359 63 499 499 5 359 483 303 63 303 303 303 5 483 727 499 727 499 499 499 5 359 5 483 303 303 499 727 303 303 483 5 727 5 303 483 483 483 63 5 359 63 483 727 483 483 483 303 727 63 727 727 63 483 359 727 63 499 483 5 63 727 63 727 727 303 303 63 483 63 5 303 499 63 359 499 5 727 5 303 63 483 5 303 727 483 5 483 5 303 5 359 359 63 727 303 5 499 359 483 499 727 63 5 303 63 359 483 303 499 359 303 499 359 5 727 303 303 483 727 63 727 303 727 727 5 483 5 63 727 5 63 483 5 63 727 359 359 499 63 483 499 499 499 303 359 303 483 303 499 5 359 483 63 359 727 63 499 63 359 303 5 727 5 499 499 483 63 303 359 483 359 359 63 63 499 727 63 5 483 303 499 63 483 499 483 727 483 727 727 5 359 359 5 499 303 499 63 303 359 303 303 5 727 727 5 5 499 727 303 727 63 303 303 499 63 63 359 5 483 5 499 499 727 5 5 483 499 483 483 499 63 303 359 483 727 359 499 727 499 63 5 303 63 359 359 727 5 499 359 359 5 499 359 63 499 5 63 499 483 727 303 483 499 303 63 359 499 483 727 727 303 359 63 727 63 727 359 359 727 63 359 499 727 5 499 499 5 727 63 5 303 483 483 727 63 63 483 499 727 303 5 727 483 5 303 5 303 483 303 5 63 727 499 727 483 727 303 727 303 727 499 63 63 483 727 303 359 5 303 63 63 359 303 483 499 63 303 63 727 63 5 359 63 483 5 63 5 303 303 5 5 727 63 
  Facilities: 7
 5 : 3 19 22 23 32 33 34 40 50 60 70 72 85 92 133 148 149 160 162 166 170 175 178 180 183 184 187 188 190 192 195 203 207 218 219 226 237 251 279 288 296 314 318 323 327 329 332 342 343 347 363 366 376 391 400 408 416 418 427 429 435 455 466 472 474 478 482 484 486 492 499 510 521 523 526 529 546 557 559 574 586 589 598 601 602 614 616 620 621 637 643 647 652 680 683 686 697 700 702 706 724 737 741 743 746 747
 63 : 8 12 15 42 45 46 52 54 69 83 88 98 99 107 114 125 143 144 150 153 154 156 167 191 197 205 206 209 213 220 221 222 224 231 239 242 243 258 260 261 262 263 265 267 270 280 297 310 319 321 344 351 353 355 359 361 365 369 386 390 397 404 434 437 445 448 452 456 458 463 465 469 476 489 498 501 516 524 527 530 535 549 552 554 563 569 570 573 578 593 607 611 612 627 636 639 650 653 661 669 671 676 685 691 692 707 718 719 726 727 732 734 736 739 742 749
 303 : 1 6 10 13 17 25 39 43 53 57 58 61 64 87 89 91 102 103 104 106 113 115 127 131 136 146 147 151 161 189 200 212 214 225 232 236 246 249 268 287 290 294 298 301 303 304 308 316 325 362 370 371 372 374 377 379 383 384 394 395 403 405 406 407 420 421 424 425 430 443 461 462 467 475 479 485 491 500 504 507 512 513 518 540 542 544 556 564 576 591 594 596 597 605 608 609 628 638 657 660 667 687 696 701 703 705 713 715 722 725 729 733 744 745
 359 : 20 24 26 30 31 37 38 44 48 56 68 73 79 90 93 96 108 109 111 112 128 132 135 159 168 182 193 194 199 204 228 229 230 234 240 245 250 254 264 275 282 302 317 328 330 331 336 340 346 348 349 350 373 380 381 392 396 401 417 436 450 470 487 488 494 502 506 509 532 533 541 547 550 555 565 567 568 587 588 595 613 629 632 640 641 645 646 649 662 668 673 674 677 723 728 738
 483 : 2 7 18 21 27 28 29 51 62 65 67 74 75 77 78 81 97 101 110 116 119 120 126 130 139 141 142 152 155 163 169 174 181 185 198 210 211 215 223 227 248 256 266 269 271 274 281 283 293 295 305 315 320 324 333 335 337 338 341 354 357 358 360 368 378 385 393 402 409 419 426 431 432 433 438 440 441 442 449 454 464 477 481 483 495 503 514 522 528 536 543 548 562 566 575 579 581 583 615 622 624 625 630 655 658 664 688 689 693 699 704 711 720 730 740
 499 : 0 5 14 16 35 36 41 47 59 66 71 80 82 86 94 95 100 118 122 134 137 140 158 164 171 172 176 177 179 186 196 208 217 235 238 241 244 253 255 257 259 272 273 276 278 286 289 299 312 322 334 356 367 382 388 398 399 411 413 414 415 422 453 468 471 493 496 505 508 534 537 538 539 545 553 560 561 571 577 580 590 592 603 610 617 618 623 626 633 635 644 648 651 654 659 663 678 681 682 694 709 717 731
 727 : 4 9 11 49 55 63 76 84 105 117 121 123 124 129 138 145 157 165 173 201 202 216 233 247 252 277 284 285 291 292 300 306 307 309 311 313 326 339 345 352 364 375 387 389 410 412 423 428 439 444 446 447 451 457 459 460 473 480 490 497 511 515 517 519 520 525 531 551 558 572 582 584 585 599 600 604 606 619 631 634 642 656 665 666 670 672 675 679 684 690 695 698 708 710 712 714 716 721 735 748
SOLUTION:
  Value: -901914.000000
  Assigns: 609 191 330 316 15 15 330 15 608 483 191 15 15 609 191 609 15 483 609 608 15 609 608 15 316 330 608 191 316 609 316 191 608 609 15 191 609 608 316 191 316 191 609 191 330 609 609 15 316 609 483 15 15 15 330 330 191 608 15 609 608 330 483 15 330 483 330 15 191 15 316 316 191 316 483 483 316 316 483 609 330 483 609 191 191 15 330 316 330 316 330 191 316 316 330 191 15 191 316 609 316 316 609 330 330 15 316 330 608 608 483 15 316 608 316 330 483 191 608 483 608 609 330 483 330 609 15 608 609 316 483 191 609 608 330 608 191 316 15 483 316 483 483 316 330 330 608 483 609 15 330 15 316 609 609 483 191 483 191 608 483 608 15 483 316 330 609 608 15 483 483 330 316 330 483 316 483 608 483 330 316 483 330 330 330 609 609 483 316 608 316 191 15 483 609 330 15 609 609 330 483 330 316 316 609 316 608 608 316 316 316 191 316 609 330 483 609 608 316 330 608 483 15 483 191 330 191 483 316 15 316 609 316 15 608 15 316 316 316 330 15 316 330 191 608 608 608 191 483 608 15 330 609 316 330 608 609 316 608 316 483 608 191 191 191 15 483 191 15 330 608 483 609 608 330 15 609 330 483 191 15 191 191 483 608 609 330 608 609 15 608 316 191 483 330 15 15 609 15 609 330 316 608 609 15 483 316 15 330 608 316 191 609 191 316 316 316 316 483 608 483 330 609 15 483 15 609 316 191 608 609 483 608 483 15 483 609 609 191 483 316 191 316 15 330 608 608 191 15 330 608 330 608 15 483 330 483 483 330 330 609 191 15 609 609 330 609 330 483 483 608 316 316 191 608 191 608 15 483 608 15 191 191 609 191 191 15 608 191 608 608 609 608 483 608 191 316 609 330 191 330 609 483 15 15 191 483 191 608 483 483 609 330 191 330 483 608 483 608 608 330 316 608 483 609 608 483 191 330 191 609 483 191 483 609 191 330 609 15 316 609 15 191 330 483 316 15 608 483 483 609 609 191 608 483 15 609 330 483 316 191 330 191 608 316 608 316 609 483 191 191 191 608 15 330 608 330 483 15 608 330 483 15 609 609 15 330 191 316 609 316 316 609 330 191 330 191 609 15 608 15 330 483 15 608 608 15 15 609 316 608 330 191 609 330 15 15 608 609 608 609 330 316 191 316 316 483 608 483 330 15 330 608 330 483 316 483 15 609 191 608 316 316 330 15 15 330 15 483 191 608 608 330 316 15 608 15 15 609 316 191 191 483 316 15 608 483 483 316 316 608 316 483 15 609 483 608 15 316 191 15 330 15 191 608 316 483 330 608 191 483 608 483 330 316 608 609 330 330 316 316 483 330 609 316 609 316 608 608 15 330 330 609 191 483 483 15 330 15 191 608 15 483 608 483 15 191 15 608 609 483 191 15 609 330 316 191 316 316 483 608 191 330 483 330 330 330 316 608 316 330 316 316 15 191 483 191 608 483 191 609 15 330 483 483 609 316 15 191 316 316 483 609 191 15 330 15 316 609 15 483 330 609 191 608 191 316 191 608 483 608 316 330 191 609 316 316 191 191 608 316 608 191 191 609 330 608 15 316 316 15 483 191 316 316 316 609 608 608 15 483 609 609 316 15 608 330 609 609 330 483 15 15 609 191 609 608 191 609 330 316 330 330 15 608 330 608 609 15 316 
  Facilities: 7
 15 : 4 5 7 11 12 16 20 23 34 47 51 52 53 58 63 67 69 85 96 105 111 126 138 149 151 162 168 192 196 222 229 233 235 240 250 265 268 275 280 289 295 296 298 304 307 323 325 334 343 348 353 362 377 380 386 403 404 438 441 446 455 473 478 482 485 498 500 503 506 507 515 516 530 537 544 545 547 554 556 557 564 573 577 580 582 609 616 618 621 625 627 632 653 661 667 674 676 679 707 710 719 724 731 732 743 748
 191 : 1 10 14 27 31 35 39 41 43 56 68 72 83 84 91 95 97 117 131 136 156 158 191 211 224 226 243 247 262 263 264 267 279 281 282 292 311 313 328 338 341 347 361 373 375 381 382 384 385 388 395 399 405 407 413 427 429 432 435 442 452 460 462 469 470 471 487 494 496 512 523 539 549 560 561 579 583 589 613 619 626 631 636 641 654 656 659 668 673 683 685 687 693 697 698 702 703 712 734 737
 316 : 3 24 28 30 38 40 48 70 71 73 76 77 87 89 92 93 98 100 101 106 112 114 129 137 140 143 152 164 172 175 180 188 190 202 203 205 208 209 210 212 218 228 230 232 236 237 238 241 253 257 259 291 301 306 310 314 315 316 317 327 340 342 371 372 396 421 439 445 459 464 466 488 490 491 509 522 524 525 535 541 542 553 559 563 568 569 571 578 585 594 599 600 604 606 635 637 638 647 649 651 652 666 669 670 677 686 691 695 696 700 708 709 713 714 715 723 740 749
 330 : 2 6 25 44 54 55 61 64 66 80 86 88 90 94 103 104 107 115 122 124 134 144 145 150 165 171 173 179 182 183 184 195 199 201 214 219 225 239 242 251 254 269 274 277 286 294 300 308 321 344 349 351 355 358 359 365 367 398 400 412 414 420 428 436 443 457 461 474 476 480 486 493 495 501 511 514 521 529 531 533 543 546 552 581 587 593 597 598 602 610 611 617 634 642 644 645 646 650 662 675 681 692 705 726 729 739 741 742 745
 483 : 9 17 50 62 65 74 75 78 81 110 116 119 123 130 139 141 142 147 155 157 160 163 169 170 174 176 178 181 187 193 200 215 221 223 227 248 260 266 271 278 283 293 305 318 320 324 331 333 335 339 354 356 357 368 369 378 393 402 406 409 410 415 417 423 426 431 433 444 448 449 454 458 468 477 481 502 526 528 534 536 548 562 566 567 572 575 586 590 592 601 614 615 622 624 630 639 643 655 658 663 664 671 680 689 711 720 730
 608 : 8 19 22 26 32 37 57 60 108 109 113 118 120 127 133 135 146 159 161 167 177 189 206 207 217 220 234 244 245 246 249 255 258 261 270 273 284 287 290 302 309 319 329 332 345 346 350 352 370 374 376 379 387 389 390 392 394 408 416 418 419 422 425 447 453 463 465 472 475 479 499 504 505 510 517 519 527 532 540 550 551 555 565 570 576 584 588 591 595 607 608 620 623 628 640 648 657 684 688 690 699 701 706 717 718 725 736 744 746
 609 : 0 13 15 18 21 29 33 36 42 45 46 49 59 79 82 99 102 121 125 128 132 148 153 154 166 185 186 194 197 198 204 213 216 231 252 256 272 276 285 288 297 299 303 312 322 326 330 336 337 360 363 364 366 383 391 397 401 411 424 430 434 437 440 450 451 456 467 483 484 489 492 497 508 513 518 520 538 558 574 596 603 605 612 629 633 660 665 672 678 682 694 704 716 721 722 727 728 733 735 738 747
SOLUTION:
  Value: -901931.000000
  Assigns: 43 623 623 5 552 697 623 552 697 582 623 697 43 697 378 5 5 378 378 378 378 43 5 5 378 378 623 582 697 552 378 378 5 5 5 552 697 623 43 552 5 623 43 623 43 623 378 697 697 378 5 378 623 697 623 43 552 582 43 43 623 5 582 552 552 582 552 697 582 5 582 697 697 378 623 552 43 623 582 43 552 552 378 582 378 552 582 623 697 5 582 582 5 697 697 552 697 43 5 43 697 582 43 5 5 43 378 623 378 552 378 582 623 5 697 582 552 582 582 5 552 552 43 43 582 623 623 697 623 552 552 43 582 582 697 697 552 43 43 697 582 552 552 552 697 552 582 378 623 5 697 5 623 378 378 623 552 552 623 43 5 552 582 43 43 5 378 43 378 43 5 378 623 43 378 5 697 582 5 378 5 582 623 5 5 378 43 5 582 378 5 43 43 623 582 623 43 623 623 623 552 623 623 378 582 43 5 5 623 623 378 552 552 378 623 43 378 697 378 5 697 378 43 5 5 378 43 697 582 378 43 552 5 582 697 623 43 43 697 43 5 43 43 697 552 697 697 623 697 5 43 5 378 582 378 623 552 5 43 582 623 552 582 582 43 552 582 697 582 697 697 552 43 43 5 43 552 582 623 582 623 552 552 582 623 378 582 5 623 43 378 697 582 623 5 582 5 623 697 43 43 697 43 43 623 582 697 5 43 623 43 378 697 582 5 623 552 582 5 697 623 623 43 5 582 623 552 5 378 5 552 623 5 582 5 552 623 582 43 43 378 43 43 5 552 552 378 552 378 623 697 43 552 552 43 697 43 552 43 697 552 552 378 43 623 582 5 697 582 582 623 43 43 623 378 552 552 623 697 582 623 552 623 43 623 43 582 378 582 378 623 5 5 378 378 697 697 378 5 5 5 623 5 623 623 43 582 5 378 697 378 378 43 582 378 623 582 582 5 623 582 697 43 623 582 582 623 43 697 552 378 378 623 552 623 5 43 582 582 5 623 582 43 43 5 5 623 582 378 552 623 697 623 582 552 582 697 378 623 697 697 582 552 697 697 623 5 582 378 623 43 5 5 623 5 552 552 582 5 552 623 623 5 378 5 582 582 582 582 378 43 623 5 5 623 378 552 43 378 5 552 582 697 697 697 582 623 552 582 623 623 5 378 623 697 43 552 697 5 582 623 5 582 697 623 43 5 378 582 5 582 697 552 378 378 582 43 43 697 552 623 378 582 378 552 623 5 552 43 697 5 623 43 582 582 378 697 5 697 5 552 582 582 5 623 623 552 552 582 623 378 697 623 552 5 378 378 697 582 552 378 582 697 697 623 697 5 582 43 5 43 582 697 623 623 552 5 552 582 697 552 5 5 552 582 552 552 623 582 43 43 697 582 43 43 378 5 552 552 697 43 43 697 623 582 552 552 697 378 43 5 623 43 697 5 552 552 582 552 697 623 582 582 5 43 582 43 5 697 552 378 378 43 582 623 552 623 697 623 582 378 552 582 43 43 697 5 43 5 623 43 582 623 43 552 378 697 623 43 378 5 623 582 5 552 378 378 552 43 623 378 582 552 697 582 697 623 5 623 43 43 697 5 697 378 582 5 5 378 697 623 623 552 582 378 5 582 552 697 697 378 378 582 5 552 378 623 582 378 697 623 582 623 582 582 43 623 5 552 697 378 5 552 697 623 552 552 623 43 43 
  Facilities: 7
 5 : 3 15 16 22 23 32 33 34 40 50 61 69 89 92 98 103 104 113 119 149 151 160 165 170 175 178 180 183 184 187 190 206 207 219 223 224 232 240 249 251 257 274 287 294 296 307 314 318 323 327 329 332 334 343 366 391 392 398 399 400 402 407 418 435 439 444 445 466 471 472 474 478 482 484 492 493 499 511 518 521 526 529 546 550 557 559 563 574 586 589 596 601 602 616 630 634 643 647 666 668 680 683 697 702 706 707 715 723 737 741
 43 : 0 12 21 38 42 44 55 58 59 76 79 97 99 102 105 122 123 131 137 138 159 163 164 167 169 173 186 191 192 196 205 215 222 226 230 236 237 239 241 242 250 258 264 272 273 275 289 299 300 302 303 308 310 322 338 339 341 342 351 354 356 358 363 371 372 383 385 405 412 422 427 436 442 443 470 490 497 515 525 536 537 548 552 588 590 609 610 613 614 620 621 629 632 644 646 652 663 664 667 670 673 678 688 699 700 735 748 749
 378 : 14 17 18 19 20 24 25 30 31 46 49 51 73 82 84 106 108 110 147 153 154 166 168 171 174 179 185 189 203 210 213 216 218 221 225 229 252 254 285 290 311 328 340 346 348 362 374 387 389 393 394 397 408 410 411 414 430 431 448 457 468 483 489 495 498 512 527 533 534 541 543 555 570 575 576 580 615 628 650 651 660 675 679 685 686 690 704 708 714 720 721 725 728 740
 552 : 4 7 29 35 39 56 63 64 66 75 80 81 85 95 109 116 120 121 129 130 136 141 142 143 145 156 157 161 200 211 212 231 244 256 261 265 271 276 281 282 316 326 330 335 344 345 347 352 353 357 360 361 375 376 381 429 433 449 454 462 475 476 479 496 500 507 516 532 539 544 547 560 566 567 573 579 595 597 600 603 605 606 617 618 625 626 635 636 638 649 655 661 674 684 687 692 712 717 724 738 742 745 746
 582 : 9 27 57 62 65 68 70 78 83 86 90 91 101 111 115 117 118 124 132 133 140 146 162 177 181 188 194 204 228 233 253 259 262 263 266 268 277 279 283 286 292 295 305 313 317 324 333 337 365 368 369 379 386 388 406 413 416 417 420 424 425 437 438 441 447 453 455 461 467 477 485 486 487 488 501 505 508 519 522 528 530 535 542 553 554 561 562 568 578 581 587 591 598 604 608 612 624 637 641 642 645 653 659 662 671 682 691 694 705 713 716 722 727 731 733 734
 623 : 1 2 6 10 26 37 41 43 45 52 54 60 74 77 87 107 112 125 126 128 148 152 155 158 172 182 193 195 197 198 199 201 202 208 209 214 235 247 255 260 278 280 284 288 293 297 304 309 315 320 321 325 331 336 349 364 370 373 377 380 382 384 390 401 403 404 415 419 423 426 432 434 440 446 450 452 458 465 469 473 480 481 491 494 506 509 510 513 520 524 540 545 551 564 565 569 572 584 593 594 607 623 631 640 654 656 658 669 672 677 681 689 696 698 710 711 726 730 732 736 744 747
 697 : 5 8 11 13 28 36 47 48 53 67 71 72 88 93 94 96 100 114 127 134 135 139 144 150 176 217 220 227 234 238 243 245 246 248 267 269 270 291 298 301 306 312 319 350 355 359 367 378 395 396 409 421 428 451 456 459 460 463 464 502 503 504 514 517 523 531 538 549 556 558 571 577 582 583 585 592 599 611 619 622 627 633 639 648 657 665 676 693 695 701 703 709 718 719 729 739 743
SOLUTION:
  Value: -901959.000000
  Assigns: 701 191 623 5 701 290 623 290 701 701 701 290 63 191 701 63 5 701 701 378 378 290 5 5 378 378 623 191 63 623 63 191 5 5 5 191 5 623 378 290 5 191 63 191 623 623 378 290 623 378 5 378 63 290 63 701 191 701 378 623 290 5 701 191 378 191 63 191 191 63 290 701 191 378 623 378 191 701 623 290 191 290 378 191 378 5 623 623 63 5 5 290 290 191 191 191 5 191 63 63 5 701 191 5 701 701 378 623 378 191 701 701 623 63 63 191 701 191 623 290 191 290 378 378 701 701 623 378 623 701 290 191 191 5 290 623 191 378 290 191 290 701 623 623 191 290 623 701 623 5 63 5 290 63 378 623 63 701 191 623 5 191 5 701 63 290 378 63 701 191 5 191 63 378 701 5 5 63 5 378 5 290 623 5 5 378 290 701 701 378 191 63 5 623 290 623 5 623 63 701 378 623 623 378 290 63 63 5 623 290 378 191 378 701 623 63 378 701 378 5 701 378 63 290 63 378 5 63 701 378 63 63 701 701 701 623 701 5 701 63 701 378 63 191 290 378 378 623 623 63 290 5 378 290 378 623 701 5 63 701 63 191 290 191 701 63 701 63 378 701 63 290 701 290 5 378 701 701 701 290 623 191 5 191 701 378 701 5 623 623 378 378 290 701 63 623 5 290 378 290 701 623 701 290 623 290 623 701 701 290 63 191 623 191 5 191 63 701 5 191 701 623 63 5 5 623 378 5 378 5 5 623 5 378 290 378 623 5 191 623 378 191 378 191 63 290 378 191 378 63 63 701 378 63 378 63 5 701 378 63 623 63 378 701 623 290 5 701 701 701 290 290 378 623 378 191 5 290 290 701 701 191 623 290 191 191 63 290 191 378 63 5 701 378 378 701 623 378 701 191 5 63 701 623 623 191 701 5 378 290 378 701 63 623 378 623 701 191 5 623 5 378 701 623 5 5 191 191 701 191 378 378 623 63 63 191 701 63 701 191 191 290 191 701 701 63 63 378 378 378 290 378 623 5 623 5 63 701 63 63 191 378 290 63 290 63 5 701 378 623 191 191 5 623 5 378 63 623 290 290 623 623 5 378 5 5 5 191 378 63 63 623 5 701 191 378 701 378 378 191 290 290 623 290 63 290 290 5 290 623 623 290 378 623 378 290 63 701 290 5 623 5 191 191 623 623 5 378 290 5 63 5 191 378 378 623 290 191 290 191 63 378 701 378 63 623 5 378 191 63 290 623 63 378 63 378 701 5 63 5 191 191 378 63 623 623 290 63 701 63 63 290 623 63 5 290 290 63 290 191 290 5 623 191 623 63 5 701 290 5 63 378 701 290 623 290 5 191 5 63 290 5 5 378 701 290 701 623 290 63 191 63 63 191 290 378 701 5 290 191 290 623 623 623 63 290 623 63 378 701 5 623 701 701 701 290 191 701 623 63 290 191 290 5 191 623 378 5 378 290 378 378 290 63 623 290 623 378 623 191 63 63 623 701 623 701 290 701 191 623 191 63 623 623 5 378 701 623 63 378 5 623 191 5 290 63 378 191 623 623 63 63 290 191 701 378 290 5 191 191 5 290 5 701 191 290 5 290 378 378 623 701 191 378 378 63 290 63 191 63 378 378 290 290 290 378 623 63 378 701 63 701 63 623 191 5 63 5 701 63 378 5 63 290 701 290 701 623 5 63 
  Facilities: 7
 5 : 3 16 22 23 32 33 34 36 40 50 61 85 89 90 96 100 103 133 149 151 160 162 170 175 176 178 180 183 184 192 196 207 219 226 237 251 257 274 282 287 296 314 318 323 324 327 329 330 332 337 356 366 376 391 400 407 418 420 424 425 453 455 466 472 474 482 484 485 486 492 507 519 521 526 529 531 546 557 559 574 581 586 589 596 598 601 602 617 630 643 647 674 680 683 697 700 702 706 735 737 741 748
 63 : 12 15 28 30 42 52 54 66 69 88 98 99 113 114 150 153 156 164 167 172 177 191 198 205 206 215 222 224 227 230 231 239 242 249 258 260 265 267 270 294 310 316 322 344 349 350 353 355 359 361 386 390 401 412 433 434 437 445 446 456 458 459 463 465 476 489 490 504 516 530 540 544 549 552 554 558 563 567 569 570 573 577 585 590 599 609 611 612 624 627 639 653 660 661 671 678 685 690 691 715 717 719 727 730 732 736 739 742 749
 191 : 1 13 27 31 35 41 43 56 63 65 67 68 72 76 80 83 93 94 95 97 102 109 115 117 120 131 132 136 139 144 158 161 169 171 190 211 243 261 263 281 283 311 313 315 319 338 341 343 347 375 381 384 385 388 399 405 417 426 427 429 435 439 440 442 460 470 471 487 494 499 522 523 532 537 539 548 560 561 579 583 597 610 613 619 636 641 644 659 668 670 682 687 693 698 699 704 712 718 734
 290 : 5 7 11 21 39 47 53 60 70 79 81 91 92 119 121 130 134 138 140 145 152 165 181 186 194 204 209 223 244 250 253 262 271 273 279 292 297 299 303 305 309 334 345 365 370 371 377 378 383 387 409 441 450 462 464 478 479 500 501 503 505 506 508 511 515 518 528 536 538 550 566 571 575 576 578 580 588 593 595 600 605 608 614 618 620 625 635 640 642 649 652 655 666 684 692 696 701 705 707 716 722 723 724 743 745
 378 : 19 20 24 25 38 46 49 51 58 64 73 75 82 84 106 108 122 123 127 137 154 166 173 179 185 189 200 203 210 212 216 218 221 225 229 241 245 246 252 254 268 275 285 290 291 298 326 328 333 335 340 342 346 348 352 354 358 362 372 374 389 393 394 397 408 410 414 421 430 431 447 448 449 451 461 468 475 483 488 495 497 498 512 514 527 533 534 541 543 547 553 555 562 591 603 615 628 646 648 650 651 657 675 679 686 695 708 709 713 714 720 721 725 728 740
 623 : 2 6 26 29 37 44 45 48 59 74 78 86 87 107 112 118 126 128 135 142 143 146 148 155 159 182 193 195 197 201 202 208 214 235 247 248 255 280 288 289 295 301 304 306 312 321 325 331 336 339 360 364 373 382 396 403 404 413 415 419 423 432 452 454 469 473 477 480 481 491 502 509 510 513 520 524 525 535 545 551 564 565 572 582 584 594 607 621 622 623 626 631 638 645 654 656 658 662 664 669 672 673 677 681 688 689 710 726 733 747
 701 : 0 4 8 9 10 14 17 18 55 57 62 71 77 101 104 105 110 111 116 124 125 129 141 147 157 163 168 174 187 188 199 213 217 220 228 232 233 234 236 238 240 256 259 264 266 269 272 276 277 278 284 286 293 300 302 307 308 317 320 351 357 363 367 368 369 379 380 392 395 398 402 406 411 416 422 428 436 438 443 444 457 467 493 496 517 542 556 568 587 592 604 606 616 629 632 633 634 637 663 665 667 676 694 703 711 729 731 738 744 746
SOLUTION:
  Value: -901971.000000
  Assigns: 43 191 743 5 743 743 743 290 290 727 191 727 291 291 191 5 743 727 290 291 5 43 5 5 291 43 291 191 5 5 291 191 5 5 5 191 5 743 43 290 5 191 43 191 43 291 191 743 727 291 743 743 290 43 743 43 291 290 43 43 290 5 291 727 743 743 291 191 191 291 290 743 191 43 743 291 727 743 743 43 743 290 290 191 727 5 743 290 727 5 727 290 290 191 291 191 5 43 291 43 5 43 43 5 5 727 727 743 43 43 5 743 5 743 291 191 5 727 291 290 191 727 43 43 727 291 743 291 743 727 290 43 191 5 290 291 191 43 727 191 43 43 727 291 191 290 727 743 5 5 727 291 290 291 291 290 191 727 191 43 5 291 5 291 43 727 5 43 743 43 5 743 743 43 743 5 291 5 5 191 5 290 43 5 291 291 290 5 5 291 191 43 43 5 743 5 43 743 743 291 291 727 727 5 743 743 743 5 5 290 43 191 727 290 5 291 727 43 5 5 291 743 43 290 290 291 43 727 43 727 43 5 290 727 290 291 43 43 291 191 727 43 43 291 290 291 743 727 43 291 290 5 727 43 743 291 743 5 43 743 5 191 290 191 43 727 290 191 743 5 290 290 43 43 5 43 43 727 290 290 290 191 43 191 727 291 290 5 191 43 743 727 290 43 743 291 5 290 291 290 191 291 43 290 5 290 727 727 727 727 291 191 743 191 5 191 291 291 5 291 290 743 43 5 727 291 727 5 191 5 43 191 5 191 290 43 291 5 43 43 43 191 43 191 743 727 191 191 291 191 743 43 727 291 43 291 43 43 43 291 291 291 743 43 727 290 5 743 727 5 290 290 43 191 290 191 43 290 291 290 727 291 191 290 191 191 291 290 191 727 727 5 743 291 743 191 743 727 191 191 5 743 727 743 743 191 291 291 5 290 727 743 727 191 290 5 291 191 5 743 727 291 43 727 743 291 191 43 727 191 290 5 743 743 5 191 43 743 291 743 291 290 191 43 727 291 727 743 5 43 290 727 43 727 743 5 291 291 5 727 291 743 290 291 290 291 5 291 5 291 191 191 5 727 5 743 290 191 290 290 727 743 5 291 5 5 5 191 727 290 727 43 5 290 191 291 727 727 43 191 290 290 191 290 291 290 290 743 290 291 5 727 191 290 291 290 743 291 290 727 727 5 727 191 291 291 5 727 290 5 43 743 191 291 291 743 43 743 290 191 743 5 191 191 43 43 5 291 43 191 291 727 43 191 191 727 291 743 727 5 43 191 743 291 743 290 290 727 291 743 727 290 727 727 5 290 290 290 290 191 290 5 727 191 727 727 5 291 43 5 43 727 727 290 43 43 5 191 5 291 727 5 5 743 727 743 727 43 290 43 43 291 290 43 290 743 743 727 290 191 290 43 743 43 191 743 191 191 743 743 291 727 727 291 727 290 191 743 743 5 290 191 727 5 743 43 43 5 290 290 727 743 290 291 191 290 727 291 291 743 743 290 727 43 43 727 290 43 191 291 727 191 727 43 5 727 291 191 43 727 5 43 727 5 291 291 743 191 43 727 727 743 743 191 743 291 290 5 727 191 43 743 5 291 191 743 5 290 743 727 727 5 191 743 727 291 727 291 191 291 291 727 290 290 290 191 291 291 43 43 291 727 727 743 191 727 743 5 743 5 291 5 291 290 743 290 291 191 43 43 
  Facilities: 7
 5 : 3 15 20 22 23 28 29 32 33 34 36 40 61 85 89 96 100 103 104 110 112 116 133 148 149 160 162 166 170 175 177 178 180 183 187 188 193 195 203 207 208 214 218 219 231 251 257 260 269 274 287 296 304 314 318 323 327 329 332 337 366 369 391 400 408 415 418 431 434 448 455 458 466 468 472 474 482 484 485 486 492 510 521 526 529 541 546 559 574 581 586 589 596 598 601 602 639 643 647 674 680 683 697 702 706 711 737 739 741
 43 : 0 21 25 38 42 44 53 55 58 59 73 79 97 99 101 102 108 109 122 123 131 137 140 141 159 164 167 169 173 182 191 192 196 210 217 222 226 228 230 236 237 241 242 248 253 258 264 272 273 275 276 282 289 293 302 322 330 335 338 339 340 342 351 354 356 357 358 363 372 376 422 427 436 443 449 452 491 498 530 536 544 545 548 552 560 588 590 594 595 607 609 610 613 621 623 645 646 663 664 667 673 678 681 688 700 728 729 748 749
 191 : 1 10 14 27 31 35 41 43 46 67 68 72 83 93 95 115 120 132 136 139 144 156 158 179 190 211 239 261 263 267 281 283 288 300 311 313 315 328 331 333 341 343 346 347 349 373 375 382 384 385 388 395 398 399 405 413 417 426 429 435 442 470 471 477 487 494 499 502 512 523 532 539 542 543 549 553 554 561 579 583 597 619 624 626 627 636 641 654 668 671 677 687 693 699 704 712 718 725 734 747
 290 : 7 8 18 39 52 57 60 70 81 82 87 91 92 119 130 134 145 152 155 181 186 209 213 223 224 232 234 244 250 262 266 270 271 278 279 280 286 292 297 299 303 305 320 334 365 370 371 374 377 379 383 387 409 414 430 441 450 462 464 476 478 479 489 493 500 501 503 505 506 508 513 515 518 528 538 565 566 571 575 576 577 578 580 593 608 612 614 618 620 635 640 648 649 652 655 661 666 696 707 722 723 724 743 745
 291 : 12 13 19 24 26 30 45 49 56 62 66 69 75 94 98 114 118 125 127 135 143 151 153 154 161 163 176 184 185 189 199 200 215 220 225 235 238 243 245 249 255 285 295 298 301 310 316 317 319 325 336 348 353 355 359 360 361 378 381 386 393 406 407 416 421 425 438 440 445 456 457 460 463 465 467 469 483 495 504 509 514 517 524 525 533 534 547 550 556 563 568 587 599 611 630 633 653 657 658 669 676 684 685 695 703 715 717 719 720 726 727 730 740 742 746
 727 : 9 11 17 48 63 76 84 88 90 105 106 117 121 124 129 138 142 146 150 157 165 201 202 212 216 227 229 233 240 247 252 265 277 284 291 306 307 308 309 324 326 345 352 364 368 380 389 390 397 402 410 412 420 423 428 444 446 451 453 459 473 480 488 490 496 497 511 519 520 522 527 551 555 558 567 570 572 573 582 584 585 591 592 600 604 606 617 631 632 634 642 650 656 662 665 670 672 675 679 682 689 690 698 709 710 714 716 721 731 732 735
 743 : 2 4 5 6 16 37 47 50 51 54 64 65 71 74 77 78 80 86 107 111 113 126 128 147 168 171 172 174 194 197 198 204 205 206 221 246 254 256 259 268 290 294 312 321 344 350 362 367 392 394 396 401 403 404 411 419 424 432 433 437 439 447 454 461 475 481 507 516 531 535 537 540 557 562 564 569 603 605 615 616 622 625 628 629 637 638 644 651 659 660 686 691 692 694 701 705 708 713 733 736 738 744
SOLUTION:
  Value: -902152.000000
  Assigns: 202 202 483 316 15 15 137 15 202 109 15 15 15 316 137 96 15 483 483 483 202 137 202 15 316 15 483 483 202 483 316 137 316 202 15 15 202 202 96 109 137 109 202 137 137 96 109 15 109 109 137 15 15 15 96 202 483 96 15 202 316 202 483 15 137 483 137 15 483 15 316 202 137 316 483 483 316 316 483 15 137 483 96 137 109 15 202 316 15 202 109 109 316 316 96 137 15 316 316 202 202 316 96 137 316 15 316 15 137 202 483 15 109 109 96 316 483 137 109 202 15 15 15 137 109 96 202 96 316 316 483 137 96 15 96 137 109 96 15 202 202 96 109 316 483 202 202 137 96 109 109 15 316 202 137 483 202 483 109 96 483 202 15 483 137 137 202 109 137 483 483 15 316 109 483 109 483 96 483 202 137 483 96 96 15 96 96 483 109 202 316 96 109 109 15 137 202 202 483 202 483 202 109 316 109 202 202 202 316 316 316 483 316 137 137 483 109 109 316 96 96 202 15 483 96 202 202 483 96 15 316 96 316 15 202 15 316 96 316 109 15 316 137 96 109 96 109 316 483 109 109 202 316 316 202 15 137 316 109 316 483 137 137 96 137 15 483 316 15 483 137 483 15 96 483 15 109 96 483 202 15 109 109 109 96 96 109 15 137 202 96 316 202 483 96 15 15 202 15 109 15 316 96 202 109 483 316 15 137 202 316 15 96 137 316 316 316 316 483 109 483 202 202 137 96 15 137 316 96 96 109 109 96 483 15 483 96 483 483 483 316 483 96 15 137 109 109 316 202 137 202 202 15 15 483 15 483 483 483 96 96 202 96 109 109 109 483 109 483 202 202 316 316 137 109 96 316 15 137 96 15 96 96 96 316 483 137 109 202 202 202 316 96 202 137 202 316 137 109 96 109 202 483 15 15 15 96 109 202 483 483 137 15 109 316 109 109 483 202 483 96 109 109 483 109 316 483 15 483 137 137 109 483 483 109 96 96 137 15 316 483 15 15 15 109 316 15 316 483 483 316 109 137 96 96 15 137 202 202 316 483 15 137 109 316 316 316 202 137 137 137 137 109 202 137 96 15 483 15 96 109 483 202 483 316 15 137 483 109 137 109 316 202 109 15 202 137 316 15 137 109 109 483 15 96 15 15 15 202 96 109 96 137 15 483 202 15 202 137 202 202 109 316 202 202 137 137 137 202 109 15 96 202 109 483 316 483 202 15 202 202 202 316 96 137 15 109 15 483 483 137 109 109 316 15 137 96 15 137 316 109 15 202 109 137 109 483 483 137 109 96 316 483 15 137 483 96 15 137 109 15 483 15 137 109 316 96 15 96 137 96 15 483 137 316 137 15 137 202 109 316 483 109 316 316 109 316 109 109 15 15 109 202 202 483 109 15 202 109 96 96 15 483 202 96 15 316 15 137 96 483 137 15 15 137 202 202 316 202 483 109 109 15 483 137 202 137 316 316 202 109 316 316 96 109 483 202 137 137 137 109 202 202 109 483 15 316 202 96 316 316 483 96 109 15 137 15 316 316 15 96 137 137 109 109 202 316 96 137 483 483 316 137 96 316 96 316 96 483 109 202 96 137 202 483 96 109 15 316 316 15 483 202 137 316 96 316 109 202 15 483 109 137 316 15 202 96 202 202 316 483 15 15 109 96 202 109 109 483 202 316 96 96 137 316 202 96 202 15 137 
  Facilities: 7
 15 : 4 5 7 10 11 12 16 23 25 34 35 47 51 52 53 58 63 67 69 79 85 88 96 105 107 111 120 121 122 133 138 151 162 171 184 194 222 229 233 235 240 255 265 268 272 275 280 287 295 296 298 300 307 311 325 334 343 352 353 355 377 380 403 404 405 412 427 438 441 442 443 446 455 461 476 478 485 494 498 503 505 506 507 513 516 530 538 545 547 554 557 561 573 577 580 582 587 591 596 609 610 616 621 625 627 632 633 642 665 674 676 679 707 710 719 724 731 732 748
 96 : 15 38 45 54 57 82 94 102 114 125 127 132 134 137 141 148 159 177 182 183 185 186 191 219 220 224 228 231 237 243 245 263 273 277 284 285 290 294 302 312 324 328 329 332 336 342 359 360 362 375 379 381 382 383 392 399 406 420 435 436 453 454 475 479 504 509 511 531 543 556 570 576 586 588 590 619 620 624 629 653 668 672 680 687 693 695 697 701 705 715 726 734 741 742 746
 109 : 9 39 41 46 48 49 84 90 91 112 113 118 124 136 142 149 150 158 167 173 175 188 192 193 202 204 216 217 239 244 246 249 250 258 276 281 282 283 286 299 304 319 330 331 345 346 363 364 365 367 374 387 398 400 407 413 415 416 421 422 424 431 434 444 451 463 472 480 488 490 493 500 501 510 521 529 533 546 551 552 560 563 565 569 579 584 599 602 605 607 608 611 615 618 640 641 650 654 660 663 673 683 684 699 706 717 721 733 736 737
 137 : 6 14 21 31 40 43 44 50 64 66 72 80 83 95 103 108 117 123 131 135 147 154 164 165 168 180 195 213 214 242 256 261 262 264 270 288 308 313 323 326 344 349 373 378 386 394 397 411 429 430 437 452 456 462 468 469 470 471 474 486 489 496 499 512 518 525 526 527 544 550 555 558 564 568 574 578 583 589 593 595 597 628 631 634 644 646 657 658 659 675 681 682 688 692 702 713 722 743 749
 202 : 0 1 8 20 22 28 33 36 37 42 55 59 61 71 86 89 99 100 109 119 126 139 140 145 146 153 156 161 166 179 189 196 197 199 201 205 206 207 221 225 226 234 251 254 279 289 292 297 303 309 321 322 348 350 351 361 369 370 388 389 390 393 395 401 408 418 457 458 467 473 482 492 495 508 515 517 519 520 523 524 528 532 537 539 540 541 562 598 612 613 617 623 635 636 638 645 649 656 661 662 667 685 700 703 712 718 725 727 728 735 739 745 747
 316 : 3 13 24 30 32 60 70 73 76 77 87 92 93 97 98 101 104 106 115 128 129 143 152 172 190 203 208 209 210 212 218 230 232 236 238 241 247 252 253 257 259 267 291 301 306 310 314 315 316 317 327 340 347 371 372 376 384 391 396 414 425 439 445 447 450 459 464 465 466 484 491 497 522 535 542 553 559 571 585 594 600 603 604 606 626 637 647 648 651 652 666 669 670 677 678 686 691 694 696 708 709 714 716 723 729 740 744
 483 : 2 17 18 19 26 27 29 56 62 65 68 74 75 78 81 110 116 130 144 155 157 160 163 169 170 174 176 178 181 187 198 200 211 215 223 227 248 260 266 269 271 274 278 293 305 318 320 333 335 337 338 339 341 354 356 357 358 366 368 385 402 409 410 417 419 423 426 428 432 433 440 448 449 460 477 481 483 487 502 514 534 536 548 549 566 567 572 575 581 592 601 614 622 630 639 643 655 664 671 689 690 698 704 711 720 730 738
