# Time: 116735.109375
# Elapsed: 21408.882812
# Input_file: pmedian/pmed/pmed33.txt
# Pool_size: 400
# Iterations: 70
# Final_solutions: 28000
# Vision_range: 600
# Reduction_mode: REDUCTION_DISPERSE
# Dissimilitude: DISSIM_MSE
# Facility_dist: FDISMODE_SUMOFDELTAS
SOLUTION:
  Value: -4755.000000
  Assigns: 0 622 284 284 4 329 533 319 116 556 10 404 674 510 690 404 362 17 326 691 116 290 519 510 150 188 155 443 356 404 607 34 188 34 34 504 235 235 691 246 17 417 407 417 246 554 488 98 48 690 437 98 452 554 537 488 284 57 407 682 17 114 283 326 57 682 66 404 48 57 114 71 682 155 17 283 71 417 283 79 395 417 399 326 437 98 34 66 362 235 691 235 283 124 691 66 246 329 98 136 404 687 407 103 103 17 98 623 329 622 623 552 691 114 114 404 116 552 289 193 246 10 691 124 124 510 537 399 552 687 4 17 4 506 48 57 136 284 421 628 369 235 306 319 506 319 136 691 188 693 150 71 691 519 326 155 66 691 98 682 619 693 399 399 687 687 246 417 155 554 98 404 98 548 504 488 155 503 290 421 506 556 103 687 283 529 674 529 188 136 356 4 548 193 519 437 79 404 537 395 319 188 693 57 674 533 399 548 395 136 533 290 155 57 34 691 306 554 503 537 556 678 628 623 628 66 519 529 443 503 230 504 417 691 678 235 235 537 519 362 554 10 329 529 687 510 246 488 404 326 289 289 188 504 319 319 607 690 691 246 417 57 691 66 103 421 235 193 319 443 437 674 421 235 34 674 4 399 306 488 452 556 98 283 284 286 286 504 404 289 290 437 488 116 417 369 488 628 4 623 503 628 4 17 319 519 306 326 623 510 693 622 552 98 407 283 488 417 607 319 556 607 623 283 537 116 326 326 284 329 404 326 329 519 136 319 690 417 682 356 529 691 504 246 155 306 437 362 452 114 34 290 399 34 682 0 356 533 503 155 150 552 362 114 17 691 79 693 57 369 0 687 674 57 193 150 674 619 155 421 556 628 34 34 607 682 136 533 286 319 519 693 519 246 193 395 693 693 691 399 17 290 319 79 404 404 404 407 283 246 504 114 417 395 193 193 682 417 674 283 421 421 284 690 693 443 619 693 329 369 529 407 519 114 155 503 437 437 533 103 504 235 510 443 193 519 488 79 34 488 404 443 452 193 399 306 691 691 356 537 510 329 510 443 452 362 235 607 554 0 407 407 622 193 326 4 306 57 552 628 289 306 506 283 283 607 503 290 488 488 284 284 235 529 362 103 362 674 623 356 399 193 537 503 504 4 506 230 488 687 510 691 116 369 678 319 548 319 519 519 519 4 193 452 17 136 4 103 678 529 399 488 98 533 506 34 488 537 674 687 193 4 235 306 687 674 674 319 548 404 693 319 552 607 554 607 556 537 79 329 66 290 290 235 193 682 687 4 607 150 552 506 607 537 34 283 66 488 4 4 306 235 235 691 246 510 693 283 283 79 404 284 554 488 283 4 537 329 150 290 548 488 329 404 4 246 356 607 452 286 548 674 404 510 693 4 628 628 66 619 57 57 622 623 623 404 548 690 628 623 690 529 193 4 421 682 628 607 554 155 4 395 519 319 17 623 506 533 114 687 362 193 504 289 628 326 503 290 622 57 290 290 510 57 246 691 150 691 98 98 57 246 529 369 674 504 188 284 678 679 533 116 682 404 421 399 284 687 155 289 690 691 66 693 537 150 674 548 4 0 
  Facilities: 70
 0 : 0 355 370 469 699
 4 : 4 130 132 191 276 298 302 475 505 521 526 541 567 578 579 595 604 615 633 640 698
 10 : 10 121 241
 17 : 17 40 60 74 105 131 303 364 400 524 644
 34 : 31 33 34 86 214 274 350 353 382 383 448 535 574
 48 : 48 68 134
 57 : 57 64 69 135 203 213 261 368 373 477 620 621 659 663 670
 66 : 66 87 95 156 225 263 560 576 618 692
 71 : 71 76 151
 79 : 79 196 366 403 447 558 589
 98 : 47 51 85 98 106 158 170 172 282 313 532 668 669
 103 : 103 104 182 264 439 495 527
 114 : 61 70 113 114 349 363 411 433 648
 116 : 8 20 116 293 325 512 681
 124 : 93 123 124
 136 : 99 136 146 189 209 334 386 525
 150 : 24 150 360 375 569 598 666 695
 155 : 26 73 155 168 176 212 344 359 378 434 639 688
 188 : 25 32 148 188 201 252 676
 193 : 119 193 267 374 394 414 415 444 453 473 501 522 540 564 632 651
 230 : 230 507
 235 : 36 37 89 91 141 235 236 266 273 441 466 492 542 563 581 582
 246 : 39 44 96 120 166 246 259 343 393 409 584 605 664 671
 283 : 62 75 78 92 184 283 315 323 408 419 483 484 575 587 588 594
 284 : 2 3 56 137 284 328 422 490 491 591 677 686
 286 : 285 286 388 609
 289 : 118 250 251 289 480 653 689
 290 : 21 178 211 290 351 401 487 561 562 599 657 660 661
 306 : 142 216 278 306 345 455 476 481 543 580
 319 : 7 143 145 200 254 255 268 304 319 335 389 402 515 517 547 551 643
 326 : 18 63 83 154 249 307 326 327 331 474 655
 329 : 5 97 108 242 329 332 428 461 559 597 602
 356 : 28 190 339 356 458 499 606
 362 : 16 88 239 347 362 465 494 496 650
 369 : 140 295 369 429 513 673
 395 : 80 199 208 395 413 641
 399 : 82 127 162 163 206 277 352 399 454 500 530 685
 404 : 11 15 29 67 100 115 171 197 248 288 330 404 405 406 450 549 590 603 612 625 683
 407 : 42 58 102 314 407 431 470 471
 417 : 41 43 77 81 167 232 260 294 317 337 412 417
 421 : 138 179 265 272 379 420 421 634 684
 437 : 50 84 195 270 291 346 436 437
 443 : 27 228 269 425 443 451 463
 452 : 52 280 348 452 464 523 608
 488 : 46 55 175 247 279 292 296 316 446 449 488 489 508 531 536 577 593 601
 503 : 177 218 229 300 358 435 486 503 656
 504 : 35 174 231 253 287 342 410 440 504 652 675
 506 : 133 144 180 482 506 534 571 646
 510 : 13 23 125 245 309 442 460 462 510 585 613 662
 519 : 22 153 194 226 238 305 333 390 392 432 445 518 519 520 642
 529 : 185 187 227 243 340 430 493 529 631 672
 533 : 6 205 210 357 387 438 533 647 680
 537 : 54 126 198 219 237 324 459 502 537 557 573 596 694
 548 : 173 192 207 516 548 600 610 626 697
 552 : 111 117 128 312 361 478 552 570
 554 : 45 53 169 217 240 468 554 592 638
 556 : 9 181 220 281 320 380 556
 607 : 30 256 318 321 384 467 485 553 555 568 572 607 637
 619 : 160 377 426 619
 622 : 1 109 311 472 622 658
 623 : 107 110 223 299 308 322 498 623 624 629 645
 628 : 139 222 224 297 301 381 479 616 617 628 636 654
 674 : 12 186 204 271 275 372 376 418 497 538 545 546 611 674 696
 678 : 221 234 514 528 678
 679 : 679
 682 : 59 65 72 159 338 354 385 416 565 635 682
 687 : 101 129 164 165 183 244 371 509 539 544 566 649 687
 690 : 14 49 257 336 423 627 630 690
 691 : 19 38 90 94 112 122 147 152 157 215 233 258 262 341 365 398 456 457 511 583 665 667 691
 693 : 149 161 202 310 367 391 396 397 424 427 550 586 614 693
SOLUTION:
  Value: -4759.000000
  Assigns: 0 622 2 2 4 329 628 335 116 556 10 404 674 510 690 404 362 17 326 665 116 561 519 510 150 364 155 443 98 404 467 467 504 34 34 365 36 36 365 246 17 337 102 337 246 554 488 98 48 690 437 98 523 554 537 488 561 57 362 682 17 114 283 326 57 682 576 404 48 57 114 71 682 155 364 283 71 337 283 79 80 337 399 326 437 98 467 114 362 36 365 283 283 123 665 576 246 329 98 136 404 687 102 103 103 17 98 623 329 622 623 552 665 114 114 404 116 552 289 193 246 10 665 123 123 510 537 399 552 687 4 17 4 506 48 57 136 561 576 628 673 283 306 36 506 335 136 365 34 693 150 71 665 519 326 155 576 365 98 682 619 693 399 399 687 687 246 337 155 554 98 404 98 610 504 488 155 503 561 421 506 556 103 687 283 529 674 529 504 136 458 4 610 193 519 437 79 404 537 80 335 682 693 467 674 102 399 610 80 136 364 529 155 57 34 365 306 554 503 665 556 528 628 623 628 576 519 529 443 503 230 504 337 665 528 36 36 537 519 362 554 10 329 529 687 510 246 488 404 326 289 289 155 504 335 335 467 690 665 246 337 57 365 150 103 421 36 193 335 443 437 674 421 36 467 674 4 399 306 488 523 556 98 283 2 286 286 365 404 289 561 36 488 116 337 673 488 628 4 623 503 628 4 17 335 519 306 467 623 510 693 622 552 98 102 283 488 337 467 335 556 467 623 283 537 116 326 326 2 329 404 326 329 519 136 335 690 337 682 458 529 458 504 246 155 306 437 362 523 114 34 561 399 34 682 0 458 2 503 155 150 552 362 114 364 365 79 693 57 673 0 458 674 57 193 150 674 619 155 421 556 628 467 467 467 682 136 628 286 335 519 693 519 246 193 80 693 693 665 399 364 561 335 79 404 404 404 102 283 246 504 114 337 80 193 193 682 337 2 283 421 421 491 690 693 443 619 693 329 673 529 102 519 114 155 503 437 437 628 103 504 36 510 443 193 519 488 79 34 488 404 443 523 193 399 306 365 458 458 537 510 329 510 443 523 362 36 467 554 0 102 102 622 193 326 4 306 57 552 628 289 306 506 283 283 467 503 690 488 488 519 491 36 529 362 103 362 674 623 458 364 193 537 503 504 4 506 230 488 687 510 365 116 673 123 335 610 335 519 519 519 4 193 523 17 136 4 103 528 529 399 488 98 628 506 34 488 537 674 687 193 4 36 306 687 674 674 335 610 404 693 335 552 467 554 467 556 537 79 329 576 561 561 283 193 682 687 4 467 150 552 506 467 537 34 283 576 488 4 4 306 36 36 365 246 510 693 283 283 79 404 2 554 488 283 4 537 329 150 529 610 488 329 404 4 246 458 467 523 286 610 674 404 693 693 4 628 628 576 619 57 57 622 623 623 404 610 690 628 623 690 529 193 4 576 682 628 467 554 155 4 80 519 335 17 623 506 2 114 687 362 193 504 289 628 326 503 561 622 57 561 561 510 57 246 665 150 365 365 98 57 246 529 673 674 504 335 491 528 467 628 116 682 404 421 399 2 687 155 289 690 365 114 693 337 150 674 610 4 0 
  Facilities: 70
 0 : 0 355 370 469 699
 2 : 2 3 284 328 357 418 591 647 686
 4 : 4 130 132 191 276 298 302 475 505 521 526 541 567 578 579 595 604 615 633 640 698
 10 : 10 121 241
 17 : 17 40 60 105 131 303 524 644
 34 : 33 34 148 214 350 353 448 535 574
 36 : 36 37 89 143 235 236 266 273 291 441 466 492 542 581 582
 48 : 48 68 134
 57 : 57 64 69 135 213 261 368 373 477 620 621 659 663 670
 71 : 71 76 151
 79 : 79 196 366 403 447 558 589
 80 : 80 199 208 395 413 641
 98 : 28 47 51 85 98 106 158 170 172 282 313 532 669
 102 : 42 102 205 314 407 431 470 471
 103 : 103 104 182 264 439 495 527
 114 : 61 70 87 113 114 349 363 411 433 648 692
 116 : 8 20 116 293 325 512 681
 123 : 93 123 124 514
 136 : 99 136 146 189 209 334 386 525
 150 : 24 150 263 360 375 569 598 666 695
 155 : 26 73 155 168 176 212 252 344 359 378 434 639 688
 193 : 119 193 267 374 394 414 415 444 453 473 501 522 540 564 632 651
 230 : 230 507
 246 : 39 44 96 120 166 246 259 343 393 409 584 605 664 671
 283 : 62 75 78 91 92 141 184 283 315 323 408 419 483 484 563 575 587 588 594
 286 : 285 286 388 609
 289 : 118 250 251 289 480 653 689
 306 : 142 216 278 306 345 455 476 481 543 580
 326 : 18 63 83 154 249 326 327 331 474 655
 329 : 5 97 108 242 329 332 428 461 559 597 602
 335 : 7 145 200 254 255 268 304 319 335 389 402 515 517 547 551 643 676
 337 : 41 43 77 81 167 232 260 294 317 337 412 417 694
 362 : 16 58 88 239 347 362 465 494 496 650
 364 : 25 74 210 364 400 500
 365 : 35 38 90 147 157 215 262 287 365 456 511 583 667 668 691
 399 : 82 127 162 163 206 277 352 399 454 530 685
 404 : 11 15 29 67 100 115 171 197 248 288 330 404 405 406 450 549 590 603 612 625 683
 421 : 179 265 272 379 420 421 684
 437 : 50 84 195 270 346 436 437
 443 : 27 228 269 425 443 451 463
 458 : 190 339 341 356 371 457 458 499 606
 467 : 30 31 86 203 256 274 307 318 321 382 383 384 467 485 553 555 568 572 607 637 679
 488 : 46 55 175 247 279 292 296 316 446 449 488 489 508 531 536 577 593 601
 491 : 422 491 677
 503 : 177 218 229 300 358 435 486 503 656
 504 : 32 174 188 231 253 342 410 440 504 652 675
 506 : 133 144 180 482 506 534 571 646
 510 : 13 23 125 245 309 442 460 462 510 585 662
 519 : 22 153 194 226 238 305 333 390 392 432 445 490 518 519 520 642
 523 : 52 280 348 452 464 523 608
 528 : 221 234 528 678
 529 : 185 187 211 227 243 340 430 493 529 599 631 672
 537 : 54 126 198 237 324 459 502 537 557 573 596
 552 : 111 117 128 312 361 478 552 570
 554 : 45 53 169 217 240 468 554 592 638
 556 : 9 181 220 281 320 380 556
 561 : 21 56 137 178 290 351 401 561 562 657 660 661
 576 : 66 95 138 156 225 560 576 618 634
 610 : 173 192 207 516 548 600 610 626 697
 619 : 160 377 426 619
 622 : 1 109 311 472 622 658
 623 : 107 110 223 299 308 322 498 623 624 629 645
 628 : 6 139 222 224 297 301 381 387 438 479 533 616 617 628 636 654 680
 665 : 19 94 112 122 152 219 233 258 398 665
 673 : 140 295 369 429 513 673
 674 : 12 186 204 271 275 372 376 497 538 545 546 611 674 696
 682 : 59 65 72 159 201 338 354 385 416 565 635 682
 687 : 101 129 164 165 183 244 509 539 544 566 649 687
 690 : 14 49 257 336 423 487 627 630 690
 693 : 149 161 202 310 367 391 396 397 424 427 550 586 613 614 693
SOLUTION:
  Value: -4763.000000
  Assigns: 0 467 2 2 4 329 628 319 116 556 10 404 674 510 690 404 213 17 326 691 116 664 519 510 150 364 688 443 98 404 467 467 504 34 34 504 36 36 691 246 17 337 102 337 246 554 488 98 48 690 437 98 610 554 537 488 2 57 102 682 610 114 246 280 57 682 66 404 48 57 114 71 682 688 364 283 71 337 283 79 80 337 399 280 437 98 467 66 213 36 691 280 283 124 691 66 246 329 98 136 404 687 102 103 103 17 98 107 329 283 107 552 691 114 114 404 116 552 289 193 246 10 691 124 124 510 537 399 552 687 4 17 4 506 48 57 136 2 688 628 369 283 306 36 506 319 136 691 34 149 150 71 691 519 326 688 66 691 98 682 149 550 399 399 687 687 179 337 688 554 98 404 98 610 504 628 688 503 290 179 506 556 103 687 283 529 674 529 179 136 458 4 610 193 519 437 79 404 537 80 319 682 149 213 674 102 399 610 80 136 364 290 688 213 34 691 306 554 503 537 556 528 628 623 628 66 519 529 443 503 79 504 337 691 528 36 36 537 519 213 554 10 329 529 687 510 246 488 404 326 289 289 688 504 319 319 467 690 691 246 337 213 691 66 103 179 36 193 319 443 437 674 179 36 213 674 4 399 306 488 280 556 98 283 2 286 286 504 404 289 290 36 488 116 337 369 488 628 4 623 503 628 4 17 319 519 306 467 623 510 149 107 552 98 102 283 488 337 467 319 556 467 623 283 537 116 326 326 2 329 404 326 329 519 136 319 690 337 682 458 529 458 504 246 688 306 437 688 280 114 34 290 399 34 682 0 458 2 503 688 150 552 691 114 364 691 79 149 57 369 0 458 674 57 213 150 674 377 688 179 556 628 467 467 467 682 136 628 286 319 519 149 519 246 193 80 550 550 691 399 364 290 319 79 404 404 404 102 283 246 504 114 337 80 193 193 682 337 2 283 179 179 491 690 149 443 377 149 329 369 529 102 519 114 688 503 437 437 628 103 504 36 510 443 193 519 488 79 34 488 404 443 628 193 399 306 691 458 458 537 510 329 510 443 628 688 36 467 554 377 102 102 682 193 326 4 306 57 552 628 289 306 506 283 283 467 503 290 488 488 519 491 36 529 691 103 628 674 623 458 364 193 537 503 504 4 506 98 488 687 510 691 116 369 280 319 610 319 519 519 519 4 193 628 17 136 4 103 528 529 399 488 98 628 506 34 488 537 674 687 193 4 36 306 687 674 674 319 610 404 550 319 552 467 554 467 556 537 79 329 66 290 290 283 213 682 687 4 467 150 552 506 467 537 34 283 66 488 4 4 306 36 36 691 664 510 550 283 283 79 404 2 554 488 283 4 537 329 150 290 610 610 329 404 4 246 458 467 628 286 610 674 404 510 149 4 628 628 66 377 550 550 682 623 623 404 610 690 628 623 690 529 193 4 66 682 628 467 554 688 4 80 519 319 17 107 506 2 114 687 691 193 504 289 628 179 503 290 107 57 290 149 510 57 664 691 150 691 98 98 57 246 529 369 674 504 319 491 528 467 628 116 682 404 179 399 2 687 688 289 690 691 66 149 337 150 674 610 4 0 
  Facilities: 70
 0 : 0 355 370 699
 2 : 2 3 56 137 284 328 357 418 591 647 686
 4 : 4 130 132 191 276 298 302 475 505 521 526 541 567 578 579 595 604 615 633 640 698
 10 : 10 121 241
 17 : 17 40 105 131 303 524 644
 34 : 33 34 148 214 350 353 448 535 574
 36 : 36 37 89 143 235 236 266 273 291 441 466 492 542 581 582
 48 : 48 68 134
 57 : 57 64 69 135 368 373 477 659 663 670
 66 : 66 87 95 156 225 263 560 576 618 634 692
 71 : 71 76 151
 79 : 79 196 230 366 403 447 558 589
 80 : 80 199 208 395 413 641
 98 : 28 47 51 85 98 106 158 170 172 282 313 507 532 668 669
 102 : 42 58 102 205 314 407 431 470 471
 103 : 103 104 182 264 439 495 527
 107 : 107 110 311 645 658
 114 : 61 70 113 114 349 363 411 433 648
 116 : 8 20 116 293 325 512 681
 124 : 93 123 124
 136 : 99 136 146 189 209 334 386 525
 149 : 149 160 202 310 367 391 424 427 614 661 693
 150 : 24 150 360 375 569 598 666 695
 179 : 166 179 188 265 272 379 420 421 655 684
 193 : 119 193 267 394 414 415 444 453 473 501 522 540 632 651
 213 : 16 88 203 213 239 261 274 374 564
 246 : 39 44 62 96 120 246 259 343 393 409 605 671
 280 : 63 83 91 280 348 514
 283 : 75 78 92 109 141 184 283 315 323 408 419 483 484 563 575 587 588 594
 286 : 285 286 388 609
 289 : 118 250 251 289 480 653 689
 290 : 178 211 290 351 401 487 561 562 599 657 660
 306 : 142 216 278 306 345 455 476 481 543 580
 319 : 7 145 200 254 255 268 304 319 335 389 402 515 517 547 551 643 676
 326 : 18 154 249 326 327 331 474
 329 : 5 97 108 242 329 332 428 461 559 597 602
 337 : 41 43 77 81 167 232 260 294 317 337 412 417 694
 364 : 25 74 210 364 400 500
 369 : 140 295 369 429 513 673
 377 : 377 426 469 619
 399 : 82 127 162 163 206 277 352 399 454 530 685
 404 : 11 15 29 67 100 115 171 197 248 288 330 404 405 406 450 549 590 603 612 625 683
 437 : 50 84 195 270 346 436 437
 443 : 27 228 269 425 443 451 463
 458 : 190 339 341 356 371 457 458 499 606
 467 : 1 30 31 86 256 307 318 321 382 383 384 467 485 553 555 568 572 607 637 679
 488 : 46 55 247 279 292 296 316 446 449 488 489 508 531 536 577 593
 491 : 422 491 677
 503 : 177 218 229 300 358 435 486 503 656
 504 : 32 35 174 231 253 287 342 410 440 504 652 675
 506 : 133 144 180 482 506 534 571 646
 510 : 13 23 125 245 309 442 460 462 510 585 613 662
 519 : 22 153 194 226 238 305 333 390 392 432 445 490 518 519 520 642
 528 : 221 234 528 678
 529 : 185 187 227 243 340 430 493 529 631 672
 537 : 54 126 198 219 237 324 459 502 537 557 573 596
 550 : 161 396 397 550 586 620 621
 552 : 111 117 128 312 361 478 552 570
 554 : 45 53 169 217 240 468 554 592 638
 556 : 9 181 220 281 320 380 556
 610 : 52 60 173 192 207 516 548 600 601 610 626 697
 623 : 223 299 308 322 498 623 624 629
 628 : 6 139 175 222 224 297 301 381 387 438 452 464 479 496 523 533 608 616 617 628 636 654 680
 664 : 21 584 664
 674 : 12 186 204 271 275 372 376 497 538 545 546 611 674 696
 682 : 59 65 72 159 201 338 354 385 416 472 565 622 635 682
 687 : 101 129 164 165 183 244 509 539 544 566 649 687
 688 : 26 73 138 155 168 176 212 252 344 347 359 378 434 465 639 688
 690 : 14 49 257 336 423 627 630 690
 691 : 19 38 90 94 112 122 147 152 157 215 233 258 262 362 365 398 456 494 511 583 650 665 667 691
SOLUTION:
  Value: -4763.000000
  Assigns: 0 467 2 2 4 329 628 319 116 556 467 197 197 510 690 404 362 17 326 691 116 290 519 510 150 364 155 443 98 404 467 467 504 34 34 504 36 36 691 246 17 260 102 260 246 554 488 98 48 690 437 98 17 554 537 488 2 57 362 682 17 114 283 280 57 682 576 404 48 57 114 71 682 155 364 283 71 260 283 79 80 260 399 280 437 98 467 114 362 36 691 280 283 124 691 576 246 329 98 136 404 687 102 103 103 17 98 107 329 283 107 552 691 114 114 404 116 552 289 193 246 467 691 124 124 510 537 399 552 687 4 17 4 506 48 57 136 2 576 628 369 283 306 36 506 319 136 691 34 149 150 71 691 519 326 155 576 691 98 682 149 550 399 399 687 687 179 260 155 554 98 404 98 548 504 628 155 503 290 179 506 556 103 687 283 493 674 631 179 136 458 4 548 193 519 437 79 197 537 80 319 682 149 467 674 2 399 548 80 136 364 493 155 57 34 691 306 554 503 537 556 528 628 623 628 576 519 493 443 503 79 504 260 691 528 36 36 537 519 362 2 4 329 493 687 510 246 488 404 326 289 289 155 504 319 319 467 690 691 246 260 57 691 150 103 179 36 193 319 443 437 674 179 36 467 674 4 399 306 488 280 556 98 283 2 286 286 504 404 289 290 36 488 116 260 369 488 628 4 623 503 628 4 17 319 519 306 467 623 510 149 107 552 98 102 283 488 260 467 319 556 679 623 283 537 116 326 326 2 329 404 326 329 519 136 319 690 260 682 458 631 458 504 493 155 306 437 362 280 114 34 290 399 34 682 0 458 2 503 155 150 552 362 114 364 691 79 149 57 369 0 458 674 57 193 150 674 197 155 179 556 628 467 467 467 682 136 628 286 319 519 149 519 246 193 80 550 550 260 399 364 290 319 79 404 404 404 102 283 246 504 114 260 80 193 193 682 260 2 283 179 179 491 690 149 443 197 149 329 369 631 102 519 114 155 503 437 437 628 103 504 36 510 443 193 519 488 79 34 488 404 443 628 193 399 306 691 458 458 537 510 329 510 443 628 362 36 467 554 0 102 102 682 193 326 4 306 57 552 628 289 306 506 283 283 467 503 290 488 488 519 491 36 493 362 103 362 674 623 458 364 193 537 503 504 4 506 98 488 687 510 691 116 369 280 319 548 319 519 519 519 4 193 628 17 136 4 103 528 493 399 488 98 628 506 34 488 537 674 687 193 4 36 306 687 674 674 319 548 404 550 319 552 467 554 467 556 537 79 329 576 290 290 283 193 682 687 4 467 150 552 506 467 537 34 283 576 488 4 4 306 36 36 691 197 510 550 283 283 79 404 2 554 488 283 4 537 329 150 290 548 488 329 404 4 246 458 467 628 286 548 674 404 510 149 197 628 628 576 197 550 550 682 623 623 404 548 690 628 623 690 631 193 4 576 682 628 467 554 155 4 80 519 319 17 107 506 2 114 687 362 193 504 289 628 179 503 290 107 57 290 149 510 57 197 691 150 691 98 98 57 246 687 369 674 504 319 491 528 679 628 116 682 404 179 399 2 687 155 289 690 691 114 149 260 150 674 548 4 0 
  Facilities: 70
 0 : 0 355 370 469 699
 2 : 2 3 56 137 205 240 284 328 357 418 591 647 686
 4 : 4 130 132 191 241 276 298 302 475 505 521 526 541 567 578 579 595 604 633 640 698
 17 : 17 40 52 60 105 131 303 524 644
 34 : 33 34 148 214 350 353 448 535 574
 36 : 36 37 89 143 235 236 266 273 291 441 466 492 542 581 582
 48 : 48 68 134
 57 : 57 64 69 135 213 261 368 373 477 659 663 670
 71 : 71 76 151
 79 : 79 196 230 366 403 447 558 589
 80 : 80 199 208 395 413 641
 98 : 28 47 51 85 98 106 158 170 172 282 313 507 532 668 669
 102 : 42 102 314 407 431 470 471
 103 : 103 104 182 264 439 495 527
 107 : 107 110 311 645 658
 114 : 61 70 87 113 114 349 363 411 433 648 692
 116 : 8 20 116 293 325 512 681
 124 : 93 123 124
 136 : 99 136 146 189 209 334 386 525
 149 : 149 160 202 310 367 391 424 427 614 661 693
 150 : 24 150 263 360 375 569 598 666 695
 155 : 26 73 155 168 176 212 252 344 359 378 434 639 688
 179 : 166 179 188 265 272 379 420 421 655 684
 193 : 119 193 267 374 394 414 415 444 453 473 501 522 540 564 632 651
 197 : 11 12 197 377 426 584 615 619 664
 246 : 39 44 96 120 246 259 393 409 605 671
 260 : 41 43 77 81 167 232 260 294 317 337 398 412 417 694
 280 : 63 83 91 280 348 514
 283 : 62 75 78 92 109 141 184 283 315 323 408 419 483 484 563 575 587 588 594
 286 : 285 286 388 609
 289 : 118 250 251 289 480 653 689
 290 : 21 178 290 351 401 487 561 562 599 657 660
 306 : 142 216 278 306 345 455 476 481 543 580
 319 : 7 145 200 254 255 268 304 319 335 389 402 515 517 547 551 643 676
 326 : 18 154 249 326 327 331 474
 329 : 5 97 108 242 329 332 428 461 559 597 602
 362 : 16 58 88 239 347 362 465 494 496 650
 364 : 25 74 210 364 400 500
 369 : 140 295 369 429 513 673
 399 : 82 127 162 163 206 277 352 399 454 530 685
 404 : 15 29 67 100 115 171 248 288 330 404 405 406 450 549 590 603 612 625 683
 437 : 50 84 195 270 346 436 437
 443 : 27 228 269 425 443 451 463
 458 : 190 339 341 356 371 457 458 499 606
 467 : 1 10 30 31 86 121 203 256 274 307 318 382 383 384 467 485 553 555 568 572 607 637
 488 : 46 55 247 279 292 296 316 446 449 488 489 508 531 536 577 593 601
 491 : 422 491 677
 493 : 185 211 227 243 343 493 529
 503 : 177 218 229 300 358 435 486 503 656
 504 : 32 35 174 231 253 287 342 410 440 504 652 675
 506 : 133 144 180 482 506 534 571 646
 510 : 13 23 125 245 309 442 460 462 510 585 613 662
 519 : 22 153 194 226 238 305 333 390 392 432 445 490 518 519 520 642
 528 : 221 234 528 678
 537 : 54 126 198 219 237 324 459 502 537 557 573 596
 548 : 173 192 207 516 548 600 610 626 697
 550 : 161 396 397 550 586 620 621
 552 : 111 117 128 312 361 478 552 570
 554 : 45 53 169 217 468 554 592 638
 556 : 9 181 220 281 320 380 556
 576 : 66 95 138 156 225 560 576 618 634
 623 : 223 299 308 322 498 623 624 629
 628 : 6 139 175 222 224 297 301 381 387 438 452 464 479 523 533 608 616 617 628 636 654 680
 631 : 187 340 430 631
 674 : 186 204 271 275 372 376 497 538 545 546 611 674 696
 679 : 321 679
 682 : 59 65 72 159 201 338 354 385 416 472 565 622 635 682
 687 : 101 129 164 165 183 244 509 539 544 566 649 672 687
 690 : 14 49 257 336 423 627 630 690
 691 : 19 38 90 94 112 122 147 152 157 215 233 258 262 365 456 511 583 665 667 691
SOLUTION:
  Value: -4767.000000
  Assigns: 0 573 2 2 4 329 628 319 116 556 10 404 674 510 690 404 362 17 326 365 116 664 22 510 150 31 688 443 98 404 607 31 504 34 34 22 235 235 365 246 580 337 102 337 246 554 488 98 48 690 437 98 610 554 573 488 2 57 362 682 610 114 283 280 57 682 114 404 48 57 114 71 682 688 17 283 71 337 283 79 80 337 162 280 437 98 31 114 362 235 365 280 283 124 365 552 246 329 98 136 404 687 102 103 103 17 98 107 329 283 107 552 365 114 114 404 116 552 289 193 246 10 365 124 124 510 573 162 552 687 22 17 4 506 48 57 136 2 688 628 369 235 306 319 506 319 136 365 34 693 150 71 365 22 326 688 552 365 98 682 619 693 162 162 687 687 179 337 688 554 98 404 98 610 506 628 688 503 290 179 506 556 103 687 283 493 22 631 179 136 458 4 610 193 22 437 79 404 573 80 319 682 693 31 674 2 162 610 80 136 235 493 688 57 34 365 306 554 503 193 556 528 628 623 628 688 687 493 443 503 79 504 337 365 528 235 235 573 22 362 2 10 329 493 687 510 246 488 404 326 289 289 688 504 319 319 607 690 365 246 337 57 365 150 103 179 235 193 319 443 437 674 179 235 31 674 4 79 306 488 280 556 98 283 2 286 286 22 404 289 290 437 488 116 337 369 488 628 4 623 503 628 4 17 319 4 306 573 623 510 693 107 552 98 102 283 488 337 607 319 556 607 623 283 573 116 326 326 2 329 404 326 329 4 136 319 690 337 682 458 631 458 504 493 688 306 437 362 280 114 34 290 162 34 682 0 458 2 503 688 150 552 362 114 17 365 79 693 57 369 0 458 674 57 193 150 674 619 688 179 556 628 31 31 573 682 136 628 286 319 22 693 22 246 193 80 693 693 337 162 17 290 319 79 404 404 404 102 283 246 504 114 337 80 193 193 682 337 2 283 179 179 491 690 693 443 619 693 329 369 631 102 2 114 688 503 437 437 628 103 504 235 510 443 193 2 488 79 34 488 404 443 628 193 162 306 365 458 458 116 510 329 510 443 628 362 235 607 554 0 102 102 682 193 326 4 306 57 552 628 289 306 506 283 283 607 503 290 488 488 22 491 235 493 362 103 362 674 623 458 79 193 573 503 504 4 506 98 162 687 510 365 116 369 280 319 610 319 2 22 22 4 193 628 17 136 4 103 528 493 162 488 98 628 506 34 488 573 674 687 193 4 235 306 687 674 573 319 610 404 693 319 552 573 554 607 556 573 79 329 688 290 290 235 193 682 687 4 607 150 552 506 573 573 34 283 552 488 4 580 580 235 235 365 664 510 693 283 283 79 404 2 554 488 283 4 573 329 150 290 610 610 329 404 4 246 458 607 628 580 610 674 404 510 693 4 628 628 688 619 57 57 682 623 623 404 610 690 628 623 690 631 193 4 552 682 628 607 554 688 4 80 22 319 17 107 506 2 114 687 362 193 504 289 628 179 503 290 107 57 290 693 510 57 664 365 150 365 365 98 57 246 687 369 674 504 319 491 528 607 628 116 682 404 179 162 2 687 688 289 690 365 114 693 337 150 674 610 4 0 
  Facilities: 70
 0 : 0 355 370 469 699
 2 : 2 3 56 137 205 240 284 328 357 418 432 445 518 591 647 686
 4 : 4 132 191 276 298 302 305 333 475 505 521 526 541 567 578 595 604 615 633 640 698
 10 : 10 121 241
 17 : 17 74 105 131 303 364 400 524 644
 22 : 22 35 130 153 186 194 238 287 390 392 490 519 520 642
 31 : 25 31 86 203 274 382 383
 34 : 33 34 148 214 350 353 448 535 574
 48 : 48 68 134
 57 : 57 64 69 135 213 261 368 373 477 620 621 659 663 670
 71 : 71 76 151
 79 : 79 196 230 277 366 403 447 500 558 589
 80 : 80 199 208 395 413 641
 98 : 28 47 51 85 98 106 158 170 172 282 313 507 532 669
 102 : 42 102 314 407 431 470 471
 103 : 103 104 182 264 439 495 527
 107 : 107 110 311 645 658
 114 : 61 66 70 87 113 114 349 363 411 433 648 692
 116 : 8 20 116 293 325 459 512 681
 124 : 93 123 124
 136 : 99 136 146 189 209 334 386 525
 150 : 24 150 263 360 375 569 598 666 695
 162 : 82 127 162 163 206 352 399 454 508 530 685
 179 : 166 179 188 265 272 379 420 421 655 684
 193 : 119 193 219 267 374 394 414 415 444 453 473 501 522 540 564 632 651
 235 : 36 37 89 141 210 235 236 266 273 441 466 492 542 563 581 582
 246 : 39 44 96 120 246 259 393 409 605 671
 280 : 63 83 91 280 348 514
 283 : 62 75 78 92 109 184 283 315 323 408 419 483 484 575 587 588 594
 286 : 285 286 388
 289 : 118 250 251 289 480 653 689
 290 : 178 290 351 401 487 561 562 599 657 660
 306 : 142 216 278 306 345 455 476 481 543
 319 : 7 143 145 200 254 255 268 304 319 335 389 402 515 517 547 551 643 676
 326 : 18 154 249 326 327 331 474
 329 : 5 97 108 242 329 332 428 461 559 597 602
 337 : 41 43 77 81 167 232 260 294 317 337 398 412 417 694
 362 : 16 58 88 239 347 362 465 494 496 650
 365 : 19 38 90 94 112 122 147 152 157 215 233 258 262 365 456 511 583 665 667 668 691
 369 : 140 295 369 429 513 673
 404 : 11 15 29 67 100 115 171 197 248 288 330 404 405 406 450 549 590 603 612 625 683
 437 : 50 84 195 270 291 346 436 437
 443 : 27 228 269 425 443 451 463
 458 : 190 339 341 356 371 457 458 499 606
 488 : 46 55 247 279 292 296 316 446 449 488 489 531 536 577 593
 491 : 422 491 677
 493 : 185 211 227 243 343 493 529
 503 : 177 218 229 300 358 435 486 503 656
 504 : 32 231 253 342 410 440 504 652 675
 506 : 133 144 174 180 482 506 534 571 646
 510 : 13 23 125 245 309 442 460 462 510 585 613 662
 528 : 221 234 528 678
 552 : 95 111 117 128 156 312 361 478 552 570 576 634
 554 : 45 53 169 217 468 554 592 638
 556 : 9 181 220 281 320 380 556
 573 : 1 54 126 198 237 307 324 384 502 537 546 553 557 572 573 596
 580 : 40 579 580 609
 607 : 30 256 318 321 467 485 555 568 607 637 679
 610 : 52 60 173 192 207 516 548 600 601 610 626 697
 619 : 160 377 426 619
 623 : 223 299 308 322 498 623 624 629
 628 : 6 139 175 222 224 297 301 381 387 438 452 464 479 523 533 608 616 617 628 636 654 680
 631 : 187 340 430 631
 664 : 21 584 664
 674 : 12 204 271 275 372 376 497 538 545 611 674 696
 682 : 59 65 72 159 201 338 354 385 416 472 565 622 635 682
 687 : 101 129 164 165 183 226 244 509 539 544 566 649 672 687
 688 : 26 73 138 155 168 176 212 225 252 344 359 378 434 560 618 639 688
 690 : 14 49 257 336 423 627 630 690
 693 : 149 161 202 310 367 391 396 397 424 427 550 586 614 661 693
SOLUTION:
  Value: -4767.000000
  Assigns: 355 467 2 2 4 329 628 319 116 556 467 404 674 510 690 404 362 17 326 691 116 664 519 510 150 364 155 443 98 404 467 467 504 34 34 504 36 36 691 246 17 337 407 337 246 217 488 98 48 690 437 98 610 217 537 488 2 57 407 682 610 114 283 280 57 682 66 404 48 57 114 71 682 155 364 283 71 337 283 79 80 337 162 280 437 98 467 66 362 36 691 280 283 124 691 66 246 329 98 136 404 687 407 103 103 17 98 107 329 283 107 552 691 114 114 404 116 552 289 193 246 467 691 124 124 510 537 162 552 687 4 17 4 506 48 57 136 2 66 628 369 283 306 36 506 319 136 691 34 693 150 71 691 519 326 155 66 691 98 682 377 693 162 162 687 687 179 337 155 217 98 404 98 610 504 628 155 503 290 179 506 556 103 687 283 493 674 631 179 136 458 4 610 193 519 437 79 404 537 80 319 682 693 467 674 2 162 610 80 136 364 493 155 57 34 691 306 217 503 537 556 528 628 623 628 66 519 493 443 503 79 504 337 691 528 36 36 537 519 362 2 4 329 493 687 510 246 488 404 326 289 289 155 504 319 319 467 690 691 246 337 57 691 66 103 179 36 193 319 443 437 674 179 36 467 674 4 79 306 488 280 556 98 283 2 286 286 504 404 289 290 36 292 116 337 369 488 628 4 623 503 628 4 17 319 519 306 467 623 510 693 107 552 98 407 283 488 337 467 319 556 467 623 283 537 116 326 326 2 329 404 326 329 519 136 319 690 337 682 458 631 458 504 493 155 306 437 362 280 114 34 290 162 34 682 355 458 2 503 155 150 552 362 114 364 691 79 693 57 369 355 458 674 57 193 150 674 377 155 179 556 628 467 467 467 682 136 628 286 319 519 693 519 246 193 80 693 693 691 162 364 290 319 79 404 404 404 407 283 246 504 114 337 80 193 193 682 337 2 283 179 179 491 690 693 443 377 693 329 369 631 407 519 114 155 503 437 437 628 103 504 36 510 443 193 519 488 79 34 488 404 443 628 193 162 306 691 458 458 537 510 329 510 443 628 362 36 467 217 377 407 407 682 193 326 4 306 57 552 628 289 306 506 283 283 467 503 290 488 488 519 491 36 493 362 103 362 674 623 458 364 193 537 503 504 4 506 98 162 687 510 691 116 369 280 319 610 319 519 519 519 4 193 628 17 136 4 103 528 493 162 488 98 628 506 34 488 537 674 687 193 4 36 306 687 674 674 319 610 404 693 319 552 467 217 467 556 537 79 329 66 290 290 283 193 682 687 4 467 150 552 506 467 537 34 283 66 488 4 4 306 36 36 691 664 510 693 283 283 79 404 2 217 488 283 4 537 329 150 290 610 610 329 404 4 246 458 467 628 286 610 674 404 510 693 4 628 628 66 377 57 57 682 623 623 404 610 690 628 623 690 631 193 4 66 682 628 467 217 155 4 80 519 319 17 107 506 2 114 687 362 193 504 289 628 179 503 290 107 57 290 290 510 57 664 691 150 691 98 98 57 246 687 369 674 504 319 491 528 467 628 116 682 404 179 162 2 687 155 289 690 691 66 693 337 150 674 610 4 355 
  Facilities: 70
 2 : 2 3 56 137 205 240 284 328 357 418 591 647 686
 4 : 4 130 132 191 241 276 298 302 475 505 521 526 541 567 578 579 595 604 615 633 640 698
 17 : 17 40 105 131 303 524 644
 34 : 33 34 148 214 350 353 448 535 574
 36 : 36 37 89 143 235 236 266 273 291 441 466 492 542 581 582
 48 : 48 68 134
 57 : 57 64 69 135 213 261 368 373 477 620 621 659 663 670
 66 : 66 87 95 138 156 225 263 560 576 618 634 692
 71 : 71 76 151
 79 : 79 196 230 277 366 403 447 558 589
 80 : 80 199 208 395 413 641
 98 : 28 47 51 85 98 106 158 170 172 282 313 507 532 668 669
 103 : 103 104 182 264 439 495 527
 107 : 107 110 311 645 658
 114 : 61 70 113 114 349 363 411 433 648
 116 : 8 20 116 293 325 512 681
 124 : 93 123 124
 136 : 99 136 146 189 209 334 386 525
 150 : 24 150 360 375 569 598 666 695
 155 : 26 73 155 168 176 212 252 344 359 378 434 639 688
 162 : 82 127 162 163 206 352 399 454 508 530 685
 179 : 166 179 188 265 272 379 420 421 655 684
 193 : 119 193 267 374 394 414 415 444 453 473 501 522 540 564 632 651
 217 : 45 53 169 217 468 554 592 638
 246 : 39 44 96 120 246 259 393 409 605 671
 280 : 63 83 91 280 348 514
 283 : 62 75 78 92 109 141 184 283 315 323 408 419 483 484 563 575 587 588 594
 286 : 285 286 388 609
 289 : 118 250 251 289 480 653 689
 290 : 178 290 351 401 487 561 562 599 657 660 661
 292 : 292
 306 : 142 216 278 306 345 455 476 481 543 580
 319 : 7 145 200 254 255 268 304 319 335 389 402 515 517 547 551 643 676
 326 : 18 154 249 326 327 331 474
 329 : 5 97 108 242 329 332 428 461 559 597 602
 337 : 41 43 77 81 167 232 260 294 317 337 412 417 694
 355 : 0 355 370 699
 362 : 16 88 239 347 362 465 494 496 650
 364 : 25 74 210 364 400 500
 369 : 140 295 369 429 513 673
 377 : 160 377 426 469 619
 404 : 11 15 29 67 100 115 171 197 248 288 330 404 405 406 450 549 590 603 612 625 683
 407 : 42 58 102 314 407 431 470 471
 437 : 50 84 195 270 346 436 437
 443 : 27 228 269 425 443 451 463
 458 : 190 339 341 356 371 457 458 499 606
 467 : 1 10 30 31 86 121 203 256 274 307 318 321 382 383 384 467 485 553 555 568 572 607 637 679
 488 : 46 55 247 279 296 316 446 449 488 489 531 536 577 593
 491 : 422 491 677
 493 : 185 211 227 243 343 493 529
 503 : 177 218 229 300 358 435 486 503 656
 504 : 32 35 174 231 253 287 342 410 440 504 652 675
 506 : 133 144 180 482 506 534 571 646
 510 : 13 23 125 245 309 442 460 462 510 585 613 662
 519 : 22 153 194 226 238 305 333 390 392 432 445 490 518 519 520 642
 528 : 221 234 528 678
 537 : 54 126 198 219 237 324 459 502 537 557 573 596
 552 : 111 117 128 312 361 478 552 570
 556 : 9 181 220 281 320 380 556
 610 : 52 60 173 192 207 516 548 600 601 610 626 697
 623 : 223 299 308 322 498 623 624 629
 628 : 6 139 175 222 224 297 301 381 387 438 452 464 479 523 533 608 616 617 628 636 654 680
 631 : 187 340 430 631
 664 : 21 584 664
 674 : 12 186 204 271 275 372 376 497 538 545 546 611 674 696
 682 : 59 65 72 159 201 338 354 385 416 472 565 622 635 682
 687 : 101 129 164 165 183 244 509 539 544 566 649 672 687
 690 : 14 49 257 336 423 627 630 690
 691 : 19 38 90 94 112 122 147 152 157 215 233 258 262 365 398 456 511 583 665 667 691
 693 : 149 161 202 310 367 391 396 397 424 427 550 586 614 693
SOLUTION:
  Value: -4769.000000
  Assigns: 0 622 2 2 4 329 628 319 116 556 10 197 197 510 184 404 362 17 326 365 116 561 519 510 150 364 73 443 98 404 607 34 504 34 34 365 235 235 365 246 225 337 407 337 246 554 488 98 48 690 437 98 523 554 537 488 2 57 407 682 610 114 246 326 57 682 225 404 48 57 114 71 682 73 364 184 71 337 587 79 80 337 399 326 437 98 34 114 362 235 365 587 587 123 365 225 246 329 98 136 404 687 407 103 103 17 98 623 329 622 623 552 365 114 114 404 116 552 289 193 246 10 365 123 123 510 537 399 552 687 4 17 4 506 48 57 136 2 225 628 673 587 306 319 506 319 136 365 34 693 150 71 365 519 326 73 225 365 98 682 619 693 399 399 687 687 179 337 73 554 98 404 98 610 504 628 73 503 561 179 506 556 103 687 184 529 674 529 179 136 458 4 610 193 519 437 79 197 537 80 319 682 693 57 674 2 399 610 80 136 364 529 73 57 34 365 306 554 503 537 556 678 628 623 628 225 519 529 443 503 79 504 337 365 678 235 235 537 519 362 2 10 329 529 687 510 246 488 404 326 289 289 179 504 319 319 607 690 365 246 337 57 365 150 103 179 235 193 319 443 437 674 179 235 34 57 4 399 306 488 523 556 98 587 2 286 286 365 404 289 561 437 488 116 337 673 488 628 4 623 503 628 4 17 319 519 306 326 184 510 693 622 552 98 673 79 488 337 607 319 556 607 623 587 537 116 326 326 2 329 404 326 329 519 136 319 690 337 682 458 529 458 504 246 73 306 437 362 523 114 34 561 399 34 682 0 458 2 503 73 150 552 362 114 364 365 79 693 57 673 0 458 674 57 193 150 674 619 73 179 556 628 34 34 607 682 136 628 286 319 519 693 519 246 193 80 693 693 337 399 364 561 319 79 404 404 404 407 587 246 504 114 337 80 193 193 682 337 2 587 179 179 422 690 693 443 619 693 329 673 529 407 519 114 73 503 437 437 628 103 504 235 510 443 193 519 488 79 34 488 404 443 523 193 399 306 365 458 458 537 510 329 510 443 523 362 235 607 554 0 407 407 622 193 326 4 306 57 552 628 289 306 506 587 587 607 503 690 488 488 519 422 235 529 362 103 362 674 623 458 364 193 537 503 504 4 506 98 488 687 510 365 116 673 123 319 610 319 519 519 519 184 193 523 17 136 4 103 678 529 399 488 98 628 506 34 488 537 674 687 193 4 235 306 687 674 674 319 610 404 693 319 552 607 554 607 556 537 79 329 225 561 561 587 193 682 687 4 607 150 552 506 607 537 34 587 225 488 4 4 306 235 235 365 197 510 693 587 587 79 404 2 554 488 184 184 537 329 150 529 610 488 329 404 4 246 458 607 523 286 610 674 404 510 693 197 628 628 225 619 57 57 622 623 623 404 610 690 628 623 690 529 193 4 225 682 628 607 554 73 4 80 519 319 225 623 506 2 114 687 362 193 504 289 628 179 503 561 622 57 561 561 184 57 197 365 150 365 365 98 57 246 529 673 674 504 319 422 678 607 628 116 682 404 179 399 2 687 73 289 690 365 114 693 337 150 674 610 4 0 
  Facilities: 70
 0 : 0 355 370 469 699
 2 : 2 3 56 137 205 240 284 328 357 418 591 647 686
 4 : 4 130 132 191 276 298 302 475 505 526 541 567 578 579 604 633 640 698
 10 : 10 121 241
 17 : 17 105 131 303 524
 34 : 31 33 34 86 148 214 274 350 353 382 383 448 535 574
 48 : 48 68 134
 57 : 57 64 69 135 203 213 261 275 368 373 477 620 621 659 663 670
 71 : 71 76 151
 73 : 26 73 155 168 176 212 344 359 378 434 639 688
 79 : 79 196 230 315 366 403 447 558 589
 80 : 80 199 208 395 413 641
 98 : 28 47 51 85 98 106 158 170 172 282 313 507 532 669
 103 : 103 104 182 264 439 495 527
 114 : 61 70 87 113 114 349 363 411 433 648 692
 116 : 8 20 116 293 325 512 681
 123 : 93 123 124 514
 136 : 99 136 146 189 209 334 386 525
 150 : 24 150 263 360 375 569 598 666 695
 179 : 166 179 188 252 265 272 379 420 421 655 684
 184 : 14 75 184 308 521 594 595 662
 193 : 119 193 267 374 394 414 415 444 453 473 501 522 540 564 632 651
 197 : 11 12 197 584 615 664
 225 : 40 66 95 138 156 225 560 576 618 634 644
 235 : 36 37 89 235 236 266 273 441 466 492 542 581 582
 246 : 39 44 62 96 120 246 259 343 393 409 605 671
 286 : 285 286 388 609
 289 : 118 250 251 289 480 653 689
 306 : 142 216 278 306 345 455 476 481 543 580
 319 : 7 143 145 200 254 255 268 304 319 335 389 402 515 517 547 551 643 676
 326 : 18 63 83 154 249 307 326 327 331 474
 329 : 5 97 108 242 329 332 428 461 559 597 602
 337 : 41 43 77 81 167 232 260 294 317 337 398 412 417 694
 362 : 16 88 239 347 362 465 494 496 650
 364 : 25 74 210 364 400 500
 365 : 19 35 38 90 94 112 122 147 152 157 215 233 258 262 287 365 456 511 583 665 667 668 691
 399 : 82 127 162 163 206 277 352 399 454 530 685
 404 : 15 29 67 100 115 171 248 288 330 404 405 406 450 549 590 603 612 625 683
 407 : 42 58 102 407 431 470 471
 422 : 422 491 677
 437 : 50 84 195 270 291 346 436 437
 443 : 27 228 269 425 443 451 463
 458 : 190 339 341 356 371 457 458 499 606
 488 : 46 55 247 279 292 296 316 446 449 488 489 508 531 536 577 593 601
 503 : 177 218 229 300 358 435 486 503 656
 504 : 32 174 231 253 342 410 440 504 652 675
 506 : 133 144 180 482 506 534 571 646
 510 : 13 23 125 245 309 442 460 462 510 585 613
 519 : 22 153 194 226 238 305 333 390 392 432 445 490 518 519 520 642
 523 : 52 280 348 452 464 523 608
 529 : 185 187 211 227 243 340 430 493 529 599 631 672
 537 : 54 126 198 219 237 324 459 502 537 557 573 596
 552 : 111 117 128 312 361 478 552 570
 554 : 45 53 169 217 468 554 592 638
 556 : 9 181 220 281 320 380 556
 561 : 21 178 290 351 401 561 562 657 660 661
 587 : 78 91 92 141 283 323 408 419 483 484 563 575 587 588
 607 : 30 256 318 321 384 467 485 553 555 568 572 607 637 679
 610 : 60 173 192 207 516 548 600 610 626 697
 619 : 160 377 426 619
 622 : 1 109 311 472 622 658
 623 : 107 110 223 299 322 498 623 624 629 645
 628 : 6 139 175 222 224 297 301 381 387 438 479 533 616 617 628 636 654 680
 673 : 140 295 314 369 429 513 673
 674 : 186 204 271 372 376 497 538 545 546 611 674 696
 678 : 221 234 528 678
 682 : 59 65 72 159 201 338 354 385 416 565 635 682
 687 : 101 129 164 165 183 244 509 539 544 566 649 687
 690 : 49 257 336 423 487 627 630 690
 693 : 149 161 202 310 367 391 396 397 424 427 550 586 614 693
SOLUTION:
  Value: -4770.000000
  Assigns: 0 467 2 2 578 329 628 319 116 556 578 404 674 510 690 404 362 105 326 691 116 561 519 510 150 364 155 443 313 404 467 467 504 34 34 504 36 36 691 246 105 417 102 417 246 217 488 313 48 690 313 313 523 217 537 488 137 57 362 682 105 114 283 326 57 682 576 404 48 57 114 71 682 155 364 283 71 417 283 79 80 417 399 326 682 669 467 114 362 36 691 283 283 123 691 576 246 329 313 136 404 649 102 103 103 105 669 107 329 283 107 552 691 114 114 404 116 552 289 193 246 578 691 123 123 510 537 399 552 649 519 105 0 506 48 57 136 137 576 628 673 283 306 36 321 319 136 691 34 693 150 71 691 519 326 155 576 691 467 682 619 693 399 399 649 649 179 417 155 217 313 404 669 610 504 488 155 503 561 179 506 556 103 649 283 493 674 631 504 136 458 313 610 193 519 669 79 404 537 80 319 682 693 467 674 2 399 610 80 136 364 493 155 57 34 691 306 217 503 537 556 528 628 623 628 576 519 493 443 503 79 504 417 691 528 36 36 537 519 362 2 578 329 493 114 510 246 488 404 326 289 289 155 504 319 319 467 690 691 246 417 57 691 150 103 179 36 193 319 443 682 674 272 272 467 674 578 79 306 488 523 556 610 283 137 286 286 504 404 289 561 36 488 116 417 673 488 628 578 623 503 628 116 105 319 578 306 467 623 510 693 107 552 313 102 283 488 417 467 319 556 321 623 283 537 116 326 326 2 329 404 326 329 578 136 319 690 417 682 458 631 458 504 493 155 306 669 362 523 114 34 561 399 34 682 0 458 2 503 155 150 552 362 114 364 691 79 693 57 673 0 458 674 57 193 150 674 619 155 179 556 628 467 467 467 682 136 628 286 319 519 693 519 246 193 80 693 693 691 399 364 561 319 79 404 404 404 102 283 246 504 114 417 80 193 193 682 417 2 283 272 179 137 690 693 443 619 693 329 673 631 102 519 114 155 503 682 682 628 103 504 36 510 443 193 519 488 79 34 488 404 443 523 193 399 306 691 458 458 537 510 329 510 443 523 362 36 467 217 0 102 102 682 193 326 578 306 57 552 628 289 306 506 283 283 467 503 690 488 488 519 137 36 493 362 103 362 674 623 458 364 193 537 503 504 578 506 79 488 283 510 691 116 673 123 319 610 319 519 519 519 578 193 523 105 136 628 103 528 493 399 488 674 628 506 34 488 537 674 137 193 578 36 306 649 674 674 319 610 404 693 319 552 467 217 467 556 537 79 669 576 561 561 283 193 682 649 528 467 150 552 506 467 537 34 283 576 488 578 578 306 36 36 691 246 510 693 283 283 79 404 2 217 488 283 578 537 329 150 561 610 488 329 404 578 246 458 467 523 286 610 674 404 510 693 313 628 628 576 619 57 57 682 623 623 404 610 690 628 623 690 631 193 578 576 682 628 467 217 155 313 80 519 319 105 107 506 2 114 649 362 193 504 289 628 179 503 561 107 57 561 561 510 57 246 691 150 691 313 669 57 246 649 673 674 504 319 137 528 321 628 116 682 404 179 399 2 649 155 289 690 691 114 693 537 150 674 610 578 0 
  Facilities: 70
 0 : 0 132 355 370 469 699
 2 : 2 3 205 240 328 357 418 591 647 686
 34 : 33 34 148 214 350 353 448 535 574
 36 : 36 37 89 143 235 236 266 291 441 466 492 542 581 582
 48 : 48 68 134
 57 : 57 64 69 135 213 261 368 373 477 620 621 659 663 670
 71 : 71 76 151
 79 : 79 196 230 277 366 403 447 507 558 589
 80 : 80 199 208 395 413 641
 102 : 42 102 314 407 431 470 471
 103 : 103 104 182 264 439 495 527
 105 : 17 40 60 105 131 303 524 644
 107 : 107 110 311 645 658
 114 : 61 70 87 113 114 244 349 363 411 433 648 692
 116 : 8 20 116 293 302 325 512 681
 123 : 93 123 124 514
 136 : 99 136 146 189 209 334 386 525
 137 : 56 137 284 422 491 539 677
 150 : 24 150 263 360 375 569 598 666 695
 155 : 26 73 155 168 176 212 252 344 359 378 434 639 688
 179 : 166 179 265 379 421 655 684
 193 : 119 193 267 374 394 414 415 444 453 473 501 522 540 564 632 651
 217 : 45 53 169 217 468 554 592 638
 246 : 39 44 96 120 246 259 393 409 584 605 664 671
 272 : 272 273 420
 283 : 62 75 78 91 92 109 141 184 283 315 323 408 419 483 484 509 563 575 587 588 594
 286 : 285 286 388 609
 289 : 118 250 251 289 480 653 689
 306 : 142 216 278 306 345 455 476 481 543 580
 313 : 28 47 50 51 98 170 191 313 615 640 668
 319 : 7 145 200 254 255 268 304 319 335 389 402 515 517 547 551 643 676
 321 : 144 321 679
 326 : 18 63 83 154 249 326 327 331 474
 329 : 5 97 108 242 329 332 428 461 597 602
 362 : 16 58 88 239 347 362 465 494 496 650
 364 : 25 74 210 364 400 500
 399 : 82 127 162 163 206 352 399 454 530 685
 404 : 11 15 29 67 100 115 171 197 248 288 330 404 405 406 450 549 590 603 612 625 683
 417 : 41 43 77 81 167 232 260 294 317 337 412 417
 443 : 27 228 269 425 443 451 463
 458 : 190 339 341 356 371 457 458 499 606
 467 : 1 30 31 86 158 203 256 274 307 318 382 383 384 467 485 553 555 568 572 607 637
 488 : 46 55 175 247 279 292 296 316 446 449 488 489 508 531 536 577 593 601
 493 : 185 211 227 243 343 493 529
 503 : 177 218 229 300 358 435 486 503 656
 504 : 32 35 174 188 231 253 287 342 410 440 504 652 675
 506 : 133 180 482 506 534 571 646
 510 : 13 23 125 245 309 442 460 462 510 585 613 662
 519 : 22 130 153 194 226 238 390 392 432 445 490 518 519 520 642
 523 : 52 280 348 452 464 523 608
 528 : 221 234 528 567 678
 537 : 54 126 198 219 237 324 459 502 537 557 573 596 694
 552 : 111 117 128 312 361 478 552 570
 556 : 9 181 220 281 320 380 556
 561 : 21 178 290 351 401 561 562 599 657 660 661
 576 : 66 95 138 156 225 560 576 618 634
 578 : 4 10 121 241 276 298 305 333 475 505 521 541 578 579 595 604 633 698
 610 : 173 192 207 282 516 548 600 610 626 697
 619 : 160 377 426 619
 623 : 223 299 308 322 498 623 624 629
 628 : 6 139 222 224 297 301 381 387 438 479 526 533 616 617 628 636 654 680
 631 : 187 340 430 631
 649 : 101 129 164 165 183 544 566 649 672 687
 669 : 85 106 172 195 346 559 669
 673 : 140 295 369 429 513 673
 674 : 12 186 204 271 275 372 376 497 532 538 545 546 611 674 696
 682 : 59 65 72 84 159 201 270 338 354 385 416 436 437 472 565 622 635 682
 690 : 14 49 257 336 423 487 627 630 690
 691 : 19 38 90 94 112 122 147 152 157 215 233 258 262 365 398 456 511 583 665 667 691
 693 : 149 161 202 310 367 391 396 397 424 427 550 586 614 693
SOLUTION:
  Value: -4772.000000
  Assigns: 0 467 2 2 578 329 628 319 116 556 578 404 674 510 690 404 239 17 326 691 116 584 519 510 150 364 73 443 98 404 467 467 504 34 34 504 36 36 691 246 225 417 102 417 246 554 488 98 48 690 437 98 610 554 537 488 2 57 102 682 610 114 283 280 57 682 225 404 48 57 114 71 682 73 364 283 71 417 283 79 80 417 399 280 437 98 467 114 239 36 691 280 283 124 691 225 246 329 98 136 404 687 102 103 103 17 98 107 329 283 107 552 691 114 114 404 116 552 289 193 246 578 691 124 124 510 537 399 552 687 519 17 0 506 48 57 136 2 225 628 369 283 306 36 506 319 136 691 34 693 150 71 691 519 326 73 225 691 98 682 619 693 399 399 687 687 179 417 73 554 98 404 98 610 504 488 73 503 290 179 506 556 103 687 283 529 239 529 504 136 458 640 610 193 519 437 79 584 537 80 319 682 693 467 674 584 399 610 80 136 364 290 73 57 34 691 306 554 503 537 556 528 628 623 628 225 519 529 443 503 79 504 417 691 528 36 36 537 519 239 554 578 329 529 687 510 246 488 404 326 289 289 504 504 319 319 467 690 691 246 417 57 691 150 103 179 36 193 319 443 437 674 179 36 467 674 578 399 306 488 280 556 98 283 2 286 286 504 404 289 290 36 488 116 417 369 488 628 578 623 503 628 116 17 319 578 306 467 623 510 693 107 552 98 102 283 488 417 467 319 556 679 623 283 537 116 326 326 2 329 404 326 329 578 136 319 690 417 682 458 529 458 504 246 73 306 437 239 280 114 34 290 399 34 682 0 458 2 503 73 150 552 239 114 364 691 79 693 57 369 0 458 674 57 193 150 674 619 73 179 556 628 467 467 467 682 136 628 286 319 519 693 519 246 193 80 693 693 691 399 364 290 319 79 404 404 404 102 283 246 504 114 417 80 193 193 682 417 2 283 179 179 491 690 693 443 619 693 329 369 529 102 519 114 73 503 437 437 628 103 504 36 510 443 193 519 488 79 34 488 404 443 628 193 399 306 691 458 458 537 510 329 510 443 628 239 36 467 554 0 102 102 682 193 326 578 306 57 552 628 289 306 506 283 283 467 503 290 488 488 519 491 36 529 691 103 628 674 623 458 364 193 537 503 504 578 506 98 488 687 510 691 116 369 280 319 610 319 519 519 519 578 193 628 17 136 628 103 528 529 399 488 98 628 506 34 488 537 674 687 193 578 36 306 687 674 674 319 610 404 693 319 552 467 554 467 556 537 79 329 225 290 290 283 193 682 687 528 467 150 552 506 467 537 34 283 225 488 578 578 306 36 36 691 584 510 693 283 283 79 404 2 554 584 283 578 537 329 150 290 610 488 329 404 578 246 458 467 628 286 610 674 404 510 693 640 628 628 225 619 57 57 682 623 623 404 610 690 628 623 690 529 193 578 225 682 628 467 554 73 640 80 519 319 225 107 506 2 114 687 691 193 504 289 628 179 503 290 107 57 290 290 510 57 584 691 150 691 98 98 57 246 529 369 674 504 319 491 528 679 628 116 682 404 179 399 2 687 73 289 690 691 114 693 537 150 674 610 578 0 
  Facilities: 70
 0 : 0 132 355 370 469 699
 2 : 2 3 56 137 284 328 357 418 591 647 686
 17 : 17 105 131 303 524
 34 : 33 34 148 214 350 353 448 535 574
 36 : 36 37 89 143 235 236 266 273 291 441 466 492 542 581 582
 48 : 48 68 134
 57 : 57 64 69 135 213 261 368 373 477 620 621 659 663 670
 71 : 71 76 151
 73 : 26 73 155 168 176 212 344 359 378 434 639 688
 79 : 79 196 230 366 403 447 558 589
 80 : 80 199 208 395 413 641
 98 : 28 47 51 85 98 106 158 170 172 282 313 507 532 668 669
 102 : 42 58 102 314 407 431 470 471
 103 : 103 104 182 264 439 495 527
 107 : 107 110 311 645 658
 114 : 61 70 87 113 114 349 363 411 433 648 692
 116 : 8 20 116 293 302 325 512 681
 124 : 93 123 124
 136 : 99 136 146 189 209 334 386 525
 150 : 24 150 263 360 375 569 598 666 695
 179 : 166 179 265 272 379 420 421 655 684
 193 : 119 193 267 374 394 414 415 444 453 473 501 522 540 564 632 651
 225 : 40 66 95 138 156 225 560 576 618 634 644
 239 : 16 88 186 239 347 362 465
 246 : 39 44 96 120 246 259 343 393 409 605 671
 280 : 63 83 91 280 348 514
 283 : 62 75 78 92 109 141 184 283 315 323 408 419 483 484 563 575 587 588 594
 286 : 285 286 388 609
 289 : 118 250 251 289 480 653 689
 290 : 178 211 290 351 401 487 561 562 599 657 660 661
 306 : 142 216 278 306 345 455 476 481 543 580
 319 : 7 145 200 254 255 268 304 319 335 389 402 515 517 547 551 643 676
 326 : 18 154 249 326 327 331 474
 329 : 5 97 108 242 329 332 428 461 559 597 602
 364 : 25 74 210 364 400 500
 369 : 140 295 369 429 513 673
 399 : 82 127 162 163 206 277 352 399 454 530 685
 404 : 11 15 29 67 100 115 171 248 288 330 404 405 406 450 549 590 603 612 625 683
 417 : 41 43 77 81 167 232 260 294 317 337 412 417
 437 : 50 84 195 270 346 436 437
 443 : 27 228 269 425 443 451 463
 458 : 190 339 341 356 371 457 458 499 606
 467 : 1 30 31 86 203 256 274 307 318 382 383 384 467 485 553 555 568 572 607 637
 488 : 46 55 175 247 279 292 296 316 446 449 488 489 508 531 536 577 601
 491 : 422 491 677
 503 : 177 218 229 300 358 435 486 503 656
 504 : 32 35 174 188 231 252 253 287 342 410 440 504 652 675
 506 : 133 144 180 482 506 534 571 646
 510 : 13 23 125 245 309 442 460 462 510 585 613 662
 519 : 22 130 153 194 226 238 390 392 432 445 490 518 519 520 642
 528 : 221 234 528 567 678
 529 : 185 187 227 243 340 430 493 529 631 672
 537 : 54 126 198 219 237 324 459 502 537 557 573 596 694
 552 : 111 117 128 312 361 478 552 570
 554 : 45 53 169 217 240 468 554 592 638
 556 : 9 181 220 281 320 380 556
 578 : 4 10 121 241 276 298 305 333 475 505 521 541 578 579 595 604 633 698
 584 : 21 197 205 584 593 664
 610 : 52 60 173 192 207 516 548 600 610 626 697
 619 : 160 377 426 619
 623 : 223 299 308 322 498 623 624 629
 628 : 6 139 222 224 297 301 381 387 438 452 464 479 496 523 526 533 608 616 617 628 636 654 680
 640 : 191 615 640
 674 : 12 204 271 275 372 376 497 538 545 546 611 674 696
 679 : 321 679
 682 : 59 65 72 159 201 338 354 385 416 472 565 622 635 682
 687 : 101 129 164 165 183 244 509 539 544 566 649 687
 690 : 14 49 257 336 423 627 630 690
 691 : 19 38 90 94 112 122 147 152 157 215 233 258 262 365 398 456 494 511 583 650 665 667 691
 693 : 149 161 202 310 367 391 396 397 424 427 550 586 614 693
SOLUTION:
  Value: -4772.000000
  Assigns: 469 622 2 2 4 329 628 335 116 556 10 404 674 510 690 404 362 17 326 691 116 561 519 510 150 364 73 443 98 404 467 467 188 34 34 504 36 36 691 246 17 337 407 337 246 554 488 98 48 690 437 98 523 554 537 488 677 57 407 682 610 114 283 326 57 682 66 404 48 57 114 71 682 73 364 283 71 337 283 79 80 337 162 326 437 98 467 66 362 36 691 283 283 124 691 66 246 329 98 136 404 687 407 103 103 17 98 623 329 622 623 552 691 114 114 404 116 552 289 193 246 10 691 124 124 510 537 162 552 687 4 17 4 506 48 57 136 677 421 628 673 283 306 36 506 335 136 691 188 693 150 71 691 519 326 73 66 691 98 682 693 693 162 162 687 687 246 337 73 554 98 404 98 610 504 628 73 503 561 421 506 556 103 687 283 493 674 631 188 136 458 4 610 193 519 437 79 404 537 80 335 188 693 467 674 2 162 610 80 136 364 493 73 57 34 691 306 554 503 537 556 678 628 623 628 66 519 493 443 503 79 504 337 691 678 36 36 537 519 362 2 10 329 493 687 510 246 488 404 326 289 289 188 504 335 335 467 690 691 246 337 57 691 66 103 421 36 193 335 443 437 674 421 36 467 57 4 79 306 488 523 556 98 283 2 286 286 504 404 289 561 36 488 116 337 673 488 628 4 623 503 628 4 17 519 519 306 467 623 510 693 622 552 98 673 283 488 337 467 335 556 467 623 283 537 116 326 326 2 329 404 326 329 519 136 335 690 337 682 458 631 458 504 493 73 306 437 362 523 114 34 561 162 34 682 469 458 2 503 73 150 552 362 114 364 691 79 693 57 673 48 458 674 57 193 150 674 469 73 421 556 628 467 467 467 682 136 628 286 335 519 693 519 246 193 80 693 693 691 162 364 561 335 79 404 404 404 407 283 246 504 114 337 80 193 193 682 337 2 283 421 421 677 690 693 443 469 693 329 673 631 407 519 114 73 503 437 437 628 103 504 36 510 443 193 519 488 79 34 488 404 443 523 193 162 306 691 458 458 537 510 329 510 443 523 362 36 467 554 469 407 407 622 193 326 4 306 57 552 628 289 306 506 283 283 467 503 690 488 488 519 677 36 493 362 103 362 674 623 458 364 193 537 503 504 4 506 98 162 687 510 691 116 673 678 335 610 335 519 519 519 4 193 523 17 136 4 103 678 493 162 488 98 628 506 34 488 537 674 687 193 4 36 306 687 674 674 335 610 404 693 335 552 467 554 467 556 537 79 329 66 561 561 283 193 682 687 4 467 150 552 506 467 537 34 283 66 488 4 4 306 36 36 691 246 510 693 283 283 79 404 2 554 488 283 4 537 329 150 561 610 610 329 404 4 246 458 467 523 286 610 674 404 510 693 4 628 628 66 469 57 57 622 623 623 404 610 690 628 623 690 631 193 4 421 682 628 467 554 73 4 80 519 519 17 623 506 2 114 687 362 193 504 289 628 326 503 561 622 57 561 561 510 57 246 691 150 691 98 98 57 246 687 673 674 504 335 677 678 467 628 116 682 404 421 162 2 687 73 289 690 691 66 693 337 150 674 610 4 699 
  Facilities: 70
 2 : 2 3 205 240 284 328 357 418 591 647 686
 4 : 4 130 132 191 276 298 302 475 505 521 526 541 567 578 579 595 604 615 633 640 698
 10 : 10 121 241
 17 : 17 40 105 131 303 524 644
 34 : 33 34 214 350 353 448 535 574
 36 : 36 37 89 143 235 236 266 273 291 441 466 492 542 581 582
 48 : 48 68 134 370
 57 : 57 64 69 135 213 261 275 368 373 477 620 621 659 663 670
 66 : 66 87 95 156 225 263 560 576 618 692
 71 : 71 76 151
 73 : 26 73 155 168 176 212 344 359 378 434 639 688
 79 : 79 196 230 277 366 403 447 558 589
 80 : 80 199 208 395 413 641
 98 : 28 47 51 85 98 106 158 170 172 282 313 507 532 668 669
 103 : 103 104 182 264 439 495 527
 114 : 61 70 113 114 349 363 411 433 648
 116 : 8 20 116 293 325 512 681
 124 : 93 123 124
 136 : 99 136 146 189 209 334 386 525
 150 : 24 150 360 375 569 598 666 695
 162 : 82 127 162 163 206 352 399 454 508 530 685
 188 : 32 148 188 201 252
 193 : 119 193 267 374 394 414 415 444 453 473 501 522 540 564 632 651
 246 : 39 44 96 120 166 246 259 393 409 584 605 664 671
 283 : 62 75 78 91 92 141 184 283 315 323 408 419 483 484 563 575 587 588 594
 286 : 285 286 388 609
 289 : 118 250 251 289 480 653 689
 306 : 142 216 278 306 345 455 476 481 543 580
 326 : 18 63 83 154 249 326 327 331 474 655
 329 : 5 97 108 242 329 332 428 461 559 597 602
 335 : 7 145 200 254 255 268 319 335 389 402 515 517 547 551 676
 337 : 41 43 77 81 167 232 260 294 317 337 412 417 694
 362 : 16 88 239 347 362 465 494 496 650
 364 : 25 74 210 364 400 500
 404 : 11 15 29 67 100 115 171 197 248 288 330 404 405 406 450 549 590 603 612 625 683
 407 : 42 58 102 407 431 470 471
 421 : 138 179 265 272 379 420 421 634 684
 437 : 50 84 195 270 346 436 437
 443 : 27 228 269 425 443 451 463
 458 : 190 339 341 356 371 457 458 499 606
 467 : 30 31 86 203 256 274 307 318 321 382 383 384 467 485 553 555 568 572 607 637 679
 469 : 0 355 377 426 469 619
 488 : 46 55 247 279 292 296 316 446 449 488 489 531 536 577 593
 493 : 185 211 227 243 343 493 529
 503 : 177 218 229 300 358 435 486 503 656
 504 : 35 174 231 253 287 342 410 440 504 652 675
 506 : 133 144 180 482 506 534 571 646
 510 : 13 23 125 245 309 442 460 462 510 585 613 662
 519 : 22 153 194 226 238 304 305 333 390 392 432 445 490 518 519 520 642 643
 523 : 52 280 348 452 464 523 608
 537 : 54 126 198 219 237 324 459 502 537 557 573 596
 552 : 111 117 128 312 361 478 552 570
 554 : 45 53 169 217 468 554 592 638
 556 : 9 181 220 281 320 380 556
 561 : 21 178 290 351 401 561 562 599 657 660 661
 610 : 60 173 192 207 516 548 600 601 610 626 697
 622 : 1 109 311 472 622 658
 623 : 107 110 223 299 308 322 498 623 624 629 645
 628 : 6 139 175 222 224 297 301 381 387 438 479 533 616 617 628 636 654 680
 631 : 187 340 430 631
 673 : 140 295 314 369 429 513 673
 674 : 12 186 204 271 372 376 497 538 545 546 611 674 696
 677 : 56 137 422 491 677
 678 : 221 234 514 528 678
 682 : 59 65 72 159 338 354 385 416 565 635 682
 687 : 101 129 164 165 183 244 509 539 544 566 649 672 687
 690 : 14 49 257 336 423 487 627 630 690
 691 : 19 38 90 94 112 122 147 152 157 215 233 258 262 365 398 456 511 583 665 667 691
 693 : 149 160 161 202 310 367 391 396 397 424 427 550 586 614 693
 699 : 699
