# Time: 743.910034
# Elapsed: 181.827484
# Input_file: pmedian/pmed/pmed26.txt
# Pool_size: 400
# Iterations: 5
# Final_solutions: 2000
# Vision_range: 600
# Reduction_mode: REDUCTION_DISPERSE
# Dissimilitude: DISSIM_MSE
# Facility_dist: FDISMODE_SUMOFDELTAS
SOLUTION:
  Value: -9917.000000
  Assigns: 324 87 324 87 301 87 130 324 301 544 130 324 130 130 130 130 130 324 130 324 301 301 130 301 324 87 87 544 87 324 130 130 87 301 130 130 324 301 130 301 301 324 324 130 324 130 324 301 544 130 87 324 324 544 301 130 130 130 544 301 87 301 130 301 324 324 301 87 301 544 544 130 130 130 87 301 87 324 130 87 301 130 324 130 301 87 301 87 87 324 301 130 301 130 87 130 130 87 87 301 544 324 301 87 130 301 130 301 324 130 301 130 130 130 544 301 130 87 87 130 130 130 301 301 130 324 87 130 87 87 130 301 301 301 544 324 130 130 301 301 87 301 301 301 301 130 324 301 324 130 301 301 544 87 301 544 130 544 301 130 130 130 301 544 301 301 301 301 301 130 130 324 324 87 544 130 130 130 87 130 301 544 87 130 130 130 130 301 301 301 130 130 87 130 87 301 301 130 130 544 544 301 87 87 301 130 87 544 544 544 130 301 324 130 130 324 87 130 130 544 544 301 544 324 324 87 301 130 324 324 130 544 301 324 301 130 324 130 301 324 324 544 301 130 324 301 301 87 130 544 324 301 130 130 544 544 87 87 130 130 87 87 130 130 301 130 130 301 130 301 87 87 301 301 130 324 301 87 130 130 301 544 130 544 301 87 87 324 130 130 130 301 301 130 324 87 87 130 130 130 130 301 130 130 544 301 301 544 130 324 87 324 324 130 87 87 301 301 324 130 130 87 130 130 324 324 301 87 544 130 87 87 130 130 301 324 130 130 324 301 544 130 301 324 301 130 544 301 87 130 130 130 87 301 301 87 544 87 87 130 130 130 324 301 130 301 324 301 130 301 301 130 544 324 324 301 324 544 324 301 87 324 301 301 324 324 301 324 87 130 544 544 87 301 301 87 87 324 130 87 130 87 544 87 87 87 301 544 130 301 301 301 130 87 324 130 301 130 130 324 324 130 130 324 301 130 324 130 87 130 87 87 130 130 130 301 301 130 301 301 301 130 301 87 87 544 87 130 324 324 87 87 130 324 87 301 544 301 301 87 130 324 544 324 130 301 324 324 301 301 130 130 324 544 301 130 130 301 130 130 544 87 130 87 301 301 544 87 130 324 130 130 301 324 130 301 130 130 87 87 87 301 544 324 324 324 87 301 301 130 301 87 130 301 324 301 87 324 324 544 301 301 301 324 301 87 301 130 130 324 130 87 130 130 130 87 130 324 130 130 87 87 301 544 544 544 130 544 301 130 544 544 87 130 301 301 130 130 301 301 130 130 301 301 301 301 130 324 324 130 130 130 544 324 130 130 324 130 301 87 87 130 87 130 301 301 301 130 87 301 87 324 130 130 324 324 324 324 87 324 
  Facilities: 5
 87 : 1 3 5 25 26 28 32 50 60 67 74 76 79 85 87 88 94 97 98 103 117 118 126 128 129 140 153 173 178 182 192 194 202 203 206 216 225 247 256 257 260 261 270 271 277 285 286 295 296 310 314 315 321 327 330 331 348 352 355 357 358 380 388 392 395 396 399 401 403 404 405 413 428 430 431 443 444 446 450 451 454 459 481 483 487 498 499 500 506 511 516 525 531 535 540 541 552 579 580 582 588 590 598
 130 : 6 10 12 13 14 15 16 18 22 30 31 34 35 38 43 45 49 55 56 57 62 71 72 73 78 81 83 91 93 95 96 104 106 109 111 112 113 116 119 120 121 124 127 130 136 137 145 149 156 159 160 161 169 170 175 176 177 179 183 184 185 186 190 191 193 197 198 205 210 213 214 217 218 227 230 235 237 243 248 252 253 258 259 262 263 265 266 268 274 278 279 282 288 289 290 293 297 298 299 300 302 303 308 313 319 320 322 323 329 332 333 336 337 341 345 349 350 351 359 360 361 364 368 371 389 398 400 408 412 415 417 418 421 422 425 427 429 432 433 434 437 441 447 452 460 464 470 471 475 476 478 479 482 488 490 491 494 496 497 509 512 527 528 530 532 533 534 536 538 539 546 549 553 556 557 560 561 566 569 570 571 574 575 577 581 583 587 592 593
 301 : 4 8 20 21 23 33 37 39 40 47 54 59 61 63 66 68 75 80 84 86 90 92 99 102 105 107 110 115 122 123 131 132 133 138 139 141 142 143 144 147 150 151 154 158 162 164 165 166 167 168 180 187 188 189 195 196 201 204 211 221 226 232 234 238 242 245 246 251 264 267 269 272 273 276 280 284 291 292 301 305 306 316 317 326 334 339 342 344 347 353 354 363 365 367 369 370 375 379 382 383 386 393 394 406 409 410 411 416 424 435 436 438 439 440 442 455 457 458 465 468 469 474 477 484 485 492 495 501 507 508 510 513 515 520 521 522 524 526 542 548 554 555 558 559 562 563 564 565 578 584 585 586 589
 324 : 0 2 7 11 17 19 24 29 36 41 42 44 46 51 52 64 65 77 82 89 101 108 125 135 146 148 171 172 212 215 223 224 228 229 233 236 239 240 244 250 275 287 294 309 311 312 318 324 325 335 338 343 362 366 373 374 376 378 381 384 385 387 397 414 419 420 423 426 448 449 453 461 463 466 467 472 489 493 503 504 505 514 517 518 523 529 537 567 568 573 576 591 594 595 596 597 599
 544 : 9 27 48 53 58 69 70 100 114 134 152 155 157 163 174 181 199 200 207 208 209 219 220 222 231 241 249 254 255 281 283 304 307 328 340 346 356 372 377 390 391 402 407 445 456 462 473 480 486 502 519 543 544 545 547 550 551 572
SOLUTION:
  Value: -10197.000000
  Assigns: 433 301 324 300 301 300 433 324 128 301 300 324 300 433 300 128 300 324 433 324 301 300 301 128 433 128 128 300 128 324 300 128 128 128 128 433 324 301 301 301 301 324 324 300 324 433 324 301 300 300 433 324 324 324 301 300 433 300 301 301 128 301 128 301 324 324 128 128 301 301 300 300 300 324 128 301 128 324 128 128 301 300 324 324 301 128 301 128 128 324 300 300 300 128 300 128 128 433 324 300 301 324 301 433 300 301 301 301 324 128 301 128 128 128 300 301 324 128 128 433 433 300 301 128 433 324 128 433 128 300 433 128 300 301 301 324 300 128 301 300 300 301 301 301 301 433 324 301 324 433 300 300 301 301 301 324 324 301 301 433 433 433 301 433 301 300 301 301 300 433 300 324 324 301 324 433 300 128 128 300 301 128 324 300 300 433 300 300 301 301 128 128 128 300 300 300 301 128 324 433 128 128 301 128 301 300 301 301 301 301 128 300 300 300 433 324 128 301 300 128 433 301 324 324 324 300 301 433 324 128 128 300 300 300 301 433 433 128 433 324 300 300 301 300 324 301 301 128 128 433 324 301 433 433 324 433 128 128 128 433 128 128 301 433 301 433 300 128 128 301 128 128 301 300 300 324 301 324 128 300 300 300 300 324 128 128 300 324 128 300 128 301 301 128 433 301 128 300 300 300 300 301 433 433 324 301 301 433 433 300 128 324 324 128 128 128 301 301 324 301 300 128 324 300 324 324 301 324 128 300 301 128 300 128 301 324 300 324 300 301 300 324 301 324 301 324 433 301 324 433 300 128 433 301 301 128 301 128 128 433 433 128 128 301 433 301 324 301 433 301 301 433 301 324 300 301 324 301 128 301 128 324 301 300 324 324 128 324 433 300 301 301 300 301 301 128 128 324 433 128 300 300 300 300 128 433 301 128 300 301 301 301 433 128 300 433 301 301 300 300 300 128 128 128 301 300 324 128 300 128 128 301 433 433 433 300 301 300 128 301 301 324 301 128 128 301 300 300 324 324 433 433 433 324 128 301 300 301 301 433 433 128 324 324 300 301 324 324 300 301 300 300 300 433 301 433 433 301 128 433 324 300 300 300 301 301 300 128 300 324 324 300 128 300 433 301 324 128 300 433 300 128 300 324 324 324 301 128 301 300 128 128 433 301 324 301 128 324 324 324 301 301 301 300 301 128 301 128 128 324 433 128 128 300 300 128 433 300 128 324 324 301 301 301 301 301 324 433 301 433 433 300 300 324 301 301 433 433 433 128 324 128 301 301 301 301 433 324 324 324 128 300 128 324 128 128 324 301 301 128 300 324 128 300 300 300 301 433 433 128 128 324 433 128 324 324 324 324 128 433 
  Facilities: 5
 128 : 8 15 23 25 26 28 31 32 33 34 60 62 66 67 74 76 78 79 85 87 88 93 95 96 109 111 112 113 117 118 123 126 128 131 137 177 178 181 190 191 192 197 200 201 203 210 216 219 229 230 237 247 248 256 257 258 260 261 267 268 270 271 278 284 285 288 290 293 296 310 313 314 315 321 328 331 333 351 355 357 358 361 362 378 380 386 395 396 399 404 407 413 421 422 423 427 429 430 438 443 444 454 461 478 487 492 497 501 507 510 511 516 525 527 528 531 532 535 538 559 561 570 572 574 575 579 582 589 590 593 598
 300 : 3 5 10 12 14 16 21 27 30 43 48 49 55 57 70 71 72 81 90 91 92 94 99 104 114 121 129 132 136 139 140 150 151 165 168 170 176 179 183 184 186 187 193 194 195 205 211 212 213 218 225 231 232 233 240 241 243 266 273 274 279 280 281 282 286 289 297 298 299 300 309 320 323 329 332 336 338 340 350 374 383 389 392 400 401 402 403 408 414 418 419 420 425 428 435 437 446 447 456 464 468 470 471 472 481 482 483 486 488 491 493 498 500 502 509 523 533 534 537 551 552 571 580 583 584 585
 301 : 1 4 9 20 22 37 38 39 40 47 54 58 59 61 63 68 69 75 80 84 86 100 102 105 106 107 110 115 122 133 134 138 141 142 143 144 147 152 153 154 157 158 162 164 166 167 173 180 188 189 196 202 204 206 207 208 209 217 221 226 234 242 245 246 251 262 264 269 272 276 291 292 295 301 305 306 316 317 319 326 330 334 339 342 344 347 353 354 356 363 365 367 369 370 372 375 377 379 382 390 391 393 394 406 409 410 411 416 417 424 431 436 439 440 442 445 455 457 458 465 469 474 477 484 485 495 506 508 513 515 520 521 522 524 526 541 542 543 544 545 548 554 555 562 563 564 565 577 578 586
 324 : 2 7 11 17 19 29 36 41 42 44 46 51 52 53 64 65 73 77 82 83 89 98 101 108 116 125 135 146 148 155 156 171 172 174 182 198 215 222 223 224 228 239 244 250 254 275 277 283 287 304 311 312 318 322 324 325 327 335 337 341 343 345 348 366 373 376 381 384 385 387 397 426 441 448 449 453 462 463 466 467 480 489 490 496 503 504 505 514 517 518 519 529 539 540 546 553 560 567 568 569 573 576 581 591 594 595 596 597
 433 : 0 6 13 18 24 35 45 50 56 97 103 119 120 124 127 130 145 149 159 160 161 163 169 175 185 199 214 220 227 235 236 238 249 252 253 255 259 263 265 294 302 303 307 308 346 349 352 359 360 364 368 371 388 398 405 412 415 432 433 434 450 451 452 459 460 473 475 476 479 494 499 512 530 536 547 549 550 556 557 558 566 587 588 592 599
SOLUTION:
  Value: -10270.000000
  Assigns: 324 87 324 87 301 87 130 324 301 301 130 324 130 130 130 130 130 324 130 324 301 301 130 301 24 87 87 301 87 324 130 130 87 301 130 130 324 301 130 301 301 324 324 130 324 130 324 301 87 130 87 324 324 324 301 130 130 130 301 301 87 301 130 301 324 324 301 87 301 301 130 130 130 130 87 301 87 324 130 87 301 130 324 130 301 87 301 87 87 324 301 130 301 130 87 130 130 87 87 301 301 324 301 87 130 301 130 301 324 130 301 130 130 130 87 301 130 87 87 130 130 130 301 301 130 324 87 130 87 87 130 301 301 301 301 324 130 130 301 301 87 301 301 301 301 130 324 301 324 130 301 301 87 87 301 324 130 301 301 130 130 130 301 130 301 301 301 301 301 130 130 324 324 87 87 130 130 130 87 130 301 130 87 130 130 130 130 301 301 301 130 130 87 130 87 301 301 130 130 24 301 301 87 87 301 130 24 87 301 301 130 301 324 130 130 324 87 130 130 130 87 301 324 324 324 87 301 130 324 324 130 324 301 324 301 130 324 130 301 324 324 130 301 130 324 301 301 87 130 130 324 301 130 130 130 87 87 87 130 130 87 87 130 130 301 130 130 301 130 301 87 87 301 301 130 324 301 87 130 130 301 87 130 130 301 87 87 324 130 130 130 301 301 130 324 87 87 130 130 130 130 301 130 130 324 301 301 24 130 324 87 324 324 130 87 87 301 301 324 130 130 87 130 130 324 324 301 87 301 130 87 87 130 130 301 324 130 130 324 301 87 130 301 324 301 130 130 301 87 130 130 130 87 301 301 87 301 87 87 130 130 130 324 301 130 301 324 301 130 301 301 130 301 324 324 301 324 301 324 301 87 324 301 301 324 324 301 324 87 130 301 87 87 301 301 87 87 324 130 87 130 87 130 87 87 87 301 87 130 301 301 301 130 87 324 130 301 130 130 324 324 130 130 324 301 130 324 130 87 130 87 87 130 130 130 301 301 130 301 301 301 130 301 87 87 87 87 130 324 324 87 87 130 324 87 301 130 301 301 87 130 324 87 324 130 301 324 324 24 301 130 130 324 301 301 130 130 301 130 130 324 87 130 87 301 301 87 87 130 324 130 130 301 324 130 301 130 130 87 87 87 301 87 324 324 324 87 301 301 130 301 87 130 301 324 301 87 324 324 324 301 301 301 324 301 87 301 130 130 324 130 87 130 130 130 87 130 324 130 130 87 87 301 301 301 301 130 130 301 130 130 324 87 130 301 301 130 130 301 301 130 130 301 301 301 301 130 324 324 130 130 130 87 324 130 130 324 130 301 87 87 130 87 130 301 301 301 130 87 301 87 324 130 130 324 324 324 324 87 324 
  Facilities: 5
 24 : 24 199 206 307 468
 87 : 1 3 5 25 26 28 32 48 50 60 67 74 76 79 85 87 88 94 97 98 103 114 117 118 126 128 129 140 152 153 173 174 178 182 192 194 202 203 207 216 220 225 247 255 256 257 260 261 270 271 277 281 285 286 295 296 310 314 315 321 327 330 331 340 348 352 355 357 358 380 388 391 392 395 396 399 401 403 404 405 407 413 428 430 431 443 444 445 446 450 451 454 459 462 481 483 486 487 498 499 500 502 506 511 516 525 531 535 540 541 552 572 579 580 582 588 590 598
 130 : 6 10 12 13 14 15 16 18 22 30 31 34 35 38 43 45 49 55 56 57 62 70 71 72 73 78 81 83 91 93 95 96 104 106 109 111 112 113 116 119 120 121 124 127 130 136 137 145 149 156 159 160 161 163 169 170 175 176 177 179 181 183 184 185 186 190 191 193 197 198 205 210 213 214 217 218 219 227 230 235 237 241 243 248 249 252 253 254 258 259 262 263 265 266 268 274 278 279 282 283 288 289 290 293 297 298 299 300 302 303 308 313 319 320 322 323 329 332 333 336 337 341 345 346 349 350 351 359 360 361 364 368 371 389 398 400 402 408 412 415 417 418 421 422 425 427 429 432 433 434 437 441 447 452 456 460 464 470 471 475 476 478 479 482 488 490 491 494 496 497 509 512 527 528 530 532 533 534 536 538 539 546 547 549 550 553 556 557 560 561 566 569 570 571 574 575 577 581 583 587 592 593
 301 : 4 8 9 20 21 23 27 33 37 39 40 47 54 58 59 61 63 66 68 69 75 80 84 86 90 92 99 100 102 105 107 110 115 122 123 131 132 133 134 138 139 141 142 143 144 147 150 151 154 157 158 162 164 165 166 167 168 180 187 188 189 195 196 200 201 204 208 209 211 221 226 232 234 238 242 245 246 251 264 267 269 272 273 276 280 284 291 292 301 305 306 316 317 326 328 334 339 342 344 347 353 354 356 363 365 367 369 370 372 375 377 379 382 383 386 390 393 394 406 409 410 411 416 424 435 436 438 439 440 442 455 457 458 465 469 473 474 477 484 485 492 495 501 507 508 510 513 515 520 521 522 524 526 542 543 544 545 548 554 555 558 559 562 563 564 565 578 584 585 586 589
 324 : 0 2 7 11 17 19 29 36 41 42 44 46 51 52 53 64 65 77 82 89 101 108 125 135 146 148 155 171 172 212 215 222 223 224 228 229 231 233 236 239 240 244 250 275 287 294 304 309 311 312 318 324 325 335 338 343 362 366 373 374 376 378 381 384 385 387 397 414 419 420 423 426 448 449 453 461 463 466 467 472 480 489 493 503 504 505 514 517 518 519 523 529 537 551 567 568 573 576 591 594 595 596 597 599
SOLUTION:
  Value: -10286.000000
  Assigns: 595 301 237 595 301 595 237 301 301 543 130 595 130 130 130 130 595 595 130 301 301 301 130 595 237 301 130 543 130 130 130 130 595 595 130 130 595 301 130 301 301 595 595 130 130 130 237 301 543 130 130 595 595 543 301 130 130 130 543 301 130 301 130 301 595 595 301 543 301 301 543 237 130 595 130 301 130 595 130 130 301 130 237 595 301 595 301 130 595 595 301 130 301 130 543 130 130 130 595 301 543 595 301 130 130 301 595 301 595 130 301 130 130 130 543 301 130 595 130 130 130 130 301 237 130 595 543 130 130 543 130 301 301 301 543 595 130 130 301 301 130 301 301 301 301 130 301 301 543 130 301 301 543 301 301 543 595 543 301 130 130 130 301 543 301 301 301 301 301 130 130 595 301 301 543 130 130 130 543 130 301 543 595 130 130 130 130 301 237 237 130 130 543 130 130 301 301 130 130 237 237 237 237 595 301 130 237 543 543 543 130 301 543 130 130 595 130 595 130 543 543 301 543 543 595 237 301 130 595 595 130 543 301 130 237 130 237 237 301 595 130 543 301 130 595 301 301 237 130 543 595 301 595 130 543 543 595 595 130 130 130 237 130 130 301 130 130 301 130 301 130 130 301 543 130 595 301 130 130 130 301 543 130 543 301 130 301 595 130 130 130 301 301 130 595 301 130 130 130 130 130 301 130 130 543 301 301 237 130 595 130 595 595 130 301 301 301 301 595 130 130 130 595 130 595 595 301 595 237 130 301 130 130 130 301 595 130 595 237 301 543 595 301 595 301 130 543 301 595 130 130 130 130 301 301 130 543 543 237 130 130 130 595 301 130 301 595 301 130 301 301 130 543 595 301 301 595 543 595 301 595 595 301 301 595 130 301 595 237 130 543 543 543 301 301 130 130 595 130 130 130 130 543 543 130 130 301 543 130 301 301 301 130 237 237 130 301 130 130 595 130 130 130 595 301 130 237 130 130 130 130 301 130 130 130 301 301 130 301 301 301 130 301 543 543 543 130 130 595 595 301 301 237 595 130 301 543 301 301 130 130 595 237 237 130 301 301 543 237 301 130 130 595 543 301 130 130 301 130 130 543 543 595 130 301 301 543 543 130 595 595 130 301 130 130 301 595 130 237 130 543 301 543 595 595 595 301 301 301 130 595 130 130 301 595 301 130 595 595 543 237 301 301 595 301 595 301 130 595 595 130 595 130 130 595 130 130 595 130 130 130 301 301 543 543 543 130 543 301 130 543 543 130 130 301 301 237 130 301 301 595 237 301 301 301 301 130 595 595 130 130 130 543 301 130 130 595 130 301 301 130 130 595 130 301 301 301 130 301 301 130 595 130 130 595 595 301 595 130 595 
  Facilities: 5
 130 : 10 12 13 14 15 18 22 26 28 29 30 31 34 35 38 43 44 45 49 50 55 56 57 60 62 72 74 76 78 79 81 87 91 93 95 96 97 103 104 109 111 112 113 116 118 119 120 121 124 127 128 130 136 137 140 145 149 159 160 161 169 170 175 176 177 179 183 184 185 186 190 191 193 194 197 198 205 210 213 214 216 218 227 230 233 235 240 243 248 253 258 259 260 262 263 265 266 268 270 271 274 277 278 279 282 285 288 289 290 293 296 297 298 299 300 302 303 308 310 313 319 320 321 323 329 331 332 333 336 345 349 350 351 352 355 359 360 361 364 368 371 385 389 395 396 398 399 400 401 404 405 408 412 415 417 418 420 421 422 425 427 428 429 430 432 433 434 437 441 446 447 454 459 460 464 470 471 475 476 478 479 483 488 491 493 494 497 499 509 511 512 516 527 530 532 533 535 536 538 539 540 546 549 552 553 557 566 569 570 571 574 575 577 580 581 583 587 590 592 593 598
 237 : 2 6 24 46 71 82 123 188 189 199 200 201 202 206 225 234 236 237 247 261 307 328 338 358 388 413 414 426 452 462 463 468 498 520 556 561
 301 : 1 4 7 8 19 20 21 25 37 39 40 47 54 59 61 63 66 68 69 75 80 84 86 90 92 99 102 105 107 110 115 122 131 132 133 138 139 141 142 143 144 146 147 150 151 153 154 158 162 164 165 166 167 168 172 173 180 187 195 196 204 211 221 226 232 238 242 245 246 251 264 267 269 272 276 280 284 286 291 292 295 301 305 306 314 315 316 317 326 330 334 339 342 344 347 353 354 363 365 367 369 370 374 375 379 382 383 386 393 394 406 409 410 411 416 424 431 435 436 438 439 440 442 450 451 455 457 458 465 466 469 474 477 484 485 492 495 501 506 507 508 513 515 521 522 524 526 541 542 548 554 555 558 559 562 563 564 565 573 578 579 584 585 586 588 589 596
 543 : 9 27 48 53 58 67 70 94 100 114 126 129 134 148 152 155 157 163 174 178 181 192 207 208 209 212 219 220 222 223 231 241 249 254 255 273 281 283 304 340 346 356 357 372 377 390 391 392 402 403 407 443 444 445 456 467 473 480 481 486 487 500 502 519 543 544 545 547 550 551 572
 595 : 0 3 5 11 16 17 23 32 33 36 41 42 51 52 64 65 73 77 83 85 88 89 98 101 106 108 117 125 135 156 171 182 203 215 217 224 228 229 239 244 250 252 256 257 275 287 294 309 311 312 318 322 324 325 327 335 337 341 343 348 362 366 373 376 378 380 381 384 387 397 419 423 448 449 453 461 472 482 489 490 496 503 504 505 510 514 517 518 523 525 528 529 531 534 537 560 567 568 576 582 591 594 595 597 599
SOLUTION:
  Value: -10331.000000
  Assigns: 360 60 324 324 301 301 324 324 301 301 323 324 323 323 323 323 324 324 360 360 301 360 323 301 360 60 60 360 60 324 323 323 301 301 323 323 324 301 323 301 301 324 324 323 324 360 324 301 60 323 60 324 324 324 301 323 360 323 301 301 60 301 301 301 323 324 301 323 301 301 301 323 323 324 323 301 60 324 323 60 301 301 324 324 301 324 360 60 60 324 301 323 301 60 360 301 323 323 324 301 360 324 301 60 323 301 301 301 324 323 301 323 323 323 301 60 323 324 60 323 323 323 301 301 323 324 60 323 323 323 323 301 301 301 301 60 323 323 301 301 323 301 301 301 301 360 324 301 324 360 323 323 60 301 301 324 324 60 301 323 323 324 301 323 301 323 301 301 301 323 323 324 324 301 324 323 323 301 60 323 301 324 324 323 323 323 323 301 301 301 60 60 60 323 323 323 301 323 323 360 360 301 60 60 301 323 301 360 360 301 323 301 324 323 360 324 323 301 323 360 301 301 324 324 324 323 301 360 324 324 323 324 60 323 301 301 360 60 360 324 323 323 301 323 324 301 301 60 323 360 324 301 324 360 324 323 323 323 60 323 60 60 323 323 301 323 323 301 323 301 60 60 301 301 323 324 301 323 323 323 301 60 323 323 301 323 60 324 323 323 323 301 301 323 360 301 60 323 323 323 323 301 323 323 324 301 301 360 323 323 60 324 324 301 60 60 301 323 324 301 323 60 360 323 324 324 301 60 360 323 301 60 323 323 301 324 323 323 323 301 301 324 301 360 301 323 360 301 324 360 323 323 323 301 301 60 301 323 60 360 360 60 324 301 360 301 324 301 360 301 301 360 301 324 360 301 324 301 324 301 323 324 301 301 324 324 301 324 324 60 301 301 60 301 301 60 60 324 360 60 323 323 323 360 60 60 301 60 323 301 301 301 324 60 323 323 301 301 323 60 323 323 323 324 301 323 324 301 323 323 60 301 323 360 360 301 301 323 301 301 360 323 301 60 324 60 60 323 324 324 301 301 324 324 323 301 323 301 301 360 360 324 324 324 323 301 324 324 301 301 323 323 323 301 301 324 360 301 301 360 324 60 324 60 301 301 60 60 323 324 324 323 60 360 323 301 323 301 324 323 60 360 60 324 324 323 301 301 301 323 301 60 323 301 324 301 60 324 324 324 301 301 301 323 301 324 301 323 323 324 360 324 323 323 324 60 360 323 323 323 60 301 301 301 301 301 324 301 301 323 360 360 323 323 301 360 324 360 301 301 324 324 301 301 301 301 323 324 324 323 60 323 301 324 323 323 324 301 301 323 323 323 60 301 360 360 323 323 301 301 60 324 360 323 324 324 324 324 323 360 
  Facilities: 5
 60 : 1 25 26 28 48 50 60 76 79 87 88 93 103 115 118 126 135 152 157 178 190 191 192 202 203 232 237 247 258 260 261 270 271 281 286 296 310 314 315 321 327 331 355 358 361 389 392 395 396 399 404 405 407 413 419 430 443 445 446 481 483 486 487 492 500 502 511 516 535 540 570 582 590
 301 : 4 5 8 9 20 23 32 33 37 39 40 47 54 58 59 61 62 63 66 68 69 70 75 80 81 84 90 92 95 99 102 105 106 107 110 114 122 123 131 132 133 134 138 139 141 142 143 144 147 153 154 158 162 164 166 167 168 173 177 180 187 188 189 196 201 204 206 209 211 217 220 221 226 234 235 242 245 246 251 264 267 269 272 273 276 280 284 291 292 295 301 305 306 313 316 319 326 330 334 339 340 342 344 347 353 354 356 363 365 367 369 370 372 375 377 379 382 383 386 390 391 393 394 406 409 410 411 416 417 424 427 431 435 436 438 439 442 450 451 455 457 458 465 468 469 473 474 477 478 484 485 495 497 506 507 508 510 513 515 520 521 522 524 526 541 542 543 544 545 547 548 554 558 559 562 563 564 565 572 577 578 583 588 589
 323 : 10 12 13 14 15 22 30 31 34 35 38 43 49 55 57 64 67 71 72 74 78 91 96 97 104 109 111 112 113 116 119 120 121 124 127 128 129 130 136 137 140 150 151 159 160 163 165 169 170 175 176 179 183 184 185 186 193 194 195 197 198 205 210 213 216 218 225 230 233 240 241 243 248 255 256 257 259 262 263 265 266 268 274 277 278 279 282 283 285 288 289 290 293 297 298 299 300 302 303 308 309 317 320 323 329 332 333 336 337 338 345 350 351 352 357 380 400 401 402 408 414 415 418 420 421 422 425 428 429 432 437 441 447 454 456 464 470 471 472 488 491 494 496 499 505 509 512 523 527 528 532 533 537 538 539 549 552 553 566 569 571 574 575 579 580 581 586 587 593 598
 324 : 2 3 6 7 11 16 17 29 36 41 42 44 46 51 52 53 65 73 77 82 83 85 89 98 101 108 117 125 146 148 155 156 161 171 172 174 181 182 212 215 222 223 224 228 229 231 239 244 250 252 254 275 287 304 311 312 318 324 325 335 341 348 362 366 373 376 378 381 384 385 387 388 397 412 423 426 444 448 449 452 453 461 462 463 466 467 475 480 482 489 490 498 503 504 514 517 518 519 525 529 531 534 546 556 560 561 567 568 573 576 591 594 595 596 597
 360 : 0 18 19 21 24 27 45 56 86 94 100 145 149 199 200 207 208 214 219 227 236 238 249 253 294 307 322 328 343 346 349 359 360 364 368 371 374 398 403 433 434 440 459 460 476 479 493 501 530 536 550 551 555 557 584 585 592 599
SOLUTION:
  Value: -10343.000000
  Assigns: 300 301 301 300 301 300 271 300 301 301 300 300 300 130 130 130 300 234 130 301 301 300 301 301 234 271 271 300 271 130 130 130 301 301 300 234 301 301 271 301 301 300 234 300 130 130 301 301 234 300 130 301 300 301 301 130 130 300 301 234 271 234 130 301 234 301 301 300 271 301 300 234 130 234 130 301 271 130 130 271 301 300 234 130 301 271 301 271 271 130 300 300 300 130 300 130 130 130 300 300 234 271 301 130 130 301 301 301 301 130 301 130 234 130 300 301 234 271 271 130 130 130 301 234 130 301 271 130 271 300 130 301 300 301 301 301 300 130 271 300 300 301 301 301 301 130 301 271 234 130 300 300 301 301 301 130 130 301 301 130 130 130 301 130 301 300 301 301 300 130 300 130 301 301 271 130 300 130 271 300 301 130 234 300 300 234 130 300 301 301 130 130 271 271 271 300 301 130 234 234 234 234 271 271 301 300 271 234 234 301 130 300 300 300 130 130 130 301 300 130 301 234 301 301 300 300 301 130 234 234 130 300 300 300 234 130 300 234 301 234 300 300 301 130 234 271 234 271 130 300 301 301 130 130 130 130 234 234 130 130 234 271 130 130 301 130 300 301 130 301 271 271 301 300 300 301 301 271 130 300 300 300 130 130 301 130 300 130 130 130 300 301 301 234 300 271 271 300 130 300 300 301 130 130 301 301 301 234 130 300 271 301 301 130 271 271 301 234 234 130 130 271 130 130 300 234 301 271 234 130 271 271 130 130 301 234 300 234 234 301 271 130 301 301 301 234 300 301 234 130 130 130 130 301 301 271 301 271 271 300 300 130 300 301 130 301 234 234 130 301 301 130 301 234 300 301 234 301 234 301 130 130 301 300 130 130 301 300 271 130 301 301 300 301 301 271 271 301 130 271 300 130 130 271 271 271 301 300 300 301 301 301 130 271 300 130 301 130 130 300 300 130 130 234 301 130 301 130 271 130 271 271 130 130 130 300 301 300 234 301 301 234 301 271 271 271 271 300 130 130 301 301 271 301 130 271 300 301 301 271 300 234 234 234 130 301 301 301 234 301 300 300 300 301 301 130 300 301 130 130 301 300 300 234 234 234 300 271 130 300 234 130 301 300 130 301 234 130 271 130 271 301 300 234 234 234 271 301 301 300 301 271 130 301 300 301 271 301 301 301 301 301 301 300 301 234 301 130 130 234 130 234 130 130 300 271 130 300 300 234 271 271 301 301 301 301 130 130 301 130 300 300 300 234 301 301 271 130 301 301 130 271 301 301 301 301 130 300 301 234 130 234 271 301 130 130 234 130 301 301 130 234 234 300 300 300 234 130 301 301 271 301 130 130 234 130 301 234 130 300 
  Facilities: 5
 130 : 13 14 15 18 29 30 31 44 45 50 55 56 62 72 74 77 78 83 89 93 95 96 97 103 104 109 111 113 119 120 121 124 127 130 137 145 149 155 156 159 160 161 163 169 171 175 177 181 186 190 191 197 210 214 215 216 219 227 230 235 243 248 252 253 254 255 258 259 262 263 265 268 278 282 283 285 287 288 289 298 302 303 308 313 319 320 322 323 329 332 333 341 349 350 351 352 361 364 368 371 380 381 384 385 389 398 401 402 412 415 417 418 421 422 425 427 429 432 433 434 448 449 454 464 475 478 479 488 491 494 497 499 512 527 528 530 532 533 536 546 547 549 557 560 566 570 574 575 577 580 587 592 593 595 598
 234 : 17 24 35 42 48 59 61 64 71 73 82 100 112 116 123 148 182 185 198 199 200 201 207 208 221 228 229 234 237 239 244 246 256 257 260 293 307 317 318 325 328 335 337 338 345 348 366 367 373 376 378 423 438 441 461 462 463 468 483 484 485 490 496 503 504 505 525 529 531 539 553 569 571 576 581 582 586 594 597
 271 : 6 25 26 28 38 60 68 76 79 85 87 88 101 117 118 126 128 138 147 174 178 192 193 194 202 203 206 245 247 261 270 271 277 295 296 310 314 315 321 327 330 331 340 355 357 358 388 395 396 399 403 404 405 413 428 430 431 443 444 445 446 452 455 459 487 498 500 506 511 516 535 540 541 556 561 572 590
 300 : 0 3 5 7 10 11 12 16 21 27 34 41 43 49 52 57 67 70 81 90 91 92 94 98 99 114 129 132 136 139 140 150 151 165 168 170 176 179 183 184 187 195 205 211 212 213 218 224 225 231 232 233 236 240 241 249 266 273 274 279 280 281 286 290 294 297 299 300 309 324 336 346 359 360 362 374 383 387 392 400 407 408 414 419 420 435 437 447 456 460 470 471 472 476 481 482 486 489 493 502 509 514 523 534 537 538 550 551 552 567 583 584 585 599
 301 : 1 2 4 8 9 19 20 22 23 32 33 36 37 39 40 46 47 51 53 54 58 63 65 66 69 75 80 84 86 102 105 106 107 108 110 115 122 125 131 133 134 135 141 142 143 144 146 152 153 154 157 158 162 164 166 167 172 173 180 188 189 196 204 209 217 220 222 223 226 238 242 250 251 264 267 269 272 275 276 284 291 292 301 304 305 306 311 312 316 326 334 339 342 343 344 347 353 354 356 363 365 369 370 372 375 377 379 382 386 390 391 393 394 397 406 409 410 411 416 424 426 436 439 440 442 450 451 453 457 458 465 466 467 469 473 474 477 480 492 495 501 507 508 510 513 515 517 518 519 520 521 522 524 526 542 543 544 545 548 554 555 558 559 562 563 564 565 568 573 578 579 588 589 591 596
SOLUTION:
  Value: -10348.000000
  Assigns: 595 301 595 595 301 595 160 10 301 301 10 595 10 160 160 160 595 595 160 301 301 10 301 595 595 10 118 10 118 160 160 160 595 595 10 160 595 301 10 301 301 595 595 10 160 160 595 301 595 10 301 595 595 595 10 160 160 10 301 301 160 301 160 301 595 595 10 10 118 301 10 10 10 595 10 10 118 595 160 160 301 10 595 595 10 595 160 118 595 595 10 10 10 160 10 160 10 10 595 10 301 595 301 160 160 301 595 301 595 160 301 160 160 160 10 301 160 118 118 160 160 10 301 160 160 595 301 160 160 10 160 10 10 301 301 595 10 10 118 10 10 301 301 301 301 160 301 160 595 160 10 10 301 301 301 595 595 301 301 160 160 160 301 10 301 10 301 301 10 160 10 595 301 301 160 160 10 160 160 10 301 595 595 10 10 10 160 10 301 301 160 160 595 10 10 10 301 10 160 10 160 160 301 595 301 10 301 301 301 301 10 10 10 10 160 595 10 595 10 10 160 301 595 595 595 10 301 160 595 595 160 10 301 10 301 160 595 160 301 595 10 10 301 160 595 10 301 301 10 10 595 301 595 160 595 595 595 595 160 160 10 160 160 160 301 160 10 10 160 301 118 118 301 10 10 595 301 118 160 10 10 10 160 595 10 160 10 595 160 10 10 301 301 160 595 301 118 10 10 10 10 301 160 160 595 301 301 10 10 10 118 595 595 160 301 301 301 301 595 301 10 118 595 10 595 595 301 595 160 160 118 118 160 10 301 595 10 160 10 301 118 595 301 595 301 160 10 301 595 595 10 160 10 301 301 160 301 595 160 10 10 160 595 301 160 301 595 301 160 301 301 160 301 595 10 10 595 301 595 301 595 595 301 10 595 160 301 595 160 160 301 301 10 301 301 118 118 595 160 118 10 10 10 10 118 160 301 301 10 301 301 301 160 10 10 160 301 160 10 595 10 160 160 595 301 160 595 160 10 10 118 301 160 160 160 10 301 10 10 301 301 160 301 118 595 301 10 10 595 595 301 301 160 595 160 118 10 301 301 10 10 595 595 160 160 301 301 595 10 301 10 10 10 301 301 160 160 301 160 160 595 10 595 10 301 301 595 595 10 595 595 10 10 10 160 301 160 160 10 10 10 301 10 595 595 595 118 301 301 10 595 301 160 301 595 301 118 595 595 301 301 301 301 10 301 595 301 10 595 595 160 595 10 10 595 118 160 10 10 160 160 301 301 301 301 301 160 160 301 160 160 10 10 160 301 301 160 160 160 10 595 160 301 301 301 301 160 595 595 160 160 10 118 301 10 160 595 160 301 301 10 160 595 10 10 10 301 160 301 10 118 595 160 160 595 595 595 595 10 595 
  Facilities: 5
 10 : 7 10 12 21 25 27 34 38 43 49 54 57 66 67 70 71 72 74 75 81 84 90 91 92 94 96 97 99 114 121 129 131 132 136 137 139 140 150 151 163 165 168 170 176 179 183 184 185 187 193 194 195 197 199 205 210 211 212 213 216 218 219 225 231 233 240 241 245 248 249 260 266 267 273 274 279 280 281 284 286 289 290 297 298 299 300 307 308 309 320 323 333 336 338 346 350 352 359 360 374 375 383 392 400 401 402 403 408 413 414 418 420 428 429 435 437 438 446 447 456 459 460 468 470 471 472 481 483 488 491 492 493 498 499 500 502 509 523 527 532 533 537 538 551 552 559 571 574 580 583 584 585 589 598
 118 : 26 28 68 76 87 117 118 138 270 271 277 296 310 321 330 331 340 395 396 399 404 430 443 455 506 516 535 572 590
 160 : 6 13 14 15 18 29 30 31 35 44 45 55 56 60 62 78 79 86 93 95 103 104 109 111 112 113 116 119 120 123 124 127 128 130 145 147 149 159 160 161 169 174 175 177 178 186 190 191 198 200 201 214 220 227 230 235 237 243 253 258 259 261 262 263 265 268 278 282 285 288 293 302 303 313 328 329 332 337 345 351 355 358 361 364 368 371 385 388 389 398 405 412 415 417 421 422 425 427 432 433 434 441 452 454 463 464 475 476 478 479 494 496 497 512 530 536 539 540 546 547 549 550 553 556 557 558 561 566 569 570 575 577 581 587 592 593
 301 : 1 4 8 9 19 20 22 37 39 40 47 50 58 59 61 63 69 80 100 102 105 107 110 115 122 126 133 134 141 142 143 144 146 152 153 154 157 158 162 164 166 167 172 173 180 188 189 196 202 204 206 207 208 209 221 226 232 234 238 242 246 247 251 264 269 272 276 291 292 295 301 305 306 314 315 316 317 319 326 334 339 342 344 347 353 354 356 363 365 367 369 370 372 377 379 382 386 390 391 393 394 406 407 409 410 411 416 424 431 436 439 440 442 445 450 451 457 458 465 466 469 473 474 477 484 485 495 501 507 508 511 513 515 519 520 521 522 524 526 541 542 543 544 545 548 554 555 562 563 564 565 573 578 579 586 588
 595 : 0 2 3 5 11 16 17 23 24 32 33 36 41 42 46 48 51 52 53 64 65 73 77 82 83 85 88 89 98 101 106 108 125 135 148 155 156 171 181 182 192 203 215 217 222 223 224 228 229 236 239 244 250 252 254 255 256 257 275 283 287 294 304 311 312 318 322 324 325 327 335 341 343 348 349 357 362 366 373 376 378 380 381 384 387 397 419 423 426 444 448 449 453 461 462 467 480 482 486 487 489 490 503 504 505 510 514 517 518 525 528 529 531 534 560 567 568 576 582 591 594 595 596 597 599
SOLUTION:
  Value: -10348.000000
  Assigns: 323 87 301 87 301 87 87 301 301 53 323 323 323 323 323 323 323 145 145 323 301 323 323 301 301 87 87 323 87 301 323 323 87 301 323 323 301 301 323 301 301 323 323 323 301 145 301 301 53 323 87 301 323 53 301 323 145 323 53 301 87 301 145 301 323 323 301 87 301 301 53 323 323 323 323 301 87 323 323 87 301 301 145 323 301 87 301 87 87 323 301 323 301 323 87 145 323 323 87 145 301 87 301 87 323 301 301 301 301 145 301 145 323 323 53 53 323 87 87 323 323 323 301 301 323 323 87 323 87 87 323 301 301 301 301 301 323 323 301 301 323 301 301 301 301 145 301 301 53 145 323 323 53 87 301 53 53 53 301 323 323 323 301 145 301 323 301 301 301 323 323 323 301 87 87 323 323 145 87 323 301 53 87 323 323 323 323 301 301 301 323 323 87 323 323 323 301 323 323 53 53 301 87 87 301 323 87 53 53 53 323 301 301 323 323 323 323 301 323 323 145 301 53 53 323 323 301 323 87 301 145 53 301 323 301 323 323 323 301 301 323 323 301 323 323 301 301 87 323 53 301 301 145 145 53 145 323 323 323 323 87 87 323 323 301 323 323 301 323 301 87 87 301 53 323 53 301 87 323 323 301 53 323 145 301 87 87 323 323 323 323 301 301 323 323 87 87 323 323 323 323 301 323 323 53 301 301 53 323 323 87 301 301 145 87 87 301 323 53 301 323 87 323 323 323 323 301 87 53 323 87 87 323 323 301 87 323 323 323 301 53 323 301 145 301 323 53 301 87 323 323 323 323 301 301 87 53 87 87 323 323 323 323 301 145 301 323 301 145 301 301 145 53 323 301 301 323 53 301 301 323 323 301 301 323 53 301 323 87 323 301 87 87 301 301 87 87 301 145 87 323 323 145 87 87 87 301 323 323 301 301 301 323 87 323 323 301 301 323 323 323 323 323 301 301 323 301 145 323 323 87 87 323 145 145 301 301 323 301 301 301 323 301 87 53 53 87 323 323 323 145 145 87 301 87 301 323 301 301 323 323 301 87 301 323 301 301 301 301 301 323 323 323 53 301 323 145 301 145 145 53 87 301 87 301 301 87 87 323 323 323 323 301 323 323 301 323 145 87 323 87 301 53 87 87 323 87 301 301 323 301 87 323 301 323 301 87 301 301 53 301 301 301 323 301 87 301 323 323 87 323 87 323 323 323 87 145 323 323 323 87 87 301 53 53 53 145 53 301 323 53 53 323 323 301 301 87 323 301 301 323 87 301 301 301 301 323 323 301 323 323 323 53 301 323 323 301 301 301 323 323 323 87 301 323 323 323 323 145 301 87 53 145 145 323 323 301 301 323 323 
  Facilities: 5
 53 : 9 48 53 58 70 114 115 148 152 155 156 157 181 199 200 207 208 209 222 223 231 249 254 273 275 281 304 307 318 328 340 346 356 372 377 385 444 445 473 480 502 519 543 544 545 547 550 551 572 591
 87 : 1 3 5 6 25 26 28 32 50 60 67 76 79 85 87 88 94 98 101 103 117 118 126 128 129 153 173 174 178 182 192 202 203 206 228 247 260 261 270 271 277 285 286 295 296 310 314 315 321 327 330 331 335 348 355 357 358 388 391 392 395 396 399 403 404 405 413 430 431 443 446 452 454 462 481 483 486 487 498 500 503 504 506 511 516 525 529 531 535 540 541 556 561 582 590
 145 : 17 18 45 56 62 82 95 99 109 111 145 149 163 177 220 230 252 253 255 283 313 343 364 368 371 398 402 427 433 434 450 451 476 478 479 497 536 546 588 592 593
 301 : 2 4 7 8 20 23 24 29 33 36 37 39 40 44 46 47 51 54 59 61 63 66 68 69 75 80 81 84 86 90 92 100 102 105 106 107 108 110 122 123 131 132 133 134 135 138 139 141 142 143 144 146 147 154 158 162 164 166 167 168 172 180 187 188 189 196 201 204 211 212 217 221 226 229 232 234 238 239 242 245 246 250 251 264 267 269 272 276 280 284 291 292 301 305 306 311 312 316 319 326 334 339 342 344 347 353 354 363 365 367 369 370 374 375 378 379 382 383 386 390 393 394 397 406 409 410 411 416 417 423 424 426 435 436 438 439 440 442 453 455 457 458 461 463 465 466 467 468 469 474 477 482 484 485 492 495 501 507 508 510 513 515 517 518 520 521 522 524 526 542 548 554 555 558 559 562 563 564 565 568 573 576 577 578 583 589 596 597
 323 : 0 10 11 12 13 14 15 16 19 21 22 27 30 31 34 35 38 41 42 43 49 52 55 57 64 65 71 72 73 74 77 78 83 89 91 93 96 97 104 112 113 116 119 120 121 124 125 127 130 136 137 140 150 151 159 160 161 165 169 170 171 175 176 179 183 184 185 186 190 191 193 194 195 197 198 205 210 213 214 215 216 218 219 224 225 227 233 235 236 237 240 241 243 244 248 256 257 258 259 262 263 265 266 268 274 278 279 282 287 288 289 290 293 294 297 298 299 300 302 303 308 309 317 320 322 323 324 325 329 332 333 336 337 338 341 345 349 350 351 352 359 360 361 362 366 373 376 380 381 384 387 389 400 401 407 408 412 414 415 418 419 420 421 422 425 428 429 432 437 441 447 448 449 456 459 460 464 470 471 472 475 488 489 490 491 493 494 496 499 505 509 512 514 523 527 528 530 532 533 534 537 538 539 549 552 553 557 560 566 567 569 570 571 574 575 579 580 581 584 585 586 587 594 595 598 599
SOLUTION:
  Value: -10365.000000
  Assigns: 324 87 324 87 301 87 130 324 301 301 130 324 130 130 130 130 130 324 130 324 301 301 130 301 324 87 87 301 87 324 130 130 87 301 130 130 324 301 130 301 301 324 324 130 324 130 324 301 87 130 87 324 324 324 301 130 130 130 301 301 87 301 130 301 324 324 301 87 301 301 130 130 130 130 87 301 87 324 130 87 301 130 324 130 301 87 301 87 87 324 301 130 301 130 87 130 130 87 87 301 301 324 301 87 130 301 130 301 324 130 301 130 130 130 87 301 130 87 87 130 130 130 301 301 130 324 87 130 87 87 130 301 301 301 301 324 130 130 301 301 87 301 301 301 301 130 324 301 324 130 301 301 87 87 301 324 130 301 301 130 130 130 301 130 301 301 301 301 301 130 130 324 324 87 87 130 130 130 87 130 301 130 87 130 130 130 130 301 301 301 130 130 87 130 87 301 301 130 130 130 301 301 87 87 301 130 87 87 301 301 130 301 324 130 130 324 87 130 130 130 87 301 324 324 324 87 301 130 324 324 130 324 301 324 301 130 324 130 301 324 324 130 301 130 324 301 301 87 130 130 324 301 130 130 130 87 87 87 130 130 87 87 130 130 301 130 130 301 130 301 87 87 301 301 130 324 301 87 130 130 301 87 130 130 301 87 87 324 130 130 130 301 301 130 324 87 87 130 130 130 130 301 130 130 324 301 301 130 130 324 87 324 324 130 87 87 301 301 324 130 130 87 130 130 324 324 301 87 301 130 87 87 130 130 301 324 130 130 324 301 87 130 301 324 301 130 130 301 87 130 130 130 87 301 301 87 301 87 87 130 130 130 324 301 130 301 324 301 130 301 301 130 301 324 324 301 324 301 324 301 87 324 301 301 324 324 301 324 87 130 301 87 87 301 301 87 87 324 130 87 130 87 130 87 87 87 301 87 130 301 301 301 130 87 324 130 301 130 130 324 324 130 130 324 301 130 324 130 87 130 87 87 130 130 130 301 301 130 301 301 301 130 301 87 87 87 87 130 324 324 87 87 130 324 87 301 130 301 301 87 130 324 87 324 130 301 324 324 301 301 130 130 324 301 301 130 130 301 130 130 324 87 130 87 301 301 87 87 130 324 130 130 301 324 130 301 130 130 87 87 87 301 87 324 324 324 87 301 301 130 301 87 130 301 324 301 87 324 324 324 301 301 301 324 301 87 301 130 130 324 130 87 130 130 130 87 130 324 130 130 87 87 301 301 301 301 130 130 301 130 130 324 87 130 301 301 130 130 301 301 130 130 301 301 301 301 130 324 324 130 130 130 87 324 130 130 324 130 301 87 87 130 87 130 301 301 301 130 87 301 87 324 130 130 324 324 324 324 87 324 
  Facilities: 4
 87 : 1 3 5 25 26 28 32 48 50 60 67 74 76 79 85 87 88 94 97 98 103 114 117 118 126 128 129 140 152 153 173 174 178 182 192 194 202 203 206 207 216 220 225 247 255 256 257 260 261 270 271 277 281 285 286 295 296 310 314 315 321 327 330 331 340 348 352 355 357 358 380 388 391 392 395 396 399 401 403 404 405 407 413 428 430 431 443 444 445 446 450 451 454 459 462 481 483 486 487 498 499 500 502 506 511 516 525 531 535 540 541 552 572 579 580 582 588 590 598
 130 : 6 10 12 13 14 15 16 18 22 30 31 34 35 38 43 45 49 55 56 57 62 70 71 72 73 78 81 83 91 93 95 96 104 106 109 111 112 113 116 119 120 121 124 127 130 136 137 145 149 156 159 160 161 163 169 170 175 176 177 179 181 183 184 185 186 190 191 193 197 198 199 205 210 213 214 217 218 219 227 230 235 237 241 243 248 249 252 253 254 258 259 262 263 265 266 268 274 278 279 282 283 288 289 290 293 297 298 299 300 302 303 307 308 313 319 320 322 323 329 332 333 336 337 341 345 346 349 350 351 359 360 361 364 368 371 389 398 400 402 408 412 415 417 418 421 422 425 427 429 432 433 434 437 441 447 452 456 460 464 470 471 475 476 478 479 482 488 490 491 494 496 497 509 512 527 528 530 532 533 534 536 538 539 546 547 549 550 553 556 557 560 561 566 569 570 571 574 575 577 581 583 587 592 593
 301 : 4 8 9 20 21 23 27 33 37 39 40 47 54 58 59 61 63 66 68 69 75 80 84 86 90 92 99 100 102 105 107 110 115 122 123 131 132 133 134 138 139 141 142 143 144 147 150 151 154 157 158 162 164 165 166 167 168 180 187 188 189 195 196 200 201 204 208 209 211 221 226 232 234 238 242 245 246 251 264 267 269 272 273 276 280 284 291 292 301 305 306 316 317 326 328 334 339 342 344 347 353 354 356 363 365 367 369 370 372 375 377 379 382 383 386 390 393 394 406 409 410 411 416 424 435 436 438 439 440 442 455 457 458 465 468 469 473 474 477 484 485 492 495 501 507 508 510 513 515 520 521 522 524 526 542 543 544 545 548 554 555 558 559 562 563 564 565 578 584 585 586 589
 324 : 0 2 7 11 17 19 24 29 36 41 42 44 46 51 52 53 64 65 77 82 89 101 108 125 135 146 148 155 171 172 212 215 222 223 224 228 229 231 233 236 239 240 244 250 275 287 294 304 309 311 312 318 324 325 335 338 343 362 366 373 374 376 378 381 384 385 387 397 414 419 420 423 426 448 449 453 461 463 466 467 472 480 489 493 503 504 505 514 517 518 519 523 529 537 551 567 568 573 576 591 594 595 596 597 599
SOLUTION:
  Value: -10365.000000
  Assigns: 294 226 345 87 87 87 345 226 226 226 323 323 323 323 323 323 323 345 323 294 226 294 226 87 294 87 87 294 87 323 323 323 87 87 323 345 226 345 323 226 226 323 345 323 323 323 345 345 87 323 226 226 226 323 323 323 323 323 87 226 87 345 345 226 323 345 226 294 87 226 345 345 323 323 323 323 87 345 323 87 226 323 226 323 323 87 294 87 87 345 323 323 226 323 294 345 323 323 87 87 226 87 226 226 323 226 226 226 226 345 294 345 345 323 226 226 345 345 87 323 226 323 226 345 323 323 87 323 87 87 323 345 226 226 226 294 323 323 87 323 345 226 226 226 226 323 226 87 87 294 323 323 226 226 226 323 323 226 226 323 323 345 345 323 226 323 226 226 226 323 323 323 323 226 345 323 323 345 87 323 226 226 87 323 323 323 345 294 345 345 323 323 87 345 323 323 226 323 345 294 294 345 87 87 226 323 87 87 323 323 323 323 323 323 294 294 323 226 323 323 226 345 323 226 323 323 226 294 294 345 345 226 323 323 345 323 294 345 345 294 323 323 226 323 345 323 345 87 323 294 226 226 323 323 226 323 345 345 323 323 345 87 226 323 226 323 323 226 226 294 87 87 226 294 323 226 345 345 323 323 345 87 323 323 323 87 87 345 323 294 323 226 226 345 294 87 87 323 345 323 323 226 323 323 323 226 226 294 323 323 87 226 226 345 87 87 226 345 226 323 323 87 294 323 345 345 226 87 294 323 226 87 323 323 226 294 323 345 345 226 87 294 226 226 226 345 294 226 87 294 294 323 323 226 226 87 226 87 87 294 294 323 323 226 323 323 323 226 294 226 226 323 226 345 294 323 294 323 345 226 323 323 226 294 323 226 226 226 345 323 226 87 87 226 226 87 87 226 294 87 323 323 323 294 87 87 226 294 323 226 226 226 345 87 323 323 226 345 323 323 323 323 323 345 226 226 345 345 323 323 87 87 323 323 323 323 226 323 323 226 294 345 226 345 87 87 345 323 323 323 226 226 345 323 87 87 323 226 226 294 294 87 87 345 323 226 226 226 345 226 323 323 323 226 226 345 323 226 345 294 323 87 323 87 345 226 87 87 323 345 323 323 87 323 323 226 345 345 87 323 87 345 87 294 294 323 87 345 226 323 87 87 323 226 323 226 87 226 226 226 226 226 226 323 345 345 226 323 323 294 345 345 323 323 323 87 323 323 323 345 345 87 226 226 226 226 345 323 226 323 294 294 345 345 226 294 345 226 226 323 323 345 226 294 294 294 323 345 226 345 323 323 345 226 323 323 345 323 226 294 323 345 345 323 294 294 345 345 226 323 87 87 294 323 345 294 226 323 323 294 
  Facilities: 5
 87 : 3 4 5 23 25 26 28 32 33 48 58 60 68 76 79 85 87 88 98 99 101 118 126 128 129 138 147 148 178 182 192 202 203 206 207 247 261 270 271 281 285 286 295 296 310 314 315 321 327 331 340 348 355 357 358 391 392 395 396 399 404 405 413 430 431 444 445 454 455 461 462 481 483 486 487 492 498 500 502 506 510 511 516 535 541 590 591
 226 : 1 7 8 9 20 22 36 39 40 50 51 52 59 63 66 69 80 82 92 100 102 103 105 106 107 108 114 115 120 122 132 133 134 141 142 143 144 146 152 153 154 157 158 164 166 167 168 173 180 181 196 204 217 220 223 226 231 242 250 251 254 262 264 267 268 272 275 291 292 301 305 306 311 312 316 318 326 330 334 339 342 343 344 347 353 354 356 363 367 369 370 372 379 382 385 386 387 390 393 394 397 406 409 410 411 416 424 425 436 439 442 450 451 457 458 465 466 467 469 473 474 477 485 495 508 513 515 517 518 519 520 521 522 526 542 543 544 545 548 554 557 558 562 568 573 578 588 596
 294 : 0 19 21 24 27 67 86 94 110 135 149 187 199 200 214 215 227 228 236 239 249 269 273 289 294 307 322 328 335 341 346 349 350 359 360 368 374 376 383 398 403 407 440 459 460 479 503 504 529 550 551 555 563 564 565 579 584 585 592 595 599
 323 : 10 11 12 13 14 15 16 18 29 30 31 34 38 41 43 44 45 49 53 54 55 56 57 64 72 73 74 75 78 81 83 84 90 91 93 96 97 104 113 119 121 124 125 127 130 136 137 139 145 150 151 155 156 159 160 163 165 169 170 171 172 175 176 179 183 184 185 190 191 194 195 197 205 208 209 210 211 212 213 216 218 219 222 224 225 232 233 235 240 241 243 245 248 252 253 255 258 259 263 265 266 274 278 279 282 283 284 288 290 297 299 300 302 303 304 308 309 319 320 323 329 332 333 336 351 352 361 362 364 365 366 371 375 377 380 381 384 389 400 401 402 408 414 415 418 419 420 421 422 428 429 432 433 434 435 437 438 447 448 449 453 456 464 470 471 472 476 480 482 488 490 491 493 494 499 505 509 512 514 523 527 528 532 533 534 536 537 538 547 549 559 560 566 570 571 574 575 577 580 583 589 593 597 598
 345 : 2 6 17 35 37 42 46 47 61 62 65 70 71 77 89 95 109 111 112 116 117 123 131 140 161 162 174 177 186 188 189 193 198 201 221 229 230 234 237 238 244 246 256 257 260 276 277 280 287 293 298 313 317 324 325 337 338 345 373 378 388 412 417 423 426 427 441 443 446 452 463 468 475 478 484 489 496 497 501 507 524 525 530 531 539 540 546 552 553 556 561 567 569 572 576 581 582 586 587 594
