# Time: 38321.929688
# Elapsed: 5993.029785
# Input_file: splp/KoerkelGhosh-asym/500/a/ga500a-2
# Pool_size: 200
# Iterations: 89
# Final_solutions: 14518
# Vision_range: 400
# Reduction_mode: REDUCTION_DISPERSE
# Dissimilitude: DISSIM_MSE
# Facility_dist: FDISMODE_MINDIST
SOLUTION:
  Value: -511278.000000
  Assigns: 240 356 390 315 359 168 370 226 421 318 412 143 136 175 376 475 168 143 203 318 27 218 194 477 176 33 398 217 332 194 475 314 267 315 477 194 312 314 370 217 143 318 332 436 212 486 376 356 194 69 312 325 175 315 412 315 201 393 226 412 393 194 53 421 325 477 475 337 176 127 332 50 168 127 217 318 168 400 400 400 201 412 226 477 143 33 332 475 408 125 370 27 318 136 398 201 176 370 390 50 352 240 203 212 436 449 175 315 318 486 337 69 337 400 125 127 337 267 436 436 50 408 370 175 332 475 412 157 218 408 359 175 398 157 27 254 254 254 376 421 293 322 356 168 293 449 125 376 315 175 322 168 194 53 408 157 421 125 314 136 293 267 412 398 486 50 143 408 69 217 254 53 194 168 408 312 168 314 293 436 486 267 203 312 127 477 393 486 127 194 325 254 337 168 412 143 475 218 50 421 203 211 390 312 436 201 421 218 157 408 226 168 33 211 477 53 332 33 314 212 293 293 486 371 332 267 337 53 157 50 212 371 390 125 315 194 352 240 393 293 337 486 168 212 293 352 53 408 50 315 125 212 356 168 371 390 201 315 175 176 201 217 322 125 400 337 370 194 352 212 53 157 398 400 370 226 393 211 53 240 50 254 125 398 318 390 412 157 254 412 217 203 398 69 352 240 400 218 408 315 359 33 390 53 337 337 267 486 421 449 449 157 408 352 318 136 371 376 175 393 314 157 125 370 218 400 486 176 332 449 322 53 312 412 315 359 356 168 356 314 337 371 125 390 293 436 201 322 218 203 370 412 50 211 143 194 322 125 127 390 356 53 201 352 325 226 201 194 325 477 325 267 376 332 33 337 475 27 217 421 322 127 477 212 408 325 217 400 69 400 325 127 267 194 318 217 390 143 157 226 449 254 136 127 143 398 203 157 201 267 212 176 211 325 312 412 400 212 393 322 176 211 53 217 217 33 293 175 371 217 211 486 371 398 436 254 359 312 143 359 325 168 203 194 400 376 176 314 318 136 211 359 69 325 337 50 337 436 143 475 312 69 312 486 218 27 314 318 33 398 390 254 194 218 390 371 477 267 69 412 322 240 370 325 217 218 332 412 436 312 127 50 254 486 352 315 356 27 398 50 
  Facilities: 51
 27 : 20 91 134 377 465 497
 33 : 25 85 212 217 301 374 425 468
 50 : 71 99 120 165 198 229 248 280 352 455 491 499
 53 : 62 153 171 215 227 246 270 278 303 331 361 422
 69 : 49 111 168 293 388 452 461 478
 125 : 89 114 146 157 233 250 263 282 322 342 357
 127 : 69 73 115 184 188 358 381 391 403 490
 136 : 12 93 159 315 402 449
 143 : 11 17 40 84 166 195 354 397 404 438 458
 157 : 127 133 155 208 228 271 287 311 321 398 407
 168 : 5 16 72 76 143 151 173 176 193 211 242 253 337 441
 175 : 13 52 106 123 131 149 258 318 427
 176 : 24 68 96 259 327 411 420 446
 194 : 22 29 35 48 61 152 172 189 235 267 355 367 393 443 472
 201 : 56 80 95 205 256 260 346 362 366 408
 203 : 18 102 182 200 291 349 406 442
 211 : 201 213 277 353 412 421 430 450
 212 : 44 103 219 230 243 251 269 383 410 417
 217 : 27 39 74 169 261 290 378 386 395 423 424 429 484
 218 : 21 128 197 207 297 324 348 464 473 485
 226 : 7 58 82 210 275 365 399
 240 : 0 101 237 279 295 481
 254 : 135 136 137 170 191 281 288 401 435 471 492
 267 : 32 117 161 181 225 306 371 392 409 477
 293 : 140 144 160 178 220 221 239 244 344 426
 312 : 36 50 175 183 203 332 414 437 460 462 489
 314 : 31 37 158 177 218 320 339 447 466
 315 : 3 33 53 55 107 148 234 249 257 299 334 495
 318 : 9 19 41 75 92 108 284 314 394 448 467
 322 : 141 150 262 330 347 356 380 419 480
 325 : 51 64 190 364 368 370 385 390 413 440 453 483
 332 : 28 42 70 86 124 216 224 328 373 486
 337 : 67 110 112 116 192 226 240 265 304 305 340 375 454 456
 352 : 100 236 245 268 294 313 363 494
 356 : 1 47 142 252 336 338 360 496
 359 : 4 130 300 335 436 439 451
 370 : 6 38 90 97 122 266 274 323 350 482
 371 : 223 231 254 316 341 428 432 475
 376 : 14 46 138 147 317 372 445
 390 : 2 98 202 232 255 285 302 343 359 396 470 474
 393 : 57 60 186 238 276 319 418
 398 : 26 94 132 163 272 283 292 405 433 469 498
 400 : 77 78 79 113 264 273 296 325 387 389 416 444
 408 : 88 121 129 154 167 174 209 247 298 312 384
 412 : 10 54 59 81 126 162 194 286 289 333 351 415 479 487
 421 : 8 63 139 156 199 206 308 379
 436 : 43 104 118 119 179 204 345 434 457 488
 449 : 105 145 309 310 329 400
 475 : 15 30 66 87 125 196 376 459
 477 : 23 34 65 83 185 214 369 382 476
 486 : 45 109 164 180 187 222 241 307 326 431 463 493
SOLUTION:
  Value: -511299.000000
  Assigns: 400 356 390 396 140 168 370 477 396 212 412 244 136 414 288 475 168 143 203 449 27 33 194 477 176 33 414 129 332 194 475 314 390 115 477 194 312 314 370 217 143 344 288 436 212 288 475 356 194 293 312 414 175 315 412 315 288 212 228 412 115 180 53 414 115 414 475 337 176 127 332 50 168 127 115 414 168 400 400 400 83 412 228 477 143 33 332 475 396 125 370 27 344 136 180 410 176 370 222 50 352 410 203 212 436 449 175 315 275 486 337 127 337 400 125 222 337 140 436 436 50 27 370 175 332 475 412 410 140 469 288 175 176 228 414 254 254 254 115 129 469 410 356 168 293 449 125 410 315 175 228 168 244 222 125 410 486 125 469 136 293 344 244 396 486 50 143 194 129 217 254 53 194 168 288 180 168 314 293 436 486 449 203 312 127 477 288 486 127 194 127 254 83 168 412 143 475 312 83 228 203 211 390 312 436 129 344 293 275 180 288 168 33 211 140 53 332 33 314 469 293 293 486 371 332 414 337 53 222 50 212 396 390 125 315 194 352 314 180 293 337 115 168 212 293 352 53 275 50 315 125 212 356 168 371 390 475 315 175 176 244 217 115 125 400 337 370 469 396 212 53 244 228 469 370 352 211 211 53 83 50 396 125 115 203 390 412 244 254 412 244 203 129 314 352 228 400 344 337 396 222 33 390 53 337 337 140 486 168 449 449 180 228 352 115 344 371 412 175 344 314 217 125 140 222 400 486 176 332 449 212 53 312 412 315 203 356 168 356 314 337 371 288 228 293 436 477 27 486 203 370 412 50 211 143 194 337 125 180 390 356 53 396 83 475 275 410 194 469 477 332 436 371 332 288 337 475 27 344 115 143 127 477 212 115 486 217 400 228 400 396 127 228 194 396 217 390 143 27 129 449 254 136 127 143 180 203 203 168 222 212 176 211 288 83 412 400 212 486 115 176 211 53 217 217 33 293 175 371 217 211 486 371 315 436 254 244 312 143 390 83 168 203 194 400 83 244 314 396 288 211 475 228 275 337 50 337 436 143 475 312 83 312 486 469 27 314 175 33 83 390 254 194 33 390 371 477 275 469 129 136 222 370 414 217 129 332 412 436 312 127 50 254 486 352 315 356 27 222 50 
  Facilities: 50
 27 : 20 91 121 347 377 398 465 497
 33 : 21 25 85 212 217 301 425 468 473
 50 : 71 99 120 165 229 248 280 352 455 491 499
 53 : 62 171 215 227 246 270 278 303 331 361 422
 83 : 80 192 198 279 363 414 440 445 461 469
 115 : 33 60 64 74 138 241 262 283 314 379 384 419
 125 : 89 114 146 154 157 233 250 263 282 322 357
 127 : 69 73 111 184 188 190 381 391 403 490
 129 : 27 139 168 205 292 399 479 485
 136 : 12 93 159 402 480
 140 : 4 117 128 214 306 323
 143 : 17 40 84 166 195 354 380 397 404 438 458
 168 : 5 16 72 76 143 151 173 176 193 211 242 253 308 337 408 441
 175 : 52 106 123 131 149 258 318 427 467
 176 : 24 68 96 132 259 327 411 420
 180 : 61 94 175 209 238 311 358 405
 194 : 22 29 35 48 167 172 189 235 355 367 393 443 472
 203 : 18 102 182 200 284 291 335 349 406 407 442
 211 : 201 213 276 277 353 412 421 430 450
 212 : 9 44 57 103 230 243 251 269 330 383 410 417
 217 : 39 169 261 321 386 395 423 424 429 484
 222 : 98 115 153 228 300 324 409 481 498
 228 : 58 82 133 150 199 272 295 312 343 388 392 452
 244 : 11 152 162 260 271 287 290 436 446
 254 : 135 136 137 170 191 288 401 435 471 492
 275 : 108 208 247 365 453 477
 288 : 14 42 45 56 130 174 186 210 342 374 413 449
 293 : 49 144 160 178 207 220 221 239 244 344 426
 312 : 36 50 183 197 203 332 437 460 462 489
 314 : 31 37 177 218 237 293 320 339 447 466
 315 : 53 55 107 148 234 249 257 334 433 495
 332 : 28 70 86 124 216 224 328 370 373 486
 337 : 67 110 112 116 226 240 265 298 304 305 340 356 375 454 456
 344 : 41 92 161 206 297 315 319 378
 352 : 100 236 245 275 294 313 494
 356 : 1 47 142 252 336 338 360 496
 370 : 6 38 90 97 122 266 274 350 482
 371 : 223 254 316 341 372 428 432 475
 390 : 2 32 202 232 255 285 302 359 396 439 470 474
 396 : 3 8 88 163 231 268 281 299 362 390 394 448
 400 : 0 77 78 79 113 264 296 325 387 389 416 444
 410 : 95 101 127 141 147 155 366
 412 : 10 54 59 81 126 194 286 289 317 333 351 415 487
 414 : 13 26 51 63 65 75 134 225 483
 436 : 43 104 118 119 179 204 345 371 434 457 488
 449 : 19 105 145 181 309 310 329 400
 469 : 129 140 158 219 267 273 368 464 478
 475 : 15 30 46 66 87 125 196 256 364 376 451 459
 477 : 7 23 34 83 185 346 369 382 476
 486 : 109 156 164 180 187 222 307 326 348 385 418 431 463 493
SOLUTION:
  Value: -511301.000000
  Assigns: 400 356 390 315 140 168 370 477 396 212 412 143 469 414 288 475 168 143 203 449 64 33 194 477 176 33 414 129 332 194 475 314 390 115 173 194 308 314 370 217 143 344 288 308 212 288 475 356 194 293 312 414 50 315 412 315 64 192 64 412 115 180 53 414 115 414 475 337 176 127 332 11 168 127 115 414 168 400 400 400 308 412 449 477 143 33 332 475 396 125 370 275 344 396 180 50 176 370 222 50 125 11 203 212 390 449 211 315 275 486 337 127 337 400 125 222 337 140 173 11 50 64 370 127 332 475 412 157 140 469 288 211 173 157 414 254 254 254 115 129 469 322 356 168 293 449 125 180 315 449 322 168 194 222 125 157 486 125 469 192 293 344 412 396 486 50 143 194 129 217 254 53 194 168 288 180 168 314 293 64 486 449 203 312 127 477 288 486 127 194 127 254 83 168 412 143 475 312 83 176 203 211 390 312 64 11 344 293 157 180 288 168 33 211 140 53 332 33 314 64 293 293 486 371 192 414 337 53 222 50 212 396 390 125 315 192 312 314 180 293 337 115 168 212 293 332 53 275 11 315 125 212 356 168 371 390 475 315 222 176 322 217 115 125 400 337 192 469 396 212 53 157 308 469 370 192 211 211 53 83 50 396 125 115 203 390 412 157 254 412 11 203 129 308 180 308 400 344 337 396 222 33 390 53 337 337 140 486 168 449 449 157 469 486 115 344 192 412 140 344 314 157 125 140 222 400 486 176 332 449 212 53 312 412 315 203 356 168 173 314 64 371 288 390 293 275 477 322 11 203 370 412 50 211 143 194 322 125 180 390 356 53 396 83 64 275 192 194 469 477 332 222 371 332 288 337 475 288 344 115 322 127 477 212 115 11 217 400 64 400 396 127 211 194 173 308 390 143 157 173 449 254 217 127 143 180 203 157 168 222 212 176 211 288 83 412 400 212 486 322 176 211 53 217 217 33 293 400 371 217 211 486 371 315 125 254 173 312 143 390 83 168 203 194 400 83 176 314 396 288 211 475 140 275 337 192 308 308 143 475 312 83 312 486 469 64 314 337 33 83 390 254 194 33 390 371 477 275 469 129 322 222 370 414 217 129 332 412 129 312 127 50 254 486 173 315 356 192 222 50 
  Facilities: 49
 11 : 71 101 119 205 248 290 348 385
 33 : 21 25 85 212 217 301 425 468 473
 50 : 52 95 99 120 165 229 280 352 491 499
 53 : 62 171 215 227 246 270 278 303 331 361 422
 64 : 20 56 58 121 179 204 219 340 364 388 465
 83 : 192 198 279 363 414 440 445 461 469
 115 : 33 60 64 74 138 241 262 283 314 379 384
 125 : 89 100 114 146 154 157 233 250 263 282 322 357 434
 127 : 69 73 111 123 184 188 190 381 391 403 490
 129 : 27 139 168 292 479 485 488
 140 : 4 117 128 214 306 318 323 452
 143 : 11 17 40 84 166 195 354 397 404 438 458
 157 : 127 133 155 208 271 287 311 321 398 407
 168 : 5 16 72 76 143 151 173 176 193 211 242 253 308 337 408 441
 173 : 34 118 132 338 394 399 436 494
 176 : 24 68 96 199 259 327 411 420 446
 180 : 61 94 147 175 209 238 294 358 405
 192 : 57 159 224 235 266 275 316 366 455 497
 194 : 22 29 35 48 152 167 172 189 355 367 393 443 472
 203 : 18 102 182 200 284 291 335 349 406 442
 211 : 106 131 201 213 276 277 353 392 412 421 430 450
 212 : 9 44 103 230 243 251 269 330 383 410 417
 217 : 39 169 261 386 402 423 424 429 484
 222 : 98 115 153 228 258 300 324 371 409 481 498
 254 : 135 136 137 170 191 288 401 435 471 492
 275 : 91 108 247 345 365 453 477
 288 : 14 42 45 130 174 186 210 342 374 377 413 449
 293 : 49 144 160 178 207 220 221 239 244 344 426
 308 : 36 43 80 272 293 295 395 456 457
 312 : 50 183 197 203 236 332 437 460 462 489
 314 : 31 37 177 218 237 320 339 447 466
 315 : 3 53 55 107 148 234 249 257 334 433 495
 322 : 141 150 260 347 356 380 419 480
 332 : 28 70 86 124 216 245 328 370 373 486
 337 : 67 110 112 116 226 240 265 298 304 305 375 454 467
 344 : 41 92 161 206 297 315 319 378
 356 : 1 47 142 252 336 360 496
 370 : 6 38 90 97 122 274 350 482
 371 : 223 254 341 372 428 432 475
 390 : 2 32 104 202 232 255 285 302 343 359 396 439 470 474
 396 : 8 88 93 163 231 268 281 299 362 390 448
 400 : 0 77 78 79 113 264 296 325 387 389 416 427 444
 412 : 10 54 59 81 126 162 194 286 289 317 333 351 415 487
 414 : 13 26 51 63 65 75 134 225 483
 449 : 19 82 105 145 149 181 309 310 329 400
 469 : 12 129 140 158 267 273 312 368 464 478
 475 : 15 30 46 66 87 125 196 256 376 451 459
 477 : 7 23 83 185 346 369 382 476
 486 : 109 156 164 180 187 222 307 313 326 418 431 463 493
SOLUTION:
  Value: -511314.000000
  Assigns: 400 314 390 315 140 168 370 477 396 212 499 143 136 414 18 475 168 143 203 449 27 33 194 477 33 33 414 217 332 194 475 314 18 115 173 194 312 314 370 499 143 344 332 18 212 344 475 332 194 499 312 414 175 315 412 315 79 18 228 412 115 194 53 414 115 414 475 337 3 127 332 50 168 127 115 414 168 400 400 400 83 412 228 477 143 33 332 475 396 125 370 27 344 136 194 79 499 370 222 50 125 410 203 212 436 449 175 315 211 486 337 127 337 400 125 222 337 140 173 436 50 27 370 175 332 475 412 157 140 469 3 175 173 157 414 254 254 254 115 50 469 410 469 168 293 449 125 410 315 175 228 168 194 222 125 157 486 125 469 136 293 344 412 396 486 50 143 194 3 217 254 53 194 168 3 312 168 314 293 436 486 449 203 79 127 477 475 486 127 194 127 254 83 168 412 143 475 312 83 228 203 79 390 312 436 79 344 293 157 83 18 168 33 499 140 53 332 33 314 469 293 293 486 371 332 414 337 53 222 50 212 396 390 125 315 194 312 314 499 293 337 115 168 212 293 332 53 314 50 315 125 212 83 18 371 390 254 315 175 175 499 217 115 125 400 337 370 469 396 212 53 157 228 469 370 168 211 211 53 83 50 396 125 115 203 390 412 157 254 412 217 203 499 79 217 228 400 344 337 396 222 33 18 53 337 337 140 486 18 449 449 157 228 486 115 344 371 412 175 344 314 157 125 140 222 400 486 228 332 449 3 53 312 18 315 203 157 168 173 314 337 371 125 228 293 436 477 27 486 203 370 412 50 211 143 194 499 125 79 390 337 53 396 83 475 499 410 194 469 477 332 436 371 332 33 337 475 27 344 115 143 127 477 212 115 486 217 400 228 400 3 127 499 194 173 217 390 143 157 173 449 254 136 127 143 79 203 157 168 222 212 211 211 410 83 412 400 212 486 115 136 211 53 217 217 79 293 175 371 217 211 486 371 315 436 254 173 312 143 390 83 168 203 194 400 83 27 314 396 136 211 475 228 412 337 50 337 436 143 475 312 83 312 486 469 27 314 3 33 83 390 254 194 33 390 371 477 115 469 412 136 222 370 414 217 18 332 412 436 312 127 50 79 486 173 315 136 27 222 50 
  Facilities: 48
 3 : 68 130 168 174 330 390 467
 18 : 14 32 43 57 210 253 302 308 333 485
 27 : 20 91 121 347 377 446 465 497
 33 : 21 24 25 85 212 217 301 374 468 473
 50 : 71 99 120 139 165 229 248 280 352 455 491 499
 53 : 62 171 215 227 246 270 278 303 331 361 422
 79 : 56 95 183 201 205 293 358 405 425 492
 83 : 80 192 198 209 252 279 363 414 440 445 461 469
 115 : 33 60 64 74 138 241 262 283 314 379 384 419 477
 125 : 89 100 114 146 154 157 233 250 263 282 322 342 357
 127 : 69 73 111 184 188 190 381 391 403 490
 136 : 12 93 159 402 420 449 480 496
 140 : 4 117 128 214 306 323
 143 : 11 17 40 84 166 195 354 380 397 404 438 458
 157 : 127 133 155 208 271 287 311 321 336 398 407
 168 : 5 16 72 76 143 151 173 176 193 211 242 275 337 408 441
 173 : 34 118 132 338 394 399 436 494
 175 : 52 106 123 131 149 258 259 318 427
 194 : 22 29 35 48 61 94 152 167 172 189 235 355 367 393 443 472
 203 : 18 102 182 200 284 291 335 349 406 442
 211 : 108 276 277 353 411 412 421 430 450
 212 : 9 44 103 230 243 251 269 383 410 417
 217 : 27 169 261 290 294 386 395 423 424 429 484
 222 : 98 115 153 228 300 324 409 481 498
 228 : 58 82 150 199 272 295 312 327 343 388 452
 254 : 135 136 137 170 191 256 288 401 435 471
 293 : 144 160 178 207 220 221 239 244 344 426
 312 : 36 50 175 197 203 236 332 437 460 462 489
 314 : 1 31 37 177 218 237 247 320 339 447 466
 315 : 3 53 55 107 148 234 249 257 334 433 495
 332 : 28 42 47 70 86 124 216 224 245 328 370 373 486
 337 : 67 110 112 116 226 240 265 298 304 305 340 360 375 454 456
 344 : 41 45 92 161 206 297 315 319 378
 370 : 6 38 90 97 122 266 274 350 482
 371 : 223 254 316 341 372 428 432 475
 390 : 2 202 232 255 285 359 396 439 470 474
 396 : 8 88 163 231 268 281 299 362 448
 400 : 0 77 78 79 113 264 296 325 387 389 416 444
 410 : 101 141 147 366 413
 412 : 54 59 81 126 162 194 286 289 317 351 415 453 479 487
 414 : 13 26 51 63 65 75 134 225 483
 436 : 104 119 179 204 345 371 434 457 488
 449 : 19 105 145 181 309 310 329 400
 469 : 129 140 142 158 219 267 273 368 464 478
 475 : 15 30 46 66 87 125 186 196 364 376 451 459
 477 : 7 23 83 185 346 369 382 476
 486 : 109 156 164 180 187 222 307 313 326 348 385 418 431 463 493
 499 : 10 39 49 96 213 238 260 292 356 365 392
SOLUTION:
  Value: -511315.000000
  Assigns: 119 356 390 396 140 168 344 477 396 212 412 143 469 414 288 475 168 143 203 154 64 33 194 477 176 33 398 217 332 194 475 314 390 315 477 194 312 314 154 465 143 344 288 320 212 288 475 154 194 69 312 414 175 315 412 315 64 393 64 412 393 320 60 414 320 414 475 337 176 465 332 50 168 157 217 414 168 144 400 400 83 412 449 477 143 33 332 475 396 144 390 465 344 396 398 154 176 449 390 50 219 154 203 212 436 449 175 315 211 486 337 119 337 400 125 60 219 140 436 436 50 64 471 175 332 475 154 157 140 469 288 175 398 157 414 465 465 254 475 50 469 322 356 168 337 119 125 219 60 175 320 168 194 140 125 157 486 125 469 119 64 344 412 398 486 50 143 194 69 217 254 53 194 119 288 312 168 314 414 436 486 449 203 312 322 477 288 486 314 194 344 254 83 168 412 143 475 144 83 176 203 211 390 312 64 60 344 471 157 83 288 168 33 211 140 53 332 33 314 64 219 203 486 396 332 414 471 53 157 50 212 396 390 125 315 219 60 314 393 168 337 486 320 212 119 332 53 119 50 315 125 212 356 168 175 390 475 315 175 176 322 217 322 125 400 337 356 469 396 212 53 157 398 469 465 154 393 211 53 83 50 396 125 398 203 390 412 157 254 412 320 203 398 69 217 154 400 344 337 396 219 33 390 53 337 337 140 486 168 449 449 157 465 486 320 344 203 412 471 344 314 157 471 140 144 400 486 176 332 449 322 53 312 412 315 203 60 168 356 314 64 143 288 390 465 436 477 322 486 203 119 412 144 211 143 194 322 125 414 390 356 53 396 83 64 33 60 194 469 465 219 436 144 332 288 337 475 288 344 471 322 154 477 465 217 486 219 400 69 400 396 154 144 194 396 217 390 143 157 119 449 254 393 344 219 398 320 157 119 175 212 176 211 288 83 412 400 144 393 322 176 211 53 217 217 33 168 175 144 217 211 486 332 398 436 254 219 312 143 144 83 168 203 194 400 83 176 314 396 288 211 475 140 412 337 50 337 436 143 475 312 83 144 486 469 64 314 175 33 83 390 254 194 33 390 471 477 60 69 412 322 465 219 414 217 154 332 412 436 312 471 50 254 486 144 315 356 60 398 50 
  Facilities: 49
 33 : 21 25 85 212 217 301 365 425 468 473
 50 : 71 99 120 139 165 229 248 280 455 491 499
 53 : 171 215 227 246 270 278 303 331 361 422
 60 : 62 115 148 205 236 336 366 477 497
 64 : 20 56 58 121 160 204 219 340 364 465
 69 : 49 168 293 388 478
 83 : 80 192 198 209 279 363 414 440 445 461 469
 119 : 0 111 145 159 173 244 247 350 399 408
 125 : 114 146 154 157 233 250 263 282 357
 140 : 4 117 128 153 214 306 323 452
 143 : 11 17 40 84 166 195 341 354 397 438 458
 144 : 77 89 197 324 352 372 392 417 428 439 462 494
 154 : 19 38 47 95 101 126 275 295 381 391 485
 157 : 73 127 133 155 208 228 271 287 311 321 398 407
 168 : 5 16 72 76 143 151 176 193 211 239 253 308 337 426 441
 175 : 52 106 123 131 149 254 258 409 427 467
 176 : 24 68 96 199 259 327 411 420 446
 194 : 22 29 35 48 152 167 172 189 355 367 393 443 472
 203 : 18 102 182 200 221 284 291 316 335 349 442
 211 : 108 201 213 277 353 412 421 430 450
 212 : 9 44 103 230 243 251 269 410
 217 : 27 74 169 261 294 384 395 423 424 429 484
 219 : 100 116 147 220 235 300 370 386 404 436 482
 254 : 137 170 191 288 401 435 471 492
 288 : 14 42 45 130 174 186 210 342 374 377 413 449
 312 : 36 50 175 183 203 332 437 460 489
 314 : 31 37 177 188 218 237 320 339 447 466
 315 : 33 53 55 107 234 249 257 334 495
 320 : 43 61 64 150 242 290 314 406
 322 : 141 184 260 262 330 347 356 380 419 480
 332 : 28 70 86 124 216 224 245 328 373 432 486
 337 : 67 110 112 144 240 265 298 304 305 375 454 456
 344 : 6 41 92 161 190 206 297 315 319 378 403
 356 : 1 142 252 266 338 360 496
 390 : 2 32 90 98 202 232 255 285 302 343 359 396 470 474
 393 : 57 60 238 276 402 418
 396 : 3 8 88 93 223 231 268 281 299 362 390 394 448
 398 : 26 94 132 163 272 283 292 405 433 498
 400 : 78 79 113 264 296 325 387 389 416 444
 412 : 10 54 59 81 162 194 286 289 317 333 351 415 453 479 487
 414 : 13 51 63 65 75 134 178 225 358 483
 436 : 104 118 119 179 345 371 434 457 488
 449 : 82 97 105 181 309 310 329 400
 465 : 39 69 91 135 136 274 312 344 369 383 481
 469 : 12 129 140 158 267 273 368 464
 471 : 122 207 226 318 322 379 475 490
 475 : 15 30 46 66 87 125 138 196 256 376 451 459
 477 : 7 23 34 83 185 346 382 476
 486 : 109 156 164 180 187 222 241 307 313 326 348 385 431 463 493
SOLUTION:
  Value: -511317.000000
  Assigns: 400 314 390 315 75 168 370 226 421 318 412 244 136 226 288 475 168 315 203 318 121 218 194 477 176 33 398 217 332 194 475 314 267 315 477 194 312 314 370 217 486 318 288 436 212 288 475 244 194 69 312 325 50 315 412 315 318 267 226 412 75 75 53 421 325 477 475 337 176 127 332 50 168 127 217 318 168 400 400 400 83 412 226 477 217 33 332 475 408 125 370 27 318 136 398 410 176 370 390 50 125 410 203 212 436 33 211 315 318 486 337 69 337 400 125 127 337 267 436 436 50 408 370 121 332 475 412 157 218 408 288 211 398 157 27 254 254 254 475 421 244 410 293 168 293 203 125 410 315 121 322 168 244 53 408 157 421 125 75 136 293 267 244 398 486 50 436 408 69 217 254 53 194 168 288 312 168 314 293 436 486 267 203 312 127 477 288 486 127 194 325 254 83 168 412 27 475 218 83 421 203 211 390 312 436 136 421 218 157 408 226 168 33 211 477 53 332 33 314 75 293 293 486 371 332 267 337 53 157 50 212 371 390 125 315 194 312 314 212 293 337 410 168 212 293 332 53 408 121 315 125 212 83 168 371 121 475 315 322 176 244 217 322 125 400 337 370 194 75 212 53 157 121 400 370 226 211 211 53 83 50 254 125 398 318 390 412 157 254 412 244 203 398 69 217 398 400 218 408 315 267 33 390 53 337 337 267 486 421 475 121 157 408 486 318 136 371 412 390 288 314 157 125 370 218 400 486 176 332 75 212 53 312 412 315 203 157 168 398 314 337 371 288 390 293 436 477 322 218 203 370 412 50 211 315 194 322 125 127 390 408 53 121 83 325 226 410 194 325 75 325 267 371 332 288 337 475 27 217 421 322 127 477 212 408 325 217 400 69 400 325 127 267 194 318 217 390 75 157 226 421 254 136 127 27 398 203 157 168 267 212 176 211 288 83 412 400 212 486 322 176 211 53 217 217 33 293 69 75 217 211 486 371 398 436 254 244 312 332 390 325 168 203 194 400 83 244 314 318 288 211 475 69 325 337 50 337 436 410 475 312 83 312 486 218 27 314 318 33 83 390 254 194 218 390 371 477 267 69 412 322 75 370 325 217 218 332 412 436 312 127 50 254 486 477 315 121 27 398 50 
  Facilities: 47
 27 : 91 134 195 377 404 465 497
 33 : 25 85 105 212 217 301 425 468
 50 : 52 71 99 120 165 229 280 352 455 491 499
 53 : 62 153 171 215 227 246 270 278 303 331 361 422
 69 : 49 111 168 293 388 427 452 478
 75 : 4 60 61 158 219 268 329 369 397 428 481
 83 : 80 192 198 252 279 363 414 445 461 469
 121 : 20 123 149 248 255 272 310 362 496
 125 : 89 100 114 146 157 233 250 263 282 322 357
 127 : 69 73 115 184 188 358 381 391 403 490
 136 : 12 93 159 205 315 402
 157 : 127 133 155 208 228 271 287 311 321 336 398 407
 168 : 5 16 72 76 143 151 173 176 193 211 242 253 337 408 441
 176 : 24 68 96 259 327 411 420
 194 : 22 29 35 48 172 189 235 267 355 367 393 443 472
 203 : 18 102 145 182 200 291 335 349 406 442
 211 : 106 131 201 213 276 277 353 412 421 430 450
 212 : 44 103 230 238 243 251 269 330 383 410 417
 217 : 27 39 74 84 169 261 294 378 386 395 423 424 429 484
 218 : 21 128 197 207 297 324 348 464 473 485
 226 : 7 13 58 82 210 275 365 399
 244 : 11 47 140 152 162 260 290 436 446
 254 : 135 136 137 170 191 281 288 401 435 471 492
 267 : 32 57 117 161 181 225 300 306 371 392 409 477
 288 : 14 42 45 130 174 186 319 342 374 413 449
 293 : 142 144 160 178 220 221 239 244 344 426
 312 : 36 50 175 183 203 236 332 437 460 462 489
 314 : 1 31 37 177 218 237 320 339 447 466
 315 : 3 17 33 53 55 107 148 234 249 257 299 334 354 495
 318 : 9 19 41 56 75 92 108 284 314 394 448 467
 322 : 150 258 262 347 356 380 419 480
 325 : 51 64 190 364 368 370 385 390 440 453 483
 332 : 28 70 86 124 216 224 245 328 373 438 486
 337 : 67 110 112 116 226 240 265 304 305 340 375 454 456
 370 : 6 38 90 97 122 266 274 323 350 482
 371 : 223 231 254 316 341 372 432 475
 390 : 2 98 202 232 285 302 318 343 359 396 439 470 474
 398 : 26 94 132 163 283 292 295 338 405 433 498
 400 : 0 77 78 79 113 264 273 296 325 387 389 416 444
 408 : 88 121 129 154 167 209 247 298 312 360 384
 410 : 95 101 141 147 241 366 458
 412 : 10 54 59 81 126 194 286 289 317 333 351 415 479 487
 421 : 8 63 139 156 199 206 308 379 400
 436 : 43 104 118 119 166 179 204 345 434 457 488
 475 : 15 30 46 66 87 125 138 196 256 309 376 451 459
 477 : 23 34 65 83 185 214 346 382 476 494
 486 : 40 109 164 180 187 222 307 313 326 418 431 463 493
SOLUTION:
  Value: -511319.000000
  Assigns: 400 356 390 396 140 168 370 477 396 212 412 244 469 414 288 475 168 143 203 449 27 33 194 477 176 33 414 129 332 194 475 314 390 115 477 194 312 314 370 217 143 344 288 436 212 288 475 356 194 436 312 414 50 315 412 315 288 212 228 412 115 180 53 414 115 414 475 337 176 127 332 50 168 127 115 414 168 400 400 400 83 412 228 477 143 33 332 475 396 125 370 27 344 396 180 410 176 370 222 50 125 410 203 212 436 449 211 315 275 486 337 127 337 400 125 222 337 140 436 436 50 27 370 127 332 475 412 410 140 469 288 211 176 228 414 254 254 254 115 129 469 410 356 168 293 449 125 410 315 449 228 168 244 222 125 410 486 125 469 53 293 344 244 396 486 50 143 194 129 217 254 53 194 168 288 180 168 314 293 436 486 449 203 312 127 477 288 486 127 194 127 254 83 168 412 143 475 312 83 228 203 211 390 312 436 129 344 293 275 180 288 168 33 211 140 53 332 33 314 469 293 293 486 371 332 414 337 53 222 50 212 396 390 125 315 194 312 314 180 293 337 115 168 212 293 332 53 275 50 315 125 212 356 168 371 390 475 315 222 176 244 217 115 125 400 337 370 469 396 212 53 244 228 469 370 168 211 211 53 83 50 396 125 115 203 390 412 244 254 412 244 203 129 314 180 228 400 344 337 396 222 33 390 53 337 337 140 486 168 449 449 180 228 486 115 344 371 412 140 344 314 217 125 140 222 400 486 176 332 449 212 53 312 412 315 203 356 168 356 314 337 371 288 228 293 436 477 27 486 203 370 412 50 211 143 194 337 125 180 390 356 53 396 83 475 275 410 194 469 477 332 436 371 332 288 337 475 27 344 115 143 127 477 212 115 486 217 400 228 400 396 127 228 194 396 217 390 143 27 129 449 254 217 127 143 180 203 203 168 222 212 176 211 288 83 412 400 212 486 115 176 211 53 217 217 33 293 400 371 217 211 486 371 315 436 254 244 312 143 390 83 168 203 194 400 83 244 314 396 288 211 475 228 275 337 50 337 436 143 475 312 83 312 486 469 27 314 337 33 83 390 254 194 33 390 371 477 275 469 129 129 222 370 414 217 129 332 412 436 312 127 50 254 486 222 315 356 27 222 50 
  Facilities: 47
 27 : 20 91 121 347 377 398 465 497
 33 : 21 25 85 212 217 301 425 468 473
 50 : 52 71 99 120 165 229 248 280 352 455 491 499
 53 : 62 159 171 215 227 246 270 278 303 331 361 422
 83 : 80 192 198 279 363 414 440 445 461 469
 115 : 33 60 64 74 138 241 262 283 314 379 384 419
 125 : 89 100 114 146 154 157 233 250 263 282 322 357
 127 : 69 73 111 123 184 188 190 381 391 403 490
 129 : 27 139 168 205 292 399 479 480 485
 140 : 4 117 128 214 306 318 323
 143 : 17 40 84 166 195 354 380 397 404 438 458
 168 : 5 16 72 76 143 151 173 176 193 211 242 253 275 308 337 408 441
 176 : 24 68 96 132 259 327 411 420
 180 : 61 94 175 209 238 294 311 358 405
 194 : 22 29 35 48 167 172 189 235 355 367 393 443 472
 203 : 18 102 182 200 284 291 335 349 406 407 442
 211 : 106 131 201 213 276 277 353 412 421 430 450
 212 : 9 44 57 103 230 243 251 269 330 383 410 417
 217 : 39 169 261 321 386 395 402 423 424 429 484
 222 : 98 115 153 228 258 300 324 409 481 494 498
 228 : 58 82 133 150 199 272 295 312 343 388 392 452
 244 : 11 152 162 260 271 287 290 436 446
 254 : 135 136 137 170 191 288 401 435 471 492
 275 : 108 208 247 365 453 477
 288 : 14 42 45 56 130 174 186 210 342 374 413 449
 293 : 144 160 178 207 220 221 239 244 344 426
 312 : 36 50 183 197 203 236 332 437 460 462 489
 314 : 31 37 177 218 237 293 320 339 447 466
 315 : 53 55 107 148 234 249 257 334 433 495
 332 : 28 70 86 124 216 224 245 328 370 373 486
 337 : 67 110 112 116 226 240 265 298 304 305 340 356 375 454 456 467
 344 : 41 92 161 206 297 315 319 378
 356 : 1 47 142 252 336 338 360 496
 370 : 6 38 90 97 122 266 274 350 482
 371 : 223 254 316 341 372 428 432 475
 390 : 2 32 202 232 255 285 302 359 396 439 470 474
 396 : 3 8 88 93 163 231 268 281 299 362 390 394 448
 400 : 0 77 78 79 113 264 296 325 387 389 416 427 444
 410 : 95 101 127 141 147 155 366
 412 : 10 54 59 81 126 194 286 289 317 333 351 415 487
 414 : 13 26 51 63 65 75 134 225 483
 436 : 43 49 104 118 119 179 204 345 371 434 457 488
 449 : 19 105 145 149 181 309 310 329 400
 469 : 12 129 140 158 219 267 273 368 464 478
 475 : 15 30 46 66 87 125 196 256 364 376 451 459
 477 : 7 23 34 83 185 346 369 382 476
 486 : 109 156 164 180 187 222 307 313 326 348 385 418 431 463 493
SOLUTION:
  Value: -511321.000000
  Assigns: 400 314 390 396 441 168 344 226 396 212 412 143 469 414 288 475 168 143 454 449 121 218 194 454 176 33 398 217 332 194 475 187 390 288 393 194 312 314 454 465 143 344 288 320 212 288 475 332 194 436 312 414 50 258 412 312 288 393 226 412 454 320 371 414 320 414 454 337 176 465 332 11 187 157 217 414 168 400 400 400 83 412 226 449 143 33 332 475 396 125 454 465 344 396 398 50 176 449 222 50 125 11 203 212 436 449 258 121 454 486 337 454 337 400 125 222 337 258 436 436 50 465 121 121 332 475 412 157 218 469 288 211 398 157 414 465 465 288 475 187 469 187 258 168 187 449 125 441 465 449 320 168 194 222 125 157 486 125 469 258 194 344 412 398 441 50 143 194 441 217 465 211 194 168 288 312 168 314 414 436 486 449 203 312 322 187 288 486 314 194 344 449 83 168 412 143 475 218 83 176 203 211 390 312 436 11 344 218 157 83 226 168 33 211 454 400 332 33 314 469 441 203 486 371 332 414 337 441 222 50 212 454 390 125 441 194 312 314 393 168 337 486 320 212 454 332 320 258 11 475 125 212 83 168 371 121 475 50 222 176 322 217 322 125 400 337 441 469 396 212 194 157 121 469 465 226 393 211 465 83 50 396 125 398 203 390 412 157 11 412 11 203 398 258 217 187 400 218 337 396 222 33 390 218 337 337 187 486 454 449 449 157 465 486 320 344 371 412 176 344 314 157 125 212 222 400 486 176 332 449 322 222 312 412 187 203 157 168 398 314 337 371 288 390 465 436 143 322 11 203 218 412 50 211 143 194 322 125 414 390 258 83 121 83 475 226 486 194 469 465 332 436 371 332 288 337 475 441 344 258 322 454 258 465 217 11 217 400 288 400 396 441 211 194 396 217 390 143 157 226 449 125 393 344 143 398 320 157 168 222 212 176 211 288 83 412 400 212 393 322 176 211 314 217 217 33 168 400 371 217 211 486 371 398 436 218 258 312 143 390 83 168 203 194 400 83 441 314 396 288 211 475 441 412 337 50 337 436 143 475 312 83 312 486 469 258 314 337 33 83 390 143 194 218 390 371 212 398 469 412 322 222 414 414 217 218 332 412 436 312 187 50 469 486 222 465 121 222 222 50 
  Facilities: 44
 11 : 71 101 205 248 288 290 348 385
 33 : 25 85 212 217 301 425 468
 50 : 52 95 99 120 165 229 257 280 352 455 491 499
 83 : 80 192 198 209 252 279 361 363 414 440 445 461 469
 121 : 20 107 122 123 255 272 362 496
 125 : 89 100 114 146 154 157 233 250 263 282 322 357 401
 143 : 11 17 40 84 166 195 346 354 397 404 438 458 471
 157 : 73 127 133 155 208 271 287 311 321 336 398 407
 168 : 5 16 76 143 151 173 176 193 211 239 253 337 408 426 441
 176 : 24 68 96 199 259 318 327 411 420
 187 : 31 72 139 141 144 185 295 306 334 490
 194 : 22 29 35 48 152 160 167 172 189 235 270 355 367 393 443 472
 203 : 102 182 200 221 284 291 335 349 442
 211 : 131 171 201 213 277 353 392 412 421 430 450
 212 : 9 44 103 230 243 251 269 323 410 417 476
 217 : 27 74 169 261 294 384 386 395 423 424 429 484
 218 : 21 128 197 207 297 303 350 435 473 485
 222 : 98 115 153 228 258 300 324 331 409 481 494 497 498
 226 : 7 58 82 210 275 365 399
 258 : 53 106 117 142 159 247 293 360 379 382 436 465
 288 : 14 33 42 45 56 130 137 174 186 342 374 388 413 449
 312 : 36 50 55 175 183 203 236 332 437 460 462 489
 314 : 1 37 177 188 218 237 320 339 422 447 466
 320 : 43 61 64 150 242 246 314 406
 322 : 184 260 262 330 347 356 380 419 480
 332 : 28 47 70 86 124 216 224 245 328 370 373 486
 337 : 67 110 112 116 226 240 265 298 304 305 340 375 454 456 467
 344 : 6 41 92 161 190 206 315 319 378 403
 371 : 62 223 254 316 341 372 428 432 475
 390 : 2 32 202 232 285 302 343 359 396 439 470 474
 393 : 34 57 238 276 402 418
 396 : 3 8 88 93 268 281 299 390 394 448
 398 : 26 94 132 163 283 292 338 405 433 477
 400 : 0 77 78 79 113 215 264 296 325 387 389 416 427 444
 412 : 10 54 59 81 126 162 194 286 289 317 333 351 415 453 479 487
 414 : 13 51 63 65 75 134 178 225 358 482 483
 436 : 49 104 118 119 179 204 345 371 434 457 488
 441 : 4 147 164 168 220 227 234 266 377 391 446 452
 449 : 19 83 97 105 145 149 181 191 309 310 329 400
 454 : 18 23 38 60 66 90 108 111 214 231 244 308 381
 465 : 39 69 91 121 135 136 148 170 274 278 312 344 369 383 495
 469 : 12 129 140 158 219 267 273 368 464 478 492
 475 : 15 30 46 87 125 138 196 249 256 364 376 451 459
 486 : 109 156 180 187 222 241 307 313 326 366 431 463 493
SOLUTION:
  Value: -511323.000000
  Assigns: 240 356 390 315 359 168 370 226 421 318 412 244 136 175 376 475 168 191 203 318 121 218 194 477 176 33 398 217 332 194 475 314 267 315 477 194 312 314 370 217 143 318 332 436 212 486 376 356 194 69 312 325 175 315 412 315 318 393 226 412 393 191 53 421 325 477 475 337 176 127 332 50 168 127 217 437 168 400 400 400 53 412 226 477 143 33 332 475 408 125 370 27 318 136 398 50 176 370 390 50 352 240 203 212 436 449 175 315 318 486 337 69 337 400 125 127 337 267 436 436 50 408 370 175 332 475 412 157 218 408 359 175 398 157 27 254 254 254 376 421 244 322 356 168 293 449 125 376 315 175 322 168 244 53 408 157 421 125 314 136 293 267 244 398 191 50 143 408 69 217 254 53 194 168 408 312 168 314 293 436 486 267 203 312 127 477 393 486 127 194 325 254 337 168 412 143 475 218 191 421 203 211 390 312 436 136 421 218 157 408 226 168 33 211 477 53 332 33 314 212 293 293 486 371 332 267 191 53 157 50 212 371 390 125 315 194 352 240 393 293 337 486 191 212 293 352 53 408 121 315 125 212 356 437 371 121 254 315 175 176 244 217 322 125 400 337 370 194 352 212 53 157 121 400 370 226 393 211 437 240 50 191 125 398 318 390 412 157 254 412 244 203 398 69 352 240 400 218 408 315 359 33 390 53 337 337 267 486 421 449 449 157 408 352 318 136 371 376 175 393 314 157 125 370 218 400 486 176 332 449 322 53 312 412 315 359 356 168 356 314 337 371 125 390 293 436 437 322 218 203 370 412 50 211 143 194 322 125 127 390 356 53 121 352 325 226 437 194 325 477 325 267 376 332 33 337 475 27 217 421 322 127 477 212 408 325 217 400 69 400 325 127 267 194 318 217 390 143 157 226 449 254 136 127 143 398 203 157 168 267 212 176 211 325 312 412 400 212 393 322 176 211 53 217 217 33 293 175 371 217 211 486 371 398 436 254 359 312 143 359 325 168 203 194 400 376 244 314 318 136 211 359 69 325 337 50 191 436 143 475 312 191 312 486 218 27 314 318 33 437 390 254 194 218 390 371 477 437 69 412 322 240 370 325 217 218 332 412 436 312 127 50 254 486 352 315 356 27 398 50 
  Facilities: 54
 27 : 91 134 377 465 497
 33 : 25 85 212 217 301 374 425 468
 50 : 71 95 99 120 165 229 280 352 455 491 499
 53 : 62 80 153 171 215 227 246 270 303 331 361 422
 69 : 49 111 168 293 388 452 478
 121 : 20 248 255 272 362
 125 : 89 114 146 157 233 250 263 282 322 342 357
 127 : 69 73 115 184 188 358 381 391 403 490
 136 : 12 93 159 205 315 402 449
 143 : 40 84 166 195 354 397 404 438 458
 157 : 127 133 155 208 228 271 287 311 321 398 407
 168 : 5 16 72 76 143 151 173 176 193 211 337 408 441
 175 : 13 52 106 123 131 149 258 318 427
 176 : 24 68 96 259 327 411 420
 191 : 17 61 164 198 226 242 281 456 461
 194 : 22 29 35 48 172 189 235 267 355 367 393 443 472
 203 : 18 102 182 200 291 349 406 442
 211 : 201 213 277 353 412 421 430 450
 212 : 44 103 219 230 243 251 269 383 410 417
 217 : 27 39 74 169 261 378 386 395 423 424 429 484
 218 : 21 128 197 207 297 324 348 464 473 485
 226 : 7 58 82 210 275 365 399
 240 : 0 101 237 279 295 481
 244 : 11 140 152 162 260 290 446
 254 : 135 136 137 170 191 256 288 401 435 471 492
 267 : 32 117 161 181 225 306 371 392 409
 293 : 144 160 178 220 221 239 244 344 426
 312 : 36 50 175 183 203 332 414 437 460 462 489
 314 : 31 37 158 177 218 320 339 447 466
 315 : 3 33 53 55 107 148 234 249 257 299 334 495
 318 : 9 19 41 56 92 108 284 314 394 448 467
 322 : 141 150 262 330 347 356 380 419 480
 325 : 51 64 190 364 368 370 385 390 413 440 453 483
 332 : 28 42 70 86 124 216 224 328 373 486
 337 : 67 110 112 116 192 240 265 304 305 340 375 454
 352 : 100 236 245 268 294 313 363 494
 356 : 1 47 142 252 336 338 360 496
 359 : 4 130 300 335 436 439 451
 370 : 6 38 90 97 122 266 274 323 350 482
 371 : 223 231 254 316 341 428 432 475
 376 : 14 46 138 147 317 372 445
 390 : 2 98 202 232 285 302 343 359 396 470 474
 393 : 57 60 186 238 276 319 418
 398 : 26 94 132 163 283 292 405 433 498
 400 : 77 78 79 113 264 273 296 325 387 389 416 444
 408 : 88 121 129 154 167 174 209 247 298 312 384
 412 : 10 54 59 81 126 194 286 289 333 351 415 479 487
 421 : 8 63 139 156 199 206 308 379
 436 : 43 104 118 119 179 204 345 434 457 488
 437 : 75 253 278 346 366 469 477
 449 : 105 145 309 310 329 400
 475 : 15 30 66 87 125 196 376 459
 477 : 23 34 65 83 185 214 369 382 476
 486 : 45 109 180 187 222 241 307 326 431 463 493
SOLUTION:
  Value: -511327.000000
  Assigns: 400 356 390 396 140 168 370 477 396 212 412 244 136 414 288 475 168 143 203 449 27 33 194 477 176 33 414 129 332 194 475 314 390 115 477 93 312 314 370 217 143 344 288 436 212 288 475 356 194 293 312 414 175 315 412 315 137 212 228 412 115 180 53 414 115 414 475 337 176 127 332 50 168 127 115 414 168 400 400 400 83 412 228 477 143 33 332 475 396 125 370 27 344 136 180 410 176 370 222 50 352 410 203 212 436 449 175 315 275 486 337 127 337 400 125 222 337 140 436 436 50 27 370 175 332 475 412 410 140 469 288 175 93 228 414 254 254 254 115 129 469 410 356 168 293 449 125 410 315 175 228 168 244 222 125 410 486 125 469 136 293 344 244 396 486 50 93 194 129 217 254 53 194 168 288 180 168 314 293 436 486 449 203 312 127 477 288 486 127 194 127 254 83 168 412 143 475 312 137 228 203 211 390 312 436 129 344 293 275 180 288 168 33 211 140 53 332 33 314 469 293 293 486 371 332 414 337 53 222 50 212 396 390 125 315 194 352 314 180 293 337 115 168 212 293 352 53 275 50 315 125 212 356 168 371 390 475 315 175 176 244 217 115 125 400 337 370 469 396 212 53 244 228 469 370 137 137 211 53 83 50 396 125 115 203 390 412 244 254 412 244 203 129 93 352 228 400 344 337 396 222 33 390 53 337 337 140 486 168 449 449 180 228 352 115 344 371 412 175 344 314 217 125 140 222 400 486 176 332 449 212 53 312 412 315 203 356 168 356 314 337 371 137 228 293 436 477 27 486 203 370 412 50 211 143 194 337 125 180 390 356 53 396 83 475 275 410 194 469 137 332 436 371 332 288 337 475 27 344 115 143 127 477 212 115 486 217 400 228 400 396 127 137 194 137 217 390 143 27 129 449 254 136 127 143 180 203 203 168 222 212 176 211 137 83 412 400 212 486 115 176 211 53 217 217 33 293 175 371 217 211 486 371 315 436 254 244 312 228 390 83 168 203 194 400 83 244 314 396 288 211 475 228 275 337 50 337 436 410 475 312 83 312 486 469 27 314 175 33 83 390 254 194 33 390 371 477 275 469 129 136 222 370 414 217 129 332 412 436 312 127 50 254 486 352 315 356 27 222 50 
  Facilities: 52
 27 : 20 91 121 347 377 398 465 497
 33 : 21 25 85 212 217 301 425 468 473
 50 : 71 99 120 165 229 248 280 352 455 491 499
 53 : 62 171 215 227 246 270 278 303 331 361 422
 83 : 80 192 279 363 414 440 445 461 469
 93 : 35 132 166 293
 115 : 33 60 64 74 138 241 262 283 314 379 384 419
 125 : 89 114 146 154 157 233 250 263 282 322 357
 127 : 69 73 111 184 188 190 381 391 403 490
 129 : 27 139 168 205 292 399 479 485
 136 : 12 93 159 402 480
 137 : 56 198 275 276 342 369 392 394 413
 140 : 4 117 128 214 306 323
 143 : 17 40 84 195 354 380 397 404
 168 : 5 16 72 76 143 151 173 176 193 211 242 253 308 337 408 441
 175 : 52 106 123 131 149 258 318 427 467
 176 : 24 68 96 259 327 411 420
 180 : 61 94 175 209 238 311 358 405
 194 : 22 29 48 167 172 189 235 355 367 393 443 472
 203 : 18 102 182 200 284 291 335 349 406 407 442
 211 : 201 213 277 353 412 421 430 450
 212 : 9 44 57 103 230 243 251 269 330 383 410 417
 217 : 39 169 261 321 386 395 423 424 429 484
 222 : 98 115 153 228 300 324 409 481 498
 228 : 58 82 133 150 199 272 295 312 343 388 438 452
 244 : 11 152 162 260 271 287 290 436 446
 254 : 135 136 137 170 191 288 401 435 471 492
 275 : 108 208 247 365 453 477
 288 : 14 42 45 130 174 186 210 374 449
 293 : 49 144 160 178 207 220 221 239 244 344 426
 312 : 36 50 183 197 203 332 437 460 462 489
 314 : 31 37 177 218 237 320 339 447 466
 315 : 53 55 107 148 234 249 257 334 433 495
 332 : 28 70 86 124 216 224 328 370 373 486
 337 : 67 110 112 116 226 240 265 298 304 305 340 356 375 454 456
 344 : 41 92 161 206 297 315 319 378
 352 : 100 236 245 294 313 494
 356 : 1 47 142 252 336 338 360 496
 370 : 6 38 90 97 122 266 274 350 482
 371 : 223 254 316 341 372 428 432 475
 390 : 2 32 202 232 255 285 302 359 396 439 470 474
 396 : 3 8 88 163 231 268 281 299 362 390 448
 400 : 0 77 78 79 113 264 296 325 387 389 416 444
 410 : 95 101 127 141 147 155 366 458
 412 : 10 54 59 81 126 194 286 289 317 333 351 415 487
 414 : 13 26 51 63 65 75 134 225 483
 436 : 43 104 118 119 179 204 345 371 434 457 488
 449 : 19 105 145 181 309 310 329 400
 469 : 129 140 158 219 267 273 368 464 478
 475 : 15 30 46 66 87 125 196 256 364 376 451 459
 477 : 7 23 34 83 185 346 382 476
 486 : 109 156 164 180 187 222 307 326 348 385 418 431 463 493
