# Time: 27.990000
# Elapsed: 14.656562
# Input_file: splp/Fpp17/3FPP_17S.txt
# Pool_size: 200
# Iterations: 66
# Final_solutions: 13000
# Vision_range: 0
# Reduction_mode: REDUCTION_RANDOM
SOLUTION:
  Value: -168274.000000
  Assigns: 139 206 207 206 228 37 7 7 272 152 11 263 264 283 137 154 139 140 11 283 272 110 37 228 25 164 16 291 257 281 45 283 284 257 263 305 265 37 177 182 264 164 247 272 37 45 135 37 137 254 139 140 257 68 11 207 145 58 21 182 284 264 265 152 216 58 11 68 207 69 275 16 275 216 37 68 21 216 283 24 25 113 83 206 287 117 229 87 45 232 83 84 37 216 16 110 128 87 99 16 132 58 305 135 247 137 99 108 247 232 110 254 113 58 257 11 117 260 108 151 16 264 154 45 247 21 83 216 45 25 87 283 275 272 257 287 151 260 139 84 263 37 132 232 145 108 139 69 300 164 113 152 145 110 117 145 113 300 151 152 283 300 84 164 154 128 11 182 200 132 68 164 117 69 164 11 177 177 135 11 137 182 139 140 177 83 84 132 151 21 205 206 37 25 283 140 228 154 287 200 200 99 291 99 205 37 151 152 24 25 200 300 205 45 177 132 305 139 140 117 177 117 58 140 69 257 216 228 228 11 152 232 247 265 16 152 68 154 83 232 272 137 24 25 140 260 247 247 263 264 207 87 284 69 247 37 257 247 154 216 205 254 207 108 265 265 229 257 113 232 263 228 117 305 264 275 291 113 110 177 281 117 275 283 182 275 287 232 205 206 305 291 108 283 287 140 128 287 291 135 25 83 200 260 140 137 263 
  Facilities: 56
 7 : 6 7
 11 : 10 18 54 66 115 166 175 179 229
 16 : 26 71 94 99 120 234
 21 : 58 76 125 189
 24 : 79 208 242
 25 : 24 80 129 193 209 243 300
 37 : 5 22 37 44 47 74 92 141 192 205 255
 45 : 30 45 88 123 128 213
 58 : 57 65 101 113 222
 68 : 53 67 75 170 236
 69 : 69 147 173 224 253
 83 : 82 90 126 185 238 301
 84 : 91 139 162 186
 87 : 87 97 130 251
 99 : 98 106 201 203
 108 : 107 118 145 263 292
 110 : 21 95 110 153 278
 113 : 81 112 150 156 268 277
 117 : 85 116 154 172 219 221 272 281
 128 : 96 165 296
 132 : 100 142 169 187 215
 135 : 46 103 178 299
 137 : 14 48 105 180 241 305
 139 : 0 16 50 138 146 182 217
 140 : 17 51 183 195 218 223 244 295 304
 145 : 56 144 152 155
 151 : 119 136 158 188 206
 152 : 9 63 151 159 207 230 235
 154 : 15 122 164 197 237 258
 164 : 25 41 149 163 171 174
 177 : 38 176 177 184 214 220 279
 182 : 39 59 167 181 284
 200 : 168 199 200 210 302
 205 : 190 204 212 260 288
 206 : 1 3 83 191 289
 207 : 2 55 68 250 262
 216 : 64 73 77 93 127 226 259
 228 : 4 23 196 227 228 271
 229 : 86 266
 232 : 89 109 143 231 239 269 287
 247 : 42 104 108 124 232 246 247 254 257
 254 : 49 111 261
 257 : 28 33 52 114 134 225 256 267
 260 : 117 137 245 303
 263 : 11 34 140 248 270 306
 264 : 12 40 61 121 249 274
 265 : 36 62 233 264 265
 272 : 8 20 43 133 240
 275 : 70 72 132 275 282 285
 281 : 29 280
 283 : 13 19 31 78 131 160 194 283 293
 284 : 32 60 252
 287 : 84 135 198 286 294 297
 291 : 27 202 276 291 298
 300 : 148 157 161 211
 305 : 35 102 216 273 290
SOLUTION:
  Value: -171258.000000
  Assigns: 139 1 34 208 268 37 158 8 1 161 234 263 164 283 219 158 268 169 11 158 52 164 37 252 113 164 169 166 21 234 31 283 296 285 263 178 37 37 177 242 72 41 32 166 37 188 169 37 41 188 139 41 52 256 11 207 285 72 21 52 263 285 52 215 153 208 11 219 207 32 85 72 211 74 74 32 21 34 110 72 219 113 234 0 74 117 8 32 177 89 242 180 37 296 11 96 219 129 113 188 252 190 117 242 247 1 96 108 247 31 8 234 113 252 129 72 117 117 108 82 263 210 85 21 247 21 89 72 129 129 52 283 89 256 166 52 32 82 139 139 263 37 285 158 145 108 139 110 180 164 113 96 145 110 117 0 171 74 158 152 82 161 177 178 0 1 11 89 85 169 171 164 261 188 96 11 72 177 74 11 180 171 139 215 177 178 82 85 188 21 180 108 192 89 283 158 285 190 188 192 215 158 192 166 161 41 169 152 171 41 210 211 169 158 177 31 161 139 211 234 52 117 139 180 256 188 8 190 185 11 152 129 247 129 234 152 72 82 74 21 72 139 164 139 166 208 82 210 263 242 32 252 169 210 247 37 72 247 74 41 177 178 219 161 296 110 188 268 113 85 52 234 117 89 219 192 1 234 110 177 96 117 180 283 129 285 11 185 210 234 247 208 108 256 192 285 192 242 261 256 145 117 247 85 261 268 263 
  Facilities: 57
 0 : 83 155 164
 1 : 1 8 105 165 276
 8 : 7 86 110 226
 11 : 18 54 66 94 166 175 179 229 286
 21 : 28 58 76 123 125 189 239
 31 : 30 109 215
 32 : 42 69 75 87 136 250
 33 :
 34 : 2 77
 37 : 5 22 36 37 44 47 92 141 255
 41 : 41 48 51 205 209 259
 52 : 20 52 59 62 130 135 220 270
 72 : 40 57 71 79 115 127 176 236 240 256
 74 : 73 74 84 157 178 238 258
 82 : 119 137 160 186 237 246
 85 : 70 122 168 187 269 303
 89 : 89 126 132 167 193 273
 96 : 95 106 151 174 280
 108 : 107 118 145 191 292
 110 : 78 147 153 265 278
 113 : 24 81 98 112 150 268
 117 : 85 102 116 117 154 221 272 281 301
 129 : 97 114 128 129 231 233 284
 139 : 0 50 138 139 146 182 217 222 241 243
 145 : 144 152 300
 152 : 159 207 230 235
 153 : 64
 158 : 6 15 19 143 158 195 201 213
 161 : 9 161 204 216 263
 164 : 12 21 25 149 171 242
 166 : 27 43 134 203 244
 169 : 17 26 46 169 206 212 252
 171 : 156 170 181 208
 177 : 38 88 162 177 184 214 260 279
 178 : 35 163 185 261
 180 : 91 148 180 190 223 282
 185 : 228 287
 188 : 45 49 99 173 188 198 225 266
 190 : 101 197 227
 192 : 192 199 202 275 294 296
 207 : 55 68
 208 : 3 65 245 291
 210 : 121 210 247 253 288
 211 : 72 211 218
 215 : 63 183 200
 219 : 14 67 80 96 262 274
 234 : 10 29 82 111 219 234 271 277 289
 242 : 39 90 103 249 297
 247 : 104 108 124 232 254 257 290 302
 252 : 23 100 113 251
 256 : 53 133 224 293 299
 261 : 172 298 304
 263 : 11 34 60 120 140 248 306
 268 : 4 16 267 305
 283 : 13 31 131 194 283
 285 : 33 56 61 142 196 285 295
 296 : 32 93 264
SOLUTION:
  Value: -174259.000000
  Assigns: 203 271 17 18 4 269 158 212 232 41 215 263 282 242 4 158 286 49 242 162 143 173 251 162 176 254 231 232 117 118 45 174 47 176 286 174 51 242 127 242 72 41 271 75 167 45 47 47 187 201 7 41 45 176 44 18 49 72 51 49 212 51 77 215 79 55 29 99 207 212 85 72 73 162 75 75 108 282 79 79 73 44 72 83 47 117 118 4 45 232 242 123 55 125 95 17 18 87 99 242 17 18 47 242 119 95 99 108 4 232 125 254 127 114 203 72 73 118 119 242 263 17 85 45 114 125 127 72 271 119 123 254 271 133 127 125 99 59 83 282 85 173 231 158 176 108 147 45 44 47 143 49 167 51 117 0 119 55 158 55 117 162 125 85 0 254 83 167 85 114 127 7 187 173 119 176 72 167 123 77 212 79 127 176 147 83 201 85 133 85 147 87 114 29 187 158 41 286 143 44 215 99 18 125 167 41 51 207 201 41 55 133 44 45 215 51 133 174 0 212 118 117 212 119 187 7 143 123 173 174 147 232 77 49 79 51 68 133 201 232 72 73 187 79 207 167 203 79 263 242 282 87 242 85 286 87 271 73 215 95 158 77 44 79 162 187 162 49 231 269 187 167 117 118 231 173 174 173 114 201 125 203 114 119 201 286 286 119 133 282 212 187 108 18 251 212 286 254 143 7 263 83 147 119 29 201 263 
  Facilities: 58
 0 : 155 164 218
 4 : 4 14 87 108
 7 : 50 171 225 299
 17 : 2 95 100 121
 18 : 3 55 96 101 202 293
 29 : 66 193 304
 41 : 9 41 51 196 205 209
 44 : 54 81 148 199 212 262
 45 : 30 45 52 88 123 147 213
 47 : 32 46 47 84 102 149
 49 : 17 56 59 151 233 267
 51 : 36 58 61 153 206 215 235
 55 : 65 92 157 159 210
 59 : 137
 68 : 236
 72 : 40 57 71 82 115 127 176 240
 73 : 72 80 116 241 257
 75 : 43 74 75
 77 : 62 179 232 261
 79 : 64 78 79 181 234 243 247 263
 83 : 83 138 166 185 301
 85 : 70 122 140 163 168 187 189 253
 87 : 97 191 251 255
 95 : 94 105 259
 99 : 67 98 106 136 201
 108 : 76 107 145 292
 114 : 113 124 169 192 278 282
 117 : 28 85 154 160 221 272
 118 : 29 86 117 220 273
 119 : 104 118 129 156 174 223 283 287 303
 123 : 91 130 178 227
 125 : 93 110 125 135 162 203 280
 127 : 38 112 126 134 170 182
 133 : 133 188 211 216 237 288
 143 : 20 150 198 226 298
 147 : 146 184 190 230 302
 158 : 6 15 143 158 195 260
 162 : 19 23 73 161 264 266
 167 : 44 152 167 177 204 245 271
 173 : 21 141 173 228 275 277
 174 : 31 35 217 229 276
 176 : 24 33 53 144 175 183
 187 : 48 172 194 224 242 265 270 291
 201 : 49 186 208 238 279 284 305
 203 : 0 114 246 281
 207 : 68 207 244
 212 : 7 60 69 180 219 222 290 295
 215 : 10 63 200 214 258
 231 : 26 142 268 274
 232 : 8 27 89 109 231 239
 242 : 13 18 37 39 90 99 103 119 249 252
 251 : 22 294
 254 : 25 111 131 165 297
 263 : 11 120 248 300 306
 269 : 5 269
 271 : 1 42 128 132 256
 282 : 12 77 139 250 289
 286 : 16 34 197 254 285 286 296
SOLUTION:
  Value: -174266.000000
  Assigns: 205 90 302 3 127 229 158 236 232 161 215 263 135 165 278 158 219 10 288 158 223 250 54 16 163 277 115 230 171 232 300 236 171 236 66 178 288 242 38 242 192 246 271 246 187 250 249 250 187 278 302 66 42 277 278 194 56 72 3 288 263 76 205 20 54 10 56 219 271 158 70 16 215 302 163 90 91 70 78 72 70 3 171 288 223 78 229 80 78 232 91 54 215 56 16 127 219 236 187 302 90 91 65 104 247 3 229 250 247 232 249 104 10 76 115 78 38 80 16 120 16 122 20 262 247 70 278 72 271 122 219 163 271 78 127 135 288 260 277 262 263 104 64 158 42 90 91 236 300 66 72 303 115 242 277 72 171 300 158 302 249 300 163 80 127 288 64 65 158 91 127 3 187 90 70 20 72 122 135 194 76 171 78 215 20 178 187 219 277 278 205 223 192 194 194 91 196 42 161 192 215 194 192 196 236 127 38 197 171 54 127 56 205 158 303 178 161 115 163 219 65 3 223 223 122 70 42 242 10 219 223 76 247 78 16 250 236 230 70 135 76 242 187 165 161 90 78 247 263 65 250 196 197 246 247 91 72 247 215 249 250 262 219 161 80 187 229 260 104 262 187 303 54 288 219 192 277 194 223 115 197 271 127 65 277 278 249 288 288 187 122 187 249 215 192 20 192 260 80 135 263 197 10 260 120 262 122 
  Facilities: 58
 3 : 3 58 81 105 171 221
 10 : 17 65 112 228 302
 16 : 23 71 94 118 120 234
 20 : 63 122 175 184 295
 38 : 38 116 206
 42 : 52 144 197 226
 54 : 22 64 91 209 272
 56 : 56 66 93 211
 64 : 142 166
 65 : 102 167 220 249 283
 66 : 34 51 149
 70 : 70 77 80 125 174 225 238
 72 : 57 79 127 150 155 176 256
 76 : 61 113 180 231 240
 78 : 78 85 88 115 133 182 233 246
 80 : 87 117 163 264 298
 90 : 1 75 100 145 173 245
 91 : 76 90 101 146 169 195 255
 104 : 103 111 141 268
 115 : 26 114 152 217 279
 120 : 119 304
 122 : 121 129 177 224 290 306
 127 : 4 95 134 164 170 205 210 282
 135 : 12 135 178 239 299
 158 : 6 15 19 69 143 158 168 213
 161 : 9 198 216 244 263
 163 : 24 74 131 162 218
 165 : 13 243
 171 : 28 32 82 156 181 208
 178 : 35 185 215
 187 : 44 48 98 172 186 242 265 270 289 291
 192 : 40 192 199 202 275 294 296
 194 : 55 179 193 194 201 277
 196 : 196 203 251
 197 : 207 252 280 301
 205 : 0 62 190 212
 215 : 10 72 92 183 200 258 293
 219 : 16 67 96 130 187 219 229 262 274
 223 : 20 84 191 222 223 230 278
 229 : 5 86 106 266
 230 : 27 237
 232 : 8 29 89 109
 236 : 7 31 33 97 147 204 236
 242 : 37 39 153 227 241
 246 : 41 43 253
 247 : 104 108 124 232 247 254 257
 249 : 46 110 160 259 286 292
 250 : 21 45 47 107 235 250 260
 260 : 137 267 297 303
 262 : 123 139 261 269 305
 263 : 11 60 140 248 300
 271 : 42 68 128 132 281
 277 : 25 53 138 154 188 276 284
 278 : 14 49 54 126 189 285
 288 : 18 36 59 83 136 165 273 287 288
 300 : 30 148 157 161
 302 : 2 50 73 99 159
 303 : 151 214 271
SOLUTION:
  Value: -174275.000000
  Assigns: 300 90 302 3 256 6 158 236 237 152 215 43 217 165 278 158 6 269 288 158 223 250 227 166 227 230 16 230 171 29 45 236 171 236 237 158 29 69 302 29 192 130 194 43 187 250 78 250 187 278 302 256 195 256 278 194 259 72 3 288 284 6 201 20 65 65 56 296 69 158 70 16 29 302 163 90 69 92 201 72 70 3 171 288 6 78 43 80 45 6 105 92 92 296 16 300 59 87 187 302 90 102 92 192 247 105 106 250 247 102 6 250 102 256 59 78 259 269 16 76 16 122 20 45 247 70 278 72 45 122 87 163 122 78 56 80 288 260 227 278 130 230 59 158 296 43 269 236 300 288 72 152 69 296 76 72 171 300 158 302 192 300 163 80 165 288 166 65 158 201 202 3 187 90 70 20 72 122 171 194 76 171 78 105 20 130 201 202 105 87 6 223 192 194 194 158 92 29 230 192 215 194 192 166 236 220 163 152 171 105 106 56 202 158 215 247 217 218 163 220 65 3 237 59 122 218 227 220 218 230 152 76 247 78 16 250 236 230 195 202 76 256 187 59 166 90 78 247 80 65 250 87 284 69 247 256 72 247 215 259 250 43 78 278 296 187 102 260 269 269 187 87 217 288 237 192 269 194 223 201 237 296 227 284 201 278 122 288 288 187 122 187 237 256 192 217 192 260 80 256 300 302 259 201 202 201 122 
  Facilities: 58
 3 : 3 58 81 171 221
 6 : 5 16 61 84 89 110 190
 16 : 26 71 94 118 120 234
 20 : 63 122 175 184
 29 : 29 36 39 72 197
 43 : 11 43 86 145 261
 45 : 30 88 123 128
 56 : 66 134 211
 59 : 96 114 142 223 243
 65 : 64 65 167 220 249
 69 : 37 68 76 152 253
 70 : 70 80 125 174
 72 : 57 79 127 150 155 176 256
 76 : 119 154 180 231 240
 78 : 46 85 115 133 182 233 246 262
 80 : 87 135 163 248 298
 87 : 97 130 189 251 271
 90 : 1 75 100 173 245
 92 : 77 91 92 102 196
 102 : 101 109 112 266
 105 : 90 105 183 188 209
 106 : 106 210
 122 : 121 129 132 177 224 286 290 306
 124 :
 130 : 41 140 185
 152 : 9 151 207 230
 158 : 6 15 19 35 69 143 158 168 195 213
 163 : 74 131 162 206 218
 165 : 13 164
 166 : 23 166 203 244
 171 : 28 32 82 156 178 181 208
 187 : 44 48 98 172 242 265 270 289 291
 192 : 40 103 160 192 199 202 275 294 296
 194 : 42 55 179 193 194 201 277
 195 : 52 238
 201 : 62 78 169 186 279 284 303 305
 202 : 170 187 212 239 304
 215 : 10 200 214 258
 217 : 12 216 272 295
 218 : 217 225 228
 220 : 205 219 227
 223 : 20 191 278
 227 : 22 24 138 226 282
 230 : 25 27 141 198 229 237
 236 : 7 31 33 147 204 236
 237 : 8 34 222 274 280 292
 247 : 104 108 124 215 232 247 254 257
 250 : 21 45 47 107 111 235 250 260
 256 : 4 51 53 113 241 255 293 299
 259 : 56 116 259 302
 260 : 137 267 297
 269 : 17 117 146 268 269 276
 278 : 14 49 54 126 139 263 285
 284 : 60 252 283
 288 : 18 59 83 136 149 165 273 287 288
 296 : 67 93 144 153 264 281
 300 : 0 95 148 157 161 300
 302 : 2 38 50 73 99 159 301
SOLUTION:
  Value: -177244.000000
  Assigns: 139 1 34 208 268 37 158 8 1 152 234 263 164 152 219 158 268 32 11 158 52 164 37 252 229 164 231 291 60 22 31 21 296 285 263 28 37 37 177 244 72 41 32 248 37 248 198 37 41 188 139 41 15 256 11 207 285 72 21 52 212 285 151 152 21 204 29 219 207 212 60 72 211 212 31 32 21 34 41 72 219 113 234 28 29 117 8 32 177 89 91 296 37 296 11 52 219 60 113 188 22 91 117 192 247 248 229 108 247 31 125 234 29 252 31 204 117 117 108 82 263 244 261 212 125 248 89 72 91 268 52 29 125 256 91 52 151 82 60 139 263 37 231 158 145 108 139 69 291 164 113 152 145 296 117 72 171 296 158 248 82 151 60 178 60 1 11 89 125 91 15 164 261 188 91 11 72 177 171 11 212 171 139 15 177 178 82 219 188 21 205 108 192 89 151 91 285 198 188 192 117 158 192 125 205 41 151 152 171 41 108 211 205 158 177 31 32 139 211 212 52 117 212 145 256 188 8 72 229 11 152 263 247 248 234 152 72 82 231 21 72 198 164 139 89 208 82 248 263 171 32 252 252 89 247 37 72 247 248 41 205 178 219 108 296 182 188 268 113 284 52 234 117 89 219 192 1 234 268 177 178 198 204 284 285 285 11 204 205 234 212 291 108 256 192 212 192 22 291 256 145 291 198 248 29 268 263 
  Facilities: 59
 1 : 1 8 165 276
 8 : 7 86 226
 11 : 18 54 94 166 175 179 229 286
 15 : 52 170 183
 21 : 31 58 64 76 189 239
 22 : 29 100 297
 28 : 35 83
 29 : 66 84 112 131 304
 31 : 30 74 109 114 215
 32 : 17 42 75 87 216 250
 34 : 2 77
 37 : 5 22 36 37 44 47 92 141 255
 41 : 41 48 51 78 205 209 259
 52 : 20 59 95 130 135 220 270
 60 : 28 70 97 138 162 164
 69 : 147
 72 : 40 57 71 79 127 155 176 227 236 240 256
 82 : 119 137 160 186 237 246
 89 : 89 126 167 193 244 253 273
 91 : 90 101 128 134 169 174 195
 108 : 107 118 145 191 210 263 292
 113 : 81 98 150 268
 117 : 85 102 116 117 154 200 221 272
 125 : 110 124 132 168 203
 139 : 0 50 139 146 182 217 243
 145 : 144 152 223 300
 151 : 62 136 161 194 206
 152 : 9 13 63 151 207 230 235
 158 : 6 15 19 143 158 201 213
 164 : 12 21 25 149 171 242
 171 : 156 178 181 208 249
 177 : 38 88 177 184 214 279
 178 : 163 185 261 280
 182 : 265
 188 : 49 99 173 188 198 225 266
 192 : 103 192 199 202 275 294 296
 198 : 46 197 241 281 302
 204 : 65 115 282 287
 205 : 190 204 212 260 288
 207 : 55 68
 208 : 3 245
 211 : 72 211 218
 212 : 60 69 73 123 180 219 222 290 295
 219 : 14 67 80 96 187 262 274
 229 : 24 106 228
 231 : 26 142 238
 234 : 10 82 111 234 271 277 289
 244 : 39 121
 247 : 104 108 232 254 257
 248 : 43 45 105 125 159 233 247 258 303
 252 : 23 113 251 252
 256 : 53 133 224 293 299
 261 : 122 172
 263 : 11 34 120 140 231 248 306
 268 : 4 16 129 267 278 305
 284 : 269 283
 285 : 33 56 61 196 284 285
 291 : 27 148 291 298 301
 296 : 32 91 93 153 157 264
SOLUTION:
  Value: -177265.000000
  Assigns: 139 206 34 206 228 37 95 39 151 152 262 11 101 283 137 16 240 140 11 20 20 110 251 228 39 168 169 166 21 281 169 283 33 26 66 178 265 37 177 39 245 164 247 75 37 248 47 37 63 39 189 140 281 68 11 207 261 20 21 283 75 93 265 63 269 66 11 68 207 69 273 16 73 278 75 75 21 34 283 168 81 81 114 206 47 117 101 50 177 34 47 81 37 245 16 110 219 240 241 16 63 240 47 20 247 137 63 64 247 248 110 33 75 265 114 11 73 269 241 151 16 273 39 21 114 248 269 117 73 281 269 283 95 50 166 278 151 82 139 139 283 39 64 39 66 177 139 69 93 66 95 240 50 110 117 278 245 189 151 248 283 151 251 178 81 63 64 168 168 169 68 164 261 69 164 11 166 177 168 11 137 196 139 140 273 178 82 219 151 21 26 206 114 110 283 140 228 95 34 95 117 37 34 166 121 37 151 152 240 241 26 47 169 228 177 178 248 139 50 251 177 117 139 140 69 240 189 63 228 11 152 63 247 265 16 152 81 82 228 137 241 137 164 139 140 245 82 248 93 281 207 241 245 69 247 37 178 247 248 75 177 262 219 278 265 265 82 189 283 262 166 228 117 169 196 265 269 240 110 177 281 117 114 283 206 278 11 69 245 121 247 281 137 283 251 240 241 219 196 262 245 26 247 248 140 137 251 
  Facilities: 59
 11 : 11 18 54 66 115 175 179 229 286
 16 : 15 71 94 99 120 234
 20 : 19 20 57 103
 21 : 28 58 76 123 189
 26 : 33 190 210 301
 33 : 32 111
 34 : 2 77 89 198 202
 37 : 5 37 44 47 92 201 205 255
 39 : 7 24 39 49 122 141 143
 47 : 46 84 90 102 211
 50 : 87 133 152 218
 63 : 48 63 100 106 165 227 231
 64 : 107 142 166
 66 : 34 65 144 149
 68 : 53 67 170
 69 : 69 147 173 224 253 287
 73 : 72 116 128
 75 : 43 60 74 75 112 259
 81 : 80 81 91 164 236
 82 : 137 186 237 246 266
 93 : 61 148 248
 95 : 6 132 150 197 199
 101 : 12 86
 110 : 21 95 110 153 193 278
 114 : 82 114 124 192 282
 117 : 85 127 154 200 221 272 281
 121 : 204 289
 137 : 14 105 180 239 241 292 305
 139 : 0 138 139 146 182 217 222 243
 140 : 17 51 183 195 223 244 304
 151 : 8 119 136 158 161 188 206
 152 : 9 207 230 235
 164 : 41 171 174 242
 166 : 27 134 176 203 270
 168 : 25 79 167 168 178
 169 : 26 30 169 212 273
 177 : 38 88 145 177 214 220 260 279
 178 : 35 163 185 215 256
 189 : 50 157 226 267
 196 : 181 274 298
 206 : 1 3 83 191 284
 207 : 55 68 250
 211 :
 219 : 96 187 262 297
 228 : 4 23 196 213 228 238 271
 240 : 16 97 101 151 208 225 277 295
 241 : 98 118 209 240 251 296
 245 : 40 93 156 245 252 288 300
 247 : 42 104 108 232 254 257 290 302
 248 : 45 109 125 159 216 247 258 303
 251 : 22 162 219 294 306
 261 : 56 172
 262 : 10 261 269 299
 265 : 36 62 113 233 264 265 275
 269 : 64 117 126 130 276
 273 : 70 121 184
 278 : 73 135 155 263 285
 281 : 29 52 129 249 280 291
 283 : 13 31 59 78 131 140 160 194 268 283 293
SOLUTION:
  Value: -177268.000000
  Assigns: 139 206 207 206 228 37 95 8 272 148 262 11 164 283 137 16 168 140 11 283 272 110 251 228 39 168 169 166 21 281 153 283 33 33 177 174 265 37 177 40 245 164 306 75 37 248 47 37 63 39 139 140 281 68 11 207 261 262 21 283 75 264 265 63 269 10 11 68 207 69 273 16 73 73 106 75 21 40 283 168 73 82 306 40 47 117 8 80 177 228 47 8 37 245 16 110 248 300 15 16 63 306 47 306 247 137 63 139 247 248 110 33 75 265 10 11 73 269 63 151 16 273 39 40 247 248 269 117 73 281 269 283 95 272 166 80 151 82 139 139 283 39 174 39 134 177 139 69 300 47 95 152 153 110 117 148 245 300 151 248 283 106 251 80 164 63 11 168 168 169 15 164 261 174 70 11 8 177 168 11 137 174 139 140 273 148 82 177 151 21 112 148 37 110 283 112 228 95 199 95 117 37 47 148 126 37 151 152 106 199 106 47 169 228 214 247 112 139 140 251 177 117 139 140 40 70 8 63 228 11 152 63 247 265 16 152 251 82 134 137 272 137 199 139 140 245 82 248 80 264 207 214 245 69 247 37 152 247 248 75 177 262 207 264 265 265 82 112 283 262 166 228 117 169 264 265 269 199 110 177 281 117 199 283 206 10 11 69 70 134 247 281 137 283 251 140 112 214 80 262 245 264 10 199 140 137 251 
  Facilities: 59
 8 : 7 86 91 176 226
 10 : 65 114 285 302
 11 : 11 18 54 66 115 166 175 179 229 286
 15 : 98 170
 16 : 15 71 94 99 120 234
 21 : 28 58 76 189
 33 : 32 33 111
 37 : 5 37 44 47 92 192 201 205 255
 39 : 24 49 122 141 143
 40 : 39 77 83 123 224
 47 : 46 84 90 102 149 202 211
 63 : 48 63 100 106 118 165 227 231
 68 : 53 67
 69 : 69 147 253 287
 70 : 174 225 288
 73 : 72 73 80 116 128
 75 : 43 60 75 112 259
 80 : 87 135 163 248 298
 82 : 81 137 186 237 246 266
 95 : 6 132 150 197 199
 106 : 74 161 208 210
 110 : 21 95 110 153 193 278
 112 : 190 195 216 267 296
 117 : 85 127 154 200 221 272 281
 126 : 204
 134 : 144 238 289
 137 : 14 105 180 239 241 292 305
 139 : 0 50 107 138 139 146 182 217 222 243
 140 : 17 51 183 218 223 244 295 304
 148 : 9 155 185 191 203
 151 : 119 136 158 188 206
 152 : 151 207 230 235 256
 153 : 30 152
 164 : 12 41 164 171
 166 : 27 134 270
 168 : 16 25 79 167 168 178
 169 : 26 169 212 273
 174 : 35 142 173 181
 177 : 34 38 88 145 177 187 220 260 279
 199 : 198 209 242 277 282 303
 206 : 1 3 284
 207 : 2 55 68 250 262
 214 : 214 251 297
 228 : 4 23 89 196 213 228 271
 245 : 40 93 156 245 252 300
 247 : 104 108 124 215 232 254 257 290
 248 : 45 96 109 125 159 247 258
 251 : 22 162 219 236 294 306
 261 : 56 172
 262 : 10 57 261 269 299
 264 : 61 249 263 274 301
 265 : 36 62 113 233 264 265 275
 269 : 64 117 126 130 276
 272 : 8 20 133 240
 273 : 70 121 184
 281 : 29 52 129 280 291
 283 : 13 19 31 59 78 131 140 160 194 268 283 293
 300 : 97 148 157
 306 : 42 82 101 103
SOLUTION:
  Value: -177273.000000
  Assigns: 300 90 302 3 256 6 158 236 260 152 215 43 217 165 278 158 6 220 288 158 223 250 165 166 163 230 16 230 171 152 45 236 171 236 66 178 288 69 302 178 192 130 194 43 187 250 78 250 187 278 302 256 195 256 278 194 285 72 3 288 284 285 151 20 65 65 56 99 69 158 70 16 215 302 163 90 69 92 201 72 70 3 171 288 6 78 43 80 45 6 105 92 92 296 16 300 59 87 99 302 90 102 92 192 247 105 99 250 247 102 6 250 102 256 59 78 259 80 16 151 16 122 20 45 247 70 278 72 45 122 87 163 122 78 56 80 151 260 83 278 130 230 59 158 296 43 178 236 300 66 72 152 69 296 99 72 171 300 158 302 192 300 163 80 165 288 83 65 158 201 202 3 187 90 70 20 72 122 171 194 78 171 78 105 20 178 201 202 105 87 6 223 192 194 194 158 285 187 230 192 215 194 192 166 236 220 151 152 171 105 106 56 202 158 215 178 217 218 163 220 65 3 223 59 122 218 122 220 218 230 152 194 247 78 16 250 236 230 195 202 72 256 187 59 166 90 78 247 80 65 250 87 284 69 247 256 72 247 215 259 250 43 78 278 296 187 102 260 300 259 187 87 217 288 56 192 92 194 223 201 178 296 178 284 285 278 122 288 288 187 122 187 285 256 192 217 192 260 80 256 300 83 259 201 202 201 122 
  Facilities: 59
 3 : 3 58 81 171 221
 6 : 5 16 84 89 110 190
 16 : 26 71 94 118 120 234
 20 : 63 122 175 184
 43 : 11 43 86 145 261
 45 : 30 88 123 128
 56 : 66 134 211 274
 59 : 96 114 142 223 243
 65 : 64 65 167 220 249
 66 : 34 149
 69 : 37 68 76 152 253
 70 : 70 80 125 174
 72 : 57 79 127 150 155 176 240 256
 78 : 46 85 115 133 180 182 233 246 262
 80 : 87 117 135 163 248 298
 83 : 138 166 301
 87 : 97 130 189 251 271
 90 : 1 75 100 173 245
 92 : 77 91 92 102 276
 99 : 67 98 106 154
 102 : 101 109 112 266
 105 : 90 105 183 188 209
 106 : 210
 122 : 121 129 132 177 224 226 286 290 306
 124 :
 130 : 41 140
 151 : 62 119 136 206
 152 : 9 29 151 207 230
 158 : 6 15 19 69 143 158 168 195 213
 163 : 24 74 131 162 218
 165 : 13 22 164
 166 : 23 203 244
 171 : 28 32 82 156 178 181 208
 178 : 35 39 146 185 215 280 282
 187 : 44 48 172 197 242 265 270 289 291
 192 : 40 103 160 192 199 202 275 294 296
 194 : 42 55 179 193 194 201 231 277
 195 : 52 238
 201 : 78 169 186 279 303 305
 202 : 170 187 212 239 304
 215 : 10 72 200 214 258
 217 : 12 216 272 295
 218 : 217 225 228
 220 : 17 205 219 227
 223 : 20 191 222 278
 230 : 25 27 141 198 229 237
 236 : 7 31 33 147 204 236
 247 : 104 108 124 232 247 254 257
 250 : 21 45 47 107 111 235 250 260
 256 : 4 51 53 113 241 255 293 299
 259 : 116 259 269 302
 260 : 8 137 267 297
 278 : 14 49 54 126 139 263 285
 284 : 60 252 283
 285 : 56 61 196 284 292
 288 : 18 36 59 83 165 273 287 288
 296 : 93 144 153 264 281
 300 : 0 95 148 157 161 268 300
 302 : 2 38 50 73 99 159
SOLUTION:
  Value: -177278.000000
  Assigns: 300 90 302 3 256 275 158 236 260 152 215 43 101 165 278 158 6 220 288 158 223 250 165 166 163 230 16 230 171 152 45 236 171 236 186 158 288 189 302 32 192 130 32 43 187 250 198 250 187 278 302 256 195 256 278 198 285 72 3 288 284 285 201 20 65 65 56 296 220 158 275 16 275 302 163 90 165 92 201 72 70 3 171 288 6 78 43 32 45 6 105 92 92 296 16 300 59 87 187 302 90 102 92 192 247 105 106 250 247 102 6 250 102 256 59 78 259 80 16 15 16 122 20 45 247 70 278 72 45 122 87 163 275 78 56 80 275 260 101 278 130 230 59 158 296 43 285 236 300 288 72 152 152 296 186 72 171 300 158 302 192 300 163 80 165 288 166 65 158 201 202 3 187 90 70 20 72 122 171 194 78 171 78 105 20 186 201 202 105 87 6 223 192 194 194 158 189 198 198 192 215 194 192 166 236 198 163 152 171 105 106 56 202 158 215 247 32 218 163 220 65 3 223 59 122 218 122 220 218 186 152 194 247 78 16 250 236 230 195 202 72 198 187 59 166 90 78 247 80 65 250 87 284 198 247 256 72 247 215 259 250 43 78 278 186 187 102 260 300 259 187 87 189 288 56 192 198 194 223 201 202 198 275 284 285 278 122 288 288 187 122 187 285 256 192 20 192 260 80 256 198 302 259 201 202 201 122 
  Facilities: 59
 3 : 3 58 81 171 221
 6 : 16 84 89 110 190
 15 : 119
 16 : 26 71 94 118 120 234
 20 : 63 122 175 184 295
 32 : 39 42 87 216
 43 : 11 43 86 145 261
 45 : 30 88 123 128
 56 : 66 134 211 274
 59 : 96 114 142 223 243
 65 : 64 65 167 220 249
 70 : 80 125 174
 72 : 57 79 127 150 155 176 240 256
 78 : 85 115 133 180 182 233 246 262
 80 : 117 135 163 248 298
 87 : 97 130 189 251 271
 90 : 1 75 100 173 245
 92 : 77 91 92 102
 101 : 12 138
 102 : 101 109 112 266
 105 : 90 105 183 188 209
 106 : 106 210
 122 : 121 129 177 224 226 286 290 306
 124 :
 130 : 41 140
 152 : 9 29 151 152 207 230
 158 : 6 15 19 35 69 143 158 168 195 213
 163 : 24 74 131 162 206 218
 165 : 13 22 76 164
 166 : 23 166 203 244
 171 : 28 32 82 156 178 181 208
 186 : 34 154 185 229 264
 187 : 44 48 98 172 242 265 270 289 291
 189 : 37 196 272
 192 : 40 103 160 192 199 202 275 294 296
 194 : 179 193 194 201 231 277
 195 : 52 238
 198 : 46 55 197 198 205 241 253 276 281 300
 201 : 62 78 169 186 279 303 305
 202 : 170 187 212 239 280 304
 215 : 10 200 214 258
 218 : 217 225 228
 220 : 17 68 219 227
 223 : 20 191 222 278
 230 : 25 27 141 237
 236 : 7 31 33 147 204 236
 247 : 104 108 124 215 232 247 254 257
 250 : 21 45 47 107 111 235 250 260
 256 : 4 51 53 113 255 293 299
 259 : 116 259 269 302
 260 : 8 137 267 297
 275 : 5 70 72 132 136 282
 278 : 14 49 54 126 139 263 285
 284 : 60 252 283
 285 : 56 61 146 284 292
 288 : 18 36 59 83 149 165 273 287 288
 296 : 67 93 144 153
 300 : 0 95 148 157 161 268
 302 : 2 38 50 73 99 159 301
