# Time: 375.279999
# Elapsed: 109.222824
# Input_file: splp/CLSC/1733GapCS.txt
# Pool_size: 200
# Iterations: 25
# Final_solutions: 4700
# Vision_range: 400
# Reduction_mode: REDUCTION_DISPERSE
# Dissimilitude: DISSIM_HAUSDORFF
# Facility_dist: FDISMODE_SUMOFDELTAS
SOLUTION:
  Value: -45119.000000
  Assigns: 15 43 19 54 7 43 70 15 19 84 54 31 13 7 19 88 43 56 54 43 81 13 88 15 19 94 19 84 94 94 94 31 54 88 84 19 70 78 13 94 88 15 54 19 43 94 64 81 64 84 70 64 81 31 15 7 56 94 70 64 70 70 31 7 7 31 15 7 13 54 56 7 84 81 64 70 15 43 70 15 81 64 43 31 56 13 31 78 13 56 31 64 81 56 64 64 78 31 78 78 
  Facilities: 15
 7 : 4 13 55 63 64 67 71
 13 : 12 21 38 68 85 88
 15 : 0 7 23 41 54 66 76 79
 19 : 2 8 14 24 26 35 43
 31 : 11 31 53 62 65 83 86 90 97
 43 : 1 5 16 19 44 77 82
 54 : 3 10 18 32 42 69
 56 : 17 56 70 84 89 93
 64 : 46 48 51 59 74 81 91 94 95
 70 : 6 36 50 58 60 61 75 78
 78 : 37 87 96 98 99
 81 : 20 47 52 73 80 92
 84 : 9 27 34 49 72
 88 : 15 22 33 40
 94 : 25 28 29 30 39 45 57
SOLUTION:
  Value: -45120.000000
  Assigns: 12 43 19 93 78 43 67 15 19 12 12 31 67 78 19 58 43 56 15 43 81 70 36 15 19 94 19 78 36 94 94 31 19 12 81 19 70 36 31 93 15 93 56 19 43 36 64 81 67 36 70 64 81 31 15 56 56 94 70 64 70 12 31 67 58 31 15 12 70 67 56 43 58 81 64 70 15 43 70 15 81 64 43 31 56 93 31 78 81 67 31 64 81 56 64 64 67 31 78 78 
  Facilities: 15
 12 : 0 9 10 33 61 67
 15 : 7 18 23 40 54 66 76 79
 19 : 2 8 14 24 26 32 35 43
 31 : 11 31 38 53 62 65 83 86 90 97
 36 : 22 28 37 45 49
 43 : 1 5 16 19 44 71 77 82
 56 : 17 42 55 56 70 84 93
 58 : 15 64 72
 64 : 46 51 59 74 81 91 94 95
 67 : 6 12 48 63 69 89 96
 70 : 21 36 50 58 60 68 75 78
 78 : 4 13 27 87 98 99
 81 : 20 34 47 52 73 80 88 92
 93 : 3 39 41 85
 94 : 25 29 30 57
SOLUTION:
  Value: -45120.000000
  Assigns: 47 14 19 93 23 23 67 85 19 95 58 31 67 47 19 58 58 23 19 95 95 85 73 80 19 25 19 78 23 19 14 31 95 73 67 19 70 25 31 93 23 93 14 19 93 58 67 93 67 85 70 85 23 31 23 73 93 14 70 25 70 70 31 67 58 25 47 14 70 67 80 85 58 95 80 70 85 47 25 73 95 95 73 31 73 93 31 78 95 67 31 80 73 73 95 95 67 31 78 78 
  Facilities: 15
 14 : 1 30 42 57 67
 19 : 2 8 14 18 24 26 29 35 43
 23 : 4 5 17 28 40 52 54
 25 : 25 37 59 65 78
 31 : 11 31 38 53 62 83 86 90 97
 47 : 0 13 66 77
 58 : 10 15 16 45 64 72
 67 : 6 12 34 46 48 63 69 89 96
 70 : 36 50 58 60 61 68 75
 73 : 22 33 55 79 82 84 92 93
 78 : 27 87 98 99
 80 : 23 70 74 91
 85 : 7 21 49 51 71 76
 93 : 3 39 41 44 47 56 85
 95 : 9 19 20 32 73 80 81 88 94 95
SOLUTION:
  Value: -45126.000000
  Assigns: 15 43 84 54 7 43 70 15 43 84 54 31 13 7 7 88 43 56 54 43 81 13 88 15 25 94 54 84 94 94 94 31 54 88 84 7 70 25 13 94 88 15 54 78 43 94 64 81 64 84 70 64 81 31 15 7 56 94 70 64 70 70 31 7 7 25 15 7 13 54 56 7 84 81 64 70 15 43 25 15 81 64 43 31 56 13 31 78 13 56 31 64 81 56 64 64 78 31 78 78 
  Facilities: 15
 7 : 4 13 14 35 55 63 64 67 71
 13 : 12 21 38 68 85 88
 15 : 0 7 23 41 54 66 76 79
 25 : 24 37 65 78
 31 : 11 31 53 62 83 86 90 97
 43 : 1 5 8 16 19 44 77 82
 54 : 3 10 18 26 32 42 69
 56 : 17 56 70 84 89 93
 64 : 46 48 51 59 74 81 91 94 95
 70 : 6 36 50 58 60 61 75
 78 : 43 87 96 98 99
 81 : 20 47 52 73 80 92
 84 : 2 9 27 34 49 72
 88 : 15 22 33 40
 94 : 25 28 29 30 39 45 57
SOLUTION:
  Value: -45128.000000
  Assigns: 85 43 19 93 23 23 67 85 19 95 58 31 67 78 19 58 58 23 19 95 95 85 73 80 19 25 19 78 23 19 14 31 95 73 67 19 70 25 31 93 23 93 14 19 43 58 67 93 67 85 70 85 23 31 23 73 93 14 70 25 70 70 31 67 58 25 58 14 70 67 80 85 58 95 80 70 85 43 25 73 95 95 43 31 73 93 31 78 95 67 31 80 73 73 95 95 67 31 78 78 
  Facilities: 15
 14 : 30 42 57 67
 19 : 2 8 14 18 24 26 29 35 43
 23 : 4 5 17 28 40 52 54
 25 : 25 37 59 65 78
 31 : 11 31 38 53 62 83 86 90 97
 43 : 1 44 77 82
 58 : 10 15 16 45 64 66 72
 67 : 6 12 34 46 48 63 69 89 96
 70 : 36 50 58 60 61 68 75
 73 : 22 33 55 79 84 92 93
 78 : 13 27 87 98 99
 80 : 23 70 74 91
 85 : 0 7 21 49 51 71 76
 93 : 3 39 41 47 56 85
 95 : 9 19 20 32 73 80 81 88 94 95
SOLUTION:
  Value: -45134.000000
  Assigns: 15 43 84 54 7 43 20 15 43 84 54 43 13 7 7 69 43 56 54 43 13 13 75 69 69 9 54 84 94 94 94 20 54 4 84 7 84 69 13 94 15 15 54 20 43 68 84 54 54 84 54 84 4 20 48 7 13 94 48 48 94 9 69 7 7 4 69 7 13 54 56 7 84 69 75 84 15 43 75 48 9 68 43 48 56 13 68 13 13 68 75 9 48 9 68 69 75 9 9 9 
  Facilities: 15
 4 : 33 52 65
 7 : 4 13 14 35 55 63 64 67 71
 9 : 25 61 80 91 93 97 98 99
 13 : 12 20 21 38 56 68 85 87 88
 15 : 0 7 40 41 76
 20 : 6 31 43 53
 43 : 1 5 8 11 16 19 44 77 82
 48 : 54 58 59 79 83 92
 54 : 3 10 18 26 32 42 47 48 50 69
 56 : 17 70 84
 68 : 45 81 86 89 94
 69 : 15 23 24 37 62 66 73 95
 75 : 22 74 78 90 96
 84 : 2 9 27 34 36 46 49 51 72 75
 94 : 28 29 30 39 57 60
SOLUTION:
  Value: -48103.000000
  Assigns: 40 43 19 54 7 43 67 15 19 46 88 31 67 7 19 88 43 40 54 43 81 60 46 15 19 60 19 46 36 88 46 31 54 88 81 19 70 36 40 46 88 15 54 19 43 36 64 81 67 36 54 64 81 31 15 7 56 60 70 64 70 70 31 7 7 31 15 7 70 67 56 7 40 60 64 70 15 43 70 15 81 64 43 31 56 56 31 88 40 67 31 64 81 56 64 64 67 31 40 40 
  Facilities: 16
 7 : 4 13 55 63 64 67 71
 15 : 7 23 41 54 66 76 79
 19 : 2 8 14 24 26 35 43
 31 : 11 31 53 62 65 83 86 90 97
 36 : 28 37 45 49
 40 : 0 17 38 72 88 98 99
 43 : 1 5 16 19 44 77 82
 46 : 9 22 27 30 39
 54 : 3 18 32 42 50
 56 : 56 70 84 85 93
 60 : 21 25 57 73
 64 : 46 51 59 74 81 91 94 95
 67 : 6 12 48 69 89 96
 70 : 36 58 60 61 68 75 78
 81 : 20 34 47 52 80 92
 88 : 10 15 29 33 40 87
SOLUTION:
  Value: -48108.000000
  Assigns: 47 43 19 93 28 43 67 15 19 12 12 31 52 47 19 28 43 56 15 43 81 47 36 15 19 94 19 52 36 94 94 31 19 12 81 19 70 36 31 93 15 93 56 19 43 36 64 81 67 36 70 64 81 31 15 56 56 94 70 64 70 12 31 67 52 31 47 12 70 67 56 43 52 81 64 70 15 47 70 15 81 64 43 31 56 93 31 93 81 67 31 64 81 56 64 52 67 31 28 28 
  Facilities: 16
 12 : 9 10 33 61 67
 15 : 7 18 23 40 54 76 79
 19 : 2 8 14 24 26 32 35 43
 28 : 4 15 98 99
 31 : 11 31 38 53 62 65 83 86 90 97
 36 : 22 28 37 45 49
 43 : 1 5 16 19 44 71 82
 47 : 0 13 21 66 77
 52 : 12 27 64 72 95
 56 : 17 42 55 56 70 84 93
 64 : 46 51 59 74 81 91 94
 67 : 6 48 63 69 89 96
 70 : 36 50 58 60 68 75 78
 81 : 20 34 47 52 73 80 88 92
 93 : 3 39 41 85 87
 94 : 25 29 30 57
SOLUTION:
  Value: -48112.000000
  Assigns: 12 14 19 93 14 17 60 15 19 12 12 31 2 78 19 58 58 12 17 95 95 60 17 15 19 60 19 78 2 19 14 31 95 12 67 19 70 78 31 93 15 93 14 19 12 58 64 93 2 60 17 64 2 31 15 73 93 14 70 64 70 12 31 67 58 31 58 14 70 67 17 2 58 60 64 70 15 2 70 15 17 95 73 31 73 93 31 78 95 67 31 64 73 73 64 95 67 31 78 78 
  Facilities: 16
 2 : 12 28 48 52 71 77
 12 : 0 9 10 17 33 44 61
 14 : 1 4 30 42 57 67
 15 : 7 23 40 54 76 79
 17 : 5 18 22 50 70 80
 19 : 2 8 14 24 26 29 35 43
 31 : 11 31 38 53 62 65 83 86 90 97
 58 : 15 16 45 64 66 72
 60 : 6 21 25 49 73
 64 : 46 51 59 74 91 94
 67 : 34 63 69 89 96
 70 : 36 58 60 68 75 78
 73 : 55 82 84 92 93
 78 : 13 27 37 87 98 99
 93 : 3 39 41 47 56 85
 95 : 19 20 32 81 88 95
SOLUTION:
  Value: -48121.000000
  Assigns: 15 14 19 93 14 17 60 15 19 84 34 31 2 78 19 2 17 21 17 25 21 60 17 15 19 60 19 84 2 19 14 31 19 73 84 19 70 25 31 93 15 93 14 19 93 68 84 93 2 84 17 84 2 31 21 73 93 21 70 25 70 17 31 21 21 25 34 14 70 21 17 2 84 60 68 70 15 2 25 15 17 68 73 31 73 93 68 78 17 68 31 73 73 73 68 14 78 31 78 78 
  Facilities: 16
 2 : 12 15 28 48 52 71 77
 14 : 1 4 30 42 67 95
 15 : 0 7 23 40 76 79
 17 : 5 16 18 22 50 61 70 80 88
 19 : 2 8 14 24 26 29 32 35 43
 21 : 17 20 54 57 63 64 69
 25 : 19 37 59 65 78
 31 : 11 31 38 53 62 83 90 97
 34 : 10 66
 60 : 6 21 25 73
 68 : 45 74 81 86 89 94
 70 : 36 58 60 68 75
 73 : 33 55 82 84 91 92 93
 78 : 13 87 96 98 99
 84 : 9 27 34 46 49 51 72
 93 : 3 39 41 44 47 56 85
