# Time: 365.310028
# Elapsed: 108.884270
# Input_file: splp/CLSC/2733GapCS.txt
# Pool_size: 200
# Iterations: 25
# Final_solutions: 4700
# Vision_range: 400
# Reduction_mode: REDUCTION_DISPERSE
# Dissimilitude: DISSIM_HAUSDORFF
# Facility_dist: FDISMODE_SUMOFDELTAS
SOLUTION:
  Value: -42164.000000
  Assigns: 30 52 11 17 30 11 49 70 37 17 30 70 19 11 1 38 49 47 70 11 83 19 19 37 11 70 91 70 11 17 17 1 37 37 49 11 83 30 91 37 47 38 37 91 1 1 19 19 91 4 38 38 38 70 37 38 11 91 47 38 52 52 11 70 37 70 30 49 17 47 49 52 17 17 47 19 30 91 38 52 17 52 47 52 1 4 91 52 83 52 4 30 83 91 1 1 1 4 83 91 
  Facilities: 14
 1 : 14 31 44 45 84 94 95 96
 4 : 49 85 90 97
 11 : 2 5 13 19 24 28 35 56 62
 17 : 3 9 29 30 68 72 73 80
 19 : 12 21 22 46 47 75
 30 : 0 4 10 37 66 76 91
 37 : 8 23 32 33 39 42 54 64
 38 : 15 41 50 51 52 55 59 78
 47 : 17 40 58 69 74 82
 49 : 6 16 34 67 70
 52 : 1 60 61 71 79 81 83 87 89
 70 : 7 11 18 25 27 53 63 65
 83 : 20 36 88 92 98
 91 : 26 38 43 48 57 77 86 93 99
SOLUTION:
  Value: -45132.000000
  Assigns: 30 52 11 17 30 11 86 70 37 17 30 70 19 11 1 38 49 45 70 11 1 19 19 56 45 70 91 70 11 17 17 86 37 37 49 11 45 30 91 37 17 38 37 86 1 1 19 53 91 56 38 38 38 70 37 38 11 91 86 38 52 52 11 70 37 70 30 45 86 45 49 52 17 17 56 45 30 91 38 45 17 56 38 52 1 53 91 52 53 52 86 30 49 91 1 1 1 56 53 91 
  Facilities: 15
 1 : 14 20 44 45 84 94 95 96
 11 : 2 5 13 19 28 35 56 62
 17 : 3 9 29 30 40 72 73 80
 19 : 12 21 22 46
 30 : 0 4 10 37 66 76 91
 37 : 8 32 33 39 42 54 64
 38 : 15 41 50 51 52 55 59 78 82
 45 : 17 24 36 67 69 75 79
 49 : 16 34 70 92
 52 : 1 60 61 71 83 87 89
 53 : 47 85 88 98
 56 : 23 49 74 81 97
 70 : 7 11 18 25 27 53 63 65
 86 : 6 31 43 58 68 90
 91 : 26 38 48 57 77 86 93 99
SOLUTION:
  Value: -48114.000000
  Assigns: 30 18 18 18 30 8 74 70 18 48 30 70 74 18 1 67 74 16 70 74 74 95 74 56 95 93 73 70 54 67 16 1 95 48 15 54 54 15 30 56 15 16 67 15 1 48 70 16 73 48 15 8 93 70 74 16 18 73 18 8 95 54 83 70 83 70 30 95 48 8 54 67 67 73 56 67 30 73 8 93 15 56 15 8 1 56 74 18 83 8 8 30 83 67 1 1 1 56 83 67 
  Facilities: 16
 1 : 14 31 44 84 94 95 96
 8 : 5 51 59 69 78 83 89 90
 15 : 34 37 40 43 50 80 82
 16 : 17 30 41 47 55
 18 : 1 2 3 8 13 56 58 87
 30 : 0 4 10 38 66 76 91
 48 : 9 33 45 49 68
 54 : 28 35 36 61 70
 56 : 23 39 74 81 85 97
 67 : 15 29 42 71 72 75 93 99
 70 : 7 11 18 27 46 53 63 65
 73 : 26 48 57 73 77
 74 : 6 12 16 19 20 22 54 86
 83 : 62 64 88 92 98
 93 : 25 52 79
 95 : 21 24 32 60 67
SOLUTION:
  Value: -48115.000000
  Assigns: 30 18 18 18 30 8 74 70 37 48 30 70 74 18 1 67 74 16 70 74 74 95 74 56 95 93 73 70 54 67 16 1 95 48 15 54 54 15 30 37 15 16 67 15 1 48 70 16 73 48 15 8 93 70 74 16 18 73 18 8 95 54 93 70 37 70 30 95 48 8 54 67 67 73 56 67 30 73 8 93 15 56 15 8 1 56 74 18 30 8 8 30 48 67 1 1 1 56 67 67 
  Facilities: 16
 1 : 14 31 44 84 94 95 96
 8 : 5 51 59 69 78 83 89 90
 15 : 34 37 40 43 50 80 82
 16 : 17 30 41 47 55
 18 : 1 2 3 13 56 58 87
 30 : 0 4 10 38 66 76 88 91
 37 : 8 39 64
 48 : 9 33 45 49 68 92
 54 : 28 35 36 61 70
 56 : 23 74 81 85 97
 67 : 15 29 42 71 72 75 93 98 99
 70 : 7 11 18 27 46 53 63 65
 73 : 26 48 57 73 77
 74 : 6 12 16 19 20 22 54 86
 93 : 25 52 62 79
 95 : 21 24 32 60 67
SOLUTION:
  Value: -48115.000000
  Assigns: 30 18 18 18 30 8 74 70 18 24 30 70 74 18 24 67 74 24 73 74 74 95 74 56 95 70 73 70 54 67 39 1 95 58 15 54 24 15 30 56 15 39 67 15 1 1 24 58 73 56 15 8 24 70 74 74 18 73 18 8 95 54 83 70 83 70 30 95 39 8 54 67 39 73 56 67 30 73 8 56 39 56 15 39 1 39 74 18 83 8 8 30 83 58 1 1 1 58 83 67 
  Facilities: 16
 1 : 31 44 45 84 94 95 96
 8 : 5 51 59 69 78 89 90
 15 : 34 37 40 43 50 82
 18 : 1 2 3 8 13 56 58 87
 24 : 9 14 17 36 46 52
 30 : 0 4 10 38 66 76 91
 39 : 30 41 68 72 80 83 85
 54 : 28 35 61 70
 56 : 23 39 49 74 79 81
 58 : 33 47 93 97
 67 : 15 29 42 71 75 99
 70 : 7 11 25 27 53 63 65
 73 : 18 26 48 57 73 77
 74 : 6 12 16 19 20 22 54 55 86
 83 : 62 64 88 92 98
 95 : 21 24 32 60 67
SOLUTION:
  Value: -48117.000000
  Assigns: 95 59 73 36 98 36 74 63 99 48 48 15 63 98 98 95 74 45 73 74 74 94 74 56 45 88 73 15 54 94 99 36 95 48 15 54 45 15 83 56 15 36 99 15 45 48 36 99 73 48 15 95 59 94 74 74 36 98 99 63 95 54 83 99 83 54 98 95 48 45 54 54 36 73 56 45 63 73 59 45 63 63 15 88 59 56 74 48 83 98 59 94 83 94 59 59 83 88 83 88 
  Facilities: 16
 15 : 11 27 34 37 40 43 50 82
 36 : 3 5 31 41 46 56 72
 45 : 17 24 36 44 69 75 79
 48 : 9 10 33 45 49 68 87
 54 : 28 35 61 65 70 71
 56 : 23 39 74 85
 59 : 1 52 78 84 90 94 95
 63 : 7 12 59 76 80 81
 73 : 2 18 26 48 73 77
 74 : 6 16 19 20 22 54 55 86
 83 : 38 62 64 88 92 96 98
 88 : 25 83 97 99
 94 : 21 29 53 91 93
 95 : 0 15 32 51 60 67
 98 : 4 13 14 57 66 89
 99 : 8 30 42 47 58 63
SOLUTION:
  Value: -48120.000000
  Assigns: 95 29 73 43 29 8 74 70 37 48 48 70 74 50 1 67 74 92 70 74 74 95 74 14 95 70 73 70 50 67 50 43 95 37 15 99 50 15 92 37 15 50 67 15 1 48 70 99 73 48 29 8 37 70 74 74 48 73 99 8 92 92 50 70 37 70 74 95 48 8 14 67 67 29 29 67 14 73 8 50 15 99 15 43 29 14 74 48 43 8 8 1 48 67 1 1 1 67 67 67 
  Facilities: 16
 1 : 14 44 91 94 95 96
 8 : 5 51 59 69 78 89 90
 14 : 23 70 76 85
 15 : 34 37 40 43 80 82
 29 : 1 4 50 73 74 84
 37 : 8 33 39 52 64
 43 : 3 31 83 88
 48 : 9 10 45 49 56 68 87 92
 50 : 13 28 30 36 41 62 79
 67 : 15 29 42 71 72 75 93 97 98 99
 70 : 7 11 18 25 27 46 53 63 65
 73 : 2 26 48 57 77
 74 : 6 12 16 19 20 22 54 55 66 86
 92 : 17 38 60 61
 95 : 0 21 24 32 67
 99 : 35 47 58 81
SOLUTION:
  Value: -48122.000000
  Assigns: 95 59 73 36 54 26 74 70 35 48 48 70 48 35 35 67 74 26 73 74 74 95 74 56 95 70 73 70 54 67 26 36 95 48 26 54 54 15 83 56 15 36 67 15 1 48 36 99 73 48 15 95 59 35 74 74 36 73 99 26 95 54 83 70 83 70 74 95 48 35 54 67 35 73 56 67 35 73 59 56 15 56 15 26 1 56 74 48 83 36 59 1 83 67 1 59 83 56 83 67 
  Facilities: 16
 1 : 44 84 91 94
 15 : 37 40 43 50 80 82
 26 : 5 17 30 34 59 83
 35 : 8 13 14 53 69 72 76
 36 : 3 31 41 46 56 89
 48 : 9 10 12 33 45 49 68 87
 54 : 4 28 35 36 61 70
 56 : 23 39 74 79 81 85 97
 59 : 1 52 78 90 95
 67 : 15 29 42 71 75 93 99
 70 : 7 11 25 27 63 65
 73 : 2 18 26 48 57 73 77
 74 : 6 16 19 20 22 54 55 66 86
 83 : 38 62 64 88 92 96 98
 95 : 0 21 24 32 51 60 67
 99 : 47 58
SOLUTION:
  Value: -48132.000000
  Assigns: 9 59 73 36 98 36 74 63 99 48 48 15 63 98 98 67 74 85 73 74 74 95 74 56 95 9 73 15 54 67 99 36 95 48 15 54 54 15 83 56 15 36 99 15 54 48 36 99 73 48 15 95 59 83 74 74 36 98 99 63 95 54 83 99 83 54 98 95 48 73 54 67 67 73 56 67 63 73 9 56 63 63 15 85 59 56 74 48 83 98 59 9 83 67 59 59 83 56 83 67 
  Facilities: 16
 9 : 0 25 78 91
 15 : 11 27 34 37 40 43 50 82
 36 : 3 5 31 41 46 56
 48 : 9 10 33 45 49 68 87
 54 : 28 35 36 44 61 65 70
 56 : 23 39 74 79 85 97
 59 : 1 52 84 90 94 95
 63 : 7 12 59 76 80 81
 67 : 15 29 71 72 75 93 99
 73 : 2 18 26 48 69 73 77
 74 : 6 16 19 20 22 54 55 86
 83 : 38 53 62 64 88 92 96 98
 85 : 17 83
 95 : 21 24 32 51 60 67
 98 : 4 13 14 57 66 89
 99 : 8 30 42 47 58 63
SOLUTION:
  Value: -48136.000000
  Assigns: 30 16 97 16 30 8 16 70 35 48 30 70 48 35 90 67 35 16 70 90 1 95 90 56 45 70 35 70 54 67 16 1 95 48 15 54 45 15 30 56 15 16 67 15 1 48 70 16 56 48 15 8 84 35 45 16 48 8 84 8 95 54 90 70 84 70 30 95 48 45 54 67 35 97 56 45 30 84 8 45 15 56 15 8 1 56 95 48 30 8 8 30 48 67 1 1 1 56 67 67 
  Facilities: 16
 1 : 20 31 44 84 94 95 96
 8 : 5 51 57 59 78 83 89 90
 15 : 34 37 40 43 50 80 82
 16 : 1 3 6 17 30 41 47 55
 30 : 0 4 10 38 66 76 88 91
 35 : 8 13 16 26 53 72
 45 : 24 36 54 69 75 79
 48 : 9 12 33 45 49 56 68 87 92
 54 : 28 35 61 70
 56 : 23 39 48 74 81 85 97
 67 : 15 29 42 71 93 98 99
 70 : 7 11 18 25 27 46 63 65
 84 : 52 58 64 77
 90 : 14 19 22 62
 95 : 21 32 60 67 86
 97 : 2 73
