# Time: 354.510010
# Elapsed: 105.981064
# Input_file: splp/CLSC/933GapCS.txt
# Pool_size: 200
# Iterations: 24
# Final_solutions: 4500
# Vision_range: 400
# Reduction_mode: REDUCTION_DISPERSE
# Dissimilitude: DISSIM_HAUSDORFF
# Facility_dist: FDISMODE_SUMOFDELTAS
SOLUTION:
  Value: -45117.000000
  Assigns: 15 97 97 33 46 49 32 3 49 56 4 22 24 3 24 96 22 56 86 32 22 4 33 22 83 4 46 33 4 86 56 24 49 22 15 56 49 83 97 97 79 86 24 4 83 24 4 24 79 83 24 24 33 97 83 96 46 33 24 4 3 32 79 3 3 4 96 56 96 3 83 56 3 56 15 56 79 79 96 79 96 83 79 33 86 32 3 32 49 32 79 96 49 15 32 96 32 96 49 96 
  Facilities: 15
 3 : 7 13 60 63 64 69 72 86
 4 : 10 21 25 28 43 46 59 65
 15 : 0 34 74 93
 22 : 11 16 20 23 33
 24 : 12 14 31 42 45 47 50 51 58
 32 : 6 19 61 85 87 89 94 96
 33 : 3 22 27 52 57 83
 46 : 4 26 56
 49 : 5 8 32 36 88 92 98
 56 : 9 17 30 35 67 71 73 75
 79 : 40 48 62 76 77 79 82 90
 83 : 24 37 44 49 54 70 81
 86 : 18 29 41 84
 96 : 15 55 66 68 78 80 91 95 97 99
 97 : 1 2 38 39 53
SOLUTION:
  Value: -45124.000000
  Assigns: 44 33 44 11 40 49 58 40 49 64 64 29 48 3 11 29 11 58 64 48 11 81 33 11 29 26 40 33 61 80 64 64 49 11 58 64 49 26 61 44 79 40 44 33 29 80 44 26 79 79 80 58 33 3 40 81 80 33 33 48 3 40 79 3 80 58 26 80 40 3 44 44 3 44 81 81 79 40 26 61 80 48 79 33 58 61 3 49 49 48 81 61 29 58 26 61 58 26 49 49 
  Facilities: 15
 3 : 13 53 60 63 69 72 86
 11 : 3 14 16 20 23 33
 26 : 25 37 47 66 78 94 97
 29 : 11 15 24 44 92
 33 : 1 22 27 43 52 57 58 83
 40 : 4 7 26 41 54 61 68 77
 44 : 0 2 39 42 46 70 71 73
 48 : 12 19 59 81 89
 49 : 5 8 32 36 87 88 98 99
 58 : 6 17 34 51 65 84 93 96
 61 : 28 38 79 85 91 95
 64 : 9 10 18 30 31 35
 79 : 40 48 49 62 76 82
 80 : 29 45 50 56 64 67 80
 81 : 21 55 74 75 90
SOLUTION:
  Value: -45130.000000
  Assigns: 37 68 97 33 68 22 32 3 56 56 4 22 24 3 68 37 37 56 68 32 17 4 33 22 83 4 68 33 4 4 56 24 37 68 15 56 97 83 97 97 79 22 24 4 83 24 4 24 79 68 24 24 33 97 83 96 17 33 24 4 68 32 79 3 3 4 96 56 96 3 83 56 3 56 15 56 79 79 17 79 96 83 79 33 83 32 3 32 15 32 79 96 17 15 32 96 32 96 32 96 
  Facilities: 15
 3 : 7 13 63 64 69 72 86
 4 : 10 21 25 28 29 43 46 59 65
 15 : 34 74 88 93
 17 : 20 56 78 92
 22 : 5 11 23 41
 24 : 12 31 42 45 47 50 51 58
 32 : 6 19 61 85 87 89 94 96 98
 33 : 3 22 27 52 57 83
 37 : 0 15 16 32
 56 : 8 9 17 30 35 67 71 73 75
 68 : 1 4 14 18 26 33 49 60
 79 : 40 48 62 76 77 79 82 90
 83 : 24 37 44 54 70 81 84
 96 : 55 66 68 80 91 95 97 99
 97 : 2 36 38 39 53
SOLUTION:
  Value: -48100.000000
  Assigns: 15 68 86 54 40 49 34 40 49 29 4 28 55 3 68 29 55 34 86 17 17 4 40 34 29 4 40 68 4 28 47 55 49 68 15 28 49 47 28 34 28 86 47 4 29 86 4 54 47 68 80 54 15 3 40 96 17 17 28 4 68 40 54 3 80 4 96 47 40 3 34 80 3 34 55 55 47 40 17 29 96 86 55 3 86 55 3 47 49 55 55 96 17 15 54 96 54 96 49 96 
  Facilities: 16
 3 : 13 53 63 69 72 83 86
 4 : 10 21 25 28 43 46 59 65
 15 : 0 34 52 93
 17 : 19 20 56 57 78 92
 28 : 11 29 35 38 40 58
 29 : 9 15 24 44 79
 34 : 6 17 23 39 70 73
 40 : 4 7 22 26 54 61 68 77
 47 : 30 37 42 48 67 76 87
 49 : 5 8 32 36 88 98
 54 : 3 47 51 62 94 96
 55 : 12 16 31 74 75 82 85 89 90
 68 : 1 14 27 33 49 60
 80 : 50 64 71
 86 : 2 18 41 45 81 84
 96 : 55 66 80 91 95 97 99
SOLUTION:
  Value: -48101.000000
  Assigns: 15 97 97 33 40 49 32 40 49 56 4 22 24 3 24 96 22 56 86 32 17 4 33 22 83 4 40 33 4 86 56 24 49 22 15 56 49 83 97 97 79 86 24 4 83 24 4 24 79 83 24 24 33 97 83 96 17 33 24 4 3 40 79 3 3 4 96 56 40 3 83 56 3 56 15 56 79 40 17 79 96 83 79 33 86 32 3 32 49 32 79 96 17 15 32 96 32 96 49 96 
  Facilities: 16
 3 : 13 60 63 64 69 72 86
 4 : 10 21 25 28 43 46 59 65
 15 : 0 34 74 93
 17 : 20 56 78 92
 22 : 11 16 23 33
 24 : 12 14 31 42 45 47 50 51 58
 32 : 6 19 85 87 89 94 96
 33 : 3 22 27 52 57 83
 40 : 4 7 26 61 68 77
 49 : 5 8 32 36 88 98
 56 : 9 17 30 35 67 71 73 75
 79 : 40 48 62 76 79 82 90
 83 : 24 37 44 49 54 70 81
 86 : 18 29 41 84
 96 : 15 55 66 80 91 95 97 99
 97 : 1 2 38 39 53
SOLUTION:
  Value: -48103.000000
  Assigns: 94 68 86 54 40 49 34 40 49 74 4 28 55 29 68 29 55 34 86 17 17 4 40 34 29 4 40 68 4 28 47 55 49 68 34 28 49 47 74 34 28 86 47 4 29 86 4 54 47 68 74 54 74 94 40 96 17 17 28 74 68 40 54 29 17 4 96 47 40 34 34 94 74 94 55 55 47 40 17 29 96 86 55 51 86 55 51 47 49 55 55 96 17 51 54 96 54 96 49 96 
  Facilities: 16
 4 : 10 21 25 28 43 46 65
 17 : 19 20 56 57 64 78 92
 28 : 11 29 35 40 58
 29 : 13 15 24 44 63 79
 34 : 6 17 23 34 39 69 70
 40 : 4 7 22 26 54 61 68 77
 47 : 30 37 42 48 67 76 87
 49 : 5 8 32 36 88 98
 51 : 83 86 93
 54 : 3 47 51 62 94 96
 55 : 12 16 31 74 75 82 85 89 90
 68 : 1 14 27 33 49 60
 74 : 9 38 50 52 59 72
 86 : 2 18 41 45 81 84
 94 : 0 53 71 73
 96 : 55 66 80 91 95 97 99
SOLUTION:
  Value: -48105.000000
  Assigns: 15 97 97 33 40 49 32 40 49 56 4 22 24 3 68 96 22 56 68 32 17 4 33 22 83 4 40 33 4 4 56 24 49 68 15 56 49 83 97 97 79 40 24 4 83 24 4 24 79 68 24 24 33 97 83 96 17 33 24 4 68 40 79 3 3 4 96 56 40 3 83 56 3 56 15 56 79 40 17 79 96 83 79 33 83 32 3 32 49 32 79 96 17 15 32 96 32 96 49 96 
  Facilities: 16
 3 : 13 63 64 69 72 86
 4 : 10 21 25 28 29 43 46 59 65
 15 : 0 34 74 93
 17 : 20 56 78 92
 22 : 11 16 23
 24 : 12 31 42 45 47 50 51 58
 32 : 6 19 85 87 89 94 96
 33 : 3 22 27 52 57 83
 40 : 4 7 26 41 61 68 77
 49 : 5 8 32 36 88 98
 56 : 9 17 30 35 67 71 73 75
 68 : 14 18 33 49 60
 79 : 40 48 62 76 79 82 90
 83 : 24 37 44 54 70 81 84
 96 : 15 55 66 80 91 95 97 99
 97 : 1 2 38 39 53
SOLUTION:
  Value: -48107.000000
  Assigns: 9 68 86 54 40 49 34 40 49 74 4 29 55 3 68 29 55 34 86 17 17 4 40 34 30 4 40 9 62 86 62 55 49 68 34 30 49 9 74 34 9 86 74 4 29 86 4 54 30 68 80 54 74 3 40 86 30 17 30 74 68 40 54 3 80 30 62 80 40 3 34 80 3 74 55 55 86 40 17 30 80 86 55 3 86 55 3 49 29 55 55 49 17 9 54 30 54 54 49 49 
  Facilities: 16
 3 : 13 53 63 69 72 83 86
 4 : 10 21 25 43 46
 9 : 0 27 37 40 93
 17 : 19 20 57 78 92
 29 : 11 15 44 88
 30 : 24 35 48 56 58 65 79 95
 34 : 6 17 23 34 39 70
 40 : 4 7 22 26 54 61 68 77
 49 : 5 8 32 36 87 91 98 99
 54 : 3 47 51 62 94 96 97
 55 : 12 16 31 74 75 82 85 89 90
 62 : 28 30 66
 68 : 1 14 33 49 60
 74 : 9 38 42 52 59 73
 80 : 50 64 67 71 80
 86 : 2 18 29 41 45 55 76 81 84
SOLUTION:
  Value: -48119.000000
  Assigns: 31 70 81 93 76 49 93 66 49 66 64 70 24 3 84 64 2 76 64 84 31 4 66 31 83 4 18 76 4 66 64 64 49 18 66 64 49 83 2 2 83 76 24 4 83 24 4 31 76 83 66 24 2 76 83 81 70 64 24 70 3 31 31 3 3 4 96 18 96 3 83 84 3 84 81 81 66 70 96 70 96 83 81 3 83 84 3 70 49 2 81 96 49 70 70 96 81 96 49 96 
  Facilities: 16
 2 : 16 38 39 52 89
 3 : 13 60 63 64 69 72 83 86
 4 : 21 25 28 43 46 65
 18 : 26 33 67
 24 : 12 42 45 51 58
 31 : 0 20 23 47 61 62
 49 : 5 8 32 36 88 92 98
 64 : 10 15 18 30 31 35 57
 66 : 7 9 22 29 34 50 76
 70 : 1 11 56 59 77 79 87 93 94
 76 : 4 17 27 41 48 53
 81 : 2 55 74 75 82 90 96
 83 : 24 37 40 44 49 54 70 81 84
 84 : 14 19 71 73 85
 93 : 3 6
 96 : 66 68 78 80 91 95 97 99
SOLUTION:
  Value: -48123.000000
  Assigns: 64 68 86 54 40 39 34 40 47 74 4 28 55 85 68 64 55 34 86 17 17 4 40 34 54 4 40 68 4 28 47 64 80 68 34 64 47 47 28 34 28 86 47 4 17 86 4 54 47 68 80 54 74 19 40 86 17 64 28 74 68 40 54 40 80 4 39 47 40 34 34 80 74 74 55 55 47 40 17 39 80 86 55 19 86 85 39 47 39 55 39 85 17 19 54 19 54 54 19 85 
  Facilities: 16
 4 : 10 21 25 28 43 46 65
 17 : 19 20 44 56 78 92
 19 : 53 83 93 95 98
 28 : 11 29 38 40 58
 34 : 6 17 23 34 39 69 70
 39 : 5 66 79 86 88 90
 40 : 4 7 22 26 54 61 63 68 77
 47 : 8 30 36 37 42 48 67 76 87
 54 : 3 24 47 51 62 94 96 97
 55 : 12 16 74 75 82 89
 64 : 0 15 31 35 57
 68 : 1 14 27 33 49 60
 74 : 9 52 59 72 73
 80 : 32 50 64 71 80
 85 : 13 85 91 99
 86 : 2 18 41 45 55 81 84
