# Time: 5.800000
# Elapsed: 6.332960
# Input_file: splp/Chess/534ChessS.txt
# Pool_size: 200
# Iterations: 56
# Final_solutions: 10944
# Vision_range: 0
# Reduction_mode: REDUCTION_RANDOM
SOLUTION:
  Value: -105183.000000
  Assigns: 12 2 14 2 5 6 6 6 139 141 11 12 12 2 14 15 29 6 29 6 33 33 33 12 37 12 15 15 29 40 29 18 45 45 45 12 37 37 37 40 53 29 53 55 57 45 45 58 37 37 37 63 63 40 55 55 45 68 45 58 72 72 63 63 53 53 53 68 68 57 58 58 95 72 63 63 88 66 66 68 68 68 94 95 72 98 98 88 88 88 103 103 103 94 94 95 119 110 110 110 88 88 103 103 103 118 118 94 121 121 121 98 124 124 103 127 103 118 119 119 119 110 110 124 124 124 127 139 127 141 119 119 121 121 2 135 135 5 5 127 141 141 141 11 
  Facilities: 35
 2 : 1 3 13 134
 5 : 4 137 138
 6 : 5 6 7 17 19
 11 : 10 143
 12 : 0 11 12 23 25 35
 14 : 2 14
 15 : 15 26 27
 18 : 31
 29 : 16 18 28 30 41
 33 : 20 21 22
 37 : 24 36 37 38 48 49 50
 40 : 29 39 53
 45 : 32 33 34 45 46 56 58
 53 : 40 42 64 65 66
 55 : 43 54 55
 57 : 44 69
 58 : 47 59 70 71
 63 : 51 52 62 63 74 75
 66 : 77 78
 68 : 57 67 68 79 80 81
 72 : 60 61 73 84
 88 : 76 87 88 89 100 101
 94 : 82 93 94 107
 95 : 72 83 95
 98 : 85 86 111
 103 : 90 91 92 102 103 104 114 116
 110 : 97 98 99 121 122
 118 : 105 106 117
 119 : 96 118 119 120 130 131
 121 : 108 109 110 132 133
 124 : 112 113 123 124 125
 127 : 115 126 128 139
 135 : 135 136
 139 : 8 127
 141 : 9 129 140 141 142
SOLUTION:
  Value: -108174.000000
  Assigns: 12 134 134 4 5 5 137 139 139 10 10 10 35 1 26 4 4 5 5 32 32 10 35 12 37 26 38 26 39 42 42 32 32 32 35 12 49 37 26 38 52 42 42 32 32 32 35 35 37 49 37 52 52 52 42 42 69 69 69 70 49 49 49 52 52 52 77 80 69 69 70 70 95 86 86 86 77 77 90 80 69 80 81 95 95 97 97 86 77 90 77 102 81 81 81 95 108 97 111 86 100 100 90 102 116 118 118 118 120 97 111 111 111 100 127 116 116 116 119 120 119 108 134 111 137 137 127 139 127 116 119 120 1 134 134 4 137 5 5 127 127 10 10 120 
  Facilities: 36
 1 : 13 132
 4 : 3 15 16 135
 5 : 4 5 17 18 137 138
 10 : 9 10 11 21 141 142
 12 : 0 23 35
 23 :
 26 : 14 25 27 38
 32 : 19 20 31 32 33 43 44 45
 35 : 12 22 34 46 47
 37 : 24 37 48 50
 38 : 26 39
 39 : 28
 42 : 29 30 41 42 54 55
 49 : 36 49 60 61 62
 52 : 40 51 52 53 63 64 65
 69 : 56 57 58 68 69 80
 70 : 59 70 71
 77 : 66 76 77 88 90
 80 : 67 79 81
 81 : 82 92 93 94
 86 : 73 74 75 87 99
 90 : 78 89 102
 95 : 72 83 84 95
 97 : 85 86 97 109
 100 : 100 101 113
 102 : 91 103
 108 : 96 121
 111 : 98 110 111 112 123
 116 : 104 115 116 117 129
 118 : 105 106 107
 119 : 118 120 130
 120 : 108 119 131 143
 127 : 114 126 128 139 140
 134 : 1 2 122 133 134
 137 : 6 124 125 136
 139 : 7 8 127
SOLUTION:
  Value: -111166.000000
  Assigns: 12 2 14 2 5 6 6 6 139 141 11 12 12 2 14 15 29 6 29 6 33 33 33 12 37 12 15 15 29 40 29 18 45 45 45 12 37 37 37 40 53 29 53 55 57 45 45 58 37 37 37 63 63 40 55 55 45 68 45 58 72 72 63 63 53 53 53 68 68 57 58 58 95 72 63 63 88 66 66 68 68 68 94 95 72 98 98 88 88 88 103 103 103 94 94 95 119 110 110 110 88 114 103 114 103 118 118 94 121 121 121 123 123 114 101 114 103 118 119 119 119 110 123 110 123 114 127 114 127 141 119 119 121 121 2 135 135 5 5 127 141 141 141 11 
  Facilities: 37
 2 : 1 3 13 134
 5 : 4 137 138
 6 : 5 6 7 17 19
 11 : 10 143
 12 : 0 11 12 23 25 35
 14 : 2 14
 15 : 15 26 27
 18 : 31
 29 : 16 18 28 30 41
 33 : 20 21 22
 37 : 24 36 37 38 48 49 50
 40 : 29 39 53
 45 : 32 33 34 45 46 56 58
 53 : 40 42 64 65 66
 55 : 43 54 55
 57 : 44 69
 58 : 47 59 70 71
 63 : 51 52 62 63 74 75
 66 : 77 78
 68 : 57 67 68 79 80 81
 72 : 60 61 73 84
 88 : 76 87 88 89 100
 94 : 82 93 94 107
 95 : 72 83 95
 98 : 85 86
 101 : 114
 103 : 90 91 92 102 104 116
 110 : 97 98 99 121 123
 114 : 101 103 113 115 125 127
 118 : 105 106 117
 119 : 96 118 119 120 130 131
 121 : 108 109 110 132 133
 123 : 111 112 122 124
 127 : 126 128 139
 135 : 135 136
 139 : 8
 141 : 9 129 140 141 142
SOLUTION:
  Value: -111180.000000
  Assigns: 12 2 14 2 5 6 6 6 139 141 11 12 12 2 14 15 29 6 29 6 33 33 33 12 37 12 15 15 29 40 29 18 45 45 45 12 37 37 37 40 53 29 53 55 57 45 45 58 37 37 37 63 63 40 55 55 45 68 45 58 72 72 63 63 53 53 53 68 68 57 58 58 95 72 63 63 88 66 66 68 68 68 94 95 72 98 98 88 88 88 103 103 103 94 94 95 119 110 110 110 88 88 103 103 103 118 118 94 121 121 121 123 123 101 101 127 103 118 119 119 119 110 123 136 136 136 127 139 127 141 119 119 121 121 2 135 135 5 5 127 141 141 141 11 
  Facilities: 37
 2 : 1 3 13 134
 5 : 4 137 138
 6 : 5 6 7 17 19
 11 : 10 143
 12 : 0 11 12 23 25 35
 14 : 2 14
 15 : 15 26 27
 18 : 31
 29 : 16 18 28 30 41
 33 : 20 21 22
 37 : 24 36 37 38 48 49 50
 40 : 29 39 53
 45 : 32 33 34 45 46 56 58
 53 : 40 42 64 65 66
 55 : 43 54 55
 57 : 44 69
 58 : 47 59 70 71
 63 : 51 52 62 63 74 75
 66 : 77 78
 68 : 57 67 68 79 80 81
 72 : 60 61 73 84
 88 : 76 87 88 89 100 101
 94 : 82 93 94 107
 95 : 72 83 95
 98 : 85 86
 101 : 113 114
 103 : 90 91 92 102 103 104 116
 110 : 97 98 99 121
 118 : 105 106 117
 119 : 96 118 119 120 130 131
 121 : 108 109 110 132 133
 123 : 111 112 122
 127 : 115 126 128 139
 135 : 135 136
 136 : 123 124 125
 139 : 8 127
 141 : 9 129 140 141 142
SOLUTION:
  Value: -117172.000000
  Assigns: 143 133 134 134 137 6 6 19 140 140 143 143 35 14 25 28 28 28 19 19 19 21 35 35 25 14 14 28 28 28 19 43 19 46 46 35 36 36 25 40 28 28 43 43 56 56 46 46 60 62 62 40 40 40 66 43 56 69 69 46 60 60 62 62 76 66 66 56 56 82 82 60 84 60 62 62 87 66 78 78 69 81 69 60 84 84 87 76 76 101 78 78 81 82 81 106 119 110 110 110 87 114 101 115 115 106 106 84 131 122 122 122 125 114 101 126 115 106 106 119 119 110 133 122 137 126 115 114 140 140 119 119 143 133 134 122 137 126 6 126 140 140 131 143 
  Facilities: 39
 6 : 5 6 138
 14 : 13 25 26
 19 : 7 18 19 20 30 32
 21 : 21
 25 : 14 24 38
 28 : 15 16 17 27 28 29 40 41
 35 : 12 22 23 35
 36 : 36 37
 40 : 39 51 52 53
 43 : 31 42 43 55
 46 : 33 34 46 47 59
 56 : 44 45 56 67 68
 60 : 48 60 61 71 73 83
 62 : 49 50 62 63 74 75
 66 : 54 65 66 77
 69 : 57 58 80 82
 76 : 64 87 88
 78 : 78 79 90 91
 81 : 81 92 94
 82 : 69 70 93
 84 : 72 84 85 107
 87 : 76 86 100
 89 :
 95 :
 101 : 89 102 114
 106 : 95 105 106 117 118
 110 : 97 98 99 121
 114 : 101 113 127
 115 : 103 104 116 126
 119 : 96 119 120 130 131
 122 : 109 110 111 123 135
 125 : 112
 126 : 115 125 137 139
 131 : 108 142
 133 : 1 122 133
 134 : 2 3 134
 137 : 4 124 136
 140 : 8 9 128 129 140 141
 143 : 0 10 11 132 143
SOLUTION:
  Value: -117180.000000
  Assigns: 12 12 14 14 5 138 137 138 21 21 23 12 12 12 14 28 29 28 29 31 33 21 33 12 37 12 14 39 39 28 29 32 31 32 47 12 47 37 37 39 28 28 55 31 31 45 45 47 37 61 37 52 39 54 55 55 45 45 45 60 83 61 61 52 52 66 55 80 80 80 83 83 60 60 86 86 77 77 77 80 80 80 83 60 83 98 97 86 77 101 77 92 92 80 83 83 119 97 97 86 100 114 101 92 92 92 119 119 120 97 123 123 123 114 101 114 129 129 129 120 119 120 123 123 137 137 138 114 129 130 119 120 120 120 123 123 123 138 5 138 127 129 131 120 
  Facilities: 39
 5 : 4 138
 12 : 0 1 11 12 13 23 25 35
 14 : 2 3 14 26
 21 : 8 9 21
 23 : 10
 28 : 15 17 29 40 41
 29 : 16 18 30
 31 : 19 32 43 44
 32 : 31 33
 33 : 20 22
 37 : 24 37 38 48 50
 39 : 27 28 39 52
 45 : 45 46 56 57 58
 47 : 34 36 47
 52 : 51 63 64
 54 : 53
 55 : 42 54 55 66
 60 : 59 72 73 83
 61 : 49 61 62
 66 : 65
 77 : 76 77 78 88 90
 80 : 67 68 69 79 80 81 93
 83 : 60 70 71 82 84 94 95
 86 : 74 75 87 99
 92 : 91 92 103 104 105
 97 : 86 97 98 109
 98 : 85
 100 : 100
 101 : 89 102 114
 114 : 101 113 115 127
 119 : 96 106 107 120 130
 120 : 108 119 121 131 132 133 143
 123 : 110 111 112 122 123 134 135 136
 127 : 140
 129 : 116 117 118 128 141
 130 : 129
 131 : 142
 137 : 6 124 125
 138 : 5 7 126 137 139
SOLUTION:
  Value: -120150.000000
  Assigns: 12 2 2 4 16 16 19 19 19 10 10 10 12 2 15 4 4 16 19 19 33 10 33 12 12 12 15 15 40 40 42 19 45 45 45 12 59 38 38 38 40 42 42 56 56 45 45 59 60 50 50 50 65 40 42 54 69 68 69 59 83 50 73 50 76 66 66 68 56 69 59 59 60 60 86 76 88 66 66 68 68 68 69 60 83 98 86 88 76 88 101 104 104 105 94 83 119 108 86 86 88 88 101 115 115 104 105 94 121 121 121 98 101 126 126 126 105 105 130 119 119 108 135 136 136 126 115 126 115 130 119 119 121 121 2 4 135 126 126 126 141 130 10 10 
  Facilities: 40
 2 : 1 2 13 134
 4 : 3 15 16 135
 10 : 9 10 11 21 142 143
 12 : 0 12 23 24 25 35
 15 : 14 26 27
 16 : 4 5 17
 19 : 6 7 8 18 19 31
 33 : 20 22
 38 : 37 38 39
 40 : 28 29 40 53
 42 : 30 41 42 54
 45 : 32 33 34 45 46
 50 : 49 50 51 61 63
 54 : 55
 56 : 43 44 68
 59 : 36 47 59 70 71
 60 : 48 72 73 83
 65 : 52
 66 : 65 66 77 78
 68 : 57 67 79 80 81
 69 : 56 58 69 82
 73 : 62
 76 : 64 75 88
 83 : 60 84 95
 86 : 74 86 98 99
 88 : 76 87 89 100 101
 94 : 94 107
 98 : 85 111
 101 : 90 102 112
 104 : 91 92 105
 105 : 93 106 116 117
 108 : 97 121
 115 : 103 104 126 128
 119 : 96 119 120 130 131
 121 : 108 109 110 132 133
 126 : 113 114 115 125 127 137 138 139
 130 : 118 129 141
 135 : 122 136
 136 : 123 124
 141 : 140
SOLUTION:
  Value: -120155.000000
  Assigns: 12 2 2 4 16 16 18 18 141 10 10 10 12 2 15 4 4 16 18 18 33 10 33 12 12 12 15 15 40 40 42 42 45 45 45 12 59 38 38 38 40 42 42 56 56 45 45 59 60 50 50 50 65 40 42 54 69 68 69 59 83 50 73 50 76 66 66 68 56 69 59 59 60 60 86 76 88 66 78 68 68 68 69 60 83 98 86 88 76 88 78 78 105 105 94 83 119 108 86 86 88 88 101 115 115 94 105 94 121 121 121 98 101 126 126 126 105 105 130 119 119 108 135 136 136 126 115 126 115 130 119 119 121 121 2 4 135 126 126 126 141 130 10 10 
  Facilities: 40
 2 : 1 2 13 134
 4 : 3 15 16 135
 10 : 9 10 11 21 142 143
 12 : 0 12 23 24 25 35
 15 : 14 26 27
 16 : 4 5 17
 18 : 6 7 18 19
 33 : 20 22
 38 : 37 38 39
 40 : 28 29 40 53
 42 : 30 31 41 42 54
 45 : 32 33 34 45 46
 50 : 49 50 51 61 63
 54 : 55
 56 : 43 44 68
 59 : 36 47 59 70 71
 60 : 48 72 73 83
 65 : 52
 66 : 65 66 77
 68 : 57 67 79 80 81
 69 : 56 58 69 82
 73 : 62
 76 : 64 75 88
 78 : 78 90 91
 83 : 60 84 95
 86 : 74 86 98 99
 88 : 76 87 89 100 101
 94 : 94 105 107
 98 : 85 111
 101 : 102 112
 105 : 92 93 106 116 117
 108 : 97 121
 115 : 103 104 126 128
 119 : 96 119 120 130 131
 121 : 108 109 110 132 133
 126 : 113 114 115 125 127 137 138 139
 130 : 118 129 141
 135 : 122 136
 136 : 123 124
 141 : 8 140
SOLUTION:
  Value: -120173.000000
  Assigns: 143 133 134 136 136 6 6 19 140 140 143 143 35 14 25 28 28 28 19 19 19 21 35 35 25 14 14 28 28 28 19 43 19 46 46 35 36 36 25 40 28 28 43 43 56 56 46 46 60 62 62 40 40 40 66 43 56 69 69 46 60 60 62 62 76 66 66 56 56 82 82 60 84 60 62 62 87 66 78 91 69 81 69 60 84 84 87 76 76 101 78 91 81 82 81 106 119 110 110 110 87 114 101 91 91 106 106 84 131 122 122 122 125 114 101 126 127 106 106 119 119 110 133 136 136 126 126 114 140 140 119 119 143 133 134 122 136 126 6 126 140 140 131 143 
  Facilities: 40
 6 : 5 6 138
 14 : 13 25 26
 19 : 7 18 19 20 30 32
 21 : 21
 25 : 14 24 38
 28 : 15 16 17 27 28 29 40 41
 35 : 12 22 23 35
 36 : 36 37
 40 : 39 51 52 53
 43 : 31 42 43 55
 46 : 33 34 46 47 59
 56 : 44 45 56 67 68
 60 : 48 60 61 71 73 83
 62 : 49 50 62 63 74 75
 66 : 54 65 66 77
 69 : 57 58 80 82
 76 : 64 87 88
 78 : 78 90
 81 : 81 92 94
 82 : 69 70 93
 84 : 72 84 85 107
 87 : 76 86 100
 89 :
 91 : 79 91 103 104
 95 :
 101 : 89 102 114
 106 : 95 105 106 117 118
 110 : 97 98 99 121
 114 : 101 113 127
 119 : 96 119 120 130 131
 122 : 109 110 111 135
 125 : 112
 126 : 115 125 126 137 139
 127 : 116
 131 : 108 142
 133 : 1 122 133
 134 : 2 134
 136 : 3 4 123 124 136
 140 : 8 9 128 129 140 141
 143 : 0 10 11 132 143
SOLUTION:
  Value: -120174.000000
  Assigns: 12 134 134 135 135 16 18 18 141 141 23 12 35 1 1 27 16 16 31 31 33 33 33 12 37 12 27 27 40 40 31 31 45 46 35 12 48 48 37 38 40 40 31 31 31 45 35 48 37 61 51 51 63 40 66 66 69 69 69 48 48 61 51 51 77 66 66 66 69 69 70 70 61 61 61 63 77 77 90 90 69 81 81 70 107 98 97 98 77 90 77 102 81 93 81 107 108 97 111 98 111 114 103 104 93 93 93 108 120 97 111 111 111 114 114 114 103 104 107 120 120 108 134 111 111 126 127 114 127 141 141 120 1 134 134 135 135 126 127 126 141 141 141 120 
  Facilities: 40
 1 : 13 14 132
 12 : 0 11 23 25 35
 16 : 5 16 17
 18 : 6 7
 23 : 10
 27 : 15 26 27
 31 : 18 19 30 31 42 43 44
 33 : 20 21 22
 35 : 12 34 46
 37 : 24 38 48
 38 : 39
 40 : 28 29 40 41 53
 45 : 32 45
 46 : 33
 48 : 36 37 47 59 60
 51 : 50 51 62 63
 61 : 49 61 72 73 74
 63 : 52 75
 66 : 54 55 65 66 67
 69 : 56 57 58 68 69 80
 70 : 70 71 83
 77 : 64 76 77 88 90
 81 : 81 82 92 94
 90 : 78 79 89
 93 : 93 104 105 106
 97 : 86 97 109
 98 : 85 87 99
 102 : 91
 103 : 102 116
 104 : 103 117
 107 : 84 95 118
 108 : 96 107 121
 111 : 98 100 110 111 112 123 124
 114 : 101 113 114 115 127
 120 : 108 119 120 131 143
 126 : 125 137 139
 127 : 126 128 138
 134 : 1 2 122 133 134
 135 : 3 4 135 136
 141 : 8 9 129 130 140 141 142
