# Time: 1161.779907
# Elapsed: 458.393280
# Input_file: splp/Uniform/2123UnifS.txt
# Pool_size: 400
# Iterations: 29
# Final_solutions: 10290
# Vision_range: 600
# Reduction_mode: REDUCTION_DISPERSE
# Dissimilitude: DISSIM_MSE
# Facility_dist: FDISMODE_MINDIST
SOLUTION:
  Value: -73393.000000
  Assigns: 96 45 45 3 45 3 45 15 45 97 47 49 57 9 49 49 57 57 97 15 45 49 25 97 9 45 25 57 96 3 81 96 97 3 10 57 47 10 15 85 85 49 45 85 49 49 81 10 81 45 25 45 47 15 81 49 49 49 49 81 47 96 47 9 85 97 96 3 15 57 9 97 47 25 85 10 97 25 9 81 96 9 10 47 85 15 97 96 97 9 25 10 96 57 9 3 3 3 45 25 
  Facilities: 13
 3 : 3 5 29 33 67 95 96 97
 9 : 13 24 63 70 78 81 89 94
 10 : 34 37 47 75 82 91
 15 : 7 19 38 53 68 85
 25 : 22 26 50 73 77 90 99
 45 : 1 2 4 6 8 20 25 42 49 51 98
 47 : 10 36 52 60 62 72 83
 49 : 11 14 15 21 41 44 45 55 56 57 58
 57 : 12 16 17 27 35 69 93
 81 : 30 46 48 54 59 79
 85 : 39 40 43 64 74 84
 96 : 0 28 31 61 66 80 87 92
 97 : 9 18 23 32 65 71 76 86 88
SOLUTION:
  Value: -74217.000000
  Assigns: 96 45 45 3 45 3 45 15 45 97 47 49 57 9 49 49 57 57 97 15 45 49 25 97 9 45 25 57 96 3 81 96 97 3 10 57 47 10 15 45 45 49 45 10 49 49 81 10 81 45 25 45 47 15 81 49 49 49 49 81 47 96 47 9 81 97 96 3 15 57 9 97 47 25 9 10 97 25 9 81 96 9 10 47 57 15 97 96 97 9 25 10 96 57 9 3 3 3 45 25 
  Facilities: 12
 3 : 3 5 29 33 67 95 96 97
 9 : 13 24 63 70 74 78 81 89 94
 10 : 34 37 43 47 75 82 91
 15 : 7 19 38 53 68 85
 25 : 22 26 50 73 77 90 99
 45 : 1 2 4 6 8 20 25 39 40 42 49 51 98
 47 : 10 36 52 60 62 72 83
 49 : 11 14 15 21 41 44 45 55 56 57 58
 57 : 12 16 17 27 35 69 84 93
 81 : 30 46 48 54 59 64 79
 96 : 0 28 31 61 66 80 87 92
 97 : 9 18 23 32 65 71 76 86 88
SOLUTION:
  Value: -76428.000000
  Assigns: 96 45 45 3 45 3 45 15 45 97 49 49 57 9 49 49 57 57 97 15 45 49 25 97 9 45 25 57 96 3 81 96 97 3 10 57 45 10 15 45 45 49 45 10 49 49 81 10 81 45 25 45 9 15 81 49 49 49 49 81 10 96 96 9 81 97 96 3 15 57 9 97 3 25 9 10 97 25 9 81 96 9 10 9 57 15 97 96 97 9 25 10 96 57 9 3 3 3 45 25 
  Facilities: 11
 3 : 3 5 29 33 67 72 95 96 97
 9 : 13 24 52 63 70 74 78 81 83 89 94
 10 : 34 37 43 47 60 75 82 91
 15 : 7 19 38 53 68 85
 25 : 22 26 50 73 77 90 99
 45 : 1 2 4 6 8 20 25 36 39 40 42 49 51 98
 49 : 10 11 14 15 21 41 44 45 55 56 57 58
 57 : 12 16 17 27 35 69 84 93
 81 : 30 46 48 54 59 64 79
 96 : 0 28 31 61 62 66 80 87 92
 97 : 9 18 23 32 65 71 76 86 88
SOLUTION:
  Value: -78922.000000
  Assigns: 96 45 45 3 45 3 45 45 45 97 49 49 57 9 49 49 57 57 97 97 45 49 25 97 9 45 25 57 96 3 81 96 97 3 10 57 45 10 97 45 45 49 45 10 49 49 81 10 81 45 25 45 9 9 81 49 49 49 49 81 10 96 96 9 81 97 96 3 25 57 9 97 3 25 9 10 97 25 9 81 96 9 10 9 57 96 97 96 97 9 25 10 96 57 9 3 3 3 45 25 
  Facilities: 10
 3 : 3 5 29 33 67 72 95 96 97
 9 : 13 24 52 53 63 70 74 78 81 83 89 94
 10 : 34 37 43 47 60 75 82 91
 25 : 22 26 50 68 73 77 90 99
 45 : 1 2 4 6 7 8 20 25 36 39 40 42 49 51 98
 49 : 10 11 14 15 21 41 44 45 55 56 57 58
 57 : 12 16 17 27 35 69 84 93
 81 : 30 46 48 54 59 64 79
 96 : 0 28 31 61 62 66 80 85 87 92
 97 : 9 18 19 23 32 38 65 71 76 86 88
SOLUTION:
  Value: -82262.000000
  Assigns: 96 45 45 3 45 3 45 45 45 97 49 49 57 9 49 49 57 57 97 97 45 49 25 97 9 45 25 57 96 3 81 96 97 3 81 57 45 81 97 45 45 49 45 45 49 49 81 81 81 45 25 45 9 9 81 49 49 49 49 81 9 96 96 9 81 97 96 3 25 57 9 97 3 25 9 57 97 25 9 81 96 9 81 9 57 96 97 96 97 9 25 25 96 57 9 3 3 3 45 25 
  Facilities: 9
 3 : 3 5 29 33 67 72 95 96 97
 9 : 13 24 52 53 60 63 70 74 78 81 83 89 94
 25 : 22 26 50 68 73 77 90 91 99
 45 : 1 2 4 6 7 8 20 25 36 39 40 42 43 49 51 98
 49 : 10 11 14 15 21 41 44 45 55 56 57 58
 57 : 12 16 17 27 35 69 75 84 93
 81 : 30 34 37 46 47 48 54 59 64 79 82
 96 : 0 28 31 61 62 66 80 85 87 92
 97 : 9 18 19 23 32 38 65 71 76 86 88
SOLUTION:
  Value: -87041.000000
  Assigns: 45 45 45 3 45 3 45 45 45 97 49 49 57 9 49 49 57 57 97 97 45 49 25 97 9 45 25 57 57 3 81 3 97 3 81 57 45 81 97 45 45 49 45 45 49 49 81 81 81 45 25 45 9 9 81 49 49 49 49 81 9 45 3 9 81 97 25 3 25 57 9 97 3 25 9 57 97 25 9 81 45 9 81 9 57 81 97 25 97 9 25 25 25 57 9 3 3 3 45 25 
  Facilities: 8
 3 : 3 5 29 31 33 62 67 72 95 96 97
 9 : 13 24 52 53 60 63 70 74 78 81 83 89 94
 25 : 22 26 50 66 68 73 77 87 90 91 92 99
 45 : 0 1 2 4 6 7 8 20 25 36 39 40 42 43 49 51 61 80 98
 49 : 10 11 14 15 21 41 44 45 55 56 57 58
 57 : 12 16 17 27 28 35 69 75 84 93
 81 : 30 34 37 46 47 48 54 59 64 79 82 85
 97 : 9 18 19 23 32 38 65 71 76 86 88
SOLUTION:
  Value: -94279.000000
  Assigns: 45 45 45 3 45 3 45 45 45 97 97 3 57 9 97 3 57 57 97 97 45 97 25 97 9 45 25 57 57 3 81 3 97 3 81 57 45 81 97 45 45 3 45 45 81 97 81 81 81 45 25 45 9 9 81 9 25 9 81 81 9 45 3 9 81 97 25 3 25 57 9 97 3 25 9 57 97 25 9 81 45 9 81 9 57 81 97 25 97 9 25 25 25 57 9 3 3 3 45 25 
  Facilities: 7
 3 : 3 5 11 15 29 31 33 41 62 67 72 95 96 97
 9 : 13 24 52 53 55 57 60 63 70 74 78 81 83 89 94
 25 : 22 26 50 56 66 68 73 77 87 90 91 92 99
 45 : 0 1 2 4 6 7 8 20 25 36 39 40 42 43 49 51 61 80 98
 57 : 12 16 17 27 28 35 69 75 84 93
 81 : 30 34 37 44 46 47 48 54 58 59 64 79 82 85
 97 : 9 10 14 18 19 21 23 32 38 45 65 71 76 86 88
SOLUTION:
  Value: -96388.000000
  Assigns: 91 31 76 6 70 4 15 15 6 6 49 49 4 59 49 49 15 76 32 54 13 49 25 91 53 35 61 4 32 91 54 70 10 13 59 54 78 10 91 91 78 49 53 35 49 4 15 10 59 76 25 54 31 15 4 49 49 49 49 54 10 70 31 4 76 91 35 10 15 13 78 53 4 25 65 10 53 25 10 25 91 65 10 13 13 15 59 13 10 78 4 54 91 65 4 10 54 70 32 25 
  Facilities: 19
 4 : 5 12 27 45 54 63 72 90 94
 6 : 3 8 9
 10 : 32 37 47 60 67 75 78 82 88 95
 13 : 20 33 69 83 84 87
 15 : 6 7 16 46 53 68 85
 25 : 22 50 73 77 79 99
 31 : 1 52 62
 32 : 18 28 98
 35 : 25 43 66
 49 : 10 11 14 15 21 41 44 55 56 57 58
 53 : 24 42 71 76
 54 : 19 30 35 51 59 91 96
 59 : 13 34 48 86
 61 : 26
 65 : 74 81 93
 70 : 4 31 61 97
 76 : 2 17 49 64
 78 : 36 40 70 89
 91 : 0 23 29 38 39 65 80 92
SOLUTION:
  Value: -96594.000000
  Assigns: 91 31 76 6 70 4 15 15 6 6 49 49 4 59 49 49 15 76 32 54 25 49 25 91 53 35 61 4 32 91 54 70 10 35 59 54 78 10 91 91 78 49 53 35 49 4 15 10 59 76 25 54 31 15 4 49 49 49 49 54 10 70 31 4 76 91 35 10 15 31 78 53 4 25 65 10 53 25 10 25 91 65 10 35 32 15 59 76 10 78 4 54 91 65 4 10 54 70 32 25 
  Facilities: 18
 4 : 5 12 27 45 54 63 72 90 94
 6 : 3 8 9
 10 : 32 37 47 60 67 75 78 82 88 95
 15 : 6 7 16 46 53 68 85
 25 : 20 22 50 73 77 79 99
 31 : 1 52 62 69
 32 : 18 28 84 98
 35 : 25 33 43 66 83
 49 : 10 11 14 15 21 41 44 55 56 57 58
 53 : 24 42 71 76
 54 : 19 30 35 51 59 91 96
 59 : 13 34 48 86
 61 : 26
 65 : 74 81 93
 70 : 4 31 61 97
 76 : 2 17 49 64 87
 78 : 36 40 70 89
 91 : 0 23 29 38 39 65 80 92
SOLUTION:
  Value: -97625.000000
  Assigns: 91 31 76 6 70 4 15 15 6 6 49 49 4 59 49 49 15 76 32 54 78 49 59 91 53 35 61 4 32 91 54 70 10 35 59 54 78 10 91 91 78 49 53 35 49 4 15 10 59 76 31 54 31 15 4 49 49 49 49 54 10 70 31 4 76 91 35 10 15 31 78 53 4 15 65 10 53 49 10 53 91 65 10 35 32 15 59 76 10 78 4 54 91 65 4 10 54 70 32 54 
  Facilities: 17
 4 : 5 12 27 45 54 63 72 90 94
 6 : 3 8 9
 10 : 32 37 47 60 67 75 78 82 88 95
 15 : 6 7 16 46 53 68 73 85
 31 : 1 50 52 62 69
 32 : 18 28 84 98
 35 : 25 33 43 66 83
 49 : 10 11 14 15 21 41 44 55 56 57 58 77
 53 : 24 42 71 76 79
 54 : 19 30 35 51 59 91 96 99
 59 : 13 22 34 48 86
 61 : 26
 65 : 74 81 93
 70 : 4 31 61 97
 76 : 2 17 49 64 87
 78 : 20 36 40 70 89
 91 : 0 23 29 38 39 65 80 92
