# Time: 99.709999
# Elapsed: 22.102180
# Input_file: splp/KoerkelGhosh-asym/250/a/ga250a-2
# Pool_size: 1000
# Iterations: 69
# Final_solutions: 64031
# Vision_range: 0
# Reduction_mode: REDUCTION_RANDOM
SOLUTION:
  Value: -260450.000000
  Assigns: 40 37 187 120 168 57 170 249 54 202 164 76 218 90 76 239 216 62 161 57 202 76 126 97 0 84 90 33 242 37 61 170 112 0 170 239 107 33 97 76 40 61 76 224 54 191 0 164 54 54 249 229 37 120 210 82 33 161 249 229 37 61 33 224 218 75 245 218 224 120 216 90 0 76 120 239 164 202 37 126 54 37 43 239 161 126 126 82 0 161 120 107 168 0 75 82 0 97 33 202 54 0 112 191 168 90 202 0 216 168 224 126 33 126 242 43 121 242 229 76 229 107 187 121 37 239 62 62 54 61 191 216 120 242 62 62 126 218 126 187 54 129 76 90 168 97 218 121 112 210 202 33 57 191 75 216 82 54 120 170 61 229 0 75 54 191 84 239 107 249 54 129 210 54 107 129 168 61 90 33 224 126 126 242 54 37 62 210 84 216 224 249 40 61 33 242 129 187 57 43 210 216 112 249 54 54 239 90 82 242 242 76 216 191 121 224 37 75 126 84 62 202 33 249 75 239 164 120 62 82 57 43 90 229 82 191 40 164 161 62 97 82 120 107 75 161 76 170 216 82 
  Facilities: 37
 0 : 24 33 46 72 88 93 96 101 107 162
 33 : 27 37 56 62 98 112 151 179 194 222
 37 : 1 29 52 60 78 81 124 185 216
 40 : 0 40 192 236
 43 : 82 115 199 231
 54 : 8 44 48 49 80 100 128 140 157 164 170 173 184 204 205
 57 : 5 19 152 198 230
 61 : 30 41 61 129 160 177 193
 62 : 17 126 127 134 135 186 220 228 239
 75 : 65 94 154 163 217 224 244
 76 : 11 14 21 39 42 73 119 142 211 246
 82 : 55 87 95 156 208 229 234 241 249
 84 : 25 166 188 219
 90 : 13 26 71 105 143 178 207 232
 97 : 23 38 97 145 240
 107 : 36 91 121 168 174 243
 112 : 32 102 148 202
 120 : 3 53 69 74 90 132 158 227 242
 121 : 116 123 147 214
 126 : 22 79 85 86 111 113 136 138 181 182 218
 129 : 141 171 175 196
 161 : 18 57 84 89 238 245
 164 : 10 47 76 226 237
 168 : 4 92 104 109 144 176
 170 : 6 31 34 159 247
 187 : 2 122 139 197
 191 : 45 103 130 153 165 213 235
 202 : 9 20 77 99 106 150 221
 210 : 54 149 172 187 200
 216 : 16 70 108 131 155 189 201 212 248
 218 : 12 64 67 137 146
 224 : 43 63 68 110 180 190 215
 229 : 51 59 118 120 161 233
 239 : 15 35 75 83 125 167 206 225
 242 : 28 114 117 133 183 195 209 210
 245 : 66
 249 : 7 50 58 169 191 203 223
SOLUTION:
  Value: -260501.000000
  Assigns: 40 37 187 120 168 57 170 249 54 202 164 76 218 90 76 239 216 62 161 57 202 76 126 97 0 84 90 33 242 37 61 170 112 0 170 239 107 33 97 76 40 61 76 224 54 191 0 164 54 54 249 229 37 120 210 82 33 161 249 229 37 61 33 224 218 37 245 218 224 120 216 90 0 76 120 239 164 202 37 126 54 37 43 239 161 126 126 82 0 161 120 107 168 0 121 82 0 97 33 202 54 0 112 191 168 90 202 0 216 168 224 126 33 126 242 43 121 242 229 76 229 107 187 121 37 239 62 62 54 61 191 216 120 242 62 62 126 218 126 187 54 129 76 90 168 97 218 121 112 210 202 33 57 191 90 216 82 54 120 170 61 229 0 54 54 191 84 239 107 249 54 129 210 54 107 129 168 61 90 33 224 126 126 242 54 37 62 210 84 216 224 249 40 61 33 242 129 187 57 43 210 216 112 249 54 54 239 90 82 242 242 76 216 191 121 224 37 242 126 84 62 202 33 249 202 239 164 120 62 82 57 43 90 229 82 191 40 164 161 62 97 82 120 107 191 161 76 170 216 82 
  Facilities: 36
 0 : 24 33 46 72 88 93 96 101 107 162
 33 : 27 37 56 62 98 112 151 179 194 222
 37 : 1 29 52 60 65 78 81 124 185 216
 40 : 0 40 192 236
 43 : 82 115 199 231
 54 : 8 44 48 49 80 100 128 140 157 163 164 170 173 184 204 205
 57 : 5 19 152 198 230
 61 : 30 41 61 129 160 177 193
 62 : 17 126 127 134 135 186 220 228 239
 76 : 11 14 21 39 42 73 119 142 211 246
 82 : 55 87 95 156 208 229 234 241 249
 84 : 25 166 188 219
 90 : 13 26 71 105 143 154 178 207 232
 97 : 23 38 97 145 240
 107 : 36 91 121 168 174 243
 112 : 32 102 148 202
 120 : 3 53 69 74 90 132 158 227 242
 121 : 94 116 123 147 214
 126 : 22 79 85 86 111 113 136 138 181 182 218
 129 : 141 171 175 196
 161 : 18 57 84 89 238 245
 164 : 10 47 76 226 237
 168 : 4 92 104 109 144 176
 170 : 6 31 34 159 247
 187 : 2 122 139 197
 191 : 45 103 130 153 165 213 235 244
 202 : 9 20 77 99 106 150 221 224
 210 : 54 149 172 187 200
 216 : 16 70 108 131 155 189 201 212 248
 218 : 12 64 67 137 146
 224 : 43 63 68 110 180 190 215
 229 : 51 59 118 120 161 233
 239 : 15 35 75 83 125 167 206 225
 242 : 28 114 117 133 183 195 209 210 217
 245 : 66
 249 : 7 50 58 169 191 203 223
SOLUTION:
  Value: -260580.000000
  Assigns: 40 37 187 120 168 57 170 249 54 202 164 76 218 90 76 239 216 62 161 57 202 76 126 97 0 84 90 33 242 37 249 170 112 0 170 239 107 33 97 76 40 249 76 224 54 191 0 164 54 54 249 229 37 120 210 82 33 161 249 229 37 37 33 224 218 37 245 218 224 120 216 90 0 76 120 239 164 202 37 126 54 37 43 239 161 126 126 82 0 161 120 107 168 0 121 82 0 97 33 202 54 0 112 191 168 90 202 0 216 168 224 126 33 126 242 43 121 242 229 76 229 107 187 121 37 239 62 62 54 0 191 216 120 242 62 62 126 218 126 187 54 129 76 90 168 97 218 121 112 210 202 33 57 191 90 216 82 54 120 170 224 229 0 54 54 191 84 239 107 249 54 129 210 54 107 129 168 33 90 33 224 126 126 242 54 37 62 210 84 216 224 249 40 82 33 242 129 187 57 43 210 216 112 249 54 54 239 90 82 242 242 76 216 191 121 224 37 242 126 84 62 202 33 249 202 239 164 120 62 82 57 43 90 229 82 191 40 164 161 62 97 82 120 107 191 161 76 170 216 82 
  Facilities: 35
 0 : 24 33 46 72 88 93 96 101 107 129 162
 33 : 27 37 56 62 98 112 151 177 179 194 222
 37 : 1 29 52 60 61 65 78 81 124 185 216
 40 : 0 40 192 236
 43 : 82 115 199 231
 54 : 8 44 48 49 80 100 128 140 157 163 164 170 173 184 204 205
 57 : 5 19 152 198 230
 62 : 17 126 127 134 135 186 220 228 239
 76 : 11 14 21 39 42 73 119 142 211 246
 82 : 55 87 95 156 193 208 229 234 241 249
 84 : 25 166 188 219
 90 : 13 26 71 105 143 154 178 207 232
 97 : 23 38 97 145 240
 107 : 36 91 121 168 174 243
 112 : 32 102 148 202
 120 : 3 53 69 74 90 132 158 227 242
 121 : 94 116 123 147 214
 126 : 22 79 85 86 111 113 136 138 181 182 218
 129 : 141 171 175 196
 161 : 18 57 84 89 238 245
 164 : 10 47 76 226 237
 168 : 4 92 104 109 144 176
 170 : 6 31 34 159 247
 187 : 2 122 139 197
 191 : 45 103 130 153 165 213 235 244
 202 : 9 20 77 99 106 150 221 224
 210 : 54 149 172 187 200
 216 : 16 70 108 131 155 189 201 212 248
 218 : 12 64 67 137 146
 224 : 43 63 68 110 160 180 190 215
 229 : 51 59 118 120 161 233
 239 : 15 35 75 83 125 167 206 225
 242 : 28 114 117 133 183 195 209 210 217
 245 : 66
 249 : 7 30 41 50 58 169 191 203 223
SOLUTION:
  Value: -260584.000000
  Assigns: 203 87 223 191 75 101 182 49 54 104 87 182 134 104 102 191 130 3 46 75 101 15 7 70 114 101 49 165 180 49 87 140 3 15 114 104 23 182 203 23 223 3 102 248 113 191 46 180 15 118 208 102 75 248 130 38 104 208 15 118 70 18 184 223 115 19 54 223 3 156 175 223 134 19 140 184 87 202 140 102 72 113 113 182 140 140 130 3 140 15 38 92 113 186 75 3 180 203 87 226 54 70 102 191 223 182 186 180 130 182 156 184 101 202 115 203 114 184 68 3 38 102 248 3 71 23 184 156 54 92 191 113 202 102 203 102 71 175 46 38 180 68 140 182 115 226 38 101 46 70 226 68 102 191 38 92 115 54 130 38 102 7 7 49 54 191 49 191 70 118 104 186 87 203 18 38 165 70 156 114 115 7 223 140 54 182 38 23 156 72 186 175 165 203 104 102 134 18 248 175 71 182 156 71 54 54 130 115 46 248 182 72 92 191 70 46 176 75 208 71 186 202 15 118 75 54 176 49 175 7 54 101 118 115 115 115 115 134 38 104 92 75 54 114 104 38 113 176 176 38 
  Facilities: 42
 3 : 17 32 41 68 87 95 119 123
 7 : 22 161 162 181 229
 15 : 21 33 48 58 89 222
 18 : 61 174 197
 19 : 65 73
 23 : 36 39 125 187
 38 : 55 90 120 139 146 154 159 175 186 238 245 249
 46 : 18 46 138 148 208 215
 49 : 7 26 29 163 166 227
 54 : 8 66 100 128 157 164 184 204 205 225 230 242
 68 : 118 141 151
 70 : 23 60 101 149 168 177 214
 71 : 124 136 200 203 219
 72 : 80 189 211
 75 : 4 19 52 94 217 224 241
 87 : 1 10 30 76 98 172
 92 : 91 129 155 212 240
 101 : 5 20 25 112 147 231
 102 : 14 42 51 79 102 121 133 135 152 160 195
 104 : 9 13 35 56 170 194 239 244
 113 : 44 81 82 92 131 246
 114 : 24 34 116 179 243
 115 : 64 114 144 156 180 207 233 234 235 236
 118 : 49 59 169 223 232
 130 : 16 54 86 108 158 206
 134 : 12 72 196 237
 140 : 31 74 78 84 85 88 142 183
 156 : 69 110 127 178 188 202
 165 : 27 176 192
 175 : 70 137 191 199 228
 176 : 216 226 247 248
 180 : 28 47 96 107 140
 182 : 6 11 37 83 105 109 143 185 201 210
 184 : 62 75 111 117 126
 186 : 93 106 171 190 220
 191 : 3 15 45 103 130 153 165 167 213
 202 : 77 113 132 221
 203 : 0 38 97 115 134 173 193
 208 : 50 57 218
 223 : 2 40 63 67 71 104 182
 226 : 99 145 150
 248 : 43 53 122 198 209
SOLUTION:
  Value: -260585.000000
  Assigns: 203 87 223 191 75 101 182 49 54 104 87 182 134 104 102 191 130 248 46 75 101 15 7 70 114 101 49 165 180 49 87 140 186 15 114 104 23 182 203 23 223 47 102 248 113 191 47 180 15 118 208 102 75 248 130 38 104 208 15 118 70 18 184 223 115 19 54 223 70 156 175 223 47 19 140 184 87 202 140 102 72 113 113 182 140 140 130 115 140 47 38 92 113 186 75 71 180 203 87 226 54 70 102 191 223 47 186 180 130 182 156 47 101 202 115 203 114 184 68 156 38 102 248 47 71 23 184 156 54 92 191 113 202 102 203 102 71 175 46 38 180 68 140 182 115 226 38 101 46 70 226 68 102 191 38 92 115 54 130 38 102 7 7 49 54 191 49 191 70 118 104 186 87 203 18 38 165 70 156 114 115 7 223 140 54 182 38 23 156 72 186 175 165 203 104 102 134 18 248 175 71 182 156 71 54 54 130 115 46 248 182 72 92 191 70 46 176 75 208 71 186 202 15 118 75 54 176 49 175 7 54 101 118 115 115 115 115 134 38 104 92 75 54 114 104 38 113 47 176 38 
  Facilities: 42
 7 : 22 161 162 181 229
 15 : 21 33 48 58 222
 18 : 61 174 197
 19 : 65 73
 23 : 36 39 125 187
 38 : 55 90 120 139 146 154 159 175 186 238 245 249
 46 : 18 138 148 208 215
 47 : 41 46 72 89 105 111 123 247
 49 : 7 26 29 163 166 227
 54 : 8 66 100 128 157 164 184 204 205 225 230 242
 68 : 118 141 151
 70 : 23 60 68 101 149 168 177 214
 71 : 95 124 136 200 203 219
 72 : 80 189 211
 75 : 4 19 52 94 217 224 241
 87 : 1 10 30 76 98 172
 92 : 91 129 155 212 240
 101 : 5 20 25 112 147 231
 102 : 14 42 51 79 102 121 133 135 152 160 195
 104 : 9 13 35 56 170 194 239 244
 113 : 44 81 82 92 131 246
 114 : 24 34 116 179 243
 115 : 64 87 114 144 156 180 207 233 234 235 236
 118 : 49 59 169 223 232
 130 : 16 54 86 108 158 206
 134 : 12 196 237
 140 : 31 74 78 84 85 88 142 183
 156 : 69 110 119 127 178 188 202
 165 : 27 176 192
 175 : 70 137 191 199 228
 176 : 216 226 248
 180 : 28 47 96 107 140
 182 : 6 11 37 83 109 143 185 201 210
 184 : 62 75 117 126
 186 : 32 93 106 171 190 220
 191 : 3 15 45 103 130 153 165 167 213
 202 : 77 113 132 221
 203 : 0 38 97 115 134 173 193
 208 : 50 57 218
 223 : 2 40 63 67 71 104 182
 226 : 99 145 150
 248 : 17 43 53 122 198 209
SOLUTION:
  Value: -260637.000000
  Assigns: 203 87 223 191 75 101 182 49 54 104 87 182 134 104 102 191 130 248 49 75 101 15 7 70 114 101 49 165 180 49 87 140 186 15 114 104 23 182 203 23 223 99 102 248 113 191 184 180 15 118 208 102 75 248 130 38 104 208 15 118 70 18 184 223 115 19 54 223 70 156 175 223 134 19 140 99 87 202 140 102 72 113 113 182 140 140 130 115 140 15 38 92 113 186 75 99 180 203 87 226 54 70 102 191 223 182 186 180 130 182 156 99 101 202 99 203 114 184 68 156 38 102 248 248 71 23 184 156 54 92 191 113 202 102 203 102 71 175 175 38 180 68 140 182 115 226 38 101 184 70 226 68 102 191 38 92 115 54 130 38 102 7 7 49 54 191 49 191 70 118 104 186 87 203 18 38 165 70 156 114 115 7 223 140 54 182 38 23 156 72 186 99 165 203 104 102 134 18 248 175 71 182 156 71 54 54 130 115 114 248 182 72 92 191 70 7 176 75 208 71 186 202 15 118 75 54 176 49 175 7 54 101 118 115 115 115 115 134 38 104 92 75 54 114 104 38 113 176 176 38 
  Facilities: 41
 7 : 22 161 162 181 215 229
 15 : 21 33 48 58 89 222
 18 : 61 174 197
 19 : 65 73
 23 : 36 39 125 187
 38 : 55 90 120 139 146 154 159 175 186 238 245 249
 49 : 7 18 26 29 163 166 227
 54 : 8 66 100 128 157 164 184 204 205 225 230 242
 68 : 118 141 151
 70 : 23 60 68 101 149 168 177 214
 71 : 124 136 200 203 219
 72 : 80 189 211
 75 : 4 19 52 94 217 224 241
 87 : 1 10 30 76 98 172
 92 : 91 129 155 212 240
 99 : 41 75 95 111 114 191
 101 : 5 20 25 112 147 231
 102 : 14 42 51 79 102 121 133 135 152 160 195
 104 : 9 13 35 56 170 194 239 244
 113 : 44 81 82 92 131 246
 114 : 24 34 116 179 208 243
 115 : 64 87 144 156 180 207 233 234 235 236
 118 : 49 59 169 223 232
 130 : 16 54 86 108 158 206
 134 : 12 72 196 237
 140 : 31 74 78 84 85 88 142 183
 156 : 69 110 119 127 178 188 202
 165 : 27 176 192
 175 : 70 137 138 199 228
 176 : 216 226 247 248
 180 : 28 47 96 107 140
 182 : 6 11 37 83 105 109 143 185 201 210
 184 : 46 62 117 126 148
 186 : 32 93 106 171 190 220
 191 : 3 15 45 103 130 153 165 167 213
 202 : 77 113 132 221
 203 : 0 38 97 115 134 173 193
 208 : 50 57 218
 223 : 2 40 63 67 71 104 182
 226 : 99 145 150
 248 : 17 43 53 122 123 198 209
SOLUTION:
  Value: -260657.000000
  Assigns: 203 87 223 191 232 101 182 49 54 104 87 182 134 104 102 191 130 248 46 75 101 15 7 70 114 101 49 165 180 49 87 140 186 15 114 104 23 232 203 232 223 182 102 248 113 191 46 180 15 118 208 102 75 248 130 38 104 208 15 118 70 18 184 223 115 19 54 223 70 156 175 223 134 19 140 184 87 202 140 102 72 113 113 182 140 140 130 115 140 15 38 92 113 186 75 71 180 203 87 226 54 70 102 191 223 182 186 180 130 182 156 184 101 202 115 203 114 184 68 156 38 102 248 248 71 23 184 156 54 232 191 113 202 102 203 102 71 175 46 38 180 68 140 182 115 226 38 101 46 70 226 68 232 191 38 92 115 54 130 38 102 7 7 49 54 191 49 191 70 232 104 186 87 203 18 38 165 70 156 114 115 7 223 140 54 182 38 23 156 72 186 175 165 203 104 102 134 18 248 175 71 182 156 71 54 54 130 115 46 248 182 72 92 191 70 46 176 75 208 71 186 202 15 118 75 54 176 49 175 7 54 101 118 115 115 232 115 134 232 104 92 75 54 114 104 38 113 176 176 38 
  Facilities: 42
 7 : 22 161 162 181 229
 15 : 21 33 48 58 89 222
 18 : 61 174 197
 19 : 65 73
 23 : 36 125 187
 38 : 55 90 120 139 146 154 159 175 186 245 249
 46 : 18 46 138 148 208 215
 49 : 7 26 29 163 166 227
 54 : 8 66 100 128 157 164 184 204 205 225 230 242
 68 : 118 141 151
 70 : 23 60 68 101 149 168 177 214
 71 : 95 124 136 200 203 219
 72 : 80 189 211
 75 : 19 52 94 217 224 241
 87 : 1 10 30 76 98 172
 92 : 91 155 212 240
 101 : 5 20 25 112 147 231
 102 : 14 42 51 79 102 121 133 135 160 195
 104 : 9 13 35 56 170 194 239 244
 113 : 44 81 82 92 131 246
 114 : 24 34 116 179 243
 115 : 64 87 114 144 156 180 207 233 234 236
 118 : 49 59 223 232
 130 : 16 54 86 108 158 206
 134 : 12 72 196 237
 140 : 31 74 78 84 85 88 142 183
 156 : 69 110 119 127 178 188 202
 165 : 27 176 192
 175 : 70 137 191 199 228
 176 : 216 226 247 248
 180 : 28 47 96 107 140
 182 : 6 11 41 83 105 109 143 185 201 210
 184 : 62 75 111 117 126
 186 : 32 93 106 171 190 220
 191 : 3 15 45 103 130 153 165 167 213
 202 : 77 113 132 221
 203 : 0 38 97 115 134 173 193
 208 : 50 57 218
 223 : 2 40 63 67 71 104 182
 226 : 99 145 150
 232 : 4 37 39 129 152 169 235 238
 248 : 17 43 53 122 123 198 209
SOLUTION:
  Value: -260671.000000
  Assigns: 203 87 223 191 75 101 182 49 54 104 87 182 134 104 102 191 130 248 46 75 101 15 7 70 114 101 49 165 180 49 87 140 186 15 114 104 23 182 203 23 223 182 102 248 113 191 46 180 15 118 208 102 75 248 130 38 104 208 15 118 70 18 184 223 115 19 54 223 70 156 175 223 134 19 140 184 87 202 140 102 72 113 113 182 140 140 130 115 140 15 38 92 113 186 75 71 180 203 87 226 54 70 102 191 223 182 186 180 130 182 156 184 101 202 115 203 114 184 68 156 38 102 248 248 71 23 184 156 54 92 191 113 202 102 203 102 71 175 46 38 180 68 140 182 115 226 38 101 46 70 226 68 102 191 38 92 115 54 130 38 102 7 7 49 54 191 49 191 70 118 104 186 87 203 18 38 165 70 156 114 115 7 223 140 54 182 38 23 156 72 186 175 165 203 104 102 134 18 248 175 71 182 156 71 54 54 130 115 46 248 182 72 92 191 70 46 176 75 208 71 186 202 15 118 75 54 176 49 175 7 54 101 118 115 115 115 115 134 38 104 92 75 54 114 104 38 113 176 176 38 
  Facilities: 41
 7 : 22 161 162 181 229
 15 : 21 33 48 58 89 222
 18 : 61 174 197
 19 : 65 73
 23 : 36 39 125 187
 38 : 55 90 120 139 146 154 159 175 186 238 245 249
 46 : 18 46 138 148 208 215
 49 : 7 26 29 163 166 227
 54 : 8 66 100 128 157 164 184 204 205 225 230 242
 68 : 118 141 151
 70 : 23 60 68 101 149 168 177 214
 71 : 95 124 136 200 203 219
 72 : 80 189 211
 75 : 4 19 52 94 217 224 241
 87 : 1 10 30 76 98 172
 92 : 91 129 155 212 240
 101 : 5 20 25 112 147 231
 102 : 14 42 51 79 102 121 133 135 152 160 195
 104 : 9 13 35 56 170 194 239 244
 113 : 44 81 82 92 131 246
 114 : 24 34 116 179 243
 115 : 64 87 114 144 156 180 207 233 234 235 236
 118 : 49 59 169 223 232
 130 : 16 54 86 108 158 206
 134 : 12 72 196 237
 140 : 31 74 78 84 85 88 142 183
 156 : 69 110 119 127 178 188 202
 165 : 27 176 192
 175 : 70 137 191 199 228
 176 : 216 226 247 248
 180 : 28 47 96 107 140
 182 : 6 11 37 41 83 105 109 143 185 201 210
 184 : 62 75 111 117 126
 186 : 32 93 106 171 190 220
 191 : 3 15 45 103 130 153 165 167 213
 202 : 77 113 132 221
 203 : 0 38 97 115 134 173 193
 208 : 50 57 218
 223 : 2 40 63 67 71 104 182
 226 : 99 145 150
 248 : 17 43 53 122 123 198 209
SOLUTION:
  Value: -260690.000000
  Assigns: 173 135 140 191 193 210 45 238 54 99 78 99 220 78 78 247 62 62 105 247 17 127 105 97 0 144 172 54 127 100 241 140 112 0 193 94 107 115 97 210 78 99 88 97 105 191 0 210 54 17 45 191 144 100 210 241 188 112 210 54 52 52 62 97 127 115 54 88 138 78 220 52 0 220 140 27 0 172 105 127 94 144 27 238 88 140 247 115 140 105 45 92 238 0 188 99 247 78 45 99 241 0 172 79 52 173 62 0 52 27 247 99 100 27 99 191 172 17 138 227 105 238 99 220 144 105 88 17 54 92 191 54 100 78 62 62 172 135 45 105 54 188 17 173 138 97 107 127 112 135 45 210 173 238 52 92 115 247 115 220 188 7 173 127 227 191 100 191 7 173 127 173 210 27 105 45 0 17 105 238 79 7 79 140 54 107 62 210 54 247 173 99 78 79 220 115 17 188 227 210 94 138 112 193 54 54 88 115 188 52 144 210 92 191 105 45 238 78 241 94 100 241 238 135 92 188 220 173 62 138 54 45 238 220 115 115 115 94 88 79 97 144 54 107 227 17 140 115 17 127 
  Facilities: 36
 0 : 24 33 46 72 76 93 101 107 176
 7 : 161 168 181
 17 : 20 49 117 127 142 177 196 245 248
 27 : 75 82 109 113 173
 45 : 6 50 90 98 138 150 175 215 231
 52 : 60 61 71 104 108 154 209
 54 : 8 27 48 59 66 128 131 140 184 188 204 205 230 242
 62 : 16 17 62 106 134 135 186 228
 78 : 10 13 14 40 69 97 133 192 217
 79 : 103 180 182 193 239
 88 : 42 67 84 126 206 238
 92 : 91 129 155 212 224
 94 : 35 80 200 219 237
 97 : 23 38 43 63 145 240
 99 : 9 11 41 95 99 111 114 122 191
 100 : 29 53 112 132 166 220
 105 : 18 22 44 78 89 120 125 139 174 178 214
 107 : 36 146 185 243
 112 : 32 57 148 202
 115 : 37 65 87 156 158 195 207 234 235 236 247
 127 : 21 28 64 79 147 163 170 249
 135 : 1 137 149 223
 138 : 68 118 144 201 229
 140 : 2 31 74 85 88 183 246
 144 : 25 52 81 124 210 241
 172 : 26 77 102 116 136
 173 : 0 105 143 152 162 169 171 190 227
 188 : 56 94 141 160 197 208 225
 191 : 3 45 51 115 130 165 167 213
 193 : 4 34 203
 210 : 5 39 47 54 58 151 172 187 199 211
 220 : 12 70 73 123 159 194 226 233
 227 : 119 164 198 244
 238 : 7 83 92 121 153 179 216 222 232
 241 : 30 55 100 218 221
 247 : 15 19 86 96 110 157 189
SOLUTION:
  Value: -260707.000000
  Assigns: 203 135 47 191 193 210 45 249 54 99 94 99 220 203 203 247 62 62 46 247 17 79 7 97 0 144 172 54 4 100 249 100 112 0 193 94 107 115 203 210 207 99 88 97 54 191 119 46 54 17 249 249 144 100 210 241 167 112 249 54 203 0 62 97 115 8 54 88 207 88 167 46 0 220 4 27 0 172 172 241 4 167 27 99 88 17 247 115 0 47 45 92 16 0 207 99 247 203 167 99 241 0 172 79 79 47 62 0 210 27 4 99 100 27 99 203 172 17 97 4 193 107 99 220 144 16 88 17 54 92 191 54 100 227 62 62 249 135 45 112 54 207 17 249 115 97 107 249 112 135 8 210 8 191 119 92 115 247 115 220 94 7 27 54 227 191 100 191 7 249 47 4 210 27 107 45 0 167 249 115 79 7 79 88 16 107 62 210 54 249 62 99 167 203 220 115 17 46 227 210 94 144 112 193 54 54 46 115 46 247 144 210 92 191 241 45 16 203 241 94 8 241 249 135 92 4 16 16 62 172 54 45 16 220 115 115 115 94 88 79 97 4 54 107 227 17 167 47 17 100 
  Facilities: 37
 0 : 24 33 61 72 76 88 93 101 107 176
 4 : 28 74 80 110 119 171 225 241
 7 : 22 161 168 181
 8 : 65 150 152 220
 16 : 92 125 184 216 226 227 232
 17 : 20 49 85 117 127 142 196 245 248
 27 : 75 82 109 113 162 173
 45 : 6 90 138 175 215 231
 46 : 18 47 71 197 206 208
 47 : 2 89 105 170 247
 54 : 8 27 44 48 59 66 128 131 140 163 188 204 205 230 242
 62 : 16 17 62 106 134 135 186 190 228
 79 : 21 103 104 180 182 239
 88 : 42 67 69 84 126 183 238
 92 : 91 129 155 212 224
 94 : 10 35 160 200 219 237
 97 : 23 43 63 118 145 240
 99 : 9 11 41 83 95 99 111 114 122 191
 100 : 29 31 53 112 132 166 249
 107 : 36 121 146 174 185 243
 112 : 32 57 139 148 202
 115 : 37 64 87 144 156 158 179 195 207 234 235 236
 119 : 46 154
 135 : 1 137 149 223
 144 : 25 52 124 201 210
 167 : 56 70 81 98 177 192 246
 172 : 26 77 78 102 116 229
 191 : 3 45 130 153 165 167 213
 193 : 4 34 120 203
 203 : 0 13 14 38 60 97 115 193 217
 207 : 40 68 94 141
 210 : 5 39 54 108 151 172 187 199 211
 220 : 12 73 123 159 194 233
 227 : 133 164 198 244
 241 : 55 79 100 214 218 221
 247 : 15 19 86 96 157 209
 249 : 7 30 50 51 58 136 143 147 169 178 189 222
