# Time: 333.440002
# Elapsed: 90.214882
# Input_file: pmedian/pmed/pmed11.txt
# Pool_size: 400
# Iterations: 5
# Final_solutions: 1900
# Vision_range: 600
# Reduction_mode: REDUCTION_DISPERSE
# Dissimilitude: DISSIM_MSE
# Facility_dist: FDISMODE_MINDIST
SOLUTION:
  Value: -7714.000000
  Assigns: 97 97 13 23 166 97 97 97 166 23 97 13 23 13 97 166 13 166 166 97 13 13 97 23 97 13 13 13 23 30 30 166 97 97 166 13 13 13 13 97 13 166 97 97 23 30 97 30 30 97 13 13 13 13 166 166 23 13 13 30 23 23 13 97 97 13 97 97 166 30 30 30 23 23 97 97 13 13 166 166 97 97 97 97 13 13 30 13 13 97 166 97 97 30 97 97 23 97 97 13 13 13 166 30 30 97 23 166 166 166 23 97 97 13 97 23 97 97 97 13 166 166 166 97 23 13 13 166 97 166 97 13 166 97 13 97 97 30 13 166 97 97 13 97 23 13 13 166 166 97 23 13 13 13 23 13 166 166 97 13 97 97 13 13 13 97 166 97 97 97 23 13 97 166 97 23 97 23 23 13 13 13 23 166 97 30 97 97 97 97 30 166 166 166 13 97 97 23 166 97 13 23 166 30 97 30 97 166 30 30 97 97 97 30 97 13 97 97 23 23 97 97 97 97 23 97 97 97 30 13 13 23 30 13 13 30 13 13 97 13 23 97 97 30 30 97 30 30 166 23 23 97 97 23 23 30 30 13 23 13 97 30 13 23 13 97 97 97 23 13 13 13 13 30 23 23 97 13 13 13 166 30 97 30 166 166 13 97 166 13 13 97 97 13 13 166 13 166 23 97 
  Facilities: 5
 13 : 2 11 13 16 20 21 25 26 27 35 36 37 38 40 50 51 52 53 57 58 62 65 76 77 84 85 87 88 99 100 101 113 119 125 126 131 134 138 142 145 146 151 152 153 155 159 162 163 164 171 179 180 181 194 200 215 229 230 233 234 236 237 239 257 259 262 264 269 270 271 272 277 278 279 286 289 290 293 294 296
 23 : 3 9 12 23 28 44 56 60 61 72 73 96 106 110 115 124 144 150 154 170 175 177 178 182 197 201 218 219 224 231 240 249 250 253 254 258 263 268 274 275 298
 30 : 29 30 45 47 48 59 69 70 71 86 93 103 104 137 185 190 203 205 208 209 213 228 232 235 243 244 246 247 255 256 261 273 281 283
 97 : 0 1 5 6 7 10 14 19 22 24 32 33 39 42 43 46 49 63 64 66 67 74 75 80 81 82 83 89 91 92 94 95 97 98 105 111 112 114 116 117 118 123 128 130 133 135 136 140 141 143 149 158 160 161 165 167 168 169 172 174 176 184 186 187 188 189 195 196 199 204 206 210 211 212 214 216 217 220 221 222 223 225 226 227 238 241 242 245 251 252 260 265 266 267 276 282 287 291 292 299
 166 : 4 8 15 17 18 31 34 41 54 55 68 78 79 90 102 107 108 109 120 121 122 127 129 132 139 147 148 156 157 166 173 183 191 192 193 198 202 207 248 280 284 285 288 295 297
SOLUTION:
  Value: -8091.000000
  Assigns: 97 97 13 23 166 97 97 97 166 23 97 13 23 13 97 166 13 166 166 97 13 13 97 23 97 13 13 13 23 97 13 166 97 97 166 13 13 13 13 97 13 166 97 97 23 97 97 13 166 97 13 13 13 13 166 166 23 13 13 13 23 23 13 97 97 13 97 97 166 13 13 13 23 23 97 97 13 13 166 166 97 97 97 97 13 13 13 13 13 97 166 97 97 166 97 97 23 97 97 13 13 13 166 97 97 97 23 166 166 166 23 97 97 13 97 23 97 97 97 13 166 166 166 97 23 13 13 166 97 166 97 13 166 97 13 97 97 13 13 166 97 97 13 97 23 13 13 166 166 97 23 13 13 13 23 13 166 166 97 13 97 97 13 13 13 97 166 97 97 97 23 13 97 166 97 23 97 23 23 13 13 13 23 166 97 13 97 97 97 97 13 166 166 166 13 97 97 23 166 97 13 23 166 13 97 13 97 166 13 23 97 97 97 97 97 13 97 97 23 23 97 97 97 97 23 97 97 97 13 13 13 23 166 13 13 97 13 13 97 13 23 97 97 97 97 97 97 97 166 23 23 97 97 23 23 97 13 13 23 13 97 97 13 23 13 97 97 97 23 13 13 13 13 166 23 23 97 13 13 13 166 13 97 13 166 166 13 97 166 13 13 97 97 13 13 166 13 166 23 97 
  Facilities: 4
 13 : 2 11 13 16 20 21 25 26 27 30 35 36 37 38 40 47 50 51 52 53 57 58 59 62 65 69 70 71 76 77 84 85 86 87 88 99 100 101 113 119 125 126 131 134 137 138 142 145 146 151 152 153 155 159 162 163 164 171 179 180 181 185 190 194 200 203 205 208 215 228 229 230 233 234 236 237 239 256 257 259 262 264 269 270 271 272 277 278 279 281 283 286 289 290 293 294 296
 23 : 3 9 12 23 28 44 56 60 61 72 73 96 106 110 115 124 144 150 154 170 175 177 178 182 197 201 209 218 219 224 231 240 249 250 253 254 258 263 268 274 275 298
 97 : 0 1 5 6 7 10 14 19 22 24 29 32 33 39 42 43 45 46 49 63 64 66 67 74 75 80 81 82 83 89 91 92 94 95 97 98 103 104 105 111 112 114 116 117 118 123 128 130 133 135 136 140 141 143 149 158 160 161 165 167 168 169 172 174 176 184 186 187 188 189 195 196 199 204 206 210 211 212 213 214 216 217 220 221 222 223 225 226 227 235 238 241 242 243 244 245 246 247 251 252 255 260 261 265 266 267 276 282 287 291 292 299
 166 : 4 8 15 17 18 31 34 41 48 54 55 68 78 79 90 93 102 107 108 109 120 121 122 127 129 132 139 147 148 156 157 166 173 183 191 192 193 198 202 207 232 248 273 280 284 285 288 295 297
SOLUTION:
  Value: -8468.000000
  Assigns: 97 97 200 97 200 97 7 7 200 97 97 200 200 200 97 97 200 97 97 97 200 200 97 200 97 200 200 200 97 107 107 107 97 107 200 200 111 200 200 97 200 97 97 97 200 107 97 200 97 97 200 200 200 200 97 97 97 200 200 107 97 97 200 97 97 200 97 97 97 7 7 7 97 200 97 111 111 200 97 97 97 97 97 97 200 200 200 200 200 97 97 97 97 97 97 97 97 97 97 200 200 107 97 111 111 97 200 107 107 107 97 111 97 200 97 97 97 97 97 200 200 200 97 111 107 111 200 107 97 97 97 200 97 97 107 97 97 200 200 97 200 200 200 97 200 200 200 107 200 97 111 200 200 200 200 200 107 107 200 200 7 7 200 107 111 111 97 97 97 97 97 200 97 107 97 97 97 97 97 200 200 200 200 200 97 107 111 7 97 97 200 200 97 97 200 97 107 200 200 97 200 200 200 107 97 111 97 200 200 200 97 97 200 97 97 200 97 97 200 200 97 97 200 97 200 97 97 97 97 200 200 97 97 200 200 97 200 200 107 200 200 97 97 111 111 97 7 111 200 200 200 111 111 200 111 97 200 200 200 200 111 97 200 97 200 97 97 7 107 200 107 200 200 107 111 111 97 200 200 200 97 200 97 200 97 97 200 97 97 200 200 97 97 97 97 111 200 97 200 97 
  Facilities: 5
 7 : 6 7 69 70 71 160 161 187 246 267
 97 : 0 1 3 5 9 10 14 15 17 18 19 22 24 28 32 39 41 42 43 46 48 49 54 55 56 60 61 63 64 66 67 68 72 74 78 79 80 81 82 83 89 90 91 92 93 94 95 96 97 98 102 105 110 112 114 115 116 117 118 122 128 129 130 132 133 135 136 139 143 149 166 167 168 169 170 172 174 175 176 177 178 184 188 189 192 193 195 199 204 206 210 211 213 214 216 217 220 221 223 225 226 227 228 231 232 235 241 242 245 255 261 263 265 266 276 280 282 284 285 287 288 291 292 293 294 297 299
 107 : 29 30 31 33 45 59 101 107 108 109 124 127 134 147 156 157 163 173 185 196 203 238 268 270 273
 111 : 36 75 76 103 104 111 123 125 150 164 165 186 205 243 244 247 251 252 254 260 274 275 295
 200 : 2 4 8 11 12 13 16 20 21 23 25 26 27 34 35 37 38 40 44 47 50 51 52 53 57 58 62 65 73 77 84 85 86 87 88 99 100 106 113 119 120 121 126 131 137 138 140 141 142 144 145 146 148 151 152 153 154 155 158 159 162 171 179 180 181 182 183 190 191 194 197 198 200 201 202 207 208 209 212 215 218 219 222 224 229 230 233 234 236 237 239 240 248 249 250 253 256 257 258 259 262 264 269 271 272 277 278 279 281 283 286 289 290 296 298
SOLUTION:
  Value: -8504.000000
  Assigns: 97 97 200 97 200 97 200 217 200 217 97 200 201 200 97 97 201 97 97 97 200 200 217 201 97 200 200 200 97 97 97 200 217 97 200 200 200 200 200 97 200 217 217 97 200 97 97 200 97 97 200 200 200 200 97 217 97 200 200 200 97 97 200 97 97 200 97 97 217 200 200 200 217 201 217 217 217 200 97 97 97 97 97 97 200 200 200 200 200 97 97 97 97 97 97 97 97 97 97 200 200 200 97 97 97 97 201 97 97 97 217 97 97 200 217 97 97 97 97 200 200 200 217 97 200 200 200 97 97 97 97 200 97 97 200 97 97 200 200 97 217 200 200 97 200 200 200 200 200 97 201 200 200 200 201 200 97 201 200 200 217 217 200 200 200 97 97 97 97 97 97 200 97 97 97 97 97 217 217 200 200 200 201 217 97 97 97 217 217 217 200 200 97 97 200 217 97 201 200 97 200 201 200 97 97 97 97 200 200 217 217 217 217 97 97 200 97 217 201 201 97 97 200 97 201 97 97 97 97 200 200 217 97 200 200 97 200 200 97 200 200 97 97 97 97 97 217 97 200 201 201 217 217 201 201 97 256 200 201 200 200 97 200 97 200 97 97 217 201 200 200 200 200 200 217 217 97 200 200 200 217 200 97 200 97 97 200 217 97 217 200 97 97 97 97 97 200 217 200 97 
  Facilities: 5
 97 : 0 1 3 5 10 14 15 17 18 19 24 28 29 30 33 39 43 45 46 48 49 54 56 60 61 63 64 66 67 78 79 80 81 82 83 89 90 91 92 93 94 95 96 97 98 102 103 104 105 107 108 109 111 112 115 116 117 118 123 127 128 129 130 132 133 135 136 139 143 149 156 165 166 167 168 169 170 172 173 174 175 176 184 185 186 192 193 196 199 203 204 205 206 213 214 216 220 221 223 225 226 227 228 232 235 238 241 242 243 244 245 247 255 261 263 265 266 276 282 284 285 288 291 292 293 294 295 299
 200 : 2 4 6 8 11 13 20 21 25 26 27 31 34 35 36 37 38 40 44 47 50 51 52 53 57 58 59 62 65 69 70 71 77 84 85 86 87 88 99 100 101 113 119 120 121 124 125 126 131 134 137 138 141 142 144 145 146 147 148 151 152 153 155 158 159 162 163 164 171 179 180 181 190 191 194 198 200 202 207 208 215 222 229 230 233 234 236 237 239 240 248 257 259 260 262 264 269 270 271 272 273 277 278 279 281 283 286 290 296 298
 201 : 12 16 23 73 106 150 154 157 182 197 201 218 219 224 249 250 253 254 258 268
 217 : 7 9 22 32 41 42 55 68 72 74 75 76 110 114 122 140 160 161 177 178 183 187 188 189 195 209 210 211 212 217 231 246 251 252 267 274 275 280 287 289 297
 256 : 256
SOLUTION:
  Value: -8529.000000
  Assigns: 97 97 200 97 8 97 200 97 8 97 97 200 200 200 97 97 200 97 97 97 8 200 97 200 97 200 200 200 97 48 48 200 97 97 200 200 125 200 200 8 200 125 125 97 200 48 97 200 48 97 200 200 200 200 97 97 97 200 200 200 97 125 200 97 97 200 97 97 8 200 200 200 97 200 97 8 125 200 97 97 97 97 97 97 200 200 200 200 200 97 97 97 97 48 97 97 97 97 97 200 200 200 97 125 125 125 200 97 97 97 97 97 97 200 97 97 97 97 97 200 200 200 8 97 200 125 125 97 97 97 97 200 97 97 200 97 97 8 200 97 200 200 200 97 48 200 200 200 200 97 8 8 200 200 200 200 97 97 200 8 97 97 200 200 125 97 97 97 97 48 97 200 97 97 97 97 97 97 97 200 200 200 200 200 8 48 97 97 97 97 200 200 97 97 200 97 97 200 200 97 200 200 200 48 97 48 97 200 200 200 97 97 200 97 97 200 97 97 200 200 97 97 200 97 200 97 97 97 48 200 200 97 48 200 200 97 200 200 97 200 200 97 97 125 125 97 125 125 200 200 200 125 125 200 200 97 200 200 200 8 8 97 200 97 200 97 97 200 200 200 200 200 200 200 125 125 97 200 200 200 97 200 97 200 97 97 200 97 97 125 200 97 97 97 97 97 200 97 200 97 
  Facilities: 5
 8 : 4 8 20 39 68 75 122 137 150 151 159 184 259 260
 48 : 29 30 45 48 93 144 169 185 203 205 228 232
 97 : 0 1 3 5 7 9 10 14 15 17 18 19 22 24 28 32 33 43 46 49 54 55 56 60 63 64 66 67 72 74 78 79 80 81 82 83 89 90 91 92 94 95 96 97 98 102 107 108 109 110 111 112 114 115 116 117 118 123 127 128 129 130 132 133 135 136 139 143 149 156 157 160 161 165 166 167 168 170 172 173 174 175 176 177 178 186 187 188 189 192 193 195 196 199 204 206 210 211 213 214 216 217 220 221 223 225 226 227 231 235 238 241 242 245 255 261 263 265 266 276 280 282 284 285 287 288 291 292 293 294 295 297 299
 125 : 36 41 42 61 76 103 104 105 125 126 164 243 244 246 247 251 252 274 275 289
 200 : 2 6 11 12 13 16 21 23 25 26 27 31 34 35 37 38 40 44 47 50 51 52 53 57 58 59 62 65 69 70 71 73 77 84 85 86 87 88 99 100 101 106 113 119 120 121 124 131 134 138 140 141 142 145 146 147 148 152 153 154 155 158 162 163 171 179 180 181 182 183 190 191 194 197 198 200 201 202 207 208 209 212 215 218 219 222 224 229 230 233 234 236 237 239 240 248 249 250 253 254 256 257 258 262 264 267 268 269 270 271 272 273 277 278 279 281 283 286 290 296 298
SOLUTION:
  Value: -8544.000000
  Assigns: 67 67 200 3 3 67 200 67 3 67 67 200 3 200 67 67 67 67 67 67 200 200 67 3 25 25 200 200 3 67 67 200 67 67 200 200 200 200 200 67 200 67 67 67 200 67 67 200 67 67 200 200 200 200 67 67 3 3 200 200 3 3 200 67 67 200 67 67 3 3 3 200 67 3 67 141 141 200 67 67 67 67 67 67 3 200 200 67 67 67 67 67 67 67 67 67 67 67 67 200 200 200 67 67 67 3 3 3 3 3 3 67 67 200 67 3 67 67 67 200 200 200 67 67 3 200 3 3 67 67 67 200 67 67 200 67 67 200 200 67 200 141 200 67 3 200 200 200 200 67 3 200 200 200 3 200 3 67 67 67 67 67 67 67 200 67 67 67 67 67 3 200 67 3 67 3 67 3 3 200 200 200 3 200 67 67 67 67 67 67 200 200 67 67 200 67 67 3 200 67 200 3 200 67 67 67 67 200 200 200 67 67 200 25 67 200 67 67 3 3 67 67 67 67 3 67 67 67 67 200 200 67 67 200 200 67 200 200 67 200 200 67 67 67 67 67 67 67 200 3 3 141 141 3 3 67 67 200 3 200 200 67 200 3 200 67 3 200 3 200 200 200 200 200 141 141 67 200 200 200 67 3 67 200 67 67 200 67 67 200 200 67 67 67 67 67 25 67 3 67 
  Facilities: 5
 3 : 3 4 8 12 23 28 56 57 60 61 68 69 70 73 84 105 106 107 108 109 110 115 124 126 127 144 150 154 156 170 173 175 177 178 182 197 201 218 219 224 249 250 253 254 258 263 266 268 281 298
 25 : 24 25 213 296
 67 : 0 1 5 7 9 10 14 15 16 17 18 19 22 29 30 32 33 39 41 42 43 45 46 48 49 54 55 63 64 66 67 72 74 78 79 80 81 82 83 87 88 89 90 91 92 93 94 95 96 97 98 102 103 104 111 112 114 116 117 118 122 123 128 129 130 132 133 135 136 139 143 149 157 158 159 160 161 162 163 165 166 167 168 169 172 174 176 184 185 186 187 188 189 192 193 195 196 199 203 204 205 206 210 211 214 216 217 220 221 222 223 225 226 227 228 231 232 235 238 241 242 243 244 245 246 247 255 256 261 265 276 280 282 284 285 287 288 291 292 293 294 295 297 299
 141 : 75 76 141 251 252 274 275
 200 : 2 6 11 13 20 21 26 27 31 34 35 36 37 38 40 44 47 50 51 52 53 58 59 62 65 71 77 85 86 99 100 101 113 119 120 121 125 131 134 137 138 140 142 145 146 147 148 151 152 153 155 164 171 179 180 181 183 190 191 194 198 200 202 207 208 209 212 215 229 230 233 234 236 237 239 240 248 257 259 260 262 264 267 269 270 271 272 273 277 278 279 283 286 289 290
SOLUTION:
  Value: -8552.000000
  Assigns: 67 130 13 67 230 67 230 67 230 67 67 13 13 13 67 67 13 67 13 67 230 13 67 13 67 13 13 230 67 67 13 13 67 67 13 13 13 13 13 230 13 67 67 67 13 67 67 13 67 67 13 230 13 13 67 67 67 13 13 13 67 67 13 67 67 13 67 67 230 13 13 13 67 13 67 67 13 157 67 67 67 67 67 67 13 13 13 13 13 67 67 67 67 13 67 67 67 67 67 13 13 13 67 67 67 67 13 157 157 157 13 67 67 230 67 67 67 67 67 13 13 67 230 67 67 13 13 157 67 130 130 13 67 67 230 67 67 13 13 67 67 67 13 67 67 13 13 230 13 67 230 230 13 13 13 13 157 157 157 13 67 67 13 230 13 67 67 67 67 67 67 13 67 157 67 67 67 67 67 230 230 13 13 67 230 157 67 157 67 67 13 13 67 67 13 67 67 13 13 67 13 13 13 13 67 13 230 230 13 13 67 67 67 67 67 13 67 67 13 13 67 67 230 67 13 67 67 67 13 230 230 67 67 13 13 157 13 13 67 13 230 67 67 67 67 67 67 67 157 157 157 67 67 13 13 67 13 13 157 230 230 67 130 67 13 67 67 13 157 13 230 13 13 157 13 67 67 13 13 13 13 13 67 13 67 67 13 67 67 230 13 67 67 13 13 67 13 67 67 67 
  Facilities: 5
 13 : 2 11 12 13 16 18 21 23 25 26 30 31 34 35 36 37 38 40 44 47 50 52 53 57 58 59 62 65 69 70 71 73 76 84 85 86 87 88 93 99 100 101 106 110 119 120 125 126 131 137 138 142 145 146 148 152 153 154 155 159 162 164 171 181 182 190 191 194 197 198 200 201 202 203 205 208 209 215 218 219 224 228 233 234 236 237 239 253 254 256 257 264 267 269 271 272 274 277 278 279 280 281 283 286 290 293 294 296
 67 : 0 3 5 7 9 10 14 15 17 19 22 24 28 29 32 33 41 42 43 45 46 48 49 54 55 56 60 61 63 64 66 67 72 74 75 78 79 80 81 82 83 89 90 91 92 94 95 96 97 98 102 103 104 105 111 112 114 115 116 117 118 121 123 124 128 132 133 135 136 139 140 141 143 144 149 160 161 165 166 167 168 169 170 172 174 175 176 177 178 183 186 188 189 192 193 195 196 199 204 210 211 212 213 214 216 217 220 221 223 225 226 227 231 232 238 241 242 243 244 245 246 247 251 252 255 261 263 265 266 275 276 282 284 285 287 288 291 292 295 297 298 299
 130 : 1 129 130 262
 157 : 77 107 108 109 127 156 157 158 173 185 187 235 248 249 250 258 268 273
 230 : 4 6 8 20 27 39 51 68 113 122 134 147 150 151 163 179 180 184 206 207 222 229 230 240 259 260 270 289
SOLUTION:
  Value: -8559.000000
  Assigns: 97 97 200 97 260 136 136 217 260 217 97 200 200 200 97 97 200 97 97 97 260 200 217 200 97 200 200 200 97 97 97 200 217 97 200 200 200 200 200 97 200 217 217 97 200 97 97 200 97 97 200 200 200 200 97 217 97 200 200 200 97 97 200 97 97 200 97 97 217 200 200 200 217 200 217 260 260 200 97 97 97 97 97 97 200 200 200 200 200 97 97 97 97 97 97 97 97 97 97 200 200 200 97 97 97 97 200 97 97 97 217 97 97 200 217 97 97 97 97 200 200 200 260 97 200 200 200 97 97 260 97 200 97 97 200 97 136 200 200 97 217 200 200 97 200 200 200 200 200 97 260 260 200 200 200 200 97 97 200 200 217 217 200 200 200 97 97 97 97 97 97 200 97 97 97 136 97 217 217 200 200 200 200 217 260 97 97 217 217 217 200 200 97 97 200 217 97 200 200 97 200 217 200 97 97 97 97 200 200 217 217 217 217 97 97 200 97 217 217 217 97 97 200 97 200 97 97 97 97 200 200 217 97 200 200 97 136 136 97 200 200 97 97 97 97 97 217 97 200 200 200 217 217 200 200 97 200 200 217 260 260 260 200 97 200 97 97 217 200 200 200 200 200 260 217 217 97 200 200 200 217 200 97 200 97 97 200 217 97 217 200 97 97 97 97 97 200 217 200 97 
  Facilities: 5
 97 : 0 1 3 10 14 15 17 18 19 24 28 29 30 33 39 43 45 46 48 49 54 56 60 61 63 64 66 67 78 79 80 81 82 83 89 90 91 92 93 94 95 96 97 98 102 103 104 105 107 108 109 111 112 115 116 117 118 123 127 128 130 132 133 135 139 143 149 156 157 165 166 167 168 169 170 172 173 174 176 185 186 192 193 196 199 203 204 205 206 213 214 216 220 221 223 225 226 227 228 232 235 238 241 242 243 244 245 247 255 263 265 266 276 282 284 285 288 291 292 293 294 295 299
 136 : 5 6 136 175 236 237
 200 : 2 11 12 13 16 21 23 25 26 27 31 34 35 36 37 38 40 44 47 50 51 52 53 57 58 59 62 65 69 70 71 73 77 84 85 86 87 88 99 100 101 106 113 119 120 121 124 125 126 131 134 137 138 141 142 144 145 146 147 148 152 153 154 155 158 159 162 163 164 171 179 180 181 182 190 191 194 197 198 200 202 207 208 215 222 224 229 230 233 234 239 240 248 249 250 253 254 256 257 262 264 268 269 270 271 272 277 278 279 281 283 286 290 296 298
 217 : 7 9 22 32 41 42 55 68 72 74 110 114 140 160 161 177 178 183 187 188 189 195 201 209 210 211 212 217 218 219 231 246 251 252 258 267 274 275 280 287 289 297
 260 : 4 8 20 75 76 122 129 150 151 184 259 260 261 273
SOLUTION:
  Value: -8562.000000
  Assigns: 97 97 13 97 166 97 97 97 166 97 97 13 13 13 97 166 13 166 166 97 13 13 97 13 97 13 13 13 13 97 13 166 97 97 166 13 13 13 13 97 13 166 97 97 13 97 97 13 166 97 13 13 13 13 166 166 97 13 13 13 97 166 13 97 97 13 97 97 166 13 13 13 97 13 97 97 13 13 166 166 97 97 97 97 13 13 13 13 13 97 166 97 97 166 97 97 97 97 97 13 13 13 166 97 97 97 13 166 166 166 166 97 97 13 97 97 97 97 97 13 166 166 166 97 166 13 13 166 97 166 97 13 166 97 13 97 97 13 13 166 97 97 13 97 97 13 13 166 166 97 13 13 13 13 166 13 166 166 97 13 97 97 13 13 13 97 166 97 97 97 97 13 97 166 97 97 97 97 97 13 13 13 13 166 97 13 97 97 97 97 13 166 166 166 13 97 97 166 166 97 13 13 166 13 97 13 97 166 13 13 97 97 97 97 97 13 97 97 13 13 97 97 97 97 13 97 97 97 13 13 13 97 166 13 13 97 13 13 97 13 13 97 97 97 97 97 97 97 166 13 13 97 97 13 13 97 13 13 13 13 97 97 13 97 13 97 97 97 13 13 13 13 13 166 13 97 97 13 13 13 166 13 97 13 166 166 13 97 166 13 13 97 97 13 13 166 13 166 97 97 
  Facilities: 3
 13 : 2 11 12 13 16 20 21 23 25 26 27 28 30 35 36 37 38 40 44 47 50 51 52 53 57 58 59 62 65 69 70 71 73 76 77 84 85 86 87 88 99 100 101 106 113 119 125 126 131 134 137 138 142 145 146 150 151 152 153 155 159 162 163 164 171 179 180 181 182 185 190 194 200 201 203 205 208 209 215 218 219 224 228 229 230 233 234 236 237 239 240 249 250 253 254 256 257 258 259 262 264 268 269 270 271 272 274 277 278 279 281 283 286 289 290 293 294 296
 97 : 0 1 3 5 6 7 9 10 14 19 22 24 29 32 33 39 42 43 45 46 49 56 60 63 64 66 67 72 74 75 80 81 82 83 89 91 92 94 95 96 97 98 103 104 105 111 112 114 115 116 117 118 123 128 130 133 135 136 140 141 143 144 149 158 160 161 165 167 168 169 170 172 174 175 176 177 178 184 186 187 188 189 195 196 199 204 206 210 211 212 213 214 216 217 220 221 222 223 225 226 227 231 235 238 241 242 243 244 245 246 247 251 252 255 260 261 263 265 266 267 275 276 282 287 291 292 298 299
 166 : 4 8 15 17 18 31 34 41 48 54 55 61 68 78 79 90 93 102 107 108 109 110 120 121 122 124 127 129 132 139 147 148 154 156 157 166 173 183 191 192 193 197 198 202 207 232 248 273 280 284 285 288 295 297
SOLUTION:
  Value: -8564.000000
  Assigns: 67 72 13 67 72 67 67 72 72 72 67 13 13 13 67 67 13 67 13 67 13 13 67 72 67 13 13 13 67 67 13 72 32 32 32 13 13 13 13 67 13 67 67 72 13 67 67 13 67 67 13 13 13 13 67 67 67 13 13 13 67 67 13 67 67 72 67 67 72 72 72 72 72 13 67 67 13 13 67 67 67 67 67 67 13 13 87 87 87 67 67 67 67 13 67 67 67 67 67 13 13 13 67 67 67 67 72 72 67 67 72 67 67 13 67 67 67 67 67 13 13 67 67 67 32 13 87 67 67 13 67 13 67 67 13 67 67 13 13 67 67 67 13 67 72 13 72 13 72 67 87 87 13 13 72 13 67 67 67 13 72 72 13 13 13 67 67 67 67 67 67 13 67 67 67 67 67 67 67 13 13 13 72 67 67 13 67 72 72 72 13 13 67 67 13 72 67 72 72 67 13 13 13 13 67 13 67 13 13 72 67 67 67 67 67 13 67 67 13 13 67 67 67 32 72 67 67 67 13 13 13 72 67 13 13 67 72 13 67 13 13 67 67 67 67 67 72 67 32 72 72 67 67 72 72 67 13 13 72 13 13 67 13 67 13 67 67 72 72 13 13 13 13 13 13 67 67 13 13 13 13 13 72 13 67 67 13 72 67 72 13 67 67 13 13 67 13 67 72 67 
  Facilities: 5
 13 : 2 11 12 13 16 18 20 21 25 26 27 30 35 36 37 38 40 44 47 50 51 52 53 57 58 59 62 73 76 77 84 85 93 99 100 101 113 119 120 125 129 131 134 137 138 142 145 147 152 153 155 159 162 163 164 171 179 180 181 185 190 191 194 200 201 202 203 205 207 208 215 218 219 228 229 230 233 234 237 239 240 256 257 259 260 262 264 269 270 271 272 273 274 277 278 279 280 281 283 286 290 293 294 296
 32 : 32 33 34 124 223 248
 67 : 0 3 5 6 10 14 15 17 19 22 24 28 29 39 41 42 45 46 48 49 54 55 56 60 61 63 64 66 67 74 75 78 79 80 81 82 83 89 90 91 92 94 95 96 97 98 102 103 104 105 108 109 111 112 114 115 116 117 118 121 122 123 127 128 130 132 133 135 136 139 140 141 143 149 156 157 158 165 166 167 168 169 170 172 173 174 175 176 177 178 183 184 186 192 193 196 199 204 206 210 211 212 213 214 216 217 220 221 222 225 226 227 232 235 238 241 242 243 244 245 247 251 252 255 261 263 265 266 275 276 284 285 288 291 292 295 297 299
 72 : 1 4 7 8 9 23 31 43 65 68 69 70 71 72 106 107 110 144 146 148 154 160 161 182 187 188 189 195 197 198 209 224 231 236 246 249 250 253 254 258 267 268 282 287 289 298
 87 : 86 87 88 126 150 151
