# Time: 9685.000000
# Elapsed: 1552.113647
# Input_file: splp/KoerkelGhosh-sym/500/b/gs500b-1
# Pool_size: 200
# Iterations: 20
# Final_solutions: 2358
# Vision_range: 400
# Reduction_mode: REDUCTION_DISPERSE
# Dissimilitude: DISSIM_CLIENTDELTA
SOLUTION:
  Value: -537931.000000
  Assigns: 470 257 44 44 467 44 44 21 409 469 312 439 21 256 81 439 257 192 312 439 312 469 111 214 470 312 409 256 256 111 470 467 101 115 256 439 470 256 439 44 44 256 256 312 44 439 467 384 470 192 115 101 214 111 439 21 214 439 21 470 111 101 256 111 81 257 115 111 257 192 192 384 81 384 28 214 214 192 470 28 81 192 439 312 81 439 439 409 384 115 312 81 470 111 256 115 384 44 470 115 256 192 21 81 409 44 470 192 467 115 115 115 81 384 256 21 44 28 312 111 470 384 192 467 439 439 192 467 101 439 257 21 28 469 214 214 28 409 111 384 409 101 469 312 214 469 81 21 256 115 101 214 384 312 81 409 467 192 469 111 312 467 256 257 101 469 214 115 214 192 192 101 44 467 409 409 21 81 115 28 115 409 44 21 101 44 312 81 384 384 467 312 81 467 470 115 28 81 439 470 101 111 312 111 44 257 256 409 81 439 470 409 111 28 81 469 467 470 384 115 469 44 28 44 409 469 470 44 439 111 257 384 115 256 21 257 44 467 81 470 439 28 115 214 101 470 470 192 409 256 256 214 115 257 101 28 28 312 439 111 44 384 111 409 409 469 257 312 192 384 44 256 81 21 115 192 439 469 312 467 214 256 81 81 470 256 111 81 21 409 101 81 81 470 21 115 256 28 28 470 256 21 101 192 115 409 101 111 467 111 214 384 257 312 44 409 467 256 257 111 28 467 81 256 312 469 467 257 81 312 409 469 469 214 192 439 28 470 257 409 469 384 111 192 470 28 384 44 469 312 467 469 470 111 44 28 257 111 101 257 28 470 81 384 81 469 81 21 257 101 115 214 214 44 101 467 409 469 256 28 101 257 192 439 439 44 469 256 214 409 21 115 257 256 111 470 192 469 257 214 101 44 111 28 81 384 44 439 409 470 409 409 257 111 470 21 28 111 21 21 409 28 115 21 115 21 470 192 101 384 101 467 101 81 312 214 439 111 192 384 21 384 21 214 467 257 469 257 115 44 192 101 439 467 214 44 470 470 192 81 21 81 214 111 467 409 44 44 192 21 409 470 409 256 312 384 256 101 409 111 28 312 256 256 409 409 409 101 469 469 439 21 256 439 470 111 469 111 81 256 
  Facilities: 18
 21 : 7 12 55 58 102 115 131 147 176 183 234 273 288 294 301 367 390 415 418 419 423 425 440 442 460 469 491
 28 : 74 79 117 132 136 179 196 213 222 241 255 256 297 298 320 336 345 355 360 379 403 416 421 480
 44 : 2 3 5 6 39 40 44 97 105 116 172 182 185 204 221 223 227 236 260 270 314 347 354 373 385 401 406 449 455 466 467
 81 : 14 64 72 80 84 91 103 112 146 154 177 187 192 197 208 214 238 272 282 283 287 291 292 322 328 362 364 366 404 433 459 461 498
 101 : 32 51 61 128 141 150 164 171 184 200 244 254 290 302 306 358 369 374 380 400 428 430 432 451 477 487
 111 : 22 29 53 60 63 67 93 119 138 159 201 203 212 229 259 262 286 307 309 319 342 353 357 394 402 413 417 437 463 479 495 497
 115 : 33 50 66 89 95 99 109 110 111 149 167 178 180 195 219 232 242 252 274 295 304 370 391 422 424 448
 192 : 17 49 69 70 77 81 101 107 122 126 157 169 170 247 268 275 303 334 343 382 396 427 438 450 458 468
 214 : 23 52 56 75 76 134 135 144 151 166 168 243 251 280 310 333 371 372 388 399 435 443 454 462
 256 : 13 27 28 34 37 41 42 62 94 100 114 148 162 206 233 249 250 271 281 285 296 300 317 323 378 387 393 473 476 482 483 492 499
 257 : 1 16 65 68 130 163 205 230 235 253 266 312 318 327 338 356 359 368 381 392 398 412 445 447
 312 : 10 18 20 25 43 83 90 118 143 153 160 186 191 202 257 267 278 313 324 329 349 434 474 481
 384 : 47 71 73 88 96 113 121 139 152 188 189 218 231 261 269 311 341 346 363 405 429 439 441 475
 409 : 8 26 87 104 137 140 155 174 175 181 207 211 224 248 263 264 289 305 315 330 339 376 389 408 410 411 420 465 470 472 478 484 485 486
 439 : 11 15 19 35 38 45 54 57 82 85 86 124 125 129 198 209 228 240 258 276 335 383 384 407 436 452 490 493
 467 : 4 31 46 108 123 127 156 161 173 190 193 216 237 279 308 316 321 326 350 375 431 444 453 464
 469 : 9 21 133 142 145 158 165 215 220 225 265 277 325 331 332 340 348 351 365 377 386 397 446 488 489 496
 470 : 0 24 30 36 48 59 78 92 98 106 120 194 199 210 217 226 239 245 246 284 293 299 337 344 352 361 395 409 414 426 456 457 471 494
SOLUTION:
  Value: -537941.000000
  Assigns: 470 257 44 44 467 44 44 21 409 469 312 439 21 256 81 439 257 469 312 439 312 469 111 214 470 312 409 256 256 111 470 467 101 115 256 439 470 256 439 44 44 256 256 312 44 439 467 384 470 214 115 101 214 111 439 21 214 439 21 470 111 101 256 111 81 257 115 256 257 101 467 384 81 384 28 214 214 101 470 28 81 28 439 312 81 439 439 409 384 115 312 81 470 111 256 115 384 44 470 115 256 312 21 81 409 44 470 81 467 115 115 115 81 384 256 21 44 28 312 111 470 384 115 467 439 439 469 467 101 439 257 21 28 469 214 214 28 409 111 384 409 101 469 312 214 469 81 21 256 115 101 214 384 312 81 409 467 257 469 111 312 467 256 257 101 469 214 115 214 439 111 101 44 467 409 409 21 81 115 28 115 409 44 21 101 44 312 81 384 384 467 312 81 467 470 115 28 81 439 470 101 111 312 111 44 257 256 409 81 439 470 409 111 28 81 469 467 470 384 115 469 44 28 44 409 469 470 44 439 111 257 384 115 256 21 257 44 467 81 470 439 28 115 214 101 470 470 81 409 256 256 214 115 257 101 28 28 312 439 111 44 384 111 409 409 469 257 312 28 384 44 256 81 21 115 214 439 469 312 467 214 256 81 81 470 256 111 81 21 409 101 81 81 470 21 115 256 28 28 470 256 21 101 257 115 409 101 111 467 111 214 384 257 312 44 409 467 256 257 111 28 467 81 256 312 469 467 257 81 312 409 469 469 214 28 439 28 470 257 409 469 384 111 44 470 28 384 44 469 312 467 469 470 111 44 28 257 111 101 257 28 470 81 384 81 469 81 21 257 101 115 214 214 44 101 467 409 469 256 28 101 257 111 439 439 44 469 256 214 409 21 115 257 256 111 470 214 469 257 214 101 44 111 28 81 384 44 439 409 470 409 409 257 111 470 21 28 111 21 21 409 28 115 21 115 21 470 409 101 384 101 467 101 81 312 214 439 111 257 384 21 384 21 214 467 257 469 257 115 44 21 101 439 467 214 44 470 470 101 81 21 81 214 111 467 409 44 44 101 21 409 470 409 256 312 384 256 101 409 111 28 312 256 256 409 409 409 101 469 469 439 21 256 439 470 111 469 111 81 256 
  Facilities: 17
 21 : 7 12 55 58 102 115 131 147 176 183 234 273 288 294 301 367 390 415 418 419 423 425 440 442 450 460 469 491
 28 : 74 79 81 117 132 136 179 196 213 222 241 255 256 268 297 298 320 334 336 345 355 360 379 403 416 421 480
 44 : 2 3 5 6 39 40 44 97 105 116 172 182 185 204 221 223 227 236 260 270 314 343 347 354 373 385 401 406 449 455 466 467
 81 : 14 64 72 80 84 91 103 107 112 146 154 177 187 192 197 208 214 238 247 272 282 283 287 291 292 322 328 362 364 366 404 433 459 461 498
 101 : 32 51 61 69 77 128 141 150 164 171 184 200 244 254 290 302 306 358 369 374 380 400 428 430 432 451 458 468 477 487
 111 : 22 29 53 60 63 93 119 138 159 170 201 203 212 229 259 262 286 307 309 319 342 353 357 382 394 402 413 417 437 463 479 495 497
 115 : 33 50 66 89 95 99 109 110 111 122 149 167 178 180 195 219 232 242 252 274 295 304 370 391 422 424 448
 214 : 23 49 52 56 75 76 134 135 144 151 166 168 243 251 275 280 310 333 371 372 388 396 399 435 443 454 462
 256 : 13 27 28 34 37 41 42 62 67 94 100 114 148 162 206 233 249 250 271 281 285 296 300 317 323 378 387 393 473 476 482 483 492 499
 257 : 1 16 65 68 130 157 163 205 230 235 253 266 303 312 318 327 338 356 359 368 381 392 398 412 438 445 447
 312 : 10 18 20 25 43 83 90 101 118 143 153 160 186 191 202 257 267 278 313 324 329 349 434 474 481
 384 : 47 71 73 88 96 113 121 139 152 188 189 218 231 261 269 311 341 346 363 405 429 439 441 475
 409 : 8 26 87 104 137 140 155 174 175 181 207 211 224 248 263 264 289 305 315 330 339 376 389 408 410 411 420 427 465 470 472 478 484 485 486
 439 : 11 15 19 35 38 45 54 57 82 85 86 124 125 129 169 198 209 228 240 258 276 335 383 384 407 436 452 490 493
 467 : 4 31 46 70 108 123 127 156 161 173 190 193 216 237 279 308 316 321 326 350 375 431 444 453 464
 469 : 9 17 21 126 133 142 145 158 165 215 220 225 265 277 325 331 332 340 348 351 365 377 386 397 446 488 489 496
 470 : 0 24 30 36 48 59 78 92 98 106 120 194 199 210 217 226 239 245 246 284 293 299 337 344 352 361 395 409 414 426 456 457 471 494
SOLUTION:
  Value: -538008.000000
  Assigns: 470 257 44 44 467 44 34 21 409 469 256 439 21 256 81 439 257 469 44 439 111 115 111 214 470 257 409 256 256 111 470 467 101 115 256 439 470 256 439 44 44 256 256 34 44 439 467 384 470 214 115 101 214 111 318 21 214 439 21 470 111 101 256 111 81 257 115 256 257 34 467 384 81 384 28 214 214 101 470 28 81 28 439 384 81 439 318 409 384 115 409 81 470 34 256 115 384 44 470 115 256 34 21 81 409 44 470 81 34 115 115 115 81 318 256 21 34 28 469 111 470 384 115 467 439 439 469 467 101 439 257 21 28 469 214 214 28 409 111 318 409 101 34 115 214 34 81 21 256 115 101 214 384 318 81 409 467 318 469 111 34 318 256 257 101 469 214 115 214 318 111 101 44 467 409 409 21 81 115 28 115 409 44 21 101 44 318 81 384 384 467 256 81 467 470 115 28 81 439 470 101 111 34 111 44 257 256 409 81 439 470 409 111 28 318 469 467 470 384 115 469 44 28 44 409 469 470 44 439 111 257 384 115 256 34 257 44 467 81 470 439 28 115 214 101 470 470 318 409 256 256 214 115 257 101 28 28 318 439 111 44 384 111 409 409 469 318 318 28 384 44 256 81 21 115 34 439 469 469 467 318 256 81 81 470 256 111 81 21 409 101 34 81 470 21 115 256 28 28 470 256 21 101 257 115 409 101 111 467 111 214 384 257 318 44 409 467 256 257 111 28 467 81 256 115 34 467 257 81 115 409 469 469 214 28 439 28 470 257 409 469 384 111 44 470 28 384 44 469 111 467 469 470 111 44 28 257 111 101 257 28 470 81 384 81 469 81 34 257 101 115 214 214 44 101 467 409 469 256 28 318 257 111 439 439 44 469 256 214 409 21 115 34 256 111 470 318 469 257 318 101 34 111 28 81 384 44 439 409 470 409 409 318 111 470 21 28 111 21 21 409 28 115 21 115 21 470 409 101 384 101 467 318 81 44 214 439 111 257 384 21 384 21 318 467 257 469 257 318 44 34 101 439 318 318 44 34 470 101 318 21 81 214 318 467 409 34 44 318 21 409 470 34 256 21 384 256 101 409 111 28 214 256 256 409 318 409 34 469 34 439 21 256 439 470 111 469 111 34 256 
  Facilities: 18
 21 : 7 12 55 58 102 115 131 147 176 183 273 288 294 301 390 415 418 419 423 425 440 442 460 469 474 491
 28 : 74 79 81 117 132 136 179 196 213 222 241 255 256 268 297 298 320 334 336 345 355 360 379 403 416 421 480
 34 : 6 43 69 93 101 108 116 142 145 160 202 234 275 291 325 367 392 401 450 456 466 472 487 489 498
 44 : 2 3 5 18 39 40 44 97 105 172 182 185 204 221 223 227 236 260 270 314 343 347 354 373 385 406 434 449 455 467
 81 : 14 64 72 80 84 91 103 107 112 146 154 177 187 192 197 208 238 272 282 283 287 292 322 328 362 364 366 404 433 461
 101 : 32 51 61 77 128 141 150 164 171 184 200 244 254 290 302 306 358 369 374 400 428 430 451 458 477
 111 : 20 22 29 53 60 63 119 138 159 170 201 203 212 229 259 262 286 307 309 319 342 349 353 357 382 394 402 413 417 437 479 495 497
 115 : 21 33 50 66 89 95 99 109 110 111 122 143 149 167 178 180 195 219 232 242 252 274 295 304 324 329 370 391 422 424
 214 : 23 49 52 56 75 76 134 135 144 151 166 168 243 251 310 333 371 372 388 435 462 481
 256 : 10 13 27 28 34 37 41 42 62 67 94 100 114 148 162 191 206 233 249 250 271 281 285 296 300 317 323 378 387 393 473 476 482 483 492 499
 257 : 1 16 25 65 68 130 163 205 230 235 253 303 312 318 327 338 356 359 368 381 398 438 445 447
 318 : 54 86 113 139 153 157 161 169 186 214 247 257 266 267 280 313 380 396 399 412 432 443 448 453 454 459 463 468 485
 384 : 47 71 73 83 88 96 121 152 188 189 218 231 261 269 311 341 346 363 405 429 439 441 475
 409 : 8 26 87 90 104 137 140 155 174 175 181 207 211 224 248 263 264 289 305 315 330 339 376 389 408 410 411 420 427 465 470 478 484 486
 439 : 11 15 19 35 38 45 57 82 85 124 125 129 198 209 228 240 258 276 335 383 384 407 436 452 490 493
 467 : 4 31 46 70 123 127 156 173 190 193 216 237 279 308 316 321 326 350 375 431 444 464
 469 : 9 17 118 126 133 158 165 215 220 225 265 277 278 331 332 340 348 351 365 377 386 397 446 488 496
 470 : 0 24 30 36 48 59 78 92 98 106 120 194 199 210 217 226 239 245 246 284 293 299 337 344 352 361 395 409 414 426 457 471 494
SOLUTION:
  Value: -538018.000000
  Assigns: 470 257 44 44 299 44 44 299 409 469 312 439 21 256 81 439 257 469 299 439 312 469 111 409 470 312 409 256 256 111 470 467 101 111 256 244 470 293 439 44 44 293 256 312 44 439 467 409 470 467 469 101 299 111 439 21 293 439 21 244 111 101 256 111 81 257 21 256 257 293 467 299 81 44 28 469 299 101 470 28 244 28 244 312 299 439 299 409 312 467 312 81 299 111 256 81 299 44 470 21 256 244 293 81 409 44 470 81 467 256 244 439 81 244 256 21 44 28 312 111 470 44 299 467 439 439 469 467 101 439 257 21 28 293 409 469 293 293 293 299 409 101 469 312 256 469 81 21 256 244 101 293 299 312 244 409 467 244 469 111 312 293 256 257 101 244 470 28 21 439 111 101 44 467 293 409 21 81 439 28 293 409 44 21 101 293 312 244 439 28 467 312 293 467 470 21 28 81 439 470 299 111 312 111 44 257 256 409 81 299 470 409 111 28 81 469 299 470 312 28 469 44 28 293 299 469 470 44 244 111 257 299 439 256 21 257 44 467 81 470 439 28 81 21 101 299 470 81 409 256 256 469 469 257 101 293 28 312 439 111 44 293 111 409 409 469 299 312 28 469 293 256 81 21 439 293 439 469 312 467 28 256 81 81 470 256 111 81 21 409 101 81 81 470 21 244 256 28 28 470 256 21 101 257 21 409 299 111 467 111 439 244 257 312 44 409 467 256 257 111 28 467 81 256 312 469 467 257 81 312 409 469 469 299 299 439 28 470 257 299 293 111 111 44 470 28 28 44 469 312 467 469 244 111 44 28 257 111 101 257 299 470 81 28 81 469 81 21 257 101 28 21 299 44 299 467 409 469 256 28 299 257 111 439 439 44 469 256 312 409 21 312 257 256 111 470 244 469 257 299 101 44 111 28 81 244 44 439 409 470 409 244 299 111 470 21 28 244 293 244 409 28 293 21 256 21 470 409 101 293 101 467 101 81 312 244 439 111 299 81 21 409 299 439 467 257 469 257 299 44 293 101 439 467 299 44 470 470 101 299 21 81 257 111 467 409 44 44 101 21 293 470 409 256 312 44 256 299 409 111 28 312 256 256 409 409 409 101 469 299 439 21 256 439 470 111 469 111 81 256 
  Facilities: 17
 21 : 12 55 58 66 99 115 131 147 168 176 183 195 234 243 273 288 294 301 304 367 371 390 415 423 425 440 460 469 491
 28 : 74 79 81 117 132 167 179 189 196 213 219 222 241 256 268 280 297 298 320 336 345 346 355 363 370 379 403 416 421 480
 44 : 2 3 5 6 39 40 44 73 97 105 116 121 172 182 204 221 227 236 260 314 343 347 354 373 385 401 406 449 455 466 467 475
 81 : 14 64 72 91 95 103 107 112 146 177 197 208 214 238 242 247 272 282 283 287 291 292 322 328 362 364 366 404 433 439 461 498
 101 : 32 51 61 77 128 141 150 164 171 184 244 254 290 302 358 369 400 428 430 432 451 458 468 487
 111 : 22 29 33 53 60 63 93 119 159 170 201 203 212 229 259 262 286 307 309 319 341 342 353 357 382 394 402 413 437 463 479 495 497
 244 : 35 59 80 82 101 110 113 149 154 157 165 187 228 295 311 352 396 405 411 417 419 435
 256 : 13 27 28 34 42 62 67 94 100 109 114 144 148 162 206 233 249 250 271 281 285 296 300 317 323 378 387 393 424 473 476 482 483 492 499
 257 : 1 16 65 68 130 163 205 230 235 253 303 312 318 327 338 356 359 368 381 392 398 445 447 462
 293 : 37 41 56 69 102 133 136 137 138 151 161 174 180 185 192 223 255 261 270 275 340 418 422 429 450 470
 299 : 4 7 18 52 71 76 84 86 92 96 122 139 152 200 209 216 224 231 245 266 306 333 334 339 360 372 374 380 399 412 438 442 448 454 459 477 489
 312 : 10 20 25 43 83 88 90 118 143 153 160 186 191 202 218 257 267 278 313 324 329 349 388 391 434 474 481
 409 : 8 23 26 47 87 104 134 140 155 175 181 207 211 248 263 264 289 305 315 330 376 389 408 410 420 427 441 465 472 478 484 485 486
 439 : 11 15 19 38 45 54 57 85 111 124 125 129 169 178 188 198 232 240 258 274 276 310 335 383 384 407 436 443 452 490 493
 467 : 31 46 49 70 89 108 123 127 156 173 190 193 237 279 308 316 321 326 350 375 431 444 453 464
 469 : 9 17 21 50 75 126 135 142 145 158 215 220 225 251 252 265 269 277 325 331 332 348 351 365 377 386 397 446 488 496
 470 : 0 24 30 36 48 78 98 106 120 166 194 199 210 217 226 239 246 284 293 299 337 344 361 395 409 414 426 456 457 471 494
SOLUTION:
  Value: -538023.000000
  Assigns: 370 257 229 229 467 191 192 370 370 467 256 398 229 370 120 256 257 378 378 98 191 378 111 241 378 170 409 378 256 98 256 191 378 338 229 120 111 170 338 120 287 120 256 338 467 287 241 384 191 192 370 384 338 111 378 120 338 191 338 398 111 241 120 287 398 257 229 111 257 192 120 384 170 384 338 191 338 170 191 287 370 287 256 384 229 191 338 409 384 120 409 229 191 191 256 370 398 191 257 98 378 398 378 338 378 170 120 192 467 256 241 229 229 287 256 111 170 256 287 111 467 191 192 398 191 170 378 467 378 398 257 192 98 98 398 192 229 191 111 384 409 98 192 338 398 338 384 120 256 287 170 120 384 378 409 409 467 192 409 111 98 120 256 257 120 241 384 98 287 192 192 229 229 467 170 409 241 338 191 398 370 409 398 120 120 229 241 120 384 378 467 170 170 467 256 191 170 378 98 170 191 111 191 111 98 378 256 120 287 229 338 409 111 120 398 378 241 467 384 170 192 338 98 257 338 398 370 257 229 111 257 384 111 378 170 257 98 229 398 229 287 370 241 229 120 98 120 192 409 256 256 98 398 98 191 98 378 398 398 98 384 384 111 409 409 338 257 241 192 384 241 229 398 338 170 370 378 398 98 467 287 398 241 378 287 256 378 409 409 409 98 287 120 192 229 229 256 98 370 467 256 111 229 229 398 287 287 111 241 111 229 384 191 398 120 398 378 256 257 111 191 467 370 256 229 467 467 120 370 338 409 120 241 111 287 398 409 338 257 409 287 384 111 192 98 398 384 229 338 338 241 287 378 111 98 98 257 170 398 257 287 98 191 384 370 111 98 378 257 378 241 170 467 170 378 467 409 257 256 111 120 98 378 98 256 120 370 256 241 409 287 398 378 256 111 241 192 287 257 241 409 384 111 120 98 384 256 98 241 287 409 398 257 111 398 287 467 378 192 111 409 191 338 257 256 170 257 192 229 287 120 467 370 241 409 170 229 111 192 384 398 384 120 370 467 257 191 257 229 467 192 241 120 467 378 229 378 192 192 120 170 111 257 111 467 398 257 120 192 229 120 191 409 229 241 384 256 378 409 111 409 398 256 256 370 98 409 98 191 191 241 398 256 370 98 370 170 111 98 256 
  Facilities: 18
 98 : 19 29 99 132 133 141 160 167 198 204 222 236 245 251 253 255 259 278 290 297 344 354 355 361 366 381 383 404 407 485 487 494 498
 111 : 22 36 53 60 67 115 119 138 159 201 203 212 229 232 262 301 307 309 319 333 342 353 365 379 394 402 413 419 437 461 463 479 497
 120 : 14 35 39 41 55 62 70 89 106 147 151 161 164 183 184 187 207 213 244 246 292 314 327 331 380 385 403 430 442 452 459 467 470
 170 : 25 37 72 77 105 116 125 150 174 191 192 196 199 219 234 274 357 371 373 425 435 460 496
 191 : 5 20 31 48 57 75 78 85 92 93 97 121 124 137 178 195 200 202 254 312 320 362 421 446 471 488 489
 192 : 6 49 69 107 122 131 135 142 157 169 170 220 247 268 293 343 396 418 427 438 450 457 458 468
 229 : 2 3 12 34 66 84 91 111 112 136 171 172 185 209 228 237 239 243 271 294 295 302 303 310 324 347 428 436 448 455 469 473
 241 : 23 46 61 110 165 176 186 216 242 267 270 282 308 332 350 370 388 395 399 408 433 451 474 490
 256 : 10 15 28 30 42 82 94 109 114 117 148 162 194 206 249 250 285 296 300 317 323 378 384 387 393 406 424 476 482 483 492 499
 257 : 1 16 65 68 98 130 163 223 227 230 235 266 318 338 356 359 368 377 398 412 423 426 445 447 462 466
 287 : 40 45 63 79 81 113 118 149 168 208 240 280 284 291 305 306 334 340 351 360 390 397 409 415 429
 338 : 33 38 43 52 56 58 74 76 86 103 143 145 177 210 221 224 265 273 329 337 348 349 422
 370 : 0 7 8 13 50 80 95 180 226 241 275 298 322 328 364 386 432 443 484 493 495
 378 : 17 18 21 24 27 32 54 100 102 104 126 128 153 189 197 205 215 233 256 276 283 286 316 352 367 369 374 382 392 417 454 456 477
 384 : 47 51 71 73 83 88 139 146 152 166 188 218 231 260 261 269 311 341 346 363 401 405 439 441 475
 398 : 11 59 64 96 101 123 129 134 144 179 182 214 225 238 252 257 258 272 277 281 304 313 315 335 345 358 391 411 414 440 465 481 491
 409 : 26 87 90 140 154 155 158 175 181 211 248 263 264 287 288 289 330 336 339 376 389 400 410 420 434 472 478 480 486
 467 : 4 9 44 108 120 127 156 173 190 193 217 279 299 321 325 326 372 375 416 431 444 449 453 464
SOLUTION:
  Value: -538037.000000
  Assigns: 470 170 44 44 467 44 44 21 409 469 256 439 21 351 81 439 469 469 44 439 111 469 111 409 470 351 409 256 256 111 470 467 101 115 256 439 470 170 439 44 351 256 256 467 44 439 467 384 470 467 115 101 81 111 318 21 111 439 21 470 111 101 256 111 81 384 115 111 115 101 351 384 81 384 351 469 470 170 470 28 81 28 439 351 81 439 318 409 384 115 409 81 470 111 256 115 384 44 470 115 256 351 21 81 409 170 470 351 467 115 115 115 81 318 256 21 170 28 469 111 470 384 115 467 439 439 469 467 101 439 111 21 28 351 409 469 28 409 111 318 409 101 469 115 256 469 81 21 256 115 101 439 384 318 81 409 467 318 469 111 111 318 256 351 101 469 470 115 21 318 111 351 44 467 170 409 21 81 115 28 115 409 170 21 101 44 318 81 384 384 467 170 170 467 470 115 28 81 439 470 101 111 351 111 44 81 256 409 81 439 470 409 111 28 318 469 467 470 384 115 469 44 28 44 351 469 470 44 439 111 170 384 115 256 170 21 44 467 81 470 439 28 115 351 101 470 470 318 409 256 256 469 115 470 101 28 28 318 439 111 44 384 111 409 409 469 318 318 28 384 44 256 81 21 115 351 439 469 469 467 318 256 81 81 470 256 111 81 21 351 101 81 81 470 21 115 256 28 28 470 256 21 101 351 115 409 101 111 467 111 439 384 439 318 44 409 467 256 28 111 28 467 81 256 115 469 467 351 81 115 409 469 469 111 28 439 28 470 44 409 469 384 111 44 470 28 384 44 469 111 467 469 470 111 44 28 318 170 101 467 28 470 81 384 81 469 81 351 115 101 115 21 467 170 101 467 409 469 256 28 318 384 111 439 439 44 469 256 351 409 21 115 351 256 111 470 318 469 101 318 101 44 111 28 81 384 44 439 409 470 409 409 318 111 470 21 28 170 21 21 409 28 115 21 115 170 470 409 351 384 170 467 318 81 44 170 439 111 351 384 21 384 351 318 467 409 469 81 318 351 21 101 439 318 318 44 470 470 101 318 170 81 170 318 467 409 44 44 318 21 409 470 409 256 21 384 256 101 409 111 28 351 256 256 409 318 409 101 469 469 439 21 256 439 470 111 469 111 81 256 
  Facilities: 17
 21 : 7 12 55 58 102 115 131 147 168 176 183 235 273 288 294 301 371 390 415 418 419 423 440 450 469 474 491
 28 : 79 81 117 132 136 179 196 213 222 241 255 256 268 297 298 318 320 334 336 345 355 360 379 403 416 421 480
 44 : 2 3 5 6 18 39 44 97 172 185 204 221 223 227 236 260 270 314 338 343 347 354 385 401 406 434 455 466 467
 81 : 14 52 64 72 80 84 91 103 112 146 154 177 187 197 205 208 238 272 282 283 287 291 292 322 328 362 364 366 404 433 447 461 498
 101 : 32 51 61 69 128 141 150 164 184 200 244 254 290 302 306 358 369 374 398 400 451 458 477 487
 111 : 20 22 29 53 56 60 63 67 93 119 130 138 159 160 170 201 203 212 229 259 262 286 307 309 319 333 342 349 353 382 394 402 413 437 479 495 497
 115 : 33 50 66 68 89 95 99 109 110 111 122 143 149 167 178 180 195 219 232 242 252 274 295 304 324 329 368 370 391 422 424
 170 : 1 37 77 105 116 174 182 191 192 230 234 357 373 417 425 430 435 460 462
 256 : 10 27 28 34 41 42 62 94 100 114 144 148 162 206 233 249 250 271 281 285 296 300 317 323 378 387 393 473 476 482 483 492 499
 318 : 54 86 113 139 153 157 161 169 186 214 247 257 266 267 280 313 356 380 396 399 412 432 443 448 453 454 459 463 468 485
 351 : 13 25 40 70 74 83 101 107 133 163 171 202 224 243 275 289 303 327 367 388 392 428 438 442 449 481
 384 : 47 65 71 73 88 96 121 152 188 189 218 231 261 269 311 341 346 363 381 405 429 439 441 475
 409 : 8 23 26 87 90 104 134 137 140 155 175 181 207 211 248 263 264 305 315 330 339 376 389 408 410 411 420 427 445 465 470 472 478 484 486
 439 : 11 15 19 35 38 45 57 82 85 124 125 129 151 198 209 228 240 258 276 310 312 335 383 384 407 436 452 490 493
 467 : 4 31 43 46 49 108 123 127 156 173 190 193 216 237 279 308 316 321 326 350 359 372 375 431 444 464
 469 : 9 16 17 21 75 118 126 135 142 145 158 165 215 220 225 251 265 277 278 325 331 332 340 348 351 365 377 386 397 446 488 489 496
 470 : 0 24 30 36 48 59 76 78 92 98 106 120 166 194 199 210 217 226 239 245 246 253 284 293 299 337 344 352 361 395 409 414 426 456 457 471 494
SOLUTION:
  Value: -538048.000000
  Assigns: 470 335 44 44 299 44 44 299 409 469 312 439 21 256 81 439 469 143 299 439 312 469 111 214 470 312 409 256 256 111 470 467 101 115 256 439 470 256 439 44 44 256 335 312 44 439 467 409 470 214 115 101 214 111 439 21 214 439 21 470 111 101 256 111 81 256 143 256 115 101 467 299 81 44 28 214 214 101 470 28 81 28 439 312 299 439 299 409 312 115 312 81 299 111 256 115 299 44 470 115 256 312 21 81 409 143 470 81 467 115 115 115 81 143 335 21 44 28 312 111 470 44 143 467 439 439 469 467 101 439 111 21 28 335 214 214 28 409 111 299 409 101 469 312 214 469 81 21 256 115 101 214 299 312 81 409 467 143 469 111 312 467 256 115 101 335 214 115 214 439 111 101 335 467 409 409 21 81 115 28 115 409 143 21 101 299 312 335 439 28 467 312 335 467 470 115 28 81 439 470 299 111 312 111 44 81 256 409 143 299 470 409 111 28 335 469 335 470 214 115 469 44 28 143 299 469 470 44 439 111 470 299 115 256 335 143 44 467 81 470 439 28 115 214 101 299 470 143 143 256 256 214 115 143 143 28 28 312 439 111 44 467 111 409 409 469 299 312 28 469 44 256 81 21 115 214 439 469 312 467 214 256 81 81 470 335 111 81 21 409 335 81 81 470 21 115 256 28 28 470 256 21 101 439 115 409 299 111 467 111 214 335 143 312 44 409 467 256 214 111 28 143 81 256 312 469 143 299 81 312 409 469 469 299 299 439 28 470 143 299 469 111 111 44 470 28 28 44 469 312 467 469 470 111 44 28 439 111 101 467 299 470 81 28 81 469 81 21 115 101 115 214 299 44 299 467 409 469 256 28 299 469 111 439 439 44 469 256 214 409 21 115 312 256 111 470 335 469 335 299 101 44 111 28 81 470 44 439 409 470 409 409 299 111 470 21 28 111 21 21 409 28 115 21 115 21 470 409 101 299 101 467 101 81 312 214 439 111 299 335 21 409 299 143 335 299 469 81 115 44 335 101 439 467 214 44 335 143 101 299 335 81 214 111 467 409 44 44 101 21 335 470 409 256 312 44 256 299 409 111 28 312 256 335 143 409 409 101 469 299 439 21 256 439 470 111 469 111 81 256 
  Facilities: 18
 21 : 12 55 58 102 115 131 147 176 183 273 288 294 301 367 390 415 418 419 423 425 440 469 491
 28 : 74 79 81 117 132 136 179 189 196 213 222 241 255 256 268 297 298 320 336 345 346 355 363 379 403 416 421 480
 44 : 2 3 5 6 39 40 44 73 97 116 121 204 221 227 236 260 270 314 343 347 354 373 385 401 406 449 455 466 467 475
 81 : 14 64 72 80 91 103 107 112 146 154 177 197 205 238 272 282 283 287 291 292 322 328 362 364 366 404 433 447 461 498
 101 : 32 51 61 69 77 128 141 150 164 171 184 244 302 358 369 400 428 430 432 451 458 468 487
 111 : 22 29 53 60 63 93 119 130 138 159 170 201 203 212 229 259 262 286 307 309 319 341 342 353 357 382 394 402 413 417 437 463 479 495 497
 115 : 33 50 68 89 95 99 109 110 111 149 163 167 178 180 195 219 232 242 252 274 295 304 368 370 391 422 424 448
 143 : 17 66 105 113 122 157 182 208 223 235 247 248 253 254 312 321 326 338 443 457 484
 214 : 23 49 52 56 75 76 134 135 144 151 166 168 218 243 251 275 280 310 318 371 388 435 454 462
 256 : 13 27 28 34 37 41 62 65 67 94 100 148 162 206 233 249 250 271 281 296 300 317 323 378 387 393 473 476 482 492 499
 299 : 4 7 18 71 84 86 92 96 139 152 185 200 209 224 231 245 266 306 327 333 334 339 360 372 374 380 399 412 429 438 442 445 459 477 489
 312 : 10 20 25 43 83 88 90 101 118 143 153 160 186 191 202 257 267 278 313 324 329 349 392 434 474 481
 335 : 1 42 114 133 165 172 187 192 214 216 234 285 290 311 396 398 439 444 450 456 460 470 483
 409 : 8 26 47 87 104 137 140 155 174 175 181 207 211 263 264 289 305 315 330 376 389 408 410 411 420 427 441 465 472 478 485 486
 439 : 11 15 19 35 38 45 54 57 82 85 124 125 129 169 188 198 228 240 258 276 303 335 356 383 384 407 436 452 490 493
 467 : 31 46 70 108 123 127 156 161 173 190 193 237 261 279 308 316 350 359 375 431 453 464
 469 : 9 16 21 126 142 145 158 215 220 225 265 269 277 325 331 332 340 348 351 365 377 381 386 397 446 488 496
 470 : 0 24 30 36 48 59 78 98 106 120 194 199 210 217 226 230 239 246 284 293 299 337 344 352 361 395 405 409 414 426 471 494
SOLUTION:
  Value: -538058.000000
  Assigns: 127 257 44 189 470 44 44 101 409 181 127 439 101 127 81 439 257 378 378 439 181 469 111 409 470 127 409 378 189 111 470 181 101 127 101 439 470 494 439 44 44 397 189 378 44 439 111 397 127 189 189 127 494 111 439 494 189 127 181 127 111 101 127 111 81 257 115 111 257 101 181 189 81 44 28 469 470 101 470 28 397 28 439 494 81 439 439 409 469 115 409 81 127 127 439 181 397 44 494 115 494 494 378 81 378 189 470 81 181 115 115 115 81 378 181 111 397 28 189 111 470 378 115 101 439 439 189 257 101 439 257 81 127 469 127 469 494 409 111 397 409 101 469 115 127 494 81 44 127 115 101 494 257 378 189 409 470 494 469 111 397 181 378 257 101 469 470 397 397 181 111 101 44 257 378 409 470 81 115 28 494 409 397 439 101 44 409 81 439 378 44 181 81 127 470 115 28 81 439 470 101 111 189 111 44 378 81 409 494 397 127 409 111 28 81 469 189 470 397 115 469 397 28 44 397 469 470 44 439 111 257 101 115 378 181 257 44 181 397 470 439 28 115 494 101 470 470 181 409 494 409 469 115 257 127 127 28 127 189 127 44 127 111 409 409 127 397 181 28 469 44 127 81 494 115 181 378 469 469 127 115 28 81 397 127 181 378 81 189 409 101 81 181 470 181 115 397 28 28 470 494 127 101 257 115 409 101 111 189 111 439 189 257 189 44 409 378 127 257 111 28 257 181 494 115 469 439 257 189 127 409 469 469 127 28 439 28 470 257 181 469 189 189 44 470 189 189 44 494 397 115 469 378 111 44 28 257 111 101 257 494 470 81 28 81 494 81 378 257 378 115 397 111 44 397 127 409 469 181 28 378 257 378 181 439 44 469 494 127 409 257 115 378 189 111 470 397 469 257 189 101 181 111 28 81 470 44 439 409 181 409 397 257 111 470 397 28 378 494 494 409 28 115 470 115 127 181 409 101 257 101 127 189 81 189 181 439 111 494 81 439 409 181 127 257 257 127 257 181 44 439 101 439 397 378 397 378 439 101 81 181 81 257 494 127 409 44 127 494 397 494 470 257 189 189 189 111 101 409 111 28 470 257 115 127 409 409 101 469 469 439 469 181 439 470 111 397 111 81 127 
  Facilities: 17
 28 : 74 79 81 117 179 196 213 222 241 256 268 281 297 298 320 334 336 355 363 379 403 416 421 480
 44 : 2 5 6 39 40 44 73 97 147 172 185 190 204 223 227 236 260 270 314 343 347 354 373 385 406 449 466
 81 : 14 64 72 84 91 103 107 112 131 146 177 187 192 197 206 214 272 282 287 291 362 364 366 404 433 439 459 461 498
 101 : 7 12 32 34 61 69 77 123 128 141 150 164 171 184 200 231 244 290 302 306 358 400 428 430 451 458 477 487
 111 : 22 29 46 53 60 63 67 115 119 138 159 170 201 203 212 229 262 307 309 319 353 357 372 394 402 413 437 476 479 495 497
 115 : 66 89 99 109 110 111 122 143 149 178 195 219 232 242 252 274 280 295 304 324 350 370 391 422 424 483
 127 : 0 10 13 25 33 48 51 57 59 62 92 93 132 134 144 148 193 210 254 255 257 259 261 265 271 279 284 301 317 329 333 375 388 425 431 443 446 464 467 484 499
 181 : 9 20 31 58 70 95 108 114 161 169 191 234 237 247 267 275 285 292 294 322 339 378 383 401 409 426 435 442 448 460 492
 189 : 3 28 42 49 50 56 71 105 118 126 154 202 216 258 288 308 311 313 328 341 342 345 346 393 399 432 434 473 474 475
 257 : 1 16 65 68 127 130 152 163 173 230 235 253 303 312 318 321 327 338 356 359 368 381 390 398 412 429 444 445 447 462 472 482
 378 : 17 18 27 43 102 104 113 121 153 162 174 189 205 233 276 286 316 352 367 369 380 382 392 417 454 456
 397 : 41 47 80 96 116 139 160 167 168 182 209 218 221 224 238 266 283 296 349 371 374 396 411 415 453 455 469 496
 409 : 8 23 26 87 90 137 140 155 175 181 186 207 211 248 250 263 264 289 305 315 330 376 389 408 410 420 427 441 465 478 485 486
 439 : 11 15 19 35 38 45 54 82 85 86 94 124 125 129 183 188 198 228 240 310 326 335 384 407 436 440 450 452 457 490 493
 469 : 21 75 88 133 135 142 158 165 215 220 225 251 269 277 278 325 331 332 340 351 377 386 397 488 489 491
 470 : 4 24 30 36 76 78 106 120 156 166 176 194 199 217 226 239 245 246 293 299 337 344 361 395 405 414 423 471 481 494
 494 : 37 52 55 83 98 100 101 136 145 151 157 180 208 243 249 273 300 323 348 360 365 387 418 419 438 463 468 470
SOLUTION:
  Value: -538061.000000
  Assigns: 470 257 44 44 467 44 44 21 409 469 312 439 21 256 81 439 257 469 312 439 312 469 111 409 470 312 409 256 256 111 470 467 101 111 256 439 470 170 439 44 44 293 256 312 44 439 467 384 470 467 469 101 81 111 439 21 293 439 21 470 111 101 256 111 81 257 21 111 257 293 170 384 81 384 28 469 470 170 470 28 81 28 439 312 81 439 439 409 384 170 312 81 470 111 256 81 384 44 470 21 256 312 293 81 409 170 470 81 467 256 293 170 81 384 256 21 170 28 312 111 470 384 170 467 439 439 469 467 101 439 257 21 28 293 409 469 293 293 293 384 409 101 469 312 256 469 81 21 256 170 101 293 384 312 293 409 467 170 469 111 312 293 256 257 101 469 470 28 21 439 111 101 44 467 170 409 21 81 470 28 293 409 170 21 101 293 312 81 384 384 467 312 170 467 470 21 28 81 439 470 101 111 312 111 44 257 256 409 81 439 470 409 111 28 81 469 467 470 384 170 469 44 28 293 409 469 470 44 439 111 257 384 439 256 170 257 44 467 81 470 439 28 81 21 101 470 470 81 409 256 256 469 469 257 101 293 28 312 439 111 44 293 111 409 409 469 257 312 28 384 293 256 81 21 170 293 439 469 312 467 28 256 81 81 470 256 111 81 21 409 101 81 81 470 21 257 256 28 28 470 256 21 101 257 21 409 101 111 467 111 439 384 257 312 44 409 467 256 257 111 28 467 81 256 312 469 467 257 81 312 409 469 469 111 28 439 28 470 257 409 293 384 111 44 470 28 384 44 469 312 467 469 470 111 44 28 257 170 101 257 28 470 81 384 81 469 81 21 257 101 28 21 467 170 101 467 409 469 256 28 101 257 111 439 439 44 469 256 312 409 21 312 257 256 111 470 312 469 257 439 101 44 111 28 81 384 44 439 409 470 409 409 257 111 470 21 28 170 293 21 409 28 293 21 256 170 470 409 101 293 170 467 101 81 312 170 439 111 293 384 21 384 21 439 467 257 469 257 170 44 293 101 439 467 170 44 470 470 101 81 170 81 257 111 467 409 44 44 101 21 293 470 257 256 312 384 256 101 409 111 28 312 256 256 409 409 409 101 469 469 439 21 256 439 470 111 469 111 81 256 
  Facilities: 17
 21 : 7 12 55 58 66 99 115 131 147 168 176 183 195 243 273 288 294 301 304 367 371 390 415 419 423 440 442 469 491
 28 : 74 79 81 117 132 167 179 196 213 222 241 256 268 280 297 298 320 334 336 345 355 360 370 379 403 416 421 480
 44 : 2 3 5 6 39 40 44 97 172 204 221 227 236 260 314 343 347 354 385 401 406 449 455 466 467
 81 : 14 52 64 72 80 84 91 95 103 107 112 146 177 187 197 208 214 238 242 247 272 282 283 287 291 292 322 328 362 364 366 404 433 459 461 498
 101 : 32 51 61 128 141 150 164 171 184 200 244 254 290 302 306 358 369 374 380 400 428 432 451 458 468 477 487
 111 : 22 29 33 53 60 63 67 93 119 159 170 201 203 212 229 259 262 286 307 309 319 333 342 353 382 394 402 413 437 463 479 495 497
 170 : 37 70 77 89 105 111 116 122 149 157 174 182 192 219 234 274 357 373 417 425 430 435 448 454 460
 256 : 13 27 28 34 42 62 94 100 109 114 144 148 162 206 233 249 250 271 281 285 296 300 317 323 378 387 393 424 473 476 482 483 492 499
 257 : 1 16 65 68 130 163 205 230 235 253 266 295 303 312 318 327 338 356 359 368 381 392 398 412 445 447 462 472
 293 : 41 56 69 102 110 133 136 137 138 151 154 161 180 185 223 255 261 270 275 340 418 422 429 438 450 470
 312 : 10 18 20 25 43 83 90 101 118 143 153 160 186 191 202 257 267 278 313 324 329 349 388 391 396 434 474 481
 384 : 47 71 73 88 96 113 121 139 152 188 189 218 231 269 311 341 346 363 405 439 441 475
 409 : 8 23 26 87 104 134 140 155 175 181 207 211 224 248 263 264 289 305 315 330 339 376 389 408 410 411 420 427 465 478 484 485 486
 439 : 11 15 19 35 38 45 54 57 82 85 86 124 125 129 169 198 209 228 232 240 258 276 310 335 383 384 399 407 436 443 452 490 493
 467 : 4 31 46 49 108 123 127 156 173 190 193 216 237 279 308 316 321 326 350 372 375 431 444 453 464
 469 : 9 17 21 50 75 126 135 142 145 158 165 215 220 225 251 252 265 277 325 331 332 348 351 365 377 386 397 446 488 489 496
 470 : 0 24 30 36 48 59 76 78 92 98 106 120 166 178 194 199 210 217 226 239 245 246 284 293 299 337 344 352 361 395 409 414 426 456 457 471 494
SOLUTION:
  Value: -538061.000000
  Assigns: 470 257 44 44 299 44 44 299 409 469 312 439 21 256 81 439 257 469 299 439 312 469 111 409 470 312 409 256 256 111 470 467 101 111 256 244 470 256 439 44 44 256 256 312 44 439 467 409 470 467 469 101 299 111 439 21 111 439 21 244 111 101 256 111 81 257 21 111 257 101 467 299 81 44 28 469 299 101 470 28 244 28 244 312 299 439 299 409 312 467 312 81 299 111 256 81 299 44 470 21 256 244 21 81 409 44 470 81 467 256 244 439 81 244 256 21 44 28 312 111 470 44 299 467 439 439 469 467 101 439 257 21 28 469 409 469 28 409 111 299 409 101 469 312 256 469 81 21 256 244 101 299 299 312 244 409 467 244 469 111 312 467 256 257 101 244 470 28 21 439 111 101 44 467 409 409 21 81 439 28 101 409 44 21 101 299 312 244 439 28 467 312 81 467 470 21 28 81 439 470 299 111 312 111 44 257 256 409 81 299 470 409 111 28 81 469 299 470 312 28 469 44 28 44 299 469 470 44 244 111 257 299 439 256 21 257 44 467 81 470 439 28 81 21 101 299 470 81 409 256 256 469 469 257 101 28 28 312 439 111 44 467 111 409 409 469 299 312 28 469 44 256 81 21 439 244 439 469 312 467 28 256 81 81 470 256 111 81 21 409 101 81 81 470 21 244 256 28 28 470 256 21 101 257 21 409 299 111 467 111 439 244 257 312 44 409 467 256 257 111 28 467 81 256 312 469 467 257 81 312 409 469 469 299 299 439 28 470 257 299 469 111 111 44 470 28 28 44 469 312 467 469 244 111 44 28 257 111 101 257 299 470 81 28 81 469 81 21 257 101 28 21 299 44 299 467 409 469 256 28 299 257 111 439 439 44 469 256 312 409 21 312 257 256 111 470 244 469 257 299 101 44 111 28 81 244 44 439 409 470 409 244 299 111 470 21 28 244 21 244 409 28 28 21 256 21 470 409 101 299 101 467 101 81 312 244 439 111 299 81 21 409 299 439 467 257 469 257 299 44 21 101 439 467 299 44 470 439 101 299 21 81 257 111 467 409 44 44 101 21 299 470 257 256 312 44 256 299 409 111 28 312 256 256 409 409 409 101 469 299 439 21 256 439 470 111 469 111 81 256 
  Facilities: 16
 21 : 12 55 58 66 99 102 115 131 147 168 176 183 195 234 243 273 288 294 301 304 367 371 390 415 418 423 425 440 450 460 469 491
 28 : 74 79 81 117 132 136 167 179 189 196 213 219 222 241 255 256 268 280 297 298 320 336 345 346 355 363 370 379 403 416 421 422 480
 44 : 2 3 5 6 39 40 44 73 97 105 116 121 172 182 204 221 223 227 236 260 270 314 343 347 354 373 385 401 406 449 455 466 467 475
 81 : 14 64 72 91 95 103 107 112 146 177 192 197 208 214 238 242 247 272 282 283 287 291 292 322 328 362 364 366 404 433 439 461 498
 101 : 32 51 61 69 77 128 141 150 164 171 180 184 244 254 290 302 358 369 400 428 430 432 451 458 468 487
 111 : 22 29 33 53 56 60 63 67 93 119 138 159 170 201 203 212 229 259 262 286 307 309 319 341 342 353 357 382 394 402 413 437 463 479 495 497
 244 : 35 59 80 82 101 110 113 149 154 157 165 187 228 275 295 311 352 396 405 411 417 419 435
 256 : 13 27 28 34 37 41 42 62 94 100 109 114 144 148 162 206 233 249 250 271 281 285 296 300 317 323 378 387 393 424 473 476 482 483 492 499
 257 : 1 16 65 68 130 163 205 230 235 253 303 312 318 327 338 356 359 368 381 392 398 445 447 462 472
 299 : 4 7 18 52 71 76 84 86 92 96 122 139 151 152 185 200 209 216 224 231 245 266 306 333 334 339 360 372 374 380 399 412 429 438 442 448 454 459 470 477 489
 312 : 10 20 25 43 83 88 90 118 143 153 160 186 191 202 218 257 267 278 313 324 329 349 388 391 434 474 481
 409 : 8 23 26 47 87 104 134 137 140 155 174 175 181 207 211 248 263 264 289 305 315 330 376 389 408 410 420 427 441 465 478 484 485 486
 439 : 11 15 19 38 45 54 57 85 111 124 125 129 169 178 188 198 232 240 258 274 276 310 335 383 384 407 436 443 452 457 490 493
 467 : 31 46 49 70 89 108 123 127 156 161 173 190 193 237 261 279 308 316 321 326 350 375 431 444 453 464
 469 : 9 17 21 50 75 126 133 135 142 145 158 215 220 225 251 252 265 269 277 325 331 332 340 348 351 365 377 386 397 446 488 496
 470 : 0 24 30 36 48 78 98 106 120 166 194 199 210 217 226 239 246 284 293 299 337 344 361 395 409 414 426 456 471 494
