# Time: 10129.589844
# Elapsed: 1695.546631
# Input_file: splp/KoerkelGhosh-sym/500/b/gs500b-5
# Pool_size: 200
# Iterations: 21
# Final_solutions: 3627
# Vision_range: 400
# Reduction_mode: REDUCTION_DISPERSE
# Dissimilitude: DISSIM_CLIENTDELTA
SOLUTION:
  Value: -539611.000000
  Assigns: 311 410 430 430 468 430 319 2 311 319 468 225 383 446 410 410 424 2 2 230 430 34 472 311 472 430 446 424 446 225 225 230 234 225 459 234 34 488 2 230 459 34 430 410 424 319 472 2 12 2 34 488 12 430 488 311 2 446 488 424 12 230 472 2 225 446 488 225 230 234 319 34 459 230 446 410 12 410 319 459 383 488 488 468 472 2 12 468 383 311 468 488 321 430 234 230 446 319 424 468 12 446 234 488 234 321 234 446 234 34 230 424 321 468 321 34 468 34 311 12 311 234 311 234 472 488 472 2 12 234 383 12 2 225 234 12 383 12 319 311 2 383 234 321 311 234 446 430 34 234 383 12 383 12 446 446 2 424 234 383 230 430 430 488 12 446 2 321 12 472 230 321 225 234 230 383 311 319 225 321 488 468 383 321 230 410 410 383 410 383 459 488 225 34 234 446 321 424 446 468 319 468 2 321 234 472 472 12 383 311 459 225 472 311 383 410 319 424 472 472 446 468 459 311 446 234 410 446 12 472 383 234 472 230 225 410 383 12 446 34 234 225 234 410 2 2 230 12 225 321 2 34 311 230 234 321 459 2 472 424 12 321 34 2 430 2 311 430 311 2 488 230 12 319 468 319 319 319 430 446 2 459 34 12 424 234 319 468 230 472 488 311 488 410 430 472 410 311 468 488 319 468 424 2 311 225 430 446 472 230 234 459 472 12 321 311 230 488 34 446 319 472 383 225 488 311 459 459 321 319 319 225 488 2 468 430 234 225 383 430 2 230 2 34 424 410 430 321 410 383 225 488 230 225 488 459 225 468 34 12 321 311 383 311 311 319 424 225 424 410 424 230 446 319 234 234 234 225 321 319 424 459 2 234 459 230 383 225 234 383 468 488 12 225 446 321 459 319 459 472 34 488 319 321 472 488 321 424 321 34 459 225 459 234 459 321 383 230 424 2 2 321 12 12 424 468 459 468 430 430 2 446 410 225 383 2 468 225 446 230 468 468 472 472 468 424 319 234 2 12 234 383 12 446 234 230 321 446 12 410 2 410 468 230 321 319 225 230 468 234 311 311 321 424 230 319 459 321 430 311 2 472 472 230 225 488 410 230 472 410 2 225 459 459 34 468 468 321 459 383 
  Facilities: 18
 2 : 7 17 18 38 47 49 56 63 85 127 132 140 156 166 202 244 245 250 257 263 265 269 280 303 333 340 342 382 419 420 430 435 448 460 480 490
 12 : 48 52 60 76 86 100 119 128 131 135 137 151 153 164 168 207 228 237 247 260 272 283 313 359 392 422 423 449 452 458
 34 : 21 36 41 50 71 109 115 117 148 193 239 251 262 282 318 343 358 400 409 494
 225 : 11 29 30 33 64 67 133 172 178 192 211 234 241 248 305 323 331 337 350 353 356 367 377 387 393 411 433 437 466 484 491
 230 : 19 31 39 61 68 73 95 110 160 170 174 184 233 246 253 271 288 309 316 341 352 371 385 417 439 455 463 467 474 483 487
 234 : 32 35 69 94 102 104 106 108 121 123 129 134 142 145 149 158 173 194 204 225 231 240 242 254 285 310 336 374 375 376 383 388 413 447 450 454 469
 311 : 0 8 23 55 89 118 120 122 139 144 176 209 213 223 252 266 268 291 297 304 315 325 361 363 364 470 471 479
 319 : 6 9 45 70 78 97 138 177 200 216 273 275 276 277 286 300 320 329 330 365 373 379 397 402 446 465 475
 321 : 92 105 112 114 143 167 171 179 183 196 203 249 255 261 314 328 347 360 378 395 403 406 408 415 421 456 464 472 477 497
 383 : 12 80 88 130 136 141 150 152 159 175 182 187 189 208 214 230 236 322 338 349 362 386 389 416 434 451 499
 410 : 1 14 15 43 75 77 185 186 188 215 226 235 243 293 296 345 348 369 432 459 461 486 489
 424 : 16 27 44 59 98 111 157 197 217 259 284 302 344 366 368 370 380 407 418 424 445 473
 430 : 2 3 5 20 25 42 53 93 147 161 162 264 267 278 294 306 335 339 346 428 429 478
 446 : 13 26 28 57 65 74 96 101 107 146 154 155 165 195 198 220 224 227 238 279 307 319 372 394 431 438 453 457
 459 : 34 40 72 79 190 210 222 256 281 311 326 327 355 381 384 396 398 410 412 414 426 476 492 493 498
 468 : 4 10 83 87 90 99 113 116 181 199 201 221 274 287 298 301 334 357 390 425 427 436 440 441 444 462 468 495 496
 472 : 22 24 46 62 84 124 126 169 205 206 212 218 219 229 232 258 289 295 308 312 321 399 404 442 443 481 482 488
 488 : 37 51 54 58 66 81 82 91 103 125 163 180 191 270 290 292 299 317 324 332 351 354 391 401 405 485
SOLUTION:
  Value: -539623.000000
  Assigns: 446 234 236 225 39 155 154 155 122 81 39 225 39 446 81 154 154 234 236 230 155 155 236 407 122 407 446 184 446 225 225 230 234 225 459 407 236 488 407 230 459 383 39 225 184 225 155 154 446 236 383 488 154 407 488 321 184 446 184 154 407 230 122 39 184 446 488 184 184 234 154 184 459 230 446 39 154 39 234 39 154 488 488 347 347 407 225 184 383 122 184 407 321 230 155 230 155 39 488 347 155 446 234 236 234 321 234 446 234 39 184 321 154 122 321 154 154 184 459 81 225 234 81 234 407 488 184 347 155 347 383 122 122 225 234 383 383 347 459 39 488 383 234 321 39 234 446 81 184 81 383 155 383 347 446 446 383 234 39 383 184 184 81 122 347 81 407 39 236 383 122 321 225 234 230 383 347 236 225 154 488 321 383 236 230 81 234 383 184 383 347 488 225 347 234 81 321 184 446 81 234 154 39 321 81 154 383 234 383 154 459 225 155 347 383 122 184 347 81 459 446 155 459 236 446 234 81 446 154 122 39 39 155 230 225 446 383 122 446 155 234 225 347 155 236 184 230 383 155 321 347 39 81 347 155 236 459 155 321 383 459 321 383 407 407 39 81 155 155 234 488 230 446 407 230 459 383 184 407 81 81 81 459 383 39 234 154 81 39 81 488 347 488 446 154 347 459 184 39 488 230 407 234 154 122 225 347 446 225 230 234 459 184 446 321 488 155 488 459 446 321 347 383 225 236 155 459 459 321 488 81 225 488 236 459 236 234 225 236 321 347 230 39 155 347 81 184 321 39 383 225 488 230 81 488 236 225 321 184 81 321 122 383 154 236 347 81 225 347 39 184 230 446 39 236 234 234 184 321 236 155 81 225 236 459 230 383 347 184 383 459 184 230 225 347 321 459 155 459 155 347 488 122 39 154 122 321 155 321 236 459 225 81 234 459 236 122 230 184 81 184 321 347 81 407 459 459 234 184 407 459 154 407 225 407 236 81 225 446 347 234 154 81 459 347 184 155 236 39 154 234 383 184 81 234 230 321 184 81 459 407 154 184 230 321 184 225 230 122 234 122 155 321 407 230 488 459 321 154 234 184 122 236 230 225 488 383 230 81 225 154 225 459 459 39 154 347 154 459 383 
  Facilities: 17
 39 : 4 10 12 42 63 75 77 79 97 109 139 144 158 167 202 230 231 251 265 284 288 298 342 348 369 373 403 448 494
 81 : 9 14 119 122 147 149 162 165 185 195 199 204 218 226 252 266 279 280 281 287 289 330 345 353 359 366 381 412 419 423 436 442 453 458 488
 122 : 8 24 62 89 113 131 132 163 170 215 229 237 304 361 402 405 416 468 470 481
 154 : 6 15 16 47 52 59 70 76 80 112 115 116 179 201 205 209 228 286 294 303 363 404 431 441 449 461 478 490 495 497
 155 : 5 7 20 21 46 94 96 100 128 151 212 221 232 239 243 248 254 257 267 268 316 325 343 380 397 399 407 446 471
 184 : 27 44 56 58 64 67 68 71 87 90 110 117 126 148 160 161 188 197 216 245 277 297 312 346 358 370 377 388 391 418 420 428 445 452 457 462 465 480
 225 : 3 11 29 30 33 43 45 86 120 133 172 178 192 211 234 241 305 308 323 331 337 350 356 367 382 393 411 433 437 466 484 489 491
 230 : 19 31 39 61 73 93 95 174 184 233 246 271 274 300 309 341 352 371 385 392 417 455 463 467 474 483 487
 234 : 1 17 32 69 78 102 104 106 108 121 123 134 142 145 157 173 186 194 200 207 225 240 269 285 302 310 336 375 376 413 427 440 450 454 469 479
 236 : 2 18 22 36 49 103 168 177 183 223 244 255 324 333 335 338 355 364 374 379 383 409 415 435 447 482
 321 : 55 92 105 111 114 143 171 181 196 203 249 258 261 314 320 328 339 347 357 360 378 395 406 408 421 456 464 472 477
 347 : 83 84 99 127 129 137 153 164 176 190 193 213 217 242 250 253 291 295 306 321 340 344 365 368 387 394 400 422 439 444 496
 383 : 41 50 88 130 135 136 141 150 152 156 159 169 175 182 187 189 206 208 214 236 247 259 262 276 283 322 349 362 386 389 451 486 499
 407 : 23 25 35 38 53 60 85 91 124 166 263 264 273 278 301 424 429 432 434 460 473
 446 : 0 13 26 28 48 57 65 74 101 107 146 154 155 198 220 224 227 235 238 272 293 307 313 319 372 438
 459 : 34 40 72 118 138 210 219 222 256 260 275 282 296 311 318 326 327 334 384 390 396 398 410 414 425 426 430 443 459 476 492 493 498
 488 : 37 51 54 66 81 82 98 125 140 180 191 270 290 292 299 315 317 329 332 351 354 401 475 485
SOLUTION:
  Value: -539725.000000
  Assigns: 311 410 430 430 468 430 319 2 311 319 468 225 39 446 410 410 424 2 2 230 430 34 472 311 472 430 446 424 446 225 225 230 234 225 459 234 34 488 2 230 459 34 430 410 424 319 472 2 12 2 34 488 12 430 488 311 2 446 488 424 12 230 472 2 225 446 488 225 230 234 319 34 459 230 446 410 12 39 319 39 468 488 488 468 472 2 12 468 488 311 468 488 321 430 234 230 446 39 424 468 12 446 234 488 234 321 234 446 234 39 230 424 321 468 321 34 468 34 311 12 311 234 311 234 472 488 472 2 12 234 472 12 2 225 234 12 472 12 319 311 2 311 234 321 311 234 446 430 34 234 488 12 424 12 446 446 2 424 39 225 230 430 430 488 12 446 2 39 12 472 230 321 225 234 230 488 311 319 225 321 488 468 230 321 230 410 410 410 410 230 459 488 225 34 234 446 321 424 446 468 319 468 39 321 234 472 472 12 488 311 459 225 472 311 39 410 319 424 472 472 446 468 459 311 446 234 410 446 12 472 39 39 472 230 225 410 2 12 446 34 234 225 234 410 2 2 230 12 225 321 2 39 311 230 234 321 459 2 472 424 12 321 34 2 430 2 311 430 311 2 488 230 12 319 468 319 319 319 430 446 2 459 34 12 39 234 319 468 39 472 488 311 488 410 430 472 410 311 39 488 319 468 424 2 311 225 430 446 472 230 234 459 472 12 321 311 230 488 34 446 319 472 311 225 488 311 459 459 321 319 319 225 488 2 468 430 234 225 311 430 2 230 39 34 424 410 430 321 39 410 225 488 230 225 488 459 225 468 34 12 321 311 446 311 311 319 424 225 424 39 424 230 446 39 234 234 234 225 321 319 424 39 2 234 459 230 12 225 234 39 468 488 12 225 446 321 459 319 459 472 34 488 319 39 472 488 321 424 321 34 459 225 459 234 459 321 488 230 39 2 2 321 12 12 424 468 459 468 430 430 2 446 410 225 424 2 468 225 446 230 468 468 472 472 468 424 319 234 2 12 234 430 12 446 234 230 321 446 12 410 2 410 468 230 321 319 225 230 468 234 311 311 321 424 230 319 459 321 430 311 2 472 472 230 225 488 410 230 472 410 2 225 459 459 34 468 468 321 459 12 
  Facilities: 18
 2 : 7 17 18 38 47 49 56 63 85 127 132 140 156 166 236 244 245 250 257 263 265 269 280 303 333 340 382 419 420 430 435 448 460 480 490
 12 : 48 52 60 76 86 100 119 128 131 135 137 151 153 164 168 207 228 237 247 260 272 283 313 359 386 392 422 423 449 452 458 499
 34 : 21 36 41 50 71 115 117 148 193 239 262 282 318 343 358 400 409 494
 39 : 12 77 79 97 109 158 167 202 214 230 231 251 284 288 298 342 348 369 373 381 389 403 418
 225 : 11 29 30 33 64 67 133 159 172 178 192 211 234 241 248 305 323 331 337 350 353 356 367 377 387 393 411 433 437 466 484 491
 230 : 19 31 39 61 68 73 95 110 160 170 174 182 184 189 233 246 253 271 309 316 341 352 371 385 417 439 455 463 467 474 483 487
 234 : 32 35 69 94 102 104 106 108 121 123 129 134 142 145 149 173 194 204 225 240 242 254 285 310 336 374 375 376 383 388 413 447 450 454 469
 311 : 0 8 23 55 89 118 120 122 139 141 144 176 209 213 223 252 266 268 291 297 304 315 322 325 338 361 363 364 470 471 479
 319 : 6 9 45 70 78 138 177 200 216 273 275 276 277 286 300 320 329 330 365 379 397 402 446 465 475
 321 : 92 105 112 114 143 171 179 183 196 203 249 255 261 314 328 347 360 378 395 406 408 415 421 456 464 472 477 497
 410 : 1 14 15 43 75 185 186 187 188 215 226 235 243 293 296 345 349 432 459 461 486 489
 424 : 16 27 44 59 98 111 152 157 197 217 259 302 344 366 368 370 380 407 424 434 445 473
 430 : 2 3 5 20 25 42 53 93 147 161 162 264 267 278 294 306 335 339 346 428 429 451 478
 446 : 13 26 28 57 65 74 96 101 107 146 154 155 165 195 198 220 224 227 238 279 307 319 362 372 394 431 438 453 457
 459 : 34 40 72 190 210 222 256 281 311 326 327 355 384 396 398 410 412 414 426 476 492 493 498
 468 : 4 10 80 83 87 90 99 113 116 181 199 201 221 274 287 301 334 357 390 425 427 436 440 441 444 462 468 495 496
 472 : 22 24 46 62 84 124 126 130 136 169 205 206 212 218 219 229 232 258 289 295 308 312 321 399 404 442 443 481 482 488
 488 : 37 51 54 58 66 81 82 88 91 103 125 150 163 175 180 191 208 270 290 292 299 317 324 332 351 354 391 401 405 416 485
SOLUTION:
  Value: -539744.000000
  Assigns: 446 234 236 225 39 155 154 155 122 81 39 225 39 446 81 154 154 234 236 230 155 155 236 347 122 321 446 184 446 225 225 230 234 225 459 184 236 488 184 230 459 383 39 225 184 225 155 154 446 236 383 488 154 81 488 321 184 446 184 154 236 230 122 39 184 446 488 184 184 234 154 184 459 230 446 39 154 39 234 39 154 488 488 347 347 122 225 184 383 122 184 81 321 230 155 230 155 39 488 347 155 446 234 236 234 321 234 446 234 39 184 321 154 122 321 154 154 184 459 81 225 234 81 234 459 488 184 347 155 347 383 122 122 225 234 383 383 347 459 39 488 383 234 321 39 234 446 81 184 81 383 155 383 347 446 446 383 234 39 383 184 184 81 122 347 81 154 39 236 383 122 321 225 234 230 383 347 236 225 154 488 321 383 236 230 81 234 383 184 383 347 488 225 347 234 81 321 184 446 81 234 154 39 321 81 154 383 234 383 154 459 225 155 347 383 122 184 347 81 459 446 155 459 236 446 234 81 446 154 122 39 39 155 230 225 446 383 122 446 155 234 225 347 155 236 184 230 383 155 321 347 39 81 347 155 236 459 155 321 383 459 321 383 155 122 39 81 155 155 234 488 230 446 383 230 459 383 184 234 81 81 81 459 383 39 234 154 81 39 81 488 347 488 446 154 347 459 184 39 488 230 230 234 154 122 225 347 446 225 230 234 459 184 446 321 488 155 488 459 446 321 347 383 225 236 155 459 459 321 488 81 225 488 236 459 236 234 225 236 321 347 230 39 155 347 81 184 321 39 383 225 488 230 81 488 236 225 321 184 81 321 122 383 154 236 347 81 225 347 39 184 230 446 39 236 234 234 184 321 236 155 81 225 236 459 230 383 347 184 383 459 184 230 225 347 321 459 155 459 155 347 488 122 39 154 122 321 155 321 236 459 225 81 234 459 236 122 230 184 81 184 321 347 81 234 459 459 234 184 446 459 154 225 225 383 236 81 225 446 347 234 154 81 459 347 184 155 236 39 154 234 383 184 81 234 230 321 184 81 459 122 154 184 230 321 184 225 230 122 234 122 155 321 236 230 488 459 321 154 234 184 122 236 230 225 488 383 230 81 225 154 225 459 459 39 154 347 154 459 383 
  Facilities: 16
 39 : 4 10 12 42 63 75 77 79 97 109 139 144 158 167 202 230 231 251 265 284 288 298 342 348 369 373 403 448 494
 81 : 9 14 53 91 119 122 147 149 162 165 185 195 199 204 218 226 252 266 279 280 281 287 289 330 345 353 359 366 381 412 419 423 436 442 453 458 488
 122 : 8 24 62 85 89 113 131 132 163 170 215 229 237 264 304 361 402 405 416 460 468 470 481
 154 : 6 15 16 47 52 59 70 76 80 112 115 116 166 179 201 205 209 228 286 294 303 363 404 431 441 449 461 478 490 495 497
 155 : 5 7 20 21 46 94 96 100 128 151 212 221 232 239 243 248 254 257 263 267 268 316 325 343 380 397 399 407 446 471
 184 : 27 35 38 44 56 58 64 67 68 71 87 90 110 117 126 148 160 161 188 197 216 245 277 297 312 346 358 370 377 388 391 418 420 428 445 452 457 462 465 480
 225 : 3 11 29 30 33 43 45 86 120 133 172 178 192 211 234 241 305 308 323 331 337 350 356 367 382 393 411 432 433 437 466 484 489 491
 230 : 19 31 39 61 73 93 95 174 184 233 246 271 274 300 301 309 341 352 371 385 392 417 455 463 467 474 483 487
 234 : 1 17 32 69 78 102 104 106 108 121 123 134 142 145 157 173 186 194 200 207 225 240 269 278 285 302 310 336 375 376 413 424 427 440 450 454 469 479
 236 : 2 18 22 36 49 60 103 168 177 183 223 244 255 324 333 335 338 355 364 374 379 383 409 415 435 447 473 482
 321 : 25 55 92 105 111 114 143 171 181 196 203 249 258 261 314 320 328 339 347 357 360 378 395 406 408 421 456 464 472 477
 347 : 23 83 84 99 127 129 137 153 164 176 190 193 213 217 242 250 253 291 295 306 321 340 344 365 368 387 394 400 422 439 444 496
 383 : 41 50 88 130 135 136 141 150 152 156 159 169 175 182 187 189 206 208 214 236 247 259 262 273 276 283 322 349 362 386 389 434 451 486 499
 446 : 0 13 26 28 48 57 65 74 101 107 146 154 155 198 220 224 227 235 238 272 293 307 313 319 372 429 438
 459 : 34 40 72 118 124 138 210 219 222 256 260 275 282 296 311 318 326 327 334 384 390 396 398 410 414 425 426 430 443 459 476 492 493 498
 488 : 37 51 54 66 81 82 98 125 140 180 191 270 290 292 299 315 317 329 332 351 354 401 475 485
SOLUTION:
  Value: -539769.000000
  Assigns: 311 410 430 430 468 430 319 2 311 319 468 225 430 446 410 410 424 2 2 230 430 34 472 311 472 430 446 424 446 225 225 230 234 225 459 234 34 488 2 230 459 34 430 410 424 319 472 2 12 2 34 488 12 430 488 311 2 446 488 424 12 230 472 2 225 446 488 225 230 234 319 34 459 230 446 410 12 410 319 459 468 488 488 468 472 2 12 468 488 311 468 488 321 430 234 230 446 319 424 468 12 446 234 488 234 321 234 446 234 34 230 424 321 468 321 34 468 34 311 12 311 234 311 234 472 488 472 2 12 234 472 12 2 225 234 12 472 12 319 311 2 311 234 321 311 234 446 430 34 234 488 12 424 12 446 446 2 424 234 225 230 430 430 488 12 446 2 321 12 472 230 321 225 234 230 488 311 319 225 321 488 468 230 321 230 410 410 410 410 230 459 488 225 34 234 446 321 424 446 468 319 468 2 321 234 472 472 12 488 311 459 225 472 311 319 410 319 424 472 472 446 468 459 311 446 234 410 446 12 472 230 234 472 230 225 410 2 12 446 34 234 225 234 410 2 2 230 12 225 321 2 34 311 230 234 321 459 2 472 424 12 321 34 2 430 2 311 430 311 2 488 230 12 319 468 319 319 319 430 446 2 459 34 12 424 234 319 468 230 472 488 311 488 410 430 472 410 311 468 488 319 468 424 2 311 225 430 446 472 230 234 459 472 12 321 311 230 488 34 446 319 472 311 225 488 311 459 459 321 319 319 225 488 2 468 430 234 225 311 430 2 230 2 34 424 410 430 321 410 410 225 488 230 225 488 459 225 468 34 12 321 311 446 311 311 319 424 225 424 410 424 230 446 319 234 234 234 225 321 319 424 459 2 234 459 230 12 225 234 424 468 488 12 225 446 321 459 319 459 472 34 488 319 321 472 488 321 424 321 34 459 225 459 234 459 321 488 230 424 2 2 321 12 12 424 468 459 468 430 430 2 446 410 225 424 2 468 225 446 230 468 468 472 472 468 424 319 234 2 12 234 430 12 446 234 230 321 446 12 410 2 410 468 230 321 319 225 230 468 234 311 311 321 424 230 319 459 321 430 311 2 472 472 230 225 488 410 230 472 410 2 225 459 459 34 468 468 321 459 12 
  Facilities: 17
 2 : 7 17 18 38 47 49 56 63 85 127 132 140 156 166 202 236 244 245 250 257 263 265 269 280 303 333 340 342 382 419 420 430 435 448 460 480 490
 12 : 48 52 60 76 86 100 119 128 131 135 137 151 153 164 168 207 228 237 247 260 272 283 313 359 386 392 422 423 449 452 458 499
 34 : 21 36 41 50 71 109 115 117 148 193 239 251 262 282 318 343 358 400 409 494
 225 : 11 29 30 33 64 67 133 159 172 178 192 211 234 241 248 305 323 331 337 350 353 356 367 377 387 393 411 433 437 466 484 491
 230 : 19 31 39 61 68 73 95 110 160 170 174 182 184 189 230 233 246 253 271 288 309 316 341 352 371 385 417 439 455 463 467 474 483 487
 234 : 32 35 69 94 102 104 106 108 121 123 129 134 142 145 149 158 173 194 204 225 231 240 242 254 285 310 336 374 375 376 383 388 413 447 450 454 469
 311 : 0 8 23 55 89 118 120 122 139 141 144 176 209 213 223 252 266 268 291 297 304 315 322 325 338 361 363 364 470 471 479
 319 : 6 9 45 70 78 97 138 177 200 214 216 273 275 276 277 286 300 320 329 330 365 373 379 397 402 446 465 475
 321 : 92 105 112 114 143 167 171 179 183 196 203 249 255 261 314 328 347 360 378 395 403 406 408 415 421 456 464 472 477 497
 410 : 1 14 15 43 75 77 185 186 187 188 215 226 235 243 293 296 345 348 349 369 432 459 461 486 489
 424 : 16 27 44 59 98 111 152 157 197 217 259 284 302 344 366 368 370 380 389 407 418 424 434 445 473
 430 : 2 3 5 12 20 25 42 53 93 147 161 162 264 267 278 294 306 335 339 346 428 429 451 478
 446 : 13 26 28 57 65 74 96 101 107 146 154 155 165 195 198 220 224 227 238 279 307 319 362 372 394 431 438 453 457
 459 : 34 40 72 79 190 210 222 256 281 311 326 327 355 381 384 396 398 410 412 414 426 476 492 493 498
 468 : 4 10 80 83 87 90 99 113 116 181 199 201 221 274 287 298 301 334 357 390 425 427 436 440 441 444 462 468 495 496
 472 : 22 24 46 62 84 124 126 130 136 169 205 206 212 218 219 229 232 258 289 295 308 312 321 399 404 442 443 481 482 488
 488 : 37 51 54 58 66 81 82 88 91 103 125 150 163 175 180 191 208 270 290 292 299 317 324 332 351 354 391 401 405 416 485
SOLUTION:
  Value: -539839.000000
  Assigns: 311 234 236 471 39 135 319 36 6 319 6 192 135 135 236 6 275 223 236 315 135 192 311 311 6 471 471 184 471 236 77 36 234 237 36 184 236 275 153 77 6 315 39 275 184 319 471 275 319 236 135 153 192 77 471 311 237 153 184 311 192 135 319 39 184 311 315 184 77 135 223 311 471 236 315 39 223 39 6 39 192 319 311 135 223 153 192 184 223 311 77 6 184 192 135 236 315 39 315 135 237 471 135 236 315 275 234 6 234 471 184 319 184 319 192 275 275 135 237 77 311 234 311 234 77 275 184 319 6 234 315 319 275 471 234 192 192 237 471 311 36 36 234 153 311 234 223 223 184 6 36 237 36 223 6 471 223 6 471 237 184 184 77 471 471 184 153 39 153 36 77 36 6 234 153 135 315 236 471 192 153 275 36 236 6 236 319 192 184 315 237 184 135 192 234 223 471 184 135 223 319 315 39 275 234 6 153 192 6 311 237 311 237 311 39 192 184 6 311 319 153 275 77 236 471 192 236 6 192 36 39 39 237 192 275 192 223 236 184 77 234 315 77 471 471 184 237 237 315 153 315 237 471 36 223 153 135 192 275 135 319 135 36 237 223 39 192 36 153 234 184 311 77 319 135 319 192 315 234 471 311 77 36 135 275 234 319 275 471 236 192 275 236 237 275 237 77 237 192 234 319 471 234 135 36 6 311 135 135 192 234 471 6 275 236 311 315 39 234 275 319 311 311 36 236 77 319 36 184 319 319 223 237 236 223 236 77 237 236 223 236 319 39 275 36 77 223 153 39 135 36 153 315 6 471 236 471 275 77 275 192 311 77 311 311 6 223 135 135 39 184 39 223 6 236 234 6 184 471 236 223 39 223 236 153 275 36 319 184 275 36 184 36 153 6 275 471 319 315 236 153 471 319 39 275 192 192 39 39 223 77 135 315 234 234 236 223 237 184 319 184 275 315 311 234 77 135 234 315 135 77 135 315 237 77 153 36 311 275 153 234 315 311 471 234 184 319 236 36 275 234 223 184 471 234 77 135 184 153 311 471 192 135 319 275 77 6 39 275 153 153 311 153 237 315 223 36 77 135 311 184 275 236 471 311 135 315 315 315 6 77 311 135 184 135 236 234 223 184 315 
  Facilities: 17
 6 : 8 10 15 24 40 78 91 107 128 149 154 157 172 184 205 208 217 227 305 312 353 365 373 376 394 466 489
 36 : 7 31 34 140 141 150 152 169 171 182 229 253 262 267 282 304 323 327 344 350 386 390 392 436 448 476
 39 : 4 42 63 75 77 79 97 167 202 214 230 231 265 317 342 348 369 371 381 403 407 408 467
 77 : 30 39 53 68 90 119 124 162 170 222 239 242 272 281 296 325 336 345 358 362 410 425 430 434 455 465 477 490
 135 : 5 12 13 20 50 61 69 83 94 99 102 117 175 192 198 256 259 261 274 283 303 307 308 349 367 368 411 426 429 431 456 462 478 485 492 494
 153 : 38 51 57 85 143 166 168 174 180 206 220 249 255 268 347 351 384 393 400 435 439 458 469 470 472
 184 : 27 35 44 58 64 67 87 92 110 112 126 148 160 161 165 188 191 197 216 238 245 270 328 370 377 388 391 418 420 445 452 457 480 493 498
 192 : 11 21 52 60 80 86 93 114 135 136 179 187 193 207 215 225 228 233 235 257 266 276 290 298 309 360 405 406 461
 223 : 17 70 76 84 88 146 147 153 156 195 199 236 254 264 331 334 339 346 366 372 380 382 409 416 451 475 497
 234 : 1 32 106 108 121 123 129 134 142 145 173 194 204 240 269 278 285 299 302 310 318 375 413 414 424 427 440 444 450 454 496
 236 : 2 14 18 29 36 49 73 95 103 177 183 185 223 226 237 289 292 314 324 333 335 338 340 355 374 379 383 399 415 447 482 495
 237 : 33 56 100 118 137 151 159 190 210 212 232 246 247 251 263 293 295 297 332 337 417 433 473
 275 : 16 37 43 47 105 115 116 125 132 181 203 221 234 258 284 287 291 294 313 319 343 357 359 385 389 395 404 421 438 449 464 468 481
 311 : 0 22 23 55 59 65 71 82 89 120 122 139 144 209 211 213 218 271 280 306 315 321 322 361 363 364 423 437 442 459 471 479 484 491
 315 : 19 41 66 74 96 98 104 130 176 189 201 241 248 250 277 316 352 398 412 422 428 432 441 474 486 487 488 499
 319 : 6 9 45 48 62 81 111 113 127 131 186 200 219 260 273 275 286 300 320 326 329 330 341 387 397 402 419 446 463
 471 : 3 25 26 28 46 54 72 101 109 133 138 155 158 163 164 178 196 224 243 244 252 279 288 301 311 354 356 378 396 401 443 453 460 483
SOLUTION:
  Value: -539884.000000
  Assigns: 311 234 269 453 468 39 305 2 122 298 468 269 39 298 485 305 485 223 2 472 192 192 472 311 122 453 485 269 485 225 225 122 234 225 459 485 453 234 2 298 459 298 39 225 21 225 485 2 122 2 21 269 192 280 280 311 2 21 122 311 192 192 122 2 225 21 2 225 2 21 223 311 459 305 298 39 280 39 468 39 485 280 311 468 223 122 192 468 223 311 468 269 453 192 234 269 298 39 459 468 298 298 234 298 234 223 234 459 234 39 311 468 298 468 192 280 468 298 311 485 311 234 311 234 472 269 472 2 472 234 472 122 2 225 453 485 192 311 305 311 453 305 234 468 311 234 21 223 453 305 298 269 305 223 311 21 223 298 39 485 192 223 298 122 298 269 2 39 234 269 122 269 225 234 305 21 311 305 225 269 485 453 269 225 21 305 234 192 468 453 459 122 225 192 234 223 468 192 21 468 311 453 305 468 234 472 472 192 122 311 459 298 21 311 39 122 453 2 472 472 280 468 459 311 485 305 485 485 192 122 39 39 472 192 269 192 223 122 280 21 234 225 234 453 21 21 485 21 225 468 2 39 311 280 223 122 459 2 472 21 298 485 280 280 223 305 192 453 305 234 305 485 453 269 468 468 192 485 234 192 298 453 192 122 269 234 280 280 39 472 192 305 311 39 305 269 269 280 192 234 485 468 234 2 122 225 311 225 472 192 234 459 472 468 472 311 122 39 459 280 468 472 311 280 269 485 459 459 280 311 280 225 305 485 223 485 21 21 311 223 2 305 39 269 453 298 223 21 39 453 305 453 269 225 305 305 225 468 468 485 269 311 305 311 311 468 223 225 21 39 21 472 223 39 122 234 305 225 468 311 223 39 2 234 459 269 453 225 234 21 468 39 453 225 280 2 459 223 280 472 21 192 269 39 21 192 192 453 39 223 459 225 459 234 459 453 122 280 39 2 2 311 472 311 234 269 459 468 39 305 2 468 21 280 280 192 468 225 192 485 468 468 472 472 468 459 453 234 2 21 234 305 298 485 234 472 485 21 269 311 2 192 298 225 472 280 225 485 468 223 122 311 269 305 453 223 459 192 298 280 2 223 472 122 225 453 453 192 485 21 2 225 459 459 39 468 468 223 459 298 
  Facilities: 18
 2 : 7 18 38 47 49 56 63 66 68 127 132 166 217 250 257 303 340 382 395 419 420 430 448 460 480 490
 21 : 44 50 57 65 69 146 155 175 184 198 212 239 244 245 247 259 336 337 347 368 370 389 400 404 432 449 457 489
 39 : 5 12 42 75 77 79 97 109 158 167 214 230 231 251 288 293 317 342 348 369 373 381 391 403 408 418 428 494
 122 : 8 24 31 48 58 62 85 131 163 170 191 208 215 229 237 255 283 304 316 374 416 470 483
 192 : 20 21 52 60 61 86 93 114 136 160 187 193 197 207 228 233 235 266 276 279 282 290 298 309 401 405 406 435 438 461 477 487
 223 : 17 70 84 88 105 147 153 156 161 195 236 254 264 334 339 346 366 372 380 397 409 469 475 481 497
 225 : 29 30 33 43 45 64 67 133 172 178 183 192 241 248 305 307 331 353 356 367 377 387 393 411 437 463 466 484 491
 234 : 1 32 37 94 102 104 106 108 121 123 129 142 145 168 173 186 194 204 240 242 269 278 285 299 302 310 375 383 388 413 424 447 450 454
 269 : 2 11 27 51 91 95 125 151 165 169 171 179 182 234 273 284 295 296 324 343 352 360 385 402 425 458 472
 280 : 53 54 76 81 115 220 238 253 262 263 286 287 297 319 323 328 330 394 398 417 433 434 465 479
 298 : 9 13 39 41 74 96 100 101 103 112 117 150 157 162 164 211 260 280 345 452 462 478 499
 305 : 6 15 73 138 141 149 152 174 177 185 202 225 265 268 270 291 294 332 341 350 354 355 362 376 429 451 473
 311 : 0 23 55 59 71 82 89 110 118 120 122 137 139 144 154 176 200 209 213 223 252 292 306 315 322 329 338 361 363 364 379 421 423 459 471
 453 : 3 25 36 92 134 140 148 181 189 201 216 243 267 272 281 344 349 351 386 392 407 415 446 474 485 486
 459 : 34 40 72 98 107 190 210 222 256 311 318 326 327 384 396 410 412 414 426 445 476 492 493 498
 468 : 4 10 78 83 87 90 99 111 113 116 143 188 196 199 203 221 249 274 275 301 313 320 357 358 365 378 390 427 431 436 440 441 444 468 495 496
 472 : 19 22 124 126 128 130 205 206 218 219 232 258 289 308 312 314 321 371 399 422 442 443 455 464 482
 485 : 14 16 26 28 35 46 80 119 135 159 180 224 226 227 246 261 271 277 300 325 333 335 359 439 453 456 467 488
SOLUTION:
  Value: -539902.000000
  Assigns: 311 234 269 453 468 39 305 2 122 298 468 269 39 298 485 305 485 223 2 472 192 192 472 311 122 453 485 269 485 225 225 122 234 225 2 485 453 234 2 298 269 298 39 225 21 225 485 2 122 2 21 269 192 280 280 311 2 21 122 311 192 192 122 2 225 21 2 225 2 21 223 311 305 305 298 39 280 39 468 39 485 280 311 468 223 122 192 468 223 311 468 269 453 192 234 269 298 39 305 468 298 298 234 298 234 223 234 225 234 39 311 468 298 468 192 280 468 298 311 485 311 234 311 234 472 269 472 2 472 234 472 122 2 225 453 485 192 311 305 311 453 305 234 468 311 234 21 223 453 305 298 269 305 223 311 21 223 298 39 485 192 223 298 122 298 269 2 39 234 269 122 269 225 234 305 21 311 305 225 269 485 453 269 225 21 305 234 192 468 453 485 122 225 192 234 223 468 192 21 468 311 453 305 468 234 472 472 192 122 311 298 298 21 311 39 122 453 2 472 472 280 468 269 311 485 305 485 485 192 122 39 39 472 192 269 192 223 122 280 21 234 225 234 453 21 21 485 21 225 468 2 39 311 280 223 122 234 2 472 21 298 485 280 280 223 305 192 453 305 234 305 485 453 269 468 468 192 485 234 192 298 453 192 122 269 234 280 280 39 472 192 305 311 39 305 269 269 280 192 234 485 468 234 2 122 225 311 225 472 192 234 122 472 468 472 311 122 39 234 280 468 472 311 280 269 485 122 225 280 311 280 225 305 485 223 485 21 21 311 223 2 305 39 269 453 298 223 21 39 453 305 453 269 225 305 305 225 468 468 485 269 311 305 311 311 468 223 225 21 39 21 472 223 39 122 234 305 225 468 311 223 39 2 234 472 269 453 225 234 21 468 39 453 225 280 2 122 223 280 472 21 192 269 39 21 192 192 453 39 223 192 225 485 234 234 453 122 280 39 2 2 311 472 311 234 269 472 468 39 305 2 468 21 280 280 192 468 225 192 485 468 468 472 472 468 269 453 234 2 21 234 305 298 485 234 472 485 21 269 311 2 192 298 225 472 280 225 485 468 223 122 311 269 305 453 223 468 192 298 280 2 223 472 122 225 453 453 192 485 21 2 225 21 305 39 468 468 223 453 298 
  Facilities: 17
 2 : 7 18 34 38 47 49 56 63 66 68 127 132 166 217 250 257 303 340 382 395 419 420 430 448 460 480 490
 21 : 44 50 57 65 69 146 155 175 184 198 212 239 244 245 247 259 336 337 347 368 370 389 400 404 432 449 457 489 492
 39 : 5 12 42 75 77 79 97 109 158 167 214 230 231 251 288 293 317 342 348 369 373 381 391 403 408 418 428 494
 122 : 8 24 31 48 58 62 85 131 163 170 191 208 215 229 237 255 283 304 311 316 326 374 396 416 470 483
 192 : 20 21 52 60 61 86 93 114 136 160 187 193 197 207 228 233 235 266 276 279 282 290 298 309 401 405 406 410 435 438 461 477 487
 223 : 17 70 84 88 105 147 153 156 161 195 236 254 264 334 339 346 366 372 380 397 409 469 475 481 497
 225 : 29 30 33 43 45 64 67 107 133 172 178 183 192 241 248 305 307 327 331 353 356 367 377 387 393 411 437 463 466 484 491
 234 : 1 32 37 94 102 104 106 108 121 123 129 142 145 168 173 186 194 204 240 242 256 269 278 285 299 302 310 318 375 383 388 413 414 424 447 450 454
 269 : 2 11 27 40 51 91 95 125 151 165 169 171 179 182 222 234 273 284 295 296 324 343 352 360 385 402 425 445 458 472
 280 : 53 54 76 81 115 220 238 253 262 263 286 287 297 319 323 328 330 394 398 417 433 434 465 479
 298 : 9 13 39 41 74 96 100 101 103 112 117 150 157 162 164 210 211 260 280 345 452 462 478 499
 305 : 6 15 72 73 98 138 141 149 152 174 177 185 202 225 265 268 270 291 294 332 341 350 354 355 362 376 429 451 473 493
 311 : 0 23 55 59 71 82 89 110 118 120 122 137 139 144 154 176 200 209 213 223 252 292 306 315 322 329 338 361 363 364 379 421 423 459 471
 453 : 3 25 36 92 134 140 148 181 189 201 216 243 267 272 281 344 349 351 386 392 407 415 446 474 485 486 498
 468 : 4 10 78 83 87 90 99 111 113 116 143 188 196 199 203 221 249 274 275 301 313 320 357 358 365 378 390 427 431 436 440 441 444 468 476 495 496
 472 : 19 22 124 126 128 130 205 206 218 219 232 258 289 308 312 314 321 371 384 399 422 426 442 443 455 464 482
 485 : 14 16 26 28 35 46 80 119 135 159 180 190 224 226 227 246 261 271 277 300 325 333 335 359 412 439 453 456 467 488
SOLUTION:
  Value: -539905.000000
  Assigns: 311 234 419 453 39 419 453 201 64 199 318 199 39 459 81 199 275 199 368 315 275 368 12 311 201 453 234 184 453 459 201 184 234 201 459 64 169 275 199 12 459 315 39 275 184 81 318 275 12 12 318 368 12 81 201 311 315 64 184 311 12 199 453 39 184 419 315 184 184 419 12 12 419 318 315 354 12 39 419 39 199 199 311 354 81 201 12 184 368 311 184 199 318 419 201 368 315 39 315 354 12 315 234 318 368 275 64 459 234 39 184 419 453 64 368 275 169 199 368 81 311 234 354 234 199 275 184 12 419 234 419 12 275 419 453 368 169 12 459 311 453 169 234 81 311 234 201 81 453 169 199 419 419 12 275 12 169 234 199 318 184 184 318 81 12 81 419 39 12 368 311 201 201 234 199 453 315 64 459 318 453 453 201 354 64 81 169 169 184 315 459 318 459 419 234 81 201 184 315 81 311 315 39 368 81 419 169 12 169 318 459 368 64 169 39 169 169 169 419 459 453 12 459 311 169 64 419 354 318 368 39 39 311 169 275 419 275 12 184 199 234 315 368 453 201 184 354 12 315 459 315 199 81 318 234 199 459 419 275 64 12 39 81 199 354 169 64 453 318 234 354 64 453 64 199 459 453 315 64 81 81 81 459 12 275 234 419 318 39 354 199 275 199 199 275 64 459 184 39 234 453 201 234 318 311 354 199 169 318 354 368 315 419 12 201 201 315 39 459 275 354 311 311 354 354 311 459 419 184 419 81 81 12 318 315 459 318 12 354 368 354 201 39 318 453 81 199 368 39 453 318 453 368 81 199 459 169 275 419 81 419 311 419 311 311 201 81 368 419 354 64 459 419 39 368 201 234 184 199 315 315 81 12 199 459 201 453 368 184 275 419 184 453 419 201 81 459 234 315 368 368 169 318 39 318 318 453 453 39 354 459 169 419 234 459 315 64 419 184 368 184 275 12 12 354 459 459 234 315 12 459 201 315 453 453 318 81 311 275 354 234 201 311 311 201 184 453 234 199 275 234 169 184 81 234 275 64 184 81 311 201 275 318 318 275 184 354 199 199 234 318 311 169 201 315 318 459 169 169 311 184 275 419 184 318 453 315 419 354 201 368 311 459 459 39 64 368 275 459 315 
  Facilities: 18
 12 : 22 39 48 49 52 60 70 71 76 86 100 127 131 137 153 155 164 168 207 221 237 247 260 283 313 332 337 382 422 423 429
 39 : 4 12 42 63 77 79 97 109 167 202 214 230 231 261 288 298 317 342 348 373 403 408 494
 64 : 8 35 57 106 113 177 184 212 225 259 266 271 273 278 295 370 416 456 495
 81 : 14 45 53 84 119 143 147 163 165 185 195 199 204 252 262 279 280 281 330 331 345 353 359 366 381 395 436 453 458
 169 : 36 116 136 141 149 156 186 187 206 208 213 215 216 217 224 233 265 307 356 401 411 451 472 477 478
 184 : 27 31 44 58 64 67 68 87 90 110 126 160 161 188 197 238 245 297 328 377 388 391 418 420 445 452 457 465 480 483
 199 : 9 11 15 17 38 61 80 81 91 117 124 150 158 174 239 251 255 263 274 290 292 293 306 346 354 378 383 448 467 468
 201 : 7 24 30 33 54 85 94 146 171 172 182 196 244 301 314 315 341 365 375 385 394 431 441 444 460 473 489
 234 : 1 26 32 102 108 121 123 129 142 145 157 173 194 240 254 269 285 299 302 376 397 413 427 440 447 450 454 469
 275 : 16 20 37 43 47 105 115 125 132 154 234 236 258 284 291 294 319 357 389 421 438 449 455 461 464 481 497
 311 : 0 23 55 59 82 89 120 139 144 170 200 223 232 304 321 322 325 361 363 364 437 442 443 459 471 479 491
 315 : 19 41 56 66 74 96 98 101 176 189 198 201 241 248 250 277 311 316 334 379 380 398 415 428 432 474 486 499
 318 : 10 46 50 73 92 103 159 162 179 191 209 228 253 268 287 303 308 333 336 343 350 402 404 405 435 462 463 470 475 484
 354 : 75 83 99 122 183 227 246 264 270 289 305 309 320 323 324 338 340 369 409 424 439 466 488
 368 : 18 21 51 88 95 104 114 118 135 169 203 211 229 242 310 339 347 352 367 374 387 399 400 419 490 496
 419 : 2 5 65 69 72 78 93 111 128 130 133 151 152 166 193 205 218 226 235 257 286 312 327 329 358 360 362 368 372 390 393 412 417 482 487
 453 : 3 6 25 28 62 112 134 140 148 175 180 181 220 243 267 272 276 300 344 349 351 386 392 406 407 433 434 446 485
 459 : 13 29 34 40 107 138 178 190 192 210 219 222 249 256 275 282 296 318 326 335 355 371 384 396 410 414 425 426 430 476 492 493 498
SOLUTION:
  Value: -539910.000000
  Assigns: 311 234 236 471 135 135 319 36 6 319 6 192 135 135 236 6 275 223 236 315 135 192 311 311 6 471 471 184 471 236 77 36 234 237 36 184 236 275 153 77 6 315 153 275 184 319 471 275 319 236 135 153 192 77 471 311 237 153 184 311 192 135 319 153 184 311 315 184 77 135 223 311 471 236 315 77 223 237 6 275 192 319 311 135 223 153 192 184 223 311 77 6 184 192 135 236 315 471 315 135 237 471 135 236 315 275 234 6 234 471 184 319 184 319 192 275 275 135 237 77 311 234 311 234 77 275 184 319 6 234 315 319 275 471 234 192 192 237 471 311 36 36 234 153 311 234 223 223 184 6 36 237 36 223 6 471 223 6 471 237 184 184 77 471 471 184 153 311 153 36 77 36 6 234 153 135 315 236 471 192 153 275 36 236 6 236 319 192 184 315 237 184 135 192 234 223 471 184 135 223 319 315 36 275 234 6 153 192 6 311 237 311 237 311 471 192 184 6 311 319 153 275 77 236 471 192 236 6 192 36 184 234 237 192 275 192 223 236 184 77 234 315 77 471 471 184 237 237 315 153 315 237 471 36 223 153 135 192 275 135 319 135 36 237 223 6 192 36 153 234 184 311 77 319 135 319 192 315 234 471 311 77 36 135 275 234 319 275 471 236 192 275 236 237 275 237 77 237 192 234 319 471 234 135 36 6 311 135 135 192 234 471 6 275 236 311 315 319 234 275 319 311 311 36 236 77 319 36 184 319 319 223 237 236 223 236 77 237 236 223 236 319 6 275 36 77 223 153 77 135 36 153 315 6 471 236 471 275 77 275 192 311 77 311 311 6 223 135 135 192 184 315 223 6 236 234 6 184 471 236 223 135 223 236 153 275 36 319 184 275 36 184 36 153 6 275 471 319 315 236 153 471 319 36 275 192 192 223 223 223 77 135 315 234 234 236 223 237 184 319 184 275 315 311 234 77 135 234 315 135 77 135 315 237 77 153 36 311 275 153 234 315 311 471 234 184 319 236 36 275 234 223 184 471 234 77 135 184 153 311 471 192 135 319 275 77 6 6 275 153 153 311 153 237 315 223 36 77 135 311 184 275 236 471 311 135 315 315 315 6 77 311 135 184 135 236 234 223 184 315 
  Facilities: 16
 6 : 8 10 15 24 40 78 91 107 128 149 154 157 172 184 205 208 217 227 265 305 312 342 353 365 373 376 394 466 467 489
 36 : 7 31 34 140 141 150 152 169 171 182 202 229 253 262 267 282 304 323 327 344 350 386 390 392 403 436 448 476
 77 : 30 39 53 68 75 90 119 124 162 170 222 239 242 272 281 296 325 336 345 348 358 362 410 425 430 434 455 465 477 490
 135 : 4 5 12 13 20 50 61 69 83 94 99 102 117 175 192 198 256 259 261 274 283 303 307 308 349 367 368 381 411 426 429 431 456 462 478 485 492 494
 153 : 38 42 51 57 63 85 143 166 168 174 180 206 220 249 255 268 347 351 384 393 400 435 439 458 469 470 472
 184 : 27 35 44 58 64 67 87 92 110 112 126 148 160 161 165 188 191 197 216 230 238 245 270 328 370 377 388 391 418 420 445 452 457 480 493 498
 192 : 11 21 52 60 80 86 93 114 135 136 179 187 193 207 215 225 228 233 235 257 266 276 290 298 309 360 369 405 406 461
 223 : 17 70 76 84 88 146 147 153 156 195 199 236 254 264 331 334 339 346 366 372 380 382 407 408 409 416 451 475 497
 234 : 1 32 106 108 121 123 129 134 142 145 173 194 204 231 240 269 278 285 299 302 310 318 375 413 414 424 427 440 444 450 454 496
 236 : 2 14 18 29 36 49 73 95 103 177 183 185 223 226 237 289 292 314 324 333 335 338 340 355 374 379 383 399 415 447 482 495
 237 : 33 56 77 100 118 137 151 159 190 210 212 232 246 247 251 263 293 295 297 332 337 417 433 473
 275 : 16 37 43 47 79 105 115 116 125 132 181 203 221 234 258 284 287 291 294 313 319 343 357 359 385 389 395 404 421 438 449 464 468 481
 311 : 0 22 23 55 59 65 71 82 89 120 122 139 144 167 209 211 213 218 271 280 306 315 321 322 361 363 364 423 437 442 459 471 479 484 491
 315 : 19 41 66 74 96 98 104 130 176 189 201 241 248 250 277 316 352 371 398 412 422 428 432 441 474 486 487 488 499
 319 : 6 9 45 48 62 81 111 113 127 131 186 200 219 260 273 275 286 300 317 320 326 329 330 341 387 397 402 419 446 463
 471 : 3 25 26 28 46 54 72 97 101 109 133 138 155 158 163 164 178 196 214 224 243 244 252 279 288 301 311 354 356 378 396 401 443 453 460 483
