# Time: 1320.719971
# Elapsed: 519.200317
# Input_file: splp/Fpp11/26FPP_11S.txt
# Pool_size: 200
# Iterations: 36
# Final_solutions: 6882
# Vision_range: 400
# Reduction_mode: REDUCTION_DISPERSE
# Dissimilitude: DISSIM_HAUSDORFF
# Facility_dist: FDISMODE_SUMOFDELTAS
SOLUTION:
  Value: -36232.000000
  Assigns: 84 5 3 3 5 5 51 33 107 3 107 5 33 39 40 60 84 43 39 40 65 33 43 107 123 51 123 39 40 33 51 43 33 33 60 39 40 3 39 40 40 5 43 43 65 39 40 51 60 43 51 51 3 65 5 123 60 51 84 60 60 65 107 84 65 65 60 33 3 33 5 65 84 39 40 39 40 43 123 43 84 107 33 84 84 51 107 51 39 40 84 3 43 5 60 107 60 123 33 65 51 65 123 107 39 40 107 107 43 60 3 123 5 107 65 3 51 5 84 123 84 33 123 123 3 60 5 39 40 123 65 43 3 
  Facilities: 12
 3 : 2 3 9 37 52 68 91 110 115 124 132
 5 : 1 4 5 11 41 54 70 93 112 117 126
 33 : 7 12 21 29 32 33 67 69 82 98 121
 39 : 13 18 27 35 38 45 73 75 88 104 127
 40 : 14 19 28 36 39 40 46 74 76 89 105 128
 43 : 17 22 31 42 43 49 77 79 92 108 131
 51 : 6 25 30 47 50 51 57 85 87 100 116
 60 : 15 34 48 56 59 60 66 94 96 109 125
 65 : 20 44 53 61 64 65 71 99 101 114 130
 84 : 0 16 58 63 72 80 83 84 90 118 120
 107 : 8 10 23 62 81 86 95 103 106 107 113
 123 : 24 26 55 78 97 102 111 119 122 123 129
SOLUTION:
  Value: -45202.000000
  Assigns: 45 2 2 15 72 17 51 52 2 77 55 15 96 17 15 15 84 17 63 45 119 15 119 17 45 51 47 39 96 55 51 52 77 45 55 119 2 63 39 84 52 45 63 55 45 39 47 47 52 15 51 119 52 47 55 55 77 51 84 63 72 55 63 84 15 77 17 2 72 63 96 72 84 39 119 96 77 77 72 45 15 47 17 77 84 51 52 51 39 55 84 55 96 119 45 96 47 63 119 63 51 52 96 15 55 17 72 119 72 2 45 77 47 77 2 119 51 52 84 119 84 72 15 2 17 119 77 15 63 17 96 2 96 
  Facilities: 15
 2 : 1 2 8 36 67 109 114 123 131
 15 : 3 11 14 15 21 49 64 80 103 122 127
 17 : 5 13 17 23 66 82 105 124 129
 39 : 27 38 45 73 88
 45 : 0 19 24 33 41 44 79 94 110
 47 : 26 46 47 53 81 96 112
 51 : 6 25 30 50 57 85 87 100 116
 52 : 7 31 40 48 52 86 101 117
 55 : 10 29 34 43 54 55 61 89 91 104
 63 : 18 37 42 59 62 69 97 99 128
 72 : 4 60 68 71 78 106 108 121
 77 : 9 32 56 65 76 77 83 111 113 126
 84 : 16 39 58 63 72 84 90 118 120
 96 : 12 28 70 75 92 95 102 130 132
 119 : 20 22 35 51 74 93 98 107 115 119 125
SOLUTION:
  Value: -54160.000000
  Assigns: 12 13 6 24 16 17 6 33 12 13 31 12 6 17 111 16 16 17 39 40 119 33 119 17 24 109 125 111 96 33 24 31 33 33 38 39 57 31 38 40 6 125 6 111 38 39 40 13 12 13 16 119 16 57 80 6 57 57 24 80 24 12 13 57 109 31 17 31 80 33 96 6 38 39 119 96 40 12 13 80 31 16 33 109 96 111 80 38 39 40 111 57 96 119 6 96 31 109 119 111 12 13 96 38 39 109 57 111 109 109 111 111 24 6 80 119 80 111 6 12 13 125 57 16 12 125 38 39 40 17 96 125 96 
  Facilities: 18
 6 : 2 6 12 40 42 55 71 94 113 118
 12 : 0 8 11 48 61 77 100 119 124
 13 : 1 9 47 49 62 78 101 120
 16 : 4 15 16 50 52 81 123
 17 : 5 13 17 23 66 129
 24 : 3 24 30 58 60 112
 31 : 10 31 37 65 67 80 96
 33 : 7 21 29 32 33 69 82
 38 : 34 38 44 72 87 103 126
 39 : 18 35 45 73 88 104 127
 40 : 19 39 46 76 89 128
 57 : 36 53 56 57 63 91 106 122
 80 : 54 59 68 79 86 114 116
 96 : 28 70 75 84 92 95 102 130 132
 109 : 25 64 83 97 105 108 109
 111 : 14 27 43 85 90 99 107 110 111 117
 119 : 20 22 51 74 93 98 115
 125 : 26 41 121 125 131
SOLUTION:
  Value: -60143.000000
  Assigns: 12 13 6 24 16 17 6 106 12 13 31 12 6 17 111 16 16 17 39 40 119 33 119 17 24 109 125 111 96 33 24 31 33 33 38 39 57 31 106 40 6 125 6 111 38 39 40 13 12 13 16 119 16 57 80 6 57 57 24 80 24 106 13 57 109 31 17 31 68 33 96 6 38 39 68 96 40 12 13 80 106 16 33 109 96 111 80 38 39 40 111 57 96 119 6 96 31 109 119 111 12 13 68 38 39 109 106 111 109 109 111 111 106 6 80 119 80 68 6 12 13 125 57 16 12 125 38 39 40 17 96 125 96 
  Facilities: 20
 6 : 2 6 12 40 42 55 71 94 113 118
 12 : 0 8 11 48 77 100 119 124
 13 : 1 9 47 49 62 78 101 120
 16 : 4 15 16 50 52 81 123
 17 : 5 13 17 23 66 129
 24 : 3 24 30 58 60
 31 : 10 31 37 65 67 96
 33 : 21 29 32 33 69 82
 38 : 34 44 72 87 103 126
 39 : 18 35 45 73 88 104 127
 40 : 19 39 46 76 89 128
 57 : 36 53 56 57 63 91 122
 68 : 68 74 102 117
 80 : 54 59 79 86 114 116
 96 : 28 70 75 84 92 95 130 132
 106 : 7 38 61 80 106 112
 109 : 25 64 83 97 105 108 109
 111 : 14 27 43 85 90 99 107 110 111
 119 : 20 22 51 93 98 115
 125 : 26 41 121 125 131
SOLUTION:
  Value: -66135.000000
  Assigns: 12 69 101 15 101 17 74 75 12 21 31 12 12 17 15 15 16 17 63 45 119 15 119 17 45 51 125 31 125 74 51 31 77 45 118 119 0 31 42 84 61 125 68 69 45 45 12 68 42 15 16 63 16 17 75 21 77 69 84 63 61 61 63 75 68 31 17 31 69 63 74 75 84 74 68 101 77 77 42 45 15 16 17 77 84 51 21 51 0 101 84 42 118 119 45 61 31 101 119 125 12 101 68 69 125 17 118 42 74 75 45 77 0 77 118 119 51 68 84 12 84 125 15 16 12 125 61 15 21 17 42 125 0 
  Facilities: 22
 0 : 36 88 112 132
 12 : 0 8 11 12 46 100 119 124
 15 : 3 14 15 21 49 80 122 127
 16 : 16 50 52 81 123
 17 : 5 13 17 23 53 66 82 105 129
 21 : 9 55 86 128
 31 : 10 27 31 37 65 67 96
 42 : 38 48 78 91 107 130
 45 : 19 24 33 44 45 79 94 110
 51 : 25 30 85 87 116
 61 : 40 60 61 95 126
 63 : 18 51 59 62 69
 68 : 42 47 64 74 102 117
 69 : 1 43 57 68 103
 74 : 6 29 70 73 108
 75 : 7 54 63 71 109
 77 : 32 56 76 77 83 111 113
 84 : 39 58 72 84 90 118 120
 101 : 2 4 75 89 97 101
 118 : 34 92 106 114
 119 : 20 22 35 93 98 115
 125 : 26 28 41 99 104 121 125 131
SOLUTION:
  Value: -66137.000000
  Assigns: 12 69 6 15 16 17 6 33 12 77 31 12 33 17 15 15 84 17 39 20 24 33 16 17 24 37 20 31 28 33 24 31 33 33 28 39 37 31 42 65 61 42 68 69 65 39 12 68 42 15 16 15 16 17 20 6 20 69 84 127 61 65 28 84 68 31 17 31 113 33 91 6 84 39 68 69 77 77 42 91 15 16 33 77 84 20 37 113 39 24 84 42 113 28 6 61 31 61 33 65 12 127 68 69 39 69 127 42 20 113 61 77 113 77 65 127 28 68 84 12 84 33 15 16 12 91 127 39 16 17 42 24 20 
  Facilities: 22
 6 : 2 6 55 71 94
 12 : 0 8 11 46 100 119 124
 15 : 3 14 15 49 51 80 122
 16 : 4 22 50 52 81 123 128
 17 : 5 13 17 23 53 66 129
 20 : 19 26 54 56 85 108 132
 24 : 20 24 30 89 131
 28 : 28 34 62 93 116
 31 : 10 27 31 37 65 67 96
 33 : 7 12 21 29 32 33 69 82 98 121
 37 : 25 36 86
 39 : 18 35 45 73 88 104 127
 42 : 38 41 48 78 91 107 130
 61 : 40 60 95 97 110
 65 : 39 44 61 99 114
 68 : 42 47 64 74 102 117
 69 : 1 43 57 75 103 105
 77 : 9 76 77 83 111 113
 84 : 16 58 63 72 84 90 118 120
 91 : 70 79 125
 113 : 68 87 92 109 112
 127 : 59 101 106 115 126
SOLUTION:
  Value: -72106.000000
  Assigns: 12 69 6 87 16 17 6 33 12 77 31 12 6 17 111 15 84 17 39 45 119 33 119 17 45 26 47 31 96 33 127 31 33 45 28 39 40 31 39 40 6 109 6 69 45 39 40 47 12 15 16 119 16 47 99 6 77 69 84 127 26 87 28 84 109 31 17 31 69 33 96 6 84 39 95 87 40 77 99 45 15 16 127 77 84 111 87 99 39 40 84 95 96 119 6 96 31 109 119 111 12 95 96 69 39 99 127 111 109 109 111 77 47 77 26 127 28 111 84 12 84 87 15 16 12 119 127 39 40 17 96 95 96 
  Facilities: 24
 6 : 2 6 12 40 42 55 71 94
 12 : 0 8 11 48 100 119 124
 15 : 15 49 80 122
 16 : 4 50 52 81 123
 17 : 5 13 17 23 66 129
 26 : 25 60 114
 28 : 34 62 116
 31 : 10 27 31 37 65 67 96
 33 : 7 21 29 32 69
 39 : 18 35 38 45 73 88 104 127
 40 : 36 39 46 76 89 128
 45 : 19 24 33 44 79
 47 : 26 47 53 112
 69 : 1 43 57 68 103
 77 : 9 56 77 83 111 113
 84 : 16 58 63 72 84 90 118 120
 87 : 3 61 75 86 121
 95 : 74 91 101 131
 96 : 28 70 92 95 102 130 132
 99 : 54 78 87 105
 109 : 41 64 97 108 109
 111 : 14 85 99 107 110 117
 119 : 20 22 51 93 98 125
 127 : 30 59 82 106 115 126
SOLUTION:
  Value: -72113.000000
  Assigns: 12 69 101 15 101 17 74 33 12 77 55 12 33 17 15 15 16 17 63 45 119 33 119 17 45 37 125 31 125 33 51 31 33 45 118 119 37 31 42 84 61 125 68 69 45 45 12 68 42 15 16 63 16 121 55 55 77 69 84 63 61 61 63 63 68 31 17 31 69 63 74 37 84 74 68 101 121 77 42 45 15 16 33 77 84 51 37 51 0 101 84 42 118 119 45 61 31 101 119 125 121 101 68 69 125 17 118 42 74 121 45 77 0 77 118 119 51 68 84 12 84 125 15 16 12 125 61 121 16 17 42 125 0 
  Facilities: 24
 0 : 88 112 132
 12 : 0 8 11 46 119 124
 15 : 3 14 15 49 80 122
 16 : 16 50 52 81 123 128
 17 : 5 13 17 23 66 105 129
 31 : 27 31 37 65 67 96
 33 : 7 12 21 29 32 82
 37 : 25 36 71 86
 42 : 38 48 78 91 107 130
 45 : 19 24 33 44 45 79 94 110
 51 : 30 85 87 116
 55 : 10 54 55
 61 : 40 60 61 95 126
 63 : 18 51 59 62 63 69
 68 : 42 47 64 74 102 117
 69 : 1 43 57 68 103
 74 : 6 70 73 108
 77 : 9 56 77 83 111 113
 84 : 39 58 72 84 90 118 120
 101 : 2 4 75 89 97 101
 118 : 34 92 106 114
 119 : 20 22 35 93 98 115
 121 : 53 76 100 109 127
 125 : 26 28 41 99 104 121 125 131
SOLUTION:
  Value: -72115.000000
  Assigns: 12 69 6 15 16 17 6 106 12 77 31 12 6 17 40 15 37 17 63 40 119 15 119 17 45 37 20 31 40 113 31 31 77 45 118 119 37 31 106 40 61 45 68 69 45 39 40 68 42 15 16 119 16 121 20 6 20 69 84 63 61 82 63 63 68 31 17 31 113 63 82 37 84 39 68 69 40 77 42 45 15 16 82 77 84 20 37 113 39 40 84 42 113 119 6 61 31 63 119 63 121 113 68 69 39 40 106 42 20 113 45 77 113 77 118 119 82 68 84 12 84 121 15 16 12 37 61 121 40 17 42 82 20 
  Facilities: 24
 6 : 2 6 12 55 94
 12 : 0 8 11 119 124
 15 : 3 15 21 49 80 122
 16 : 4 50 52 81 123
 17 : 5 13 17 23 66 129
 20 : 26 54 56 85 108 132
 31 : 10 27 30 31 37 65 67 96
 37 : 16 25 36 71 86 125
 39 : 45 73 88 104
 40 : 14 19 28 39 46 76 89 105 128
 42 : 48 78 91 107 130
 45 : 24 33 41 44 79 110
 61 : 40 60 95 126
 63 : 18 59 62 63 69 97 99
 68 : 42 47 64 74 102 117
 69 : 1 43 57 75 103
 77 : 9 32 77 83 111 113
 82 : 61 70 82 116 131
 84 : 58 72 84 90 118 120
 106 : 7 38 106
 113 : 29 68 87 92 101 109 112
 118 : 34 114
 119 : 20 22 35 51 93 98 115
 121 : 53 100 121 127
SOLUTION:
  Value: -72123.000000
  Assigns: 68 22 101 71 101 6 6 106 20 77 31 37 33 58 111 15 84 101 22 45 119 33 119 68 45 37 20 31 22 33 42 31 33 45 118 119 37 37 106 84 61 45 68 111 45 71 130 68 42 15 71 119 16 121 58 6 20 61 22 71 61 82 130 84 68 31 111 33 68 33 71 37 84 118 68 101 121 77 42 45 15 16 33 77 84 20 37 22 82 101 84 42 58 119 6 61 31 101 119 111 121 101 68 15 16 71 106 71 20 130 22 77 106 77 118 119 82 68 84 31 84 121 15 16 118 37 61 121 16 22 42 82 20 
  Facilities: 24
 6 : 5 6 55 94
 15 : 15 49 80 103 122
 16 : 52 81 104 123 128
 20 : 8 26 56 85 108 132
 22 : 1 18 28 58 87 110 129
 31 : 10 27 31 65 96 119
 33 : 12 21 29 32 67 69 82
 37 : 11 25 36 37 71 86 125
 42 : 30 48 78 91 130
 45 : 19 24 33 41 44 79
 58 : 13 54 92
 61 : 40 57 60 95 126
 68 : 0 23 42 47 64 68 74 102 117
 71 : 3 45 50 59 70 105 107
 77 : 9 77 83 111 113
 82 : 61 88 116 131
 84 : 16 39 63 72 84 90 118 120
 101 : 2 4 17 75 89 97 101
 106 : 7 38 106 112
 111 : 14 43 66 99
 118 : 34 73 114 124
 119 : 20 22 35 51 93 98 115
 121 : 53 76 100 121 127
 130 : 46 62 109
