# Time: 9097.250000
# Elapsed: 2026.570557
# Input_file: pmedian/pmed/pmed18.txt
# Pool_size: 200
# Iterations: 40
# Final_solutions: 8000
# Vision_range: 400
# Reduction_mode: REDUCTION_DISPERSE
# Dissimilitude: DISSIM_MSE
# Facility_dist: FDISMODE_SUMOFDELTAS
SOLUTION:
  Value: -4873.000000
  Assigns: 358 1 3 3 3 32 32 230 230 103 167 41 41 167 169 214 164 261 62 32 389 24 24 230 24 24 26 26 230 356 24 62 32 202 169 49 113 167 57 49 41 41 306 167 41 275 190 24 227 49 49 52 52 41 167 356 251 57 202 214 190 356 62 103 32 103 214 251 26 335 335 389 167 202 167 230 203 118 230 57 251 219 230 297 227 85 230 335 251 268 266 266 335 320 41 202 3 3 203 52 103 164 24 103 214 167 320 113 49 57 41 24 57 113 261 261 261 49 118 1 266 1 167 167 41 26 190 297 103 85 26 335 32 320 320 118 140 137 57 227 140 268 3 26 309 356 227 227 202 324 1 41 113 113 113 261 389 103 167 389 214 297 190 140 164 164 140 167 164 169 358 227 230 230 266 140 140 3 190 103 261 41 335 202 203 230 266 297 167 202 190 389 214 230 358 167 320 103 251 167 57 202 202 203 203 167 57 113 227 309 356 32 164 230 214 214 306 57 219 219 57 57 52 227 24 164 219 227 167 251 230 167 356 1 320 266 261 297 167 103 389 320 261 335 297 214 335 251 24 167 214 251 230 57 85 219 169 261 320 24 358 261 24 62 261 164 266 3 268 103 275 230 268 389 275 275 275 164 203 227 57 275 41 335 164 251 137 113 103 251 57 57 227 227 52 358 297 297 297 261 214 26 268 203 320 320 306 62 309 309 358 167 356 356 164 261 32 32 140 324 320 251 261 167 324 167 266 320 356 335 251 275 268 24 335 335 49 164 32 320 41 275 266 230 230 52 24 167 57 167 297 230 62 227 356 324 356 320 358 358 320 320 389 190 137 49 57 268 230 320 268 251 356 190 167 261 103 24 167 167 140 57 57 309 62 261 41 3 389 389 230 230 219 356 268 251 275 266 320 320 
  Facilities: 40
 1 : 1 119 121 150 233
 3 : 2 3 4 96 97 142 177 267 387
 24 : 21 22 24 25 30 47 102 111 224 248 259 262 333 346 377
 26 : 26 27 68 125 130 143 301
 32 : 5 6 19 32 64 132 211 316 317 338
 41 : 11 12 40 41 44 53 94 110 124 151 181 282 340 386
 49 : 35 39 49 50 108 117 336 365
 52 : 51 52 99 222 294 345
 57 : 38 57 79 109 112 138 200 206 217 220 221 253 280 290 291 348 366 381 382
 62 : 18 31 62 263 307 352 384
 85 : 85 129 254
 103 : 9 63 65 100 103 128 157 179 197 239 269 288 376
 113 : 36 107 113 152 153 154 207 287
 118 : 77 118 135
 137 : 137 286 364
 140 : 136 140 163 166 175 176 318 380
 164 : 16 101 164 165 168 212 225 265 277 284 314 337
 167 : 10 13 37 43 54 72 74 105 122 123 158 167 188 195 199 205 228 231 238 249 311 323 325 347 349 374 378 379
 169 : 14 34 169 256
 190 : 46 60 126 162 178 190 363 373
 202 : 33 58 73 95 148 183 189 201 202
 203 : 76 98 184 203 204 278 303
 214 : 15 59 66 104 160 192 214 215 245 250 300
 219 : 81 218 219 226 255 392
 227 : 48 84 139 146 147 171 208 223 227 279 292 293 353
 230 : 7 8 23 28 75 78 82 86 172 173 185 193 213 230 252 271 343 344 351 368 390 391
 251 : 56 67 80 88 198 229 247 251 285 289 321 330 371 395
 261 : 17 114 115 116 155 180 236 242 257 261 264 299 315 322 375 385
 266 : 90 91 120 174 186 235 266 326 342 397
 268 : 89 141 268 272 302 332 367 370 394
 275 : 45 270 274 275 276 281 331 341 396
 297 : 83 127 161 187 237 244 296 297 298 350
 306 : 42 216 306
 309 : 144 209 308 309 383
 320 : 93 106 133 134 196 234 241 258 304 305 320 327 339 357 360 361 369 398 399
 324 : 149 319 324 355
 335 : 69 70 87 92 131 182 243 246 283 329 334 335
 356 : 29 55 61 145 210 232 312 313 328 354 356 372 393
 358 : 0 170 194 260 295 310 358 359
 389 : 20 71 156 159 191 240 273 362 388 389
SOLUTION:
  Value: -4874.000000
  Assigns: 358 211 3 3 3 211 211 230 230 65 123 160 41 323 258 214 258 180 62 211 389 24 24 230 24 24 26 26 230 356 24 62 211 202 258 49 113 323 211 49 65 41 266 323 41 275 190 24 227 49 49 52 52 41 123 356 251 57 202 214 190 356 62 180 211 65 123 251 26 335 335 389 123 202 323 230 203 118 230 57 251 219 230 297 227 254 230 335 251 268 266 266 335 196 41 202 3 3 203 52 180 196 24 180 214 323 196 113 49 57 41 24 57 113 227 160 160 49 118 275 266 254 356 123 124 26 190 297 335 254 26 335 211 180 180 118 140 137 57 227 140 268 3 26 383 356 227 227 202 324 211 41 113 113 123 180 389 180 323 160 160 297 190 140 211 211 140 323 196 258 358 227 230 230 266 140 140 3 190 180 180 41 335 202 203 230 266 297 323 202 190 389 214 230 358 323 196 180 251 323 57 202 202 203 203 323 57 113 227 383 211 211 214 230 214 214 214 57 219 219 57 57 52 227 24 140 219 227 356 251 230 323 356 211 196 266 227 297 123 180 389 258 180 335 297 160 335 251 24 123 214 251 230 57 254 219 258 180 258 24 358 180 24 62 180 335 266 3 268 65 275 230 383 389 275 275 275 140 203 227 57 275 41 335 214 251 137 113 65 251 57 57 227 227 52 358 297 297 180 202 160 26 196 203 196 196 196 62 124 383 358 123 356 356 258 180 211 211 140 324 196 383 180 323 324 323 266 196 356 335 383 275 268 65 335 335 49 211 211 196 41 275 266 230 230 52 24 123 57 323 297 230 62 227 356 324 356 196 358 358 258 258 389 190 137 49 57 268 230 196 268 251 356 190 123 196 335 24 323 323 140 57 211 383 62 180 124 3 389 389 230 124 196 356 268 251 275 266 196 196 
  Facilities: 40
 3 : 2 3 4 96 97 142 177 267 387
 24 : 21 22 24 25 30 47 102 111 224 248 259 262 346 377
 26 : 26 27 68 125 130 143 301
 41 : 12 41 44 53 94 110 151 181 282 340
 49 : 35 39 49 50 108 117 336 365
 52 : 51 52 99 222 294 345
 57 : 57 79 109 112 138 200 206 217 220 221 253 280 290 291 348 366 381
 62 : 18 31 62 263 307 352 384
 65 : 9 40 65 269 288 333
 113 : 36 107 113 152 153 207 287
 118 : 77 118 135
 123 : 10 54 66 72 123 154 238 249 311 347 374
 124 : 124 308 386 391
 137 : 137 286 364
 140 : 136 140 163 166 175 176 225 277 318 380
 160 : 11 115 116 159 160 245 300
 180 : 17 63 100 103 133 134 155 157 179 180 197 239 242 257 261 264 298 315 322 385
 190 : 46 60 126 162 178 190 363 373
 196 : 93 101 106 168 196 234 302 304 305 306 320 327 339 357 369 375 392 398 399
 202 : 33 58 73 95 148 183 189 201 202 299
 203 : 76 98 184 203 204 278 303
 211 : 1 5 6 19 32 38 64 132 150 164 165 210 211 233 316 317 337 338 382
 214 : 15 59 104 192 212 214 215 216 250 284
 219 : 81 218 219 226 255
 227 : 48 84 114 139 146 147 171 208 223 227 236 279 292 293 353
 230 : 7 8 23 28 75 78 82 86 172 173 185 193 213 230 252 271 343 344 351 368 390
 251 : 56 67 80 88 198 229 247 251 285 289 371 395
 254 : 85 121 129 254
 258 : 14 16 34 169 241 256 258 314 360 361
 266 : 42 90 91 120 174 186 235 266 326 342 397
 268 : 89 141 268 332 367 370 394
 275 : 45 119 270 274 275 276 281 331 341 396
 297 : 83 127 161 187 237 244 296 297 350
 323 : 13 37 43 74 105 158 167 188 195 199 205 231 323 325 349 378 379
 324 : 149 319 324 355
 335 : 69 70 87 92 128 131 182 243 246 265 283 329 334 335 376
 356 : 29 55 61 122 145 228 232 312 313 328 354 356 372 393
 358 : 0 170 194 260 295 310 358 359
 383 : 144 209 272 309 321 330 383
 389 : 20 71 156 191 240 273 362 388 389
SOLUTION:
  Value: -4875.000000
  Assigns: 358 211 3 3 3 211 211 230 230 65 123 160 41 323 258 214 258 180 62 211 389 24 24 230 24 24 26 26 230 356 24 62 211 202 258 49 113 323 211 49 65 41 266 323 41 275 190 24 227 49 49 52 52 41 123 356 251 57 202 214 190 356 62 180 211 65 123 251 26 335 335 389 123 202 323 230 203 118 230 57 251 219 230 297 227 254 230 335 251 268 266 266 335 196 41 202 3 3 203 52 180 196 24 180 214 323 196 113 49 57 41 24 57 113 227 160 160 49 118 275 266 254 356 123 41 26 190 297 335 254 26 335 211 180 180 118 140 137 57 227 140 268 3 26 383 356 227 227 202 324 211 41 113 113 123 180 389 180 323 160 160 297 190 140 211 211 140 323 196 258 358 227 230 230 266 140 140 3 190 180 180 41 335 202 203 230 266 297 323 202 190 389 214 230 358 323 196 180 251 323 57 202 202 203 203 323 57 113 227 383 211 211 214 230 214 214 214 57 219 219 57 57 52 227 24 140 219 227 356 251 230 323 356 211 196 266 227 297 123 180 389 258 180 335 297 160 335 251 24 123 214 251 230 57 254 219 258 180 258 24 358 180 24 62 180 335 266 3 268 65 275 230 383 389 275 275 275 140 203 227 57 275 41 335 214 251 137 113 65 251 57 57 227 227 52 358 297 297 180 202 160 26 196 203 196 196 196 62 383 383 358 123 356 356 258 180 211 211 140 324 196 383 180 323 324 323 266 196 356 335 383 275 268 65 335 335 49 211 211 196 41 275 266 230 230 52 24 123 57 323 297 230 62 227 356 324 356 196 358 358 258 258 389 190 137 49 57 268 230 196 268 251 356 190 123 196 335 24 323 323 140 57 211 383 62 180 41 3 389 389 230 230 196 356 268 251 275 266 196 399 
  Facilities: 40
 3 : 2 3 4 96 97 142 177 267 387
 24 : 21 22 24 25 30 47 102 111 224 248 259 262 346 377
 26 : 26 27 68 125 130 143 301
 41 : 12 41 44 53 94 110 124 151 181 282 340 386
 49 : 35 39 49 50 108 117 336 365
 52 : 51 52 99 222 294 345
 57 : 57 79 109 112 138 200 206 217 220 221 253 280 290 291 348 366 381
 62 : 18 31 62 263 307 352 384
 65 : 9 40 65 269 288 333
 113 : 36 107 113 152 153 207 287
 118 : 77 118 135
 123 : 10 54 66 72 123 154 238 249 311 347 374
 137 : 137 286 364
 140 : 136 140 163 166 175 176 225 277 318 380
 160 : 11 115 116 159 160 245 300
 180 : 17 63 100 103 133 134 155 157 179 180 197 239 242 257 261 264 298 315 322 385
 190 : 46 60 126 162 178 190 363 373
 196 : 93 101 106 168 196 234 302 304 305 306 320 327 339 357 369 375 392 398
 202 : 33 58 73 95 148 183 189 201 202 299
 203 : 76 98 184 203 204 278 303
 211 : 1 5 6 19 32 38 64 132 150 164 165 210 211 233 316 317 337 338 382
 214 : 15 59 104 192 212 214 215 216 250 284
 219 : 81 218 219 226 255
 227 : 48 84 114 139 146 147 171 208 223 227 236 279 292 293 353
 230 : 7 8 23 28 75 78 82 86 172 173 185 193 213 230 252 271 343 344 351 368 390 391
 251 : 56 67 80 88 198 229 247 251 285 289 371 395
 254 : 85 121 129 254
 258 : 14 16 34 169 241 256 258 314 360 361
 266 : 42 90 91 120 174 186 235 266 326 342 397
 268 : 89 141 268 332 367 370 394
 275 : 45 119 270 274 275 276 281 331 341 396
 297 : 83 127 161 187 237 244 296 297 350
 323 : 13 37 43 74 105 158 167 188 195 199 205 231 323 325 349 378 379
 324 : 149 319 324 355
 335 : 69 70 87 92 128 131 182 243 246 265 283 329 334 335 376
 356 : 29 55 61 122 145 228 232 312 313 328 354 356 372 393
 358 : 0 170 194 260 295 310 358 359
 383 : 144 209 272 308 309 321 330 383
 389 : 20 71 156 191 240 273 362 388 389
 399 : 399
SOLUTION:
  Value: -4876.000000
  Assigns: 358 1 3 3 3 95 95 230 230 103 123 41 41 323 34 214 164 261 62 275 71 24 24 230 24 24 26 26 230 356 24 62 164 148 34 49 113 323 382 49 41 41 95 323 41 275 356 24 227 49 49 52 52 41 123 356 251 57 95 214 95 182 62 103 382 103 123 251 68 182 182 71 123 148 323 230 203 118 230 57 251 182 230 297 227 85 230 324 251 95 266 266 182 93 41 95 3 3 203 52 103 164 24 103 214 323 320 113 49 57 41 24 382 113 261 261 261 49 118 1 266 1 356 123 41 26 24 297 103 85 26 182 164 320 320 118 140 137 57 227 140 62 3 26 209 356 227 227 148 324 1 41 113 113 123 261 71 103 323 71 214 297 24 140 164 164 34 323 93 34 358 227 230 230 266 140 140 3 230 103 261 41 182 95 382 230 266 297 323 148 24 71 214 230 358 323 320 103 251 323 57 148 148 203 203 323 57 113 227 209 356 164 164 230 214 214 214 57 182 182 382 57 52 227 24 164 93 227 356 251 230 323 356 1 320 266 261 297 123 103 71 320 261 24 297 214 182 251 24 123 214 251 230 57 85 182 34 261 320 24 358 261 24 62 261 164 266 3 62 209 275 230 209 71 275 275 275 164 382 93 57 275 41 182 164 251 137 113 103 251 57 57 227 227 52 358 297 297 297 261 214 26 320 203 320 320 275 62 209 209 358 123 356 356 164 261 261 261 140 324 320 209 261 323 324 323 266 320 356 324 209 275 95 24 62 182 49 164 95 320 41 275 266 230 230 52 24 123 57 323 93 230 62 227 356 324 356 320 358 358 95 95 71 24 137 49 93 227 230 320 164 251 356 356 123 261 103 24 323 323 140 382 382 209 62 261 41 3 71 71 230 230 93 356 62 251 275 266 320 320 
  Facilities: 40
 1 : 1 119 121 150 233
 3 : 2 3 4 96 97 142 177 267 387
 24 : 21 22 24 25 30 47 102 111 126 162 190 224 243 248 259 262 333 346 363 377
 26 : 26 27 125 130 143 301
 34 : 14 34 166 169 256
 41 : 11 12 40 41 44 53 94 110 124 151 181 282 340 386
 49 : 35 39 49 50 108 117 336 365
 52 : 51 52 99 222 294 345
 57 : 57 79 109 138 200 206 217 221 253 280 290 291 348
 62 : 18 31 62 141 263 268 307 334 352 384 394
 68 : 68
 71 : 20 71 156 159 191 240 273 362 388 389
 85 : 85 129 254
 93 : 93 168 226 279 350 366 392
 95 : 5 6 42 58 60 89 95 183 332 338 360 361
 103 : 9 63 65 100 103 128 157 179 197 239 288 376
 113 : 36 107 113 152 153 207 287
 118 : 77 118 135
 123 : 10 54 66 72 123 154 238 249 311 347 374
 137 : 137 286 364
 140 : 136 140 163 175 176 318 380
 148 : 33 73 148 189 201 202
 164 : 16 32 101 132 164 165 211 212 225 265 277 284 314 337 370
 182 : 61 69 70 81 92 131 182 218 219 246 255 283 335
 203 : 76 98 203 204 303
 209 : 144 209 269 272 308 309 321 330 383
 214 : 15 59 104 160 192 214 215 216 245 250 300
 227 : 48 84 139 146 147 171 208 223 227 292 293 353 367
 230 : 7 8 23 28 75 78 82 86 172 173 178 185 193 213 230 252 271 343 344 351 368 390 391
 251 : 56 67 80 88 198 229 247 251 285 289 371 395
 261 : 17 114 115 116 155 180 236 242 257 261 264 299 315 316 317 322 375 385
 266 : 90 91 120 174 186 235 266 326 342 397
 275 : 19 45 270 274 275 276 281 306 331 341 396
 297 : 83 127 161 187 237 244 296 297 298
 320 : 106 133 134 196 234 241 258 302 304 305 320 327 339 357 369 398 399
 323 : 13 37 43 74 105 158 167 188 195 199 205 231 323 325 349 378 379
 324 : 87 149 319 324 329 355
 356 : 29 46 55 122 145 210 228 232 312 313 328 354 356 372 373 393
 358 : 0 170 194 260 295 310 358 359
 382 : 38 64 112 184 220 278 381 382
SOLUTION:
  Value: -4876.000000
  Assigns: 358 1 3 3 3 32 32 230 230 103 167 41 41 167 169 214 164 261 62 32 389 24 24 230 24 24 26 26 230 356 24 62 32 202 169 49 113 167 57 49 41 41 266 167 41 275 190 24 227 49 49 52 52 41 167 356 251 57 202 214 190 356 62 103 32 103 214 251 26 335 335 389 167 202 167 230 203 118 230 57 251 219 230 297 227 85 230 335 251 268 266 266 335 320 41 202 3 3 203 52 103 164 24 103 214 167 320 113 49 57 41 24 57 113 261 261 261 49 118 1 266 1 167 167 41 26 190 297 103 85 26 335 32 320 320 118 140 137 57 227 140 268 3 26 309 356 227 227 202 324 1 41 113 113 113 261 389 103 167 389 214 297 190 140 164 164 140 167 164 169 358 227 230 230 266 140 140 3 190 103 261 41 335 202 203 230 266 297 167 202 190 389 214 230 358 167 320 103 251 167 57 202 202 203 203 167 57 113 227 309 356 32 164 230 214 214 214 57 219 219 57 57 52 227 24 164 219 227 167 251 230 167 356 1 320 266 261 297 167 103 389 320 261 335 244 214 335 251 24 167 214 251 230 57 85 219 169 261 320 24 358 261 24 62 261 164 266 3 268 103 275 230 268 389 275 275 275 164 203 227 57 275 41 335 164 251 137 113 103 251 57 57 227 227 52 358 297 297 297 261 214 26 268 203 320 320 275 62 309 309 358 167 356 356 164 261 32 32 140 324 320 251 261 167 324 167 266 320 356 335 251 275 268 24 335 335 49 164 32 320 41 275 266 230 230 52 24 167 57 167 297 230 62 227 356 324 356 320 358 358 320 320 389 190 137 49 57 268 230 320 268 251 356 190 167 261 103 24 167 167 140 57 57 309 62 261 41 3 389 389 230 230 219 356 268 251 275 266 320 320 
  Facilities: 40
 1 : 1 119 121 150 233
 3 : 2 3 4 96 97 142 177 267 387
 24 : 21 22 24 25 30 47 102 111 224 248 259 262 333 346 377
 26 : 26 27 68 125 130 143 301
 32 : 5 6 19 32 64 132 211 316 317 338
 41 : 11 12 40 41 44 53 94 110 124 151 181 282 340 386
 49 : 35 39 49 50 108 117 336 365
 52 : 51 52 99 222 294 345
 57 : 38 57 79 109 112 138 200 206 217 220 221 253 280 290 291 348 366 381 382
 62 : 18 31 62 263 307 352 384
 85 : 85 129 254
 103 : 9 63 65 100 103 128 157 179 197 239 269 288 376
 113 : 36 107 113 152 153 154 207 287
 118 : 77 118 135
 137 : 137 286 364
 140 : 136 140 163 166 175 176 318 380
 164 : 16 101 164 165 168 212 225 265 277 284 314 337
 167 : 10 13 37 43 54 72 74 105 122 123 158 167 188 195 199 205 228 231 238 249 311 323 325 347 349 374 378 379
 169 : 14 34 169 256
 190 : 46 60 126 162 178 190 363 373
 202 : 33 58 73 95 148 183 189 201 202
 203 : 76 98 184 203 204 278 303
 214 : 15 59 66 104 160 192 214 215 216 245 250 300
 219 : 81 218 219 226 255 392
 227 : 48 84 139 146 147 171 208 223 227 279 292 293 353
 230 : 7 8 23 28 75 78 82 86 172 173 185 193 213 230 252 271 343 344 351 368 390 391
 244 : 244
 251 : 56 67 80 88 198 229 247 251 285 289 321 330 371 395
 261 : 17 114 115 116 155 180 236 242 257 261 264 299 315 322 375 385
 266 : 42 90 91 120 174 186 235 266 326 342 397
 268 : 89 141 268 272 302 332 367 370 394
 275 : 45 270 274 275 276 281 306 331 341 396
 297 : 83 127 161 187 237 296 297 298 350
 309 : 144 209 308 309 383
 320 : 93 106 133 134 196 234 241 258 304 305 320 327 339 357 360 361 369 398 399
 324 : 149 319 324 355
 335 : 69 70 87 92 131 182 243 246 283 329 334 335
 356 : 29 55 61 145 210 232 312 313 328 354 356 372 393
 358 : 0 170 194 260 295 310 358 359
 389 : 20 71 156 159 191 240 273 362 388 389
SOLUTION:
  Value: -4878.000000
  Assigns: 330 211 3 3 3 211 211 230 230 103 167 41 41 167 34 214 211 261 62 211 389 24 24 230 24 24 26 26 230 356 24 62 211 202 34 49 113 167 211 49 41 41 306 167 41 275 190 24 227 49 49 51 51 41 167 356 80 57 202 214 190 182 62 103 211 103 214 80 26 182 182 389 167 202 167 230 203 80 230 57 80 182 230 297 227 85 230 329 80 268 266 266 182 392 41 202 3 3 203 51 103 140 24 103 214 167 320 113 49 57 41 24 57 113 261 261 261 49 80 275 266 275 167 167 386 26 190 297 103 85 26 182 211 320 320 203 140 137 57 227 140 268 3 26 330 356 227 227 202 324 211 41 113 113 113 395 389 103 167 389 214 297 190 140 211 211 140 167 392 34 329 227 230 230 266 140 140 3 190 103 261 41 182 202 203 230 266 297 167 202 190 389 214 230 310 167 320 103 395 167 57 202 202 203 203 167 57 113 227 330 211 211 214 230 214 214 306 57 182 182 57 57 51 227 24 140 392 227 167 167 230 167 356 211 320 266 261 297 167 103 389 320 261 24 297 214 182 395 24 167 214 80 230 57 85 182 34 261 320 24 310 261 24 62 261 211 266 3 268 103 275 230 330 389 275 275 275 140 203 227 57 275 41 182 214 80 137 113 103 80 57 57 227 227 51 329 297 297 297 261 214 26 268 203 320 320 306 62 386 310 310 167 356 356 103 261 211 211 140 324 320 330 261 167 324 167 266 320 356 329 330 275 268 24 62 182 49 211 211 320 41 275 266 230 230 51 24 167 57 167 392 230 62 227 356 324 356 320 310 310 330 320 389 190 137 49 310 268 230 320 268 41 356 190 167 261 103 24 167 167 140 57 211 330 62 261 386 3 389 389 230 230 392 356 268 395 275 266 320 320 
  Facilities: 40
 3 : 2 3 4 96 97 142 177 267 387
 24 : 21 22 24 25 30 47 102 111 224 243 248 259 262 333 346 377
 26 : 26 27 68 125 130 143 301
 34 : 14 34 169 256
 41 : 11 12 40 41 44 53 94 110 151 181 282 340 371
 49 : 35 39 49 50 108 117 336 365
 51 : 51 52 99 222 294 345
 57 : 57 79 109 112 138 200 206 217 220 221 253 280 290 291 348 381
 62 : 18 31 62 263 307 334 352 384
 80 : 56 67 77 80 88 118 251 285 289
 85 : 85 129 254
 103 : 9 63 65 100 103 128 157 179 197 239 269 288 314 376
 113 : 36 107 113 152 153 154 207 287
 137 : 137 286 364
 140 : 101 136 140 163 166 175 176 225 277 318 380
 167 : 10 13 37 43 54 72 74 105 122 123 158 167 188 195 199 205 228 229 231 238 249 311 323 325 347 349 374 378 379
 182 : 61 69 70 81 92 131 182 218 219 246 255 283 335
 190 : 46 60 126 162 178 190 363 373
 202 : 33 58 73 95 148 183 189 201 202
 203 : 76 98 135 184 203 204 278 303
 211 : 1 5 6 16 19 32 38 64 132 150 164 165 210 211 233 265 316 317 337 338 382
 214 : 15 59 66 104 160 192 212 214 215 245 250 284 300
 227 : 48 84 139 146 147 171 208 223 227 279 292 293 353
 230 : 7 8 23 28 75 78 82 86 172 173 185 193 213 230 252 271 343 344 351 368 390 391
 261 : 17 114 115 116 180 236 242 257 261 264 299 315 322 375 385
 266 : 90 91 120 174 186 235 266 326 342 397
 268 : 89 141 268 302 332 367 370 394
 275 : 45 119 121 270 274 275 276 281 331 341 396
 297 : 83 127 161 187 237 244 296 297 298
 306 : 42 216 306
 310 : 194 260 309 310 358 359 366
 320 : 106 133 134 196 234 241 258 304 305 320 327 339 357 361 369 398 399
 324 : 149 319 324 355
 329 : 87 170 295 329
 330 : 0 144 209 272 321 330 360 383
 356 : 29 55 145 232 312 313 328 354 356 372 393
 386 : 124 308 386
 389 : 20 71 156 159 191 240 273 362 388 389
 392 : 93 168 226 350 392
 395 : 155 198 247 395
SOLUTION:
  Value: -4879.000000
  Assigns: 358 32 3 3 3 32 32 230 230 103 123 41 41 323 34 214 320 261 62 32 389 24 24 230 24 24 26 26 230 356 24 62 32 202 34 49 113 323 57 49 41 41 266 323 41 275 190 24 227 49 49 51 51 41 123 356 251 57 202 214 190 356 62 103 32 103 123 251 26 335 335 389 123 202 323 230 203 118 230 57 251 219 230 297 227 254 230 335 251 268 266 266 335 196 41 202 3 3 203 51 103 196 24 103 214 323 320 113 49 57 41 24 57 113 261 261 261 49 118 275 266 254 356 123 41 26 190 297 103 254 26 335 32 320 320 118 140 137 57 227 140 268 3 26 383 356 227 227 202 324 32 41 113 113 123 261 389 103 323 389 214 297 190 140 32 32 140 323 196 34 358 227 230 230 266 140 140 3 190 103 261 41 335 202 203 230 266 297 323 202 190 389 214 230 358 323 196 103 251 323 57 202 202 203 203 323 57 113 227 383 356 32 214 230 214 214 214 57 219 219 57 57 51 227 24 140 219 227 356 251 230 323 356 32 320 266 261 297 123 103 389 320 261 335 297 214 335 251 24 123 214 251 230 57 254 219 34 261 320 24 358 261 24 62 261 335 266 3 268 103 275 230 383 389 275 275 275 140 203 227 57 275 41 335 214 251 137 113 103 251 57 57 227 227 51 358 297 297 297 261 214 26 196 203 196 196 196 62 383 383 358 123 356 356 103 261 32 32 140 324 320 383 261 323 324 323 266 320 356 335 383 275 268 24 335 335 49 32 32 320 41 275 266 230 230 51 24 123 57 323 297 230 62 227 356 324 356 196 358 358 383 320 389 190 137 49 57 268 230 196 268 251 356 190 123 261 103 24 323 323 140 57 57 383 62 261 41 3 389 389 230 230 196 356 268 251 275 266 320 399 
  Facilities: 40
 3 : 2 3 4 96 97 142 177 267 387
 24 : 21 22 24 25 30 47 102 111 224 248 259 262 333 346 377
 26 : 26 27 68 125 130 143 301
 32 : 1 5 6 19 32 64 132 150 164 165 211 233 316 317 337 338
 34 : 14 34 169 256
 41 : 11 12 40 41 44 53 94 110 124 151 181 282 340 386
 49 : 35 39 49 50 108 117 336 365
 51 : 51 52 99 222 294 345
 57 : 38 57 79 109 112 138 200 206 217 220 221 253 280 290 291 348 366 381 382
 62 : 18 31 62 263 307 352 384
 103 : 9 63 65 100 103 128 157 179 197 239 269 288 314 376
 113 : 36 107 113 152 153 207 287
 118 : 77 118 135
 123 : 10 54 66 72 123 154 238 249 311 347 374
 137 : 137 286 364
 140 : 136 140 163 166 175 176 225 277 318 380
 190 : 46 60 126 162 178 190 363 373
 196 : 93 101 168 196 302 304 305 306 357 369 392
 202 : 33 58 73 95 148 183 189 201 202
 203 : 76 98 184 203 204 278 303
 214 : 15 59 104 160 192 212 214 215 216 245 250 284 300
 219 : 81 218 219 226 255
 227 : 48 84 139 146 147 171 208 223 227 279 292 293 353
 230 : 7 8 23 28 75 78 82 86 172 173 185 193 213 230 252 271 343 344 351 368 390 391
 251 : 56 67 80 88 198 229 247 251 285 289 371 395
 254 : 85 121 129 254
 261 : 17 114 115 116 155 180 236 242 257 261 264 299 315 322 375 385
 266 : 42 90 91 120 174 186 235 266 326 342 397
 268 : 89 141 268 332 367 370 394
 275 : 45 119 270 274 275 276 281 331 341 396
 297 : 83 127 161 187 237 244 296 297 298 350
 320 : 16 106 133 134 234 241 258 320 327 339 361 398
 323 : 13 37 43 74 105 158 167 188 195 199 205 231 323 325 349 378 379
 324 : 149 319 324 355
 335 : 69 70 87 92 131 182 243 246 265 283 329 334 335
 356 : 29 55 61 122 145 210 228 232 312 313 328 354 356 372 393
 358 : 0 170 194 260 295 310 358 359
 383 : 144 209 272 308 309 321 330 360 383
 389 : 20 71 156 159 191 240 273 362 388 389
 399 : 399
SOLUTION:
  Value: -4881.000000
  Assigns: 358 211 267 267 267 211 211 230 230 103 123 41 41 323 169 214 211 315 62 211 389 24 24 230 24 24 26 26 230 356 24 62 211 148 169 49 113 323 211 49 41 41 266 323 41 275 190 24 48 49 49 51 51 41 123 356 251 57 148 214 190 356 62 103 211 103 123 251 96 335 335 389 123 148 323 230 203 118 230 57 251 219 230 297 48 85 230 335 251 268 266 266 335 196 41 148 96 96 203 51 103 196 24 103 214 323 320 113 49 57 41 24 57 113 315 315 315 49 118 275 266 275 356 123 41 26 190 297 103 85 26 335 211 320 320 118 140 137 57 48 140 268 267 26 383 356 48 48 148 324 211 41 113 113 123 315 389 103 323 389 214 297 190 140 211 211 140 323 196 169 358 48 230 230 266 140 140 24 190 103 315 41 335 148 203 230 266 297 323 148 190 389 214 230 358 323 196 103 251 323 57 148 148 203 203 323 57 113 315 383 356 211 214 230 214 214 214 57 219 219 57 57 51 48 24 140 219 48 356 251 230 323 356 211 320 266 315 297 123 103 389 320 315 335 297 214 335 251 24 123 214 251 230 57 85 219 169 315 320 24 358 315 24 62 315 335 266 267 268 103 275 230 383 389 275 275 275 140 203 48 57 275 41 335 214 251 137 113 103 251 57 57 315 315 51 358 297 297 297 148 214 26 196 203 196 196 196 62 383 383 358 123 356 356 103 315 315 315 140 324 320 383 315 323 324 323 266 320 356 335 383 275 268 24 335 335 49 211 211 320 41 275 266 230 230 51 24 123 57 323 297 230 62 48 356 324 356 196 358 358 383 320 389 190 137 49 57 268 230 196 268 251 356 190 123 315 103 24 323 323 140 57 211 383 62 315 41 267 389 389 230 230 196 356 268 251 275 266 320 320 
  Facilities: 40
 24 : 21 22 24 25 30 47 102 111 177 224 248 259 262 333 346 377
 26 : 26 27 125 130 143 301
 41 : 11 12 40 41 44 53 94 110 124 151 181 282 340 386
 48 : 48 84 139 146 147 171 223 227 279 353
 49 : 35 39 49 50 108 117 336 365
 51 : 51 52 99 222 294 345
 57 : 57 79 109 112 138 200 206 217 220 221 253 280 290 291 348 366 381
 62 : 18 31 62 263 307 352 384
 85 : 85 129 254
 96 : 68 96 97
 103 : 9 63 65 100 103 128 157 179 197 239 269 288 314 376
 113 : 36 107 113 152 153 207 287
 118 : 77 118 135
 123 : 10 54 66 72 123 154 238 249 311 347 374
 137 : 137 286 364
 140 : 136 140 163 166 175 176 225 277 318 380
 148 : 33 58 73 95 148 183 189 201 202 299
 169 : 14 34 169 256
 190 : 46 60 126 162 178 190 363 373
 196 : 93 101 168 196 302 304 305 306 357 369 392
 203 : 76 98 184 203 204 278 303
 211 : 1 5 6 16 19 32 38 64 132 150 164 165 211 233 337 338 382
 214 : 15 59 104 160 192 212 214 215 216 245 250 284 300
 219 : 81 218 219 226 255
 230 : 7 8 23 28 75 78 82 86 172 173 185 193 213 230 252 271 343 344 351 368 390 391
 251 : 56 67 80 88 198 229 247 251 285 289 371 395
 266 : 42 90 91 120 174 186 235 266 326 342 397
 267 : 2 3 4 142 267 387
 268 : 89 141 268 332 367 370 394
 275 : 45 119 121 270 274 275 276 281 331 341 396
 297 : 83 127 161 187 237 244 296 297 298 350
 315 : 17 114 115 116 155 180 208 236 242 257 261 264 292 293 315 316 317 322 375 385
 320 : 106 133 134 234 241 258 320 327 339 361 398 399
 323 : 13 37 43 74 105 158 167 188 195 199 205 231 323 325 349 378 379
 324 : 149 319 324 355
 335 : 69 70 87 92 131 182 243 246 265 283 329 334 335
 356 : 29 55 61 122 145 210 228 232 312 313 328 354 356 372 393
 358 : 0 170 194 260 295 310 358 359
 383 : 144 209 272 308 309 321 330 360 383
 389 : 20 71 156 159 191 240 273 362 388 389
SOLUTION:
  Value: -4881.000000
  Assigns: 330 211 3 3 3 211 211 230 230 103 167 41 41 167 34 214 211 261 62 211 389 24 24 230 24 24 26 26 230 356 24 62 211 202 34 49 113 167 211 49 41 41 266 167 41 275 190 24 227 49 49 52 52 41 167 356 80 57 202 214 190 182 62 103 211 103 214 80 26 182 182 389 167 202 167 230 203 80 230 57 80 182 230 297 227 85 230 329 80 268 266 266 182 392 41 202 3 3 203 52 103 140 24 103 214 167 320 113 49 57 41 24 57 113 261 261 261 49 80 275 266 275 167 167 386 26 190 297 103 85 26 182 211 320 320 203 140 137 57 227 140 268 3 26 330 356 227 227 202 324 211 41 113 113 113 395 389 103 167 389 214 297 190 140 211 211 140 167 392 34 329 227 230 230 266 140 140 3 190 103 261 41 182 202 203 230 266 297 167 202 190 389 214 230 310 167 320 103 395 167 57 202 202 203 203 167 57 113 227 330 211 211 214 230 214 214 214 57 182 182 57 57 52 227 24 140 392 227 167 167 230 167 356 211 320 266 261 297 167 103 389 320 261 24 244 214 182 395 24 167 214 80 230 57 85 182 34 261 320 24 310 261 24 62 261 211 266 3 268 103 275 230 330 389 275 275 275 140 203 227 57 275 41 182 214 80 137 113 103 80 57 57 227 227 52 329 297 297 297 261 214 26 268 203 320 320 275 62 386 310 310 167 356 356 103 261 211 211 140 324 320 330 261 167 324 167 266 320 356 329 330 275 268 24 62 182 49 211 211 320 41 275 266 230 230 52 24 167 57 167 392 230 62 227 356 324 356 320 310 310 330 320 389 190 137 49 310 268 230 320 268 41 356 190 167 261 103 24 167 167 140 57 211 330 62 261 386 3 389 389 230 230 392 356 268 395 275 266 320 320 
  Facilities: 40
 3 : 2 3 4 96 97 142 177 267 387
 24 : 21 22 24 25 30 47 102 111 224 243 248 259 262 333 346 377
 26 : 26 27 68 125 130 143 301
 34 : 14 34 169 256
 41 : 11 12 40 41 44 53 94 110 151 181 282 340 371
 49 : 35 39 49 50 108 117 336 365
 52 : 51 52 99 222 294 345
 57 : 57 79 109 112 138 200 206 217 220 221 253 280 290 291 348 381
 62 : 18 31 62 263 307 334 352 384
 80 : 56 67 77 80 88 118 251 285 289
 85 : 85 129 254
 103 : 9 63 65 100 103 128 157 179 197 239 269 288 314 376
 113 : 36 107 113 152 153 154 207 287
 137 : 137 286 364
 140 : 101 136 140 163 166 175 176 225 277 318 380
 167 : 10 13 37 43 54 72 74 105 122 123 158 167 188 195 199 205 228 229 231 238 249 311 323 325 347 349 374 378 379
 182 : 61 69 70 81 92 131 182 218 219 246 255 283 335
 190 : 46 60 126 162 178 190 363 373
 202 : 33 58 73 95 148 183 189 201 202
 203 : 76 98 135 184 203 204 278 303
 211 : 1 5 6 16 19 32 38 64 132 150 164 165 210 211 233 265 316 317 337 338 382
 214 : 15 59 66 104 160 192 212 214 215 216 245 250 284 300
 227 : 48 84 139 146 147 171 208 223 227 279 292 293 353
 230 : 7 8 23 28 75 78 82 86 172 173 185 193 213 230 252 271 343 344 351 368 390 391
 244 : 244
 261 : 17 114 115 116 180 236 242 257 261 264 299 315 322 375 385
 266 : 42 90 91 120 174 186 235 266 326 342 397
 268 : 89 141 268 302 332 367 370 394
 275 : 45 119 121 270 274 275 276 281 306 331 341 396
 297 : 83 127 161 187 237 296 297 298
 310 : 194 260 309 310 358 359 366
 320 : 106 133 134 196 234 241 258 304 305 320 327 339 357 361 369 398 399
 324 : 149 319 324 355
 329 : 87 170 295 329
 330 : 0 144 209 272 321 330 360 383
 356 : 29 55 145 232 312 313 328 354 356 372 393
 386 : 124 308 386
 389 : 20 71 156 159 191 240 273 362 388 389
 392 : 93 168 226 350 392
 395 : 155 198 247 395
SOLUTION:
  Value: -4881.000000
  Assigns: 358 32 3 3 3 32 32 230 230 103 167 41 41 167 34 214 16 315 62 32 191 24 24 230 24 24 220 220 230 356 24 62 32 202 34 49 113 167 220 49 41 41 342 167 41 275 190 24 227 49 49 52 52 41 167 356 251 57 202 214 190 356 62 103 220 103 214 251 96 335 335 191 167 202 167 230 203 118 230 57 251 219 230 297 227 254 230 335 251 268 342 342 335 196 41 202 96 96 203 52 103 16 209 103 214 167 196 113 49 57 41 24 220 113 315 315 315 49 118 275 342 254 167 167 41 220 190 297 103 254 219 335 32 251 251 118 140 137 57 227 140 268 3 3 209 356 227 227 202 324 32 41 113 113 113 315 387 103 167 191 214 297 190 140 16 16 140 167 196 34 358 227 230 230 342 140 140 3 190 103 315 41 335 202 203 230 342 297 167 202 190 191 214 230 358 167 196 103 251 167 57 202 202 203 203 167 57 113 227 209 356 32 214 230 214 214 214 57 219 219 220 220 52 227 24 140 219 227 167 251 230 167 356 16 196 342 315 297 167 103 251 196 315 335 297 214 335 387 24 167 214 251 230 57 254 219 34 315 16 16 358 315 24 62 315 335 342 3 268 209 275 230 209 191 275 275 275 140 203 227 220 275 41 335 214 251 137 113 103 251 57 57 227 227 52 358 297 297 297 315 214 387 196 387 196 196 196 62 209 209 358 167 356 356 16 315 32 32 140 324 196 209 315 167 324 167 342 196 356 335 209 275 268 24 335 335 49 16 32 196 41 275 342 230 230 52 24 167 57 167 297 230 62 227 356 324 356 196 358 358 209 16 191 190 137 49 57 268 230 196 268 251 356 190 167 315 103 24 167 167 140 220 220 209 62 315 41 387 387 191 230 230 196 356 268 251 275 342 196 196 
  Facilities: 40
 3 : 2 3 4 142 143 177 267
 16 : 16 101 164 165 233 258 259 314 337 361
 24 : 21 22 24 25 30 47 111 224 248 262 333 346 377
 32 : 1 5 6 19 32 132 150 211 316 317 338
 34 : 14 34 169 256
 41 : 11 12 40 41 44 53 94 110 124 151 181 282 340 386
 49 : 35 39 49 50 108 117 336 365
 52 : 51 52 99 222 294 345
 57 : 57 79 109 138 200 206 217 253 290 291 348 366
 62 : 18 31 62 263 307 352 384
 96 : 68 96 97
 103 : 9 63 65 100 103 128 157 179 197 239 288 376
 113 : 36 107 113 152 153 154 207 287
 118 : 77 118 135
 137 : 137 286 364
 140 : 136 140 163 166 175 176 225 277 318 380
 167 : 10 13 37 43 54 72 74 105 122 123 158 167 188 195 199 205 228 231 238 249 311 323 325 347 349 374 378 379
 190 : 46 60 126 162 178 190 363 373
 191 : 20 71 159 191 273 362 389
 196 : 93 106 168 196 234 241 302 304 305 306 320 327 339 357 369 392 398 399
 202 : 33 58 73 95 148 183 189 201 202
 203 : 76 98 184 203 204 278
 209 : 102 144 209 269 272 308 309 321 330 360 383
 214 : 15 59 66 104 160 192 212 214 215 216 245 250 284 300
 219 : 81 130 218 219 226 255
 220 : 26 27 38 64 112 125 220 221 280 381 382
 227 : 48 84 139 146 147 171 208 223 227 279 292 293 353
 230 : 7 8 23 28 75 78 82 86 172 173 185 193 213 230 252 271 343 344 351 368 390 391
 251 : 56 67 80 88 133 134 198 229 240 251 285 289 371 395
 254 : 85 121 129 254
 268 : 89 141 268 332 367 370 394
 275 : 45 119 270 274 275 276 281 331 341 396
 297 : 83 127 161 187 237 244 296 297 298 350
 315 : 17 114 115 116 155 180 236 242 257 261 264 299 315 322 375 385
 324 : 149 319 324 355
 335 : 69 70 87 92 131 182 243 246 265 283 329 334 335
 342 : 42 90 91 120 174 186 235 266 326 342 397
 356 : 29 55 61 145 210 232 312 313 328 354 356 372 393
 358 : 0 170 194 260 295 310 358 359
 387 : 156 247 301 303 387 388
