# Time: 174.279999
# Elapsed: 41.298153
# Input_file: pmedian/pmed/pmed3.txt
# Pool_size: 200
# Iterations: 10
# Final_solutions: 1900
# Vision_range: 400
# Reduction_mode: REDUCTION_DISPERSE
# Dissimilitude: DISSIM_MSE
# Facility_dist: FDISMODE_SUMOFDELTAS
SOLUTION:
  Value: -4254.000000
  Assigns: 35 20 68 4 4 4 8 8 8 8 8 95 13 13 13 13 13 54 54 54 20 25 54 35 35 25 25 35 35 13 25 25 20 35 35 35 35 35 68 95 20 25 54 95 20 20 95 95 95 68 98 98 68 54 54 54 4 4 35 54 8 8 8 8 95 13 68 68 68 68 68 95 35 4 8 8 8 8 8 8 25 95 20 20 35 35 98 98 35 98 98 35 25 25 54 95 95 98 98 98 
  Facilities: 10
 4 : 3 4 5 56 57 73
 8 : 6 7 8 9 10 60 61 62 63 74 75 76 77 78 79
 13 : 12 13 14 15 16 29 65
 20 : 1 20 32 40 44 45 82 83
 25 : 21 25 26 30 31 41 80 92 93
 35 : 0 23 24 27 28 33 34 35 36 37 58 72 84 85 88 91
 54 : 17 18 19 22 42 53 54 55 59 94
 68 : 2 38 49 52 66 67 68 69 70
 95 : 11 39 43 46 47 48 64 71 81 95 96
 98 : 50 51 86 87 89 90 97 98 99
SOLUTION:
  Value: -4294.000000
  Assigns: 35 20 68 35 8 8 8 8 8 8 8 95 13 13 13 13 13 54 54 54 20 25 54 35 35 25 25 35 35 13 25 25 20 35 35 35 35 35 68 95 20 25 54 95 20 20 95 95 95 68 98 98 68 54 54 54 13 8 35 54 8 8 8 8 95 13 68 68 68 68 68 95 35 8 8 8 8 8 8 8 25 95 20 20 35 86 86 86 35 98 98 35 25 25 54 95 95 98 98 98 
  Facilities: 10
 8 : 4 5 6 7 8 9 10 57 60 61 62 63 73 74 75 76 77 78 79
 13 : 12 13 14 15 16 29 56 65
 20 : 1 20 32 40 44 45 82 83
 25 : 21 25 26 30 31 41 80 92 93
 35 : 0 3 23 24 27 28 33 34 35 36 37 58 72 84 88 91
 54 : 17 18 19 22 42 53 54 55 59 94
 68 : 2 38 49 52 66 67 68 69 70
 86 : 85 86 87
 95 : 11 39 43 46 47 48 64 71 81 95 96
 98 : 50 51 89 90 97 98 99
SOLUTION:
  Value: -4333.000000
  Assigns: 65 35 68 35 8 8 8 8 8 8 8 12 12 12 12 12 12 53 53 53 8 25 53 35 35 25 25 35 35 12 25 25 25 35 35 35 35 35 68 65 95 25 12 12 35 95 95 95 95 68 65 98 68 53 53 53 12 12 65 65 8 8 8 8 65 65 65 68 68 68 68 95 35 8 8 8 8 8 8 8 25 12 8 8 35 85 85 98 35 98 98 35 25 25 95 95 95 98 98 98 
  Facilities: 10
 8 : 4 5 6 7 8 9 10 20 60 61 62 63 73 74 75 76 77 78 79 82 83
 12 : 11 12 13 14 15 16 29 42 43 56 57 81
 25 : 21 25 26 30 31 32 41 80 92 93
 35 : 1 3 23 24 27 28 33 34 35 36 37 44 72 84 88 91
 53 : 17 18 19 22 53 54 55
 65 : 0 39 50 58 59 64 65 66
 68 : 2 38 49 52 67 68 69 70
 85 : 85 86
 95 : 40 45 46 47 48 71 94 95 96
 98 : 51 87 89 90 97 98 99
SOLUTION:
  Value: -4340.000000
  Assigns: 65 35 42 73 73 73 76 76 76 76 76 42 13 13 13 13 13 54 54 54 46 25 54 35 35 25 25 35 35 13 25 25 46 35 35 35 35 35 65 65 46 25 42 42 46 46 46 46 46 76 65 98 76 54 54 54 73 73 65 65 76 76 76 76 65 65 65 76 76 76 76 46 35 73 76 76 76 76 76 76 25 42 25 76 35 35 98 98 35 98 98 35 25 25 54 46 98 98 98 98 
  Facilities: 10
 13 : 12 13 14 15 16 29
 25 : 21 25 26 30 31 41 80 82 92 93
 35 : 1 23 24 27 28 33 34 35 36 37 72 84 85 88 91
 42 : 2 11 42 43 81
 46 : 20 32 40 44 45 46 47 48 71 95
 54 : 17 18 19 22 53 54 55 94
 65 : 0 38 39 50 58 59 64 65 66
 73 : 3 4 5 56 57 73
 76 : 6 7 8 9 10 49 52 60 61 62 63 67 68 69 70 74 75 76 77 78 79 83
 98 : 51 86 87 89 90 96 97 98 99
SOLUTION:
  Value: -4342.000000
  Assigns: 35 20 68 35 8 8 8 8 8 8 8 12 12 12 12 12 12 54 54 54 20 25 54 35 35 25 25 35 35 12 25 25 20 35 35 35 35 35 68 47 20 25 12 12 20 47 47 47 47 68 35 25 68 54 54 54 12 12 35 54 8 8 8 8 47 12 68 68 68 68 68 47 35 8 8 8 8 8 8 8 25 12 20 20 35 86 86 86 35 90 90 35 25 25 54 47 47 90 90 90 
  Facilities: 10
 8 : 4 5 6 7 8 9 10 60 61 62 63 73 74 75 76 77 78 79
 12 : 11 12 13 14 15 16 29 42 43 56 57 65 81
 20 : 1 20 32 40 44 82 83
 25 : 21 25 26 30 31 41 51 80 92 93
 35 : 0 3 23 24 27 28 33 34 35 36 37 50 58 72 84 88 91
 47 : 39 45 46 47 48 64 71 95 96
 54 : 17 18 19 22 53 54 55 59 94
 68 : 2 38 49 52 66 67 68 69 70
 86 : 85 86 87
 90 : 89 90 97 98 99
SOLUTION:
  Value: -4346.000000
  Assigns: 50 35 76 35 76 76 76 76 76 76 76 12 12 12 12 12 12 54 54 54 32 25 54 35 35 25 25 35 35 12 25 25 32 35 35 35 35 35 47 47 32 25 12 12 32 32 32 47 47 50 50 98 76 54 54 54 12 12 35 54 76 76 76 76 47 12 76 76 76 76 47 47 35 12 76 76 76 76 76 76 25 12 25 76 35 86 86 86 35 98 98 35 25 25 54 47 47 98 98 98 
  Facilities: 10
 12 : 11 12 13 14 15 16 29 42 43 56 57 65 73 81
 25 : 21 25 26 30 31 41 80 82 92 93
 32 : 20 32 40 44 45 46
 35 : 1 3 23 24 27 28 33 34 35 36 37 58 72 84 88 91
 47 : 38 39 47 48 64 70 71 95 96
 50 : 0 49 50
 54 : 17 18 19 22 53 54 55 59 94
 76 : 2 4 5 6 7 8 9 10 52 60 61 62 63 66 67 68 69 74 75 76 77 78 79 83
 86 : 85 86 87
 98 : 51 89 90 97 98 99
SOLUTION:
  Value: -4357.000000
  Assigns: 50 1 1 73 73 73 76 76 76 76 76 12 12 12 12 12 12 54 54 54 1 25 54 35 35 25 25 35 35 12 25 25 25 35 35 35 35 35 47 47 47 25 12 12 1 47 47 47 47 50 50 98 76 54 54 54 73 73 25 54 76 76 76 76 47 12 76 76 76 76 47 47 35 73 76 76 76 76 76 76 25 12 25 76 35 35 98 98 35 98 98 35 25 25 54 47 47 98 98 98 
  Facilities: 10
 1 : 1 2 20 44
 12 : 11 12 13 14 15 16 29 42 43 65 81
 25 : 21 25 26 30 31 32 41 58 80 82 92 93
 35 : 23 24 27 28 33 34 35 36 37 72 84 85 88 91
 47 : 38 39 40 45 46 47 48 64 70 71 95 96
 50 : 0 49 50
 54 : 17 18 19 22 53 54 55 59 94
 73 : 3 4 5 56 57 73
 76 : 6 7 8 9 10 52 60 61 62 63 66 67 68 69 74 75 76 77 78 79 83
 98 : 51 86 87 89 90 97 98 99
SOLUTION:
  Value: -4365.000000
  Assigns: 65 20 76 73 73 73 76 76 76 76 76 95 14 14 14 14 14 18 18 18 20 25 20 35 35 25 25 35 35 14 25 25 20 35 35 35 35 35 65 65 20 25 95 95 20 20 95 95 95 76 65 98 76 18 18 73 73 73 65 65 76 76 76 76 65 65 65 76 76 76 76 95 35 73 76 76 76 76 76 76 14 95 20 20 35 35 98 98 35 98 98 35 25 25 95 95 95 98 98 98 
  Facilities: 10
 14 : 12 13 14 15 16 29 80
 18 : 17 18 19 53 54
 20 : 1 20 22 32 40 44 45 82 83
 25 : 21 25 26 30 31 41 92 93
 35 : 23 24 27 28 33 34 35 36 37 72 84 85 88 91
 65 : 0 38 39 50 58 59 64 65 66
 73 : 3 4 5 55 56 57 73
 76 : 2 6 7 8 9 10 49 52 60 61 62 63 67 68 69 70 74 75 76 77 78 79
 95 : 11 42 43 46 47 48 71 81 94 95 96
 98 : 51 86 87 89 90 97 98 99
SOLUTION:
  Value: -4368.000000
  Assigns: 1 1 1 73 73 73 76 76 76 76 76 12 12 12 12 12 12 54 54 54 1 25 54 35 35 25 25 35 35 12 25 25 25 35 35 35 35 35 47 47 47 25 12 12 1 47 47 47 47 47 1 98 76 54 54 54 73 73 25 54 76 76 76 76 47 12 76 76 76 76 47 47 35 73 76 76 76 76 76 76 25 12 25 76 35 86 86 86 35 98 98 35 25 25 54 47 47 98 98 98 
  Facilities: 10
 1 : 0 1 2 20 44 50
 12 : 11 12 13 14 15 16 29 42 43 65 81
 25 : 21 25 26 30 31 32 41 58 80 82 92 93
 35 : 23 24 27 28 33 34 35 36 37 72 84 88 91
 47 : 38 39 40 45 46 47 48 49 64 70 71 95 96
 54 : 17 18 19 22 53 54 55 59 94
 73 : 3 4 5 56 57 73
 76 : 6 7 8 9 10 52 60 61 62 63 66 67 68 69 74 75 76 77 78 79 83
 86 : 85 86 87
 98 : 51 89 90 97 98 99
SOLUTION:
  Value: -4368.000000
  Assigns: 50 20 3 3 3 3 76 76 76 76 76 95 14 14 14 14 14 54 54 54 20 25 54 35 35 25 25 35 35 14 3 25 20 35 35 35 35 35 76 95 20 25 54 95 20 20 95 95 95 50 50 98 76 54 54 54 3 3 35 54 76 76 76 76 95 14 76 76 76 76 76 95 35 3 76 76 76 76 76 76 14 95 20 20 35 35 98 98 35 98 98 35 25 25 54 95 95 98 98 98 
  Facilities: 10
 3 : 2 3 4 5 30 56 57 73
 14 : 12 13 14 15 16 29 65 80
 20 : 1 20 32 40 44 45 82 83
 25 : 21 25 26 31 41 92 93
 35 : 23 24 27 28 33 34 35 36 37 58 72 84 85 88 91
 50 : 0 49 50
 54 : 17 18 19 22 42 53 54 55 59 94
 76 : 6 7 8 9 10 38 52 60 61 62 63 66 67 68 69 70 74 75 76 77 78 79
 95 : 11 39 43 46 47 48 64 71 81 95 96
 98 : 51 86 87 89 90 97 98 99
