# Time: 10.450000
# Elapsed: 3.828857
# Input_file: splp/Chess/2334ChessS.txt
# Pool_size: 400
# Iterations: 51
# Final_solutions: 19744
# Vision_range: 0
# Reduction_mode: REDUCTION_RANDOM
SOLUTION:
  Value: -102175.000000
  Assigns: 0 0 3 134 3 17 7 7 7 10 10 0 0 0 3 3 3 30 17 7 7 22 10 22 36 36 37 40 41 40 41 30 45 22 45 22 59 36 37 40 41 41 30 30 45 45 45 58 59 60 63 52 63 41 41 67 45 58 59 36 59 60 63 63 63 78 78 78 67 81 58 59 60 84 87 87 87 78 67 78 81 81 81 84 84 84 87 87 100 100 78 78 103 81 107 107 119 110 87 100 100 100 103 116 116 116 119 119 119 121 121 124 100 124 126 116 116 116 107 107 121 134 134 134 124 126 126 140 116 116 119 119 0 134 134 124 3 126 7 126 7 140 10 10 
  Facilities: 34
 0 : 0 1 11 12 13 132
 3 : 2 4 14 15 16 136
 7 : 6 7 8 19 20 138 140
 10 : 9 10 22 142 143
 17 : 5 18
 22 : 21 23 33 35
 30 : 17 31 42 43
 36 : 24 25 37 59
 37 : 26 38
 40 : 27 29 39
 41 : 28 30 40 41 53 54
 45 : 32 34 44 45 46 56
 52 : 51
 58 : 47 57 70
 59 : 36 48 58 60 71
 60 : 49 61 72
 63 : 50 52 62 63 64
 67 : 55 68 78
 78 : 65 66 67 77 79 90 91
 81 : 69 80 81 82 93
 84 : 73 83 84 85
 87 : 74 75 76 86 87 98
 100 : 88 89 99 100 101 112
 103 : 92 102
 107 : 94 95 118 119
 110 : 97
 111 :
 116 : 103 104 105 115 116 117 128 129
 119 : 96 106 107 108 130 131
 121 : 109 110 120
 124 : 111 113 124 135
 126 : 114 125 126 137 139
 134 : 3 121 122 123 133 134
 140 : 127 141
SOLUTION:
  Value: -102180.000000
  Assigns: 0 0 3 134 3 17 7 7 7 10 10 0 0 0 3 3 3 30 17 7 7 22 10 22 36 36 37 40 41 40 41 30 45 22 45 22 59 36 37 40 41 41 30 30 45 45 45 58 59 60 63 52 63 41 41 67 45 58 59 36 59 60 63 63 63 78 78 78 67 81 58 59 60 84 63 63 63 78 67 78 81 81 81 84 84 84 98 98 100 100 78 78 103 81 107 107 119 110 111 100 100 100 103 116 116 116 119 119 119 121 121 124 100 124 126 116 116 116 107 107 121 134 134 134 124 126 126 140 116 116 119 119 0 134 134 124 3 126 7 126 7 140 10 10 
  Facilities: 34
 0 : 0 1 11 12 13 132
 3 : 2 4 14 15 16 136
 7 : 6 7 8 19 20 138 140
 10 : 9 10 22 142 143
 17 : 5 18
 22 : 21 23 33 35
 30 : 17 31 42 43
 36 : 24 25 37 59
 37 : 26 38
 40 : 27 29 39
 41 : 28 30 40 41 53 54
 45 : 32 34 44 45 46 56
 52 : 51
 58 : 47 57 70
 59 : 36 48 58 60 71
 60 : 49 61 72
 63 : 50 52 62 63 64 74 75 76
 67 : 55 68 78
 78 : 65 66 67 77 79 90 91
 81 : 69 80 81 82 93
 84 : 73 83 84 85
 98 : 86 87
 100 : 88 89 99 100 101 112
 103 : 92 102
 107 : 94 95 118 119
 110 : 97
 111 : 98
 116 : 103 104 105 115 116 117 128 129
 119 : 96 106 107 108 130 131
 121 : 109 110 120
 124 : 111 113 124 135
 126 : 114 125 126 137 139
 134 : 3 121 122 123 133 134
 140 : 127 141
SOLUTION:
  Value: -102183.000000
  Assigns: 143 0 2 4 4 4 19 19 20 20 143 0 0 2 26 28 28 28 19 20 7 20 35 35 36 36 26 28 28 40 19 20 20 20 35 35 35 26 26 40 28 40 55 55 32 57 57 35 61 61 63 40 63 40 55 55 55 70 70 36 73 61 73 63 63 78 78 80 57 57 70 70 73 73 73 87 87 90 90 80 80 94 70 70 107 73 73 88 88 88 103 78 103 80 107 107 107 109 87 87 99 114 103 90 103 106 94 106 107 109 109 111 111 114 114 127 103 106 106 107 143 109 109 111 111 114 114 114 127 130 130 130 0 0 2 4 4 4 7 127 7 130 143 143 
  Facilities: 34
 0 : 1 11 12 132 133
 2 : 2 13 134
 4 : 3 4 5 135 136 137
 7 : 20 138 140
 19 : 6 7 18 30
 20 : 8 9 19 21 31 32 33
 26 : 14 26 37 38
 28 : 15 16 17 27 28 40
 32 : 44
 35 : 22 23 34 35 36 47
 36 : 24 25 59
 40 : 29 39 41 51 53
 55 : 42 43 54 55 56
 57 : 45 46 68 69
 61 : 48 49 61
 63 : 50 52 63 64
 70 : 57 58 70 71 82 83
 73 : 60 62 72 73 74 85 86
 78 : 65 66 91
 80 : 67 79 80 93
 87 : 75 76 98 99
 88 : 87 88 89
 90 : 77 78 103
 94 : 81 106
 99 : 100
 103 : 90 92 102 104 116
 106 : 105 107 117 118
 107 : 84 94 95 96 108 119
 109 : 97 109 110 121 122
 111 : 111 112 123 124
 114 : 101 113 114 125 126 127
 127 : 115 128 139
 130 : 129 130 131 141
 143 : 0 10 120 142 143
SOLUTION:
  Value: -105164.000000
  Assigns: 0 0 135 135 5 5 5 7 7 10 142 0 1 25 1 28 29 28 29 8 7 33 33 0 25 25 25 28 28 29 29 44 44 44 33 46 48 48 25 28 28 29 29 44 45 33 33 48 48 48 63 63 63 66 66 44 45 44 45 46 48 48 63 63 76 76 79 66 81 82 81 82 85 85 85 76 76 76 79 90 81 92 81 82 85 85 86 76 76 76 79 92 103 81 93 107 85 85 85 86 101 101 103 116 93 92 93 107 107 121 123 123 123 101 125 103 103 116 107 107 121 121 123 135 125 125 139 139 139 116 142 142 0 0 123 135 123 125 139 139 139 8 142 10 
  Facilities: 35
 0 : 0 1 11 23 132 133
 1 : 12 14
 5 : 4 5 6
 7 : 7 8 20
 8 : 19 141
 10 : 9 143
 25 : 13 24 25 26 38
 28 : 15 17 27 28 39 40
 29 : 16 18 29 30 41 42
 33 : 21 22 34 45 46
 44 : 31 32 33 43 55 57
 45 : 44 56 58
 46 : 35 59
 48 : 36 37 47 48 49 60 61
 63 : 50 51 52 62 63
 66 : 53 54 67
 76 : 64 65 75 76 77 87 88 89
 79 : 66 78 90
 81 : 68 70 80 82 93
 82 : 69 71 83
 85 : 72 73 74 84 85 96 97 98
 86 : 86 99
 90 : 79
 92 : 81 91 105
 93 : 94 104 106
 101 : 100 101 113
 103 : 92 102 115 116
 107 : 95 107 108 118 119
 116 : 103 117 129
 121 : 109 120 121
 123 : 110 111 112 122 134 136
 125 : 114 124 125 137
 135 : 2 3 123 135
 139 : 126 127 128 138 139 140
 142 : 10 130 131 142
SOLUTION:
  Value: -105166.000000
  Assigns: 0 0 135 135 5 5 5 7 7 10 10 0 1 25 1 28 29 28 29 8 7 33 33 0 25 36 25 28 28 29 29 44 44 44 33 36 48 48 25 28 28 29 29 44 45 33 33 48 48 48 63 63 63 66 66 44 45 44 45 36 48 48 63 64 76 76 66 66 81 82 81 82 85 85 85 76 76 64 90 90 81 92 81 82 85 85 86 76 76 76 103 92 103 81 93 107 85 85 85 86 101 101 103 116 93 118 118 107 107 121 123 123 123 101 125 103 103 118 118 107 121 121 123 135 125 125 139 139 139 116 118 118 0 0 123 135 123 125 139 139 139 8 10 10 
  Facilities: 35
 0 : 0 1 11 23 132 133
 1 : 12 14
 5 : 4 5 6
 7 : 7 8 20
 8 : 19 141
 10 : 9 10 142 143
 25 : 13 24 26 38
 28 : 15 17 27 28 39 40
 29 : 16 18 29 30 41 42
 33 : 21 22 34 45 46
 36 : 25 35 59
 44 : 31 32 33 43 55 57
 45 : 44 56 58
 48 : 36 37 47 48 49 60 61
 63 : 50 51 52 62
 64 : 63 77
 66 : 53 54 66 67
 76 : 64 65 75 76 87 88 89
 81 : 68 70 80 82 93
 82 : 69 71 83
 85 : 72 73 74 84 85 96 97 98
 86 : 86 99
 90 : 78 79
 92 : 81 91
 93 : 94 104
 101 : 100 101 113
 103 : 90 92 102 115 116
 107 : 95 107 108 119
 116 : 103 129
 118 : 105 106 117 118 130 131
 121 : 109 120 121
 123 : 110 111 112 122 134 136
 125 : 114 124 125 137
 135 : 2 3 123 135
 139 : 126 127 128 138 139 140
SOLUTION:
  Value: -105180.000000
  Assigns: 23 2 2 135 135 18 139 139 9 10 10 23 23 26 26 27 27 28 18 18 9 9 10 23 23 26 27 26 28 42 42 42 45 45 45 23 59 26 51 27 51 42 42 42 45 57 57 59 59 62 62 51 51 42 42 42 45 45 71 70 59 62 51 62 51 78 78 78 57 57 71 59 60 62 62 62 87 90 89 78 92 92 71 70 96 96 87 88 89 89 89 78 92 105 105 96 96 110 87 110 89 89 89 90 105 92 105 106 120 121 121 110 125 125 125 128 128 128 106 106 120 110 135 135 135 125 139 139 139 128 130 130 120 2 2 135 135 125 139 139 139 9 9 10 
  Facilities: 35
 2 : 1 2 133 134
 9 : 8 20 21 141 142
 10 : 9 10 22 143
 18 : 5 18 19
 23 : 0 11 12 23 24 35
 26 : 13 14 25 27 37
 27 : 15 16 26 39
 28 : 17 28
 42 : 29 30 31 41 42 43 53 54 55
 45 : 32 33 34 44 56 57
 51 : 38 40 51 52 62 64
 57 : 45 46 68 69
 59 : 36 47 48 60 71
 60 : 72
 62 : 49 50 61 63 73 74 75
 70 : 59 83
 71 : 58 70 82
 78 : 65 66 67 79 91
 87 : 76 86 98
 88 : 87
 89 : 78 88 89 90 100 101 102
 90 : 77 103
 92 : 80 81 92 105
 96 : 84 85 95 96
 105 : 93 94 104 106
 106 : 107 118 119
 110 : 97 99 111 121
 120 : 108 120 132
 121 : 109 110
 125 : 112 113 114 125 137
 128 : 115 116 117 129
 130 : 130 131
 133 :
 135 : 3 4 122 123 124 135 136
 139 : 6 7 126 127 128 138 139 140
SOLUTION:
  Value: -108170.000000
  Assigns: 143 134 3 4 3 4 19 19 19 142 142 23 24 26 26 28 3 28 19 7 19 33 33 24 23 26 26 28 28 40 41 19 19 33 45 23 24 26 26 40 28 41 30 30 45 33 45 24 71 50 50 50 40 41 41 68 45 68 71 70 73 50 73 50 75 66 66 66 69 68 71 71 73 73 73 75 75 88 91 91 69 68 70 70 107 73 73 88 75 88 91 91 91 82 107 107 107 86 111 88 101 114 91 91 91 117 107 107 120 120 111 111 111 101 101 114 117 117 117 107 120 134 111 111 137 137 137 114 117 142 142 120 143 134 134 4 4 5 7 7 7 142 143 143 
  Facilities: 36
 3 : 2 4 16
 4 : 3 5 135 136
 5 : 137
 7 : 19 138 139 140
 19 : 6 7 8 18 20 31 32
 23 : 11 24 35
 24 : 12 23 36 47
 26 : 13 14 25 26 37 38
 28 : 15 17 27 28 40
 30 : 42 43
 33 : 21 22 33 45
 40 : 29 39 52
 41 : 30 41 53 54
 45 : 34 44 46 56
 50 : 49 50 51 61 63
 66 : 65 66 67
 68 : 55 57 69 81
 69 : 68 80
 70 : 59 82 83
 71 : 48 58 70 71
 73 : 60 62 72 73 74 85 86
 75 : 64 75 76 88
 82 : 93
 86 : 97
 88 : 77 87 89 99
 91 : 78 79 90 91 92 102 103 104
 101 : 100 113 114
 107 : 84 94 95 96 106 107 119
 111 : 98 110 111 112 122 123
 114 : 101 115 127
 117 : 105 116 117 118 128
 120 : 108 109 120 131
 134 : 1 121 133 134
 137 : 124 125 126
 142 : 9 10 129 130 141
 143 : 0 132 142 143
SOLUTION:
  Value: -108182.000000
  Assigns: 13 2 2 2 5 137 138 20 20 10 10 23 13 13 26 26 5 5 31 20 7 20 33 23 23 26 26 26 41 41 41 20 20 44 33 46 49 26 49 52 41 41 31 44 31 33 33 46 48 48 49 52 52 41 41 67 67 44 58 46 49 72 49 52 77 52 78 78 67 58 58 58 95 86 86 86 88 77 67 78 92 92 95 72 95 97 97 88 88 88 77 78 92 92 95 72 95 97 111 88 88 88 115 115 115 92 119 119 119 97 97 111 123 124 115 115 115 130 130 119 119 132 111 111 124 124 137 115 115 130 119 130 132 2 2 124 123 124 137 138 7 10 130 10 
  Facilities: 36
 2 : 1 2 3 133 134
 5 : 4 16 17
 7 : 20 140
 10 : 9 10 141 143
 13 : 0 12 13
 20 : 7 8 19 21 31 32
 23 : 11 23 24
 26 : 14 15 25 26 27 37
 31 : 18 42 44
 33 : 22 34 45 46
 35 :
 41 : 28 29 30 40 41 53 54
 44 : 33 43 57
 46 : 35 47 59
 48 : 48 49
 49 : 36 38 50 60 62
 52 : 39 51 52 63 65
 58 : 58 69 70 71
 67 : 55 56 68 78
 72 : 61 83 95
 77 : 64 77 90
 78 : 66 67 79 91
 86 : 73 74 75
 88 : 76 87 88 89 99 100 101
 92 : 80 81 92 93 105
 95 : 72 82 84 94 96
 97 : 85 86 97 109 110
 111 : 98 111 122 123
 115 : 102 103 104 114 115 116 127 128
 119 : 106 107 108 119 120 130
 123 : 112 136
 124 : 113 124 125 135 137
 130 : 117 118 129 131 142
 132 : 121 132
 137 : 5 126 138
 138 : 6 139
SOLUTION:
  Value: -108191.000000
  Assigns: 13 2 2 2 5 137 138 20 20 10 10 23 13 13 26 26 5 5 31 20 7 20 33 23 23 26 26 26 41 41 41 20 20 44 33 46 35 26 26 52 41 41 31 44 31 33 33 46 48 48 50 52 52 41 41 67 67 44 58 46 48 72 50 50 77 52 78 78 67 58 58 58 95 86 86 86 88 77 67 78 92 92 95 72 95 97 97 88 88 88 77 78 92 92 95 72 95 97 111 88 88 88 115 115 115 92 119 119 119 97 97 111 123 124 115 115 115 130 130 119 119 132 111 111 124 124 137 115 115 130 119 130 132 2 2 124 123 124 137 138 7 10 130 10 
  Facilities: 36
 2 : 1 2 3 133 134
 5 : 4 16 17
 7 : 20 140
 10 : 9 10 141 143
 13 : 0 12 13
 20 : 7 8 19 21 31 32
 23 : 11 23 24
 26 : 14 15 25 26 27 37 38
 31 : 18 42 44
 33 : 22 34 45 46
 35 : 36
 41 : 28 29 30 40 41 53 54
 44 : 33 43 57
 46 : 35 47 59
 48 : 48 49 60
 50 : 50 62 63
 52 : 39 51 52 65
 58 : 58 69 70 71
 67 : 55 56 68 78
 72 : 61 83 95
 77 : 64 77 90
 78 : 66 67 79 91
 86 : 73 74 75
 88 : 76 87 88 89 99 100 101
 92 : 80 81 92 93 105
 95 : 72 82 84 94 96
 97 : 85 86 97 109 110
 111 : 98 111 122 123
 115 : 102 103 104 114 115 116 127 128
 119 : 106 107 108 119 120 130
 123 : 112 136
 124 : 113 124 125 135 137
 130 : 117 118 129 131 142
 132 : 121 132
 137 : 5 126 138
 138 : 6 139
SOLUTION:
  Value: -108199.000000
  Assigns: 132 0 3 3 3 18 138 138 8 142 11 0 11 24 3 28 3 28 18 8 8 32 34 24 24 24 39 39 28 28 43 32 45 34 45 24 24 24 39 51 28 28 43 55 55 45 34 24 71 50 39 39 51 64 55 55 45 45 71 70 71 50 51 64 51 64 55 55 81 70 71 71 71 74 87 74 87 64 90 90 81 94 81 94 107 74 87 88 88 102 102 102 81 81 94 107 107 110 87 110 101 101 102 90 105 105 94 107 107 98 110 98 101 101 125 102 105 105 131 107 132 110 110 110 125 125 138 139 139 142 142 131 0 0 3 3 125 125 125 138 139 8 11 132 
  Facilities: 36
 0 : 1 11 132 133
 3 : 2 3 4 14 16 134 135
 8 : 8 19 20 141
 11 : 10 12 142
 18 : 5 18
 24 : 13 23 24 25 35 36 37 47
 28 : 15 17 28 29 40 41
 32 : 21 31
 34 : 22 33 46
 39 : 26 27 38 50 51
 43 : 30 42
 45 : 32 34 45 56 57
 50 : 49 61
 51 : 39 52 62 64
 55 : 43 44 54 55 66 67
 64 : 53 63 65 77
 70 : 59 69
 71 : 48 58 60 70 71 72
 74 : 73 75 85
 81 : 68 80 82 92 93
 87 : 74 76 86 98
 88 : 87 88
 90 : 78 79 103
 94 : 81 83 94 106
 98 : 109 111
 101 : 100 101 112 113
 102 : 89 90 91 102 115
 105 : 104 105 116 117
 107 : 84 95 96 107 108 119
 110 : 97 99 110 121 122 123
 125 : 114 124 125 136 137 138
 131 : 118 131
 132 : 0 120 143
 138 : 6 7 126 139
 139 : 127 128 140
 142 : 9 129 130
