# Time: 15.780000
# Elapsed: 4.681807
# Input_file: splp/KoerkelGhosh-sym/500/c/gs500c-2
# Pool_size: 400
# Iterations: 9
# Final_solutions: 2874
# Vision_range: 0
# Reduction_mode: REDUCTION_RANDOM
SOLUTION:
  Value: -634622.000000
  Assigns: 298 298 312 298 298 438 312 438 193 438 438 105 298 312 193 298 438 193 438 193 105 193 438 105 438 438 312 312 312 438 105 438 105 105 312 298 438 438 312 312 312 193 298 193 193 105 312 105 105 298 438 312 298 105 105 105 312 438 312 193 438 312 298 312 193 438 312 105 438 298 193 298 193 438 105 105 105 438 438 193 298 312 298 438 105 312 105 193 312 312 105 105 105 105 105 438 438 105 193 193 438 298 438 193 193 193 193 438 193 298 312 193 312 438 105 438 438 105 438 438 312 298 438 438 438 193 438 298 298 438 312 298 193 312 193 298 438 438 105 438 312 298 312 312 438 438 438 438 438 312 193 298 438 438 298 438 312 298 312 298 312 193 438 193 193 105 105 298 298 312 438 298 312 193 438 193 105 298 105 193 298 193 312 193 438 105 312 298 193 312 105 105 312 438 193 312 105 298 105 438 105 105 193 312 438 312 193 298 312 105 105 438 298 298 105 438 438 298 193 105 105 438 193 438 193 193 298 298 312 105 438 298 298 312 298 105 312 438 438 193 438 193 438 193 298 298 105 312 193 193 105 312 438 193 312 193 312 312 105 438 105 312 298 105 438 298 438 105 438 193 105 312 438 438 312 193 193 298 105 193 193 298 193 298 312 298 312 312 193 105 105 105 193 298 438 298 298 298 193 438 193 438 438 193 438 298 438 312 438 438 193 105 312 193 438 438 298 298 438 438 193 438 298 438 438 438 105 193 312 298 438 193 105 438 438 298 193 312 312 105 438 438 105 193 438 312 312 193 312 312 298 438 105 105 312 438 193 193 298 312 193 438 105 193 312 105 438 312 312 298 105 312 105 193 105 298 193 193 193 438 105 312 438 312 298 298 298 298 312 298 193 105 193 298 298 193 105 312 298 438 298 298 193 438 298 105 193 312 438 105 193 193 193 193 193 298 105 312 312 105 312 312 298 105 105 438 438 105 438 438 105 298 193 438 298 298 193 193 193 193 298 312 193 298 193 105 193 298 193 298 298 105 105 312 438 105 438 312 298 193 438 105 312 193 312 193 298 298 298 298 312 298 193 193 105 438 298 193 193 298 438 312 298 312 193 105 193 193 193 312 438 193 438 105 298 312 438 105 105 193 
  Facilities: 5
 105 : 11 20 23 30 32 33 45 47 48 53 54 55 67 74 75 76 84 86 90 91 92 93 94 97 114 117 138 165 166 176 178 185 190 191 196 198 200 201 209 210 214 219 220 229 235 246 250 258 260 263 267 270 278 289 290 291 311 326 332 339 342 352 353 362 365 370 372 374 380 391 396 405 409 416 419 423 424 427 430 445 451 452 455 461 474 485 493 497 498
 193 : 8 14 17 19 21 41 43 44 59 64 70 72 79 87 98 99 103 104 105 106 108 111 125 132 134 150 161 163 164 173 175 179 181 183 188 194 202 206 218 222 224 225 239 241 243 248 249 253 255 269 275 276 279 280 282 288 292 298 300 303 310 313 320 327 331 336 343 347 356 357 360 363 373 376 377 378 390 392 395 402 406 410 411 412 413 414 432 436 437 438 439 442 444 446 448 459 463 465 472 473 477 478 484 486 487 488 491 499
 298 : 0 1 3 4 12 15 35 42 49 52 62 69 71 80 82 101 109 121 127 128 131 135 141 151 154 157 159 167 168 171 177 180 187 197 207 212 213 217 226 227 231 232 234 244 245 262 265 277 281 283 285 293 295 296 297 305 316 317 322 329 335 350 358 369 375 384 385 386 387 389 393 394 398 400 401 404 415 422 431 434 435 440 443 447 449 450 458 466 467 468 469 471 476 479 482 494
 312 : 2 6 13 26 27 28 34 38 39 40 46 51 56 58 61 63 66 81 85 88 89 110 112 120 130 133 140 142 143 149 156 158 160 169 172 182 186 189 192 195 203 205 208 228 233 236 247 251 254 256 257 261 271 274 284 286 287 307 312 328 337 338 345 346 348 349 354 359 364 367 368 371 381 383 388 397 407 417 418 420 421 441 453 457 462 464 470 481 483 489 495
 438 : 5 7 9 10 16 18 22 24 25 29 31 36 37 50 57 60 65 68 73 77 78 83 95 96 100 102 107 113 115 116 118 119 122 123 124 126 129 136 137 139 144 145 146 147 148 152 153 155 162 170 174 184 193 199 204 211 215 216 221 223 230 237 238 240 242 252 259 264 266 268 272 273 294 299 301 302 304 306 308 309 314 315 318 319 321 323 324 325 330 333 334 340 341 344 351 355 361 366 379 382 399 403 408 425 426 428 429 433 454 456 460 475 480 490 492 496
SOLUTION:
  Value: -635154.000000
  Assigns: 298 298 452 298 298 438 193 438 193 438 452 452 298 298 193 298 452 193 452 193 452 193 438 105 438 438 438 193 452 438 105 452 105 105 452 452 452 438 298 452 438 193 298 193 193 105 452 105 105 298 438 193 298 105 105 452 298 438 298 193 452 193 298 105 452 438 452 105 438 298 193 298 193 438 105 105 105 438 438 193 298 438 298 452 105 438 105 193 452 105 105 105 105 105 105 438 438 105 452 193 452 298 438 452 193 193 193 438 452 298 452 193 298 438 105 438 438 105 438 438 452 298 438 438 438 193 438 298 298 438 105 452 193 105 193 298 438 438 105 438 105 298 438 452 438 438 438 438 438 193 193 298 438 438 298 438 438 298 452 298 193 452 452 193 193 105 452 298 452 452 438 452 438 193 452 193 105 298 105 193 298 193 452 193 438 105 193 298 193 193 105 105 193 438 452 298 105 298 105 438 105 105 193 452 438 193 193 298 105 105 105 438 452 298 105 438 438 298 193 105 105 438 452 438 193 193 298 452 105 105 438 298 298 452 298 105 452 438 438 193 438 193 438 193 298 298 105 452 193 193 105 452 438 193 105 452 298 105 105 438 105 438 298 105 438 298 438 105 438 193 452 438 438 452 438 193 193 298 452 193 193 298 193 452 452 298 438 452 452 105 452 105 193 298 438 298 452 298 193 438 193 452 438 193 438 298 438 298 438 438 193 105 105 452 452 438 298 298 452 438 193 438 298 438 438 438 452 193 193 298 438 193 105 438 438 298 193 298 452 105 438 438 105 193 452 105 193 193 105 438 298 438 105 105 438 438 193 193 298 452 193 438 105 193 193 105 438 193 438 298 452 452 105 193 105 298 193 193 193 452 105 438 438 452 452 298 298 298 438 298 193 105 193 298 298 452 105 193 298 438 452 298 193 438 298 105 193 438 438 105 193 193 193 193 193 298 105 452 438 452 452 452 298 105 105 438 438 105 438 438 105 298 193 438 452 452 193 193 193 452 298 298 193 298 193 452 193 298 193 298 298 105 452 193 438 105 438 452 298 193 438 105 438 193 298 193 452 298 298 298 452 298 193 193 105 438 298 193 193 298 452 105 298 438 452 105 452 193 452 298 438 452 438 105 298 193 438 105 452 193 
  Facilities: 5
 105 : 23 30 32 33 45 47 48 53 54 63 67 74 75 76 84 86 89 90 91 92 93 94 97 114 117 130 133 138 140 165 176 178 185 190 191 196 198 200 201 208 209 210 214 219 220 228 229 235 246 250 254 257 258 260 263 267 289 291 311 312 332 339 342 345 348 352 353 362 365 372 374 380 391 396 405 409 416 423 424 427 430 451 455 461 474 481 485 493 497
 193 : 6 8 14 17 19 21 27 41 43 44 51 59 61 70 72 79 87 99 104 105 106 111 125 132 134 149 150 160 163 164 173 175 179 181 183 186 188 189 192 202 205 206 218 224 225 239 241 243 248 249 253 269 275 276 279 280 282 292 298 300 303 310 320 327 328 331 336 343 346 347 356 357 360 363 364 367 373 376 377 378 390 392 397 402 406 410 411 412 413 414 432 436 437 438 442 444 446 448 453 459 463 465 472 473 477 478 487 495 499
 298 : 0 1 3 4 12 13 15 38 42 49 52 56 58 62 69 71 80 82 101 109 112 121 127 128 135 141 151 154 157 159 167 177 180 187 195 197 207 213 217 226 231 232 234 244 245 256 262 265 277 281 285 293 295 297 305 307 316 317 322 329 335 337 350 358 369 375 385 386 387 389 393 394 398 401 404 415 422 431 440 441 443 447 449 450 458 464 467 468 469 471 476 479 482 489 494
 438 : 5 7 9 22 24 25 26 29 37 40 50 57 65 68 73 77 78 81 85 95 96 102 107 113 115 116 118 119 122 123 124 126 129 136 137 139 142 144 145 146 147 148 152 153 155 156 170 172 184 193 199 204 211 215 216 221 223 230 237 238 240 242 252 259 261 264 266 268 271 272 274 286 294 299 302 304 306 308 309 315 319 321 323 324 325 330 333 334 340 341 349 351 354 355 361 366 368 381 382 388 399 403 407 408 418 425 426 428 429 433 454 456 460 462 475 483 490 492 496
 452 : 2 10 11 16 18 20 28 31 34 35 36 39 46 55 60 64 66 83 88 98 100 103 108 110 120 131 143 158 161 162 166 168 169 171 174 182 194 203 212 222 227 233 236 247 251 255 270 273 278 283 284 287 288 290 296 301 313 314 318 326 338 344 359 370 371 379 383 384 395 400 417 419 420 421 434 435 439 445 452 457 466 470 480 484 486 488 491 498
SOLUTION:
  Value: -638049.000000
  Assigns: 396 396 108 421 108 438 321 438 108 321 438 108 396 438 25 25 421 25 108 303 421 303 438 438 438 438 303 108 421 438 108 25 396 421 303 421 396 438 25 396 438 108 108 396 396 108 108 321 25 108 25 25 396 321 303 321 438 438 303 303 321 396 25 321 421 438 421 321 421 396 396 108 438 438 396 321 25 438 438 396 303 108 396 438 108 108 25 421 25 108 321 108 421 396 303 438 438 321 421 25 108 25 303 303 303 438 25 438 421 321 321 303 25 438 25 438 438 421 438 108 396 108 321 438 438 303 303 25 303 438 108 421 303 25 25 108 438 438 108 438 438 108 303 321 396 396 438 438 321 25 321 396 438 108 438 438 321 421 321 25 108 396 438 303 396 438 303 438 108 25 438 108 108 303 396 438 108 421 303 303 25 321 321 421 321 25 321 396 421 421 108 421 25 438 108 25 108 25 303 438 303 421 108 321 396 321 421 438 421 108 25 396 438 25 438 438 438 25 396 321 303 421 321 438 108 303 108 396 438 421 303 303 421 421 25 421 303 25 421 25 321 108 321 321 396 421 108 108 396 25 25 303 438 321 321 321 421 396 25 438 396 438 421 108 108 421 438 321 438 396 303 438 438 108 108 108 108 321 25 438 421 108 438 108 321 25 25 303 396 25 108 25 421 438 438 321 321 421 108 438 421 108 303 321 438 421 108 421 303 421 25 321 421 303 438 438 396 303 303 438 421 438 321 108 303 321 396 421 25 108 438 421 303 438 303 25 421 25 321 25 321 438 321 108 108 108 25 25 108 438 303 303 321 321 438 108 396 396 421 108 25 108 421 303 421 396 396 321 421 303 25 421 25 321 321 108 25 303 303 421 396 396 438 303 303 438 421 25 25 108 25 108 303 321 25 303 396 108 396 321 396 421 396 438 108 108 321 438 396 396 321 396 108 108 25 108 25 396 438 421 25 108 421 108 25 25 438 25 321 438 25 421 438 108 396 321 321 321 25 438 25 25 303 321 25 25 396 108 25 421 396 303 421 396 421 396 25 396 396 321 421 421 303 438 303 25 396 25 108 396 396 25 303 25 108 438 321 303 303 108 438 421 108 421 25 303 321 25 303 421 438 108 438 303 421 303 438 25 25 108 
  Facilities: 7
 25 : 14 15 17 31 38 48 50 51 62 76 86 88 99 101 106 112 114 127 133 134 149 159 169 180 185 192 195 197 210 213 217 234 237 239 249 250 258 278 285 286 289 291 310 328 335 337 339 346 347 360 370 372 376 387 388 390 394 414 416 420 424 425 427 430 438 440 441 444 445 448 456 465 467 471 473 484 487 497 498
 108 : 2 4 8 11 18 27 30 41 42 45 46 49 71 81 84 85 89 91 100 119 121 130 135 138 141 153 160 168 171 172 176 190 194 196 202 209 224 226 241 246 247 263 264 273 274 275 276 281 283 290 298 301 306 323 329 343 344 345 348 355 359 361 375 389 391 397 404 405 412 413 415 421 423 433 447 468 474 479 482 491 499
 303 : 19 21 26 34 54 58 59 80 94 102 103 104 111 125 126 128 132 142 163 166 173 178 179 198 200 220 225 230 231 236 251 270 287 302 308 313 317 318 324 332 334 350 351 363 369 377 378 383 384 392 395 442 451 462 464 472 477 478 485 488 493 495
 321 : 6 9 47 53 55 60 63 67 75 90 97 109 110 122 143 148 150 156 158 181 182 184 186 203 205 219 222 240 242 243 253 254 255 267 277 284 295 296 303 311 322 325 338 340 342 352 353 367 373 374 393 399 406 410 428 435 436 437 443 459 476 486
 396 : 0 1 12 32 36 39 43 44 52 61 69 70 74 79 82 93 120 144 145 151 161 164 174 187 204 211 218 227 244 248 257 260 269 288 316 326 356 357 365 366 380 381 396 398 400 402 408 409 411 417 434 446 450 453 455 457 458 466 469 470
 421 : 3 16 20 28 33 35 64 66 68 87 92 98 108 117 131 157 177 183 188 189 191 201 206 208 221 229 232 233 235 238 245 256 262 265 280 292 297 300 305 307 309 312 320 327 331 336 358 362 364 368 371 379 386 401 419 422 431 449 452 454 460 461 481 483 489 494
 438 : 5 7 10 13 22 23 24 25 29 37 40 56 57 65 72 73 77 78 83 95 96 105 107 113 115 116 118 123 124 129 136 137 139 140 146 147 152 154 155 162 165 167 170 175 193 199 207 212 214 215 216 223 228 252 259 261 266 268 271 272 279 282 293 294 299 304 314 315 319 321 330 333 341 349 354 382 385 403 407 418 426 429 432 439 463 475 480 490 492 496
SOLUTION:
  Value: -638525.000000
  Assigns: 298 298 193 298 298 438 193 438 193 438 438 105 298 298 193 298 438 193 438 193 105 193 438 105 438 438 438 193 298 438 105 438 105 105 193 298 438 438 298 298 438 193 298 193 193 105 105 105 105 298 438 193 298 105 105 105 298 438 298 193 438 193 298 105 193 438 298 105 438 298 193 298 193 438 105 105 105 438 438 193 298 438 298 438 105 438 105 193 298 105 105 105 105 105 105 438 438 105 193 193 438 298 438 193 193 193 193 438 193 298 438 193 298 438 105 438 438 105 438 438 105 298 438 438 438 193 438 298 298 438 105 298 193 105 193 298 438 438 105 438 105 298 438 193 438 438 438 438 438 193 193 298 438 438 298 438 438 298 193 298 193 193 438 193 193 105 105 298 298 438 438 298 438 193 438 193 105 298 105 193 298 193 105 193 438 105 193 298 193 193 105 105 193 438 193 298 105 298 105 438 105 105 193 438 438 193 193 298 105 105 105 438 298 298 105 438 438 298 193 105 105 438 193 438 193 193 298 298 105 105 438 298 298 105 298 105 298 438 438 193 438 193 438 193 298 298 105 438 193 193 105 105 438 193 105 193 298 105 105 438 105 438 298 105 438 298 438 105 438 193 105 438 438 438 438 193 193 298 105 193 193 298 193 298 298 298 438 105 193 105 105 105 193 298 438 298 298 298 193 438 193 438 438 193 438 298 438 298 438 438 193 105 105 193 438 438 298 298 438 438 193 438 298 438 438 438 105 193 193 298 438 193 105 438 438 298 193 298 298 105 438 438 105 193 438 105 193 193 105 438 298 438 105 105 438 438 193 193 298 193 193 438 105 193 193 105 438 193 438 298 105 438 105 193 105 298 193 193 193 438 105 438 438 193 298 298 298 298 438 298 193 105 193 298 298 193 105 193 298 438 298 298 193 438 298 105 193 438 438 105 193 193 193 193 193 298 105 438 438 105 105 105 298 105 105 438 438 105 438 438 105 298 193 438 298 298 193 193 193 193 298 298 193 298 193 105 193 298 193 298 298 105 105 193 438 105 438 438 298 193 438 105 438 193 298 193 298 298 298 298 438 298 193 193 105 438 298 193 193 298 438 105 298 438 193 105 193 193 193 298 438 193 438 105 298 193 438 105 105 193 
  Facilities: 4
 105 : 11 20 23 30 32 33 45 46 47 48 53 54 55 63 67 74 75 76 84 86 89 90 91 92 93 94 97 114 117 120 130 133 138 140 165 166 176 178 182 185 190 191 196 198 200 201 208 209 210 214 219 220 228 229 233 235 246 250 251 254 257 258 260 263 267 270 278 287 289 290 291 311 312 326 332 339 342 345 348 352 353 362 365 370 372 374 380 391 396 405 409 416 419 420 421 423 424 427 430 445 451 452 455 461 474 481 485 493 497 498
 193 : 2 6 8 14 17 19 21 27 34 41 43 44 51 59 61 64 70 72 79 87 98 99 103 104 105 106 108 111 125 132 134 143 149 150 158 160 161 163 164 173 175 179 181 183 186 188 189 192 194 202 205 206 218 222 224 225 239 241 243 248 249 253 255 269 275 276 279 280 282 288 292 298 300 303 310 313 320 327 328 331 336 343 346 347 356 357 359 360 363 364 367 373 376 377 378 383 390 392 395 397 402 406 410 411 412 413 414 432 436 437 438 439 442 444 446 448 453 459 463 465 472 473 477 478 484 486 487 488 491 495 499
 298 : 0 1 3 4 12 13 15 28 35 38 39 42 49 52 56 58 62 66 69 71 80 82 88 101 109 112 121 127 128 131 135 141 151 154 157 159 167 168 171 177 180 187 195 197 207 212 213 217 226 227 231 232 234 236 244 245 256 262 265 277 281 283 284 285 293 295 296 297 305 307 316 317 322 329 335 337 338 350 358 369 375 384 385 386 387 389 393 394 398 400 401 404 415 422 431 434 435 440 441 443 447 449 450 458 464 466 467 468 469 471 476 479 482 489 494
 438 : 5 7 9 10 16 18 22 24 25 26 29 31 36 37 40 50 57 60 65 68 73 77 78 81 83 85 95 96 100 102 107 110 113 115 116 118 119 122 123 124 126 129 136 137 139 142 144 145 146 147 148 152 153 155 156 162 169 170 172 174 184 193 199 203 204 211 215 216 221 223 230 237 238 240 242 247 252 259 261 264 266 268 271 272 273 274 286 294 299 301 302 304 306 308 309 314 315 318 319 321 323 324 325 330 333 334 340 341 344 349 351 354 355 361 366 368 371 379 381 382 388 399 403 407 408 417 418 425 426 428 429 433 454 456 457 460 462 470 475 480 483 490 492 496
SOLUTION:
  Value: -639723.000000
  Assigns: 396 396 108 421 108 108 321 421 108 321 421 108 396 321 25 25 421 25 108 303 421 303 303 421 108 25 303 108 421 108 108 25 396 421 303 421 396 303 25 396 25 108 108 396 396 108 108 321 25 108 25 25 396 321 303 321 303 108 303 303 321 396 25 321 421 25 421 321 421 396 396 108 108 321 396 321 25 303 303 396 303 108 396 321 108 108 25 421 25 108 321 108 421 396 303 321 303 321 421 25 108 25 303 303 303 396 25 321 421 321 321 303 25 25 25 108 321 421 108 108 396 108 321 396 421 303 303 25 303 321 108 421 303 25 25 108 303 108 108 108 108 108 303 321 396 396 321 321 321 25 321 396 108 108 321 303 321 421 321 25 108 396 396 303 396 108 303 303 108 25 303 108 108 303 396 321 108 421 303 303 25 321 321 421 321 25 321 396 421 421 108 421 25 303 108 25 108 25 303 421 303 421 108 321 396 321 421 108 421 108 25 396 108 25 321 108 303 25 396 321 303 421 321 303 108 303 108 396 108 421 303 303 421 421 25 421 303 25 421 25 321 108 321 321 396 421 108 108 396 25 25 303 25 321 321 321 421 396 25 421 396 303 421 108 108 421 303 321 303 396 303 108 303 108 108 108 108 321 25 303 421 108 25 108 321 25 25 303 396 25 108 25 421 321 321 321 321 421 108 303 421 108 303 321 108 421 108 421 303 421 25 321 421 303 396 108 396 303 303 321 421 303 321 108 303 321 396 421 25 108 25 421 303 396 303 25 421 25 321 25 321 321 321 108 108 108 25 25 108 321 303 303 321 321 25 108 396 396 421 108 25 108 421 303 421 396 396 321 421 303 25 421 25 321 321 108 25 303 303 421 396 396 303 303 303 25 421 25 25 108 25 108 303 321 25 303 396 108 396 321 396 421 396 108 108 108 321 108 396 396 321 396 108 108 25 108 25 396 321 421 25 108 421 108 25 25 396 25 321 303 25 421 108 108 396 321 321 321 25 421 25 25 303 321 25 25 396 108 25 421 396 303 421 396 421 396 25 396 396 321 421 421 303 321 303 25 396 25 108 396 396 25 303 25 108 396 321 303 303 108 25 421 108 421 25 303 321 25 303 421 321 108 25 303 421 303 421 25 25 108 
  Facilities: 6
 25 : 14 15 17 25 31 38 40 48 50 51 62 65 76 86 88 99 101 106 112 113 114 127 133 134 149 159 169 180 185 192 195 197 210 213 217 234 237 239 249 250 252 258 278 282 285 286 289 291 310 328 330 335 337 339 346 347 354 360 370 372 376 385 387 388 390 394 414 416 420 424 425 427 430 438 440 441 444 445 448 456 465 467 471 473 480 484 487 492 497 498
 108 : 2 4 5 8 11 18 24 27 29 30 41 42 45 46 49 57 71 72 81 84 85 89 91 100 115 118 119 121 130 135 137 138 139 140 141 152 153 160 165 168 171 172 176 190 194 196 202 207 209 212 215 224 226 228 241 246 247 263 264 271 273 274 275 276 281 283 290 298 301 304 306 315 323 329 343 344 345 348 355 359 361 375 389 391 397 403 404 405 407 412 413 415 421 423 432 433 447 468 474 479 482 491 499
 303 : 19 21 22 26 34 37 54 56 58 59 77 78 80 94 96 102 103 104 111 125 126 128 132 136 142 155 163 166 167 170 173 178 179 193 198 200 216 220 223 225 230 231 236 251 261 266 268 270 272 279 287 299 302 308 313 317 318 321 324 332 334 350 351 363 369 377 378 382 383 384 392 395 429 442 451 462 464 472 477 478 485 488 493 495
 321 : 6 9 13 47 53 55 60 63 67 73 75 83 90 95 97 107 109 110 116 122 129 143 146 147 148 150 154 156 158 175 181 182 184 186 203 205 214 219 222 240 242 243 253 254 255 267 277 284 293 294 295 296 303 311 319 322 325 338 340 341 342 349 352 353 367 373 374 393 399 406 410 418 428 435 436 437 443 459 463 476 486 490
 396 : 0 1 12 32 36 39 43 44 52 61 69 70 74 79 82 93 105 120 123 144 145 151 161 162 164 174 187 204 211 218 227 244 248 257 260 269 288 314 316 326 333 356 357 365 366 380 381 396 398 400 402 408 409 411 417 426 434 446 450 453 455 457 458 466 469 470 475
 421 : 3 7 10 16 20 23 28 33 35 64 66 68 87 92 98 108 117 124 131 157 177 183 188 189 191 199 201 206 208 221 229 232 233 235 238 245 256 259 262 265 280 292 297 300 305 307 309 312 320 327 331 336 358 362 364 368 371 379 386 401 419 422 431 439 449 452 454 460 461 481 483 489 494 496
SOLUTION:
  Value: -640526.000000
  Assigns: 125 37 37 436 386 125 436 436 125 386 19 117 37 386 117 37 436 19 117 125 37 125 117 19 117 117 386 125 117 37 117 117 19 436 436 125 19 436 436 125 37 436 117 386 386 19 386 19 386 37 19 19 125 436 117 117 436 386 19 19 125 386 37 37 125 37 386 125 125 386 386 37 436 37 37 386 125 117 386 386 386 37 436 386 37 125 37 436 386 117 436 386 125 386 117 436 125 37 117 37 436 37 386 386 386 117 19 436 125 117 37 436 125 386 19 117 125 436 37 19 386 19 37 125 436 19 386 386 117 125 19 436 386 436 125 125 436 37 117 125 436 19 125 117 19 19 117 125 37 125 19 117 37 19 19 386 37 436 19 37 19 125 19 436 436 436 125 19 386 117 37 125 436 436 386 117 19 37 125 386 117 37 37 125 125 386 117 386 436 37 37 125 19 19 125 125 436 436 386 125 37 386 436 386 436 19 37 125 37 117 125 125 19 386 117 117 117 37 19 117 19 386 37 386 436 117 436 37 37 436 117 117 386 19 37 19 117 386 37 19 37 37 37 19 19 386 125 436 386 386 125 125 436 125 436 436 386 19 125 125 386 386 37 436 117 125 386 436 19 386 117 386 117 19 125 117 386 125 386 386 436 19 125 37 19 125 37 37 386 117 125 386 37 436 125 386 436 386 386 19 19 19 117 37 37 436 125 386 125 37 37 19 436 19 117 19 37 37 436 125 117 436 37 117 37 117 19 117 19 436 19 117 386 19 19 386 436 37 19 117 436 386 125 37 19 125 37 125 117 19 37 125 117 125 436 19 117 117 19 117 19 436 436 19 436 386 37 125 19 386 386 37 117 37 37 19 125 125 125 125 436 19 117 436 19 117 117 19 125 117 37 436 386 436 37 436 19 125 386 386 125 386 117 117 117 386 37 436 19 117 117 19 386 386 386 117 125 125 37 125 125 386 19 19 37 19 436 436 117 436 37 117 436 436 125 436 117 117 37 37 125 19 37 386 117 117 117 37 436 436 125 436 37 386 125 19 37 37 436 125 125 436 125 37 436 37 19 125 19 125 125 125 125 117 436 117 37 125 436 436 125 436 37 37 117 37 125 19 386 125 37 117 117 125 19 37 117 125 386 125 
  Facilities: 6
 19 : 10 17 23 32 36 45 47 50 51 58 59 106 114 119 121 125 130 141 144 145 150 153 154 158 160 162 167 176 192 193 205 212 218 220 233 235 239 243 244 257 268 273 281 284 299 300 301 311 313 315 326 328 330 333 334 338 344 349 355 358 360 363 368 375 381 384 387 396 408 411 422 423 425 441 455 466 468 487 494
 37 : 1 2 12 15 20 29 40 49 62 63 65 71 73 74 81 84 86 97 99 101 110 118 122 137 148 152 156 159 170 177 181 182 189 190 200 206 208 217 222 227 228 234 238 240 241 242 262 283 286 287 292 303 304 309 310 316 317 322 324 337 343 346 350 366 371 373 374 390 394 406 418 424 430 438 439 442 447 452 456 457 463 465 476 482 483 485 490 495
 117 : 11 14 18 22 24 25 28 30 31 42 54 55 77 89 94 98 105 109 115 128 138 143 146 151 169 175 180 186 209 214 215 216 219 225 230 231 236 264 270 272 275 289 302 314 320 323 325 327 331 339 348 352 356 357 359 372 382 385 386 389 402 403 404 409 410 415 428 431 436 437 444 445 446 473 475 484 491 492 496
 125 : 0 5 8 19 21 27 35 39 52 60 64 67 68 76 85 92 96 108 112 116 123 129 134 135 139 142 147 149 161 166 171 178 183 184 191 194 195 199 207 210 211 246 250 251 253 258 259 265 274 277 282 285 290 294 306 308 319 342 345 347 351 353 367 376 377 378 379 388 397 400 416 417 419 420 434 440 450 454 459 460 462 467 469 470 471 472 477 480 486 489 493 497 499
 386 : 4 9 13 26 43 44 46 48 57 61 66 69 70 75 78 79 80 83 88 91 93 102 103 104 113 120 126 127 132 155 168 174 179 185 187 198 201 203 213 221 223 232 237 245 248 249 256 260 261 266 269 271 276 278 279 288 291 295 297 298 307 332 335 341 365 369 370 392 398 399 401 405 412 413 414 421 443 453 488 498
 436 : 3 6 7 16 33 34 37 38 41 53 56 72 82 87 90 95 100 107 111 117 124 131 133 136 140 157 163 164 165 172 173 188 196 197 202 204 224 226 229 247 252 254 255 263 267 280 293 296 305 312 318 321 329 336 340 354 361 362 364 380 383 391 393 395 407 426 427 429 432 433 435 448 449 451 458 461 464 474 478 479 481
SOLUTION:
  Value: -640585.000000
  Assigns: 125 37 37 436 386 125 436 436 125 386 37 117 37 386 117 37 436 386 117 125 37 125 117 37 117 117 386 125 117 37 117 117 117 436 436 125 117 436 436 125 37 436 117 386 386 436 386 436 386 37 37 125 125 436 117 117 436 386 436 386 125 386 37 37 125 37 386 125 125 386 386 37 436 37 37 386 125 117 386 386 386 37 436 386 37 125 37 436 386 117 436 386 125 386 117 436 125 37 117 37 436 37 386 386 386 117 37 436 125 117 37 436 125 386 125 117 125 436 37 125 386 37 37 125 436 436 386 386 117 125 125 436 386 436 125 125 436 37 117 125 436 386 125 117 436 117 117 125 37 125 125 117 37 117 386 386 37 436 386 37 386 125 125 436 436 436 125 386 386 117 37 125 436 436 386 117 37 37 125 386 117 37 37 125 125 386 117 386 436 37 37 125 386 117 125 125 436 436 386 125 37 386 436 386 436 125 37 125 37 117 125 125 436 386 117 117 117 37 37 117 386 386 37 386 436 117 436 37 37 436 117 117 386 37 37 37 117 386 37 436 37 37 37 37 37 386 125 436 386 386 125 125 436 125 436 436 386 386 125 125 386 386 37 436 117 125 386 436 125 386 117 386 117 117 125 117 386 125 386 386 436 37 125 37 37 125 37 37 386 117 125 386 37 436 125 386 436 386 386 386 37 125 117 37 37 436 125 386 125 37 37 37 436 37 117 117 37 37 436 125 117 436 37 117 37 117 125 117 117 436 37 117 386 386 386 386 436 37 117 117 436 386 125 37 436 125 37 125 117 386 37 125 117 125 436 125 117 117 125 117 37 436 436 37 436 386 37 125 436 386 386 37 117 37 37 436 125 125 125 125 436 37 117 436 117 117 117 386 125 117 37 436 386 436 37 436 37 125 386 386 125 386 117 117 117 386 37 436 37 117 117 117 386 386 386 117 125 125 37 125 125 386 117 436 37 386 436 436 117 436 37 117 436 436 125 436 117 117 37 37 125 117 37 386 117 117 117 37 436 436 125 436 37 386 125 37 37 37 436 125 125 436 125 37 436 37 117 125 125 125 125 125 125 117 436 117 37 125 436 436 125 436 37 37 117 37 125 125 386 125 37 117 117 125 37 37 117 125 386 125 
  Facilities: 5
 37 : 1 2 10 12 15 20 23 29 40 49 50 62 63 65 71 73 74 81 84 86 97 99 101 106 110 118 121 122 137 148 152 156 159 170 176 177 181 182 189 190 200 206 208 217 218 222 227 228 233 234 235 238 240 241 242 243 244 262 281 283 284 286 287 292 300 303 304 309 310 311 313 316 317 322 324 330 337 343 346 350 360 363 366 371 373 374 381 390 394 396 406 408 418 424 430 438 439 442 447 452 455 456 457 463 465 476 482 483 485 490 494 495
 117 : 11 14 18 22 24 25 28 30 31 32 36 42 54 55 77 89 94 98 105 109 115 128 138 143 145 146 151 153 169 175 180 186 193 209 214 215 216 219 225 230 231 236 264 270 272 273 275 289 302 314 315 320 323 325 327 328 331 338 339 348 352 356 357 359 372 382 384 385 386 389 402 403 404 409 410 411 415 422 428 431 436 437 441 444 445 446 466 473 475 484 491 492 496
 125 : 0 5 8 19 21 27 35 39 51 52 60 64 67 68 76 85 92 96 108 112 114 116 119 123 129 130 134 135 139 142 147 149 150 161 162 166 171 178 183 184 191 194 195 199 205 207 210 211 246 250 251 253 258 259 265 268 274 277 282 285 290 294 301 306 308 319 326 342 345 347 351 353 355 358 367 376 377 378 379 388 397 400 416 417 419 420 434 440 450 454 459 460 462 467 468 469 470 471 472 477 480 486 487 489 493 497 499
 386 : 4 9 13 17 26 43 44 46 48 57 59 61 66 69 70 75 78 79 80 83 88 91 93 102 103 104 113 120 126 127 132 141 154 155 158 160 167 168 174 179 185 187 192 198 201 203 213 220 221 223 232 237 245 248 249 256 257 260 261 266 269 271 276 278 279 288 291 295 297 298 299 307 332 333 334 335 341 349 365 369 370 387 392 398 399 401 405 412 413 414 421 425 443 453 488 498
 436 : 3 6 7 16 33 34 37 38 41 45 47 53 56 58 72 82 87 90 95 100 107 111 117 124 125 131 133 136 140 144 157 163 164 165 172 173 188 196 197 202 204 212 224 226 229 239 247 252 254 255 263 267 280 293 296 305 312 318 321 329 336 340 344 354 361 362 364 368 375 380 383 391 393 395 407 423 426 427 429 432 433 435 448 449 451 458 461 464 474 478 479 481
SOLUTION:
  Value: -640789.000000
  Assigns: 303 70 167 167 70 303 488 167 174 167 488 167 303 70 70 174 174 488 174 303 174 167 303 167 167 70 303 488 174 167 70 174 303 167 303 70 174 303 70 167 167 488 70 167 167 303 70 488 70 167 70 303 303 174 70 174 303 174 303 303 174 167 70 174 70 174 488 167 488 488 70 167 70 488 167 488 70 303 303 70 174 488 174 488 488 488 167 167 303 70 167 488 167 303 303 70 303 167 70 70 488 488 303 488 70 70 70 174 174 488 488 303 167 488 303 70 167 303 303 488 303 488 488 70 174 303 303 488 303 167 174 167 167 167 167 488 70 303 167 167 70 488 174 303 303 174 70 70 167 488 167 488 488 167 488 303 174 167 167 174 70 167 303 303 488 488 70 303 167 488 303 70 70 303 174 167 167 488 174 167 70 488 70 167 174 488 167 488 303 174 174 488 488 70 488 70 70 70 488 174 488 174 303 488 174 303 488 174 488 70 70 174 70 167 167 70 488 488 70 70 303 303 174 174 303 488 167 167 488 70 488 488 488 303 303 174 303 488 174 70 167 167 488 488 167 174 174 70 167 167 70 167 167 167 174 174 488 303 303 174 174 488 303 303 303 488 70 70 70 70 303 174 303 167 167 167 70 70 488 303 70 70 174 167 167 167 70 303 303 167 167 174 167 174 303 174 488 174 167 70 488 488 303 488 167 303 167 488 303 488 167 70 488 167 174 70 488 303 303 488 174 303 488 303 303 303 488 303 167 174 488 174 303 488 303 303 488 174 488 167 174 70 174 167 488 303 167 303 70 488 488 303 303 174 174 70 70 303 70 167 70 167 70 167 488 167 70 488 70 303 174 167 488 167 70 488 174 167 303 303 488 488 303 303 303 174 174 488 303 70 174 174 303 174 167 303 70 70 167 70 70 70 70 174 70 70 167 174 167 488 167 167 70 167 167 70 174 303 70 70 70 70 488 174 70 488 174 70 174 488 70 174 70 174 174 174 488 488 488 70 174 70 303 70 303 174 167 70 167 488 70 488 488 488 488 70 174 174 174 174 70 167 303 174 303 488 488 167 303 174 303 174 174 70 167 70 303 303 70 167 303 488 174 174 70 303 174 174 303 488 488 488 488 303 70 303 488 174 167 488 
  Facilities: 5
 70 : 1 4 13 14 25 30 35 38 42 46 48 50 54 62 64 70 72 76 79 89 95 98 99 104 105 106 115 123 136 140 146 147 160 166 171 172 180 182 193 195 196 197 209 210 212 215 218 219 229 239 247 250 266 267 268 269 276 277 280 281 286 299 311 315 341 348 355 356 358 360 362 366 368 374 389 396 397 399 400 401 402 404 405 412 415 418 419 420 421 424 427 430 432 439 441 443 447 450 455 460 473 475 478 484 494
 167 : 2 3 7 9 11 21 23 24 29 33 39 40 43 44 49 61 67 71 74 86 87 90 92 97 112 116 129 131 132 133 134 138 139 148 150 153 157 158 161 168 175 176 179 183 186 213 214 226 227 240 241 244 248 249 251 252 253 273 274 275 283 284 285 289 290 292 298 304 306 310 313 328 339 343 346 359 361 363 365 371 373 377 394 398 406 408 410 411 413 414 446 448 461 467 474 479 498
 174 : 8 15 16 18 20 28 31 36 53 55 57 60 63 65 80 82 107 108 124 130 142 145 156 159 174 178 184 189 190 199 201 204 207 211 222 223 235 238 245 246 254 255 259 260 271 282 291 293 295 297 314 320 329 331 337 340 342 353 354 370 376 385 386 390 391 393 403 407 416 423 426 428 431 433 434 435 440 445 456 457 458 459 463 469 471 472 482 483 486 487 497
 303 : 0 5 12 19 22 26 32 34 37 45 51 52 56 58 59 77 78 88 93 94 96 102 111 114 117 118 120 125 126 128 137 143 144 155 162 163 167 170 173 188 202 205 220 221 224 233 234 236 257 258 262 263 264 270 272 279 287 288 294 302 305 308 317 318 321 323 324 325 327 332 334 335 345 347 351 352 357 369 378 379 382 383 384 388 392 395 417 442 444 462 464 468 470 476 477 480 485 488 493 495
 488 : 6 10 17 27 41 47 66 68 69 73 75 81 83 84 85 91 100 101 103 109 110 113 119 121 122 127 135 141 149 151 152 154 164 165 169 177 181 185 187 191 192 194 198 200 203 206 208 216 217 225 228 230 231 232 237 242 243 256 261 265 278 296 300 301 303 307 309 312 316 319 322 326 330 333 336 338 344 349 350 364 367 372 375 380 381 387 409 422 425 429 436 437 438 449 451 452 453 454 465 466 481 489 490 491 492 496 499
SOLUTION:
  Value: -641593.000000
  Assigns: 125 139 337 4 246 337 337 4 139 337 246 454 4 139 4 337 125 454 4 337 454 125 125 337 337 337 4 125 4 246 139 454 246 454 139 125 139 337 246 125 4 125 454 337 139 246 139 337 337 454 337 139 139 337 246 125 454 4 337 337 125 246 454 454 125 139 337 139 246 4 4 125 246 4 246 125 454 4 337 337 337 125 454 4 454 125 4 454 246 454 337 454 125 337 454 139 139 246 125 454 246 246 337 337 246 454 246 4 139 4 337 4 246 337 246 246 125 125 454 337 4 139 139 125 337 139 337 125 337 125 139 246 246 337 125 125 454 454 454 337 454 246 454 337 337 246 4 4 246 246 337 139 337 125 454 4 246 4 454 4 454 125 454 454 139 139 125 139 4 139 4 125 139 337 337 454 125 4 125 337 4 125 246 337 125 337 454 454 139 337 337 125 337 125 139 125 139 246 4 4 337 4 246 454 139 125 246 125 125 337 125 246 337 139 454 139 246 4 4 454 454 139 337 125 337 125 139 454 337 4 337 139 4 454 139 246 139 4 454 337 139 454 139 139 246 246 246 125 139 337 454 139 454 4 125 125 4 337 125 246 337 139 337 454 337 125 454 454 246 454 139 246 4 246 454 246 139 125 454 337 246 454 139 139 246 139 246 125 246 454 125 246 454 454 246 139 4 246 4 139 139 337 125 337 454 246 125 139 125 4 454 4 139 246 139 4 125 246 246 125 454 139 139 454 454 246 4 246 125 139 4 125 454 4 139 4 246 139 246 139 139 125 139 454 246 125 139 125 4 246 337 4 139 246 139 139 139 337 337 246 337 454 246 337 139 125 454 125 139 139 4 4 337 4 337 454 139 125 125 125 246 454 454 246 139 4 125 139 125 454 337 4 125 4 246 246 139 125 337 337 125 454 246 125 246 246 454 139 125 337 246 246 139 4 454 4 125 125 454 246 4 454 337 454 139 246 4 454 246 4 337 454 246 337 125 4 125 139 139 337 125 4 337 139 337 246 4 139 139 125 125 125 4 139 337 246 337 4 337 125 125 454 454 246 246 246 4 125 139 139 125 246 246 4 337 139 246 454 139 337 246 4 454 125 454 125 125 125 454 454 125 246 246 125 337 139 454 337 454 4 
  Facilities: 6
 4 : 3 7 12 14 18 26 28 40 57 69 70 73 77 83 86 107 109 111 120 146 147 155 157 159 168 170 177 180 198 199 201 217 218 229 232 237 253 256 272 296 298 309 311 315 326 330 333 335 348 351 370 371 373 385 391 393 413 415 420 426 429 435 441 446 452 457 466 473 481 499
 125 : 0 16 21 22 27 35 39 41 55 60 64 71 75 81 85 92 98 116 117 123 127 129 134 135 153 161 166 171 176 178 181 184 191 193 195 205 207 208 210 223 225 247 254 255 258 265 277 287 290 302 306 308 316 319 328 331 341 345 347 365 367 377 378 379 386 388 392 397 400 403 408 416 417 434 436 440 449 450 451 459 460 467 470 483 485 486 487 490 493
 139 : 1 8 13 30 34 36 44 46 51 52 65 67 95 96 108 121 122 125 130 151 164 165 167 169 172 188 194 196 204 213 215 221 226 231 234 236 240 242 243 248 251 261 270 276 282 283 285 295 299 300 307 312 314 321 322 329 334 337 339 340 342 346 352 354 355 356 364 368 369 376 384 387 396 407 412 424 437 438 443 447 448 453 468 469 475 478 495
 246 : 4 10 29 32 38 45 54 61 68 72 74 88 97 100 101 104 106 112 114 115 131 132 141 145 148 149 156 182 197 202 206 211 216 235 244 245 246 259 268 271 273 275 280 284 286 288 291 294 297 305 313 317 318 325 327 336 338 344 349 353 359 362 380 383 394 395 402 404 405 410 411 419 425 428 432 445 455 463 464 465 471 472 476 480 491 492
 337 : 2 5 6 9 15 19 23 24 25 37 43 47 48 50 53 58 59 66 78 79 80 90 93 102 103 110 113 119 124 126 128 133 139 143 144 150 152 173 174 179 183 185 189 190 192 200 209 212 222 224 228 230 239 249 257 260 262 264 279 301 303 350 357 358 360 363 372 374 390 398 399 409 422 430 433 439 442 444 454 456 458 474 479 494 497
 454 : 11 17 20 31 33 42 49 56 62 63 76 82 84 87 89 91 94 99 105 118 136 137 138 140 142 154 158 160 162 163 175 186 187 203 214 219 220 227 233 238 241 250 252 263 266 267 269 274 278 281 289 292 293 304 310 320 323 324 332 343 361 366 375 381 382 389 401 406 414 418 421 423 427 431 461 462 477 482 484 488 489 496 498
SOLUTION:
  Value: -641820.000000
  Assigns: 396 396 108 421 108 108 303 421 108 421 421 108 396 25 25 25 421 25 108 303 421 303 303 421 108 25 303 108 421 108 108 25 396 421 303 421 396 303 25 396 25 108 108 396 396 108 108 108 25 108 25 25 396 303 303 396 303 108 303 303 108 396 25 108 421 25 421 303 421 396 396 108 108 108 396 25 25 303 303 396 303 108 396 25 108 108 25 421 25 108 421 108 421 396 303 108 303 396 421 25 108 25 303 303 303 396 25 108 421 421 396 303 25 25 25 108 303 421 108 108 396 108 108 396 421 303 303 25 303 25 108 421 303 25 25 108 303 108 108 108 108 108 303 25 396 396 396 108 421 25 396 396 108 108 303 303 396 421 396 25 108 396 396 303 396 108 303 303 108 25 303 108 108 303 396 25 108 421 303 303 25 421 25 421 421 25 396 396 421 421 108 421 25 303 108 25 108 25 303 421 303 421 108 108 396 25 421 108 421 108 25 396 108 25 108 108 303 25 396 303 303 421 25 303 108 303 108 396 108 421 303 303 421 421 25 421 303 25 421 25 421 108 396 421 396 421 108 108 396 25 25 303 25 396 303 421 421 396 25 421 396 303 421 108 108 421 303 303 303 396 303 108 303 108 108 108 108 421 25 303 421 108 25 108 303 25 25 303 396 25 108 25 421 303 108 25 25 421 108 303 421 108 303 421 108 421 108 421 303 421 25 108 421 303 396 108 396 303 303 303 421 303 25 108 303 108 396 421 25 108 25 421 303 396 303 25 421 25 108 25 108 421 108 108 108 108 25 25 108 396 303 303 303 421 25 108 396 396 421 108 25 108 421 303 421 396 396 303 421 303 25 421 25 108 25 108 25 303 303 421 396 396 303 303 303 25 421 25 25 108 25 108 303 396 25 303 396 108 396 421 396 421 396 108 108 108 396 108 396 396 108 396 108 108 25 108 25 396 108 421 25 108 421 108 25 25 396 25 25 303 25 421 108 108 396 108 25 108 25 421 25 25 303 25 25 25 396 108 25 421 396 303 421 396 421 396 25 396 396 421 421 421 303 396 303 25 396 25 108 396 396 25 303 25 108 396 303 303 303 108 25 421 108 421 25 303 25 25 303 421 396 108 25 303 421 303 421 25 25 108 
  Facilities: 5
 25 : 13 14 15 17 25 31 38 40 48 50 51 62 65 75 76 83 86 88 99 101 106 112 113 114 127 129 133 134 143 149 159 169 175 180 182 185 192 195 197 205 210 213 217 222 234 237 239 249 250 252 258 278 282 285 286 289 291 295 296 310 322 328 330 335 337 339 346 347 354 360 370 372 374 376 385 387 388 390 394 414 416 420 424 425 427 428 430 436 438 440 441 443 444 445 448 456 465 467 471 473 480 484 486 487 492 497 498
 108 : 2 4 5 8 11 18 24 27 29 30 41 42 45 46 47 49 57 60 63 71 72 73 81 84 85 89 91 95 100 107 115 118 119 121 122 130 135 137 138 139 140 141 147 152 153 160 165 168 171 172 176 190 194 196 202 203 207 209 212 214 215 224 226 228 241 246 247 263 264 271 273 274 275 276 281 283 290 294 298 301 304 306 311 315 323 325 329 338 340 342 343 344 345 348 355 359 361 373 375 389 391 397 403 404 405 407 410 412 413 415 418 421 423 432 433 435 437 447 468 474 479 482 491 499
 303 : 6 19 21 22 26 34 37 53 54 56 58 59 67 77 78 80 94 96 102 103 104 111 116 125 126 128 132 136 142 154 155 163 166 167 170 173 178 179 193 198 200 216 219 220 223 225 230 231 236 251 254 261 266 267 268 270 272 279 284 287 293 299 302 308 313 317 318 319 321 324 332 334 350 351 352 363 367 369 377 378 382 383 384 392 395 429 442 451 462 464 472 476 477 478 485 488 493 495
 396 : 0 1 12 32 36 39 43 44 52 55 61 69 70 74 79 82 93 97 105 110 120 123 144 145 146 150 151 156 158 161 162 164 174 186 187 204 211 218 227 242 244 248 253 257 260 269 288 314 316 326 333 349 356 357 365 366 380 381 393 396 398 400 402 406 408 409 411 417 426 434 446 450 453 455 457 458 463 466 469 470 475 490
 421 : 3 7 9 10 16 20 23 28 33 35 64 66 68 87 90 92 98 108 109 117 124 131 148 157 177 181 183 184 188 189 191 199 201 206 208 221 229 232 233 235 238 240 243 245 255 256 259 262 265 277 280 292 297 300 303 305 307 309 312 320 327 331 336 341 353 358 362 364 368 371 379 386 399 401 419 422 431 439 449 452 454 459 460 461 481 483 489 494 496
