# Time: 26102.089844
# Elapsed: 5267.051758
# Input_file: splp/KoerkelGhosh-asym/500/b/ga500b-1
# Pool_size: 400
# Iterations: 20
# Final_solutions: 4232
# Vision_range: 600
# Reduction_mode: REDUCTION_DISPERSE
# Dissimilitude: DISSIM_CLIENTDELTA
SOLUTION:
  Value: -538060.000000
  Assigns: 198 152 276 429 374 152 188 409 99 378 235 276 429 276 33 155 377 126 377 175 155 276 33 175 409 99 198 374 378 188 374 198 377 409 276 175 198 235 175 188 409 429 155 429 126 175 175 126 33 409 188 33 33 175 378 377 152 409 99 378 374 235 155 378 33 188 377 126 469 377 235 469 235 155 175 198 126 188 374 409 429 152 429 99 378 374 409 374 183 378 183 198 378 377 175 152 188 99 276 276 198 276 126 99 155 377 235 235 33 409 429 183 183 99 126 175 152 235 276 152 188 155 188 378 374 152 409 183 235 377 469 409 469 409 198 33 155 183 99 198 33 409 126 469 198 235 155 276 175 99 469 152 33 378 409 152 378 374 99 377 152 276 377 235 429 183 183 183 183 377 152 155 126 152 235 99 198 188 99 152 374 33 198 33 126 126 429 276 155 155 99 276 276 183 374 377 152 33 99 175 152 152 152 126 175 175 429 235 126 99 188 409 469 276 235 429 198 276 152 175 126 378 378 99 235 377 429 188 175 378 378 33 175 99 469 99 188 99 183 378 188 33 377 378 198 276 409 183 374 469 183 188 152 276 198 377 155 126 409 99 377 469 429 276 276 374 429 183 409 409 175 188 429 188 99 99 378 155 374 126 152 409 377 377 126 183 276 175 235 276 235 99 152 99 469 469 183 276 33 188 152 378 155 377 378 198 198 175 235 152 33 198 155 99 235 378 152 374 429 235 469 99 152 429 188 152 188 469 188 175 183 469 126 198 377 429 429 99 99 374 152 235 374 378 155 374 377 429 183 469 126 377 155 188 409 378 374 374 235 99 99 276 33 198 198 429 198 374 175 188 188 198 33 377 276 99 429 152 378 198 469 198 152 374 155 377 126 183 33 377 378 155 198 33 235 33 377 469 377 409 378 126 377 377 235 155 188 469 374 409 126 378 276 429 99 126 374 377 374 126 198 377 377 99 175 469 409 155 126 235 33 175 378 152 188 409 155 99 469 33 374 378 429 33 377 126 175 155 374 409 374 175 276 198 469 276 183 377 378 429 188 99 175 276 126 429 235 155 235 152 469 99 276 152 276 374 374 378 198 183 152 469 429 374 198 276 429 99 377 198 374 152 377 183 276 409 126 469 378 378 
  Facilities: 17
 33 : 14 22 48 51 52 64 108 135 140 152 181 183 197 231 241 298 310 362 372 388 393 395 430 439 443
 99 : 8 25 58 83 97 103 113 138 149 158 175 178 190 198 209 223 233 235 237 259 274 275 291 293 313 321 337 338 359 360 375 414 423 437 461 471 487
 126 : 17 44 47 67 76 102 114 142 172 184 185 203 208 220 257 279 284 332 350 386 401 410 415 419 428 445 464 496
 152 : 1 5 56 81 95 116 119 125 151 155 160 170 173 179 196 200 201 202 218 252 280 292 300 309 316 322 325 340 377 382 433 469 473 480 491
 155 : 15 20 42 62 73 104 121 136 146 171 188 189 256 277 302 312 344 352 384 391 405 427 436 447 467
 175 : 19 23 35 38 45 46 53 74 94 115 148 199 204 205 219 228 232 270 287 307 329 368 424 431 446 451 462
 183 : 88 90 111 112 127 137 165 166 167 168 193 238 247 250 267 285 296 330 348 387 456 479 493
 188 : 6 29 39 50 65 77 96 120 122 177 210 227 236 240 251 271 273 299 324 326 328 353 369 370 406 434 460
 198 : 0 26 31 36 75 91 100 134 139 144 176 182 216 244 254 305 306 311 333 363 364 366 371 379 381 392 420 453 478 484 489
 235 : 10 37 61 70 72 106 107 117 128 145 163 174 207 214 224 288 290 308 314 319 341 358 394 404 429 466 468
 276 : 2 11 13 21 34 98 99 101 118 147 161 187 191 192 213 217 245 253 263 264 286 289 297 361 374 412 452 455 463 472 474 485 494
 374 : 4 27 30 60 78 85 87 124 157 180 194 248 265 278 317 339 342 345 356 357 367 383 408 416 418 440 448 450 475 476 483 490
 377 : 16 18 32 55 66 69 93 105 129 159 162 169 195 225 242 255 260 282 283 303 334 346 351 373 385 389 396 398 402 403 417 421 422 444 457 488 492
 378 : 9 28 54 59 63 84 89 92 123 153 156 221 222 229 230 239 243 276 301 304 315 343 355 378 390 400 411 432 441 458 477 498 499
 409 : 7 24 33 40 49 57 79 86 109 126 131 133 141 154 211 246 258 268 269 281 354 399 409 426 435 449 495
 429 : 3 12 41 43 80 82 110 164 186 206 215 226 262 266 272 318 323 335 336 347 365 376 413 442 459 465 482 486
 469 : 68 71 130 132 143 150 212 234 249 261 294 295 320 327 331 349 380 397 407 425 438 454 470 481 497
SOLUTION:
  Value: -538069.000000
  Assigns: 198 152 276 429 374 152 188 409 99 378 235 276 429 276 33 155 377 126 377 175 155 276 33 175 409 99 198 374 333 188 374 198 377 409 333 175 198 235 175 188 409 429 155 429 126 175 175 126 33 409 188 33 33 175 378 377 152 409 99 378 374 235 155 378 33 188 377 126 469 377 235 469 235 155 175 198 126 188 374 409 429 152 429 99 378 374 409 374 183 378 183 198 378 377 175 152 188 99 276 276 198 276 126 99 333 377 235 235 33 409 429 183 183 99 126 175 152 235 276 152 333 155 188 378 374 152 409 183 235 377 469 409 469 409 198 33 155 183 99 198 33 409 126 469 198 235 155 276 175 99 469 152 33 378 409 152 378 374 99 377 152 276 377 235 429 183 183 183 183 377 152 155 126 333 235 99 198 188 99 152 374 33 198 33 126 126 429 276 155 155 99 276 276 183 333 377 152 33 99 175 152 152 152 126 175 175 429 235 126 99 188 333 469 276 235 429 198 276 152 175 126 378 378 99 235 377 429 188 175 378 378 33 175 99 333 99 188 99 183 378 188 33 377 378 198 276 409 183 374 469 183 188 152 276 198 377 155 126 333 99 377 469 429 276 276 374 429 183 409 409 175 188 429 188 99 99 378 155 374 126 152 409 377 377 126 183 276 175 235 333 235 99 152 99 469 469 183 276 33 188 152 378 155 377 378 198 198 175 235 152 33 198 155 99 235 378 152 374 429 235 469 99 152 429 188 152 188 469 188 175 183 469 126 198 377 429 429 99 99 374 152 235 374 378 155 374 377 429 183 469 126 333 155 188 409 378 374 374 235 99 333 276 33 198 198 429 198 374 175 188 188 198 33 377 276 333 429 152 378 198 469 198 152 374 155 377 333 183 33 377 378 155 198 33 235 33 377 469 377 409 378 126 377 377 235 155 188 469 374 409 126 333 276 429 183 126 374 377 374 126 333 333 377 99 175 469 409 155 126 235 333 333 378 152 188 409 155 333 469 33 374 378 429 33 377 126 175 155 374 409 374 175 276 198 469 276 183 377 378 429 188 99 175 276 126 429 235 155 235 152 469 99 276 152 276 374 374 378 198 183 152 469 333 374 198 276 429 99 377 198 374 333 377 183 276 409 126 469 378 378 
  Facilities: 18
 33 : 14 22 48 51 52 64 108 135 140 152 181 183 197 231 241 298 310 362 372 388 393 395 439 443
 99 : 8 25 58 83 97 103 113 138 149 158 175 178 190 198 209 223 233 235 237 259 274 275 291 293 313 321 337 338 359 423 461 471 487
 126 : 17 44 47 67 76 102 114 142 172 184 185 203 208 220 257 279 284 332 350 401 410 415 419 428 445 464 496
 152 : 1 5 56 81 95 116 119 125 151 155 160 170 179 196 200 201 202 218 252 280 292 300 309 316 322 325 340 377 382 433 469 473 480
 155 : 15 20 42 62 73 121 136 146 171 188 189 256 277 302 312 344 352 384 391 405 427 436 447 467
 175 : 19 23 35 38 45 46 53 74 94 115 148 199 204 205 219 228 232 270 287 307 329 368 424 446 451 462
 183 : 88 90 111 112 127 137 165 166 167 168 193 238 247 250 267 285 296 330 348 387 414 456 479 493
 188 : 6 29 39 50 65 77 96 122 177 210 227 236 240 251 271 273 299 324 326 328 353 369 370 406 434 460
 198 : 0 26 31 36 75 91 100 134 139 144 176 182 216 244 254 305 306 311 333 363 364 366 371 379 381 392 453 478 484 489
 235 : 10 37 61 70 72 106 107 117 128 145 163 174 207 214 224 288 290 308 314 319 341 358 394 404 429 466 468
 276 : 2 11 13 21 98 99 101 118 147 161 187 191 192 213 217 245 253 263 264 286 297 361 374 412 452 455 463 472 474 485 494
 333 : 28 34 104 120 173 194 211 234 258 289 351 360 375 386 411 420 421 430 431 437 482 491
 374 : 4 27 30 60 78 85 87 124 157 180 248 265 278 317 339 342 345 356 357 367 383 408 416 418 440 448 450 475 476 483 490
 377 : 16 18 32 55 66 69 93 105 129 159 162 169 195 225 242 255 260 282 283 303 334 346 373 385 389 396 398 402 403 417 422 444 457 488 492
 378 : 9 54 59 63 84 89 92 123 153 156 221 222 229 230 239 243 276 301 304 315 343 355 378 390 400 432 441 458 477 498 499
 409 : 7 24 33 40 49 57 79 86 109 126 131 133 141 154 246 268 269 281 354 399 409 426 435 449 495
 429 : 3 12 41 43 80 82 110 164 186 206 215 226 262 266 272 318 323 335 336 347 365 376 413 442 459 465 486
 469 : 68 71 130 132 143 150 212 249 261 294 295 320 327 331 349 380 397 407 425 438 454 470 481 497
SOLUTION:
  Value: -538107.000000
  Assigns: 198 175 276 303 374 378 493 409 99 378 244 276 429 276 33 303 377 126 377 175 377 276 33 175 409 99 279 374 333 188 374 198 377 409 333 175 198 378 175 188 279 429 493 429 303 175 175 126 33 409 188 33 33 493 378 493 244 409 303 378 374 303 429 378 244 188 377 126 378 493 493 333 493 279 175 198 126 188 374 409 429 493 429 99 378 303 127 279 127 493 276 198 378 377 127 244 188 244 276 276 303 276 126 99 333 377 175 244 33 409 429 33 276 99 126 175 99 198 276 303 333 244 188 378 374 244 409 493 493 377 127 493 378 244 198 33 303 188 99 198 33 409 493 127 303 127 244 276 175 493 127 377 33 493 303 127 378 374 99 377 126 276 377 127 429 409 244 374 378 377 244 198 279 303 333 99 279 188 99 333 374 33 198 33 126 303 429 276 374 127 99 276 276 303 493 493 303 33 99 127 493 127 303 126 175 175 429 127 279 99 188 333 276 276 279 429 198 276 377 175 126 378 378 99 279 377 429 188 175 378 378 33 175 99 333 99 279 127 279 378 188 33 279 493 198 276 127 409 374 429 333 244 126 276 198 377 279 126 333 99 377 377 429 493 276 244 279 188 409 244 303 279 429 188 99 99 378 493 374 126 493 409 377 377 126 279 276 127 409 127 303 99 374 99 303 374 377 276 127 188 127 378 188 377 378 198 303 175 127 276 33 279 279 493 493 378 378 374 429 409 279 99 303 493 188 188 188 244 188 175 127 429 126 198 377 429 429 99 99 374 279 303 374 378 198 374 377 429 333 493 126 333 127 279 409 244 374 374 493 99 333 303 33 198 198 244 198 374 127 188 188 198 33 377 493 333 429 493 279 198 493 198 378 279 333 377 333 126 33 303 378 374 493 33 126 33 493 244 377 409 493 126 244 377 33 303 188 409 374 409 126 333 276 429 99 126 374 377 374 493 333 493 377 99 175 303 409 333 126 409 333 333 378 188 493 409 333 333 244 33 374 378 429 127 244 126 175 493 493 409 374 175 276 198 333 244 303 377 378 429 244 127 279 276 126 429 303 188 303 378 244 99 276 244 276 374 374 378 198 303 493 409 303 374 198 276 429 99 377 198 374 333 377 244 244 409 493 303 378 378 
  Facilities: 18
 33 : 14 22 48 51 52 108 111 135 140 152 181 183 197 231 241 310 362 372 388 393 395 404 439
 99 : 8 25 83 103 113 116 138 158 175 178 190 198 209 223 233 235 259 274 275 291 293 321 337 338 359 414 423 471 487
 126 : 17 47 67 76 102 114 160 184 203 220 252 257 279 284 332 350 387 394 401 410 415 428 445 464
 127 : 86 88 94 130 143 145 150 155 163 189 199 201 207 237 246 287 289 298 300 308 330 352 368 443 461
 175 : 1 19 23 35 38 45 46 74 106 115 148 204 205 219 228 232 307 329 424 446 451
 188 : 29 39 50 65 77 96 122 137 177 210 227 240 267 273 299 302 324 325 326 328 369 370 406 433 467
 198 : 0 31 36 75 91 117 134 139 171 182 216 244 254 305 333 344 363 364 366 371 379 381 453 478 484 489
 244 : 10 56 64 95 97 107 121 125 133 146 166 170 251 265 269 327 355 365 397 402 438 444 455 460 470 473 493 494
 276 : 2 11 13 21 90 98 99 101 112 118 147 161 187 191 192 212 213 217 245 253 264 286 297 309 412 452 463 472 474 485
 279 : 26 40 73 87 172 176 208 214 224 236 238 242 256 266 271 285 311 312 320 340 353 378 383 462
 303 : 3 15 44 58 61 85 100 119 136 144 154 173 185 193 196 202 270 290 294 306 322 341 361 389 405 425 456 466 468 479 482 497
 333 : 28 34 71 104 120 174 179 211 234 250 258 348 351 360 375 384 386 411 420 427 430 431 436 437 454 491
 374 : 4 27 30 60 78 124 157 167 180 188 248 278 292 295 317 339 342 345 356 357 367 391 408 416 418 440 450 475 476 483 490
 377 : 16 18 20 32 66 93 105 129 151 159 162 169 218 225 255 260 261 282 283 296 303 334 346 373 385 398 403 417 422 457 488 492
 378 : 5 9 37 54 59 63 68 84 92 123 132 156 168 221 222 229 230 239 276 301 304 315 316 343 382 390 432 441 458 469 477 498 499
 409 : 7 24 33 49 57 79 109 126 141 165 247 268 281 288 319 354 399 407 409 426 429 435 449 481 495
 429 : 12 41 43 62 80 82 110 164 186 206 215 226 249 262 272 318 331 335 336 347 376 413 442 459 465 486
 493 : 6 42 53 55 69 70 72 81 89 127 128 131 142 149 153 194 195 200 243 263 277 280 313 314 323 349 358 374 377 380 392 396 400 419 421 434 447 448 480 496
SOLUTION:
  Value: -538145.000000
  Assigns: 198 152 276 429 374 152 188 409 99 378 235 276 429 276 33 155 377 126 377 175 155 276 33 175 409 99 198 374 378 188 374 198 495 409 276 175 198 235 175 188 153 429 155 429 126 175 175 126 33 409 188 33 33 175 378 377 152 409 99 378 153 235 155 378 495 188 377 126 469 495 235 469 235 155 175 198 126 188 374 409 429 152 429 153 378 374 409 374 155 378 276 198 378 377 175 152 188 99 276 276 198 276 126 99 155 377 235 235 33 409 495 495 276 99 153 175 469 235 276 152 153 155 188 378 374 152 409 126 235 377 469 153 469 409 198 33 155 153 99 198 33 409 126 469 198 235 495 276 175 99 469 152 33 378 409 152 378 374 99 377 152 276 377 235 429 153 429 374 152 153 152 155 126 152 235 99 198 188 99 152 374 33 198 33 126 126 429 276 155 155 99 276 276 495 153 377 152 33 99 175 152 152 153 126 175 175 429 235 153 99 188 409 469 276 235 429 198 276 152 495 126 378 378 99 235 377 429 188 175 378 378 33 175 99 469 99 188 99 495 378 188 33 153 378 198 276 409 235 374 469 126 188 152 276 198 377 495 126 409 99 377 469 429 276 276 495 429 188 409 153 175 188 429 188 99 99 378 155 374 126 152 409 377 377 126 198 276 175 235 276 235 99 152 99 495 469 377 495 33 188 152 378 155 377 378 198 495 175 235 152 33 198 155 99 153 378 152 374 429 235 469 99 152 429 188 152 188 469 495 175 235 469 126 198 495 429 429 99 99 153 152 235 374 378 155 374 377 429 152 469 126 377 155 188 409 378 374 374 235 99 99 276 33 198 198 429 198 374 175 188 188 198 33 495 276 99 429 152 378 153 469 198 152 374 155 377 126 126 33 377 378 155 198 33 235 33 377 469 377 409 378 126 153 377 235 155 188 469 374 153 126 378 495 429 99 126 495 377 374 126 198 377 377 99 175 469 153 155 126 235 495 175 378 152 188 409 155 99 469 33 374 378 429 33 377 126 175 155 374 409 374 175 276 198 469 276 495 377 378 429 188 99 175 276 126 429 495 155 235 152 469 99 276 152 276 374 374 378 198 188 152 469 495 374 198 276 429 153 377 198 374 495 377 495 276 409 126 469 378 378 
  Facilities: 18
 33 : 14 22 48 51 52 108 135 140 152 181 183 197 231 241 298 310 362 372 388 393 395 439 443
 99 : 8 25 58 97 103 113 138 149 158 175 178 190 198 209 223 233 235 237 259 274 275 291 293 313 321 337 338 359 360 375 414 423 437 461 471
 126 : 17 44 47 67 76 102 127 142 172 184 185 203 220 250 257 279 284 332 350 386 387 401 410 415 419 428 445 464 496
 152 : 1 5 56 81 95 119 125 151 155 160 168 170 173 179 196 200 201 218 252 280 292 300 309 316 322 325 340 348 377 382 433 469 473 480
 153 : 40 60 83 114 120 131 137 165 169 194 202 208 242 269 314 339 379 402 409 426 487
 155 : 15 20 42 62 73 88 104 121 136 171 188 189 277 302 312 344 352 384 391 405 427 436 447 467
 175 : 19 23 35 38 45 46 53 74 94 115 148 199 204 205 228 232 270 287 307 329 368 424 431 446 451 462
 188 : 6 29 39 50 65 77 96 122 177 210 227 236 240 251 267 271 273 299 324 326 353 369 370 406 434 460 479
 198 : 0 26 31 36 75 91 100 134 139 144 176 182 216 244 254 285 305 311 333 363 364 366 371 381 392 420 453 478 484 489
 235 : 10 37 61 70 72 106 107 117 128 145 163 174 207 214 224 247 288 290 308 319 330 341 358 394 404 429 468
 276 : 2 11 13 21 34 90 98 99 101 112 118 147 161 187 191 192 213 217 245 253 263 264 286 289 361 374 452 455 463 472 474 485 494
 374 : 4 27 30 78 85 87 124 157 167 180 248 278 317 342 345 356 357 367 383 408 418 440 448 450 475 476 483 490
 377 : 16 18 55 66 93 105 129 159 162 195 225 255 260 282 283 296 303 346 351 385 389 396 398 403 417 421 422 444 457 488 492
 378 : 9 28 54 59 63 84 89 92 123 153 156 221 222 229 230 239 243 276 301 304 315 343 355 378 390 400 411 432 441 458 477 498 499
 409 : 7 24 33 49 57 79 86 109 126 133 141 154 211 246 258 268 281 354 399 435 449 495
 429 : 3 12 41 43 80 82 164 166 186 206 215 226 262 266 272 318 323 335 336 347 365 376 413 442 459 465 486
 469 : 68 71 116 130 132 143 150 212 234 249 261 295 320 327 331 349 380 397 407 425 438 454 470 481 497
 495 : 32 64 69 110 111 146 193 219 238 256 265 294 297 306 328 334 373 412 416 430 456 466 482 491 493
SOLUTION:
  Value: -538167.000000
  Assigns: 27 152 276 429 374 152 188 409 99 276 77 472 429 276 77 155 377 126 377 175 155 276 469 175 409 99 198 374 77 77 374 198 377 409 276 175 198 99 175 439 409 429 155 439 126 439 175 439 77 409 188 152 152 175 429 377 472 409 99 27 374 188 155 409 472 188 377 126 469 377 439 469 77 155 77 198 126 188 374 409 429 77 429 99 429 374 409 374 155 77 276 198 409 377 472 152 188 99 276 276 198 276 126 99 155 377 439 198 472 409 429 439 276 99 439 175 152 198 276 152 188 155 27 472 374 152 409 126 198 377 77 77 469 472 198 377 155 188 99 198 439 409 472 469 198 99 155 276 175 99 469 152 472 198 409 152 439 374 27 377 152 276 377 77 429 439 77 439 152 27 152 155 472 152 27 99 27 188 99 152 374 276 198 188 126 126 429 276 155 155 77 276 276 374 374 377 152 374 99 77 152 152 152 126 175 175 439 469 472 99 188 409 27 276 377 429 198 276 152 439 126 175 472 99 472 377 429 188 175 155 439 27 175 99 469 99 77 99 472 188 188 469 377 198 198 276 409 409 374 469 126 439 152 276 439 377 155 126 439 99 377 469 27 276 472 374 429 188 409 77 175 188 429 188 99 99 429 155 374 126 152 409 377 377 27 198 276 439 409 276 276 99 152 99 469 469 439 276 99 188 472 188 155 377 374 198 439 175 27 152 409 198 155 99 27 152 152 27 429 409 469 472 152 429 188 152 188 439 188 175 77 469 126 198 439 77 429 99 99 374 152 439 374 198 155 439 377 429 152 469 126 27 155 77 409 472 374 374 469 99 77 472 472 198 198 429 198 374 175 188 188 198 198 27 276 99 429 152 155 439 469 198 152 27 155 377 126 77 27 377 126 155 27 27 152 175 377 469 377 409 27 126 377 377 276 155 188 469 374 409 126 439 276 429 99 27 374 377 374 77 198 439 377 99 175 469 77 155 439 409 198 27 377 152 188 409 155 439 469 377 374 374 429 377 472 126 175 155 374 409 374 175 276 198 469 276 469 377 27 429 188 439 175 276 126 429 472 155 27 152 77 99 276 152 27 374 374 155 198 188 152 27 429 374 198 77 429 439 377 198 374 439 377 439 276 409 126 469 27 377 
  Facilities: 17
 27 : 0 59 122 158 169 174 176 212 231 262 284 308 314 317 351 373 383 388 392 393 400 415 431 458 468 474 481 498
 77 : 10 14 28 29 48 72 74 81 89 130 131 163 166 190 199 236 269 330 335 353 360 387 419 426 470 485
 99 : 8 25 37 58 83 97 103 113 138 145 149 175 178 198 209 223 233 235 237 259 274 275 291 293 298 313 337 338 359 375 414 423 471
 126 : 17 44 67 76 102 127 184 185 203 220 250 257 279 332 350 386 390 401 410 445 464 496
 152 : 1 5 51 52 95 116 119 125 151 155 160 168 170 173 179 196 200 201 202 218 252 280 292 309 315 316 322 325 340 348 377 382 394 433 469 473 480
 155 : 15 20 42 62 73 88 104 121 136 146 171 188 189 229 256 277 302 312 344 352 378 384 391 405 427 436 447 467 477
 175 : 19 23 35 38 46 53 115 148 204 205 221 228 232 270 307 329 368 395 424 446 451 462
 188 : 6 50 61 65 77 96 120 137 177 183 210 227 239 240 267 271 273 299 301 324 326 328 369 370 406 434 460 479
 198 : 26 31 36 75 91 100 107 117 128 134 139 144 153 182 216 243 244 285 305 311 333 343 363 364 366 371 372 381 420 430 453 478 484 489
 276 : 2 9 13 21 34 90 98 99 101 112 118 147 161 181 187 191 192 213 217 245 253 263 286 289 290 297 374 404 412 452 455 463 472 494
 374 : 4 27 30 60 78 85 87 124 157 180 193 194 197 248 265 278 304 339 342 356 357 367 408 416 418 440 441 448 450 475 476 483 490
 377 : 16 18 32 55 66 69 93 105 129 135 159 162 195 214 225 242 255 260 282 283 303 346 385 389 396 398 402 403 417 422 432 439 443 457 488 492 499
 409 : 7 24 33 40 49 57 63 79 86 92 109 126 141 154 211 246 247 268 281 288 310 319 354 399 409 429 435 449 495
 429 : 3 12 41 54 80 82 84 110 164 186 215 226 266 272 276 318 323 336 347 365 376 413 442 459 465 482 486
 439 : 39 43 45 47 70 106 111 114 140 156 165 167 206 219 230 251 254 258 287 296 306 327 334 341 345 379 411 421 428 437 461 487 491 493
 469 : 22 68 71 132 143 150 207 234 241 249 261 294 295 320 331 349 358 380 397 407 425 438 454 456 497
 472 : 11 56 64 94 108 123 133 142 152 172 208 222 224 238 264 300 321 355 361 362 444 466
SOLUTION:
  Value: -538179.000000
  Assigns: 421 152 276 303 374 152 188 409 421 378 188 276 429 276 33 155 377 126 377 175 155 276 33 175 409 99 279 374 378 188 374 198 377 409 276 175 198 378 175 188 279 429 155 429 303 175 175 126 33 409 188 33 33 175 378 377 152 409 303 378 153 303 155 378 421 188 377 126 378 377 155 378 279 155 175 198 126 188 374 409 429 152 429 153 378 303 409 279 155 378 276 198 378 377 175 152 188 99 276 421 303 276 126 99 155 377 175 198 33 409 429 33 276 99 153 175 152 198 276 152 153 155 188 378 374 152 409 126 421 377 421 153 378 421 198 33 155 153 99 198 33 409 126 175 303 421 155 276 175 99 153 152 33 378 303 152 378 374 99 377 152 276 377 152 429 153 421 421 152 153 421 155 279 303 188 99 421 188 99 152 374 33 198 33 126 303 429 276 155 155 99 421 276 303 279 377 152 33 99 421 152 152 153 126 175 175 429 198 279 99 188 409 421 276 279 429 198 276 152 175 126 378 378 99 279 377 429 188 175 378 378 33 421 99 421 99 279 99 279 378 188 33 153 378 198 276 409 409 374 429 126 188 152 276 198 377 155 126 421 99 377 421 429 276 276 374 279 188 421 153 303 279 429 188 99 99 378 155 374 126 152 409 377 377 126 279 276 421 421 276 421 99 421 99 303 374 377 276 33 188 303 378 155 377 378 198 303 175 421 152 33 279 279 175 153 378 152 374 429 409 279 99 303 429 421 152 188 188 188 175 421 429 126 198 377 421 429 99 99 153 279 303 374 378 155 374 377 429 152 175 126 377 155 279 409 378 374 374 153 99 303 303 33 198 198 429 198 374 175 188 188 198 33 377 276 99 429 152 279 153 421 198 152 279 155 377 126 126 33 303 378 155 198 33 153 33 377 153 377 409 378 126 153 377 33 155 188 155 374 153 126 378 421 429 99 126 374 377 374 126 198 377 377 99 175 303 153 155 126 409 33 175 378 152 188 409 155 99 175 33 374 378 429 33 377 126 175 155 374 409 421 175 276 198 152 276 303 377 378 429 188 99 279 276 126 429 303 155 303 152 153 99 276 152 276 374 374 378 198 303 152 409 303 374 198 276 429 153 377 198 374 152 377 279 276 409 126 303 378 378 
  Facilities: 18
 33 : 14 22 48 51 52 108 111 135 140 152 181 183 197 231 241 298 310 362 372 388 393 395 404 430 439 443
 99 : 25 97 103 113 138 149 158 175 178 190 198 209 223 233 235 237 259 274 275 291 293 321 337 338 359 375 414 423 437 461 471
 126 : 17 47 67 76 102 127 142 184 203 220 250 257 279 284 332 350 386 387 401 410 415 419 428 445 464 496
 152 : 1 5 56 81 95 116 119 125 151 155 160 163 168 179 196 200 201 218 252 280 309 316 325 348 377 382 433 454 469 473 480 491
 153 : 60 83 114 120 131 137 150 165 169 202 242 269 314 339 358 379 394 397 402 409 426 470 487
 155 : 15 20 42 62 70 73 88 104 121 136 146 171 188 189 256 277 302 344 352 384 391 405 407 427 436 447 467
 175 : 19 23 35 38 45 46 53 74 94 106 115 143 148 204 205 219 228 307 313 329 349 368 424 431 438 446 451
 188 : 6 10 29 39 50 65 77 96 122 174 177 210 227 240 251 267 273 299 326 327 328 369 370 406 434 460
 198 : 31 36 75 91 107 117 134 139 182 207 216 244 254 305 333 363 364 366 371 381 392 420 453 478 484 489
 276 : 2 11 13 21 34 90 98 101 112 118 147 161 187 192 213 217 245 253 263 264 286 289 297 374 452 455 463 472 474 485 494
 279 : 26 40 72 87 172 194 208 214 224 236 238 266 271 285 311 312 320 340 353 378 383 462 493
 303 : 3 44 58 61 85 100 144 154 173 185 193 270 294 300 306 322 341 360 361 389 425 456 466 468 479 482 497
 374 : 4 27 30 78 124 157 180 248 265 278 295 317 342 345 356 357 367 408 416 418 440 448 475 476 483 490
 377 : 16 18 32 55 66 69 93 105 129 159 162 195 225 255 260 282 283 296 303 334 346 351 373 385 396 398 403 417 421 422 444 457 488 492
 378 : 9 28 37 54 59 63 68 71 84 89 92 123 132 153 156 221 222 229 230 239 243 276 301 304 315 343 355 390 400 411 432 441 458 477 498 499
 409 : 7 24 33 49 57 79 86 109 126 141 211 246 247 281 319 354 399 429 435 449 481 495
 421 : 0 8 64 99 128 130 133 145 166 167 170 176 191 199 212 232 234 258 261 268 287 288 290 292 308 324 330 335 380 412 450
 429 : 12 41 43 80 82 110 164 186 206 215 226 249 262 272 318 323 331 336 347 365 376 413 442 459 465 486
SOLUTION:
  Value: -538185.000000
  Assigns: 27 152 276 429 374 152 188 409 99 276 77 472 429 276 77 155 377 333 377 175 155 276 469 175 409 99 198 374 77 77 374 198 377 409 333 175 198 99 175 188 409 429 155 429 374 175 175 198 77 409 188 152 152 175 429 377 472 409 99 27 374 188 155 409 472 188 377 188 77 377 155 469 77 155 77 198 183 188 374 409 429 77 429 99 429 374 409 374 183 77 183 198 409 377 472 152 188 99 276 276 198 276 77 99 333 377 175 183 472 409 429 183 183 99 77 175 152 198 276 152 333 155 27 472 374 152 409 183 198 377 77 77 469 472 198 377 155 183 99 198 27 409 472 469 198 99 155 276 175 99 469 152 472 198 409 152 188 374 27 377 152 276 377 77 429 183 183 183 183 27 152 155 472 333 27 99 27 188 99 152 374 183 198 188 77 469 429 276 155 155 77 276 276 183 333 377 152 374 99 77 152 152 152 409 175 175 429 469 472 99 188 333 27 276 377 429 198 276 152 175 175 175 472 99 472 377 429 188 175 155 198 27 175 99 333 99 77 99 472 188 188 469 377 198 198 276 409 183 374 469 183 188 152 276 198 377 155 99 472 99 377 469 27 276 472 374 429 183 409 77 175 188 429 188 99 99 429 155 374 77 152 409 377 377 27 183 276 175 409 333 276 99 152 99 469 469 183 276 99 188 472 188 155 377 374 198 198 175 27 152 409 198 155 175 27 152 152 27 429 409 469 472 152 429 188 152 188 469 188 175 183 469 429 198 472 77 429 99 99 374 152 175 374 198 155 374 377 429 183 469 27 27 155 77 409 472 374 374 183 99 333 472 472 198 198 429 198 374 175 188 188 198 198 27 276 333 429 152 155 198 469 198 152 27 155 377 333 183 27 377 99 155 27 27 183 175 377 469 377 409 27 429 377 377 276 155 188 469 374 409 409 333 276 429 99 27 374 377 374 77 333 333 377 99 175 469 77 155 409 409 333 333 377 152 188 409 155 333 469 377 374 374 429 377 472 409 175 155 374 409 374 175 276 198 469 276 183 377 27 429 188 99 175 276 198 429 472 155 27 152 77 99 276 152 27 374 374 155 198 183 152 27 333 374 198 77 429 472 377 198 374 333 377 183 276 409 472 469 27 183 
  Facilities: 17
 27 : 0 59 122 140 158 169 174 176 212 231 262 284 308 314 317 350 351 373 383 388 392 393 400 415 458 468 474 481 498
 77 : 10 14 28 29 48 68 72 74 81 89 102 114 130 131 163 184 190 199 236 269 279 335 353 419 426 470 485
 99 : 8 25 37 58 83 97 103 113 138 145 149 175 178 198 209 223 233 235 237 257 259 274 275 291 293 298 337 338 359 390 414 423 461 471
 152 : 1 5 51 52 95 116 119 125 151 155 160 170 179 196 200 201 202 218 252 280 292 309 315 316 322 325 340 377 382 433 469 473 480
 155 : 15 20 42 62 70 73 121 136 146 171 188 189 229 256 277 302 312 344 352 378 384 391 405 427 436 447 467 477
 175 : 19 23 35 38 45 46 53 106 115 148 204 205 219 220 221 228 232 270 287 307 313 329 341 368 395 424 446 451 462
 183 : 76 88 90 107 111 112 127 137 165 166 167 168 181 193 247 250 267 285 296 330 348 358 387 394 456 479 493 499
 188 : 6 39 50 61 65 67 77 96 156 177 183 210 227 239 240 251 271 273 299 301 324 326 328 369 370 406 434 460
 198 : 26 31 36 47 75 91 100 117 128 134 139 144 153 182 216 230 243 244 254 305 306 311 333 343 363 364 366 371 372 379 381 453 464 478 484 489
 276 : 2 9 13 21 98 99 101 118 147 161 187 191 192 213 217 245 253 263 286 290 297 374 404 412 452 455 463 472 494
 333 : 17 34 104 120 173 194 211 234 289 360 375 386 411 420 421 430 431 437 482 491
 374 : 4 27 30 44 60 78 85 87 124 157 180 197 248 265 278 304 339 342 345 356 357 367 408 416 418 440 441 448 450 475 476 483 490
 377 : 16 18 32 55 66 69 93 105 129 135 159 162 195 214 225 242 255 260 282 283 303 346 385 389 396 398 402 403 417 422 432 439 443 457 488 492
 409 : 7 24 33 40 49 57 63 79 86 92 109 126 141 154 203 246 268 281 288 310 319 354 399 409 410 428 429 435 445 449 495
 429 : 3 12 41 43 54 80 82 84 110 164 186 206 215 226 266 272 276 318 323 332 336 347 365 376 401 413 442 459 465 486
 469 : 22 71 132 143 150 185 207 241 249 261 294 295 320 327 331 349 380 397 407 425 438 454 497
 472 : 11 56 64 94 108 123 133 142 152 172 208 222 224 238 258 264 300 321 334 355 361 362 444 466 487 496
SOLUTION:
  Value: -538192.000000
  Assigns: 27 152 155 409 374 152 333 409 99 378 69 495 155 155 279 155 377 126 377 175 155 175 469 175 409 99 279 374 333 69 374 198 495 409 333 175 198 378 175 69 279 469 155 153 126 175 175 126 378 409 374 152 152 175 378 377 152 409 99 378 153 378 155 378 495 153 69 126 469 495 155 469 69 155 175 198 126 495 374 409 374 69 99 153 378 374 409 279 155 378 155 198 378 377 175 152 153 99 495 495 198 374 126 99 333 377 175 198 469 409 495 495 155 99 153 175 469 198 198 69 333 155 27 378 374 152 409 126 495 377 469 153 469 409 198 69 155 153 99 198 27 409 126 469 198 99 495 469 175 99 469 152 469 378 409 69 378 374 27 377 152 333 377 152 152 153 152 374 152 27 152 155 279 333 27 99 27 378 99 152 374 279 198 99 126 126 333 152 155 155 99 279 495 495 279 377 152 374 99 175 152 152 153 126 175 175 175 469 279 99 495 69 27 333 279 155 198 69 69 495 126 378 378 99 279 377 279 27 175 378 378 27 175 99 333 99 279 99 279 378 69 469 153 378 198 99 409 409 374 469 333 153 152 279 198 377 495 126 333 99 377 469 27 469 198 495 279 126 409 153 175 279 378 126 99 99 378 155 374 126 152 409 377 377 27 279 198 175 409 333 374 99 152 99 495 469 377 495 69 495 152 378 155 377 378 198 495 175 27 152 409 279 279 99 153 378 152 27 27 409 279 99 152 69 409 152 495 469 495 175 27 469 126 198 495 69 152 99 99 153 279 495 374 378 155 374 377 69 152 469 126 27 155 279 409 378 374 374 153 99 333 69 409 198 198 126 198 374 175 153 69 198 198 495 495 333 27 152 279 153 469 198 152 279 155 377 333 126 27 69 378 155 27 27 153 175 377 469 377 409 27 126 153 377 198 155 69 469 374 153 126 333 495 27 99 27 495 377 374 126 333 333 377 99 175 469 153 155 126 409 333 333 378 152 69 409 155 333 469 495 374 378 495 377 377 126 175 155 374 409 374 175 155 198 469 27 495 377 27 153 69 99 279 469 126 27 495 155 27 152 69 99 126 152 27 374 374 378 198 99 152 27 495 374 198 333 333 153 377 198 374 333 377 279 409 409 126 469 27 378 
  Facilities: 17
 27 : 0 122 140 158 169 174 176 212 227 231 262 284 308 317 318 330 351 376 388 392 393 400 413 415 455 458 465 468 474 481 498
 69 : 10 29 39 66 72 81 119 135 155 211 217 218 240 298 323 335 347 361 370 389 406 434 460 470
 99 : 8 25 58 82 97 103 113 138 145 149 175 178 183 190 198 209 223 233 235 237 245 259 274 275 291 293 313 321 337 338 359 414 423 461 471 479
 126 : 17 44 47 67 76 102 127 142 184 185 203 220 257 267 273 279 332 350 365 387 401 410 419 428 445 464 472 496
 152 : 1 5 51 52 56 95 125 151 160 163 164 166 168 170 179 187 196 200 201 252 280 292 300 309 316 322 325 336 348 377 382 433 469 473 480
 153 : 43 60 65 83 96 114 131 137 165 202 242 251 269 314 339 358 369 379 394 402 409 426 459 487
 155 : 2 12 13 15 20 42 62 70 73 88 90 112 121 136 171 188 189 215 277 302 344 352 384 391 405 427 436 447 452 467
 175 : 19 21 23 35 38 45 46 53 74 94 106 115 148 199 204 205 206 228 232 270 287 307 329 368 395 424 446 451
 198 : 31 36 75 91 100 107 117 118 134 139 144 182 216 244 254 264 286 305 333 363 364 366 371 372 381 404 453 478 484 489
 279 : 14 26 40 87 172 181 191 194 208 214 224 226 236 238 253 266 271 285 311 312 320 340 353 378 383 462 493
 333 : 6 28 34 104 120 161 173 186 213 234 250 258 289 360 375 386 411 420 421 430 431 437 485 486 491
 374 : 4 27 30 50 78 80 85 101 124 157 167 180 197 248 278 290 342 345 356 357 367 408 418 440 448 450 475 476 483 490
 377 : 16 18 55 93 105 129 159 162 195 225 255 260 282 283 296 303 346 385 396 398 403 417 422 443 444 457 488 492
 378 : 9 37 48 54 59 61 63 84 89 92 123 153 156 177 221 222 229 230 239 243 272 276 301 304 315 343 355 390 432 441 477 499
 409 : 3 7 24 33 49 57 79 86 109 126 133 141 154 246 247 268 281 288 310 319 324 354 362 399 429 435 449 494 495
 469 : 22 41 68 71 108 116 130 132 143 147 150 152 207 241 249 261 263 295 327 331 349 380 397 407 425 438 454 463 497
 495 : 11 32 64 69 77 98 99 110 111 128 146 192 193 210 219 256 265 294 297 299 306 326 328 334 341 373 374 412 416 439 442 456 466 482
SOLUTION:
  Value: -538196.000000
  Assigns: 175 152 276 429 374 152 188 409 99 378 235 276 429 276 33 155 377 126 377 175 155 276 33 175 409 99 152 374 378 188 374 33 377 409 276 175 469 235 175 188 409 429 155 429 126 175 175 126 33 409 188 33 33 175 378 377 152 409 99 378 374 235 155 378 33 188 377 126 469 377 235 469 235 155 175 378 126 188 374 409 429 152 429 99 378 374 409 374 183 378 183 126 378 377 175 152 188 99 276 276 469 276 126 99 155 377 235 235 33 409 429 183 183 99 126 175 152 235 276 152 188 155 188 378 374 152 409 183 235 377 469 409 469 409 126 33 155 183 99 183 33 409 126 469 33 235 155 276 175 99 469 152 33 378 409 152 378 374 99 377 152 276 377 235 429 183 183 183 183 377 152 155 126 152 235 99 183 188 99 152 374 33 409 33 126 126 429 276 155 155 99 276 276 183 374 377 152 33 99 175 152 152 152 126 175 175 429 235 126 99 188 409 469 276 235 429 99 276 152 175 126 378 378 99 235 377 429 188 175 378 378 33 175 99 469 99 188 99 183 378 188 33 377 378 429 276 409 183 374 469 183 188 152 276 377 377 155 126 409 99 377 469 429 276 276 374 429 183 409 409 175 188 429 188 99 99 378 155 374 126 152 409 377 377 126 183 276 175 235 276 235 99 152 99 469 469 183 276 33 188 152 378 155 377 378 183 429 175 235 152 33 175 155 99 235 378 152 374 429 235 469 99 152 429 188 152 188 469 188 175 183 469 126 126 377 429 429 99 99 374 152 235 374 378 155 374 377 429 183 469 126 377 155 188 409 378 374 374 235 99 99 276 33 409 152 429 175 374 175 188 188 183 33 377 276 99 429 152 378 99 469 126 152 374 155 377 126 183 33 377 378 155 235 33 235 33 377 469 377 409 378 126 377 377 235 155 188 469 374 409 126 378 276 429 99 126 374 377 374 126 409 377 377 99 175 469 409 155 126 235 33 175 378 152 188 409 155 99 469 33 374 378 429 33 377 126 175 155 374 409 374 175 276 183 469 276 183 377 378 429 188 99 175 276 126 429 235 155 235 152 469 99 276 152 276 374 374 378 126 183 152 469 429 374 276 276 429 99 377 152 374 152 377 183 276 409 126 469 378 378 
  Facilities: 16
 33 : 14 22 31 48 51 52 64 108 135 140 144 152 181 183 197 231 241 298 310 362 372 388 393 395 430 439 443
 99 : 8 25 58 83 97 103 113 138 149 158 175 178 190 198 209 216 223 233 235 237 259 274 275 291 293 313 321 337 338 359 360 375 379 414 423 437 461 471 487
 126 : 17 44 47 67 76 91 102 114 134 142 172 184 185 203 208 220 257 279 284 332 333 350 381 386 401 410 415 419 428 445 464 478 496
 152 : 1 5 26 56 81 95 116 119 125 151 155 160 170 173 179 196 200 201 202 218 252 280 292 300 309 316 322 325 340 364 377 382 433 469 473 480 489 491
 155 : 15 20 42 62 73 104 121 136 146 171 188 189 256 277 302 312 344 352 384 391 405 427 436 447 467
 175 : 0 19 23 35 38 45 46 53 74 94 115 148 199 204 205 219 228 232 270 287 307 311 329 366 368 424 431 446 451 462
 183 : 88 90 111 112 127 137 139 165 166 167 168 176 193 238 247 250 267 285 296 305 330 348 371 387 453 456 479 493
 188 : 6 29 39 50 65 77 96 120 122 177 210 227 236 240 251 271 273 299 324 326 328 353 369 370 406 434 460
 235 : 10 37 61 70 72 106 107 117 128 145 163 174 207 214 224 288 290 308 314 319 341 358 392 394 404 429 466 468
 276 : 2 11 13 21 34 98 99 101 118 147 161 187 191 192 213 217 245 253 263 264 286 289 297 361 374 412 452 455 463 472 474 484 485 494
 374 : 4 27 30 60 78 85 87 124 157 180 194 248 265 278 317 339 342 345 356 357 367 383 408 416 418 440 448 450 475 476 483 490
 377 : 16 18 32 55 66 69 93 105 129 159 162 169 195 225 242 254 255 260 282 283 303 334 346 351 373 385 389 396 398 402 403 417 421 422 444 457 488 492
 378 : 9 28 54 59 63 75 84 89 92 123 153 156 221 222 229 230 239 243 276 301 304 315 343 355 378 390 400 411 432 441 458 477 498 499
 409 : 7 24 33 40 49 57 79 86 109 126 131 133 141 154 182 211 246 258 268 269 281 354 363 399 409 420 426 435 449 495
 429 : 3 12 41 43 80 82 110 164 186 206 215 226 244 262 266 272 306 318 323 335 336 347 365 376 413 442 459 465 482 486
 469 : 36 68 71 100 130 132 143 150 212 234 249 261 294 295 320 327 331 349 380 397 407 425 438 454 470 481 497
SOLUTION:
  Value: -538201.000000
  Assigns: 198 175 276 303 374 472 188 409 99 378 77 64 429 276 77 155 377 64 377 175 155 276 33 175 409 99 198 374 77 77 374 198 377 409 276 175 198 378 175 188 153 429 155 429 303 175 175 198 77 409 188 33 33 175 378 377 472 409 303 378 153 303 155 378 64 64 377 188 77 377 155 378 77 155 77 198 374 188 374 409 429 77 429 153 378 303 64 64 155 77 276 198 378 377 472 198 188 99 276 276 303 276 64 99 155 377 64 198 33 409 429 33 276 99 153 175 64 198 276 303 153 155 188 472 374 175 409 99 198 377 77 153 64 472 198 33 155 153 99 198 33 409 472 175 303 99 64 276 175 99 153 377 472 378 303 188 378 374 99 377 153 276 377 77 472 153 77 374 472 153 64 155 472 303 188 99 198 188 99 64 374 33 198 33 77 303 429 276 155 155 77 64 276 303 153 377 303 33 99 77 409 155 153 409 175 175 429 198 153 99 188 409 276 276 377 429 198 276 377 175 175 378 378 99 472 377 429 188 175 378 378 33 175 99 198 99 77 99 472 378 188 33 153 378 198 276 409 409 374 429 33 64 64 276 198 377 155 303 472 99 377 377 429 276 472 374 429 188 409 153 175 188 64 188 99 99 378 155 374 77 77 409 64 377 64 198 276 175 409 276 303 99 374 99 303 374 377 276 33 188 472 378 155 377 378 198 303 175 472 276 33 198 155 64 153 378 378 374 429 409 303 472 303 429 188 188 188 77 188 64 77 429 429 198 472 77 429 99 99 153 374 303 374 378 155 374 377 429 472 64 155 377 155 77 409 378 374 374 153 99 77 472 33 198 198 429 198 374 175 188 188 198 33 377 276 99 429 378 64 153 303 198 378 64 155 377 64 77 33 303 378 155 198 33 153 33 377 153 377 409 64 429 153 377 33 155 188 409 374 153 409 378 276 429 99 175 374 377 374 77 198 377 377 99 175 303 77 64 409 409 33 175 378 188 188 409 155 64 175 33 374 378 429 33 472 153 175 155 374 409 374 175 276 198 377 276 303 377 378 429 188 99 175 276 198 429 303 155 303 378 77 99 276 276 276 374 374 378 198 303 153 64 303 374 198 77 429 153 377 198 374 64 377 99 276 409 472 303 378 378 
  Facilities: 17
 33 : 22 51 52 108 111 135 140 181 183 197 231 241 250 298 310 362 372 388 393 395 404 430 439 443
 64 : 11 17 64 65 86 87 102 106 116 132 146 170 179 191 251 252 272 282 284 313 329 349 378 383 386 400 427 437 481 491
 77 : 10 14 28 29 48 68 72 74 81 89 130 163 166 184 190 199 236 279 280 327 330 335 353 360 387 419 426 470 485
 99 : 8 25 97 103 113 127 138 145 149 158 175 178 198 209 223 233 235 237 259 274 275 291 293 337 338 359 375 414 423 461 471 493
 153 : 40 60 83 114 120 131 137 150 160 165 169 194 202 208 242 269 314 339 358 379 394 397 402 409 445 480 487
 155 : 15 20 42 62 70 73 88 104 121 136 171 188 189 201 256 277 302 312 344 350 352 384 391 405 436 447 467
 175 : 1 19 23 35 38 45 46 53 115 125 143 148 204 205 219 220 228 232 270 287 307 368 415 424 431 438 446 451 462
 188 : 6 39 50 67 77 96 122 155 174 177 210 227 240 267 271 273 299 324 325 326 328 369 370 406 433 434 460
 198 : 0 26 31 36 47 75 91 95 107 117 128 134 139 176 182 207 216 234 244 254 285 305 311 333 363 364 366 371 381 392 420 453 464 478 484 489
 276 : 2 13 21 34 90 98 99 101 112 118 147 161 187 192 212 213 217 245 253 263 286 289 297 309 374 412 452 455 463 472 473 474 494
 303 : 3 44 58 61 85 100 119 144 154 173 185 193 196 257 290 294 306 320 322 341 380 389 425 456 466 468 479 482 497
 374 : 4 27 30 76 78 124 157 167 180 248 265 278 292 295 317 340 342 345 356 357 367 408 416 418 440 448 450 475 476 483 490
 377 : 16 18 32 55 66 69 93 105 129 151 159 162 195 214 218 225 255 260 261 283 296 303 346 351 373 385 396 398 403 417 421 422 454 457 488 492
 378 : 9 37 54 59 63 71 84 92 153 156 221 222 229 230 239 243 276 301 304 315 316 343 355 377 382 390 411 432 441 458 469 477 498 499
 409 : 7 24 33 49 57 79 109 126 141 200 203 211 246 247 268 281 288 319 354 399 407 410 428 429 435 449 495
 429 : 12 41 43 80 82 110 186 206 215 226 249 262 266 318 323 331 332 336 347 365 376 401 413 442 459 465 486
 472 : 5 56 94 123 133 142 152 164 168 172 224 238 258 264 300 308 321 334 348 361 444 496
