# Time: 9420.529297
# Elapsed: 689.946411
# Input_file: splp/KoerkelGhosh-asym/500/a/ga500a-5
# Pool_size: 400
# Iterations: 95
# Final_solutions: 31570
# Vision_range: 0
# Reduction_mode: REDUCTION_RANDOM
SOLUTION:
  Value: -511248.000000
  Assigns: 182 258 3 198 335 154 228 209 132 13 54 163 10 387 377 331 94 377 163 56 387 381 173 414 124 209 387 198 154 163 21 119 157 300 34 78 3 396 381 99 228 379 381 342 178 13 122 381 321 379 381 396 335 347 180 132 34 398 258 178 491 3 418 163 294 157 347 379 294 398 396 180 180 483 119 21 381 300 56 347 491 10 327 423 33 78 117 178 335 342 283 258 117 78 78 331 157 117 21 78 154 178 283 389 347 119 122 119 180 379 10 3 320 173 180 5 331 34 283 78 228 180 198 396 398 198 34 119 5 94 122 178 154 173 124 389 423 400 258 198 56 228 154 5 379 321 423 132 163 321 132 300 379 78 335 398 173 379 377 5 331 228 132 300 491 396 294 483 78 331 117 389 381 321 78 300 258 21 21 398 54 258 423 173 423 335 347 34 5 327 387 56 379 283 180 327 182 335 157 13 154 377 178 342 117 154 119 258 347 180 418 3 209 182 300 163 483 483 124 228 124 483 33 99 178 124 387 418 3 491 157 398 78 180 327 321 3 209 33 389 117 387 320 347 157 396 94 491 377 34 99 414 122 335 483 132 379 78 335 34 342 154 331 396 198 400 381 78 182 347 327 320 387 5 389 398 335 54 173 173 122 381 198 124 283 209 327 3 21 33 347 327 178 387 400 491 347 331 387 483 198 154 491 228 99 94 342 3 21 483 283 320 154 228 124 396 283 381 335 163 347 3 389 54 381 157 21 414 157 320 398 124 33 173 294 283 99 34 10 119 381 400 99 396 389 198 198 157 387 56 258 99 13 34 21 117 21 320 154 54 483 119 400 342 294 173 398 377 398 377 320 198 342 157 34 342 396 418 182 13 418 13 132 163 178 10 228 228 54 132 198 21 54 387 379 5 398 13 418 5 54 283 5 33 182 122 33 294 5 56 258 173 13 335 54 335 178 379 117 122 10 491 178 157 321 78 119 228 327 320 10 21 398 3 54 124 157 122 180 283 163 228 198 414 377 418 99 94 381 300 3 209 258 398 56 3 321 132 94 396 342 377 180 182 283 342 418 389 423 387 94 10 377 182 347 414 320 34 117 117 491 173 56 3 198 294 400 33 327 119 491 33 398 300 78 3 178 33 21 321 
  Facilities: 51
 3 : 2 36 61 111 211 228 236 287 307 321 433 450 455 483 495
 5 : 115 128 143 159 188 273 395 399 402 408
 10 : 12 81 110 338 385 420 430 471
 13 : 9 45 199 352 379 381 397 412
 21 : 30 75 98 177 178 288 308 326 354 356 391 431 498
 33 : 84 222 238 289 332 403 406 487 491 497
 34 : 34 56 117 126 187 249 259 337 353 374 477
 54 : 10 180 277 323 359 388 392 400 414 434
 56 : 19 78 140 191 349 409 454 482
 78 : 35 85 93 94 99 119 153 168 174 232 257 267 425 494
 94 : 16 129 246 305 447 458 470
 99 : 39 223 250 304 336 342 351 446
 117 : 86 92 97 170 204 240 355 418 478 479
 119 : 31 74 105 107 127 206 339 361 426 489
 122 : 46 106 130 252 280 405 419 437
 124 : 24 134 218 220 225 283 314 331 435
 132 : 8 55 147 150 162 255 382 389 457
 154 : 5 28 100 132 142 200 205 261 301 312 358
 157 : 32 65 96 198 230 244 325 328 347 373 423 436
 163 : 11 18 29 63 148 215 319 383 440
 173 : 22 113 133 156 183 278 279 333 365 411 481
 178 : 44 59 87 101 131 202 224 292 384 416 422 496
 180 : 54 71 72 108 114 121 194 209 233 438 462
 182 : 0 196 213 268 378 404 463 473
 198 : 3 27 122 125 139 264 282 300 345 346 371 390 442 484
 209 : 7 25 212 237 285 451
 228 : 6 40 120 141 161 219 303 313 386 387 427 441
 258 : 1 58 91 138 176 181 207 350 410 452
 283 : 90 102 118 193 284 310 316 335 401 439 464
 294 : 64 68 166 334 364 407 485
 300 : 33 77 151 163 175 214 449 493
 320 : 112 242 271 311 329 357 370 429 476
 321 : 48 145 149 173 235 424 456 499
 327 : 82 189 195 234 270 286 291 428 488
 331 : 15 95 116 160 169 262 297
 335 : 4 52 88 154 185 197 253 258 276 318 413 415
 342 : 43 89 203 260 306 363 372 375 460 465
 347 : 53 66 79 104 186 208 243 269 290 296 320 474
 377 : 14 17 158 201 248 367 369 444 461 472
 379 : 41 49 67 109 144 152 157 192 256 394 417
 381 : 21 38 42 47 50 76 172 266 281 317 324 340 448
 387 : 13 20 26 190 226 241 272 293 298 348 393 469
 389 : 103 135 171 239 274 322 344 467
 396 : 37 51 70 123 165 245 263 315 343 376 459
 398 : 57 69 124 155 179 231 275 330 366 368 396 432 453 492
 400 : 137 265 294 341 362 486
 414 : 23 251 327 443 475
 418 : 62 210 227 377 380 398 445 466
 423 : 83 136 146 182 184 468
 483 : 73 167 216 217 221 254 299 309 360
 491 : 60 80 164 229 247 295 302 421 480 490
SOLUTION:
  Value: -511250.000000
  Assigns: 423 258 359 198 335 154 228 490 132 13 483 180 10 387 49 331 94 37 487 56 387 381 173 90 124 386 387 198 154 381 21 101 335 300 359 78 3 396 381 99 228 359 381 487 487 13 122 90 159 379 381 396 335 347 180 132 370 398 258 282 490 3 418 37 294 180 282 379 294 398 396 180 487 483 258 21 381 300 56 347 99 10 3 423 33 78 282 423 335 490 283 258 282 282 78 331 490 418 21 78 154 418 283 389 347 379 122 159 180 379 10 3 320 173 180 5 331 34 283 78 228 180 198 396 398 198 34 35 5 94 122 35 490 173 124 389 423 400 258 198 56 228 154 5 379 78 423 132 381 90 132 300 379 78 335 282 173 379 487 5 331 228 132 35 359 396 294 483 78 331 381 389 381 386 78 300 258 21 21 398 387 258 423 173 423 335 386 90 5 94 387 56 379 37 159 370 49 335 300 13 154 228 387 215 37 154 90 386 347 180 418 3 386 423 300 387 483 483 124 228 124 483 33 99 198 124 387 418 3 3 282 398 78 180 300 347 101 386 90 389 359 387 320 347 370 396 94 359 487 34 99 335 122 335 483 132 379 78 335 34 359 154 159 215 198 370 381 78 49 347 49 320 487 5 389 398 335 215 173 173 122 381 198 124 283 37 198 3 21 33 347 122 386 387 400 5 347 331 387 483 198 359 335 228 99 94 215 3 21 359 283 320 490 359 124 396 283 381 335 320 90 3 389 387 381 13 21 487 56 320 398 124 33 173 294 283 99 132 159 101 381 400 99 396 389 198 198 21 300 56 258 99 13 34 21 400 21 320 487 423 483 294 400 101 294 173 398 331 398 132 320 198 379 124 34 101 396 418 283 13 418 37 132 154 370 10 228 228 487 132 198 21 258 387 379 5 398 13 418 5 34 283 5 33 35 101 33 294 5 56 258 173 13 335 49 335 215 379 159 122 10 370 490 37 386 49 283 359 198 320 10 21 282 3 90 124 90 122 180 283 331 228 198 215 386 418 159 94 381 300 3 122 258 398 215 215 159 132 94 396 49 35 180 370 283 282 418 389 423 387 94 10 122 228 347 13 320 34 258 35 359 173 56 3 198 294 400 33 101 418 90 33 398 300 78 3 101 33 21 400 
  Facilities: 50
 3 : 36 61 82 111 211 228 229 287 307 321 433 450 483 495
 5 : 115 128 143 159 188 273 295 395 399 402 408
 10 : 12 81 110 385 420 430 471
 13 : 9 45 199 325 352 379 397 412 475
 21 : 30 75 98 177 178 288 308 326 347 354 356 391 431 498
 33 : 84 222 289 332 403 406 487 491 497
 34 : 117 126 249 259 353 374 400 477
 35 : 127 131 163 404 461 479
 37 : 17 63 193 204 285 381 423
 49 : 14 196 268 270 414 425 460
 56 : 19 78 140 191 328 349 409 482
 78 : 35 85 94 99 119 145 153 168 174 232 257 267 494
 90 : 23 47 149 187 206 238 320 434 436 490
 94 : 16 129 189 246 305 447 458 470
 99 : 39 80 223 250 304 336 342 351
 101 : 31 236 339 363 375 405 488 496
 122 : 46 106 130 252 280 291 419 437 451 472
 124 : 24 134 218 220 225 283 314 331 373 435
 132 : 8 55 147 150 162 255 337 369 382 389 457
 154 : 5 28 100 142 200 205 261 383
 159 : 48 107 194 262 338 418 446 456
 173 : 22 113 133 156 183 278 279 333 365 411 481
 180 : 11 54 65 71 108 114 121 209 233 438 462
 198 : 3 27 122 125 139 224 264 282 286 300 345 346 371 390 428 442 484
 215 : 203 263 277 306 416 443 454 455
 228 : 6 40 120 141 161 201 219 303 386 387 441 473
 258 : 1 58 74 91 138 176 181 350 392 410 452 478
 282 : 59 66 86 92 93 155 230 432 465
 283 : 90 102 118 284 310 316 335 378 401 426 439 464
 294 : 64 68 166 334 361 364 407 485
 300 : 33 77 151 175 198 214 234 348 449 493
 320 : 112 242 271 311 319 329 357 370 429 476
 331 : 15 95 116 160 169 297 367 440
 335 : 4 32 52 88 154 185 197 251 253 258 276 302 318 413 415
 347 : 53 79 104 208 235 243 269 290 296 474
 359 : 2 34 41 164 240 247 260 301 309 313 427 480
 370 : 56 195 244 265 384 421 463
 379 : 49 67 105 109 144 152 157 192 256 372 394 417
 381 : 21 29 38 42 50 76 148 170 172 266 281 317 324 340 448
 386 : 25 173 186 207 212 237 292 424 444
 387 : 13 20 26 180 190 202 215 226 241 293 298 323 393 469
 389 : 103 135 171 239 274 322 344 467
 396 : 37 51 70 123 165 245 315 343 376 459
 398 : 57 69 124 179 231 275 330 366 368 396 453 492
 400 : 137 294 341 355 362 486 499
 418 : 62 97 101 210 227 377 380 398 445 466 489
 423 : 0 83 87 136 146 182 184 213 359 468
 483 : 10 73 167 216 217 221 254 299 360
 487 : 18 43 44 72 158 248 272 327 358 388
 490 : 7 60 89 96 132 312 422
SOLUTION:
  Value: -511274.000000
  Assigns: 443 258 3 35 335 154 228 209 132 13 54 163 10 387 377 331 94 377 163 56 387 381 173 414 124 209 387 491 154 163 21 119 335 300 34 78 3 396 381 99 228 379 381 342 178 13 122 381 321 379 381 396 335 347 180 132 34 398 258 178 491 3 418 163 294 157 347 158 294 398 396 180 180 483 119 21 381 300 56 347 491 10 327 423 33 78 377 178 335 342 283 258 209 78 78 331 157 418 21 78 154 178 283 389 347 119 122 119 180 379 10 3 320 173 180 158 331 34 283 78 228 180 258 396 398 56 34 119 5 94 122 178 154 173 124 389 423 400 258 173 56 228 154 5 379 321 423 132 163 321 132 300 379 443 335 398 173 379 377 5 331 158 132 35 491 396 294 483 78 331 381 389 381 321 78 300 258 21 21 398 54 258 423 173 423 335 347 34 5 327 387 56 379 283 180 327 182 335 157 13 154 377 178 342 209 154 119 258 347 180 418 3 443 182 300 163 483 483 124 228 124 483 33 99 178 124 387 418 3 491 157 398 78 180 327 321 3 209 33 389 381 387 320 347 157 396 94 491 377 34 99 414 122 335 483 132 379 78 335 34 342 154 331 396 443 400 158 78 182 347 327 320 387 5 389 398 335 443 173 173 122 381 54 124 283 209 327 3 21 33 347 327 178 387 400 491 347 331 387 483 158 154 491 228 99 94 342 3 21 483 283 320 154 228 124 396 283 381 335 163 347 3 389 54 443 157 21 414 157 320 398 124 33 173 294 283 99 132 10 119 381 400 99 396 389 158 78 157 387 56 258 99 13 34 21 163 21 320 154 54 483 119 400 342 294 173 398 377 398 377 320 158 342 157 34 342 396 418 182 13 418 13 132 163 178 10 228 228 54 132 132 21 54 387 379 5 398 13 418 5 54 283 5 33 35 122 33 294 5 56 258 173 13 335 54 335 178 379 321 122 10 491 158 157 321 78 119 228 327 320 10 21 398 3 54 124 157 122 180 283 163 228 119 414 158 418 443 94 381 300 3 209 258 398 56 3 321 132 94 396 342 377 180 182 283 342 418 389 423 387 94 10 158 182 347 414 320 158 258 35 491 173 56 3 377 294 400 158 327 119 491 33 398 300 78 3 158 33 21 321 
  Facilities: 52
 3 : 2 36 61 111 211 228 236 287 307 321 433 450 455 483 495
 5 : 128 143 159 188 273 395 399 402 408
 10 : 12 81 110 338 385 420 430 471
 13 : 9 45 199 352 379 381 397 412
 21 : 30 75 98 177 178 288 308 326 354 356 391 431 498
 33 : 84 222 238 289 332 403 406 491 497
 34 : 34 56 117 126 187 249 259 353 374
 35 : 3 163 404 479
 54 : 10 180 282 323 359 388 392 400 414 434
 56 : 19 78 125 140 191 349 409 454 482
 78 : 35 85 93 94 99 119 168 174 232 257 267 346 425 494
 94 : 16 129 246 305 447 458 470
 99 : 39 223 250 304 336 342 351
 119 : 31 74 105 107 127 206 339 361 426 442 489
 122 : 46 106 130 252 280 405 419 437
 124 : 24 134 218 220 225 283 314 331 435
 132 : 8 55 147 150 162 255 337 382 389 390 457
 154 : 5 28 100 132 142 200 205 261 301 312 358
 157 : 65 96 198 230 244 325 328 347 373 423 436
 158 : 67 115 161 266 300 345 371 422 444 472 477 487 496
 163 : 11 18 29 63 148 215 319 355 383 440
 173 : 22 113 133 139 156 183 278 279 333 365 411 481
 178 : 44 59 87 101 131 202 224 292 384 416
 180 : 54 71 72 108 114 121 194 209 233 438 462
 182 : 196 213 268 378 463 473
 209 : 7 25 92 204 237 285 451
 228 : 6 40 120 141 219 303 313 386 387 427 441
 258 : 1 58 91 122 138 176 181 207 350 410 452 478
 283 : 90 102 118 193 284 310 316 335 401 439 464
 294 : 64 68 166 334 364 407 485
 300 : 33 77 151 175 214 449 493
 320 : 112 242 271 311 329 357 370 429 476
 321 : 48 145 149 173 235 418 424 456 499
 327 : 82 189 195 234 270 286 291 428 488
 331 : 15 95 116 160 169 262 297
 335 : 4 32 52 88 154 185 197 253 258 276 318 413 415
 342 : 43 89 203 260 306 363 372 375 460 465
 347 : 53 66 79 104 186 208 243 269 290 296 320 474
 377 : 14 17 86 158 201 248 367 369 461 484
 379 : 41 49 109 144 152 157 192 256 394 417
 381 : 21 38 42 47 50 76 170 172 240 281 317 340 448
 387 : 13 20 26 190 226 241 272 293 298 348 393 469
 389 : 103 135 171 239 274 322 344 467
 396 : 37 51 70 123 165 245 263 315 343 376 459
 398 : 57 69 124 155 179 231 275 330 366 368 396 432 453 492
 400 : 137 265 294 341 362 486
 414 : 23 251 327 443 475
 418 : 62 97 210 227 377 380 398 445 466
 423 : 83 136 146 182 184 468
 443 : 0 153 212 264 277 324 446
 483 : 73 167 216 217 221 254 299 309 360
 491 : 27 60 80 164 229 247 295 302 421 480 490
SOLUTION:
  Value: -511277.000000
  Assigns: 443 258 359 35 335 154 228 209 132 13 54 163 10 387 377 331 94 377 163 56 387 381 173 414 124 209 387 491 154 163 21 119 335 300 359 78 3 396 381 99 228 359 381 342 178 13 122 381 321 379 381 396 335 347 180 132 34 398 258 178 491 3 418 163 294 157 347 158 294 398 396 180 180 483 119 21 381 300 56 347 491 10 327 423 33 78 377 178 335 342 283 258 209 78 78 331 157 418 21 78 154 178 283 389 347 119 122 119 180 379 10 3 320 173 180 158 331 34 283 78 228 180 258 396 398 56 34 119 5 94 122 178 359 173 124 389 423 400 258 173 56 228 154 5 379 321 423 132 163 321 132 300 379 443 335 398 173 379 377 5 331 158 132 35 359 396 294 483 78 331 381 389 381 321 78 300 258 21 21 398 54 258 423 173 423 335 347 34 5 327 387 56 379 283 180 327 182 335 300 13 154 377 178 342 209 154 119 258 347 180 418 3 443 182 300 163 483 483 124 228 124 483 33 99 178 124 387 418 3 491 157 398 78 180 327 321 3 209 33 389 359 387 320 347 157 396 94 359 377 34 99 414 122 335 483 132 379 78 335 34 342 154 331 396 443 400 158 78 182 347 327 320 387 5 389 398 335 443 173 173 122 381 54 124 283 209 327 3 21 33 347 327 178 387 400 491 347 331 387 483 158 154 491 228 99 94 342 3 21 359 283 320 154 359 124 396 283 381 335 163 347 3 389 54 443 157 21 414 157 320 398 124 33 173 294 283 99 34 10 119 381 400 99 396 389 158 78 157 387 56 258 99 13 34 21 163 21 320 154 54 483 119 400 342 294 173 398 377 398 377 320 158 342 157 34 342 396 418 182 13 418 13 132 163 178 10 228 228 54 132 132 21 54 387 379 5 398 13 418 5 178 283 5 33 35 122 33 294 5 56 258 173 13 335 54 335 178 379 321 122 10 491 158 157 321 78 119 359 327 320 10 21 398 3 54 124 157 122 180 283 163 228 119 414 158 418 443 94 381 300 3 209 258 398 56 3 321 132 94 396 342 377 180 182 283 342 418 389 423 387 94 10 158 182 347 414 320 158 258 35 359 173 56 3 377 294 400 158 327 119 491 33 398 300 78 3 158 33 21 321 
  Facilities: 53
 3 : 36 61 111 211 228 236 287 307 321 433 450 455 483 495
 5 : 128 143 159 188 273 395 399 402 408
 10 : 12 81 110 338 385 420 430 471
 13 : 9 45 199 352 379 381 397 412
 21 : 30 75 98 177 178 288 308 326 354 356 391 431 498
 33 : 84 222 238 289 332 403 406 491 497
 34 : 56 117 126 187 249 259 337 353 374
 35 : 3 163 404 479
 54 : 10 180 282 323 359 388 392 414 434
 56 : 19 78 125 140 191 349 409 454 482
 78 : 35 85 93 94 99 119 168 174 232 257 267 346 425 494
 94 : 16 129 246 305 447 458 470
 99 : 39 223 250 304 336 342 351
 119 : 31 74 105 107 127 206 339 361 426 442 489
 122 : 46 106 130 252 280 405 419 437
 124 : 24 134 218 220 225 283 314 331 435
 132 : 8 55 147 150 162 255 382 389 390 457
 154 : 5 28 100 142 200 205 261 301 312 358
 157 : 65 96 230 244 325 328 347 373 423 436
 158 : 67 115 161 266 300 345 371 422 444 472 477 487 496
 163 : 11 18 29 63 148 215 319 355 383 440
 173 : 22 113 133 139 156 183 278 279 333 365 411 481
 178 : 44 59 87 101 131 202 224 292 384 400 416
 180 : 54 71 72 108 114 121 194 209 233 438 462
 182 : 196 213 268 378 463 473
 209 : 7 25 92 204 237 285 451
 228 : 6 40 120 141 219 303 386 387 441
 258 : 1 58 91 122 138 176 181 207 350 410 452 478
 283 : 90 102 118 193 284 310 316 335 401 439 464
 294 : 64 68 166 334 364 407 485
 300 : 33 77 151 175 198 214 449 493
 320 : 112 242 271 311 329 357 370 429 476
 321 : 48 145 149 173 235 418 424 456 499
 327 : 82 189 195 234 270 286 291 428 488
 331 : 15 95 116 160 169 262 297
 335 : 4 32 52 88 154 185 197 253 258 276 318 413 415
 342 : 43 89 203 260 306 363 372 375 460 465
 347 : 53 66 79 104 186 208 243 269 290 296 320 474
 359 : 2 34 41 132 164 240 247 309 313 427 480
 377 : 14 17 86 158 201 248 367 369 461 484
 379 : 49 109 144 152 157 192 256 394 417
 381 : 21 38 42 47 50 76 170 172 281 317 340 448
 387 : 13 20 26 190 226 241 272 293 298 348 393 469
 389 : 103 135 171 239 274 322 344 467
 396 : 37 51 70 123 165 245 263 315 343 376 459
 398 : 57 69 124 155 179 231 275 330 366 368 396 432 453 492
 400 : 137 265 294 341 362 486
 414 : 23 251 327 443 475
 418 : 62 97 210 227 377 380 398 445 466
 423 : 83 136 146 182 184 468
 443 : 0 153 212 264 277 324 446
 483 : 73 167 216 217 221 254 299 360
 491 : 27 60 80 229 295 302 421 490
SOLUTION:
  Value: -511281.000000
  Assigns: 423 258 3 198 335 154 228 490 132 13 54 180 10 485 7 485 94 37 487 56 7 381 173 90 124 7 21 198 7 381 21 101 335 300 34 78 3 396 485 99 228 418 381 487 487 13 122 90 321 46 381 396 46 347 180 132 370 398 258 379 490 3 418 37 294 180 485 379 294 398 396 180 180 483 258 21 381 300 56 347 99 7 327 423 33 78 94 7 335 490 283 258 7 78 78 331 46 418 21 78 154 418 283 389 347 379 122 7 180 379 10 3 320 173 180 5 331 46 283 78 228 180 198 396 398 198 7 35 5 94 122 35 490 173 124 389 423 400 258 198 56 228 154 5 379 321 423 7 381 90 132 300 379 78 335 398 173 379 487 5 331 228 132 35 485 396 294 483 78 331 381 389 381 386 78 300 258 21 21 398 54 258 423 173 423 335 386 90 5 327 46 56 379 37 180 370 182 335 300 13 154 54 381 215 37 154 90 386 46 180 418 3 386 182 300 182 483 483 124 228 124 483 33 99 198 124 485 418 3 3 370 398 78 180 327 321 101 386 90 389 485 90 320 347 370 396 94 46 487 34 99 335 122 335 483 132 379 78 335 34 46 154 331 215 198 370 381 78 182 347 327 320 487 5 389 398 335 215 173 173 122 381 198 124 283 37 327 3 21 33 485 327 386 379 400 5 347 331 99 46 198 154 335 228 99 94 215 3 21 483 283 320 490 228 124 396 283 381 335 320 90 3 389 54 381 13 21 487 56 320 485 124 33 173 294 283 99 132 10 101 381 400 99 396 389 485 198 21 300 56 258 99 13 34 21 400 21 320 487 485 483 398 400 101 294 173 485 331 398 132 320 198 101 124 34 327 396 418 182 13 418 37 132 7 370 10 228 228 487 132 198 21 54 294 379 5 398 13 418 5 54 283 46 33 35 101 33 294 5 56 258 173 13 335 54 335 215 379 321 122 10 370 490 37 321 78 283 228 327 320 10 21 398 3 90 124 90 122 180 485 331 228 198 215 386 418 7 94 381 300 3 485 258 398 215 215 321 132 94 396 7 35 180 182 283 386 418 389 423 327 94 10 46 182 347 13 320 34 258 35 54 173 56 3 198 294 400 485 101 418 90 33 398 300 78 3 101 33 7 400 
  Facilities: 52
 3 : 2 36 61 111 211 228 229 287 307 321 433 450 483 495
 5 : 115 128 143 159 188 273 295 395 399 408
 7 : 14 20 25 28 81 87 92 107 126 147 383 446 460 498
 10 : 12 110 338 385 420 430 471
 13 : 9 45 199 325 352 379 397 412 475
 21 : 26 30 75 98 177 178 288 308 326 347 354 356 391 431
 33 : 84 222 289 332 403 406 491 497
 34 : 34 249 259 353 374 477
 35 : 127 131 163 404 461 479
 37 : 17 63 193 204 285 381 423
 46 : 49 52 96 117 190 208 247 260 299 402 472
 54 : 10 180 201 323 392 400 414 480
 56 : 19 78 140 191 328 349 409 482
 78 : 35 85 93 94 99 119 153 168 174 232 257 267 425 494
 90 : 23 47 149 187 206 238 241 320 434 436 490
 94 : 16 86 129 246 305 447 458 470
 99 : 39 80 223 250 298 304 336 342 351
 101 : 31 236 339 363 372 405 488 496
 122 : 46 106 130 252 280 419 437
 124 : 24 134 218 220 225 283 314 331 373 435
 132 : 8 55 150 162 255 337 369 382 389 457
 154 : 5 100 142 200 205 261 301
 173 : 22 113 133 156 183 278 279 333 365 411 481
 180 : 11 54 65 71 72 108 114 121 194 209 233 438 462
 182 : 196 213 215 268 378 463 473
 198 : 3 27 122 125 139 224 264 282 300 346 371 390 442 484
 215 : 203 263 277 306 416 443 454 455
 228 : 6 40 120 141 161 219 303 313 386 387 427 441
 258 : 1 58 74 91 138 176 181 350 410 452 478
 283 : 90 102 118 284 310 316 335 401 426 464
 294 : 64 68 166 334 364 393 407 485
 300 : 33 77 151 175 198 214 348 449 493
 320 : 112 242 271 311 319 329 357 370 429 476
 321 : 48 145 235 418 424 456
 327 : 82 189 234 270 286 291 375 428 469
 331 : 95 116 160 169 262 297 367 440
 335 : 4 32 88 154 185 197 251 253 258 276 302 318 413 415
 347 : 53 79 104 243 269 296 474
 370 : 56 195 230 244 265 384 421
 379 : 59 67 105 109 144 152 157 192 256 293 394 417
 381 : 21 29 42 50 76 148 170 172 202 266 281 317 324 340 448
 386 : 173 186 207 212 237 292 444 465
 389 : 103 135 171 239 274 322 344 467
 396 : 37 51 70 123 165 245 315 343 376 459
 398 : 57 69 124 155 179 231 275 361 368 396 432 453 492
 400 : 137 294 341 355 362 486 499
 418 : 41 62 97 101 210 227 377 380 398 445 466 489
 423 : 0 83 136 146 182 184 468
 483 : 73 167 216 217 221 254 309 360
 485 : 13 15 38 66 164 226 240 290 330 345 359 366 439 451 487
 487 : 18 43 44 158 248 272 327 358 388
 490 : 7 60 89 132 312 422
SOLUTION:
  Value: -511288.000000
  Assigns: 182 258 3 35 335 154 228 209 132 13 483 163 10 387 377 89 94 377 163 56 387 381 173 414 124 209 387 183 154 89 21 39 157 300 34 78 3 396 381 257 228 379 381 342 342 13 122 381 159 89 381 396 335 347 483 132 34 398 258 379 39 3 418 163 294 157 347 158 294 398 396 327 33 483 119 21 381 300 56 347 491 10 327 423 33 78 377 423 335 342 283 258 209 166 78 163 157 418 21 78 154 418 283 389 347 119 122 119 154 379 10 3 320 173 132 183 258 34 283 78 228 166 258 396 398 56 34 119 5 94 122 35 154 173 124 389 423 35 258 173 56 228 154 5 379 39 166 132 163 491 132 300 379 78 335 398 173 379 377 5 119 158 132 35 491 396 39 483 78 34 381 389 381 418 78 300 258 21 21 398 54 258 423 173 423 166 347 39 5 327 387 56 379 283 159 327 182 335 157 13 154 377 387 342 209 154 119 258 347 342 418 3 209 182 300 39 483 483 124 228 124 483 33 124 398 124 387 418 3 491 157 398 78 387 327 347 3 209 183 389 39 387 320 347 157 396 94 491 377 34 39 414 122 335 483 132 379 78 335 34 342 154 159 257 183 166 158 78 182 347 327 320 387 5 389 398 335 54 257 173 122 381 89 257 283 209 327 3 89 33 347 327 183 387 381 491 347 257 387 483 158 154 491 228 89 94 342 3 21 483 283 320 154 228 124 396 283 381 335 163 347 3 389 54 381 157 21 414 157 320 398 124 33 173 294 283 283 132 159 119 381 183 10 396 389 158 78 157 387 56 258 320 13 34 21 163 21 320 154 54 483 119 119 89 294 173 398 377 398 377 320 158 342 157 34 342 396 418 182 13 418 13 132 163 89 10 228 228 54 132 132 21 54 183 379 5 398 13 418 5 183 283 5 33 35 122 33 294 5 56 258 173 13 335 54 335 54 379 159 122 10 491 158 157 39 78 119 228 327 320 10 21 398 3 54 124 157 122 183 283 163 228 119 414 158 418 159 94 381 300 3 209 258 398 56 3 159 132 94 396 342 377 89 182 283 342 418 389 423 387 94 10 158 182 347 89 320 158 258 35 491 173 56 3 377 39 10 158 327 119 491 33 398 300 78 3 158 33 21 398 
  Facilities: 51
 3 : 2 36 61 111 211 228 236 287 307 321 433 450 455 483 495
 5 : 128 143 159 188 273 395 399 402 408
 10 : 12 81 110 342 385 420 430 471 486
 13 : 9 45 199 352 379 381 397 412
 21 : 30 75 98 177 178 308 326 354 356 391 431 498
 33 : 72 84 222 289 332 403 406 491 497
 34 : 34 56 117 126 169 249 259 353 374
 35 : 3 131 137 163 404 479
 39 : 31 60 145 166 187 215 240 250 424 485
 54 : 180 277 323 359 388 392 414 416 434
 56 : 19 78 125 140 191 349 409 454 482
 78 : 35 85 94 99 119 153 168 174 232 257 267 346 425 494
 89 : 15 29 49 282 288 304 363 384 462 475
 94 : 16 129 246 305 447 458 470
 119 : 74 105 107 127 160 206 339 361 362 426 442 489
 122 : 46 106 130 252 280 405 419 437
 124 : 24 134 218 220 223 225 314 331 435
 132 : 8 55 114 147 150 162 255 337 382 389 390 457
 154 : 5 28 100 108 132 142 200 205 261 301 312 358
 157 : 32 65 96 198 230 244 325 328 347 373 423 436
 158 : 67 161 266 300 345 371 422 444 472 477 487 496
 159 : 48 194 262 338 418 446 456
 163 : 11 18 63 95 148 319 355 383 440
 166 : 93 121 146 185 265
 173 : 22 113 133 139 156 183 279 333 365 411 481
 182 : 0 196 213 268 378 463 473
 183 : 27 115 238 264 292 341 393 400 438
 209 : 7 25 92 204 212 237 285 451
 228 : 6 40 120 141 219 303 313 386 387 427 441
 257 : 39 263 278 283 297
 258 : 1 58 91 116 122 138 176 181 207 350 410 452 478
 283 : 90 102 118 193 284 310 316 335 336 401 439 464
 294 : 64 68 334 364 407
 300 : 33 77 151 175 214 449 493
 320 : 112 242 271 311 329 351 357 370 429 476
 327 : 71 82 189 195 234 270 286 291 428 488
 335 : 4 52 88 154 197 253 258 276 318 413 415
 342 : 43 44 89 203 209 260 306 372 375 460 465
 347 : 53 66 79 104 186 208 235 243 269 290 296 320 474
 377 : 14 17 86 158 201 248 367 369 461 484
 379 : 41 59 109 144 152 157 192 256 394 417
 381 : 21 38 42 47 50 76 170 172 281 294 317 324 340 448
 387 : 13 20 26 190 202 226 233 241 272 293 298 348 469
 389 : 103 135 171 239 274 322 344 467
 396 : 37 51 70 123 165 245 315 343 376 459
 398 : 57 69 124 155 179 224 231 275 330 366 368 396 432 453 492 499
 414 : 23 251 327 443
 418 : 62 97 101 173 210 227 377 380 398 445 466
 423 : 83 87 136 182 184 468
 483 : 10 54 73 167 216 217 221 254 299 309 360
 491 : 80 149 164 229 247 295 302 421 480 490
SOLUTION:
  Value: -511288.000000
  Assigns: 428 258 3 35 335 154 228 209 132 13 483 163 10 387 451 89 166 35 487 428 387 381 173 78 124 209 387 183 154 89 21 119 335 451 34 78 3 396 381 255 428 379 381 487 487 13 122 381 321 89 381 396 335 347 483 132 34 398 258 379 491 3 418 163 294 157 347 158 8 398 396 327 487 483 119 451 381 255 56 347 491 10 327 423 33 78 159 423 335 183 283 258 209 166 78 163 157 418 21 78 154 418 283 389 347 119 122 119 154 379 10 3 320 451 132 183 487 34 283 78 228 166 258 396 398 56 34 119 5 49 122 35 154 173 124 389 423 428 258 173 56 228 154 5 379 321 166 132 163 321 132 209 379 78 335 398 173 379 487 5 49 158 132 35 491 396 294 483 78 34 381 389 381 321 78 428 258 21 21 398 387 258 423 173 423 166 255 34 5 327 387 56 379 283 159 327 49 335 157 13 154 228 387 215 209 154 119 258 255 451 418 3 209 423 228 163 428 483 124 228 124 483 33 124 398 124 387 418 3 491 157 398 78 428 327 321 3 209 183 389 255 387 428 347 157 396 49 491 487 34 8 335 122 335 483 132 379 78 335 34 124 154 159 428 183 166 158 78 49 347 327 320 487 5 389 398 335 215 173 173 122 381 89 124 283 209 451 3 89 33 347 327 183 387 381 491 347 389 387 483 158 154 491 228 89 173 215 3 21 483 283 320 154 228 124 396 283 381 335 163 347 3 389 387 381 157 21 487 157 320 255 124 33 173 294 283 283 34 159 119 381 183 10 396 389 255 78 157 387 56 258 320 13 34 21 163 21 320 487 423 483 119 119 89 294 173 398 483 398 132 320 158 379 157 34 327 396 418 255 13 418 13 132 163 89 10 228 228 487 132 132 21 8 183 379 5 398 13 418 5 183 283 5 33 35 122 33 294 5 56 258 173 13 335 49 335 215 379 159 122 209 491 158 157 321 49 119 228 327 320 10 21 398 3 428 124 428 122 183 283 163 228 119 215 158 418 159 159 381 49 3 209 258 398 215 215 159 132 379 396 49 35 89 428 283 183 418 389 423 387 8 10 158 228 347 89 320 158 258 35 491 173 56 3 8 294 10 158 327 119 491 8 398 166 428 3 451 33 21 321 
  Facilities: 50
 3 : 2 36 61 111 211 228 236 287 307 321 433 450 483 495
 5 : 128 143 159 188 273 395 399 402 408
 8 : 68 250 392 470 484 491
 10 : 12 81 110 342 385 430 471 486
 13 : 9 45 199 352 379 381 397 412
 21 : 30 98 177 178 308 326 354 356 391 431 498
 33 : 84 222 289 332 403 406 497
 34 : 34 56 117 126 169 187 249 259 337 353 374
 35 : 3 17 131 163 404 461 479
 49 : 129 160 196 246 268 414 425 449 460
 56 : 78 125 140 191 349 409 482
 78 : 23 35 85 94 99 119 153 168 174 232 257 267 346
 89 : 15 29 49 282 288 304 363 384 462 475
 119 : 31 74 105 107 127 206 339 361 362 426 442 489
 122 : 46 106 130 252 280 405 419 437
 124 : 24 134 218 220 223 225 260 283 314 331 435
 132 : 8 55 114 147 150 162 255 369 382 389 390 457
 154 : 5 28 100 108 132 142 200 205 261 301 312
 157 : 65 96 198 230 244 325 328 347 373 423
 158 : 67 161 266 300 371 422 444 472 477 487
 159 : 86 194 262 338 418 446 447 456
 163 : 11 63 95 148 215 319 355 383 440
 166 : 16 93 121 146 185 265 493
 173 : 22 133 139 156 183 278 279 305 333 365 411 481
 183 : 27 89 115 238 264 292 341 393 400 438 465
 209 : 7 25 92 151 204 212 237 285 420 451
 215 : 203 277 306 416 443 454 455
 228 : 6 120 141 201 214 219 303 313 386 387 427 441 473
 255 : 39 77 186 208 240 330 345 378
 258 : 1 58 91 122 138 176 181 207 350 410 452 478
 283 : 90 102 118 193 284 310 316 335 336 401 439 464
 294 : 64 166 334 364 407 485
 320 : 112 271 311 329 351 357 370 429 476
 321 : 48 145 149 173 235 424 499
 327 : 71 82 189 195 234 270 291 375 428 488
 335 : 4 32 52 88 154 197 251 253 258 276 318 413 415
 347 : 53 66 79 104 243 269 290 296 320 474
 379 : 41 59 109 144 152 157 192 256 372 394 417 458
 381 : 21 38 42 47 50 76 170 172 281 294 317 324 340 448
 387 : 13 20 26 180 190 202 226 241 293 298 323 348 469
 389 : 103 135 171 239 274 297 322 344 467
 396 : 37 51 70 123 165 245 315 343 376 459
 398 : 57 69 124 155 179 224 231 275 366 368 396 432 453 492
 418 : 62 97 101 210 227 377 380 398 445 466
 423 : 83 87 136 182 184 213 359 468
 428 : 0 19 40 137 175 216 233 242 263 434 436 463 494
 451 : 14 33 75 113 209 286 496
 483 : 10 54 73 167 217 221 254 299 309 360 367
 487 : 18 43 44 72 116 158 248 272 327 358 388
 491 : 60 80 164 229 247 295 302 421 480 490
SOLUTION:
  Value: -511290.000000
  Assigns: 408 258 359 198 335 154 228 317 132 13 483 317 10 387 377 89 166 377 487 56 387 381 173 78 124 209 387 198 154 89 21 39 157 300 359 78 3 396 381 317 228 359 381 487 487 13 122 381 159 89 381 396 335 347 483 132 106 398 258 379 39 3 418 446 381 157 347 446 215 398 396 327 487 483 258 317 381 300 56 347 320 10 327 423 33 78 377 423 335 446 283 258 106 166 78 331 157 418 21 78 154 418 283 389 347 379 122 159 154 446 10 3 320 173 132 5 331 34 283 78 228 166 198 396 398 198 34 21 5 317 122 398 359 39 124 389 423 400 258 106 56 228 154 5 379 39 166 132 381 300 132 300 379 78 335 398 173 379 487 5 331 228 132 300 359 396 39 483 78 331 381 446 381 418 78 300 258 21 21 398 387 258 423 173 423 166 347 39 5 327 387 56 379 283 159 327 182 335 157 13 154 377 387 215 209 154 5 258 347 400 418 3 209 182 300 39 483 483 124 228 124 483 33 124 198 124 387 418 3 106 157 398 78 387 327 347 3 209 33 389 39 387 320 347 157 396 198 359 377 34 39 335 122 335 483 132 379 78 335 34 359 154 159 215 198 166 381 78 182 347 327 320 487 5 389 398 335 215 173 173 122 381 89 124 283 209 327 3 89 33 347 327 317 387 400 5 347 331 387 483 198 154 335 228 89 173 215 3 21 483 283 320 154 359 124 396 283 381 335 320 347 3 389 446 381 157 21 487 157 317 398 124 33 173 124 283 283 132 159 78 381 400 10 396 389 198 198 157 387 56 258 320 13 34 21 400 21 320 487 423 483 398 400 408 106 173 398 377 398 377 320 198 377 157 34 327 396 418 182 13 418 13 132 154 89 10 228 387 487 132 198 21 258 387 379 5 398 13 418 5 34 283 5 33 106 122 33 78 5 56 258 173 13 335 317 335 215 379 159 122 10 400 446 157 39 78 283 359 327 320 10 21 398 3 408 124 157 122 446 317 331 228 198 215 446 418 159 408 381 300 3 209 258 398 215 215 159 132 317 396 408 377 89 182 283 446 418 389 423 387 215 10 377 182 347 89 320 34 258 359 359 173 56 3 198 39 400 33 327 418 89 106 398 300 78 3 317 33 21 400 
  Facilities: 49
 3 : 36 61 111 211 228 236 287 307 321 433 450 483 495
 5 : 115 128 143 159 188 206 273 295 395 399 402 408
 10 : 12 81 110 342 385 420 430 471
 13 : 9 45 199 352 379 381 397 412
 21 : 30 98 127 177 178 308 326 354 356 391 431 498
 33 : 84 222 238 289 332 403 406 487 497
 34 : 117 126 249 259 353 374 400 477
 39 : 31 60 133 145 166 187 215 240 250 424 485
 56 : 19 78 140 191 349 409 482
 78 : 23 35 85 94 99 119 153 168 174 232 257 267 339 407 425 494
 89 : 15 29 49 282 288 304 384 462 475 490
 106 : 56 92 139 229 364 404 491
 122 : 46 106 130 252 280 405 419 437
 124 : 24 134 218 220 223 225 283 314 331 334 435
 132 : 8 55 114 147 150 162 255 337 382 389 457
 154 : 5 28 100 108 142 200 205 261 301 312 383
 157 : 32 65 96 198 230 244 325 328 347 373 423 436
 159 : 48 107 194 262 338 418 446 456
 166 : 16 93 121 146 185 265
 173 : 22 113 156 183 278 279 305 333 365 411 481
 182 : 196 213 268 378 463 473
 198 : 3 27 122 125 224 246 264 300 345 346 371 390 442 484
 209 : 25 204 212 237 285 451
 215 : 68 203 263 277 306 416 443 454 455 470
 228 : 6 40 120 141 161 219 303 386 441
 258 : 1 58 74 91 138 176 181 207 350 392 410 452 478
 283 : 90 102 118 193 284 310 316 335 336 401 426 464
 300 : 33 77 149 151 163 175 214 449 493
 317 : 7 11 39 75 129 292 329 414 439 458 496
 320 : 80 112 242 271 311 319 351 357 370 429 476
 327 : 71 82 189 195 234 270 286 291 375 428 488
 331 : 95 116 160 169 297 440
 335 : 4 52 88 154 197 251 253 258 276 302 318 413 415
 347 : 53 66 79 104 186 208 235 243 269 290 296 320 474
 359 : 2 34 41 132 164 247 260 313 427 479 480
 377 : 14 17 86 201 248 367 369 372 461 472
 379 : 59 105 144 152 157 192 256 394 417
 381 : 21 38 42 47 50 64 76 148 170 172 266 281 317 324 340 448
 387 : 13 20 26 180 190 202 226 233 241 293 298 348 387 393 469
 389 : 103 135 239 274 322 344 467
 396 : 37 51 70 123 165 245 315 343 376 459
 398 : 57 69 124 131 155 179 231 275 330 361 366 368 396 432 453 492
 400 : 137 209 294 341 355 362 421 486 499
 408 : 0 363 434 447 460
 418 : 62 97 101 173 210 227 377 380 398 445 466 489
 423 : 83 87 136 182 184 359 468
 446 : 63 67 89 109 171 323 422 438 444 465
 483 : 10 54 73 167 216 217 221 254 299 309 360
 487 : 18 43 44 72 158 272 327 358 388
SOLUTION:
  Value: -511294.000000
  Assigns: 423 258 359 198 335 154 228 209 258 13 483 163 10 387 451 89 94 35 163 388 387 381 173 414 124 209 387 198 154 89 21 39 335 451 359 78 3 13 381 257 228 359 381 417 146 13 122 381 146 89 381 238 335 347 204 388 370 398 258 379 39 3 418 163 381 157 347 379 388 398 49 238 33 483 258 451 381 146 56 347 320 10 134 423 33 78 159 423 335 183 283 258 238 78 78 163 157 418 388 78 154 418 283 389 347 238 122 159 154 379 10 3 320 451 146 183 258 34 283 78 228 204 198 159 398 198 34 35 5 94 122 35 359 173 124 389 423 35 258 198 56 228 154 5 379 39 423 451 163 388 320 209 379 78 335 398 173 379 379 5 49 228 451 204 359 389 39 483 78 34 381 389 381 418 78 89 258 21 21 398 54 258 423 173 423 257 347 39 5 94 387 56 379 283 159 370 49 335 157 13 154 54 387 215 204 154 5 258 347 451 418 3 209 423 228 39 483 483 124 228 124 483 33 124 198 124 387 418 3 3 157 398 78 146 134 347 204 209 183 389 39 387 134 347 157 33 94 359 335 34 39 414 122 335 483 10 379 417 335 34 359 154 159 257 198 370 204 78 49 347 49 320 387 417 389 398 335 215 257 173 122 381 89 257 283 209 451 3 89 33 347 122 183 387 381 5 347 257 387 483 198 359 335 228 89 94 215 3 21 359 283 320 154 359 124 417 283 381 335 163 204 3 389 54 381 157 21 414 157 320 398 124 33 173 146 283 283 34 159 134 381 183 134 418 389 198 198 157 417 56 258 238 13 34 21 163 21 320 154 54 483 398 157 89 35 173 398 483 398 204 320 183 257 157 34 204 389 238 134 13 418 13 146 146 89 10 228 204 54 34 198 21 54 183 379 5 388 13 418 5 183 283 5 33 35 122 33 78 5 56 258 173 13 335 54 335 215 379 159 122 10 370 417 157 39 49 146 359 238 320 10 21 398 3 54 124 157 122 183 388 163 228 198 215 388 418 159 94 381 49 3 209 238 398 215 215 159 389 94 414 49 35 89 370 283 183 418 389 423 387 94 10 122 417 347 89 320 134 258 35 359 173 56 3 198 39 359 33 204 418 89 33 398 483 78 3 451 33 21 398 
  Facilities: 51
 3 : 36 61 111 211 228 229 287 307 321 433 450 483 495
 5 : 128 143 159 188 206 295 395 399 402 408
 10 : 12 81 110 255 385 420 430 471
 13 : 9 37 45 199 352 379 381 397 412
 21 : 30 177 178 308 326 354 356 391 431 498
 33 : 72 84 222 245 289 332 403 406 487 491 497
 34 : 117 126 169 249 259 337 353 374 389
 35 : 17 127 131 137 364 404 461 479
 39 : 31 60 145 166 187 215 240 250 424 485
 49 : 70 160 196 268 270 425 449 460
 54 : 180 201 323 359 388 392 414 434
 56 : 78 140 191 349 409 482
 78 : 35 85 93 94 99 119 153 168 174 232 267 407 494
 89 : 15 29 49 175 282 288 304 363 384 462 475 490
 94 : 16 129 189 246 305 447 458 470
 122 : 46 106 130 252 280 291 405 419 437 472
 124 : 24 134 218 220 223 225 314 331 435
 134 : 82 234 242 339 342 378 477
 146 : 44 48 77 114 233 334 382 383 426
 154 : 5 28 100 108 142 200 205 261 312 358
 157 : 65 96 198 230 244 325 328 347 362 373 423 436
 159 : 86 107 123 194 262 338 418 446 456
 163 : 11 18 63 95 148 319 355 440
 173 : 22 133 156 183 279 333 365 411 481
 183 : 89 115 238 292 341 371 393 400 438 465
 198 : 3 27 122 125 139 224 264 300 345 346 390 442 484
 204 : 54 121 163 204 236 266 320 369 375 387 488
 209 : 7 25 151 212 237 285 451
 215 : 203 277 306 416 443 454 455
 228 : 6 40 120 141 161 214 219 303 386 441
 238 : 51 71 92 105 351 377 428 452
 257 : 39 185 263 278 283 297 372
 258 : 1 8 58 74 91 116 138 176 181 207 350 410 478
 283 : 90 102 118 193 284 310 316 335 336 401 464
 320 : 80 112 150 271 311 329 357 370 429 476
 335 : 4 32 52 88 154 197 248 253 258 276 302 318 413 415
 347 : 53 66 79 104 186 208 235 243 269 290 296 474
 359 : 2 34 41 132 164 247 260 301 309 313 427 480 486
 370 : 56 195 265 421 463
 379 : 59 67 109 144 152 157 158 192 256 394 417
 381 : 21 38 42 47 50 64 76 170 172 281 294 317 324 340 448
 387 : 13 20 26 190 202 226 241 272 293 298 469
 388 : 19 55 68 98 149 396 439 444
 389 : 103 135 165 171 239 274 322 344 376 457 467
 398 : 57 69 124 155 179 231 275 330 361 366 368 432 453 492 499
 414 : 23 251 327 459
 417 : 43 257 273 315 348 422 473
 418 : 62 97 101 173 210 227 343 380 398 445 466 489
 423 : 0 83 87 136 146 182 184 213 468
 451 : 14 33 75 113 147 162 209 286 496
 483 : 10 73 167 216 217 221 254 299 360 367 493
SOLUTION:
  Value: -511295.000000
  Assigns: 423 258 359 198 335 154 228 209 132 13 150 180 130 387 451 395 94 395 487 56 387 381 173 90 124 209 387 198 154 381 283 273 157 451 359 78 114 396 381 34 228 359 381 487 487 13 122 90 159 114 381 396 335 347 180 132 370 3 258 282 395 3 418 273 294 157 282 158 294 283 396 273 180 483 457 451 381 379 56 347 320 114 3 423 33 78 273 423 150 342 283 258 282 282 78 114 114 418 114 78 154 418 283 389 347 379 122 159 180 379 90 3 320 273 180 158 487 34 283 78 228 180 198 396 457 198 34 35 5 94 122 35 359 173 124 389 423 35 258 198 56 228 154 5 379 114 457 130 381 90 132 209 379 78 130 282 173 379 487 5 35 158 132 35 359 396 294 483 78 34 150 389 381 418 78 130 258 180 114 258 54 258 423 173 423 335 347 90 5 94 387 56 379 283 159 370 114 335 157 13 154 54 387 342 209 154 90 258 347 180 418 3 209 152 228 387 483 483 273 228 124 483 33 124 198 124 387 418 3 3 282 114 78 180 114 347 395 209 90 389 359 387 320 347 157 396 94 359 487 34 54 150 122 335 483 132 379 78 335 34 359 154 159 396 198 370 381 78 209 347 457 395 487 5 389 78 335 54 173 173 122 381 198 124 114 209 451 3 387 33 347 122 483 387 381 273 347 130 387 483 158 154 130 228 130 94 342 3 13 359 283 320 152 359 152 396 283 381 335 320 90 3 389 54 381 157 395 487 157 320 152 130 33 173 294 283 283 34 159 78 381 130 158 396 152 198 198 157 387 56 258 395 13 34 209 158 159 320 487 54 483 130 157 342 294 173 152 483 273 132 320 158 342 157 34 342 396 418 273 13 418 13 132 114 370 152 228 228 487 132 198 487 54 387 379 5 114 13 418 5 54 283 5 33 35 122 33 294 5 56 258 173 273 335 54 335 114 379 159 122 209 370 158 157 150 78 283 359 198 320 122 114 282 3 90 124 157 122 130 130 150 228 198 130 158 418 159 94 381 457 3 209 258 198 56 3 159 150 94 396 342 35 180 370 283 342 130 389 423 387 94 114 158 395 347 150 320 158 258 35 359 173 56 3 198 294 359 158 130 418 90 114 130 150 78 3 451 33 152 457 
  Facilities: 50
 3 : 57 61 82 111 211 228 229 287 307 321 433 450 455 483 495
 5 : 128 143 159 188 273 395 399 402 408
 13 : 9 45 199 308 352 379 381 397
 33 : 84 222 289 332 403 406 497
 34 : 39 117 126 169 249 259 337 353 374
 35 : 127 131 137 160 163 404 461 479
 54 : 180 201 250 277 323 359 392 400 414
 56 : 19 78 140 191 349 409 454 482
 78 : 35 85 94 99 119 153 168 174 232 257 267 275 339 425 494
 90 : 23 47 110 149 187 206 238 320 434 490
 94 : 16 129 189 246 305 447 458 470
 114 : 36 49 81 95 96 98 145 178 196 231 234 284 383 396 416 431 471 491
 122 : 46 106 130 252 280 291 405 419 430 437
 124 : 24 134 220 223 225 283 435
 130 : 12 147 154 175 297 302 304 331 341 361 438 439 443 466 488 492
 132 : 8 55 150 162 255 369 382 389
 150 : 10 88 170 251 424 440 457 475 493
 152 : 213 312 314 330 344 366 385 498
 154 : 5 28 100 142 200 205 261 301
 157 : 32 65 198 244 325 328 347 362 373 423 436
 158 : 67 115 161 300 342 355 371 422 444 472 477 487
 159 : 48 107 194 262 338 356 418 446 456
 173 : 22 133 156 183 278 279 333 365 411 481
 180 : 11 54 72 108 114 121 177 209 233 462
 198 : 3 27 122 125 139 224 264 282 345 346 390 428 442 453 484
 209 : 7 25 151 204 212 237 268 285 354 420 451
 228 : 6 40 120 141 214 219 303 386 387 441
 258 : 1 58 91 138 176 179 181 207 350 410 452 478
 273 : 31 63 71 86 113 218 295 368 378 412
 282 : 59 66 92 93 155 230 432
 283 : 30 69 90 102 118 193 310 316 335 336 401 426 464
 294 : 64 68 166 334 364 407 485
 320 : 80 112 242 311 319 329 357 370 429 476
 335 : 4 52 185 197 253 258 276 318 413 415
 342 : 89 203 306 363 372 375 460 465
 347 : 53 79 104 186 208 235 243 269 290 296 474
 359 : 2 34 41 132 164 240 247 260 309 313 427 480 486
 370 : 56 195 265 384 421 463
 379 : 77 105 109 144 152 157 192 256 394 417
 381 : 21 29 38 42 50 76 148 172 266 281 294 317 324 340 448
 387 : 13 20 26 190 202 215 226 241 288 293 298 348 393 469
 389 : 103 135 171 239 274 322 467
 395 : 15 17 60 236 271 326 351 473
 396 : 37 51 70 123 165 245 263 315 343 376 459
 418 : 62 97 101 173 210 227 377 380 398 445 489
 423 : 0 83 87 136 182 184 468
 451 : 14 33 75 286 496
 457 : 74 124 146 270 449 499
 483 : 73 167 216 217 221 254 292 299 360 367
 487 : 18 43 44 116 158 248 272 327 358 388 391
