# Time: 598.979980
# Elapsed: 148.895874
# Input_file: splp/GapA/3032GapAS.txt
# Pool_size: 400
# Iterations: 24
# Final_solutions: 8544
# Vision_range: 600
# Reduction_mode: REDUCTION_DISPERSE
# Dissimilitude: DISSIM_HAUSDORFF
# Facility_dist: FDISMODE_SUMOFDELTAS
SOLUTION:
  Value: -36118.000000
  Assigns: 38 26 53 34 71 26 26 34 53 68 66 8 52 52 28 66 26 53 38 52 38 88 26 26 26 71 66 66 53 53 28 66 38 71 71 52 71 42 8 53 38 52 71 38 66 42 42 28 88 71 68 38 38 88 38 68 71 8 52 68 68 71 42 88 26 8 66 68 71 88 34 68 42 88 34 38 42 52 66 8 52 71 8 66 66 66 52 26 28 66 38 53 34 26 28 42 88 53 42 71 
  Facilities: 12
 8 : 11 38 57 65 79 82
 26 : 1 5 6 16 22 23 24 64 87 93
 28 : 14 30 47 88 94
 34 : 3 7 70 74 92
 38 : 0 18 20 32 40 43 51 52 54 75 90
 42 : 37 45 46 62 72 76 95 98
 52 : 12 13 19 35 41 58 77 80 86
 53 : 2 8 17 28 29 39 91 97
 66 : 10 15 26 27 31 44 66 78 83 84 85 89
 68 : 9 50 55 59 60 67 71
 71 : 4 25 33 34 36 42 49 56 61 68 81 99
 88 : 21 48 53 63 69 73 96
SOLUTION:
  Value: -36120.000000
  Assigns: 38 26 53 26 71 26 26 38 53 68 66 68 52 52 88 66 26 53 38 52 38 88 26 26 26 49 66 66 53 53 49 66 38 69 71 52 71 42 49 53 38 52 71 38 66 49 69 0 88 71 49 38 38 69 38 68 71 69 52 68 68 71 42 88 26 71 66 69 71 88 69 68 42 88 0 38 42 52 66 0 52 71 49 66 66 66 52 26 68 66 69 53 49 26 49 42 88 53 42 71 
  Facilities: 12
 0 : 47 74 79
 26 : 1 3 5 6 16 22 23 24 64 87 93
 38 : 0 7 18 20 32 40 43 51 52 54 75
 42 : 37 62 72 76 95 98
 49 : 25 30 38 45 50 82 92 94
 52 : 12 13 19 35 41 58 77 80 86
 53 : 2 8 17 28 29 39 91 97
 66 : 10 15 26 27 31 44 66 78 83 84 85 89
 68 : 9 11 55 59 60 71 88
 69 : 33 46 53 57 67 70 90
 71 : 4 34 36 42 49 56 61 65 68 81 99
 88 : 14 21 48 63 69 73 96
SOLUTION:
  Value: -39115.000000
  Assigns: 38 26 53 34 34 26 26 34 53 72 66 97 69 51 53 66 26 53 38 51 38 51 26 26 26 49 66 66 49 53 49 78 51 69 26 42 72 42 49 42 38 66 97 38 66 49 69 72 38 26 49 38 38 78 38 38 49 69 49 97 51 97 42 78 26 43 66 69 78 97 69 43 42 38 34 38 42 72 66 51 69 42 72 66 66 66 78 26 72 66 69 51 34 78 49 42 78 53 42 69 
  Facilities: 13
 26 : 1 5 6 16 22 23 24 34 49 64 87
 34 : 3 4 7 74 92
 38 : 0 18 20 40 43 48 51 52 54 55 73 75
 42 : 35 37 39 62 72 76 81 95 98
 43 : 65 71
 49 : 25 28 30 38 45 50 56 58 94
 51 : 13 19 21 32 60 79 91
 53 : 2 8 14 17 29 97
 66 : 10 15 26 27 41 44 66 78 83 84 85 89
 69 : 12 33 46 57 67 70 80 90 99
 72 : 9 36 47 77 82 88
 78 : 31 53 63 68 86 93 96
 97 : 11 42 59 61 69
SOLUTION:
  Value: -39119.000000
  Assigns: 38 26 8 34 71 26 26 34 72 68 66 8 46 51 88 66 26 34 38 51 38 88 26 61 26 71 66 66 51 34 46 66 51 71 71 42 72 42 8 42 61 66 71 38 66 42 42 72 88 71 68 38 38 88 38 68 71 8 8 68 68 71 42 88 26 8 34 68 71 88 34 68 42 88 34 38 42 72 66 8 68 71 8 66 66 66 61 26 72 66 38 51 34 26 72 42 88 61 42 71 
  Facilities: 13
 8 : 2 11 38 57 58 65 79 82
 26 : 1 5 6 16 22 24 64 87 93
 34 : 3 7 17 29 66 70 74 92
 38 : 0 18 20 43 51 52 54 75 90
 42 : 35 37 39 45 46 62 72 76 95 98
 46 : 12 30
 51 : 13 19 28 32 91
 61 : 23 40 86 97
 66 : 10 15 26 27 31 41 44 78 83 84 85 89
 68 : 9 50 55 59 60 67 71 80
 71 : 4 25 33 34 42 49 56 61 68 81 99
 72 : 8 36 47 77 88 94
 88 : 14 21 48 53 63 69 73 96
SOLUTION:
  Value: -39124.000000
  Assigns: 38 26 53 26 71 26 26 38 53 52 46 7 52 52 53 17 26 53 38 92 38 58 26 26 26 71 21 46 92 53 46 78 58 71 26 52 7 78 26 53 38 52 71 7 65 7 7 58 7 26 17 38 38 78 58 38 71 92 52 65 92 71 46 17 26 52 78 92 78 92 65 65 21 38 46 38 7 65 71 7 52 71 58 17 38 58 78 26 17 17 38 53 46 26 53 71 78 53 52 71 
  Facilities: 13
 7 : 11 36 43 45 46 48 76 79
 17 : 15 50 63 83 88 89
 21 : 26 72
 26 : 1 3 5 6 16 22 23 24 34 38 49 64 87 93
 38 : 0 7 18 20 40 51 52 55 73 75 84 90
 46 : 10 27 30 62 74 92
 52 : 9 12 13 35 41 58 65 80 98
 53 : 2 8 14 17 29 39 91 94 97
 58 : 21 32 47 54 82 85
 65 : 44 59 70 71 77
 71 : 4 25 33 42 56 61 78 81 95 99
 78 : 31 37 53 66 68 86 96
 92 : 19 28 57 60 67 69
SOLUTION:
  Value: -39124.000000
  Assigns: 38 26 53 26 81 26 26 38 53 52 66 97 52 52 53 66 26 53 38 52 38 51 26 61 26 49 66 66 53 53 49 66 51 69 26 52 51 42 49 53 61 52 97 38 66 49 69 0 38 26 49 38 38 69 51 38 49 69 52 97 51 97 42 61 26 52 81 69 0 97 69 61 42 38 0 81 42 52 66 51 52 26 49 66 66 66 61 26 61 81 81 51 49 26 49 42 81 53 42 69 
  Facilities: 13
 0 : 47 68 74
 26 : 1 3 5 6 16 22 24 34 49 64 81 87 93
 38 : 0 7 18 20 43 48 51 52 55 73
 42 : 37 62 72 76 95 98
 49 : 25 30 38 45 50 56 82 92 94
 51 : 21 32 36 54 60 79 91
 52 : 9 12 13 19 35 41 58 65 77 80
 53 : 2 8 14 17 28 29 39 97
 61 : 23 40 63 71 86 88
 66 : 10 15 26 27 31 44 78 83 84 85
 69 : 33 46 53 57 67 70 99
 81 : 4 66 75 89 90 96
 97 : 11 42 59 61 69
SOLUTION:
  Value: -39125.000000
  Assigns: 38 26 60 34 71 26 26 34 72 68 66 68 46 51 88 66 26 60 38 51 38 88 26 61 26 71 66 66 51 34 46 66 51 69 71 68 72 51 26 34 61 66 71 38 66 46 69 72 88 71 68 38 68 69 51 68 71 69 60 68 68 71 61 88 26 71 66 69 71 60 69 68 68 88 34 38 61 61 66 51 68 71 72 66 66 66 61 26 72 66 69 51 34 26 72 72 88 61 60 71 
  Facilities: 13
 26 : 1 5 6 16 22 24 38 64 87 93
 34 : 3 7 29 39 74 92
 38 : 0 18 20 43 51 75
 46 : 12 30 45
 51 : 13 19 28 32 37 54 79 91
 60 : 2 17 58 69 98
 61 : 23 40 62 76 77 86 97
 66 : 10 15 26 27 31 41 44 66 78 83 84 85 89
 68 : 9 11 35 50 52 55 59 60 71 72 80
 69 : 33 46 53 57 67 70 90
 71 : 4 25 34 42 49 56 61 65 68 81 99
 72 : 8 36 47 82 88 94 95
 88 : 14 21 48 63 73 96
SOLUTION:
  Value: -39125.000000
  Assigns: 10 26 53 26 81 26 26 61 5 68 46 5 52 52 88 58 26 10 5 52 5 88 26 61 26 71 10 46 53 53 46 61 58 69 26 52 71 5 26 53 61 52 71 88 5 5 69 58 88 26 81 58 5 69 58 68 71 69 52 68 68 71 61 88 26 71 81 69 71 88 69 68 68 88 46 81 61 10 71 10 52 71 58 5 61 58 61 26 61 81 81 53 46 26 53 71 81 53 52 69 
  Facilities: 13
 5 : 8 11 18 20 37 44 45 52 83
 10 : 0 17 26 77 79
 26 : 1 3 5 6 16 22 24 34 38 49 64 87 93
 46 : 10 27 30 74 92
 52 : 12 13 19 35 41 58 80 98
 53 : 2 28 29 39 91 94 97
 58 : 15 32 47 51 54 82 85
 61 : 7 23 31 40 62 76 84 86 88
 68 : 9 55 59 60 71 72
 69 : 33 46 53 57 67 70 99
 71 : 25 36 42 56 61 65 68 78 81 95
 81 : 4 50 66 75 89 90 96
 88 : 14 21 43 48 63 69 73
SOLUTION:
  Value: -39130.000000
  Assigns: 26 26 23 34 81 26 26 34 5 23 34 5 69 51 88 23 26 34 5 51 5 88 26 61 26 71 23 50 5 50 50 61 51 69 26 42 51 5 26 42 61 23 71 50 34 5 69 58 88 26 81 58 5 69 58 23 71 69 34 23 51 71 61 88 26 23 34 69 71 88 69 61 42 88 34 81 42 61 71 51 69 71 58 5 61 58 61 26 61 81 81 51 34 26 42 42 81 50 42 69 
  Facilities: 13
 5 : 8 11 18 20 28 37 45 52 83
 23 : 2 9 15 26 41 55 59 65
 26 : 0 1 5 6 16 22 24 34 38 49 64 87 93
 34 : 3 7 10 17 44 58 66 74 92
 42 : 35 39 72 76 94 95 98
 50 : 27 29 30 43 97
 51 : 13 19 32 36 60 79 91
 58 : 47 51 54 82 85
 61 : 23 31 40 62 71 77 84 86 88
 69 : 12 33 46 53 57 67 70 80 99
 71 : 25 42 56 61 68 78 81
 81 : 4 50 75 89 90 96
 88 : 14 21 48 63 69 73
SOLUTION:
  Value: -39133.000000
  Assigns: 10 26 23 26 81 26 26 61 5 68 46 5 52 52 88 23 26 10 5 52 5 88 26 61 26 71 23 46 5 81 46 61 58 69 26 52 71 5 26 46 61 52 71 88 5 5 69 58 88 26 81 58 5 69 58 68 71 69 52 23 68 71 61 88 26 23 81 69 71 88 69 68 68 88 46 81 61 10 71 10 52 71 58 5 61 58 61 26 61 81 81 69 46 26 52 71 81 61 52 69 
  Facilities: 13
 5 : 8 11 18 20 28 37 44 45 52 83
 10 : 0 17 77 79
 23 : 2 15 26 59 65
 26 : 1 3 5 6 16 22 24 34 38 49 64 87 93
 46 : 10 27 30 39 74 92
 52 : 12 13 19 35 41 58 80 94 98
 58 : 32 47 51 54 82 85
 61 : 7 23 31 40 62 76 84 86 88 97
 68 : 9 55 60 71 72
 69 : 33 46 53 57 67 70 91 99
 71 : 25 36 42 56 61 68 78 81 95
 81 : 4 29 50 66 75 89 90 96
 88 : 14 21 43 48 63 69 73
