# Time: 3.490000
# Elapsed: 1.497703
# Input_file: splp/KoerkelGhosh-sym/250/c/gs250c-1
# Pool_size: 400
# Iterations: 6
# Final_solutions: 1850
# Vision_range: 0
# Reduction_mode: REDUCTION_RANDOM
SOLUTION:
  Value: -339391.000000
  Assigns: 231 55 231 231 231 231 231 231 199 231 55 55 231 199 199 199 231 199 199 199 55 231 199 231 231 231 231 231 231 55 55 231 231 199 231 231 55 231 231 231 199 55 231 231 231 231 55 199 199 231 199 55 55 199 231 55 55 55 199 55 55 199 55 199 231 231 199 231 199 199 55 199 231 231 231 199 231 231 231 231 231 231 55 231 55 199 199 231 199 199 231 199 231 231 231 231 231 231 55 231 199 55 231 199 199 55 231 55 231 231 55 55 199 231 55 55 231 199 231 55 199 231 55 199 231 231 199 231 55 55 55 199 199 55 199 199 199 199 199 55 231 55 55 231 199 231 55 231 55 55 55 231 199 231 55 231 55 55 231 231 231 55 55 231 231 231 199 55 231 231 231 231 55 231 199 55 55 199 199 231 199 231 231 199 55 231 199 199 199 231 231 231 55 55 199 231 199 231 231 231 231 231 199 231 55 199 231 55 231 199 199 231 231 199 231 199 55 55 55 231 55 231 55 199 231 231 55 231 231 55 55 199 199 199 231 55 55 55 55 231 199 55 55 55 231 231 55 55 55 231 
  Facilities: 3
 55 : 1 10 11 20 29 30 36 41 46 51 52 55 56 57 59 60 62 70 82 84 98 101 105 107 110 111 114 115 119 122 128 129 130 133 139 141 142 146 148 149 150 154 156 157 161 162 167 172 175 176 184 192 193 204 207 216 217 218 220 222 226 229 230 235 236 237 238 241 242 243 246 247 248
 199 : 8 13 14 15 17 18 19 22 33 40 47 48 50 53 58 61 63 66 68 69 71 75 85 86 88 89 91 100 103 104 112 117 120 123 126 131 132 134 135 136 137 138 144 152 166 174 177 178 180 183 186 187 188 194 196 202 205 209 210 213 215 223 231 232 233 240
 231 : 0 2 3 4 5 6 7 9 12 16 21 23 24 25 26 27 28 31 32 34 35 37 38 39 42 43 44 45 49 54 64 65 67 72 73 74 76 77 78 79 80 81 83 87 90 92 93 94 95 96 97 99 102 106 108 109 113 116 118 121 124 125 127 140 143 145 147 151 153 155 158 159 160 163 164 165 168 169 170 171 173 179 181 182 185 189 190 191 195 197 198 199 200 201 203 206 208 211 212 214 219 221 224 225 227 228 234 239 244 245 249
SOLUTION:
  Value: -341686.000000
  Assigns: 175 92 175 175 92 217 217 175 92 92 217 135 175 217 92 175 135 92 217 217 175 175 92 217 135 217 135 92 217 175 135 175 135 217 135 135 135 135 175 217 92 217 175 175 135 135 92 175 92 175 92 217 175 217 217 217 217 135 92 92 175 175 92 175 217 217 217 135 92 92 217 217 217 135 217 217 175 217 217 92 92 175 92 92 92 175 135 217 217 135 175 175 175 92 135 217 217 135 92 217 135 175 217 175 135 92 92 217 217 92 175 92 135 92 92 92 175 135 92 135 175 92 92 135 175 135 175 92 135 217 175 175 92 175 217 135 175 135 175 92 135 135 217 135 217 217 175 92 135 217 92 135 175 135 175 92 92 135 175 135 92 217 135 135 92 92 175 92 135 135 92 135 175 92 135 217 135 217 217 135 217 135 92 135 175 175 217 217 135 217 175 175 92 217 92 92 217 175 92 92 135 135 175 217 175 135 217 92 135 135 135 135 175 175 92 175 175 217 175 135 92 175 217 92 92 92 92 92 175 217 217 92 217 175 175 135 175 135 92 92 217 175 217 175 175 135 175 217 175 175 
  Facilities: 4
 92 : 1 4 8 9 14 17 22 27 40 46 48 50 58 59 62 68 69 79 80 82 83 84 93 98 105 106 109 111 113 114 115 118 121 122 127 132 139 147 150 155 156 160 164 165 167 170 173 182 192 194 195 198 199 207 214 220 223 224 225 226 227 231 238 239
 135 : 11 16 24 26 30 32 34 35 36 37 44 45 57 67 73 86 89 94 97 100 104 112 117 119 123 125 128 135 137 140 141 143 148 151 153 157 159 162 163 168 169 171 174 176 179 181 183 188 200 201 205 208 209 210 211 219 235 237 245
 175 : 0 2 3 7 12 15 20 21 29 31 38 42 43 47 49 52 60 61 63 76 81 85 90 91 92 101 103 110 116 120 124 126 130 131 133 136 138 146 152 154 158 166 172 184 185 190 191 197 202 204 212 213 215 216 218 221 228 233 234 236 241 243 244 246 248 249
 217 : 5 6 10 13 18 19 23 25 28 33 39 41 51 53 54 55 56 64 65 66 70 71 72 74 75 77 78 87 88 95 96 99 102 107 108 129 134 142 144 145 149 161 175 177 178 180 186 187 189 193 196 203 206 217 222 229 230 232 240 242 247
SOLUTION:
  Value: -341800.000000
  Assigns: 169 166 166 166 169 166 169 190 166 190 190 169 169 190 190 166 169 166 190 169 190 166 166 169 166 190 169 190 169 190 190 166 166 169 169 166 166 169 190 169 166 169 190 190 190 190 166 169 166 190 169 166 166 166 190 166 166 190 169 190 190 166 169 190 166 169 169 169 166 190 166 169 169 166 169 190 166 166 169 169 169 190 169 166 169 190 166 169 190 169 166 169 169 169 169 190 190 166 169 169 166 190 190 190 169 169 169 166 169 169 166 169 169 169 169 169 166 166 169 190 169 169 166 166 166 190 166 190 166 166 190 190 169 190 166 169 190 190 169 169 169 169 169 169 169 190 166 166 169 166 169 190 166 190 166 169 166 190 166 169 169 169 169 169 169 166 166 190 166 169 169 190 166 169 169 166 169 169 166 169 166 166 166 190 169 166 169 190 169 166 166 169 166 166 190 190 190 169 190 166 169 169 190 169 190 169 190 190 169 169 190 166 190 169 169 166 166 166 190 166 169 166 169 169 190 166 166 190 166 166 166 169 166 166 190 190 169 169 190 166 190 166 169 166 190 169 169 169 169 169 
  Facilities: 3
 166 : 1 2 3 5 8 15 17 21 22 24 31 32 35 36 40 46 48 51 52 53 55 56 61 64 68 70 73 76 77 83 86 90 97 100 107 110 116 117 122 123 124 126 128 129 134 146 147 149 152 154 156 158 165 166 168 172 175 178 180 181 182 185 189 190 192 193 199 211 215 216 217 219 221 225 226 228 229 230 232 233 239 241 243
 169 : 0 4 6 11 12 16 19 23 26 28 33 34 37 39 41 47 50 58 62 65 66 67 71 72 74 78 79 80 82 84 87 89 91 92 93 94 98 99 104 105 106 108 109 111 112 113 114 115 118 120 121 132 135 138 139 140 141 142 143 144 148 150 155 159 160 161 162 163 164 169 170 173 174 176 177 179 184 186 188 191 197 200 201 203 205 208 209 213 214 220 222 223 231 236 237 242 245 246 247 248 249
 190 : 7 9 10 13 14 18 20 25 27 29 30 38 42 43 44 45 49 54 57 59 60 63 69 75 81 85 88 95 96 101 102 103 119 125 127 130 131 133 136 137 145 151 153 157 167 171 183 187 194 195 196 198 202 204 206 207 210 212 218 224 227 234 235 238 240 244
SOLUTION:
  Value: -342242.000000
  Assigns: 175 92 175 175 92 135 135 175 92 92 135 135 175 135 92 175 135 92 175 175 175 175 92 92 135 135 135 92 135 175 135 175 135 92 135 135 135 135 175 135 92 175 175 175 135 135 92 175 92 175 92 175 175 92 135 175 175 135 92 92 175 175 92 175 92 135 175 135 92 92 92 92 175 135 135 92 175 135 92 92 92 175 92 92 92 175 135 92 135 135 175 175 175 92 135 92 92 135 92 175 135 175 92 175 135 92 92 92 175 92 175 92 135 92 92 92 175 135 92 135 175 92 92 135 175 135 175 92 135 135 175 175 92 175 175 135 175 135 175 92 135 135 135 135 92 92 175 92 135 135 92 135 175 135 175 92 92 135 175 135 92 135 135 135 92 92 175 92 135 135 92 135 175 92 135 92 135 135 135 135 175 135 92 135 175 175 135 92 135 135 175 175 92 92 92 92 135 175 92 92 135 135 175 92 175 135 135 92 135 135 135 135 175 175 92 175 175 175 175 135 92 175 92 92 92 92 92 92 175 92 135 92 135 175 175 135 175 135 92 92 92 175 135 175 175 135 175 135 175 175 
  Facilities: 3
 92 : 1 4 8 9 14 17 22 23 27 33 40 46 48 50 53 58 59 62 64 68 69 70 71 75 78 79 80 82 83 84 87 93 95 96 98 102 105 106 107 109 111 113 114 115 118 121 122 127 132 139 144 145 147 150 155 156 160 164 165 167 170 173 175 182 187 192 193 194 195 198 199 203 207 214 220 222 223 224 225 226 227 229 231 238 239 240
 135 : 5 6 10 11 13 16 24 25 26 28 30 32 34 35 36 37 39 44 45 54 57 65 67 73 74 77 86 88 89 94 97 100 104 112 117 119 123 125 128 129 135 137 140 141 142 143 148 149 151 153 157 159 161 162 163 168 169 171 174 176 177 178 179 181 183 186 188 189 196 200 201 205 206 208 209 210 211 219 230 232 235 237 242 245 247
 175 : 0 2 3 7 12 15 18 19 20 21 29 31 38 41 42 43 47 49 51 52 55 56 60 61 63 66 72 76 81 85 90 91 92 99 101 103 108 110 116 120 124 126 130 131 133 134 136 138 146 152 154 158 166 172 180 184 185 190 191 197 202 204 212 213 215 216 217 218 221 228 233 234 236 241 243 244 246 248 249
SOLUTION:
  Value: -343257.000000
  Assigns: 169 112 173 173 169 169 173 112 169 112 76 169 76 173 76 76 169 173 112 169 169 169 173 169 173 173 169 76 169 76 112 169 169 112 169 112 76 173 76 169 76 169 173 169 169 76 173 173 76 76 169 112 173 112 76 76 112 76 76 169 112 169 76 112 76 169 173 76 112 112 76 169 169 76 169 112 76 112 169 169 76 112 169 76 169 112 76 76 173 169 112 169 173 169 173 112 173 112 169 112 169 112 173 169 112 169 76 76 169 169 112 169 169 169 169 169 169 76 173 76 112 76 76 76 76 112 112 76 173 112 169 173 169 76 112 169 169 169 169 169 173 76 169 76 173 76 173 76 169 173 169 112 112 112 169 76 112 76 173 169 76 169 112 169 169 112 76 173 112 169 76 169 173 173 169 76 173 169 169 112 173 173 76 173 112 112 169 112 169 169 173 173 76 112 169 173 173 169 169 112 173 169 76 76 112 169 112 169 112 173 169 112 112 169 173 173 112 169 112 76 169 173 112 169 76 112 112 76 169 169 76 169 169 173 76 76 169 169 112 76 173 76 169 173 76 169 169 112 169 112 
  Facilities: 4
 76 : 10 12 14 15 27 29 36 38 40 45 48 49 54 55 57 58 62 64 67 70 73 76 80 83 86 87 106 107 117 119 121 122 123 124 127 133 141 143 145 147 155 157 160 166 170 175 182 192 202 203 219 224 227 230 234 235 239 241 244
 112 : 1 7 9 18 30 33 35 51 53 56 60 63 68 69 75 77 81 85 90 95 97 99 101 104 110 120 125 126 129 134 151 152 153 156 162 165 168 179 184 185 187 193 199 204 206 208 211 212 216 218 222 225 226 238 247 249
 169 : 0 4 5 8 11 16 19 20 21 23 26 28 31 32 34 39 41 43 44 50 59 61 65 71 72 74 78 79 82 84 89 91 93 98 100 103 105 108 109 111 112 113 114 115 116 130 132 135 136 137 138 139 142 148 150 154 159 161 163 164 169 171 174 177 178 186 188 189 194 197 198 201 205 207 210 213 217 220 223 228 229 231 232 236 237 242 245 246 248
 173 : 2 3 6 13 17 22 24 25 37 42 46 47 52 66 88 92 94 96 102 118 128 131 140 144 146 149 158 167 172 173 176 180 181 183 190 191 195 196 200 209 214 215 221 233 240 243
SOLUTION:
  Value: -343940.000000
  Assigns: 55 55 199 199 169 169 169 55 199 55 55 169 55 199 169 199 169 169 199 169 55 55 199 169 199 169 169 55 169 55 55 169 169 169 169 199 55 169 169 169 199 169 55 169 169 199 169 199 199 199 169 55 55 199 199 55 55 55 199 169 55 169 55 169 55 169 169 169 199 199 55 169 169 169 169 199 55 199 169 169 169 169 169 169 169 199 199 169 199 169 55 199 169 169 169 199 199 199 169 169 169 55 199 199 199 169 169 55 169 169 55 55 199 169 169 169 169 199 55 55 199 169 55 199 55 55 199 55 55 55 55 199 169 55 169 169 199 199 169 55 169 55 55 169 199 55 55 199 169 55 55 169 199 55 55 169 55 55 199 169 169 169 55 169 199 199 199 55 55 169 169 169 55 169 169 55 169 199 199 169 199 169 199 199 169 55 169 199 199 199 199 169 55 55 169 169 199 169 169 169 55 169 199 169 169 169 199 169 169 199 199 169 169 169 169 199 55 55 55 169 169 169 55 169 169 55 55 199 169 169 55 169 169 199 199 55 169 55 55 199 199 55 169 55 169 169 169 55 169 169 
  Facilities: 3
 55 : 0 1 7 9 10 12 20 21 27 29 30 36 42 51 52 55 56 57 60 62 64 70 76 90 101 107 110 111 118 119 122 124 125 127 128 129 130 133 139 141 142 145 146 149 150 153 154 156 157 162 167 168 172 175 185 192 193 200 216 217 218 222 225 226 230 235 237 238 241 243 247
 169 : 4 5 6 11 14 16 17 19 23 25 26 28 31 32 33 34 37 38 39 41 43 44 46 50 59 61 63 65 66 67 71 72 73 74 78 79 80 81 82 83 84 87 89 92 93 94 98 99 100 105 106 108 109 113 114 115 116 121 132 134 135 138 140 143 148 151 155 159 160 161 163 169 170 171 173 174 176 179 181 184 186 191 194 195 197 198 199 201 203 204 205 207 208 211 212 213 214 219 220 221 223 224 228 229 231 232 236 242 244 245 246 248 249
 199 : 2 3 8 13 15 18 22 24 35 40 45 47 48 49 53 54 58 68 69 75 77 85 86 88 91 95 96 97 102 103 104 112 117 120 123 126 131 136 137 144 147 152 158 164 165 166 177 178 180 182 183 187 188 189 190 196 202 206 209 210 215 227 233 234 239 240
SOLUTION:
  Value: -343993.000000
  Assigns: 30 47 154 30 154 154 26 30 26 26 47 154 30 30 30 30 154 30 47 154 47 30 154 30 154 26 30 26 26 26 26 26 154 154 154 26 26 26 154 154 30 47 154 154 154 30 30 154 47 30 30 154 47 30 154 30 26 26 26 154 30 47 154 47 26 154 30 47 26 154 154 47 47 154 30 30 30 154 154 154 154 30 30 47 26 47 30 154 154 30 47 30 30 47 26 47 154 30 154 47 26 154 154 30 26 154 154 26 30 30 30 30 47 30 30 26 154 26 154 154 47 30 154 47 30 154 47 26 30 30 30 47 26 30 47 26 154 26 47 47 154 154 154 154 47 154 26 47 26 26 26 30 26 30 47 30 154 154 30 154 47 26 47 47 26 154 154 47 47 26 26 26 30 47 47 154 30 26 154 26 47 30 26 26 30 30 30 154 47 26 30 30 154 154 154 47 47 47 47 47 154 154 30 30 26 154 47 26 154 30 47 47 30 47 154 47 30 26 26 26 47 30 30 154 26 154 30 30 47 26 30 26 154 154 47 47 30 154 154 154 30 26 47 30 154 26 154 47 47 26 
  Facilities: 4
 26 : 6 8 9 25 27 28 29 30 31 35 36 37 56 57 58 64 68 84 94 100 104 107 115 117 127 132 135 137 146 148 149 150 152 161 164 169 170 171 177 179 182 183 189 204 207 217 218 219 224 229 231 241 245 249
 30 : 0 3 7 12 13 14 15 17 21 23 26 40 45 46 49 50 53 55 60 66 74 75 76 81 82 86 89 91 92 97 103 108 109 110 111 113 114 121 124 128 129 130 133 151 153 155 158 172 176 181 184 185 186 190 191 202 203 209 212 216 221 222 226 227 230 236 240 243
 47 : 1 10 18 20 41 48 52 61 63 67 71 72 83 85 90 93 95 99 112 120 123 126 131 134 138 139 144 147 154 160 162 163 167 168 173 174 180 188 195 196 197 198 199 206 210 211 213 215 220 228 234 235 242 247 248
 154 : 2 4 5 11 16 19 22 24 32 33 34 38 39 42 43 44 47 51 54 59 62 65 69 70 73 77 78 79 80 87 88 96 98 101 102 105 106 116 118 119 122 125 136 140 141 142 143 145 156 157 159 165 166 175 178 187 192 193 194 200 201 205 208 214 223 225 232 233 237 238 239 244 246
SOLUTION:
  Value: -344550.000000
  Assigns: 30 47 26 30 26 47 26 30 26 26 47 30 30 30 30 30 30 30 47 47 47 30 47 30 26 26 30 26 26 26 26 26 47 47 26 26 26 26 30 26 30 47 26 47 30 30 30 30 47 30 30 30 47 30 30 30 26 26 26 47 30 47 47 47 26 30 30 47 26 47 30 47 47 30 30 30 30 47 47 47 47 30 30 47 26 47 30 47 26 30 47 30 30 47 26 47 47 30 30 47 26 30 47 30 26 26 30 26 30 30 30 30 47 30 30 26 30 26 26 30 47 30 26 47 30 30 47 26 30 30 30 47 26 30 47 26 30 26 47 47 26 26 26 47 47 30 26 47 26 26 26 30 26 30 47 30 47 30 30 26 47 26 47 47 26 30 26 47 47 26 26 26 30 47 47 47 30 26 26 26 47 30 26 26 30 30 30 30 47 26 30 30 26 26 26 47 47 47 47 47 26 47 30 30 26 47 47 26 47 30 47 47 30 47 47 47 30 26 26 26 47 30 30 47 26 26 30 30 47 26 30 26 30 47 47 47 30 26 47 26 30 26 47 30 30 26 26 47 47 26 
  Facilities: 3
 26 : 2 4 6 8 9 24 25 27 28 29 30 31 34 35 36 37 39 42 56 57 58 64 68 84 88 94 100 104 105 107 115 117 118 122 127 132 135 137 140 141 142 146 148 149 150 152 159 161 164 166 169 170 171 177 178 179 182 183 189 192 193 194 200 204 207 217 218 219 224 225 229 231 237 239 241 245 246 249
 30 : 0 3 7 11 12 13 14 15 16 17 21 23 26 38 40 44 45 46 47 49 50 51 53 54 55 60 65 66 70 73 74 75 76 81 82 86 89 91 92 97 98 101 103 106 108 109 110 111 113 114 116 119 121 124 125 128 129 130 133 136 145 151 153 155 157 158 165 172 176 181 184 185 186 187 190 191 202 203 209 212 216 221 222 226 227 230 232 236 240 243 244
 47 : 1 5 10 18 19 20 22 32 33 41 43 48 52 59 61 62 63 67 69 71 72 77 78 79 80 83 85 87 90 93 95 96 99 102 112 120 123 126 131 134 138 139 143 144 147 154 156 160 162 163 167 168 173 174 175 180 188 195 196 197 198 199 201 205 206 208 210 211 213 214 215 220 223 228 233 234 235 238 242 247 248
SOLUTION:
  Value: -344590.000000
  Assigns: 136 105 105 136 105 136 218 218 218 218 105 218 218 105 218 218 105 105 136 105 218 105 136 105 105 218 218 218 218 218 218 136 136 105 136 105 136 218 105 105 218 105 105 136 136 136 136 105 136 105 105 136 136 136 136 105 136 105 105 136 218 136 105 105 136 136 105 136 105 136 218 218 136 218 218 218 105 218 218 105 136 105 218 218 136 136 136 105 105 105 136 136 105 136 218 218 218 136 136 105 105 136 218 218 136 136 218 218 218 218 136 105 218 105 218 136 136 105 105 105 105 105 136 105 218 136 136 218 105 105 136 105 136 136 136 105 105 136 136 105 136 218 105 136 105 105 218 105 218 136 105 218 136 136 105 136 105 218 218 136 218 105 105 218 105 218 105 105 136 105 105 105 136 105 105 105 218 136 105 105 218 136 218 136 105 105 105 105 136 218 136 136 136 105 136 105 136 136 136 136 105 218 136 218 218 105 105 218 105 105 136 136 218 136 218 136 218 218 105 218 136 136 105 136 105 105 105 136 136 105 136 105 218 136 105 136 136 218 218 136 136 105 136 218 105 218 218 105 218 218 
  Facilities: 3
 105 : 1 2 4 10 13 16 17 19 21 23 24 33 35 38 39 41 42 47 49 50 55 57 58 62 63 66 68 76 79 81 87 88 89 92 99 100 111 113 117 118 119 120 121 123 128 129 131 135 136 139 142 144 145 147 150 154 156 161 162 164 166 167 169 170 171 173 174 175 178 179 184 185 186 187 193 195 200 205 206 208 209 218 222 224 225 226 229 231 234 241 244 247
 136 : 0 3 5 18 22 31 32 34 36 43 44 45 46 48 51 52 53 54 56 59 61 64 65 67 69 72 80 84 85 86 90 91 93 97 98 101 104 105 110 115 116 122 125 126 130 132 133 134 137 138 140 143 149 152 153 155 159 168 172 177 181 183 188 190 191 192 194 196 197 198 199 202 210 211 213 215 220 221 223 227 228 230 233 235 236 239 240 242
 218 : 6 7 8 9 11 12 14 15 20 25 26 27 28 29 30 37 40 60 70 71 73 74 75 77 78 82 83 94 95 96 102 103 106 107 108 109 112 114 124 127 141 146 148 151 157 158 160 163 165 176 180 182 189 201 203 204 207 212 214 216 217 219 232 237 238 243 245 246 248 249
SOLUTION:
  Value: -344770.000000
  Assigns: 231 3 229 3 231 231 3 231 229 231 3 229 231 229 229 199 231 229 229 199 199 231 199 231 231 229 231 3 231 199 3 231 231 229 3 231 229 231 231 3 199 229 231 231 229 231 199 199 3 231 229 231 229 199 231 229 3 199 229 3 3 229 229 3 231 231 199 229 199 199 3 199 3 229 3 3 231 231 231 231 229 3 229 231 3 199 199 231 3 3 3 199 231 231 231 231 231 231 199 229 229 3 3 199 199 229 231 231 3 3 199 199 199 229 229 229 231 229 3 231 199 229 3 229 229 231 199 231 199 231 229 3 199 229 229 3 199 199 199 199 229 3 3 231 199 231 3 231 229 3 199 229 229 231 3 229 229 229 231 231 231 3 231 231 231 231 229 229 229 231 229 231 3 3 3 3 3 229 199 229 229 229 3 199 3 231 199 199 229 231 3 229 229 231 199 229 199 3 229 231 3 231 199 3 229 199 231 229 231 199 199 3 3 3 231 199 229 229 3 229 229 231 3 199 3 231 199 231 231 3 231 199 3 229 231 231 3 3 3 231 229 199 3 199 3 229 3 231 3 3 
  Facilities: 4
 3 : 1 3 6 10 27 30 34 39 48 56 59 60 63 70 72 74 75 81 84 88 89 90 101 102 108 109 118 122 131 135 141 142 146 149 154 161 172 173 174 175 176 182 184 190 197 200 203 211 212 213 218 222 224 229 232 236 237 238 242 244 246 248 249
 199 : 15 19 20 22 29 40 46 47 53 57 66 68 69 71 85 86 91 98 103 104 110 111 112 120 126 128 132 136 137 138 139 144 150 178 183 186 187 194 196 202 205 209 210 215 223 226 231 241 243
 229 : 2 8 11 13 14 17 18 25 33 36 41 44 50 52 55 58 61 62 67 73 80 82 99 100 105 113 114 115 117 121 123 124 130 133 134 140 148 151 152 155 156 157 166 167 168 170 177 179 180 181 188 191 192 195 198 204 207 216 217 219 220 233 240 245
 231 : 0 4 5 7 9 12 16 21 23 24 26 28 31 32 35 37 38 42 43 45 49 51 54 64 65 76 77 78 79 83 87 92 93 94 95 96 97 106 107 116 119 125 127 129 143 145 147 153 158 159 160 162 163 164 165 169 171 185 189 193 199 201 206 208 214 221 225 227 228 230 234 235 239 247
