# Time: 4.970000
# Elapsed: 1.161425
# Input_file: splp/Fpp11/17FPP_11S.txt
# Pool_size: 400
# Iterations: 19
# Final_solutions: 6933
# Vision_range: 0
# Reduction_mode: REDUCTION_BESTS
SOLUTION:
  Value: -36234.000000
  Assigns: 0 27 6 7 103 6 6 7 105 10 10 32 6 7 18 27 10 18 18 103 32 105 90 27 18 51 27 27 32 74 51 32 32 27 0 103 0 105 32 51 6 7 6 7 10 90 10 51 74 0 51 51 18 74 18 6 7 51 103 10 105 27 74 27 90 0 32 18 32 90 74 6 7 74 74 10 27 103 90 105 74 32 103 18 105 51 90 51 0 90 90 103 27 105 6 7 90 32 10 103 51 105 103 103 105 105 18 0 74 103 74 105 0 6 7 27 51 10 6 7 32 0 10 74 90 18 90 6 7 0 18 10 0 
  Facilities: 12
 0 : 0 34 36 49 65 88 107 112 121 129 132
 6 : 2 5 6 12 40 42 55 71 94 113 118 127
 7 : 3 7 13 41 43 56 72 95 114 119 128
 10 : 9 10 16 44 46 59 75 98 117 122 131
 18 : 14 17 18 24 52 54 67 83 106 125 130
 27 : 1 15 23 26 27 33 61 63 76 92 115
 32 : 11 20 28 31 32 38 66 68 81 97 120
 51 : 25 30 39 47 50 51 57 85 87 100 116
 74 : 29 48 53 62 70 73 74 80 108 110 123
 90 : 22 45 64 69 78 86 89 90 96 124 126
 103 : 4 19 35 58 77 82 91 99 102 103 109
 105 : 8 21 37 60 79 84 93 101 104 105 111
SOLUTION:
  Value: -36236.000000
  Assigns: 84 100 28 100 16 17 10 28 20 10 10 37 16 17 113 16 113 17 115 20 20 42 16 17 28 37 20 28 28 113 42 115 100 37 28 61 37 37 42 84 61 42 42 37 10 113 10 115 42 61 16 17 16 17 20 100 20 61 84 10 61 61 28 84 28 16 17 61 113 20 115 37 84 37 100 10 42 28 42 100 84 16 17 84 84 20 37 113 100 115 84 42 113 28 115 61 100 61 10 100 100 113 37 115 16 17 100 42 20 113 61 115 113 113 115 115 28 10 84 113 84 115 10 16 17 37 61 20 16 17 42 10 20 
  Facilities: 12
 10 : 6 9 10 44 46 59 75 98 117 122 131
 16 : 4 12 15 22 50 52 65 81 104 123 128
 17 : 5 13 17 23 51 53 66 82 105 124 129
 20 : 8 19 20 26 54 56 69 85 108 127 132
 28 : 2 7 24 27 28 34 62 64 77 93 116
 37 : 11 25 33 36 37 43 71 73 86 102 125
 42 : 21 30 38 41 42 48 76 78 91 107 130
 61 : 35 40 49 57 60 61 67 95 97 110 126
 84 : 0 39 58 63 72 80 83 84 90 118 120
 100 : 1 3 32 55 74 79 88 96 99 100 106
 113 : 14 16 29 45 68 87 92 101 109 112 113 119
 115 : 18 31 47 70 89 94 103 111 114 115 121
SOLUTION:
  Value: -36240.000000
  Assigns: 99 27 99 15 16 9 27 19 9 9 36 15 16 112 15 9 16 114 19 19 41 15 16 27 36 19 27 27 112 41 114 99 36 27 60 36 36 41 83 60 41 41 36 9 112 9 114 41 60 15 16 15 16 19 99 19 60 83 9 60 60 27 83 27 15 16 60 112 19 114 36 83 36 99 9 41 27 41 99 83 15 16 83 83 19 36 112 99 114 83 41 112 27 114 60 99 60 9 99 99 112 36 114 15 16 99 41 19 112 60 114 112 112 114 114 27 9 83 112 83 114 9 15 16 36 60 19 15 16 41 9 19 83 
  Facilities: 12
 9 : 5 8 9 15 43 45 58 74 97 116 121 130
 15 : 3 11 14 21 49 51 64 80 103 122 127
 16 : 4 12 16 22 50 52 65 81 104 123 128
 19 : 7 18 19 25 53 55 68 84 107 126 131
 27 : 1 6 23 26 27 33 61 63 76 92 115
 36 : 10 24 32 35 36 42 70 72 85 101 124
 41 : 20 29 37 40 41 47 75 77 90 106 129
 60 : 34 39 48 56 59 60 66 94 96 109 125
 83 : 38 57 62 71 79 82 83 89 117 119 132
 99 : 0 2 31 54 73 78 87 95 98 99 105
 112 : 13 28 44 67 86 91 100 108 111 112 118
 114 : 17 30 46 69 88 93 102 110 113 114 120
SOLUTION:
  Value: -36241.000000
  Assigns: 99 13 99 29 72 104 90 104 29 13 78 79 13 13 82 99 42 29 44 13 104 42 90 44 123 29 123 72 29 29 42 99 44 78 79 29 104 82 42 123 44 42 42 44 44 90 72 13 42 13 44 72 78 79 99 123 82 78 79 104 72 82 13 29 90 29 78 79 72 90 82 72 72 99 78 79 42 78 104 79 44 82 82 104 78 79 90 99 82 90 90 42 104 44 29 99 90 123 99 99 104 13 123 104 104 99 72 42 72 44 104 123 78 79 78 79 82 29 82 123 13 72 123 123 90 13 90 78 79 123 42 82 44 
  Facilities: 12
 13 : 1 9 12 13 19 47 49 62 101 120 125
 29 : 3 8 17 25 28 29 35 63 65 94 117
 42 : 16 21 30 38 41 42 48 76 91 107 130
 44 : 18 23 32 40 43 44 50 80 93 109 132
 72 : 4 27 46 51 60 68 71 72 106 108 121
 78 : 10 33 52 57 66 74 77 84 112 114 127
 79 : 11 34 53 58 67 75 79 85 113 115 128
 82 : 14 37 56 61 70 81 82 88 116 118 131
 90 : 6 22 45 64 69 86 89 90 96 124 126
 99 : 0 2 15 31 54 73 87 95 98 99 105
 104 : 5 7 20 36 59 78 83 92 100 103 104 110
 123 : 24 26 39 55 97 102 111 119 122 123 129
SOLUTION:
  Value: -36242.000000
  Assigns: 99 2 129 3 101 6 6 28 2 3 14 23 6 14 14 99 28 101 86 23 14 47 23 23 28 70 47 28 28 23 129 99 129 101 28 47 2 3 2 3 6 86 6 47 70 129 47 47 14 70 14 2 3 47 99 6 101 23 70 23 86 129 28 14 28 86 70 2 3 70 70 6 23 99 86 101 70 28 99 14 101 47 86 47 129 86 86 99 23 101 2 3 86 28 6 99 47 101 99 99 101 101 14 129 70 99 70 101 129 2 3 23 47 6 2 3 28 129 6 70 86 14 86 2 3 129 14 6 129 129 23 2 3 
  Facilities: 12
 2 : 1 8 36 38 51 67 90 109 114 123 131
 3 : 3 9 37 39 52 68 91 110 115 124 132
 6 : 5 6 12 40 42 55 71 94 113 118 127
 14 : 10 13 14 20 48 50 63 79 102 121 126
 23 : 11 19 22 23 29 57 59 72 88 111 130
 28 : 7 16 24 27 28 34 62 64 77 93 116
 47 : 21 26 35 43 46 47 53 81 83 96 112
 70 : 25 44 49 58 66 69 70 76 104 106 119
 86 : 18 41 60 65 74 82 85 86 92 120 122
 99 : 0 15 31 54 73 78 87 95 98 99 105
 101 : 4 17 33 56 75 80 89 97 100 101 107
 129 : 2 30 32 45 61 84 103 108 117 125 128 129
SOLUTION:
  Value: -36244.000000
  Assigns: 127 85 23 71 25 104 10 104 53 10 10 23 80 25 59 60 10 85 63 23 104 25 23 23 25 25 71 53 127 23 127 25 53 59 60 80 104 63 59 60 85 53 63 127 10 71 10 59 60 53 71 63 53 53 80 59 60 23 59 104 60 25 63 63 85 59 60 71 80 63 71 71 23 85 25 10 80 71 104 80 80 85 127 104 85 85 80 53 23 53 25 85 104 59 60 59 60 63 10 63 104 127 53 104 104 71 127 71 59 60 104 23 63 25 80 127 80 10 53 85 71 85 10 127 59 60 127 127 63 80 23 10 25 
  Facilities: 12
 10 : 6 9 10 16 44 46 75 98 117 122 131
 23 : 2 11 19 22 23 29 57 72 88 111 130
 25 : 4 13 21 24 25 31 61 74 90 113 132
 53 : 8 27 32 41 49 52 53 87 89 102 118
 59 : 14 33 38 47 55 58 65 93 95 108 124
 60 : 15 34 39 48 56 60 66 94 96 109 125
 63 : 18 37 42 51 62 63 69 97 99 112 128
 71 : 3 26 45 50 67 70 71 77 105 107 120
 80 : 12 35 54 68 76 79 80 86 114 116 129
 85 : 1 17 40 64 73 81 84 85 91 119 121
 104 : 5 7 20 36 59 78 83 92 100 103 104 110
 127 : 0 28 30 43 82 101 106 115 123 126 127
SOLUTION:
  Value: -36244.000000
  Assigns: 12 2 2 29 8 9 105 8 53 9 107 12 12 34 8 9 20 29 12 20 20 105 34 107 92 29 20 53 29 29 34 76 53 34 34 29 2 105 2 107 34 53 8 9 8 9 12 92 12 53 76 2 53 53 20 76 20 8 9 53 105 12 107 29 76 29 92 2 34 20 34 92 76 8 9 76 76 12 29 105 92 107 76 34 105 20 107 53 92 53 2 92 92 105 29 107 8 9 92 34 12 105 53 107 105 105 107 107 20 2 76 105 76 107 2 8 9 29 53 12 8 9 34 2 12 76 92 20 92 8 9 2 20 
  Facilities: 12
 2 : 1 2 36 38 51 67 90 109 114 123 131
 8 : 4 7 14 42 44 57 73 96 115 120 129
 9 : 5 9 15 43 45 58 74 97 116 121 130
 12 : 0 11 12 18 46 48 61 77 100 119 124
 20 : 16 19 20 26 54 56 69 85 108 127 132
 29 : 3 17 25 28 29 35 63 65 78 94 117
 34 : 13 22 30 33 34 40 68 70 83 99 122
 53 : 8 27 32 41 49 52 53 59 87 89 102 118
 76 : 31 50 55 64 72 75 76 82 110 112 125
 92 : 24 47 66 71 80 88 91 92 98 126 128
 105 : 6 21 37 60 79 84 93 101 104 105 111
 107 : 10 23 39 62 81 86 95 103 106 107 113
SOLUTION:
  Value: -36245.000000
  Assigns: 0 13 70 15 49 50 0 75 53 13 94 15 13 13 15 15 61 43 117 13 117 15 43 49 50 70 94 53 49 50 75 43 53 117 0 61 0 49 50 43 61 53 43 43 70 49 50 13 49 70 50 15 53 53 75 49 50 61 70 53 61 61 13 75 15 0 70 61 94 70 70 75 117 94 75 75 70 43 13 43 15 75 94 49 50 49 50 53 0 53 94 117 43 94 94 61 117 61 49 50 94 13 53 15 70 117 70 0 43 75 61 75 0 117 49 50 117 117 53 70 13 0 15 117 75 13 61 15 94 0 94 43 0 
  Facilities: 12
 0 : 0 6 34 36 65 88 107 112 121 129 132
 13 : 1 9 12 13 19 47 62 78 101 120 125
 15 : 3 11 14 15 21 51 64 80 103 122 127
 43 : 17 22 31 39 42 43 77 79 92 108 131
 49 : 4 23 28 37 45 48 55 83 85 98 114
 50 : 5 24 29 38 46 50 56 84 86 99 115
 53 : 8 27 32 41 52 53 59 87 89 102 118
 61 : 16 35 40 57 60 61 67 95 97 110 126
 70 : 2 25 44 49 58 66 69 70 76 104 106 119
 75 : 7 30 54 63 71 74 75 81 109 111 124
 94 : 10 26 68 73 82 90 93 94 100 128 130
 117 : 18 20 33 72 91 96 105 113 116 117 123
SOLUTION:
  Value: -36246.000000
  Assigns: 26 100 129 100 131 26 32 33 53 77 36 32 33 58 26 36 100 116 44 116 32 33 26 44 36 26 26 53 32 33 129 32 53 33 131 36 36 58 32 33 44 53 36 44 44 129 58 131 116 53 44 77 53 53 58 100 77 58 58 53 26 129 26 131 58 77 32 33 32 33 36 116 36 77 100 26 77 77 44 100 44 32 33 77 129 36 131 53 100 53 116 26 58 44 58 116 100 32 33 100 100 36 53 129 116 131 100 58 129 44 131 77 116 77 26 116 116 129 53 131 32 33 116 58 36 129 77 131 129 129 131 131 44 
  Facilities: 12
 26 : 0 5 14 22 25 26 60 62 75 91 114
 32 : 6 11 20 28 31 38 66 68 81 97 120
 33 : 7 12 21 29 33 39 67 69 82 98 121
 36 : 10 15 24 35 36 42 70 72 85 101 124
 44 : 18 23 40 43 44 50 78 80 93 109 132
 53 : 8 27 32 41 49 52 53 59 87 89 102 118
 58 : 13 37 46 54 57 58 64 92 94 107 123
 77 : 9 51 56 65 73 76 77 83 111 113 126
 100 : 1 3 16 55 74 79 88 96 99 100 106
 116 : 17 19 48 71 90 95 104 112 115 116 122
 129 : 2 30 45 61 84 103 108 117 125 128 129
 131 : 4 34 47 63 86 105 110 119 127 130 131
SOLUTION:
  Value: -36250.000000
  Assigns: 1 1 101 24 101 89 90 1 53 93 55 110 24 110 40 83 115 101 115 40 24 89 90 24 24 93 110 53 40 55 24 115 53 101 55 1 40 1 83 40 40 53 110 55 89 90 40 115 93 53 1 55 53 53 55 55 101 83 24 53 24 55 83 89 90 110 1 93 89 90 115 83 93 24 40 101 40 89 90 83 101 93 83 83 110 89 90 53 89 53 90 55 93 93 115 89 90 101 110 93 101 101 53 115 55 40 110 101 1 110 110 115 24 1 115 115 110 83 53 83 55 115 1 89 90 89 90 93 40 93 1 24 83 
  Facilities: 12
 1 : 0 1 7 35 37 50 66 108 113 122 130
 24 : 3 12 20 23 24 30 58 60 73 112 131
 40 : 14 19 28 36 39 40 46 74 76 105 128
 53 : 8 27 32 41 49 52 53 59 87 89 102 118
 55 : 10 29 34 43 51 54 55 61 91 104 120
 83 : 15 38 57 62 71 79 82 83 117 119 132
 89 : 5 21 44 63 68 77 85 88 95 123 125
 90 : 6 22 45 64 69 78 86 90 96 124 126
 93 : 9 25 48 67 72 81 92 93 99 127 129
 101 : 2 4 17 33 56 75 80 97 100 101 107
 110 : 11 13 26 42 65 84 98 106 109 110 116
 115 : 16 18 31 47 70 94 103 111 114 115 121
