# Time: 41.060001
# Elapsed: 6.790527
# Input_file: splp/KoerkelGhosh-sym/500/b/gs500b-4
# Pool_size: 400
# Iterations: 20
# Final_solutions: 6970
# Vision_range: 0
# Reduction_mode: REDUCTION_BESTS
SOLUTION:
  Value: -538751.000000
  Assigns: 141 141 67 246 126 131 300 359 170 132 246 141 310 359 67 423 131 141 213 211 379 359 300 213 246 379 246 359 170 423 213 300 170 141 350 379 213 246 315 141 246 126 310 310 126 126 350 361 131 132 141 213 131 141 361 359 211 213 300 141 132 361 67 212 67 379 131 131 379 423 361 315 359 310 423 67 300 213 315 213 361 350 141 132 361 310 361 359 423 141 213 361 212 170 310 131 131 211 132 141 300 350 170 141 361 246 170 132 350 212 67 131 131 379 300 67 315 423 315 350 361 361 213 126 131 170 213 212 212 213 67 67 212 379 131 379 310 211 361 141 211 423 132 131 379 315 126 131 212 132 423 300 423 310 67 361 212 212 300 211 359 300 141 213 423 350 141 246 131 213 315 379 126 211 423 132 211 315 361 359 315 141 423 350 379 350 350 132 361 132 126 423 126 212 212 300 361 131 359 350 141 131 126 359 170 141 379 213 132 67 300 361 132 423 212 132 315 126 246 361 379 423 361 246 300 126 67 379 141 211 350 359 131 423 170 141 379 423 350 315 126 310 423 211 310 67 132 211 141 212 213 300 170 350 379 213 315 213 131 213 350 359 361 315 132 131 132 315 246 141 212 67 132 170 315 310 300 315 315 126 67 211 423 126 300 359 131 315 350 141 211 131 131 310 300 350 315 132 141 211 67 212 310 67 310 213 361 359 170 310 132 211 213 212 300 212 315 379 126 246 310 212 211 67 310 211 361 246 211 213 350 246 170 379 212 361 423 350 141 141 246 170 170 246 350 310 67 141 170 300 423 359 315 315 141 379 67 359 170 132 126 361 141 67 423 211 170 126 300 212 350 359 300 212 310 423 361 379 300 170 379 126 310 141 423 211 361 359 213 67 246 126 213 315 170 361 141 212 300 132 246 126 350 211 350 211 213 141 300 170 310 359 315 67 131 246 141 315 211 141 132 350 315 350 300 359 131 379 300 126 211 350 361 310 132 359 359 315 361 361 141 315 246 361 423 67 131 315 213 350 126 141 211 67 423 213 315 211 132 310 423 132 132 141 67 361 131 350 213 379 131 310 310 141 300 246 132 361 359 310 212 211 141 423 246 379 132 359 126 211 310 211 300 310 310 300 379 212 246 361 
  Facilities: 18
 67 : 2 14 62 64 75 110 115 130 131 154 209 226 245 271 280 300 303 323 346 356 363 389 413 445 453 464
 126 : 4 41 44 45 123 146 172 190 192 202 217 225 240 279 283 318 360 367 381 391 401 429 450 488
 131 : 5 16 48 52 66 67 95 96 111 112 124 134 143 147 168 197 201 232 258 265 286 291 292 414 426 446 466 470
 132 : 9 49 60 83 98 107 142 149 175 187 189 208 212 215 246 264 266 272 297 310 359 399 420 434 458 461 462 476 486
 141 : 0 1 11 17 33 39 50 53 59 82 89 99 103 139 162 166 181 200 205 228 235 248 269 289 298 338 339 347 354 362 383 396 407 416 419 440 451 463 473 482
 170 : 8 28 32 93 102 106 125 204 234 252 273 308 332 341 342 348 358 366 379 394 409
 211 : 19 56 97 137 140 159 173 176 229 243 247 281 290 299 311 322 325 328 365 385 403 405 418 430 452 457 481 489 491
 212 : 63 92 109 127 128 132 148 156 157 193 194 214 249 270 301 313 315 321 334 369 373 397 480 497
 213 : 18 23 30 36 51 57 77 79 90 122 126 129 163 169 207 250 255 257 259 305 312 329 388 392 406 448 455 468
 246 : 3 10 24 26 37 40 105 167 218 223 268 319 327 331 340 343 390 400 415 442 475 484 498
 300 : 6 22 31 58 76 100 114 151 158 161 195 210 224 251 276 284 294 314 349 368 372 378 398 408 424 428 474 492 495
 310 : 12 42 43 73 85 94 136 153 241 244 275 293 302 304 309 320 324 345 374 382 410 433 459 471 472 479 490 493 494
 315 : 38 71 78 116 118 145 170 177 180 216 239 256 263 267 274 277 278 287 296 316 352 353 393 412 417 422 437 441 447 456
 350 : 34 46 81 101 108 119 165 183 185 186 199 230 238 253 260 288 295 330 337 344 370 402 404 421 423 431 449 467
 359 : 7 13 21 27 55 72 87 160 179 198 203 231 261 285 307 351 357 371 387 411 425 435 436 478 487
 361 : 47 54 61 70 80 84 86 91 104 120 121 138 155 178 188 196 211 219 222 262 306 326 335 361 376 386 395 432 438 439 443 465 477 499
 379 : 20 25 35 65 68 113 133 135 144 171 184 206 220 227 236 254 317 333 355 377 380 427 469 485 496
 423 : 15 29 69 74 88 117 141 150 152 164 174 182 191 213 221 233 237 242 282 336 350 364 375 384 444 454 460 483
SOLUTION:
  Value: -538805.000000
  Assigns: 472 141 67 246 246 67 300 359 472 103 246 141 310 359 484 330 377 141 90 472 379 377 300 300 246 379 90 359 211 90 379 300 472 141 472 379 472 246 484 141 246 300 330 310 361 359 310 103 330 315 141 315 211 141 361 359 211 300 484 141 315 361 67 212 67 379 310 300 103 377 377 315 359 310 141 67 377 472 315 246 361 472 330 330 361 310 361 359 377 141 330 361 212 212 310 103 377 211 211 141 90 310 359 141 361 246 377 484 359 212 67 212 484 379 300 103 315 484 90 212 361 472 103 330 377 377 359 212 212 330 67 67 212 379 141 472 472 211 361 141 211 103 211 103 379 315 246 484 212 103 211 300 103 310 67 361 212 212 300 103 359 300 141 472 67 211 90 472 484 246 484 379 379 472 377 300 211 315 361 377 315 141 484 377 379 211 90 330 361 472 90 359 90 484 212 300 361 359 359 67 141 315 103 359 67 103 379 472 330 67 300 361 315 90 212 103 315 310 246 361 379 484 361 472 300 300 67 379 141 211 211 103 67 90 103 141 379 377 315 315 484 310 315 90 310 377 484 211 141 212 484 300 315 359 379 472 315 484 377 330 67 359 361 315 246 212 90 315 377 141 212 67 377 212 315 310 300 90 315 330 67 211 315 90 300 359 211 315 90 90 211 212 484 90 300 484 315 472 141 211 67 377 310 67 310 484 361 359 377 330 472 103 361 212 300 212 315 379 472 246 310 212 377 67 310 211 361 246 103 361 90 246 315 379 212 361 310 377 141 141 90 330 484 246 141 310 67 141 330 300 330 330 315 315 141 379 67 359 246 361 472 361 141 67 361 211 377 330 300 212 212 359 300 212 310 67 361 379 330 377 379 484 310 141 359 211 361 359 90 67 246 246 377 315 379 361 330 484 300 377 246 90 361 211 359 211 90 141 300 484 310 359 330 67 211 246 141 315 211 141 315 359 315 359 300 359 300 377 300 103 211 211 472 310 315 90 359 315 361 361 141 315 103 361 484 67 310 315 359 310 103 330 90 67 472 379 330 211 211 310 300 90 359 141 103 361 484 103 377 379 472 103 472 141 300 246 484 361 359 310 212 211 141 211 246 379 330 359 472 211 310 211 300 310 310 300 379 212 246 361 
  Facilities: 17
 67 : 2 5 62 64 75 110 130 131 154 164 199 204 209 226 232 260 271 280 300 303 323 346 356 363 375 389 413 445 453
 90 : 18 26 29 100 118 166 186 190 192 213 233 243 266 277 283 288 289 293 330 340 388 401 406 435 452 461
 103 : 9 47 68 95 115 122 141 143 149 152 159 202 205 215 231 234 311 328 429 442 450 464 467 471
 141 : 1 11 17 33 39 50 53 59 74 89 99 103 134 139 162 181 200 228 235 248 269 298 338 339 344 347 354 362 383 407 416 419 440 463 473 482
 211 : 28 52 56 97 98 137 140 142 150 165 176 185 229 230 247 281 286 290 299 325 365 385 403 405 414 418 430 431 457 458 481 483 489 491
 212 : 63 92 93 109 111 119 127 128 132 148 156 157 194 214 249 265 270 273 291 313 315 321 334 369 370 373 480 497
 246 : 3 4 10 24 37 40 79 105 146 169 218 264 319 327 331 343 358 390 391 400 415 475 484 498
 300 : 6 22 23 31 41 57 67 114 151 158 161 175 195 210 224 225 251 276 284 294 314 349 368 372 398 408 424 426 428 460 474 492 495
 310 : 12 43 46 66 73 85 94 101 153 217 241 244 275 302 304 320 324 336 345 374 382 410 433 446 449 459 479 490 493 494
 315 : 49 51 60 71 78 116 145 177 180 201 212 216 238 239 242 252 256 263 267 274 278 282 287 296 316 332 352 353 393 417 420 422 434 437 441 447
 330 : 15 42 48 82 83 90 123 129 187 208 259 279 309 341 348 350 351 367 378 396 412 451 456 486
 359 : 7 13 27 45 55 72 87 102 108 126 160 191 197 198 203 253 261 285 307 357 371 384 387 404 411 421 423 425 436 448 462 478 487
 361 : 44 54 61 80 84 86 91 104 120 138 155 178 188 196 211 219 222 262 306 312 326 329 335 359 361 364 376 386 395 402 438 439 443 465 477 499
 377 : 16 21 69 70 76 88 96 106 124 125 174 179 183 237 245 258 268 272 301 308 322 337 366 379 392 399 427 468
 379 : 20 25 30 35 65 113 133 144 171 172 184 206 220 227 236 254 317 333 355 377 380 394 455 469 485 496
 472 : 0 8 19 32 34 36 77 81 121 135 136 163 167 173 189 207 223 255 297 310 318 360 432 454 470 472 488
 484 : 14 38 58 107 112 117 147 168 170 182 193 221 240 246 250 257 292 295 305 342 381 397 409 444 466 476
SOLUTION:
  Value: -538832.000000
  Assigns: 440 90 67 26 39 67 300 359 39 361 246 440 310 359 39 446 440 446 446 211 379 359 300 26 246 440 90 359 211 90 379 300 26 211 330 379 26 246 315 246 246 300 330 310 361 359 310 361 330 315 440 315 211 271 361 359 271 300 300 379 315 361 67 212 67 379 440 271 271 315 361 315 440 310 271 67 300 440 446 246 26 315 330 330 440 310 361 446 39 440 26 361 212 39 310 379 271 211 446 440 271 39 39 271 361 246 315 440 359 440 67 212 39 379 300 67 440 440 90 271 361 39 39 330 271 310 440 212 212 39 67 446 212 379 26 26 310 211 361 359 211 440 271 39 379 315 246 271 212 271 39 300 310 446 67 361 440 212 300 211 359 300 39 26 67 211 440 271 300 246 315 379 440 211 300 26 211 315 361 359 315 440 39 39 271 211 90 330 361 361 90 359 90 90 212 300 271 271 359 26 330 315 26 359 67 315 379 446 330 67 300 361 315 90 212 361 315 26 246 361 379 446 361 271 300 26 67 379 26 211 211 359 446 90 39 446 379 440 315 315 310 310 315 90 310 67 26 211 211 212 26 300 315 39 379 26 315 90 310 330 271 359 361 315 271 212 90 315 246 246 212 67 446 26 315 310 300 90 315 39 67 211 315 90 300 359 211 315 90 90 211 212 211 90 300 361 315 330 90 211 67 212 310 67 310 379 361 359 440 26 361 271 361 446 300 212 315 379 271 246 310 212 211 440 310 211 361 246 211 361 90 246 315 379 212 361 310 315 446 67 90 330 271 246 39 310 67 310 330 300 330 330 315 440 271 379 67 359 246 361 446 361 440 39 446 211 446 330 300 212 212 39 300 212 310 67 361 379 330 271 379 39 310 211 446 211 361 271 90 67 246 246 446 315 379 361 330 212 300 271 246 90 440 211 359 211 90 300 300 39 310 359 330 67 446 39 246 315 211 359 315 359 315 359 300 271 300 379 300 359 211 440 440 310 446 90 359 39 440 361 359 315 446 361 440 67 310 315 446 446 26 330 90 67 90 379 330 211 440 310 300 90 359 310 67 361 39 26 26 379 440 310 271 246 300 271 39 361 271 310 271 211 212 211 246 379 330 359 440 39 310 211 300 310 310 300 379 212 246 361 
  Facilities: 17
 26 : 3 23 32 36 80 90 134 135 163 175 199 202 217 225 228 246 250 255 273 309 450 467 468
 39 : 4 8 14 88 93 101 102 112 121 122 129 143 150 162 182 183 234 253 279 344 363 371 381 409 415 437 466 476 489
 67 : 2 5 62 64 75 110 115 130 154 164 204 209 226 245 271 280 300 303 339 346 356 375 389 413 445 453 464
 90 : 1 26 29 118 186 190 192 193 213 233 243 257 266 277 283 288 289 293 298 330 340 388 401 406 435 452 454 461
 211 : 19 28 33 52 97 137 140 159 165 173 176 185 229 230 247 248 281 286 290 292 299 322 325 328 365 383 385 403 405 418 430 457 481 483 491
 212 : 63 92 111 127 128 132 148 157 194 214 249 265 270 291 301 315 321 334 369 370 373 397 482 497
 246 : 10 24 37 39 40 79 105 146 169 218 268 269 319 327 331 343 358 390 391 400 416 473 484 498
 271 : 53 56 67 68 74 96 100 103 119 124 142 147 149 167 184 196 197 223 260 264 311 318 342 354 379 387 399 425 472 475 478 480
 300 : 6 22 31 41 57 58 76 114 151 158 161 168 174 195 210 224 251 276 284 294 314 349 368 372 398 407 408 424 426 428 460 474 492 495
 310 : 12 43 46 73 85 94 125 136 152 240 241 244 258 275 302 304 320 324 336 345 347 374 382 410 433 446 459 463 471 479 490 493 494
 315 : 38 49 51 60 69 71 81 106 145 170 177 180 201 205 212 216 238 239 242 252 256 263 267 274 278 282 287 296 316 332 337 352 393 417 420 422 441 447
 330 : 34 42 48 82 83 123 187 200 208 259 297 341 348 350 351 367 378 396 412 451 456 486
 359 : 7 13 21 27 45 55 108 139 160 179 191 198 203 231 261 285 307 357 404 411 419 421 423 429 436 440 462 487
 361 : 9 44 47 54 61 70 86 91 104 120 138 155 178 188 189 211 215 219 222 262 295 306 310 312 326 329 335 359 361 376 386 395 439 443 465 477 499
 379 : 20 30 35 59 65 95 113 133 144 171 206 220 227 236 254 305 317 333 355 377 380 394 427 455 469 485 496
 440 : 0 11 16 25 50 66 72 77 84 89 99 107 109 116 117 126 141 156 166 172 181 237 308 323 353 362 402 431 432 438 444 458 470 488
 446 : 15 17 18 78 87 98 131 153 207 221 232 235 272 313 338 360 364 366 384 392 414 434 442 448 449
SOLUTION:
  Value: -538845.000000
  Assigns: 141 141 67 246 126 89 300 359 246 361 246 141 310 359 67 330 75 141 213 211 379 377 89 213 246 379 90 359 211 90 213 300 330 141 330 379 213 246 315 141 246 126 330 310 126 126 213 361 330 315 141 213 211 141 361 359 211 213 300 89 315 361 67 212 67 379 213 75 379 377 75 315 359 310 126 67 377 213 315 213 361 89 330 330 361 310 361 359 377 141 330 361 212 212 310 379 377 211 89 141 90 89 359 141 361 246 377 75 89 75 67 212 75 379 300 67 315 89 90 212 361 89 213 126 377 377 213 212 212 330 67 67 212 379 141 379 310 211 361 141 211 89 211 89 379 315 126 126 212 75 211 300 89 310 67 361 212 212 300 211 75 300 141 213 67 75 90 75 300 213 315 379 126 211 89 75 211 315 361 377 315 141 377 377 379 211 90 330 361 361 126 359 126 90 75 300 361 359 359 67 141 315 126 75 67 141 379 213 330 67 300 361 315 90 212 361 315 126 246 361 379 89 361 246 300 126 67 75 141 211 75 359 67 90 330 141 379 377 315 315 126 310 315 90 310 377 379 211 141 212 213 300 315 89 379 213 315 213 89 330 89 359 89 315 246 212 90 315 377 141 212 67 377 212 315 310 300 90 315 330 67 211 89 90 300 359 211 315 90 75 211 212 89 90 300 361 315 330 141 211 67 377 310 67 310 213 361 359 377 330 361 211 213 212 300 212 315 379 126 246 310 212 377 67 310 211 361 75 211 213 90 89 315 379 212 361 310 377 141 141 90 330 89 246 141 310 67 141 330 300 330 330 75 315 141 379 67 359 246 361 89 361 141 67 361 211 377 126 300 212 212 359 300 212 310 67 361 379 75 377 379 126 310 141 359 211 361 359 90 67 246 126 213 315 379 361 330 212 300 377 246 90 361 211 89 211 213 141 300 89 310 359 330 67 211 75 141 315 211 141 315 359 75 359 300 359 300 377 300 126 211 211 361 310 75 90 359 315 75 361 141 315 246 361 330 67 75 315 213 310 126 330 90 67 90 213 330 211 211 310 300 90 359 89 67 361 213 246 377 379 75 310 310 141 89 246 126 89 359 310 212 211 141 211 246 379 330 359 126 211 310 211 300 310 310 75 379 212 246 361 
  Facilities: 18
 67 : 2 14 62 64 75 110 115 130 131 154 164 199 204 209 226 232 271 280 300 303 323 346 356 363 375 389 413 445 453 464
 75 : 16 67 70 107 109 112 149 160 165 167 175 194 203 227 230 289 327 352 378 415 422 434 438 446 470 495
 89 : 5 22 59 81 98 101 108 117 121 141 143 152 174 221 253 258 260 262 282 292 331 342 360 404 409 463 474 477
 90 : 26 29 100 118 166 186 193 213 233 243 266 277 283 288 293 330 340 388 401 435 452 454 461
 126 : 4 41 44 45 74 123 146 147 172 190 192 202 217 225 240 318 367 381 391 429 450 476 488
 141 : 0 1 11 17 33 39 50 53 89 99 103 134 139 162 181 200 205 228 235 248 269 298 338 339 344 347 354 362 383 407 416 419 440 473 482
 211 : 19 28 52 56 97 137 140 142 150 159 173 176 185 229 247 281 286 290 299 311 325 328 365 385 403 405 414 418 430 431 457 458 481 483 489 491
 212 : 63 92 93 111 119 127 128 132 148 156 157 214 249 265 270 273 291 313 315 321 334 369 370 373 397 480 497
 213 : 18 23 30 36 46 51 57 66 77 79 122 126 163 169 207 250 255 257 305 312 329 392 406 448 455 466
 246 : 3 8 10 24 37 40 105 218 223 264 319 343 358 390 400 442 467 475 484 498
 300 : 6 31 58 114 151 158 161 168 195 210 224 251 276 284 294 314 349 368 372 398 408 424 426 428 460 492
 310 : 12 43 73 85 94 136 153 241 244 275 302 304 320 324 336 345 374 382 410 433 449 459 471 472 479 490 493 494
 315 : 38 49 60 71 78 116 145 170 177 180 201 212 216 238 239 242 252 256 263 267 274 278 287 296 316 332 353 393 417 420 437 441 447
 330 : 15 32 34 42 48 82 83 90 129 187 208 234 259 279 297 309 341 348 350 351 396 412 444 451 456 486
 359 : 7 13 27 55 72 87 102 191 197 198 231 261 285 307 357 371 384 387 411 421 423 425 436 462 478 487
 361 : 9 47 54 61 80 84 86 91 104 120 138 155 178 188 189 196 211 215 219 222 295 306 310 326 335 359 361 364 376 386 395 402 432 439 443 465 499
 377 : 21 69 76 88 96 106 124 125 179 182 183 237 245 268 272 301 308 322 337 366 379 399 427 468
 379 : 20 25 35 65 68 95 113 133 135 144 171 184 206 220 236 246 254 317 333 355 377 380 394 469 485 496
SOLUTION:
  Value: -538848.000000
  Assigns: 141 141 67 246 126 89 300 359 246 361 246 141 310 359 67 330 75 141 213 211 379 377 89 213 246 379 246 359 211 315 213 300 330 141 330 379 213 246 315 141 246 126 330 310 126 126 213 361 330 315 141 213 211 141 361 359 211 213 300 89 315 361 67 212 67 379 213 75 379 377 75 315 359 310 126 67 377 213 315 213 361 89 330 330 361 310 361 359 377 141 330 361 212 212 310 379 377 211 89 141 300 89 359 141 361 246 377 75 89 75 67 212 75 379 300 67 315 89 315 212 361 89 213 126 377 377 213 212 212 330 67 67 212 379 141 379 310 211 361 141 211 89 211 89 379 315 126 126 212 75 211 300 89 310 67 361 212 212 300 211 75 300 141 213 67 75 141 75 300 213 315 379 126 211 89 75 211 315 361 377 315 141 377 377 379 211 141 330 361 361 126 359 126 212 75 300 361 359 359 67 141 315 126 75 67 141 379 213 330 67 300 361 315 126 212 361 315 126 246 361 379 89 361 246 300 126 67 75 141 211 75 359 67 300 330 141 379 377 315 315 126 310 315 211 310 377 379 211 141 212 213 300 315 89 379 213 315 213 89 330 89 359 89 315 246 212 75 315 377 141 212 67 377 212 315 310 300 377 315 330 67 211 89 126 300 359 211 315 315 75 211 212 89 310 300 361 315 330 141 211 67 377 310 67 310 213 361 359 377 330 361 211 213 212 300 212 315 379 126 246 310 212 377 67 310 211 361 75 211 213 359 89 315 379 212 361 310 377 141 141 246 330 89 246 141 310 67 141 330 300 330 330 75 315 141 379 67 359 246 361 89 361 141 67 361 211 377 126 300 212 212 359 300 212 310 67 361 379 75 377 379 126 310 141 359 211 361 359 75 67 246 126 213 315 379 361 330 212 300 377 246 126 361 211 89 211 213 141 300 89 310 359 330 67 211 75 141 315 211 141 315 359 75 359 300 359 300 377 300 126 211 211 361 310 75 359 359 315 75 361 141 315 246 361 330 67 75 315 213 310 126 330 211 67 212 213 330 211 211 310 300 310 359 89 67 361 213 246 377 379 75 310 310 141 89 246 126 89 359 310 212 211 141 211 246 379 330 359 126 211 310 211 300 310 310 75 379 212 246 361 
  Facilities: 17
 67 : 2 14 62 64 75 110 115 130 131 154 164 199 204 209 226 232 271 280 300 303 323 346 356 363 375 389 413 445 453 464
 75 : 16 67 70 107 109 112 149 160 165 167 175 194 203 227 230 266 289 327 352 378 388 415 422 434 438 446 470 495
 89 : 5 22 59 81 98 101 108 117 121 141 143 152 174 221 253 258 260 262 282 292 331 342 360 404 409 463 474 477
 126 : 4 41 44 45 74 123 146 147 172 190 192 202 213 217 225 240 283 318 367 381 391 401 429 450 476 488
 141 : 0 1 11 17 33 39 50 53 89 99 103 134 139 162 166 181 186 200 205 228 235 248 269 298 338 339 344 347 354 362 383 407 416 419 440 473 482
 211 : 19 28 52 56 97 137 140 142 150 159 173 176 185 229 243 247 281 286 290 299 311 325 328 365 385 403 405 414 418 430 431 452 457 458 481 483 489 491
 212 : 63 92 93 111 119 127 128 132 148 156 157 193 214 249 265 270 273 291 313 315 321 334 369 370 373 397 454 480 497
 213 : 18 23 30 36 46 51 57 66 77 79 122 126 163 169 207 250 255 257 305 312 329 392 406 448 455 466
 246 : 3 8 10 24 26 37 40 105 218 223 264 319 340 343 358 390 400 442 467 475 484 498
 300 : 6 31 58 100 114 151 158 161 168 195 210 224 233 251 276 284 294 314 349 368 372 398 408 424 426 428 460 492
 310 : 12 43 73 85 94 136 153 241 244 275 293 302 304 320 324 336 345 374 382 410 433 449 459 461 471 472 479 490 493 494
 315 : 29 38 49 60 71 78 116 118 145 170 177 180 201 212 216 238 239 242 252 256 263 267 274 278 287 288 296 316 332 353 393 417 420 437 441 447
 330 : 15 32 34 42 48 82 83 90 129 187 208 234 259 279 297 309 341 348 350 351 396 412 444 451 456 486
 359 : 7 13 27 55 72 87 102 191 197 198 231 261 285 307 330 357 371 384 387 411 421 423 425 435 436 462 478 487
 361 : 9 47 54 61 80 84 86 91 104 120 138 155 178 188 189 196 211 215 219 222 295 306 310 326 335 359 361 364 376 386 395 402 432 439 443 465 499
 377 : 21 69 76 88 96 106 124 125 179 182 183 237 245 268 272 277 301 308 322 337 366 379 399 427 468
 379 : 20 25 35 65 68 95 113 133 135 144 171 184 206 220 236 246 254 317 333 355 377 380 394 469 485 496
SOLUTION:
  Value: -538857.000000
  Assigns: 141 141 67 246 126 362 300 359 362 361 246 141 310 359 67 362 75 141 359 211 379 377 300 300 246 379 246 359 211 315 379 300 358 141 350 379 350 246 315 141 246 126 330 310 126 126 350 362 330 315 141 315 211 141 361 359 211 300 300 141 315 361 67 212 67 362 358 75 379 377 75 315 359 310 126 67 377 75 362 246 361 350 330 330 361 310 361 359 377 141 330 361 212 212 310 358 377 211 211 141 358 350 359 141 361 246 377 75 350 75 67 212 75 379 300 67 315 377 358 350 361 361 362 126 377 377 359 212 212 330 67 67 212 379 141 379 310 211 361 141 211 362 211 358 379 315 126 126 362 75 211 300 310 362 362 361 212 212 300 211 75 300 141 359 67 350 141 75 300 246 315 379 126 211 358 75 211 315 361 377 315 141 377 362 379 362 350 330 361 361 126 359 126 212 75 300 361 359 359 350 141 315 126 75 362 358 379 358 330 67 300 361 315 126 362 361 315 126 246 361 379 212 361 362 300 126 67 75 141 211 75 359 67 300 350 141 379 358 350 315 362 310 315 211 310 377 358 211 141 212 300 300 315 350 379 358 315 362 377 330 350 359 361 315 350 212 75 315 377 141 362 67 377 212 315 310 300 377 315 330 67 211 75 126 300 359 211 315 350 75 211 212 211 310 300 350 315 330 141 211 67 377 310 67 362 379 361 359 377 330 361 211 361 212 300 212 315 379 358 246 310 212 377 67 310 211 361 75 358 361 350 246 315 379 212 361 310 377 141 141 246 330 358 246 350 310 67 141 330 300 330 330 75 315 141 379 67 359 246 361 126 361 141 358 361 211 377 126 300 358 350 362 300 212 310 67 361 379 75 377 379 126 358 141 359 211 361 359 75 67 246 126 377 315 379 361 330 212 300 377 246 126 350 211 350 211 315 141 300 358 310 359 330 67 358 75 141 315 211 141 315 350 75 350 300 359 300 358 300 126 211 350 361 310 75 359 359 315 75 361 141 315 362 361 362 67 75 315 362 358 126 330 362 67 212 379 362 211 211 310 300 362 359 141 67 361 310 350 377 379 75 310 310 141 362 246 358 362 359 310 212 211 141 211 246 379 330 359 126 211 310 211 300 362 310 75 379 212 246 361 
  Facilities: 18
 67 : 2 14 62 64 75 110 115 130 131 164 209 226 232 271 280 300 303 323 346 356 375 389 413 445 453 464
 75 : 16 67 70 77 107 109 112 149 160 167 175 194 203 227 230 266 282 289 327 352 378 388 415 422 434 438 446 470 495
 126 : 4 41 44 45 74 123 146 147 172 190 192 202 213 217 225 283 360 367 381 391 401 429 450 488
 141 : 0 1 11 17 33 39 50 53 59 89 99 103 134 139 162 166 181 200 228 235 248 269 298 338 339 347 354 362 383 407 416 419 440 463 473 482
 211 : 19 28 52 56 97 98 137 140 142 150 159 173 176 229 243 247 281 286 290 292 299 311 325 365 385 403 405 418 430 457 458 481 483 489 491
 212 : 63 92 93 111 127 128 132 156 157 193 221 249 265 273 291 313 315 321 334 373 397 454 480 497
 246 : 3 10 24 26 37 40 79 105 169 218 319 331 340 343 358 390 400 475 484 498
 300 : 6 22 23 31 57 58 114 151 158 161 168 195 210 224 233 250 251 276 284 294 314 349 368 372 398 408 424 426 428 460 492
 310 : 12 43 73 85 94 136 152 241 244 275 293 302 320 324 336 345 374 410 433 459 466 471 472 479 490 494
 315 : 29 38 49 51 60 71 116 145 170 177 180 201 212 216 239 242 252 256 263 267 274 278 287 296 316 332 353 393 406 417 420 437 441 447
 330 : 42 48 82 83 90 129 187 208 259 279 297 309 341 348 350 351 396 412 451 486
 350 : 34 36 46 81 101 108 119 165 186 199 234 238 253 260 264 288 295 330 344 370 402 404 421 423 431 467
 358 : 32 66 95 100 118 143 174 205 207 237 246 255 318 328 342 363 369 382 409 414 427 449 476
 359 : 7 13 18 27 55 72 87 102 126 163 191 197 198 231 261 285 307 357 384 387 411 425 435 436 462 478 487
 361 : 9 54 61 80 84 86 91 104 120 121 138 155 178 188 189 196 211 215 219 222 262 306 310 312 326 329 335 359 361 364 376 386 395 432 439 443 465 499
 362 : 5 8 15 47 65 78 122 141 148 153 154 183 185 204 214 223 240 257 270 304 371 442 444 448 452 456 461 474 477 493
 377 : 21 69 76 88 96 106 117 124 125 179 182 245 258 268 272 277 301 308 322 337 366 379 392 399 468
 379 : 20 25 30 35 68 113 133 135 144 171 184 206 220 236 254 305 317 333 355 377 380 394 455 469 485 496
SOLUTION:
  Value: -538860.000000
  Assigns: 440 141 67 246 39 67 300 359 39 361 246 141 310 359 39 446 440 141 446 211 379 359 300 271 246 440 90 359 211 90 379 300 330 141 330 379 310 246 315 141 246 300 330 310 361 359 310 361 330 315 141 315 211 271 361 359 271 300 300 141 315 361 67 212 67 379 440 271 271 315 361 315 440 310 271 67 300 440 446 246 361 315 330 330 440 310 361 446 39 141 330 361 212 39 310 379 271 211 446 141 271 39 39 141 361 246 315 440 359 440 67 212 39 379 300 67 440 440 90 271 361 39 39 330 271 141 440 212 212 39 67 446 212 379 141 379 310 211 361 141 211 440 271 39 379 315 246 271 212 271 39 300 310 446 67 361 440 212 300 211 359 300 141 359 67 211 440 271 300 246 315 379 440 211 300 300 211 315 361 359 315 141 39 39 271 211 90 330 361 361 90 359 90 90 212 300 271 271 359 67 141 315 39 359 67 141 379 446 330 67 300 361 315 90 212 361 315 310 246 361 379 446 361 271 300 300 67 379 141 211 211 359 446 90 39 446 379 440 315 315 310 310 315 90 310 67 39 211 141 212 300 300 315 39 379 246 315 90 310 330 271 359 361 315 271 212 90 315 246 141 212 67 446 212 315 310 300 90 315 39 67 211 315 90 300 359 211 315 90 90 211 212 211 90 300 361 315 330 141 211 67 212 310 67 310 379 361 359 440 330 361 271 361 446 300 212 315 379 271 246 310 212 211 440 310 211 361 246 211 361 90 246 315 379 212 361 310 315 446 141 90 330 271 246 39 310 67 141 330 300 330 330 315 440 141 379 67 359 246 361 446 361 141 39 446 211 446 330 300 212 212 39 300 212 310 67 361 379 330 271 379 39 310 141 446 211 361 271 90 67 246 246 446 315 379 361 330 212 300 271 246 90 440 211 359 211 90 141 300 39 310 359 330 67 446 39 141 315 211 141 315 359 315 359 300 271 300 379 300 359 211 440 440 310 446 90 359 39 440 361 141 315 446 361 440 67 310 315 446 446 300 330 90 67 90 379 330 211 440 310 300 90 359 141 67 361 39 246 446 379 440 310 271 141 300 271 39 361 271 310 271 211 141 211 246 379 330 359 440 39 310 211 300 310 310 300 379 212 246 361 
  Facilities: 17
 39 : 4 8 14 88 93 101 102 112 121 122 129 143 150 182 183 202 234 246 253 279 344 363 371 381 409 415 437 466 476 489
 67 : 2 5 62 64 75 110 115 130 154 164 199 204 209 226 245 271 280 300 303 346 356 375 389 413 445 453 464
 90 : 26 29 118 186 190 192 193 213 233 243 257 266 277 283 288 289 293 330 340 388 401 406 435 452 454 461
 141 : 1 11 17 33 39 50 59 89 99 103 125 134 139 162 181 200 205 228 248 269 298 339 347 354 362 383 407 416 419 440 463 473 482
 211 : 19 28 52 97 137 140 159 165 173 176 185 229 230 247 281 286 290 292 299 322 325 328 365 385 403 405 418 430 457 481 483 491
 212 : 63 92 111 127 128 132 148 157 194 214 249 265 270 273 291 301 315 321 334 369 370 373 397 497
 246 : 3 10 24 37 40 79 105 146 169 218 255 268 319 327 331 343 358 390 391 400 467 484 498
 271 : 23 53 56 67 68 74 96 100 119 124 142 147 149 167 184 196 197 223 260 264 311 318 342 379 387 399 425 472 475 478 480
 300 : 6 22 31 41 57 58 76 114 151 158 161 168 174 175 195 210 224 225 250 251 276 284 294 314 349 368 372 398 408 424 426 428 450 460 474 492 495
 310 : 12 36 43 46 73 85 94 136 152 217 240 241 244 258 275 302 304 320 324 336 345 374 382 410 433 446 459 471 479 490 493 494
 315 : 38 49 51 60 69 71 81 106 145 170 177 180 201 212 216 238 239 242 252 256 263 267 274 278 282 287 296 316 332 337 352 393 417 420 422 441 447
 330 : 32 34 42 48 82 83 90 123 187 208 259 297 309 341 348 350 351 367 378 396 412 451 456 486
 359 : 7 13 21 27 45 55 108 160 163 179 191 198 203 231 261 285 307 357 404 411 421 423 429 436 462 487
 361 : 9 44 47 54 61 70 80 86 91 104 120 138 155 178 188 189 211 215 219 222 262 295 306 310 312 326 329 335 359 361 376 386 395 439 443 465 477 499
 379 : 20 30 35 65 95 113 133 135 144 171 206 220 227 236 254 305 317 333 355 377 380 394 427 455 469 485 496
 440 : 0 16 25 66 72 77 84 107 109 116 117 126 141 156 166 172 237 308 323 353 402 431 432 438 444 458 470 488
 446 : 15 18 78 87 98 131 153 207 221 232 235 272 313 338 360 364 366 384 392 414 434 442 448 449 468
SOLUTION:
  Value: -538871.000000
  Assigns: 141 141 67 246 126 67 300 359 246 361 246 141 310 359 484 330 75 141 213 211 379 377 300 213 246 379 246 359 211 315 213 300 330 141 350 379 213 246 484 141 246 126 330 310 126 126 350 361 330 315 141 213 211 141 361 359 211 213 484 141 315 361 67 212 67 379 213 75 379 377 75 315 359 310 126 67 377 213 315 213 361 350 330 330 361 310 361 359 377 141 330 361 212 212 310 379 377 211 211 141 300 350 359 141 361 246 377 75 350 75 67 212 75 379 300 67 315 484 315 350 361 361 213 126 377 377 213 212 212 330 67 67 212 379 141 379 310 211 361 141 211 246 211 484 379 315 126 126 212 75 211 300 310 310 67 361 212 212 300 211 75 300 141 213 67 350 141 75 484 213 484 379 126 211 377 75 211 315 361 377 315 141 484 377 379 350 350 330 361 361 126 359 126 484 75 300 361 359 359 350 141 315 126 75 67 141 379 213 330 67 300 361 315 126 212 361 315 126 246 361 379 484 361 246 300 126 67 75 141 211 75 359 67 300 350 141 379 377 350 315 484 310 315 211 310 377 484 211 141 212 484 300 315 350 379 484 315 213 377 330 350 359 361 315 350 212 75 315 377 141 212 67 377 212 315 310 300 377 315 330 67 211 75 126 300 359 211 315 350 75 211 212 484 310 300 484 315 330 141 211 67 377 310 67 310 484 361 359 377 330 361 211 213 212 300 212 315 379 126 246 310 212 377 67 310 211 361 75 211 213 350 246 315 379 212 361 310 377 141 141 246 330 484 246 350 310 67 141 330 300 330 330 75 315 141 379 67 359 246 361 126 361 141 67 361 211 377 126 300 212 350 359 300 212 310 67 361 379 75 377 379 126 310 141 359 211 361 359 75 67 246 126 213 315 379 361 330 484 300 377 246 126 350 211 350 211 213 141 300 484 310 359 330 67 211 75 141 315 211 141 315 350 75 350 300 359 300 377 300 126 211 350 361 310 75 359 359 315 75 361 141 315 246 361 484 67 75 315 213 350 126 330 211 67 212 213 330 211 211 310 300 310 359 141 67 361 484 350 377 379 75 310 310 141 300 246 484 361 359 310 212 211 141 211 246 379 330 359 126 211 310 211 300 310 310 75 379 212 246 361 
  Facilities: 18
 67 : 2 5 62 64 75 110 115 130 131 154 164 204 209 226 232 271 280 300 303 323 346 356 363 375 389 413 445 453 464
 75 : 16 67 70 107 109 112 149 160 167 175 194 203 227 230 266 282 289 327 352 378 388 415 422 434 438 446 470 495
 126 : 4 41 44 45 74 123 146 147 172 190 192 202 213 217 225 283 318 360 367 381 391 401 429 450 488
 141 : 0 1 11 17 33 39 50 53 59 89 99 103 134 139 162 166 181 200 205 228 235 248 269 298 338 339 347 354 362 383 407 416 419 440 463 473 482
 211 : 19 28 52 56 97 98 137 140 142 150 159 173 176 229 243 247 281 286 290 299 311 325 328 365 385 403 405 414 418 430 452 457 458 481 483 489 491
 212 : 63 92 93 111 127 128 132 148 156 157 214 249 265 270 273 291 313 315 321 334 369 373 454 480 497
 213 : 18 23 30 36 51 57 66 77 79 122 126 163 169 207 257 312 329 392 406 448 455
 246 : 3 8 10 24 26 37 40 105 141 218 223 319 331 340 343 358 390 400 442 475 484 498
 300 : 6 22 31 100 114 151 158 161 195 210 224 233 251 276 284 294 314 349 368 372 398 408 424 426 428 460 474 492
 310 : 12 43 73 85 94 136 152 153 241 244 275 293 302 304 320 324 336 345 374 382 410 433 459 461 471 472 479 490 493 494
 315 : 29 49 60 71 78 116 118 145 177 180 201 212 216 239 242 252 256 263 267 274 278 287 296 316 332 353 393 417 420 437 441 447
 330 : 15 32 42 48 82 83 90 129 187 208 259 279 297 309 341 348 350 351 396 412 451 456 486
 350 : 34 46 81 101 108 119 165 185 186 199 234 238 253 260 264 288 330 344 370 402 404 421 423 431 449 467
 359 : 7 13 27 55 72 87 102 191 197 198 231 261 285 307 357 371 384 387 411 425 435 436 462 478 487
 361 : 9 47 54 61 80 84 86 91 104 120 121 138 155 178 188 189 196 211 215 219 222 262 306 310 326 335 359 361 364 376 386 395 432 439 443 465 477 499
 377 : 21 69 76 88 96 106 124 125 174 179 183 237 245 258 268 272 277 301 308 322 337 366 379 399 427 468
 379 : 20 25 35 65 68 95 113 133 135 144 171 184 206 220 236 254 317 333 355 377 380 394 469 485 496
 484 : 14 38 58 117 143 168 170 182 193 221 240 246 250 255 292 295 305 342 397 409 444 466 476
SOLUTION:
  Value: -538876.000000
  Assigns: 102 141 67 246 126 131 300 359 246 132 246 141 310 359 102 423 131 141 213 102 379 359 102 213 246 379 246 359 211 423 213 300 350 141 350 379 213 246 315 102 246 126 310 310 126 126 350 361 131 132 141 213 131 141 361 359 211 213 300 141 132 361 67 212 67 379 131 131 379 423 361 315 359 310 423 67 300 213 315 213 361 350 141 132 361 310 361 359 423 141 213 361 212 212 310 131 102 211 132 141 300 350 359 141 361 246 315 132 350 212 67 131 131 379 300 67 315 423 315 350 361 361 213 102 131 141 213 212 212 213 67 67 212 379 131 379 102 211 361 141 211 423 132 131 379 315 126 131 102 132 423 300 423 310 67 361 212 212 300 211 359 300 141 213 423 350 141 102 131 213 102 379 126 211 423 132 211 315 361 359 315 141 423 350 379 350 350 132 361 132 126 423 126 212 212 300 361 102 359 350 141 131 126 359 423 141 379 213 132 67 300 361 132 423 212 132 315 126 246 361 379 423 361 246 300 126 67 379 141 211 350 102 131 423 350 141 379 423 350 315 126 310 423 211 310 67 132 211 141 212 213 300 315 350 379 213 315 213 131 213 350 359 102 315 132 131 132 315 246 141 212 67 132 212 315 310 300 315 315 102 67 211 423 126 300 359 131 315 350 141 211 131 131 310 300 350 315 132 141 211 67 212 310 67 310 213 361 359 315 102 132 211 213 212 300 212 315 379 126 102 310 212 102 67 310 211 361 246 211 213 350 246 315 379 212 361 423 350 141 141 246 131 102 246 350 310 67 141 213 300 423 102 315 315 141 379 67 359 246 132 126 361 141 102 423 102 131 126 300 212 350 359 300 212 310 423 361 379 300 246 379 126 310 141 423 211 361 359 213 67 246 126 213 315 379 361 141 212 300 132 246 126 350 211 350 211 102 141 300 126 310 359 315 67 131 246 141 315 211 141 132 350 315 350 300 359 131 379 300 126 211 350 102 310 132 359 359 315 361 361 141 315 246 361 423 67 131 315 213 350 126 141 211 102 423 213 315 211 132 310 423 132 132 141 67 361 131 350 213 379 131 310 310 141 300 246 132 361 359 310 212 211 141 423 246 379 132 359 126 211 310 211 300 310 310 300 379 212 246 361 
  Facilities: 18
 67 : 2 62 64 75 110 115 130 131 154 209 226 245 271 280 300 303 323 346 356 389 413 445 464
 102 : 0 14 19 22 39 96 123 136 148 167 170 197 231 262 279 309 319 322 342 351 363 365 406 432 453
 126 : 4 41 44 45 146 172 190 192 202 217 225 240 283 318 360 367 381 391 401 409 429 450 488
 131 : 5 16 48 52 66 67 95 111 112 124 134 143 147 168 201 232 258 265 286 291 292 341 366 414 426 446 466 470
 132 : 9 49 60 83 98 107 142 149 175 187 189 208 212 215 246 264 266 272 297 310 359 399 420 434 458 461 462 476 486
 141 : 1 11 17 33 50 53 59 82 89 99 103 125 139 162 166 181 200 205 228 235 248 269 289 298 338 339 347 354 362 383 396 407 416 419 440 451 463 473 482
 211 : 28 56 97 137 140 159 173 176 229 243 247 281 290 299 311 325 328 385 403 405 418 430 452 457 481 489 491
 212 : 63 92 93 109 127 128 132 156 157 193 194 214 249 270 273 301 313 315 321 334 369 373 397 480 497
 213 : 18 23 30 36 51 57 77 79 90 122 126 129 163 169 207 250 255 257 259 305 312 329 348 388 392 448 455 468
 246 : 3 8 10 24 26 37 40 105 218 223 268 327 331 340 343 358 379 390 400 415 442 475 484 498
 300 : 6 31 58 76 100 114 151 158 161 195 210 224 251 276 284 294 314 349 368 372 378 398 408 424 428 474 492 495
 310 : 12 42 43 73 85 94 153 241 244 275 293 302 304 320 324 345 374 382 410 433 459 471 472 479 490 493 494
 315 : 38 71 78 106 116 118 145 177 180 216 239 252 256 263 267 274 277 278 287 296 308 316 332 352 353 393 412 417 422 437 441 447 456
 350 : 32 34 46 81 101 108 119 165 183 185 186 199 230 234 238 253 260 288 295 330 337 344 370 402 404 421 423 431 449 467
 359 : 7 13 21 27 55 72 87 102 160 179 198 203 261 285 307 357 371 387 411 425 435 436 478 487
 361 : 47 54 61 70 80 84 86 91 104 120 121 138 155 178 188 196 211 219 222 306 326 335 361 376 386 395 438 439 443 465 477 499
 379 : 20 25 35 65 68 113 133 135 144 171 184 206 220 227 236 254 317 333 355 377 380 394 427 469 485 496
 423 : 15 29 69 74 88 117 141 150 152 164 174 182 191 204 213 221 233 237 242 282 336 350 364 375 384 444 454 460 483
SOLUTION:
  Value: -538880.000000
  Assigns: 359 139 67 246 246 280 139 359 169 361 246 490 310 359 67 330 75 139 280 211 379 413 413 280 490 379 246 359 211 169 379 15 358 211 350 379 350 246 315 246 246 350 330 310 490 359 350 361 490 315 169 315 211 413 361 359 139 139 139 379 315 361 67 490 67 413 358 280 139 315 75 315 169 310 490 67 139 75 315 280 361 350 330 330 139 310 361 359 350 315 330 361 139 169 310 358 169 211 211 15 358 350 169 280 361 246 315 75 350 75 67 413 75 379 139 67 413 15 358 350 361 169 15 330 490 310 359 490 67 330 67 67 359 379 280 379 310 211 361 359 211 139 280 358 139 315 246 139 169 75 211 315 310 310 15 361 75 15 413 211 280 280 15 359 15 350 169 75 490 139 315 379 379 139 358 75 211 315 361 359 315 15 379 280 379 350 350 330 361 139 350 359 413 490 75 67 361 490 359 350 330 315 169 75 67 358 379 358 330 490 280 361 315 169 358 280 315 15 246 361 379 15 361 490 280 15 67 75 413 211 75 359 67 169 350 361 379 358 350 315 310 310 315 211 310 67 169 211 169 490 413 280 413 350 15 358 315 169 490 330 350 139 413 280 413 379 75 315 246 246 75 67 15 67 315 310 280 490 315 330 67 211 75 75 15 359 211 315 350 413 211 280 211 310 361 350 315 330 413 211 67 490 310 67 310 169 361 359 139 139 490 413 361 330 280 315 315 379 358 169 310 280 15 67 310 211 361 75 358 361 350 246 315 379 139 361 413 350 280 67 246 330 358 490 350 310 67 310 139 280 330 330 75 315 15 379 67 359 246 361 75 361 15 169 361 211 139 330 490 139 350 359 413 15 280 67 361 280 75 246 379 169 358 211 359 211 361 359 75 67 246 246 350 315 379 15 330 413 169 169 246 330 350 211 350 211 315 490 139 139 310 359 330 67 358 75 246 169 211 359 413 350 75 15 67 490 413 358 315 280 211 350 361 490 75 280 359 139 75 361 359 315 246 361 413 67 15 413 139 358 139 330 211 67 413 379 169 211 211 310 413 15 359 310 67 361 310 280 169 280 75 310 280 246 379 246 413 490 359 310 15 211 413 211 246 379 330 359 246 211 310 139 15 310 310 15 379 490 246 15 
  Facilities: 18
 15 : 31 99 117 122 154 157 162 164 181 217 221 225 254 272 284 322 354 362 373 395 423 446 461 480 492 495 499
 67 : 2 14 62 64 75 110 115 128 130 131 195 204 226 232 245 271 273 280 300 303 323 339 346 356 375 389 413 424 445 453 464
 75 : 16 70 77 107 109 112 149 156 167 175 194 203 227 230 266 270 282 283 327 352 360 378 388 415 422 434 438 470
 139 : 1 6 17 56 57 58 68 76 84 92 114 141 144 147 169 173 189 261 308 309 334 348 366 369 408 409 437 448 450 491
 169 : 8 29 50 72 93 96 102 121 148 166 202 213 233 246 248 257 305 319 363 381 398 399 417 456 468
 211 : 19 28 33 52 97 98 137 140 150 159 176 229 243 247 281 286 290 292 299 325 365 383 385 403 405 418 430 452 457 458 481 483 489
 246 : 3 4 10 26 37 39 40 105 146 218 268 269 331 340 358 379 390 391 400 416 442 473 475 484 488 498
 280 : 5 18 23 67 79 103 134 142 160 161 183 210 215 224 251 263 276 291 314 321 338 349 374 377 429 435 467 469 472
 310 : 12 43 73 85 94 125 136 152 153 240 241 244 275 293 302 304 320 324 345 347 410 459 463 466 471 479 490 493 494
 315 : 38 49 51 60 69 71 78 89 106 145 151 170 177 180 201 212 216 239 242 256 267 274 278 287 296 315 316 332 353 393 406 428 441
 330 : 15 42 82 83 90 123 129 187 200 208 259 279 297 313 341 350 351 367 396 401 412 451 486
 350 : 34 36 41 46 81 88 101 108 119 165 185 186 190 199 234 238 253 260 288 295 330 337 344 370 392 402 404 421 431
 358 : 32 66 95 100 118 143 174 205 207 214 237 255 318 328 342 382 414 427 449
 359 : 0 7 13 27 45 55 87 126 132 139 163 179 191 198 231 285 307 357 371 384 387 411 419 436 440 462 478 487
 361 : 9 47 54 61 80 86 91 104 120 138 155 178 188 196 211 219 222 235 294 306 312 326 329 335 359 361 364 376 386 432 439 443 465
 379 : 20 25 30 35 59 113 133 135 171 172 182 184 206 220 236 265 317 333 355 380 394 455 474 485 496
 413 : 21 22 53 65 111 116 158 192 228 250 252 262 264 289 298 311 336 372 397 420 426 444 447 454 460 476 482
 490 : 11 24 44 48 63 74 124 127 168 193 197 209 223 249 258 277 301 310 343 368 407 425 433 477 497
