# Time: 10.930000
# Elapsed: 9.146048
# Input_file: splp/M/O/MO3
# Pool_size: 200
# Iterations: 7
# Final_solutions: 918
# Vision_range: 400
# Reduction_mode: REDUCTION_DISPERSE
# Dissimilitude: DISSIM_MSE
# Facility_dist: FDISMODE_MINDIST
SOLUTION:
  Value: -1516.772770
  Assigns: 49 49 17 17 17 49 13 22 17 49 49 49 49 22 17 49 17 49 17 13 13 17 13 13 49 49 13 13 49 17 17 13 22 49 22 49 49 17 22 22 13 13 49 13 17 22 49 17 13 13 49 49 49 49 49 17 17 22 13 17 22 49 22 22 49 17 49 49 49 49 13 49 17 13 13 22 49 22 22 22 49 49 17 17 49 13 17 13 22 22 17 17 13 49 13 17 13 22 13 22 
  Facilities: 4
 13 : 6 19 20 22 23 26 27 31 40 41 43 48 49 58 70 73 74 85 87 92 94 96 98
 17 : 2 3 4 8 14 16 18 21 29 30 37 44 47 55 56 59 65 72 82 83 86 90 91 95
 22 : 7 13 32 34 38 39 45 57 60 62 63 75 77 78 79 88 89 97 99
 49 : 0 1 5 9 10 11 12 15 17 24 25 28 33 35 36 42 46 50 51 52 53 54 61 64 66 67 68 69 71 76 80 81 84 93
SOLUTION:
  Value: -1536.374430
  Assigns: 85 13 85 27 13 13 81 22 27 81 22 85 81 22 85 13 81 81 85 13 13 13 27 85 85 81 13 85 85 27 22 13 22 27 22 81 27 81 22 27 13 81 81 13 85 85 81 85 85 85 27 27 27 85 22 81 85 22 13 27 22 81 27 81 85 27 85 27 27 27 13 85 85 27 13 27 81 22 81 22 81 85 22 13 27 81 81 27 22 22 81 27 27 81 13 27 13 22 27 85 
  Facilities: 5
 13 : 1 4 5 15 19 20 21 26 31 40 43 58 70 74 83 94 96
 22 : 7 10 13 30 32 34 38 54 57 60 77 79 82 88 89 97
 27 : 3 8 22 29 33 36 39 50 51 52 59 62 65 67 68 69 73 75 84 87 91 92 95 98
 81 : 6 9 12 16 17 25 35 37 41 42 46 55 61 63 76 78 80 85 86 90 93
 85 : 0 2 11 14 18 23 24 27 28 44 45 47 48 49 53 56 64 66 71 72 81 99
SOLUTION:
  Value: -1542.372570
  Assigns: 80 13 80 80 13 55 81 55 35 81 55 35 81 80 81 55 81 55 55 13 13 13 55 13 55 81 80 35 55 35 35 13 80 55 55 81 35 80 35 55 13 81 55 80 80 80 80 80 80 55 80 80 80 55 80 81 80 81 13 55 35 81 55 81 35 35 81 55 35 81 13 80 80 35 35 55 81 35 80 13 55 35 80 13 80 81 81 81 55 35 81 80 35 81 13 80 13 35 55 80 
  Facilities: 5
 13 : 1 4 19 20 21 23 31 40 58 70 79 83 94 96
 35 : 8 11 27 29 30 36 38 60 64 65 68 73 74 77 81 89 92 97
 55 : 5 7 10 15 17 18 22 24 28 33 34 39 42 49 53 59 62 67 75 80 88 98
 80 : 0 2 3 13 26 32 37 43 44 45 46 47 48 50 51 52 54 56 71 72 78 82 84 91 95 99
 81 : 6 9 12 14 16 25 35 41 55 57 61 63 66 69 76 85 86 87 90 93
SOLUTION:
  Value: -1546.539790
  Assigns: 38 13 38 17 17 38 13 22 38 38 17 13 38 38 17 13 17 22 17 13 13 17 38 13 22 38 38 38 38 17 17 13 22 38 22 38 38 17 38 22 13 13 38 13 17 22 38 17 38 38 13 17 13 22 22 17 17 22 13 17 22 17 22 22 17 17 22 17 38 38 13 13 38 38 13 22 38 22 22 22 17 38 17 17 17 13 38 13 22 22 17 17 38 38 13 17 38 22 13 38 
  Facilities: 4
 13 : 1 6 11 15 19 20 23 31 40 41 43 50 52 58 70 71 74 85 87 94 98
 17 : 3 4 10 14 16 18 21 29 30 37 44 47 51 55 56 59 61 64 65 67 80 82 83 84 90 91 95
 22 : 7 17 24 32 34 39 45 53 54 57 60 62 63 66 75 77 78 79 88 89 97
 38 : 0 2 5 8 9 12 13 22 25 26 27 28 33 35 36 38 42 46 48 49 68 69 72 73 76 81 86 92 93 96 99
SOLUTION:
  Value: -1546.759700
  Assigns: 6 13 17 17 6 6 13 22 17 13 6 6 22 22 17 13 17 22 17 13 13 17 6 13 22 6 13 13 22 6 17 13 22 22 22 6 6 17 22 22 13 13 6 6 17 22 13 17 6 13 13 17 6 6 22 17 17 22 13 17 22 6 22 6 6 6 6 17 6 22 13 13 17 13 6 6 22 22 22 22 6 6 17 17 17 13 17 6 22 22 17 17 13 6 13 17 13 22 6 22 
  Facilities: 4
 6 : 0 4 5 10 11 22 25 29 35 36 42 43 48 52 53 61 63 64 65 66 68 74 75 80 81 87 93 98
 13 : 1 6 9 15 19 20 23 26 27 31 40 41 46 49 50 58 70 71 73 85 92 94 96
 17 : 2 3 8 14 16 18 21 30 37 44 47 51 55 56 59 67 72 82 83 84 86 90 91 95
 22 : 7 12 13 17 24 28 32 33 34 38 39 45 54 57 60 62 69 76 77 78 79 88 89 97 99
SOLUTION:
  Value: -1550.892140
  Assigns: 80 13 80 80 13 55 55 22 65 13 55 65 65 80 65 55 55 55 55 65 13 13 55 13 55 55 80 65 55 80 22 13 65 55 55 55 65 80 22 22 65 13 55 80 65 22 80 80 65 55 80 80 80 55 80 13 80 65 65 55 65 55 22 22 55 22 65 65 65 65 13 80 80 55 13 55 65 22 80 22 55 22 80 65 65 65 80 13 22 22 55 80 13 65 13 80 65 22 55 80 
  Facilities: 5
 13 : 1 4 9 20 21 23 31 41 55 70 74 87 92 94
 22 : 7 30 38 39 45 62 63 65 77 79 81 88 89 97
 55 : 5 6 10 15 16 17 18 22 24 25 28 33 34 35 42 49 53 59 61 64 73 75 80 90 98
 65 : 8 11 12 14 19 27 32 36 40 44 48 57 58 60 66 67 68 69 76 83 84 85 93 96
 80 : 0 2 3 13 26 29 37 43 46 47 50 51 52 54 56 71 72 78 82 86 91 95 99
SOLUTION:
  Value: -1555.901880
  Assigns: 80 13 80 80 13 55 81 55 65 81 55 65 81 80 65 55 81 55 55 65 13 13 55 13 55 81 80 65 55 80 13 13 65 55 55 81 65 80 13 55 65 81 55 80 65 80 80 80 65 55 80 80 80 55 80 81 80 65 65 55 65 81 55 81 55 13 65 65 65 81 13 80 80 81 13 55 65 80 80 13 55 81 80 65 65 81 81 81 55 65 81 80 13 81 13 80 65 65 55 80 
  Facilities: 5
 13 : 1 4 20 21 23 30 31 38 65 70 74 79 92 94
 55 : 5 7 10 15 17 18 22 24 28 33 34 39 42 49 53 59 62 64 75 80 88 98
 65 : 8 11 14 19 27 32 36 40 44 48 57 58 60 66 67 68 76 83 84 89 96 97
 80 : 0 2 3 13 26 29 37 43 45 46 47 50 51 52 54 56 71 72 77 78 82 91 95 99
 81 : 6 9 12 16 25 35 41 55 61 63 69 73 81 85 86 87 90 93
SOLUTION:
  Value: -1563.528700
  Assigns: 80 13 80 80 13 55 55 55 65 13 55 65 65 80 65 55 55 55 55 65 13 13 55 13 55 55 80 65 55 80 13 13 65 55 55 55 65 80 13 55 65 13 55 80 65 80 80 80 65 55 80 80 80 55 80 13 80 65 65 55 65 55 55 80 55 13 65 65 65 65 13 80 80 55 13 55 65 80 80 13 55 65 80 65 65 65 80 13 55 65 55 80 13 65 13 80 65 65 55 80 
  Facilities: 4
 13 : 1 4 9 20 21 23 30 31 38 41 55 65 70 74 79 87 92 94
 55 : 5 6 7 10 15 16 17 18 22 24 25 28 33 34 35 39 42 49 53 59 61 62 64 73 75 80 88 90 98
 65 : 8 11 12 14 19 27 32 36 40 44 48 57 58 60 66 67 68 69 76 81 83 84 85 89 93 96 97
 80 : 0 2 3 13 26 29 37 43 45 46 47 50 51 52 54 56 63 71 72 77 78 82 86 91 95 99
SOLUTION:
  Value: -1565.313760
  Assigns: 80 13 80 80 13 55 81 55 55 81 55 81 81 80 81 55 81 55 55 13 13 13 55 13 55 81 80 80 55 80 13 13 80 55 55 81 81 80 13 55 13 81 55 80 80 80 80 80 80 55 80 80 80 55 80 81 80 81 13 55 80 81 55 81 55 13 81 55 81 81 13 80 80 81 13 55 81 80 80 13 55 81 80 13 80 81 81 81 55 80 81 80 13 81 13 80 13 13 55 80 
  Facilities: 4
 13 : 1 4 19 20 21 23 30 31 38 40 58 65 70 74 79 83 92 94 96 97
 55 : 5 7 8 10 15 17 18 22 24 28 33 34 39 42 49 53 59 62 64 67 75 80 88 98
 80 : 0 2 3 13 26 27 29 32 37 43 44 45 46 47 48 50 51 52 54 56 60 71 72 77 78 82 84 89 91 95 99
 81 : 6 9 11 12 14 16 25 35 36 41 55 57 61 63 66 68 69 73 76 81 85 86 87 90 93
SOLUTION:
  Value: -1566.212610
  Assigns: 85 13 85 27 13 13 81 85 27 81 85 85 81 85 85 13 81 81 85 13 13 13 27 85 85 81 13 85 85 27 27 13 27 27 27 81 27 81 13 27 13 81 81 13 85 85 81 85 85 85 27 27 27 85 85 81 85 81 13 27 85 81 27 81 85 27 85 27 27 27 13 85 85 27 13 27 81 81 81 13 81 85 13 13 27 81 81 27 81 81 81 27 27 81 13 27 13 13 27 85 
  Facilities: 4
 13 : 1 4 5 15 19 20 21 26 31 38 40 43 58 70 74 79 82 83 94 96 97
 27 : 3 8 22 29 30 32 33 34 36 39 50 51 52 59 62 65 67 68 69 73 75 84 87 91 92 95 98
 81 : 6 9 12 16 17 25 35 37 41 42 46 55 57 61 63 76 77 78 80 85 86 88 89 90 93
 85 : 0 2 7 10 11 13 14 18 23 24 27 28 44 45 47 48 49 53 54 56 60 64 66 71 72 81 99
