# Time: 189.380005
# Elapsed: 25.857388
# Input_file: splp/KoerkelGhosh-asym/250/a/ga250a-4
# Pool_size: 1000
# Iterations: 36
# Final_solutions: 2712
# Vision_range: 0
# Reduction_mode: REDUCTION_BESTS
SOLUTION:
  Value: -258005.000000
  Assigns: 6 235 137 3 110 54 207 69 76 54 198 83 6 249 198 234 66 198 172 83 29 36 128 207 199 3 4 73 137 92 212 66 202 3 249 126 198 76 235 52 126 218 126 137 66 4 73 73 128 199 69 199 36 54 76 54 52 73 198 199 167 218 91 6 36 218 54 202 218 66 85 162 83 173 36 69 199 235 69 66 4 234 202 126 207 198 199 212 212 128 36 36 207 36 110 69 66 126 91 6 66 128 207 76 167 110 126 52 172 76 83 29 4 167 76 4 198 212 91 199 91 6 91 212 167 36 66 199 85 3 202 6 235 4 212 110 85 234 235 54 234 173 202 167 249 137 85 92 73 92 235 83 29 199 91 85 173 3 234 110 167 199 234 167 6 30 29 30 128 92 36 167 66 29 172 73 162 235 54 73 172 137 137 198 128 54 128 4 249 249 3 83 235 6 218 36 162 212 76 249 92 162 199 162 234 235 235 173 4 172 172 76 54 4 126 76 4 73 52 110 3 218 207 29 30 91 30 137 126 137 73 198 235 29 66 69 172 30 218 69 202 92 91 69 110 54 249 83 73 85 
  Facilities: 33
 3 : 3 25 33 129 157 190 220
 4 : 26 45 80 112 115 133 187 208 213 216
 6 : 0 12 63 99 121 131 164 193
 29 : 20 111 152 166 173 223 233
 30 : 165 167 224 226 237
 36 : 21 52 64 74 90 91 93 125 170 195
 52 : 39 56 107 218
 54 : 5 9 53 55 66 139 178 185 212 245
 66 : 16 31 44 69 79 96 100 126 172 234
 69 : 7 50 75 78 95 235 239 243
 73 : 27 46 47 57 148 175 179 217 230 248
 76 : 8 37 54 103 109 114 198 211 215
 83 : 11 19 72 110 151 191 247
 85 : 70 128 136 146 155 249
 91 : 62 98 118 120 122 154 225 242
 92 : 29 147 149 169 200 241
 110 : 4 94 105 135 159 219 244
 126 : 35 40 42 83 97 106 214 228
 128 : 22 48 89 101 168 184 186
 137 : 2 28 43 145 181 182 227 229
 162 : 71 176 196 201 203
 167 : 60 104 113 124 143 160 163 171
 172 : 18 108 174 180 209 210 236
 173 : 73 141 156 207
 198 : 10 14 17 36 58 85 116 183 231
 199 : 24 49 51 59 76 86 119 127 153 161 202
 202 : 32 67 82 130 142 240
 207 : 6 23 84 92 102 222
 212 : 30 87 88 117 123 134 197
 218 : 41 61 65 68 194 221 238
 234 : 15 81 137 140 158 162 204
 235 : 1 38 77 132 138 150 177 192 205 206 232
 249 : 13 34 144 188 189 199 246
SOLUTION:
  Value: -258007.000000
  Assigns: 6 235 137 3 110 54 207 69 76 54 198 83 6 249 198 234 66 198 172 83 29 36 128 207 199 3 4 73 137 92 212 66 202 3 249 126 198 76 235 52 126 218 126 137 66 4 73 73 128 199 69 199 36 54 76 54 52 73 198 199 167 218 91 6 36 218 54 202 218 66 85 162 83 137 36 69 199 235 69 66 4 234 202 126 207 198 199 212 212 128 36 36 207 36 110 69 66 126 91 6 66 128 207 76 167 110 126 52 172 76 83 29 4 167 76 4 198 212 91 199 91 6 91 212 167 36 66 199 85 3 202 6 235 4 212 110 85 234 235 54 234 110 202 167 249 137 85 92 73 92 235 83 29 199 91 85 36 3 234 110 167 199 234 167 6 30 29 30 128 92 36 167 66 29 172 73 162 235 54 73 172 137 137 198 128 54 128 4 249 249 3 83 235 6 218 36 162 212 76 249 92 162 199 162 234 235 235 30 4 172 172 76 54 4 126 76 4 73 52 110 3 218 207 29 30 91 30 137 126 137 73 198 235 29 66 69 172 30 218 69 202 92 91 69 110 54 249 83 73 85 
  Facilities: 32
 3 : 3 25 33 129 157 190 220
 4 : 26 45 80 112 115 133 187 208 213 216
 6 : 0 12 63 99 121 131 164 193
 29 : 20 111 152 166 173 223 233
 30 : 165 167 207 224 226 237
 36 : 21 52 64 74 90 91 93 125 156 170 195
 52 : 39 56 107 218
 54 : 5 9 53 55 66 139 178 185 212 245
 66 : 16 31 44 69 79 96 100 126 172 234
 69 : 7 50 75 78 95 235 239 243
 73 : 27 46 47 57 148 175 179 217 230 248
 76 : 8 37 54 103 109 114 198 211 215
 83 : 11 19 72 110 151 191 247
 85 : 70 128 136 146 155 249
 91 : 62 98 118 120 122 154 225 242
 92 : 29 147 149 169 200 241
 110 : 4 94 105 135 141 159 219 244
 126 : 35 40 42 83 97 106 214 228
 128 : 22 48 89 101 168 184 186
 137 : 2 28 43 73 145 181 182 227 229
 162 : 71 176 196 201 203
 167 : 60 104 113 124 143 160 163 171
 172 : 18 108 174 180 209 210 236
 198 : 10 14 17 36 58 85 116 183 231
 199 : 24 49 51 59 76 86 119 127 153 161 202
 202 : 32 67 82 130 142 240
 207 : 6 23 84 92 102 222
 212 : 30 87 88 117 123 134 197
 218 : 41 61 65 68 194 221 238
 234 : 15 81 137 140 158 162 204
 235 : 1 38 77 132 138 150 177 192 205 206 232
 249 : 13 34 144 188 189 199 246
SOLUTION:
  Value: -258020.000000
  Assigns: 6 235 137 3 110 54 207 69 76 54 206 83 6 249 198 234 66 198 172 83 29 36 128 207 199 3 4 73 137 92 212 66 202 3 249 126 198 76 235 52 126 218 206 137 66 4 73 73 128 199 69 199 36 54 76 54 52 73 206 199 167 218 91 6 36 218 54 202 218 66 85 162 83 173 36 69 199 235 69 66 4 234 202 126 207 198 199 212 212 128 36 36 207 36 110 69 66 126 91 6 66 206 207 76 167 110 126 52 172 76 83 29 4 167 76 4 198 212 91 199 91 6 91 212 206 36 66 199 85 3 202 6 235 4 212 110 85 234 235 54 234 173 202 167 249 137 85 92 206 92 235 83 29 199 91 85 173 3 234 110 167 199 234 167 6 30 29 30 128 92 36 167 66 29 172 73 162 235 54 73 172 137 137 198 128 54 128 4 249 249 3 83 235 6 218 36 162 212 76 249 92 162 199 162 234 235 235 173 4 172 172 76 54 4 126 76 4 73 52 110 3 218 207 29 30 206 206 137 126 137 73 198 235 29 66 69 172 30 218 69 202 92 91 69 110 54 249 83 73 85 
  Facilities: 34
 3 : 3 25 33 129 157 190 220
 4 : 26 45 80 112 115 133 187 208 213 216
 6 : 0 12 63 99 121 131 164 193
 29 : 20 111 152 166 173 223 233
 30 : 165 167 224 237
 36 : 21 52 64 74 90 91 93 125 170 195
 52 : 39 56 107 218
 54 : 5 9 53 55 66 139 178 185 212 245
 66 : 16 31 44 69 79 96 100 126 172 234
 69 : 7 50 75 78 95 235 239 243
 73 : 27 46 47 57 175 179 217 230 248
 76 : 8 37 54 103 109 114 198 211 215
 83 : 11 19 72 110 151 191 247
 85 : 70 128 136 146 155 249
 91 : 62 98 118 120 122 154 242
 92 : 29 147 149 169 200 241
 110 : 4 94 105 135 159 219 244
 126 : 35 40 83 97 106 214 228
 128 : 22 48 89 168 184 186
 137 : 2 28 43 145 181 182 227 229
 162 : 71 176 196 201 203
 167 : 60 104 113 143 160 163 171
 172 : 18 108 174 180 209 210 236
 173 : 73 141 156 207
 198 : 14 17 36 85 116 183 231
 199 : 24 49 51 59 76 86 119 127 153 161 202
 202 : 32 67 82 130 142 240
 206 : 10 42 58 101 124 148 225 226
 207 : 6 23 84 92 102 222
 212 : 30 87 88 117 123 134 197
 218 : 41 61 65 68 194 221 238
 234 : 15 81 137 140 158 162 204
 235 : 1 38 77 132 138 150 177 192 205 206 232
 249 : 13 34 144 188 189 199 246
SOLUTION:
  Value: -258023.000000
  Assigns: 6 235 137 159 110 54 207 69 76 54 198 83 6 249 198 234 66 198 172 83 29 36 128 207 199 173 4 73 137 159 212 66 202 73 249 126 198 76 235 52 126 218 126 137 66 4 73 73 128 199 69 199 36 54 76 54 52 73 198 199 167 218 91 6 36 218 54 202 218 66 85 162 83 173 36 69 199 235 69 66 4 234 202 126 207 198 199 212 212 159 36 36 207 36 110 69 66 126 91 6 66 128 207 76 167 110 126 52 172 76 83 29 4 167 76 4 198 212 91 199 91 6 91 212 167 36 66 199 85 207 202 6 235 4 212 110 85 234 235 54 234 173 202 167 249 137 85 249 159 212 235 83 29 159 91 85 173 69 234 110 167 199 234 167 6 30 29 30 128 126 36 167 66 29 172 73 162 235 54 73 172 137 137 198 128 54 128 4 249 249 4 83 235 6 218 36 162 159 76 249 85 162 199 162 234 235 235 173 4 172 172 76 54 4 126 76 4 73 52 110 159 218 207 29 30 159 30 137 126 137 73 198 235 29 66 69 172 30 218 69 202 249 91 69 110 54 249 83 73 85 
  Facilities: 32
 4 : 26 45 80 112 115 133 187 190 208 213 216
 6 : 0 12 63 99 121 131 164 193
 29 : 20 111 152 166 173 223 233
 30 : 165 167 224 226 237
 36 : 21 52 64 74 90 91 93 125 170 195
 52 : 39 56 107 218
 54 : 5 9 53 55 66 139 178 185 212 245
 66 : 16 31 44 69 79 96 100 126 172 234
 69 : 7 50 75 78 95 157 235 239 243
 73 : 27 33 46 47 57 175 179 217 230 248
 76 : 8 37 54 103 109 114 198 211 215
 83 : 11 19 72 110 151 191 247
 85 : 70 128 136 146 155 200 249
 91 : 62 98 118 120 122 154 242
 110 : 4 94 105 135 159 219 244
 126 : 35 40 42 83 97 106 169 214 228
 128 : 22 48 101 168 184 186
 137 : 2 28 43 145 181 182 227 229
 159 : 3 29 89 148 153 197 220 225
 162 : 71 176 196 201 203
 167 : 60 104 113 124 143 160 163 171
 172 : 18 108 174 180 209 210 236
 173 : 25 73 141 156 207
 198 : 10 14 17 36 58 85 116 183 231
 199 : 24 49 51 59 76 86 119 127 161 202
 202 : 32 67 82 130 142 240
 207 : 6 23 84 92 102 129 222
 212 : 30 87 88 117 123 134 149
 218 : 41 61 65 68 194 221 238
 234 : 15 81 137 140 158 162 204
 235 : 1 38 77 132 138 150 177 192 205 206 232
 249 : 13 34 144 147 188 189 199 241 246
SOLUTION:
  Value: -258027.000000
  Assigns: 68 235 137 3 249 54 85 198 76 54 198 83 6 249 198 74 202 198 172 83 68 36 128 219 199 3 4 73 137 5 212 7 202 3 249 126 198 76 235 52 68 218 126 137 76 4 72 73 128 55 137 199 36 54 76 54 52 73 7 199 167 218 91 6 36 218 54 202 218 219 85 162 83 219 36 72 199 235 7 7 4 72 202 126 74 198 68 212 212 128 36 36 219 36 5 5 74 126 91 6 29 128 126 68 167 235 126 52 172 76 83 29 5 167 76 4 198 212 91 199 91 5 91 212 167 36 128 199 85 3 202 6 235 4 212 235 85 72 235 54 162 68 202 167 249 137 85 249 72 5 235 83 29 74 91 85 36 3 76 55 167 199 6 167 6 30 29 30 128 72 36 167 36 29 172 73 162 235 54 73 172 137 137 198 128 54 128 4 249 249 3 83 235 6 218 219 162 212 76 249 85 162 199 162 219 235 55 30 4 172 172 76 54 74 72 219 7 73 52 249 3 218 235 29 30 91 30 5 126 137 73 198 235 29 54 52 172 30 218 68 72 249 91 52 74 54 249 83 73 85 
  Facilities: 33
 3 : 3 25 33 129 157 190 220
 4 : 26 45 80 115 133 187 208
 5 : 29 94 95 112 121 149 227
 6 : 12 63 99 131 162 164 193
 7 : 31 58 78 79 216
 29 : 100 111 152 166 173 223 233
 30 : 165 167 207 224 226 237
 36 : 21 52 64 74 90 91 93 125 156 170 172
 52 : 39 56 107 218 235 243
 54 : 5 9 53 55 66 139 178 185 212 234 245
 55 : 49 159 206
 68 : 0 20 40 86 103 141 239
 72 : 46 75 81 137 148 169 214 240
 73 : 27 47 57 175 179 217 230 248
 74 : 15 84 96 153 213 244
 76 : 8 37 44 54 109 114 158 198 211
 83 : 11 19 72 110 151 191 247
 85 : 6 70 128 136 146 155 200 249
 91 : 62 98 118 120 122 154 225 242
 126 : 35 42 83 97 102 106 228
 128 : 22 48 89 101 126 168 184 186
 137 : 2 28 43 50 145 181 182 229
 162 : 71 140 176 196 201 203
 167 : 60 104 113 124 143 160 163 171
 172 : 18 108 174 180 209 210 236
 198 : 7 10 14 17 36 85 116 183 231
 199 : 24 51 59 76 119 127 161 202
 202 : 16 32 67 82 130 142
 212 : 30 87 88 117 123 134 197
 218 : 41 61 65 68 194 221 238
 219 : 23 69 73 92 195 204 215
 235 : 1 38 77 105 132 135 138 150 177 192 205 222 232
 249 : 4 13 34 144 147 188 189 199 219 241 246
SOLUTION:
  Value: -258028.000000
  Assigns: 6 235 137 3 110 54 85 69 76 54 198 83 6 249 198 234 66 198 172 83 29 111 128 30 199 3 4 73 137 92 212 66 202 3 249 126 198 76 235 167 126 218 126 137 66 4 73 73 128 199 69 199 36 54 76 54 202 73 198 199 167 218 91 6 36 218 54 202 218 66 85 162 83 173 36 69 199 235 69 66 4 234 202 126 199 198 199 212 212 128 36 36 111 36 110 69 66 126 91 6 66 128 126 76 167 110 126 235 172 76 83 29 4 167 76 4 198 212 91 199 91 6 91 212 167 111 66 199 85 3 202 6 235 4 212 110 85 234 235 54 234 173 202 167 249 137 85 92 73 92 235 83 29 199 91 85 173 3 234 110 167 199 234 167 6 30 29 30 128 92 36 167 66 29 172 73 162 235 54 73 172 137 137 198 128 54 128 4 249 249 3 83 235 6 218 36 162 111 76 249 92 162 199 162 234 235 235 173 4 172 172 76 54 111 126 76 4 73 111 110 3 218 235 29 30 91 30 137 126 137 73 198 235 29 66 69 172 30 218 69 202 92 91 69 110 54 249 83 73 85 
  Facilities: 32
 3 : 3 25 33 129 157 190 220
 4 : 26 45 80 112 115 133 187 208 216
 6 : 0 12 63 99 121 131 164 193
 29 : 20 111 152 166 173 223 233
 30 : 23 165 167 224 226 237
 36 : 52 64 74 90 91 93 170 195
 54 : 5 9 53 55 66 139 178 185 212 245
 66 : 16 31 44 69 79 96 100 126 172 234
 69 : 7 50 75 78 95 235 239 243
 73 : 27 46 47 57 148 175 179 217 230 248
 76 : 8 37 54 103 109 114 198 211 215
 83 : 11 19 72 110 151 191 247
 85 : 6 70 128 136 146 155 249
 91 : 62 98 118 120 122 154 225 242
 92 : 29 147 149 169 200 241
 110 : 4 94 105 135 159 219 244
 111 : 21 92 125 197 213 218
 126 : 35 40 42 83 97 102 106 214 228
 128 : 22 48 89 101 168 184 186
 137 : 2 28 43 145 181 182 227 229
 162 : 71 176 196 201 203
 167 : 39 60 104 113 124 143 160 163 171
 172 : 18 108 174 180 209 210 236
 173 : 73 141 156 207
 198 : 10 14 17 36 58 85 116 183 231
 199 : 24 49 51 59 76 84 86 119 127 153 161 202
 202 : 32 56 67 82 130 142 240
 212 : 30 87 88 117 123 134
 218 : 41 61 65 68 194 221 238
 234 : 15 81 137 140 158 162 204
 235 : 1 38 77 107 132 138 150 177 192 205 206 222 232
 249 : 13 34 144 188 189 199 246
SOLUTION:
  Value: -258030.000000
  Assigns: 6 235 137 3 249 54 85 69 76 54 206 83 6 249 198 74 66 198 172 83 29 111 35 219 199 35 4 73 137 5 212 66 202 3 249 126 198 76 235 167 126 218 206 137 66 4 72 73 128 55 69 199 128 54 76 54 202 73 206 199 167 218 91 6 91 218 54 202 218 66 85 162 83 173 74 72 199 235 69 66 4 72 202 126 72 198 55 212 212 128 111 137 111 35 5 5 74 126 91 6 66 206 126 76 167 235 126 235 172 76 83 29 5 167 76 4 198 212 91 199 91 5 91 35 206 111 66 199 85 3 202 6 235 4 212 235 85 72 235 54 162 173 202 167 249 137 85 249 72 5 235 83 29 35 91 85 173 3 76 55 167 199 6 167 6 91 29 74 128 72 72 35 66 29 172 73 162 235 54 73 172 137 137 198 128 54 128 4 249 249 3 83 235 6 218 219 162 111 76 249 85 162 199 162 219 235 55 173 4 172 172 76 54 111 72 219 5 73 111 249 3 218 235 29 35 206 206 5 126 137 73 198 235 29 66 69 172 55 218 69 72 249 91 69 74 54 249 83 73 85 
  Facilities: 34
 3 : 3 33 129 157 190 220
 4 : 26 45 80 115 133 187 208
 5 : 29 94 95 112 121 149 216 227
 6 : 0 12 63 99 131 162 164 193
 29 : 20 111 152 166 173 223 233
 35 : 22 25 93 123 153 171 224
 54 : 5 9 53 55 66 139 178 185 212 245
 55 : 49 86 159 206 237
 66 : 16 31 44 69 79 100 126 172 234
 69 : 7 50 78 235 239 243
 72 : 46 75 81 84 137 148 169 170 214 240
 73 : 27 47 57 175 179 217 230 248
 74 : 15 74 96 167 244
 76 : 8 37 54 103 109 114 158 198 211
 83 : 11 19 72 110 151 191 247
 85 : 6 70 128 136 146 155 200 249
 91 : 62 64 98 118 120 122 154 165 242
 111 : 21 90 92 125 197 213 218
 126 : 35 40 83 97 102 106 228
 128 : 48 52 89 168 184 186
 137 : 2 28 43 91 145 181 182 229
 162 : 71 140 176 196 201 203
 167 : 39 60 104 113 143 160 163
 172 : 18 108 174 180 209 210 236
 173 : 73 141 156 207
 198 : 14 17 36 85 116 183 231
 199 : 24 51 59 76 119 127 161 202
 202 : 32 56 67 82 130 142
 206 : 10 42 58 101 124 225 226
 212 : 30 87 88 117 134
 218 : 41 61 65 68 194 221 238
 219 : 23 195 204 215
 235 : 1 38 77 105 107 132 135 138 150 177 192 205 222 232
 249 : 4 13 34 144 147 188 189 199 219 241 246
SOLUTION:
  Value: -258030.000000
  Assigns: 6 235 137 3 110 54 85 69 76 54 198 83 6 249 198 234 66 198 172 83 29 111 128 30 199 3 4 73 137 92 212 66 202 3 249 126 198 76 235 167 126 218 126 137 66 4 73 73 128 199 69 199 36 54 76 54 202 73 198 199 167 218 91 6 36 218 54 202 218 66 85 162 83 137 36 69 199 235 69 66 4 234 202 126 199 198 199 212 212 128 36 36 111 36 110 69 66 126 91 6 66 128 126 76 167 110 126 235 172 76 83 29 4 167 76 4 198 212 91 199 91 6 91 212 167 111 66 199 85 3 202 6 235 4 212 110 85 234 235 54 234 110 202 167 249 137 85 92 73 92 235 83 29 199 91 85 36 3 234 110 167 199 234 167 6 30 29 30 128 92 36 167 66 29 172 73 162 235 54 73 172 137 137 198 128 54 128 4 249 249 3 83 235 6 218 36 162 212 76 249 92 162 199 162 234 235 235 30 4 172 172 76 54 111 126 76 4 73 111 110 3 218 235 29 30 91 30 137 126 137 73 198 235 29 66 69 172 30 218 69 202 92 91 69 110 54 249 83 73 85 
  Facilities: 31
 3 : 3 25 33 129 157 190 220
 4 : 26 45 80 112 115 133 187 208 216
 6 : 0 12 63 99 121 131 164 193
 29 : 20 111 152 166 173 223 233
 30 : 23 165 167 207 224 226 237
 36 : 52 64 74 90 91 93 156 170 195
 54 : 5 9 53 55 66 139 178 185 212 245
 66 : 16 31 44 69 79 96 100 126 172 234
 69 : 7 50 75 78 95 235 239 243
 73 : 27 46 47 57 148 175 179 217 230 248
 76 : 8 37 54 103 109 114 198 211 215
 83 : 11 19 72 110 151 191 247
 85 : 6 70 128 136 146 155 249
 91 : 62 98 118 120 122 154 225 242
 92 : 29 147 149 169 200 241
 110 : 4 94 105 135 141 159 219 244
 111 : 21 92 125 213 218
 126 : 35 40 42 83 97 102 106 214 228
 128 : 22 48 89 101 168 184 186
 137 : 2 28 43 73 145 181 182 227 229
 162 : 71 176 196 201 203
 167 : 39 60 104 113 124 143 160 163 171
 172 : 18 108 174 180 209 210 236
 198 : 10 14 17 36 58 85 116 183 231
 199 : 24 49 51 59 76 84 86 119 127 153 161 202
 202 : 32 56 67 82 130 142 240
 212 : 30 87 88 117 123 134 197
 218 : 41 61 65 68 194 221 238
 234 : 15 81 137 140 158 162 204
 235 : 1 38 77 107 132 138 150 177 192 205 206 222 232
 249 : 13 34 144 188 189 199 246
SOLUTION:
  Value: -258034.000000
  Assigns: 6 235 137 3 110 54 207 69 76 54 198 83 6 249 198 234 66 198 172 83 29 36 128 207 199 3 4 73 137 249 212 66 202 3 249 126 198 76 235 52 126 218 126 137 66 4 73 73 128 199 69 199 36 54 76 54 52 73 198 199 167 218 91 6 36 218 54 202 218 66 85 162 83 137 36 69 199 235 69 66 4 234 202 126 207 198 199 212 212 128 36 36 207 36 110 69 66 126 91 6 66 128 207 76 167 110 126 52 172 76 83 29 4 167 76 4 198 212 91 199 91 6 91 212 167 36 66 199 85 3 202 6 235 4 212 110 85 234 235 54 234 110 202 167 249 137 85 249 73 212 235 83 29 199 91 85 36 3 234 110 167 199 234 167 6 30 29 30 128 126 36 167 66 29 172 73 162 235 54 73 172 137 137 198 128 54 128 4 249 249 3 83 235 6 218 36 162 212 76 249 85 162 199 162 234 235 235 30 4 172 172 76 54 4 126 76 4 73 52 110 3 218 207 29 30 91 30 137 126 137 73 198 235 29 66 69 172 30 218 69 202 249 91 69 110 54 249 83 73 85 
  Facilities: 31
 3 : 3 25 33 129 157 190 220
 4 : 26 45 80 112 115 133 187 208 213 216
 6 : 0 12 63 99 121 131 164 193
 29 : 20 111 152 166 173 223 233
 30 : 165 167 207 224 226 237
 36 : 21 52 64 74 90 91 93 125 156 170 195
 52 : 39 56 107 218
 54 : 5 9 53 55 66 139 178 185 212 245
 66 : 16 31 44 69 79 96 100 126 172 234
 69 : 7 50 75 78 95 235 239 243
 73 : 27 46 47 57 148 175 179 217 230 248
 76 : 8 37 54 103 109 114 198 211 215
 83 : 11 19 72 110 151 191 247
 85 : 70 128 136 146 155 200 249
 91 : 62 98 118 120 122 154 225 242
 110 : 4 94 105 135 141 159 219 244
 126 : 35 40 42 83 97 106 169 214 228
 128 : 22 48 89 101 168 184 186
 137 : 2 28 43 73 145 181 182 227 229
 162 : 71 176 196 201 203
 167 : 60 104 113 124 143 160 163 171
 172 : 18 108 174 180 209 210 236
 198 : 10 14 17 36 58 85 116 183 231
 199 : 24 49 51 59 76 86 119 127 153 161 202
 202 : 32 67 82 130 142 240
 207 : 6 23 84 92 102 222
 212 : 30 87 88 117 123 134 149 197
 218 : 41 61 65 68 194 221 238
 234 : 15 81 137 140 158 162 204
 235 : 1 38 77 132 138 150 177 192 205 206 232
 249 : 13 29 34 144 147 188 189 199 241 246
SOLUTION:
  Value: -258034.000000
  Assigns: 6 235 137 3 110 54 207 69 76 54 198 83 6 249 198 234 66 198 172 83 29 36 128 207 199 3 4 73 137 92 212 66 202 3 249 126 198 76 235 52 126 218 126 137 66 4 73 73 128 199 69 199 36 54 76 54 52 73 198 199 167 218 91 6 36 218 54 202 218 66 85 172 83 137 36 69 199 235 69 66 4 234 202 126 207 198 199 212 212 128 36 36 207 36 110 69 66 126 91 6 66 128 207 76 167 110 126 52 172 76 83 29 4 167 76 4 198 212 91 199 91 6 91 212 167 36 66 199 85 3 202 6 235 4 212 110 85 234 235 54 234 110 202 167 249 137 85 92 73 92 235 83 29 199 91 85 36 3 234 110 167 199 234 167 6 30 29 30 128 92 36 167 66 29 172 73 30 235 54 73 172 137 137 198 128 54 128 4 249 249 3 83 235 6 218 36 137 212 76 249 92 167 199 234 234 235 235 30 4 172 172 76 54 4 126 76 4 73 52 110 3 218 207 29 30 91 30 137 126 137 73 198 235 29 66 69 172 30 218 69 202 92 91 69 110 54 249 83 73 85 
  Facilities: 31
 3 : 3 25 33 129 157 190 220
 4 : 26 45 80 112 115 133 187 208 213 216
 6 : 0 12 63 99 121 131 164 193
 29 : 20 111 152 166 173 223 233
 30 : 165 167 176 207 224 226 237
 36 : 21 52 64 74 90 91 93 125 156 170 195
 52 : 39 56 107 218
 54 : 5 9 53 55 66 139 178 185 212 245
 66 : 16 31 44 69 79 96 100 126 172 234
 69 : 7 50 75 78 95 235 239 243
 73 : 27 46 47 57 148 175 179 217 230 248
 76 : 8 37 54 103 109 114 198 211 215
 83 : 11 19 72 110 151 191 247
 85 : 70 128 136 146 155 249
 91 : 62 98 118 120 122 154 225 242
 92 : 29 147 149 169 200 241
 110 : 4 94 105 135 141 159 219 244
 126 : 35 40 42 83 97 106 214 228
 128 : 22 48 89 101 168 184 186
 137 : 2 28 43 73 145 181 182 196 227 229
 167 : 60 104 113 124 143 160 163 171 201
 172 : 18 71 108 174 180 209 210 236
 198 : 10 14 17 36 58 85 116 183 231
 199 : 24 49 51 59 76 86 119 127 153 161 202
 202 : 32 67 82 130 142 240
 207 : 6 23 84 92 102 222
 212 : 30 87 88 117 123 134 197
 218 : 41 61 65 68 194 221 238
 234 : 15 81 137 140 158 162 203 204
 235 : 1 38 77 132 138 150 177 192 205 206 232
 249 : 13 34 144 188 189 199 246
