# Time: 499.839996
# Elapsed: 203.757355
# Input_file: splp/M/R/MR1
# Pool_size: 400
# Iterations: 9
# Final_solutions: 421
# Vision_range: 600
# Reduction_mode: REDUCTION_DISPERSE
# Dissimilitude: DISSIM_HAUSDORFF
# Facility_dist: FDISMODE_MINDIST
SOLUTION:
  Value: -2608.147460
  Assigns: 462 109 115 264 484 484 466 109 466 115 462 466 466 109 264 462 466 462 109 462 115 466 484 484 466 466 115 115 264 484 462 484 264 462 115 109 264 109 462 466 466 466 264 462 115 109 115 109 109 109 109 466 466 466 115 264 484 109 462 115 264 115 462 462 109 466 462 115 462 109 466 484 466 466 109 115 466 115 109 462 115 462 264 264 466 466 462 466 109 115 466 115 115 109 115 484 484 115 462 484 484 484 462 115 109 466 484 264 264 466 115 484 466 264 484 109 264 109 462 484 264 109 462 484 466 466 264 115 264 115 115 484 115 109 115 462 484 484 109 466 484 115 462 264 462 466 462 264 466 109 484 466 264 115 264 466 484 462 264 264 109 466 264 115 109 466 466 264 466 109 115 466 115 466 466 264 109 115 109 466 462 115 462 466 264 264 462 466 466 115 466 466 484 466 115 462 115 109 466 466 462 115 466 115 466 462 109 115 484 109 484 264 264 462 462 109 462 484 115 466 264 115 115 264 264 264 115 264 462 264 484 466 466 466 115 462 109 462 466 462 484 109 462 462 109 484 264 484 484 484 466 115 109 484 264 484 115 484 466 264 484 115 115 462 462 484 462 462 264 109 484 484 115 484 462 466 264 115 115 466 115 484 466 466 466 462 115 466 264 462 466 484 264 462 466 115 115 264 115 115 115 462 109 466 484 264 466 462 264 109 264 264 462 462 466 466 115 484 466 462 484 109 264 484 462 462 466 462 109 264 109 264 484 466 115 484 264 466 264 462 264 264 484 115 466 115 109 115 484 484 462 264 462 109 109 484 115 462 466 484 109 484 484 264 466 466 466 109 115 462 264 462 115 484 264 115 109 115 115 484 264 115 109 115 462 462 462 264 484 115 264 109 109 115 466 462 109 115 115 466 466 484 264 115 466 109 109 115 115 466 462 109 109 264 264 115 264 264 264 264 462 264 109 115 462 115 462 466 264 484 109 466 264 462 466 264 484 115 466 264 462 484 115 115 466 115 484 466 264 484 462 264 484 109 264 462 462 462 462 109 484 484 462 109 462 466 109 466 109 115 109 484 466 115 264 109 115 115 484 109 466 484 115 115 109 115 115 115 466 264 115 462 462 264 462 462 264 109 484 462 
  Facilities: 6
 109 : 1 7 13 18 35 37 45 47 48 49 50 57 64 69 74 78 88 93 104 115 117 121 133 138 149 160 164 169 176 178 197 206 209 215 236 241 244 252 269 302 309 321 328 330 346 353 354 360 367 376 382 391 392 396 405 406 411 412 422 430 453 459 463 466 468 470 475 479 484 497
 115 : 2 9 20 26 27 34 44 46 54 59 61 67 75 77 80 89 91 92 94 97 103 110 127 129 130 132 134 141 153 163 170 172 177 181 189 194 196 201 203 207 218 221 222 226 234 251 256 261 262 272 277 278 280 286 295 296 298 299 300 316 334 343 345 347 356 368 372 375 377 378 381 383 389 393 397 398 403 407 408 415 423 425 437 442 443 445 469 473 476 477 482 483 485 486 487 490
 264 : 3 14 28 32 36 42 55 60 82 83 107 108 113 116 120 126 128 143 147 152 154 158 159 162 167 175 184 185 211 212 220 223 224 225 227 229 246 254 259 268 276 288 292 297 305 308 310 311 322 329 331 336 338 340 341 351 363 370 374 380 387 390 402 413 414 416 417 418 419 421 428 432 435 439 448 451 454 474 489 493 496
 462 : 0 10 15 17 19 30 33 38 43 58 62 63 66 68 79 81 86 98 102 118 122 135 142 144 146 157 180 182 186 195 200 205 213 214 216 228 235 237 239 242 243 263 264 266 267 274 285 289 293 301 307 312 313 319 324 325 327 339 350 352 357 369 371 384 385 386 395 410 420 424 426 433 440 450 455 456 457 458 462 464 491 492 494 495 499
 466 : 6 8 11 12 16 21 24 25 39 40 41 51 52 53 65 70 72 73 76 84 85 87 90 105 109 112 124 125 139 145 148 151 155 161 165 166 168 171 173 174 179 183 187 188 190 191 193 198 199 202 204 219 231 232 233 238 250 258 275 279 282 283 284 287 290 294 303 306 314 315 318 326 333 337 344 358 364 365 366 394 399 400 404 409 427 431 434 438 444 447 465 467 472 480 488
 484 : 4 5 22 23 29 31 56 71 95 96 99 100 101 106 111 114 119 123 131 136 137 140 150 156 192 208 210 217 230 240 245 247 248 249 253 255 257 260 265 270 271 273 281 291 304 317 320 323 332 335 342 348 349 355 359 361 362 373 379 388 401 429 436 441 446 449 452 460 461 471 478 481 498
SOLUTION:
  Value: -2609.078750
  Assigns: 288 109 115 288 288 288 109 401 288 115 462 401 264 109 288 462 109 462 401 462 115 109 401 109 462 264 401 288 264 115 462 462 264 462 401 109 264 109 462 401 401 264 264 462 115 288 115 109 109 109 109 288 288 401 115 264 401 109 462 115 264 288 288 401 109 288 462 115 462 288 462 462 109 115 401 288 462 115 109 462 115 462 264 264 462 109 288 264 109 288 288 115 115 288 288 288 109 115 288 401 109 288 462 115 109 109 288 264 264 401 115 288 401 264 115 109 264 401 462 115 264 288 462 401 109 401 264 401 401 115 115 288 115 109 115 462 109 288 288 264 115 115 462 264 462 115 462 264 401 109 288 115 288 115 264 115 401 462 264 401 109 288 264 288 109 401 288 264 288 109 115 288 115 264 401 264 288 288 109 288 401 115 401 401 264 264 462 115 115 115 109 115 264 264 115 462 288 109 109 264 462 115 401 115 401 462 109 401 109 288 401 264 264 462 462 109 462 401 115 115 264 115 115 264 288 264 115 264 462 264 109 115 401 401 115 462 109 462 288 462 401 109 401 462 109 288 401 264 288 288 288 288 109 115 401 462 115 288 462 264 401 115 115 401 462 264 288 462 288 109 401 401 115 115 462 264 401 288 115 462 115 401 109 401 462 401 115 401 264 462 109 288 288 288 462 115 115 264 115 115 115 462 401 109 401 264 401 288 264 109 264 264 462 462 264 401 115 462 401 462 401 109 264 401 462 462 109 401 401 264 109 288 109 264 115 115 264 288 264 462 264 264 288 115 115 115 109 401 288 288 462 288 288 109 401 288 115 462 401 264 109 401 109 264 288 462 264 109 288 288 264 288 115 401 264 115 401 115 115 462 264 115 109 401 288 288 462 264 288 115 264 109 109 115 109 462 109 115 115 288 288 115 401 115 109 109 109 401 115 264 288 109 109 264 288 288 264 288 264 264 462 401 401 115 288 115 462 109 264 264 109 115 264 462 115 401 462 115 401 264 462 288 288 115 401 115 115 401 264 109 462 264 288 109 264 401 462 288 288 109 288 462 462 109 462 288 109 462 109 401 109 401 401 115 401 288 288 401 462 109 462 462 115 115 109 115 115 115 109 264 115 462 462 288 462 462 264 109 288 401 
  Facilities: 6
 109 : 1 6 13 16 21 23 35 37 47 48 49 50 57 64 72 78 85 88 96 100 104 105 115 124 133 136 149 160 164 169 178 190 197 198 206 208 215 230 236 241 244 252 269 282 290 303 309 321 326 330 332 346 353 360 362 367 382 391 392 394 396 404 405 406 411 412 427 430 449 453 459 463 466 468 470 479 484 488 497
 115 : 2 9 20 29 44 46 54 59 67 73 77 80 91 92 97 103 110 114 119 129 130 132 134 140 141 145 151 153 155 170 172 181 187 188 189 191 194 201 203 218 219 221 222 226 231 234 253 256 261 262 272 273 278 280 286 295 296 298 299 300 316 334 335 343 344 345 356 372 375 377 378 381 389 393 397 398 401 403 408 423 425 431 434 437 443 445 446 473 482 483 485 486 487 490
 264 : 12 25 28 32 36 41 42 55 60 82 83 87 107 108 113 116 120 126 139 143 147 154 158 162 167 173 175 184 185 192 193 199 211 212 220 223 225 227 229 247 259 265 275 288 297 305 308 310 311 314 322 329 333 336 338 340 341 359 363 366 370 374 380 387 390 409 413 416 418 419 428 429 432 439 448 451 454 489 496
 288 : 0 3 4 5 8 14 27 45 51 52 61 62 65 69 75 86 89 90 93 94 95 98 101 106 111 121 131 137 138 150 152 161 163 166 168 171 176 177 179 196 209 224 238 245 248 249 250 251 257 266 268 277 291 292 293 307 331 337 342 348 349 351 352 355 364 368 369 371 384 385 388 399 400 410 414 415 417 424 441 442 452 457 458 460 465 475 476 493 498
 401 : 7 11 18 22 26 34 39 40 53 56 63 74 99 109 112 117 123 125 127 128 148 156 159 165 174 180 182 183 202 204 207 210 217 232 233 240 242 246 254 260 263 270 271 276 281 283 285 287 302 304 306 315 318 320 323 327 328 347 354 358 361 373 376 383 402 407 421 422 435 438 444 447 455 469 471 472 474 477 499
 462 : 10 15 17 19 24 30 31 33 38 43 58 66 68 70 71 76 79 81 84 102 118 122 135 142 144 146 157 186 195 200 205 213 214 216 228 235 237 239 243 255 258 264 267 274 279 284 289 294 301 312 313 317 319 324 325 339 350 357 365 379 386 395 420 426 433 436 440 450 456 461 462 464 467 478 480 481 491 492 494 495
SOLUTION:
  Value: -2614.608650
  Assigns: 185 109 185 264 145 185 145 145 185 145 462 145 264 109 264 462 109 462 185 462 115 145 264 145 462 264 115 145 264 145 462 462 145 462 185 185 264 185 462 462 185 145 264 185 115 185 115 109 109 145 109 185 115 145 115 264 115 109 462 115 264 115 462 145 145 145 185 115 145 145 185 462 185 115 109 145 462 115 109 462 145 462 264 264 145 145 462 145 109 115 185 115 115 185 185 185 185 115 462 185 109 185 462 115 109 145 185 185 264 185 115 462 185 264 115 109 264 109 462 185 264 145 462 185 109 185 145 185 145 115 115 185 115 109 115 462 185 145 109 264 185 115 185 264 462 145 462 264 109 109 109 115 264 115 264 145 264 462 264 145 109 264 264 115 109 145 185 264 185 109 115 145 145 264 264 185 109 115 109 264 462 115 185 145 264 264 462 185 115 115 109 115 264 264 115 462 115 109 109 185 462 115 145 115 264 462 109 145 109 185 145 264 264 462 145 109 462 264 115 115 185 115 185 264 185 264 115 264 462 264 145 185 462 109 115 462 109 462 145 462 115 109 462 462 109 145 264 264 264 462 145 115 109 145 264 145 115 185 145 264 145 115 115 462 462 264 462 185 264 109 145 109 115 115 462 264 264 115 115 462 115 109 109 145 462 462 115 185 264 462 109 115 264 462 462 115 115 264 185 115 115 145 185 145 145 264 185 185 145 109 264 264 462 185 264 145 185 185 145 462 109 185 264 145 185 145 145 462 145 145 145 185 185 185 115 115 264 115 264 462 264 264 109 115 115 115 185 185 145 109 462 185 462 109 109 462 115 462 145 264 109 145 109 185 185 462 264 185 115 185 264 462 115 145 264 115 185 115 115 462 264 115 109 115 185 462 462 264 145 145 145 109 109 115 109 462 109 115 115 185 264 115 264 145 185 109 145 115 115 264 462 109 109 264 185 115 145 264 185 264 185 145 109 115 145 115 462 185 264 264 109 115 264 462 115 185 462 115 145 264 462 185 115 115 145 115 115 185 145 109 145 264 264 109 264 462 462 462 462 109 185 462 462 109 462 185 109 185 109 115 109 185 109 115 264 109 115 115 462 109 185 145 115 115 109 115 115 115 109 264 115 462 462 264 462 462 264 109 185 185 
  Facilities: 6
 109 : 1 13 16 47 48 50 57 74 78 88 100 104 115 117 124 133 138 148 149 150 160 164 169 176 178 190 197 198 206 208 215 233 236 241 244 252 269 271 281 282 290 309 320 342 349 353 354 360 362 382 391 392 394 396 405 411 412 422 430 449 453 459 463 466 468 470 472 475 479 484 488 497
 115 : 20 26 44 46 52 54 56 59 61 67 73 77 89 91 92 97 103 110 114 129 130 132 134 141 151 153 163 170 177 181 188 189 191 194 196 201 203 218 219 221 226 234 240 251 256 261 262 272 273 277 278 280 286 291 295 296 299 300 334 335 337 343 344 345 356 368 372 375 377 378 381 383 393 397 398 401 407 408 415 423 425 431 434 437 442 443 445 446 469 473 476 477 482 483 485 486 487 490
 145 : 4 6 7 9 11 21 23 27 29 32 41 49 53 63 64 65 68 69 75 80 84 85 87 105 121 126 128 137 145 155 159 165 171 172 183 202 207 210 214 230 238 245 250 253 255 258 260 270 283 301 303 304 308 315 318 323 325 326 328 329 330 348 358 361 373 388 389 390 403 406 416 421 424 438 444 448 450 481
 185 : 0 2 5 8 18 34 35 37 40 43 45 51 66 70 72 90 93 94 95 96 99 101 106 107 109 112 119 123 125 127 131 136 140 142 166 168 175 182 187 199 209 220 222 224 231 257 267 287 298 302 306 307 313 316 317 321 324 331 332 333 346 347 351 363 364 367 369 376 384 399 404 414 418 420 427 435 441 447 460 465 467 471 480 498 499
 264 : 3 12 14 22 25 28 36 42 55 60 82 83 108 113 116 120 139 143 147 152 154 156 158 161 162 167 173 174 179 184 185 192 193 204 211 212 217 223 225 227 229 246 247 248 254 259 265 268 275 276 288 292 297 305 310 311 314 322 336 338 340 341 359 366 370 374 380 387 400 402 409 413 417 419 428 429 432 439 451 452 454 474 489 493 496
 462 : 10 15 17 19 24 30 31 33 38 39 58 62 71 76 79 81 86 98 102 111 118 122 135 144 146 157 180 186 195 200 205 213 216 228 232 235 237 239 242 243 249 263 264 266 274 279 284 285 289 293 294 312 319 327 339 350 352 355 357 365 371 379 385 386 395 410 426 433 436 440 455 456 457 458 461 462 464 478 491 492 494 495
SOLUTION:
  Value: -2618.773450
  Assigns: 462 109 115 482 484 484 482 401 482 115 462 401 482 109 264 462 109 462 401 482 115 109 401 482 482 264 401 115 264 484 462 484 264 462 401 109 264 482 462 482 401 264 264 482 115 482 115 109 109 109 109 401 115 482 115 482 401 109 462 115 264 115 462 482 482 484 462 115 482 109 462 484 484 115 401 482 462 115 482 462 115 482 264 264 462 484 462 264 109 115 401 115 482 109 115 484 484 115 462 401 484 484 462 115 109 109 482 264 482 401 115 484 401 264 484 109 264 401 462 484 264 482 462 401 482 401 264 401 401 482 115 484 115 109 115 462 484 484 109 264 484 115 462 264 462 482 462 264 401 109 484 482 482 115 264 482 401 462 264 401 109 264 264 115 109 401 264 264 109 482 115 484 115 264 401 264 109 115 109 482 401 115 401 482 264 264 482 482 115 115 109 115 484 264 115 462 115 109 482 264 462 115 401 115 401 462 109 401 484 109 401 264 482 462 462 109 462 484 115 115 264 115 115 264 401 264 115 264 462 264 482 115 401 401 115 462 109 462 482 462 484 109 401 462 109 484 401 484 401 484 482 482 109 484 401 484 115 484 462 264 401 482 115 401 462 482 462 462 264 109 484 484 482 484 462 264 401 115 115 482 115 401 109 401 462 401 115 401 264 462 109 484 264 462 462 115 115 264 115 115 115 482 482 482 401 264 401 482 264 109 264 264 462 482 264 401 115 484 401 462 484 109 264 484 462 462 482 401 401 264 109 264 484 482 115 484 264 115 264 462 264 264 484 115 115 482 109 401 484 484 462 401 462 109 401 484 115 462 401 484 109 484 484 264 482 462 264 109 115 462 264 462 115 482 264 115 401 115 115 484 264 115 109 401 401 462 462 264 484 115 264 109 482 115 109 462 109 115 115 484 264 484 401 115 109 109 109 401 115 482 462 109 109 264 264 482 264 264 264 264 462 401 401 115 462 115 462 482 264 482 109 115 264 462 115 401 484 115 484 264 462 484 115 115 484 115 484 401 264 482 462 264 484 109 264 401 462 462 482 482 484 484 462 109 462 401 109 462 109 401 109 401 401 115 482 109 115 401 484 109 462 484 482 115 109 115 115 115 109 264 115 482 482 264 462 462 264 109 484 401 
  Facilities: 7
 109 : 1 13 16 21 35 47 48 49 50 57 69 88 93 104 105 115 133 138 149 160 164 168 176 178 190 197 206 209 215 236 241 244 252 269 282 290 309 321 330 346 353 360 367 382 391 394 396 404 405 406 411 412 430 453 463 466 468 470 475 479 484 488 497
 115 : 2 9 20 27 44 46 52 54 59 61 67 73 77 80 89 91 94 97 103 110 130 132 134 141 153 163 170 172 177 181 188 189 191 194 196 201 203 218 219 221 222 226 231 234 256 262 277 278 280 286 295 296 298 299 300 316 334 337 343 344 356 368 372 375 377 378 381 389 393 397 398 403 408 423 425 431 434 437 442 443 445 473 476 483 485 486 487 490
 264 : 14 25 28 32 36 41 42 60 82 83 87 107 113 116 120 126 139 143 147 154 158 161 162 166 167 173 175 184 185 193 199 211 220 223 225 227 229 259 268 275 288 292 297 305 308 310 311 314 322 329 331 336 338 340 341 363 366 370 374 380 387 390 400 413 414 416 417 418 419 428 432 439 448 451 454 489 493 496
 401 : 7 11 18 22 26 34 40 51 56 74 90 99 109 112 117 123 125 127 128 148 156 159 165 174 180 182 202 204 207 210 224 232 233 242 246 248 254 260 263 276 281 283 285 287 304 306 315 318 327 328 347 351 354 358 376 383 384 402 407 421 422 435 447 455 465 469 471 472 477 499
 462 : 0 10 15 17 30 33 38 58 62 66 70 76 79 84 86 98 102 118 122 135 142 144 146 157 195 200 205 213 214 216 228 235 237 239 243 258 264 266 267 274 284 289 293 294 312 319 324 325 339 350 352 357 365 369 371 385 386 395 410 420 424 426 433 440 450 456 457 462 464 467 480 494 495
 482 : 3 6 8 12 19 23 24 37 39 43 45 53 55 63 64 68 75 78 81 92 106 108 121 124 129 145 151 152 155 169 179 183 186 187 198 212 230 238 250 251 261 265 272 279 301 302 303 307 313 326 333 345 364 373 392 409 415 427 429 449 458 459 474 482 491 492
 484 : 4 5 29 31 65 71 72 85 95 96 100 101 111 114 119 131 136 137 140 150 171 192 208 217 240 245 247 249 253 255 257 270 271 273 291 317 320 323 332 335 342 348 349 355 359 361 362 379 388 399 401 436 438 441 444 446 452 460 461 478 481 498
SOLUTION:
  Value: -2621.608960
  Assigns: 462 109 115 264 466 466 466 109 466 115 462 466 466 109 264 462 466 462 109 462 115 466 264 109 466 466 115 115 264 115 462 462 264 462 115 109 264 109 462 466 466 466 264 462 115 109 115 109 109 109 109 466 466 466 115 264 115 109 462 115 264 115 462 462 109 466 462 115 462 109 466 462 466 466 109 115 466 115 109 462 115 462 264 264 466 466 462 466 109 115 466 115 115 109 115 264 109 115 462 466 109 462 462 115 109 466 115 264 264 466 115 462 466 264 115 109 264 109 462 115 264 109 462 462 466 466 264 115 264 115 115 115 115 109 115 462 109 109 109 466 115 115 462 264 462 466 462 264 466 109 109 466 264 115 264 466 264 462 264 264 109 466 264 115 109 466 466 264 466 109 115 466 115 466 466 264 109 115 109 466 462 115 462 466 264 264 462 466 466 115 466 466 264 466 115 462 115 109 466 466 462 115 466 115 466 462 109 115 109 109 264 264 264 462 462 109 462 264 115 466 264 115 115 264 264 264 115 264 462 264 109 466 466 466 115 462 109 462 466 462 115 109 462 462 109 466 264 264 264 466 466 115 109 115 264 462 115 109 466 264 466 115 115 462 462 264 462 462 264 109 462 109 115 115 462 466 264 115 115 466 115 109 466 466 466 462 115 466 264 462 466 115 264 462 466 115 115 264 115 115 115 462 109 466 264 264 466 462 264 109 264 264 462 462 466 466 115 462 466 462 109 109 264 109 462 462 466 462 109 264 109 264 109 466 115 115 264 466 264 462 264 264 109 115 466 115 109 115 466 109 462 264 462 109 109 462 115 462 466 264 109 109 109 264 466 466 466 109 115 462 264 462 115 109 264 115 109 115 115 462 264 115 109 115 462 462 462 264 264 115 264 109 109 115 466 462 109 115 115 466 466 115 264 115 466 109 109 115 115 466 462 109 109 264 264 115 264 264 264 264 462 264 109 115 462 115 462 466 264 264 109 466 264 462 466 264 462 115 466 264 462 115 115 115 466 115 115 466 264 466 462 264 466 109 264 462 462 462 462 109 109 462 462 109 462 466 109 466 109 115 109 462 466 115 264 109 115 115 462 109 466 462 115 115 109 115 115 115 466 264 115 462 462 264 462 462 264 109 264 462 
  Facilities: 5
 109 : 1 7 13 18 23 35 37 45 47 48 49 50 57 64 69 74 78 88 93 96 100 104 115 117 121 133 136 137 138 149 150 160 164 169 176 178 197 206 208 209 215 230 236 241 244 252 257 269 271 281 302 309 320 321 323 328 330 332 342 346 349 353 354 360 361 362 367 373 376 382 391 392 396 405 406 411 412 422 430 453 459 460 463 466 468 470 475 479 484 497
 115 : 2 9 20 26 27 29 34 44 46 54 56 59 61 67 75 77 80 89 91 92 94 97 103 106 110 114 119 127 129 130 131 132 134 140 141 153 163 170 172 177 181 189 194 196 201 203 207 218 221 222 226 234 240 251 253 256 261 262 272 273 277 278 280 286 291 295 296 298 299 300 316 334 335 343 345 347 356 368 372 375 377 378 381 383 389 393 397 398 401 403 407 408 415 423 425 437 441 442 443 445 446 469 473 476 477 482 483 485 486 487 490
 264 : 3 14 22 28 32 36 42 55 60 82 83 95 107 108 113 116 120 126 128 143 147 152 154 156 158 159 162 167 175 184 185 192 210 211 212 217 220 223 224 225 227 229 246 247 248 254 259 265 268 276 288 292 297 304 305 308 310 311 322 329 331 336 338 340 341 351 359 363 370 374 380 387 388 390 402 413 414 416 417 418 419 421 428 429 432 435 439 448 451 454 474 489 493 496 498
 462 : 0 10 15 17 19 30 31 33 38 43 58 62 63 66 68 71 79 81 86 98 101 102 111 118 122 123 135 142 144 146 157 180 182 186 195 200 205 213 214 216 228 235 237 239 242 243 255 263 264 266 267 270 274 285 289 293 301 307 312 313 317 319 324 325 327 339 350 352 355 357 369 371 379 384 385 386 395 410 420 424 426 433 436 440 450 455 456 457 458 461 462 464 471 478 481 491 492 494 495 499
 466 : 4 5 6 8 11 12 16 21 24 25 39 40 41 51 52 53 65 70 72 73 76 84 85 87 90 99 105 109 112 124 125 139 145 148 151 155 161 165 166 168 171 173 174 179 183 187 188 190 191 193 198 199 202 204 219 231 232 233 238 245 249 250 258 260 275 279 282 283 284 287 290 294 303 306 314 315 318 326 333 337 344 348 358 364 365 366 394 399 400 404 409 427 431 434 438 444 447 449 452 465 467 472 480 488
SOLUTION:
  Value: -2622.203110
  Assigns: 288 109 115 288 288 482 482 401 414 115 482 401 482 109 288 109 109 288 401 482 115 414 401 482 482 264 401 288 264 414 109 414 264 414 401 109 264 482 109 482 401 264 414 482 115 482 414 109 109 109 109 288 414 482 115 482 401 414 264 115 414 288 288 482 482 288 264 115 482 288 482 288 109 115 401 288 414 115 482 115 115 482 264 264 401 482 288 264 109 288 288 115 482 288 288 288 414 115 288 401 109 288 115 115 109 414 482 414 482 414 115 288 401 264 115 109 264 401 288 115 264 288 264 401 482 401 264 401 401 482 115 288 115 109 115 401 109 288 288 414 115 115 482 264 109 482 115 264 414 109 288 482 288 115 264 482 401 414 264 401 109 288 264 288 109 401 288 264 288 482 115 288 115 414 414 264 414 288 109 482 401 115 401 482 264 264 482 482 115 115 109 115 414 264 115 482 288 109 482 264 109 115 401 115 401 115 109 401 109 288 401 264 482 115 414 109 401 401 115 115 264 115 115 264 288 264 115 264 414 264 482 115 401 401 115 115 109 115 288 401 401 414 401 264 109 288 401 264 288 288 482 288 109 482 414 115 115 288 414 264 401 482 115 401 288 482 288 288 414 109 401 401 482 115 264 264 401 288 115 482 115 401 109 401 401 401 115 401 264 288 109 288 288 288 401 414 115 264 115 115 115 482 482 482 401 264 401 288 414 109 264 264 115 482 264 414 115 414 401 482 401 109 264 401 414 414 482 401 401 264 109 288 414 482 115 414 264 288 264 115 264 264 414 115 115 482 109 401 288 288 414 288 288 109 401 414 115 109 401 414 109 401 109 264 288 482 264 109 288 288 264 288 115 482 264 115 401 115 115 115 264 115 109 401 288 288 264 264 288 414 414 109 482 115 414 288 109 115 115 288 288 414 401 115 414 109 414 401 414 482 288 109 109 264 288 482 264 288 264 264 109 401 401 115 288 115 264 482 264 414 109 414 264 414 414 401 482 115 401 264 115 288 288 115 401 115 115 401 264 414 264 264 414 109 264 401 401 288 482 482 288 482 414 109 264 288 109 115 109 401 109 401 401 115 482 288 288 401 264 109 414 109 482 115 109 115 414 115 109 264 115 482 482 288 288 414 264 109 414 401 
  Facilities: 7
 109 : 1 13 15 16 30 35 38 47 48 49 50 72 88 100 104 115 133 136 144 149 160 164 178 190 197 200 206 208 215 236 244 252 269 282 290 309 321 330 346 353 357 360 362 367 382 391 396 405 411 412 420 430 453 463 466 468 470 479 481 484 488 497
 115 : 2 9 20 44 54 59 67 73 77 79 80 91 97 102 103 110 114 119 130 132 134 140 141 146 153 170 172 181 188 189 191 194 201 203 205 213 218 219 221 222 226 231 234 235 237 255 256 262 273 278 280 286 296 298 299 300 312 316 334 339 343 344 356 372 375 377 378 379 381 393 397 398 403 423 425 437 440 443 445 446 467 473 483 485 487 490
 264 : 25 28 32 36 41 58 66 82 83 87 113 116 120 122 126 143 147 154 158 162 167 175 184 185 193 199 211 220 223 225 227 229 243 247 259 274 275 288 297 305 310 311 314 322 329 336 338 340 341 363 366 370 374 380 386 387 413 416 418 419 426 428 432 439 448 450 451 454 464 478 489 496
 288 : 0 3 4 14 17 27 51 61 62 65 69 71 75 86 89 90 93 94 95 98 101 111 118 121 131 137 138 150 152 161 163 166 168 171 177 196 209 224 238 245 248 249 251 257 264 266 267 277 289 291 292 293 307 331 337 348 349 351 352 364 368 369 371 384 385 388 395 399 400 410 414 417 424 441 442 457 460 465 475 476 493 494
 401 : 7 11 18 22 26 34 40 56 74 84 99 112 117 123 125 127 128 135 156 159 165 180 182 202 204 207 210 216 217 232 233 239 240 242 246 260 263 270 271 276 281 283 284 285 287 294 304 306 318 320 323 327 328 347 354 358 361 376 383 402 407 421 422 435 438 444 447 455 456 469 471 472 477 499
 414 : 8 21 29 31 33 42 46 52 57 60 76 96 105 107 109 139 148 157 173 174 176 192 214 228 241 254 258 268 295 308 315 317 324 325 332 335 342 350 355 359 389 390 394 401 404 406 408 429 431 433 434 449 452 462 480 486 495 498
 482 : 5 6 10 12 19 23 24 37 39 43 45 53 55 63 64 68 70 78 81 85 92 106 108 124 129 142 145 151 155 169 179 183 186 187 195 198 212 230 250 253 261 265 272 279 301 302 303 313 319 326 333 345 365 373 392 409 415 427 436 458 459 461 474 482 491 492
SOLUTION:
  Value: -2622.924750
  Assigns: 288 109 115 288 288 288 145 145 414 145 462 145 264 109 288 462 109 462 414 462 115 414 264 145 462 264 115 288 264 145 462 414 145 414 288 109 264 109 462 288 288 145 414 462 115 288 414 109 109 145 109 288 414 414 115 264 288 414 462 115 414 288 288 145 145 288 462 115 145 288 462 462 109 115 109 288 414 115 414 462 145 462 264 264 145 145 288 145 109 288 288 115 115 145 288 288 414 115 288 288 109 288 462 115 109 145 288 414 414 414 115 288 462 264 115 109 264 109 462 145 264 288 462 462 109 109 145 414 145 115 115 288 115 109 115 462 109 288 288 414 115 115 462 264 462 145 462 264 414 109 288 115 288 115 264 145 288 462 264 145 109 288 264 288 109 145 288 264 288 109 115 288 145 414 414 264 414 288 109 288 462 115 462 145 264 264 462 115 115 115 109 115 414 264 115 462 288 109 109 264 462 115 145 115 264 462 109 145 109 288 145 264 264 462 145 109 462 264 115 115 264 115 115 264 288 264 115 264 462 264 145 115 462 109 115 462 109 462 288 462 115 414 462 462 109 145 264 264 288 288 145 288 109 414 414 145 115 288 414 264 145 115 115 462 462 264 288 462 414 109 145 109 115 115 462 264 264 288 115 462 115 109 109 414 462 462 115 414 264 462 109 288 288 288 462 414 115 264 115 115 115 145 109 145 414 264 115 288 145 109 264 264 462 414 264 414 115 414 145 462 109 145 264 145 414 145 145 414 145 145 145 288 414 264 115 414 264 288 264 462 264 264 414 115 115 115 109 288 288 288 462 288 288 109 109 414 115 462 145 414 109 145 109 264 288 462 264 109 288 288 264 288 115 145 264 115 109 115 115 462 264 115 109 115 288 288 462 264 288 145 145 109 109 115 414 462 109 115 115 288 288 414 414 145 414 109 145 115 414 264 288 109 109 264 288 288 145 288 264 264 462 145 109 115 145 115 462 109 264 414 109 414 264 462 414 288 462 115 145 264 462 288 288 115 145 115 115 109 145 414 145 264 414 109 264 462 462 288 288 109 288 462 462 109 462 288 109 462 109 414 109 145 414 115 264 288 288 115 462 109 462 145 115 115 109 115 414 115 109 264 115 462 462 288 462 414 264 109 414 414 
  Facilities: 7
 109 : 1 13 16 35 37 47 48 50 72 74 88 100 104 115 117 124 125 133 136 149 160 164 169 178 190 197 198 206 208 215 233 236 244 252 269 271 281 282 290 302 309 320 346 353 354 360 362 367 376 382 391 392 396 405 411 412 422 427 430 447 453 459 463 466 468 470 479 484 488 497
 115 : 2 20 26 44 54 59 67 73 77 91 92 97 103 110 114 129 130 132 134 140 141 151 153 170 181 187 188 189 191 194 201 203 218 219 221 222 226 231 234 240 256 261 262 272 273 278 280 286 296 298 299 300 306 316 334 343 344 345 356 372 375 377 378 381 383 393 397 398 407 423 425 437 443 445 446 473 477 482 483 485 487 490
 145 : 6 7 9 11 23 29 32 41 49 63 64 68 80 84 85 87 93 105 119 126 128 145 155 159 165 172 183 202 207 210 214 230 245 250 255 260 270 301 303 308 318 321 323 325 326 328 329 330 358 361 373 389 390 403 406 416 421 424 438 444 448 450 471 481
 264 : 12 22 25 28 36 55 82 83 113 116 120 143 147 154 158 162 167 175 184 185 193 199 204 211 212 217 220 223 225 227 229 246 247 259 265 275 276 288 297 305 310 311 314 322 333 336 338 340 341 363 366 370 374 380 387 409 413 418 419 428 432 439 451 454 474 489 496
 288 : 0 3 4 5 14 27 34 39 40 45 51 56 61 62 65 69 75 86 89 90 94 95 98 99 101 106 111 121 131 137 138 150 152 156 161 163 166 168 171 177 179 196 209 224 238 248 249 251 257 266 277 291 292 293 307 331 337 347 348 349 351 352 364 368 369 371 384 385 388 399 400 410 414 415 417 435 441 442 457 458 460 465 475 476 493
 414 : 8 18 21 31 33 42 46 52 53 57 60 76 78 96 107 108 109 127 139 148 173 174 176 192 241 253 254 258 268 283 287 295 304 313 315 317 324 327 332 335 342 355 359 394 401 402 404 408 429 431 434 449 452 469 472 486 495 498 499
 462 : 10 15 17 19 24 30 38 43 58 66 70 71 79 81 102 112 118 122 123 135 142 144 146 157 180 182 186 195 200 205 213 216 228 232 235 237 239 242 243 263 264 267 274 279 284 285 289 294 312 319 339 350 357 365 379 386 395 420 426 433 436 440 455 456 461 462 464 467 478 480 491 492 494
SOLUTION:
  Value: -2636.646260
  Assigns: 264 484 286 95 286 95 482 484 414 95 482 482 95 286 414 482 264 286 414 482 286 414 484 482 95 264 95 414 264 484 482 414 264 414 95 95 264 95 286 95 95 264 95 482 484 482 95 264 286 286 286 95 414 482 286 482 286 414 484 484 414 484 95 482 482 484 484 414 482 95 95 484 484 286 286 482 414 95 482 264 484 482 264 264 95 484 95 286 482 482 95 95 95 484 286 484 484 286 286 484 95 286 414 484 414 414 95 286 482 95 482 484 95 264 484 286 264 286 286 484 264 482 484 95 95 482 95 482 264 482 95 484 95 264 264 286 484 484 414 414 286 484 482 264 95 95 95 264 95 482 484 482 286 482 264 482 484 414 264 286 95 264 264 95 484 286 264 264 484 482 484 95 286 414 414 95 414 414 286 482 95 484 286 482 264 264 482 482 286 482 286 264 414 264 95 482 482 264 286 264 484 414 95 484 264 286 95 95 484 95 482 264 482 95 95 286 482 484 484 286 95 95 286 264 414 264 95 264 414 264 482 482 286 484 286 286 414 414 414 414 484 414 482 264 286 95 286 484 95 484 482 482 286 484 414 484 482 484 414 264 484 482 286 264 95 482 414 286 414 95 484 484 482 484 264 264 264 264 286 482 286 484 286 414 95 95 286 286 264 95 264 484 264 414 482 414 482 286 414 95 286 482 482 482 414 264 286 482 286 414 264 264 484 482 264 414 482 484 286 482 484 95 264 484 414 414 286 414 482 95 286 95 484 482 414 484 264 484 264 414 264 264 484 484 286 482 264 286 95 95 414 482 286 286 414 414 286 95 414 484 264 286 484 264 482 95 264 286 484 414 264 95 286 286 264 264 95 286 95 484 264 414 95 95 264 95 264 286 286 95 414 414 482 414 414 414 95 414 264 484 286 286 95 484 414 414 414 482 95 482 264 286 95 264 264 482 264 264 264 264 484 264 95 414 286 482 264 286 264 414 484 414 264 414 414 482 286 482 286 264 482 286 95 414 95 286 95 95 264 414 484 264 414 484 264 414 95 414 482 482 484 484 414 95 286 484 482 286 482 414 482 484 414 286 482 95 95 95 484 264 414 484 482 95 414 95 286 264 95 264 95 482 482 95 286 286 264 482 484 414 
  Facilities: 6
 95 : 3 5 9 12 24 26 34 35 37 39 40 42 46 51 62 69 70 77 84 86 90 91 92 100 106 109 112 123 124 126 130 132 144 145 146 148 160 163 171 175 180 194 202 206 207 209 213 214 220 221 226 245 248 264 269 284 285 289 299 321 329 331 348 349 357 365 371 376 378 382 383 385 389 396 402 408 412 422 442 444 446 447 456 463 475 476 477 483 485 488 490 493
 264 : 0 16 25 28 32 36 41 47 79 82 83 113 116 120 128 133 134 143 147 154 158 161 162 166 167 184 185 191 193 197 199 204 211 223 225 227 229 243 259 263 274 275 276 277 288 290 292 305 310 311 314 322 336 338 340 341 346 360 363 366 370 374 375 380 384 386 398 410 413 414 416 417 418 419 421 426 428 432 439 448 451 454 479 487 489 496
 286 : 2 4 13 17 20 38 48 49 50 54 56 73 74 87 94 97 98 101 107 115 117 118 135 140 152 159 165 172 178 182 188 190 198 205 215 219 222 232 234 235 244 246 252 262 267 278 280 282 286 287 297 300 306 308 318 326 330 344 347 352 353 356 361 367 372 373 377 387 388 400 401 411 424 427 436 438 441 445 464 467 473 486 494 495
 414 : 8 14 18 21 27 31 33 52 57 60 67 76 102 104 105 138 139 157 173 174 176 177 192 201 224 228 236 237 238 239 241 254 258 266 268 283 293 295 298 304 309 315 324 325 327 334 339 350 354 355 358 369 381 390 391 393 394 395 397 404 405 406 423 429 431 433 434 443 449 452 455 457 462 469 472 480 484 499
 482 : 6 10 11 15 19 23 30 43 45 53 55 63 64 68 75 78 81 88 89 108 110 121 125 127 129 142 149 151 153 155 169 179 183 186 187 189 195 196 210 212 216 230 231 242 250 251 256 261 265 272 279 294 296 301 302 303 307 313 316 319 328 333 345 351 364 392 407 409 415 425 435 437 440 458 459 466 468 470 474 482 491 492 497
 484 : 1 7 22 29 44 58 59 61 65 66 71 72 80 85 93 95 96 99 103 111 114 119 122 131 136 137 141 150 156 164 168 170 181 200 203 208 217 218 233 240 247 249 253 255 257 260 270 271 273 281 291 312 317 320 323 332 335 337 342 343 359 362 368 379 399 403 420 430 450 453 460 461 465 471 478 481 498
SOLUTION:
  Value: -2662.418650
  Assigns: 462 109 115 482 484 484 482 401 414 115 462 401 482 109 414 462 109 462 401 482 115 414 401 482 482 264 401 115 264 484 462 414 264 414 401 109 264 482 462 482 401 264 414 482 115 482 414 109 109 109 109 401 414 482 115 482 401 414 462 115 414 115 462 482 482 484 462 115 482 109 462 484 484 115 401 482 414 115 482 462 115 482 264 264 462 484 462 264 109 115 401 115 482 109 115 484 484 115 462 401 484 484 462 115 109 414 482 414 482 414 115 484 401 264 484 109 264 401 462 484 264 482 462 401 482 401 264 401 401 482 115 484 115 109 115 462 484 484 109 414 484 115 462 264 462 482 462 264 414 109 484 482 482 115 264 482 401 462 264 401 109 264 264 115 109 401 264 264 109 482 115 484 115 414 414 264 414 115 109 482 401 115 401 482 264 264 482 482 115 115 109 115 414 264 115 462 115 109 482 264 462 115 401 115 401 462 109 401 484 109 401 264 482 462 462 109 462 484 115 115 264 115 115 264 414 264 115 264 462 264 482 115 401 401 115 462 109 462 414 462 484 414 401 462 109 484 401 484 401 484 482 482 109 484 414 484 115 484 414 264 401 482 115 401 462 482 462 462 414 109 484 484 482 484 462 264 401 115 115 482 115 401 109 401 462 401 115 401 264 462 109 484 264 462 462 414 115 264 115 115 115 482 482 482 401 264 401 482 414 109 264 264 462 482 264 414 115 484 401 462 484 109 264 484 414 462 482 401 401 264 109 264 484 482 115 484 264 115 264 462 264 264 484 115 115 482 109 401 484 484 462 401 462 109 401 414 115 462 401 484 109 484 484 264 482 462 264 109 115 414 264 462 115 482 264 115 401 115 115 484 264 115 109 401 401 462 462 264 484 414 414 109 482 115 414 462 109 115 115 484 264 414 401 115 414 109 414 401 414 482 462 109 109 264 264 482 264 264 264 264 462 401 401 115 414 115 462 482 264 414 109 414 264 462 414 401 484 115 484 264 462 414 115 115 484 115 484 401 264 414 462 264 414 109 264 401 462 462 482 482 484 484 462 109 462 401 109 462 109 401 109 401 401 115 482 109 115 401 484 109 462 484 482 115 109 115 414 115 109 264 115 482 482 264 462 414 264 109 484 401 
  Facilities: 8
 109 : 1 13 16 35 47 48 49 50 69 88 93 104 115 133 138 149 160 164 168 178 190 197 206 209 215 236 244 252 269 282 290 309 321 330 346 353 360 367 382 391 396 405 411 412 430 453 463 466 468 470 475 479 484 488 497
 115 : 2 9 20 27 44 54 59 61 67 73 77 80 89 91 94 97 103 110 130 132 134 141 153 163 170 172 177 181 188 189 191 194 196 201 203 218 219 221 222 226 231 234 256 262 277 278 280 286 296 298 299 300 316 334 337 343 344 356 368 372 375 377 378 381 393 397 398 403 423 425 437 442 443 445 473 476 483 485 487 490
 264 : 25 28 32 36 41 82 83 87 113 116 120 126 143 147 154 158 161 162 166 167 175 184 185 193 199 211 220 223 225 227 229 259 275 288 292 297 305 310 311 314 322 329 331 336 338 340 341 363 366 370 374 380 387 400 413 414 416 417 418 419 428 432 439 448 451 454 489 493 496
 401 : 7 11 18 22 26 34 40 51 56 74 90 99 112 117 123 125 127 128 156 159 165 180 182 202 204 207 210 232 233 242 246 248 260 263 276 281 283 285 287 304 306 318 327 328 347 351 354 358 376 383 384 402 407 421 422 435 447 455 465 469 471 472 477 499
 414 : 8 14 21 31 33 42 46 52 57 60 76 105 107 109 139 148 173 174 176 192 224 238 241 254 258 268 295 308 315 324 355 369 389 390 394 401 404 406 408 424 429 431 434 441 449 452 486 495
 462 : 0 10 15 17 30 38 58 62 66 70 79 84 86 98 102 118 122 135 142 144 146 157 195 200 205 213 214 216 228 235 237 239 243 264 266 267 274 284 289 293 294 312 319 325 339 350 352 357 365 371 385 386 395 410 420 426 433 440 450 456 457 462 464 467 480 494
 482 : 3 6 12 19 23 24 37 39 43 45 53 55 63 64 68 75 78 81 92 106 108 121 124 129 145 151 152 155 169 179 183 186 187 198 212 230 250 251 261 265 272 279 301 302 303 307 313 326 333 345 364 373 392 409 415 427 458 459 474 482 491 492
 484 : 4 5 29 65 71 72 85 95 96 100 101 111 114 119 131 136 137 140 150 171 208 217 240 245 247 249 253 255 257 270 271 273 291 317 320 323 332 335 342 348 349 359 361 362 379 388 399 436 438 444 446 460 461 478 481 498
SOLUTION:
  Value: -2695.500210
  Assigns: 462 109 115 264 462 109 109 109 462 115 462 115 264 109 264 462 109 462 109 462 115 109 264 109 462 264 115 115 264 115 462 462 264 462 115 109 264 109 462 462 264 264 264 462 115 109 115 109 109 109 109 109 115 264 115 264 115 109 462 115 264 115 462 462 109 115 462 115 462 109 462 462 109 115 109 115 462 115 109 462 115 462 264 264 462 109 462 264 109 115 462 115 115 109 115 264 109 115 462 115 109 462 462 115 109 109 115 264 264 462 115 462 462 264 115 109 264 109 462 115 264 109 462 462 109 109 264 115 264 115 115 115 115 109 115 462 109 109 109 264 115 115 462 264 462 115 462 264 109 109 109 115 264 115 264 115 264 462 264 264 109 264 264 115 109 462 264 264 109 109 115 462 115 264 264 264 109 115 109 264 462 115 462 264 264 264 462 115 115 115 109 115 264 264 115 462 115 109 109 264 462 115 115 115 264 462 109 115 109 109 264 264 264 462 462 109 462 264 115 115 264 115 115 264 264 264 115 264 462 264 109 115 462 109 115 462 109 462 462 462 115 109 462 462 109 264 264 264 264 462 264 115 109 115 264 462 115 109 462 264 264 115 115 462 462 264 462 462 264 109 462 109 115 115 462 264 264 115 115 462 115 109 109 109 462 462 115 115 264 462 109 115 264 462 462 115 115 264 115 115 115 462 109 109 264 264 115 462 264 109 264 264 462 462 264 264 115 462 115 462 109 109 264 109 462 462 109 462 109 264 109 264 109 264 115 115 264 115 264 462 264 264 109 115 115 115 109 115 115 109 462 264 462 109 109 462 115 462 264 264 109 109 109 264 264 462 264 109 115 462 264 462 115 109 264 115 109 115 115 462 264 115 109 115 462 462 462 264 264 115 264 109 109 115 109 462 109 115 115 115 264 115 264 115 109 109 109 115 115 264 462 109 109 264 264 115 264 264 264 264 462 264 109 115 462 115 462 109 264 264 109 115 264 462 115 264 462 115 264 264 462 115 115 115 109 115 115 109 264 109 462 264 264 109 264 462 462 462 462 109 109 462 462 109 462 462 109 462 109 115 109 462 109 115 264 109 115 115 462 109 462 462 115 115 109 115 115 115 109 264 115 462 462 264 462 462 264 109 264 462 
  Facilities: 4
 109 : 1 5 6 7 13 16 18 21 23 35 37 45 47 48 49 50 51 57 64 69 72 74 78 85 88 93 96 100 104 105 115 117 121 124 125 133 136 137 138 148 149 150 160 164 168 169 176 178 190 197 198 206 208 209 215 230 233 236 241 244 252 257 269 271 281 282 283 290 302 303 309 320 321 323 326 328 330 332 342 346 349 353 354 360 361 362 367 373 376 382 391 392 394 396 404 405 406 411 412 422 427 430 444 447 449 453 459 460 463 466 468 470 472 475 479 484 488 497
 115 : 2 9 11 20 26 27 29 34 44 46 52 54 56 59 61 65 67 73 75 77 80 89 91 92 94 97 99 103 106 110 114 119 127 129 130 131 132 134 140 141 145 151 153 155 163 170 172 177 181 187 188 189 191 194 196 201 202 203 207 218 219 221 222 226 231 234 240 251 253 256 261 262 272 273 277 278 280 286 287 291 295 296 298 299 300 306 316 318 334 335 337 343 344 345 347 348 356 368 372 375 377 378 381 383 389 393 397 398 399 401 403 407 408 415 423 425 431 434 437 441 442 443 445 446 469 473 476 477 482 483 485 486 487 490
 264 : 3 12 14 22 25 28 32 36 40 41 42 53 55 60 82 83 87 95 107 108 113 116 120 126 128 139 143 147 152 154 156 158 159 161 162 166 167 173 174 175 179 183 184 185 192 193 199 204 210 211 212 217 220 223 224 225 227 229 245 246 247 248 250 254 259 260 265 268 275 276 288 292 297 304 305 308 310 311 314 315 322 329 331 333 336 338 340 341 351 358 359 363 364 366 370 374 380 387 388 390 400 402 409 413 414 416 417 418 419 421 428 429 432 435 438 439 448 451 452 454 474 489 493 496 498
 462 : 0 4 8 10 15 17 19 24 30 31 33 38 39 43 58 62 63 66 68 70 71 76 79 81 84 86 90 98 101 102 109 111 112 118 122 123 135 142 144 146 157 165 171 180 182 186 195 200 205 213 214 216 228 232 235 237 238 239 242 243 249 255 258 263 264 266 267 270 274 279 284 285 289 293 294 301 307 312 313 317 319 324 325 327 339 350 352 355 357 365 369 371 379 384 385 386 395 410 420 424 426 433 436 440 450 455 456 457 458 461 462 464 465 467 471 478 480 481 491 492 494 495 499
