# Time: 10.100000
# Elapsed: 1.880155
# Input_file: splp/KoerkelGhosh-asym/250/b/ga250b-5
# Pool_size: 400
# Iterations: 14
# Final_solutions: 4482
# Vision_range: 0
# Reduction_mode: REDUCTION_BESTS
SOLUTION:
  Value: -276792.000000
  Assigns: 183 187 207 240 240 56 240 160 160 56 78 91 78 207 59 240 59 207 91 59 56 78 78 98 91 183 210 183 78 183 240 78 59 78 187 56 210 91 210 98 160 59 78 240 240 183 59 98 56 207 59 98 183 160 98 187 160 98 56 98 98 56 187 183 210 240 91 210 183 78 240 98 98 78 240 187 78 56 240 210 78 160 56 183 98 207 240 210 187 78 91 98 56 98 160 98 240 56 78 59 187 98 183 59 240 210 59 56 59 59 183 240 56 78 187 59 210 98 207 56 59 207 56 240 59 207 59 91 187 59 210 91 98 160 91 78 240 59 78 210 183 207 91 56 207 78 98 59 78 207 98 78 183 207 210 91 56 91 187 183 207 59 210 78 59 59 78 78 56 240 240 187 187 56 56 240 240 98 78 98 210 98 78 210 207 56 91 91 56 160 91 240 187 187 91 183 207 207 210 91 98 183 210 78 240 183 56 183 183 98 207 59 98 207 59 187 210 160 56 207 160 160 183 59 160 98 59 210 240 91 207 207 98 240 91 207 91 59 207 210 183 210 210 240 160 183 98 187 160 207 
  Facilities: 11
 56 : 5 9 20 35 48 58 61 77 82 92 97 107 112 119 122 143 156 168 173 174 185 188 206 218
 59 : 14 16 19 32 41 46 50 99 103 106 108 109 115 120 124 126 129 137 147 161 164 165 211 214 223 226 237
 78 : 10 12 21 22 28 31 33 42 69 73 76 80 89 98 113 135 138 145 148 151 163 166 167 178 182 203
 91 : 11 18 24 37 66 90 127 131 134 142 155 157 186 187 190 194 199 229 234 236
 98 : 23 39 47 51 54 57 59 60 71 72 84 91 93 95 101 117 132 146 150 177 179 181 200 209 212 225 232 246
 160 : 7 8 40 53 56 81 94 133 189 217 220 221 224 244 248
 183 : 0 25 27 29 45 52 63 68 83 102 110 140 152 159 195 201 205 207 208 222 240 245
 187 : 1 34 55 62 75 88 100 114 128 158 171 172 192 193 215 247
 207 : 2 13 17 49 85 118 121 125 141 144 149 153 160 184 196 197 210 213 219 230 231 235 238 249
 210 : 26 36 38 64 67 79 87 105 116 130 139 154 162 180 183 198 202 216 227 239 241 242
 240 : 3 4 6 15 30 43 44 65 70 74 78 86 96 104 111 123 136 169 170 175 176 191 204 228 233 243
SOLUTION:
  Value: -276801.000000
  Assigns: 183 109 245 240 240 109 144 160 160 240 210 91 240 245 245 229 229 229 156 144 229 186 186 109 156 183 144 183 245 183 240 109 229 186 245 144 245 91 210 98 160 210 156 240 240 183 91 229 160 109 109 98 183 160 98 229 160 144 240 98 245 109 183 245 210 240 91 210 183 245 240 98 98 186 240 210 144 245 240 156 109 160 183 183 109 98 156 229 245 229 91 186 109 98 160 144 156 229 156 144 156 98 183 109 240 210 156 240 229 109 183 240 144 229 186 229 245 98 245 109 144 156 144 240 156 156 183 109 156 240 210 91 98 160 186 210 240 240 91 210 156 156 91 160 144 109 98 91 240 91 98 186 183 240 210 91 98 91 183 183 109 144 210 183 186 229 98 240 91 240 229 186 109 156 229 144 240 144 186 98 210 98 210 245 98 229 91 91 245 160 91 240 245 229 91 183 160 245 144 91 98 183 144 210 240 183 109 183 183 98 144 98 98 186 183 229 210 186 98 98 160 160 186 245 156 98 156 210 229 91 186 144 98 240 91 91 186 144 240 210 183 210 229 240 160 183 245 245 245 186 
  Facilities: 12
 91 : 11 37 46 66 90 131 138 142 147 149 155 157 168 186 187 190 194 199 229 234 235
 98 : 39 51 54 59 71 72 85 93 101 117 132 146 150 156 166 179 181 184 200 209 211 212 218 219 225 232
 109 : 1 5 23 31 49 50 61 80 84 92 103 109 119 127 145 160 172 206
 144 : 6 19 26 35 57 76 95 99 112 120 122 144 161 175 177 198 202 210 231 237
 156 : 18 24 42 79 86 96 98 100 106 121 124 125 128 140 141 173 224 226
 160 : 7 8 40 48 53 56 81 94 133 143 189 196 220 221 244
 183 : 0 25 27 29 45 52 62 68 82 83 102 110 126 152 158 159 163 195 201 205 207 208 214 240 245
 186 : 21 22 33 73 91 114 134 151 164 171 178 213 217 222 230 236 249
 210 : 10 38 41 64 67 75 105 130 135 139 154 162 180 182 203 216 227 239 241
 229 : 15 16 17 20 32 47 55 87 89 97 108 113 115 165 170 174 185 193 215 228 242
 240 : 3 4 9 12 30 43 44 58 65 70 74 78 104 107 111 123 129 136 137 148 153 167 169 176 191 204 233 238 243
 245 : 2 13 14 28 34 36 60 63 69 77 88 116 118 183 188 192 197 223 246 247 248
SOLUTION:
  Value: -276819.000000
  Assigns: 183 187 207 240 240 56 240 160 160 56 78 91 78 207 78 240 78 207 91 207 56 78 78 98 91 183 62 183 78 183 240 78 183 78 187 56 210 62 210 98 160 210 78 240 240 183 91 98 56 207 62 98 183 62 98 187 160 62 56 98 62 56 187 183 210 240 91 210 183 78 240 98 98 78 240 187 78 56 240 62 78 160 56 183 62 207 240 62 187 78 91 98 62 98 62 98 62 56 78 62 187 98 183 62 240 210 62 56 240 62 183 240 56 78 187 78 210 98 207 56 183 207 56 240 62 207 187 91 187 240 210 91 98 160 91 78 240 240 78 210 183 207 91 56 207 78 98 91 78 207 98 62 183 207 210 91 56 91 187 183 207 62 210 78 56 62 78 78 56 240 240 187 187 56 62 240 240 98 78 98 210 98 78 210 207 56 91 91 56 160 91 240 187 187 91 183 207 207 210 91 98 183 210 78 240 183 56 183 183 98 62 98 98 207 183 187 210 160 56 207 160 160 62 98 62 98 210 210 240 91 62 207 98 240 91 207 91 183 207 210 183 210 210 240 160 183 98 187 62 207 
  Facilities: 11
 56 : 5 9 20 35 48 58 61 77 82 97 107 112 119 122 143 156 164 168 173 185 188 206 218
 62 : 26 37 50 53 57 60 79 84 87 92 94 96 99 103 106 109 124 151 161 165 174 210 222 224 230 248
 78 : 10 12 14 16 21 22 28 31 33 42 69 73 76 80 89 98 113 115 135 138 145 148 163 166 167 178 182 203
 91 : 11 18 24 46 66 90 127 131 134 142 147 155 157 186 187 190 194 199 229 234 236
 98 : 23 39 47 51 54 59 71 72 91 93 95 101 117 132 146 150 177 179 181 200 209 211 212 223 225 232 246
 160 : 7 8 40 56 81 133 189 217 220 221 244
 183 : 0 25 27 29 32 45 52 63 68 83 102 110 120 140 152 159 195 201 205 207 208 214 237 240 245
 187 : 1 34 55 62 75 88 100 114 126 128 158 171 172 192 193 215 247
 207 : 2 13 17 19 49 85 118 121 125 141 144 149 153 160 184 196 197 213 219 231 235 238 249
 210 : 36 38 41 64 67 105 116 130 139 154 162 180 183 198 202 216 226 227 239 241 242
 240 : 3 4 6 15 30 43 44 65 70 74 78 86 104 108 111 123 129 136 137 169 170 175 176 191 204 228 233 243
SOLUTION:
  Value: -276828.000000
  Assigns: 183 247 245 247 240 56 144 160 160 247 247 91 240 245 247 247 247 144 156 144 56 186 186 98 156 183 144 183 245 183 240 186 247 186 245 144 245 91 210 98 160 210 156 240 240 183 247 98 56 247 144 98 183 160 98 144 160 144 56 98 245 247 183 245 210 240 91 210 183 245 240 247 98 186 240 210 144 56 240 156 247 160 56 183 98 247 156 210 245 247 91 186 56 98 160 144 156 56 156 144 156 98 183 247 240 210 156 56 240 247 183 247 56 183 186 186 245 98 245 56 144 156 56 240 156 247 247 91 156 240 210 91 98 160 186 247 240 240 91 210 156 156 91 56 144 56 98 91 240 91 98 186 183 240 210 91 56 91 183 183 91 144 210 183 186 245 98 240 56 240 240 247 183 56 56 144 240 144 186 98 210 98 210 245 98 56 91 91 56 160 91 247 245 91 91 183 160 245 144 91 98 183 144 210 240 183 56 183 183 98 144 98 98 186 183 247 210 247 56 98 160 160 186 245 156 98 156 210 247 91 186 144 98 240 91 91 186 144 240 210 183 210 247 240 160 183 245 245 245 186 
  Facilities: 12
 56 : 5 20 48 58 77 82 92 97 107 112 119 122 143 145 156 168 173 174 185 188 206 218
 91 : 11 37 66 90 127 131 138 142 147 149 155 157 160 186 187 190 193 194 199 229 234 235
 98 : 23 39 47 51 54 59 72 84 93 101 117 132 146 150 166 179 181 184 200 209 211 212 219 225 232
 144 : 6 17 19 26 35 50 55 57 76 95 99 120 144 161 175 177 198 202 210 231 237
 156 : 18 24 42 79 86 96 98 100 106 121 124 128 140 141 224 226
 160 : 7 8 40 53 56 81 94 133 189 196 220 221 244
 183 : 0 25 27 29 45 52 62 68 83 102 110 113 152 158 159 163 172 195 201 205 207 208 214 240 245
 186 : 21 22 31 33 73 91 114 115 134 151 164 178 213 222 230 236 249
 210 : 38 41 64 67 75 87 105 130 139 154 162 180 182 203 216 227 239 241
 240 : 4 12 30 43 44 65 70 74 78 104 108 123 129 136 137 148 153 167 169 170 176 204 233 238 243
 245 : 2 13 28 34 36 60 63 69 88 116 118 165 183 192 197 223 246 247 248
 247 : 1 3 9 10 14 15 16 32 46 49 61 71 80 85 89 103 109 111 125 126 135 171 191 215 217 228 242
SOLUTION:
  Value: -276843.000000
  Assigns: 183 109 245 240 240 56 240 160 160 56 78 91 78 245 245 240 78 131 156 39 56 78 78 109 156 183 39 183 245 183 240 39 131 39 131 39 245 91 210 98 160 210 78 240 240 183 39 98 56 109 109 98 183 160 98 109 160 98 56 98 245 56 131 245 210 240 91 210 183 78 240 98 98 39 240 39 78 56 240 156 109 160 56 39 109 98 156 210 245 78 91 98 109 98 160 98 131 56 39 131 156 98 39 109 240 210 156 56 240 109 183 240 56 78 78 78 245 98 245 56 131 156 56 240 156 156 183 109 156 240 210 91 98 160 39 78 240 240 78 210 156 156 91 56 245 109 39 91 78 91 39 109 183 240 210 91 56 91 183 183 109 131 210 78 131 245 78 78 131 240 240 39 109 56 56 240 240 39 78 98 210 98 78 245 78 56 91 39 56 160 91 240 245 91 91 183 160 39 109 91 98 183 210 78 240 183 56 39 183 98 131 98 98 245 183 39 210 131 56 98 160 160 183 245 156 98 156 210 240 91 160 131 98 240 91 91 91 183 240 210 183 210 210 240 160 183 245 245 245 245 
  Facilities: 13
 39 : 19 26 31 33 35 46 73 75 83 98 102 134 146 150 171 177 187 197 207 215
 56 : 5 9 20 48 58 61 77 82 97 107 112 119 122 143 156 173 174 185 188 206 218
 78 : 10 12 16 21 22 42 69 76 89 113 114 115 135 138 148 163 166 167 178 182 184 203
 91 : 11 37 66 90 131 142 147 149 155 157 186 190 193 194 199 229 234 235 236
 98 : 39 47 51 54 57 59 71 72 85 91 93 95 101 117 132 179 181 200 209 211 212 219 225 232
 109 : 1 23 49 50 55 80 84 92 103 109 127 145 151 160 172 198
 131 : 17 32 34 62 96 99 120 161 164 168 210 217 231
 156 : 18 24 79 86 100 106 121 124 125 128 140 141 224 226
 160 : 7 8 40 53 56 81 94 133 189 196 220 221 230 244
 183 : 0 25 27 29 45 52 68 110 126 152 158 159 195 201 205 208 214 222 237 240 245
 210 : 38 41 64 67 87 105 130 139 154 162 180 202 216 227 239 241 242
 240 : 3 4 6 15 30 43 44 65 70 74 78 104 108 111 123 129 136 137 153 169 170 175 176 191 204 228 233 238 243
 245 : 2 13 14 28 36 60 63 88 116 118 144 165 183 192 213 223 246 247 248 249
SOLUTION:
  Value: -276849.000000
  Assigns: 246 109 207 240 240 109 240 160 160 240 78 91 78 207 78 240 78 207 91 246 160 78 78 109 91 183 157 183 78 183 157 109 157 246 187 157 210 91 210 98 160 210 78 240 240 183 91 98 160 207 109 98 183 160 98 109 160 98 240 98 157 109 187 183 210 240 91 210 183 78 240 98 98 109 240 187 78 157 240 210 109 160 157 183 109 157 240 210 187 78 91 98 109 98 160 98 240 157 78 246 187 98 183 109 240 210 183 240 240 109 183 240 109 78 187 78 210 98 207 109 246 207 109 240 157 157 187 109 187 240 210 91 98 160 91 78 240 240 78 210 183 207 91 160 207 109 98 91 78 207 98 109 183 207 210 91 98 246 187 183 246 246 210 78 157 157 78 78 91 240 157 187 187 246 246 240 240 98 78 98 210 98 78 210 207 246 91 91 246 160 91 240 187 187 91 183 207 207 109 91 98 183 210 78 240 183 109 183 183 98 207 98 98 207 183 187 210 157 207 207 160 246 183 98 160 98 210 210 157 91 207 207 98 240 91 207 246 183 207 210 183 210 210 240 160 157 98 187 160 207 
  Facilities: 12
 78 : 10 12 14 16 21 22 28 42 69 76 89 98 113 115 135 138 148 163 166 167 178 182 203
 91 : 11 18 24 37 46 66 90 131 134 142 147 155 168 186 187 190 194 199 229 234
 98 : 39 47 51 54 57 59 71 72 91 93 95 101 117 132 146 150 156 177 179 181 200 209 211 212 223 225 232 246
 109 : 1 5 23 31 50 55 61 73 80 84 92 103 109 112 119 122 127 145 151 198 206
 157 : 26 30 32 35 60 77 82 85 97 124 125 164 165 170 217 228 245
 160 : 7 8 20 40 48 53 56 81 94 133 143 189 220 224 244 248
 183 : 25 27 29 45 52 63 68 83 102 106 110 140 152 159 195 201 205 207 208 214 222 237 240
 187 : 34 62 75 88 100 114 126 128 158 171 172 192 193 215 247
 207 : 2 13 17 49 118 121 141 144 149 153 184 196 197 210 213 218 219 230 231 235 238 249
 210 : 36 38 41 64 67 79 87 105 116 130 139 154 162 180 183 202 216 226 227 239 241 242
 240 : 3 4 6 9 15 43 44 58 65 70 74 78 86 96 104 107 108 111 123 129 136 137 169 175 176 191 204 233 243
 246 : 0 19 33 99 120 157 160 161 173 174 185 188 221 236
SOLUTION:
  Value: -276866.000000
  Assigns: 183 109 245 240 240 109 240 160 160 240 210 91 240 245 245 229 229 229 156 39 229 186 186 109 156 183 39 183 245 183 240 39 229 186 245 39 245 91 210 98 160 210 156 240 240 183 39 229 160 109 109 98 183 160 98 229 160 98 240 98 245 109 183 245 210 240 91 210 183 245 240 98 98 186 240 39 240 245 240 156 109 160 183 39 109 98 156 229 245 229 91 186 109 98 160 98 156 229 39 186 156 98 39 109 240 210 156 240 229 109 183 240 109 229 186 229 245 98 245 109 109 156 109 240 156 156 183 109 156 240 210 91 98 160 39 210 240 240 91 210 156 156 91 160 245 109 39 91 240 91 39 186 183 240 210 91 98 91 183 183 109 109 210 183 186 229 98 240 91 240 229 186 109 156 229 240 240 39 186 98 210 98 210 245 98 229 91 39 245 160 91 240 245 229 91 183 160 39 109 91 98 183 210 210 240 183 109 39 183 98 39 98 98 186 183 39 210 186 98 98 160 160 186 245 156 98 156 210 229 91 186 245 98 240 91 91 186 183 240 210 183 210 229 240 160 183 245 245 245 186 
  Facilities: 12
 39 : 19 26 31 35 46 75 83 98 102 134 146 150 177 187 197 207 210 215
 91 : 11 37 66 90 131 138 142 147 149 155 157 168 186 190 194 199 229 234 235
 98 : 39 51 54 57 59 71 72 85 93 95 101 117 132 156 166 179 181 184 200 209 211 212 218 219 225 232
 109 : 1 5 23 49 50 61 80 84 92 103 109 112 119 120 122 127 145 160 161 172 198 206
 156 : 18 24 42 79 86 96 100 106 121 124 125 128 140 141 173 224 226
 160 : 7 8 40 48 53 56 81 94 133 143 189 196 220 221 244
 183 : 0 25 27 29 45 52 62 68 82 110 126 152 158 159 163 195 201 205 208 214 237 240 245
 186 : 21 22 33 73 91 99 114 151 164 171 178 213 217 222 230 236 249
 210 : 10 38 41 64 67 105 130 135 139 154 162 180 182 202 203 216 227 239 241
 229 : 15 16 17 20 32 47 55 87 89 97 108 113 115 165 170 174 185 193 228 242
 240 : 3 4 6 9 12 30 43 44 58 65 70 74 76 78 104 107 111 123 129 136 137 148 153 167 169 175 176 191 204 233 238 243
 245 : 2 13 14 28 34 36 60 63 69 77 88 116 118 144 183 188 192 223 231 246 247 248
SOLUTION:
  Value: -276892.000000
  Assigns: 183 109 245 240 240 56 37 160 160 56 78 91 78 245 245 240 78 37 156 39 56 78 78 109 156 183 39 183 245 183 240 39 183 39 245 39 245 91 210 98 160 37 78 240 240 183 39 98 56 109 109 98 183 160 98 109 160 98 56 98 245 56 183 245 210 240 91 210 183 37 240 98 98 39 240 39 78 56 240 156 109 160 56 39 109 98 156 210 245 78 91 98 109 98 160 98 156 56 39 245 156 98 39 109 240 210 156 56 37 109 183 240 56 78 78 78 245 98 245 56 109 156 56 240 156 156 183 109 156 240 210 91 98 160 39 78 240 240 78 210 156 156 91 56 245 109 39 91 78 91 39 109 183 240 210 91 37 91 183 183 109 109 210 78 37 245 78 78 56 240 240 39 109 56 56 240 37 39 78 98 210 98 78 245 78 56 91 39 56 160 91 240 37 91 91 183 160 39 109 91 98 183 210 78 240 183 37 39 183 98 39 98 98 37 37 39 210 160 56 98 160 160 183 245 156 98 156 210 37 37 160 245 98 240 91 91 91 183 240 210 37 37 210 240 160 183 245 245 245 245 
  Facilities: 13
 37 : 6 17 41 69 108 156 164 176 192 206 213 214 228 229 240 241
 39 : 19 26 31 33 35 46 73 75 83 98 102 134 146 150 171 177 187 197 207 210 215
 56 : 5 9 20 48 58 61 77 82 97 107 112 119 122 143 168 173 174 185 188 218
 78 : 10 12 16 21 22 42 76 89 113 114 115 135 138 148 163 166 167 178 182 184 203
 91 : 11 37 66 90 131 142 147 149 155 157 186 190 193 194 199 234 235 236
 98 : 39 47 51 54 57 59 71 72 85 91 93 95 101 117 132 179 181 200 209 211 212 219 225 232
 109 : 1 23 49 50 55 80 84 92 103 109 120 127 145 151 160 161 172 198
 156 : 18 24 79 86 96 100 106 121 124 125 128 140 141 224 226
 160 : 7 8 40 53 56 81 94 133 189 196 217 220 221 230 244
 183 : 0 25 27 29 32 45 52 62 68 110 126 152 158 159 195 201 205 208 222 237 245
 210 : 38 64 67 87 105 130 139 154 162 180 202 216 227 239 242
 240 : 3 4 15 30 43 44 65 70 74 78 104 111 123 129 136 137 153 169 170 175 191 204 233 238 243
 245 : 2 13 14 28 34 36 60 63 88 99 116 118 144 165 183 223 231 246 247 248 249
SOLUTION:
  Value: -276900.000000
  Assigns: 183 109 245 240 240 56 240 160 160 56 78 91 78 245 245 240 78 131 91 39 56 78 78 109 91 183 39 183 245 183 240 39 131 39 131 39 245 91 210 98 160 210 78 240 240 183 39 98 56 109 109 98 183 160 98 109 160 98 56 98 245 56 131 245 210 240 91 210 183 78 240 98 98 39 240 39 78 56 240 210 109 160 56 39 109 98 240 210 245 78 91 98 109 98 160 98 131 56 39 131 183 98 39 109 240 210 183 56 240 109 183 240 56 78 78 78 245 98 245 56 131 39 56 240 210 109 183 109 131 240 210 91 98 160 39 78 240 240 78 210 183 160 91 56 245 109 39 91 78 91 39 109 183 240 210 91 56 91 183 183 109 131 210 78 131 245 78 78 131 240 240 39 109 56 56 240 240 39 78 98 210 98 78 245 78 56 91 39 56 160 91 240 245 91 91 183 160 39 109 91 98 183 210 78 240 183 56 39 183 98 131 98 98 245 183 39 210 131 56 98 160 160 183 245 160 98 210 210 240 91 160 131 98 240 91 91 91 183 240 210 183 210 210 240 160 183 245 245 245 245 
  Facilities: 12
 39 : 19 26 31 33 35 46 73 75 83 98 102 121 134 146 150 171 177 187 197 207 215
 56 : 5 9 20 48 58 61 77 82 97 107 112 119 122 143 156 173 174 185 188 206 218
 78 : 10 12 16 21 22 42 69 76 89 113 114 115 135 138 148 163 166 167 178 182 184 203
 91 : 11 18 24 37 66 90 131 142 147 149 155 157 186 190 193 194 199 229 234 235 236
 98 : 39 47 51 54 57 59 71 72 85 91 93 95 101 117 132 179 181 200 209 211 212 219 225 232
 109 : 1 23 49 50 55 80 84 92 103 109 125 127 145 151 160 172 198
 131 : 17 32 34 62 96 99 120 128 161 164 168 210 217 231
 160 : 7 8 40 53 56 81 94 133 141 189 196 220 221 224 230 244
 183 : 0 25 27 29 45 52 68 100 106 110 126 140 152 158 159 195 201 205 208 214 222 237 240 245
 210 : 38 41 64 67 79 87 105 124 130 139 154 162 180 202 216 226 227 239 241 242
 240 : 3 4 6 15 30 43 44 65 70 74 78 86 104 108 111 123 129 136 137 153 169 170 175 176 191 204 228 233 238 243
 245 : 2 13 14 28 36 60 63 88 116 118 144 165 183 192 213 223 246 247 248 249
SOLUTION:
  Value: -276906.000000
  Assigns: 183 109 207 240 240 109 240 160 160 240 78 91 78 207 78 240 78 207 91 207 160 78 78 109 91 183 157 183 78 183 157 109 157 78 187 157 210 91 210 98 160 210 78 240 240 183 91 98 160 207 109 98 183 160 98 109 160 98 240 98 157 109 187 183 210 240 91 210 183 78 240 98 98 109 240 187 78 157 240 210 109 160 157 183 109 157 240 210 187 78 91 98 109 98 160 98 240 157 78 98 187 98 183 109 240 210 183 240 240 109 183 240 109 78 187 78 210 98 207 109 109 207 109 240 157 157 187 109 187 240 210 91 98 160 91 78 240 240 78 210 183 207 91 160 207 109 98 91 78 207 98 109 183 207 210 91 98 91 187 183 207 109 210 78 157 157 78 78 91 240 157 187 187 91 91 240 240 98 78 98 210 98 78 210 207 160 91 91 78 160 91 240 187 187 91 183 207 207 109 91 98 183 210 78 240 183 109 183 183 98 207 98 98 207 183 187 210 157 207 207 160 160 183 98 160 98 210 210 157 91 207 207 98 240 91 207 91 183 207 210 183 210 210 240 160 157 98 187 160 207 
  Facilities: 11
 78 : 10 12 14 16 21 22 28 33 42 69 76 89 98 113 115 135 138 148 163 166 167 178 182 188 203
 91 : 11 18 24 37 46 66 90 131 134 142 147 155 157 168 173 174 186 187 190 194 199 229 234 236
 98 : 39 47 51 54 57 59 71 72 91 93 95 99 101 117 132 146 150 156 177 179 181 200 209 211 212 223 225 232 246
 109 : 1 5 23 31 50 55 61 73 80 84 92 103 109 112 119 120 122 127 145 151 161 198 206
 157 : 26 30 32 35 60 77 82 85 97 124 125 164 165 170 217 228 245
 160 : 7 8 20 40 48 53 56 81 94 133 143 185 189 220 221 224 244 248
 183 : 0 25 27 29 45 52 63 68 83 102 106 110 140 152 159 195 201 205 207 208 214 222 237 240
 187 : 34 62 75 88 100 114 126 128 158 171 172 192 193 215 247
 207 : 2 13 17 19 49 118 121 141 144 149 153 160 184 196 197 210 213 218 219 230 231 235 238 249
 210 : 36 38 41 64 67 79 87 105 116 130 139 154 162 180 183 202 216 226 227 239 241 242
 240 : 3 4 6 9 15 43 44 58 65 70 74 78 86 96 104 107 108 111 123 129 136 137 169 175 176 191 204 233 243
