# Time: 1415.510010
# Elapsed: 454.859100
# Input_file: splp/CLSC/3133GapCS.txt
# Pool_size: 400
# Iterations: 30
# Final_solutions: 11300
# Vision_range: 600
# Reduction_mode: REDUCTION_DISPERSE
# Dissimilitude: DISSIM_MSE
# Facility_dist: FDISMODE_MINDIST
SOLUTION:
  Value: -45146.000000
  Assigns: 51 36 7 50 1 7 5 9 56 7 5 56 47 47 81 87 1 1 81 96 9 67 96 1 51 67 27 1 27 50 9 7 50 7 9 1 5 47 51 81 36 96 36 7 81 51 96 36 36 7 27 56 50 50 56 86 9 56 96 50 86 81 87 47 9 5 96 96 96 1 96 67 67 81 87 27 87 27 1 5 56 67 1 86 36 67 9 51 87 9 87 47 51 87 86 51 47 86 86 47 
  Facilities: 15
 1 : 4 16 17 23 27 35 69 78 82
 5 : 6 10 36 65 79
 7 : 2 5 9 31 33 43 49
 9 : 7 20 30 34 56 64 86 89
 27 : 26 28 50 75 77
 36 : 1 40 42 47 48 84
 47 : 12 13 37 63 91 96 99
 50 : 3 29 32 52 53 59
 51 : 0 24 38 45 87 92 95
 56 : 8 11 51 54 57 80
 67 : 21 25 71 72 81 85
 81 : 14 18 39 44 61 73
 86 : 55 60 83 94 97 98
 87 : 15 62 74 76 88 90 93
 96 : 19 22 41 46 58 66 67 68 70
SOLUTION:
  Value: -63143.000000
  Assigns: 18 0 75 75 46 52 46 75 37 37 70 51 8 7 55 87 26 8 52 0 8 18 26 18 6 67 29 52 26 16 6 7 50 8 6 19 0 29 51 48 16 19 55 6 7 51 37 23 75 52 50 70 52 29 26 52 55 23 8 50 0 0 87 18 8 37 37 23 23 70 70 67 67 6 29 16 48 29 75 75 55 6 67 19 16 19 75 55 87 55 87 70 51 87 19 51 70 26 48 48 
  Facilities: 21
 0 : 1 19 36 60 61
 6 : 24 30 34 43 73 81
 7 : 13 31 44
 8 : 12 17 20 33 58 64
 16 : 29 40 75 84
 18 : 0 21 23 63
 19 : 35 41 83 85 94
 23 : 47 57 67 68
 26 : 16 22 28 54 97
 29 : 26 37 53 74 77
 37 : 8 9 46 65 66
 46 : 4 6
 48 : 39 76 98 99
 50 : 32 50 59
 51 : 11 38 45 92 95
 52 : 5 18 27 49 52 55
 55 : 14 42 56 80 87 89
 67 : 25 71 72 82
 70 : 10 51 69 70 91 96
 75 : 2 3 7 48 78 79 86
 87 : 15 62 88 90 93
SOLUTION:
  Value: -66148.000000
  Assigns: 18 0 74 0 13 7 73 74 37 37 18 39 8 94 84 87 26 8 48 0 8 18 80 18 51 0 13 73 26 20 84 7 84 8 84 13 0 84 51 73 36 34 36 7 0 51 37 23 36 7 84 8 73 13 39 84 55 73 34 74 0 0 94 37 8 37 37 13 23 74 80 67 67 80 20 74 48 34 34 94 55 39 67 36 36 94 80 55 80 80 87 26 51 87 94 51 37 26 48 48 
  Facilities: 22
 0 : 1 3 19 25 36 44 60 61
 7 : 5 31 43 49
 8 : 12 17 20 33 51 64
 13 : 4 26 35 53 67
 18 : 0 10 21 23
 20 : 29 74
 23 : 47 68
 26 : 16 28 91 97
 34 : 41 58 77 78
 36 : 40 42 48 83 84
 37 : 8 9 46 63 65 66 96
 39 : 11 54 81
 48 : 18 76 98 99
 51 : 24 38 45 92 95
 55 : 56 80 87
 67 : 71 72 82
 73 : 6 27 39 52 57
 74 : 2 7 59 69 75
 80 : 22 70 73 86 88 89
 84 : 14 30 32 34 37 50 55
 87 : 15 90 93
 94 : 13 62 79 85 94
SOLUTION:
  Value: -66150.000000
  Assigns: 18 0 7 95 34 7 73 34 37 37 18 39 8 7 84 87 26 8 48 0 95 18 80 18 37 0 73 42 26 42 84 7 84 8 84 42 0 84 95 73 36 34 36 66 63 42 37 23 36 7 84 8 73 66 39 84 55 73 34 8 0 98 95 37 42 37 37 39 23 63 80 67 67 63 87 67 48 34 34 95 63 39 67 36 36 67 80 63 80 80 87 26 87 63 63 98 37 26 48 63 
  Facilities: 22
 0 : 1 19 25 36 60
 7 : 2 5 13 31 49
 8 : 12 17 33 51 59
 18 : 0 10 21 23
 23 : 47 68
 26 : 16 28 91 97
 34 : 4 7 41 58 77 78
 36 : 40 42 48 83 84
 37 : 8 9 24 46 63 65 66 96
 39 : 11 54 67 81
 42 : 27 29 35 45 64
 48 : 18 76 98
 55 : 56
 63 : 44 69 73 80 87 93 94 99
 66 : 43 53
 67 : 71 72 75 82 85
 73 : 6 26 39 52 57
 80 : 22 70 86 88 89
 84 : 14 30 32 34 37 50 55
 87 : 15 74 90 92
 95 : 3 20 38 62 79
 98 : 61 95
SOLUTION:
  Value: -66155.000000
  Assigns: 18 90 74 72 41 7 5 74 37 37 5 39 41 7 84 87 26 8 48 0 8 18 80 18 37 0 29 90 26 5 84 7 84 8 72 29 0 29 41 48 36 34 36 7 0 72 37 23 36 7 84 8 39 29 39 84 55 36 34 74 0 0 87 37 41 37 37 72 23 74 80 67 67 80 29 74 48 34 34 5 55 39 67 90 36 74 80 37 80 80 87 26 87 87 90 90 37 26 48 48 
  Facilities: 22
 0 : 19 25 36 44 60 61
 5 : 6 10 29 79
 7 : 5 13 31 43 49
 8 : 17 20 33 51
 18 : 0 21 23
 23 : 47 68
 26 : 16 28 91 97
 29 : 26 35 37 53 74
 34 : 41 58 77 78
 36 : 40 42 48 57 84
 37 : 8 9 24 46 63 65 66 87 96
 39 : 11 52 54 81
 41 : 4 12 38 64
 48 : 18 39 76 98 99
 55 : 56 80
 67 : 71 72 82
 72 : 3 34 45 67
 74 : 2 7 59 69 75 85
 80 : 22 70 73 86 88 89
 84 : 14 30 32 50 55
 87 : 15 62 90 92 93
 90 : 1 27 83 94 95
SOLUTION:
  Value: -66156.000000
  Assigns: 18 0 74 75 34 7 73 75 28 37 18 39 28 99 84 87 26 8 48 0 8 18 80 18 37 0 73 73 26 20 84 7 84 8 84 99 0 84 99 73 28 34 39 7 0 99 37 23 75 7 84 75 73 28 39 84 55 73 34 74 0 0 87 37 8 37 37 23 23 74 80 67 67 80 20 74 48 34 75 75 55 39 67 20 18 74 75 55 80 12 87 26 87 87 12 12 37 26 48 48 
  Facilities: 22
 0 : 1 19 25 36 44 60 61
 7 : 5 31 43 49
 8 : 17 20 33 64
 12 : 89 94 95
 18 : 0 10 21 23 84
 20 : 29 74 83
 23 : 47 67 68
 26 : 16 28 91 97
 28 : 8 12 40 53
 34 : 4 41 58 77
 37 : 9 24 46 63 65 66 96
 39 : 11 42 54 81
 48 : 18 76 98 99
 55 : 56 80 87
 67 : 71 72 82
 73 : 6 26 27 39 52 57
 74 : 2 59 69 75 85
 75 : 3 7 48 51 78 79 86
 80 : 22 70 73 88
 84 : 14 30 32 34 37 50 55
 87 : 15 62 90 92 93
 99 : 13 35 38 45
SOLUTION:
  Value: -66157.000000
  Assigns: 18 0 74 0 85 7 40 34 37 37 18 39 41 7 84 87 66 8 48 0 8 18 80 18 37 0 85 66 26 20 84 7 84 8 84 8 0 84 41 48 36 34 36 66 0 85 37 23 36 7 84 8 39 66 39 84 55 36 34 74 0 85 87 37 41 37 37 23 23 74 80 67 67 40 20 85 48 34 34 41 55 39 67 36 36 74 80 55 80 80 87 26 87 87 40 74 40 26 48 48 
  Facilities: 22
 0 : 1 3 19 25 36 44 60
 7 : 5 13 31 49
 8 : 17 20 33 35 51
 18 : 0 10 21 23
 20 : 29 74
 23 : 47 67 68
 26 : 28 91 97
 34 : 7 41 58 77 78
 36 : 40 42 48 57 83 84
 37 : 8 9 24 46 63 65 66
 39 : 11 52 54 81
 40 : 6 73 94 96
 41 : 12 38 64 79
 48 : 18 39 76 98 99
 55 : 56 80 87
 66 : 16 27 43 53
 67 : 71 72 82
 74 : 2 59 69 85 95
 80 : 22 70 86 88 89
 84 : 14 30 32 34 37 50 55
 85 : 4 26 45 61 75
 87 : 15 62 90 92 93
SOLUTION:
  Value: -66157.000000
  Assigns: 18 0 7 5 34 7 5 34 37 37 5 39 8 7 84 87 66 76 48 0 8 18 80 76 24 0 80 66 26 20 84 7 84 8 84 8 0 84 51 48 24 34 39 66 0 51 37 23 55 7 84 8 24 66 39 84 55 23 34 8 0 0 87 37 24 37 37 24 23 76 80 67 67 80 20 76 48 34 34 5 55 39 67 20 66 67 76 55 80 12 87 26 76 87 12 12 37 26 48 48 
  Facilities: 22
 0 : 1 19 25 36 44 60 61
 5 : 3 6 10 79
 7 : 2 5 13 31 49
 8 : 12 20 33 35 51 59
 12 : 89 94 95
 18 : 0 21
 20 : 29 74 83
 23 : 47 57 68
 24 : 24 40 52 64 67
 26 : 28 91 97
 34 : 4 7 41 58 77 78
 37 : 8 9 46 63 65 66 96
 39 : 11 42 54 81
 48 : 18 39 76 98 99
 51 : 38 45
 55 : 48 56 80 87
 66 : 16 27 43 53 84
 67 : 71 72 82 85
 76 : 17 23 69 75 86 92
 80 : 22 26 70 73 88
 84 : 14 30 32 34 37 50 55
 87 : 15 62 90 93
SOLUTION:
  Value: -66158.000000
  Assigns: 18 0 74 5 34 7 5 74 37 37 5 39 8 7 84 87 26 8 48 0 43 43 80 18 51 0 43 66 26 5 84 7 84 8 84 8 0 84 51 48 36 34 36 66 0 51 37 23 36 7 84 8 39 66 39 5 55 36 34 74 0 0 87 37 8 37 37 23 23 74 80 67 67 80 87 74 48 34 34 5 55 39 67 36 36 74 80 55 80 12 87 26 51 87 12 12 37 26 48 48 
  Facilities: 22
 0 : 1 19 25 36 44 60 61
 5 : 3 6 10 29 55 79
 7 : 5 13 31 49
 8 : 12 17 33 35 51 64
 12 : 89 94 95
 18 : 0 23
 23 : 47 67 68
 26 : 16 28 91 97
 34 : 4 41 58 77 78
 36 : 40 42 48 57 83 84
 37 : 8 9 46 63 65 66 96
 39 : 11 52 54 81
 43 : 20 21 26
 48 : 18 39 76 98 99
 51 : 24 38 45 92
 55 : 56 80 87
 66 : 27 43 53
 67 : 71 72 82
 74 : 2 7 59 69 75 85
 80 : 22 70 73 86 88
 84 : 14 30 32 34 37 50
 87 : 15 62 74 90 93
SOLUTION:
  Value: -66159.000000
  Assigns: 18 80 7 0 46 7 46 34 37 37 18 39 8 99 84 87 26 76 48 0 8 18 80 76 37 67 80 66 26 20 84 34 84 8 84 99 0 84 99 48 36 34 36 66 7 99 37 23 36 7 84 8 39 66 39 84 55 36 34 8 0 0 87 18 8 37 37 23 23 76 80 67 67 80 20 76 48 34 34 46 55 39 67 36 36 67 76 37 80 12 87 26 76 87 12 12 37 26 48 48 
  Facilities: 22
 0 : 3 19 36 60 61
 7 : 2 5 44 49
 8 : 12 20 33 51 59 64
 12 : 89 94 95
 18 : 0 10 21 63
 20 : 29 74
 23 : 47 67 68
 26 : 16 28 91 97
 34 : 7 31 41 58 77 78
 36 : 40 42 48 57 83 84
 37 : 8 9 24 46 65 66 87 96
 39 : 11 52 54 81
 46 : 4 6 79
 48 : 18 39 76 98 99
 55 : 56 80
 66 : 27 43 53
 67 : 25 71 72 82 85
 76 : 17 23 69 75 86 92
 80 : 1 22 26 70 73 88
 84 : 14 30 32 34 37 50 55
 87 : 15 62 90 93
 99 : 13 35 38 45
