# Time: 3160.440186
# Elapsed: 1086.656860
# Input_file: pmedianlarge/plarge/pmed20.txt
# Pool_size: 50
# Iterations: 133
# Final_solutions: 6650
# Vision_range: 100
# Reduction_mode: REDUCTION_DISPERSE
# Dissimilitude: DISSIM_MSE
# Facility_dist: FDISMODE_SUMOFDELTAS
SOLUTION:
  Value: -1834.000000
  Assigns: 18 242 330 3 196 333 112 313 8 171 10 18 87 279 338 15 214 18 18 327 353 21 21 323 166 25 25 27 28 198 304 18 32 33 144 231 36 151 395 39 327 33 329 327 184 112 291 357 21 391 251 51 151 266 32 55 27 33 151 25 323 61 61 63 64 188 353 254 356 69 87 181 72 394 74 390 76 77 266 293 321 198 82 77 115 51 86 87 88 89 90 91 227 323 95 95 247 97 98 99 347 101 165 103 105 105 10 115 108 286 329 111 112 333 118 115 392 118 118 33 10 188 149 394 124 77 286 184 353 146 103 103 132 87 394 286 136 346 357 139 216 99 146 144 144 162 146 8 132 149 151 151 151 15 181 171 313 158 158 381 378 313 162 32 216 165 166 167 149 115 378 171 171 390 391 198 316 329 329 15 181 181 181 98 184 184 329 341 188 3 237 191 28 329 331 388 196 214 198 199 231 162 202 27 287 205 331 188 103 287 15 384 181 32 214 353 216 216 341 77 323 3 98 91 353 353 227 227 316 10 396 231 232 146 353 313 88 237 237 239 149 242 242 243 3 118 246 247 286 227 287 251 252 198 254 87 61 252 198 333 361 261 262 263 118 265 266 267 324 252 270 111 261 273 165 395 3 51 151 279 103 77 359 392 284 61 286 287 251 289 139 291 329 293 381 232 254 297 232 232 300 199 227 18 304 304 327 239 158 395 323 327 261 313 334 334 316 378 395 357 394 321 33 323 324 252 139 327 328 329 330 331 32 333 334 334 166 337 338 378 139 341 51 237 98 171 346 347 227 231 87 273 115 353 353 28 356 357 357 359 214 361 36 39 95 261 366 3 291 21 370 291 394 333 323 184 103 88 378 338 132 381 74 231 384 327 356 252 388 389 390 391 392 91 394 395 396 118 149 399 
  Facilities: 133
 3 : 3 189 221 244 276 367
 8 : 8 147
 10 : 10 106 120 229
 15 : 15 153 179 210
 18 : 0 11 17 18 31 303
 21 : 21 22 48 369
 25 : 25 26 59
 27 : 27 56 203
 28 : 28 192 355
 32 : 32 54 163 213 332
 33 : 33 41 57 119 322
 36 : 36 362
 39 : 39 363
 51 : 51 85 277 342
 55 : 55
 61 : 61 62 256 285
 63 : 63
 64 : 64
 69 : 69
 72 : 72
 74 : 74 382
 76 : 76
 77 : 77 83 125 219 281
 82 : 82
 86 : 86
 87 : 12 70 87 133 255 350
 88 : 88 236 377
 89 : 89
 90 : 90
 91 : 91 223 393
 95 : 94 95 364
 97 : 97
 98 : 98 183 222 344
 99 : 99 141
 101 : 101
 103 : 103 130 131 208 280 376
 105 : 104 105
 108 : 108
 111 : 111 271
 112 : 6 45 112
 115 : 84 107 115 169 352
 118 : 114 117 118 245 264 397
 124 : 124
 132 : 132 148 380
 136 : 136
 139 : 139 290 326 340
 144 : 34 143 144
 146 : 129 142 146 233
 149 : 122 149 168 240 398
 151 : 37 52 58 150 151 152 278
 158 : 157 158 308
 162 : 145 162 201
 165 : 102 165 274
 166 : 24 166 336
 167 : 167
 171 : 9 155 171 172 345
 181 : 71 154 180 181 182 212
 184 : 44 127 184 185 375
 188 : 65 121 188 207
 191 : 191
 196 : 4 196
 198 : 29 81 175 198 253 258
 199 : 199 301
 202 : 202
 205 : 205
 214 : 16 197 214 360
 216 : 140 164 216 217
 227 : 92 226 227 249 302 348
 231 : 35 200 231 349 383
 232 : 232 295 298 299
 237 : 190 237 238 343
 239 : 239 307
 242 : 1 241 242
 243 : 243
 246 : 246
 247 : 96 247
 251 : 50 251 288
 252 : 252 257 269 325 387
 254 : 67 254 296
 261 : 261 272 312 365
 262 : 262
 263 : 263
 265 : 265
 266 : 53 78 266
 267 : 267
 270 : 270
 273 : 273 351
 279 : 13 279
 284 : 284
 286 : 109 126 135 248 286
 287 : 204 209 250 287
 289 : 289
 291 : 46 291 368 371
 293 : 79 293
 297 : 297
 300 : 300
 304 : 30 304 305
 313 : 7 156 161 235 313
 316 : 176 228 316
 321 : 80 321
 323 : 23 60 93 220 310 323 374
 324 : 268 324
 327 : 19 40 43 306 311 327 385
 328 : 328
 329 : 42 110 177 178 186 193 292 329
 330 : 2 330
 331 : 194 206 331
 333 : 5 113 259 333 373
 334 : 314 315 334 335
 337 : 337
 338 : 14 338 379
 341 : 187 218 341
 346 : 137 346
 347 : 100 347
 353 : 20 66 128 215 224 225 234 353 354
 356 : 68 356 386
 357 : 47 138 319 357 358
 359 : 282 359
 361 : 260 361
 366 : 366
 370 : 370
 378 : 160 170 317 339 378
 381 : 159 294 381
 384 : 211 384
 388 : 195 388
 389 : 389
 390 : 75 173 390
 391 : 49 174 391
 392 : 116 283 392
 394 : 73 123 134 320 372 394
 395 : 38 275 309 318 395
 396 : 230 396
 399 : 399
SOLUTION:
  Value: -1836.000000
  Assigns: 18 242 330 3 196 333 112 313 147 240 10 18 87 279 14 15 214 18 18 327 353 48 282 323 166 25 25 27 266 198 304 18 32 33 34 231 36 150 395 363 327 33 329 327 184 112 291 357 48 391 251 51 150 266 32 55 27 33 150 25 323 61 61 63 64 188 353 254 356 69 87 181 72 394 74 75 76 77 266 293 321 198 82 77 115 51 86 87 88 89 90 91 227 323 95 95 247 97 98 99 347 101 165 103 104 104 10 115 108 135 329 111 112 333 118 115 392 118 118 33 10 188 240 394 124 77 135 184 353 146 103 103 132 87 394 135 136 346 357 34 216 99 146 34 34 162 146 147 132 240 150 150 150 15 181 171 313 158 158 381 378 313 162 32 216 165 166 167 240 115 378 171 171 14 391 198 316 329 329 15 181 181 181 98 184 184 329 341 188 3 237 191 273 329 331 195 196 214 198 301 231 162 27 27 287 205 331 188 103 287 15 211 181 32 214 353 216 216 341 77 323 3 98 91 353 353 227 227 316 10 230 231 232 146 353 313 88 237 237 239 240 242 242 243 3 118 246 247 313 227 287 251 252 198 254 87 61 252 198 333 361 261 262 263 118 265 266 267 324 252 270 111 261 273 165 395 3 51 150 279 103 77 282 392 284 61 135 287 288 330 290 291 329 293 381 232 254 297 232 232 300 301 227 18 304 304 327 239 158 395 323 327 261 313 334 334 316 378 395 357 320 321 33 323 324 252 34 327 328 329 330 331 32 333 334 334 166 337 338 378 290 341 51 237 98 171 346 347 227 231 87 273 115 353 353 355 356 357 357 282 214 361 36 363 95 261 366 3 291 48 288 291 394 333 323 184 103 88 378 338 132 381 74 231 211 327 356 252 195 389 34 391 392 91 394 395 230 118 320 399 
  Facilities: 133
 3 : 3 189 221 244 276 367
 10 : 10 106 120 229
 14 : 14 173
 15 : 15 153 179 210
 18 : 0 11 17 18 31 303
 25 : 25 26 59
 27 : 27 56 202 203
 32 : 32 54 163 213 332
 33 : 33 41 57 119 322
 34 : 34 139 143 144 326 390
 36 : 36 362
 48 : 21 48 369
 51 : 51 85 277 342
 55 : 55
 61 : 61 62 256 285
 63 : 63
 64 : 64
 69 : 69
 72 : 72
 74 : 74 382
 75 : 75
 76 : 76
 77 : 77 83 125 219 281
 82 : 82
 86 : 86
 87 : 12 70 87 133 255 350
 88 : 88 236 377
 89 : 89
 90 : 90
 91 : 91 223 393
 95 : 94 95 364
 97 : 97
 98 : 98 183 222 344
 99 : 99 141
 101 : 101
 103 : 103 130 131 208 280 376
 104 : 104 105
 108 : 108
 111 : 111 271
 112 : 6 45 112
 115 : 84 107 115 169 352
 118 : 114 117 118 245 264 397
 124 : 124
 132 : 132 148 380
 135 : 109 126 135 286
 136 : 136
 146 : 129 142 146 233
 147 : 8 147
 150 : 37 52 58 150 151 152 278
 158 : 157 158 308
 162 : 145 162 201
 165 : 102 165 274
 166 : 24 166 336
 167 : 167
 171 : 155 171 172 345
 181 : 71 154 180 181 182 212
 184 : 44 127 184 185 375
 188 : 65 121 188 207
 191 : 191
 195 : 195 388
 196 : 4 196
 198 : 29 81 175 198 253 258
 205 : 205
 211 : 211 384
 214 : 16 197 214 360
 216 : 140 164 216 217
 227 : 92 226 227 249 302 348
 230 : 230 396
 231 : 35 200 231 349 383
 232 : 232 295 298 299
 237 : 190 237 238 343
 239 : 239 307
 240 : 9 122 149 168 240
 242 : 1 241 242
 243 : 243
 246 : 246
 247 : 96 247
 251 : 50 251
 252 : 252 257 269 325 387
 254 : 67 254 296
 261 : 261 272 312 365
 262 : 262
 263 : 263
 265 : 265
 266 : 28 53 78 266
 267 : 267
 270 : 270
 273 : 192 273 351
 279 : 13 279
 282 : 22 282 359
 284 : 284
 287 : 204 209 250 287
 288 : 288 370
 290 : 290 340
 291 : 46 291 368 371
 293 : 79 293
 297 : 297
 300 : 300
 301 : 199 301
 304 : 30 304 305
 313 : 7 156 161 235 248 313
 316 : 176 228 316
 320 : 320 398
 321 : 80 321
 323 : 23 60 93 220 310 323 374
 324 : 268 324
 327 : 19 40 43 306 311 327 385
 328 : 328
 329 : 42 110 177 178 186 193 292 329
 330 : 2 289 330
 331 : 194 206 331
 333 : 5 113 259 333 373
 334 : 314 315 334 335
 337 : 337
 338 : 338 379
 341 : 187 218 341
 346 : 137 346
 347 : 100 347
 353 : 20 66 128 215 224 225 234 353 354
 355 : 355
 356 : 68 356 386
 357 : 47 138 319 357 358
 361 : 260 361
 363 : 39 363
 366 : 366
 378 : 160 170 317 339 378
 381 : 159 294 381
 389 : 389
 391 : 49 174 391
 392 : 116 283 392
 394 : 73 123 134 372 394
 395 : 38 275 309 318 395
 399 : 399
SOLUTION:
  Value: -1840.000000
  Assigns: 17 242 330 3 364 333 112 313 147 240 10 87 87 279 14 15 214 17 303 148 353 21 21 323 166 25 25 27 266 198 304 303 32 33 34 231 36 150 395 363 311 33 329 311 44 112 291 357 21 44 251 51 150 266 32 55 27 33 150 25 323 61 61 63 64 171 353 254 356 69 87 181 72 394 74 75 76 77 266 293 321 198 82 77 115 51 86 87 88 89 90 91 227 323 364 364 247 97 98 141 100 101 165 103 105 105 10 115 108 135 329 111 112 333 114 115 392 114 114 33 10 121 240 394 124 77 135 44 353 146 103 103 148 87 394 135 136 137 357 34 216 141 146 34 34 162 146 147 148 240 150 150 150 15 181 171 313 158 158 381 378 313 162 32 216 165 166 167 240 115 378 171 171 14 175 175 316 329 329 15 181 181 181 98 44 185 329 218 171 3 237 191 121 193 331 195 111 214 198 301 231 162 202 27 287 205 331 171 103 287 15 364 181 32 214 353 216 216 218 77 323 3 98 91 353 353 227 227 316 10 396 231 232 146 353 313 88 237 237 307 240 242 242 243 3 114 246 247 313 227 287 251 252 198 254 87 61 252 198 333 361 261 262 263 114 265 266 311 268 252 270 111 261 351 165 395 3 51 150 279 103 44 44 392 293 61 135 287 288 330 290 291 329 293 381 232 254 297 298 232 300 301 227 303 304 304 311 307 158 395 323 311 261 313 334 334 316 378 395 357 320 321 33 323 268 252 34 311 328 329 330 331 32 333 334 334 166 337 338 378 290 218 51 237 98 171 137 100 227 231 87 351 115 353 353 355 356 357 357 252 214 361 36 363 364 261 366 3 291 21 288 291 394 333 323 185 103 88 378 338 148 381 74 231 364 311 356 252 195 389 34 44 392 91 394 395 396 114 320 399 
  Facilities: 133
 3 : 3 189 221 244 276 367
 10 : 10 106 120 229
 14 : 14 173
 15 : 15 153 179 210
 17 : 0 17
 21 : 21 22 48 369
 25 : 25 26 59
 27 : 27 56 203
 32 : 32 54 163 213 332
 33 : 33 41 57 119 322
 34 : 34 139 143 144 326 390
 36 : 36 362
 44 : 44 49 127 184 281 282 391
 51 : 51 85 277 342
 55 : 55
 61 : 61 62 256 285
 63 : 63
 64 : 64
 69 : 69
 72 : 72
 74 : 74 382
 75 : 75
 76 : 76
 77 : 77 83 125 219
 82 : 82
 86 : 86
 87 : 11 12 70 87 133 255 350
 88 : 88 236 377
 89 : 89
 90 : 90
 91 : 91 223 393
 97 : 97
 98 : 98 183 222 344
 100 : 100 347
 101 : 101
 103 : 103 130 131 208 280 376
 105 : 104 105
 108 : 108
 111 : 111 196 271
 112 : 6 45 112
 114 : 114 117 118 245 264 397
 115 : 84 107 115 169 352
 121 : 121 192
 124 : 124
 135 : 109 126 135 286
 136 : 136
 137 : 137 346
 141 : 99 141
 146 : 129 142 146 233
 147 : 8 147
 148 : 19 132 148 380
 150 : 37 52 58 150 151 152 278
 158 : 157 158 308
 162 : 145 162 201
 165 : 102 165 274
 166 : 24 166 336
 167 : 167
 171 : 65 155 171 172 188 207 345
 175 : 174 175
 181 : 71 154 180 181 182 212
 185 : 185 375
 191 : 191
 193 : 193
 195 : 195 388
 198 : 29 81 198 253 258
 202 : 202
 205 : 205
 214 : 16 197 214 360
 216 : 140 164 216 217
 218 : 187 218 341
 227 : 92 226 227 249 302 348
 231 : 35 200 231 349 383
 232 : 232 295 299
 237 : 190 237 238 343
 240 : 9 122 149 168 240
 242 : 1 241 242
 243 : 243
 246 : 246
 247 : 96 247
 251 : 50 251
 252 : 252 257 269 325 359 387
 254 : 67 254 296
 261 : 261 272 312 365
 262 : 262
 263 : 263
 265 : 265
 266 : 28 53 78 266
 268 : 268 324
 270 : 270
 279 : 13 279
 287 : 204 209 250 287
 288 : 288 370
 290 : 290 340
 291 : 46 291 368 371
 293 : 79 284 293
 297 : 297
 298 : 298
 300 : 300
 301 : 199 301
 303 : 18 31 303
 304 : 30 304 305
 307 : 239 307
 311 : 40 43 267 306 311 327 385
 313 : 7 156 161 235 248 313
 316 : 176 228 316
 320 : 320 398
 321 : 80 321
 323 : 23 60 93 220 310 323 374
 328 : 328
 329 : 42 110 177 178 186 292 329
 330 : 2 289 330
 331 : 194 206 331
 333 : 5 113 259 333 373
 334 : 314 315 334 335
 337 : 337
 338 : 338 379
 351 : 273 351
 353 : 20 66 128 215 224 225 234 353 354
 355 : 355
 356 : 68 356 386
 357 : 47 138 319 357 358
 361 : 260 361
 363 : 39 363
 364 : 4 94 95 211 364 384
 366 : 366
 378 : 160 170 317 339 378
 381 : 159 294 381
 389 : 389
 392 : 116 283 392
 394 : 73 123 134 372 394
 395 : 38 275 309 318 395
 396 : 230 396
 399 : 399
SOLUTION:
  Value: -1841.000000
  Assigns: 18 242 330 3 364 333 112 313 8 171 10 18 87 279 338 15 214 18 18 327 353 48 48 220 166 25 25 27 28 198 304 18 32 33 144 231 36 151 395 363 327 33 329 327 44 112 291 357 48 391 251 85 151 266 32 55 27 33 151 25 220 61 61 63 64 188 353 254 356 69 87 181 72 394 382 390 76 77 266 293 321 198 82 77 115 85 86 87 88 89 90 91 227 220 364 364 96 97 98 99 347 101 165 280 104 104 10 115 108 286 329 111 112 333 118 115 392 118 118 33 10 188 149 394 124 77 286 44 353 146 118 280 132 87 394 286 136 346 357 290 216 99 146 144 144 162 146 8 132 149 151 151 151 15 181 171 313 158 158 381 378 313 162 32 216 165 166 167 149 115 378 171 171 390 391 198 316 329 329 15 181 181 181 98 44 185 329 341 188 3 237 191 28 193 331 195 111 214 198 199 231 162 202 27 287 205 331 188 280 287 15 364 181 32 214 353 216 216 341 77 220 3 98 91 353 353 227 227 316 10 396 231 232 146 353 313 88 237 237 307 149 242 242 243 3 118 246 96 286 227 287 251 252 198 254 87 61 252 198 333 361 261 262 263 118 265 266 267 268 252 270 111 261 351 165 395 3 85 151 279 280 44 44 392 284 61 286 287 251 289 290 291 329 293 381 232 254 297 298 232 300 199 227 18 304 304 327 307 158 395 220 327 261 313 334 334 316 378 395 357 394 321 33 220 268 252 104 327 328 329 330 331 32 333 334 334 166 337 338 378 290 341 280 237 98 171 346 347 227 231 87 351 115 353 353 28 356 357 357 252 214 361 36 363 364 261 366 3 291 48 370 291 394 333 220 185 280 88 378 338 132 381 382 231 364 327 356 252 195 389 390 391 392 91 394 395 396 118 149 399 
  Facilities: 133
 3 : 3 189 221 244 276 367
 8 : 8 147
 10 : 10 106 120 229
 15 : 15 153 179 210
 18 : 0 11 17 18 31 303
 25 : 25 26 59
 27 : 27 56 203
 28 : 28 192 355
 32 : 32 54 163 213 332
 33 : 33 41 57 119 322
 36 : 36 362
 44 : 44 127 184 281 282
 48 : 21 22 48 369
 55 : 55
 61 : 61 62 256 285
 63 : 63
 64 : 64
 69 : 69
 72 : 72
 76 : 76
 77 : 77 83 125 219
 82 : 82
 85 : 51 85 277
 86 : 86
 87 : 12 70 87 133 255 350
 88 : 88 236 377
 89 : 89
 90 : 90
 91 : 91 223 393
 96 : 96 247
 97 : 97
 98 : 98 183 222 344
 99 : 99 141
 101 : 101
 104 : 104 105 326
 108 : 108
 111 : 111 196 271
 112 : 6 45 112
 115 : 84 107 115 169 352
 118 : 114 117 118 130 245 264 397
 124 : 124
 132 : 132 148 380
 136 : 136
 144 : 34 143 144
 146 : 129 142 146 233
 149 : 122 149 168 240 398
 151 : 37 52 58 150 151 152 278
 158 : 157 158 308
 162 : 145 162 201
 165 : 102 165 274
 166 : 24 166 336
 167 : 167
 171 : 9 155 171 172 345
 181 : 71 154 180 181 182 212
 185 : 185 375
 188 : 65 121 188 207
 191 : 191
 193 : 193
 195 : 195 388
 198 : 29 81 175 198 253 258
 199 : 199 301
 202 : 202
 205 : 205
 214 : 16 197 214 360
 216 : 140 164 216 217
 220 : 23 60 93 220 310 323 374
 227 : 92 226 227 249 302 348
 231 : 35 200 231 349 383
 232 : 232 295 299
 237 : 190 237 238 343
 242 : 1 241 242
 243 : 243
 246 : 246
 251 : 50 251 288
 252 : 252 257 269 325 359 387
 254 : 67 254 296
 261 : 261 272 312 365
 262 : 262
 263 : 263
 265 : 265
 266 : 53 78 266
 267 : 267
 268 : 268 324
 270 : 270
 279 : 13 279
 280 : 103 131 208 280 342 376
 284 : 284
 286 : 109 126 135 248 286
 287 : 204 209 250 287
 289 : 289
 290 : 139 290 340
 291 : 46 291 368 371
 293 : 79 293
 297 : 297
 298 : 298
 300 : 300
 304 : 30 304 305
 307 : 239 307
 313 : 7 156 161 235 313
 316 : 176 228 316
 321 : 80 321
 327 : 19 40 43 306 311 327 385
 328 : 328
 329 : 42 110 177 178 186 292 329
 330 : 2 330
 331 : 194 206 331
 333 : 5 113 259 333 373
 334 : 314 315 334 335
 337 : 337
 338 : 14 338 379
 341 : 187 218 341
 346 : 137 346
 347 : 100 347
 351 : 273 351
 353 : 20 66 128 215 224 225 234 353 354
 356 : 68 356 386
 357 : 47 138 319 357 358
 361 : 260 361
 363 : 39 363
 364 : 4 94 95 211 364 384
 366 : 366
 370 : 370
 378 : 160 170 317 339 378
 381 : 159 294 381
 382 : 74 382
 389 : 389
 390 : 75 173 390
 391 : 49 174 391
 392 : 116 283 392
 394 : 73 123 134 320 372 394
 395 : 38 275 309 318 395
 396 : 230 396
 399 : 399
SOLUTION:
  Value: -1844.000000
  Assigns: 18 242 330 3 364 333 112 313 8 171 10 18 87 279 338 15 214 18 18 327 353 21 21 323 166 25 25 203 266 198 304 18 32 33 144 231 36 151 395 363 327 33 329 327 44 112 291 357 21 44 251 51 151 266 32 55 203 33 151 25 323 61 61 63 64 188 353 254 356 69 87 181 72 394 74 75 76 77 266 293 321 198 82 77 115 51 86 87 88 89 90 91 227 323 364 364 96 97 98 99 100 101 165 103 104 104 10 115 108 286 329 111 112 333 118 115 392 118 118 33 10 188 149 394 124 77 286 44 353 146 103 131 132 87 394 286 136 137 357 290 164 99 146 144 144 162 146 8 132 149 151 151 151 15 181 171 313 158 158 381 378 313 162 32 164 165 166 167 149 115 378 171 171 312 174 174 316 329 329 15 181 181 181 98 44 375 329 341 188 3 237 191 44 193 331 388 111 214 198 199 231 162 203 203 287 205 331 188 103 287 15 364 181 32 214 353 164 164 341 77 323 3 98 91 353 353 227 227 316 10 396 231 232 146 353 313 88 237 237 307 149 242 242 243 3 118 246 96 286 227 287 251 252 198 254 87 61 252 198 333 361 203 262 263 118 265 266 267 268 252 270 111 203 351 165 395 3 51 151 279 103 44 44 392 284 61 286 287 251 330 290 291 329 293 381 232 254 297 298 232 300 199 227 18 304 304 327 307 158 395 323 327 312 313 334 334 316 378 395 357 394 321 33 323 268 252 104 327 328 329 330 331 332 333 334 334 166 337 338 378 290 341 51 237 98 171 137 100 227 231 87 351 115 353 353 355 356 357 357 252 214 361 36 363 364 203 366 3 291 21 370 291 394 333 323 375 103 88 378 338 132 381 74 231 364 327 356 252 388 389 144 44 392 91 394 395 396 118 149 399 
  Facilities: 133
 3 : 3 189 221 244 276 367
 8 : 8 147
 10 : 10 106 120 229
 15 : 15 153 179 210
 18 : 0 11 17 18 31 303
 21 : 21 22 48 369
 25 : 25 26 59
 32 : 32 54 163 213
 33 : 33 41 57 119 322
 36 : 36 362
 44 : 44 49 127 184 192 281 282 391
 51 : 51 85 277 342
 55 : 55
 61 : 61 62 256 285
 63 : 63
 64 : 64
 69 : 69
 72 : 72
 74 : 74 382
 75 : 75
 76 : 76
 77 : 77 83 125 219
 82 : 82
 86 : 86
 87 : 12 70 87 133 255 350
 88 : 88 236 377
 89 : 89
 90 : 90
 91 : 91 223 393
 96 : 96 247
 97 : 97
 98 : 98 183 222 344
 99 : 99 141
 100 : 100 347
 101 : 101
 103 : 103 130 208 280 376
 104 : 104 105 326
 108 : 108
 111 : 111 196 271
 112 : 6 45 112
 115 : 84 107 115 169 352
 118 : 114 117 118 245 264 397
 124 : 124
 131 : 131
 132 : 132 148 380
 136 : 136
 137 : 137 346
 144 : 34 143 144 390
 146 : 129 142 146 233
 149 : 122 149 168 240 398
 151 : 37 52 58 150 151 152 278
 158 : 157 158 308
 162 : 145 162 201
 164 : 140 164 216 217
 165 : 102 165 274
 166 : 24 166 336
 167 : 167
 171 : 9 155 171 172 345
 174 : 174 175
 181 : 71 154 180 181 182 212
 188 : 65 121 188 207
 191 : 191
 193 : 193
 198 : 29 81 198 253 258
 199 : 199 301
 203 : 27 56 202 203 261 272 365
 205 : 205
 214 : 16 197 214 360
 227 : 92 226 227 249 302 348
 231 : 35 200 231 349 383
 232 : 232 295 299
 237 : 190 237 238 343
 242 : 1 241 242
 243 : 243
 246 : 246
 251 : 50 251 288
 252 : 252 257 269 325 359 387
 254 : 67 254 296
 262 : 262
 263 : 263
 265 : 265
 266 : 28 53 78 266
 267 : 267
 268 : 268 324
 270 : 270
 279 : 13 279
 284 : 284
 286 : 109 126 135 248 286
 287 : 204 209 250 287
 290 : 139 290 340
 291 : 46 291 368 371
 293 : 79 293
 297 : 297
 298 : 298
 300 : 300
 304 : 30 304 305
 307 : 239 307
 312 : 173 312
 313 : 7 156 161 235 313
 316 : 176 228 316
 321 : 80 321
 323 : 23 60 93 220 310 323 374
 327 : 19 40 43 306 311 327 385
 328 : 328
 329 : 42 110 177 178 186 292 329
 330 : 2 289 330
 331 : 194 206 331
 332 : 332
 333 : 5 113 259 333 373
 334 : 314 315 334 335
 337 : 337
 338 : 14 338 379
 341 : 187 218 341
 351 : 273 351
 353 : 20 66 128 215 224 225 234 353 354
 355 : 355
 356 : 68 356 386
 357 : 47 138 319 357 358
 361 : 260 361
 363 : 39 363
 364 : 4 94 95 211 364 384
 366 : 366
 370 : 370
 375 : 185 375
 378 : 160 170 317 339 378
 381 : 159 294 381
 388 : 195 388
 389 : 389
 392 : 116 283 392
 394 : 73 123 134 320 372 394
 395 : 38 275 309 318 395
 396 : 230 396
 399 : 399
SOLUTION:
  Value: -1844.000000
  Assigns: 18 242 330 3 364 333 112 313 8 171 10 18 87 279 338 15 214 18 18 327 353 21 21 323 166 25 25 203 266 198 304 18 32 33 144 231 36 151 395 363 327 33 329 327 44 112 291 357 21 391 251 85 151 266 32 55 203 33 151 25 323 61 61 63 64 188 353 254 356 69 87 181 72 394 74 75 76 77 266 293 321 198 82 77 115 85 86 87 88 89 90 91 227 323 364 364 96 97 98 99 100 101 165 103 104 104 10 115 108 286 329 111 112 333 118 115 392 118 118 33 10 188 149 394 124 77 286 44 353 146 103 103 132 87 394 286 136 346 357 290 164 99 146 144 144 162 146 8 132 149 151 151 151 15 181 171 313 158 158 381 378 313 162 32 164 165 166 167 149 115 378 171 171 312 391 198 316 329 329 15 181 181 181 98 44 185 329 218 188 3 237 191 44 193 331 195 111 214 198 199 231 162 203 203 287 205 331 188 103 287 15 364 181 32 214 353 164 164 218 77 323 3 98 91 353 353 227 227 316 10 396 231 232 146 353 313 88 237 237 239 149 242 242 243 3 118 246 96 286 227 287 251 252 198 254 87 61 252 198 333 361 203 262 263 118 265 266 267 324 252 270 111 203 351 165 395 3 85 151 279 280 44 44 392 284 61 286 287 251 330 290 291 329 293 381 232 254 297 298 232 300 199 227 18 304 304 327 239 158 395 323 327 312 313 334 334 316 378 395 357 394 321 33 323 324 252 104 327 328 329 330 331 332 333 334 334 166 337 338 378 290 218 280 237 98 171 346 100 227 231 87 351 115 353 353 355 356 357 357 252 214 361 36 363 364 203 366 3 291 21 370 291 394 333 323 185 280 88 378 338 132 381 74 231 364 327 356 252 195 389 144 391 392 91 394 395 396 118 149 399 
  Facilities: 133
 3 : 3 189 221 244 276 367
 8 : 8 147
 10 : 10 106 120 229
 15 : 15 153 179 210
 18 : 0 11 17 18 31 303
 21 : 21 22 48 369
 25 : 25 26 59
 32 : 32 54 163 213
 33 : 33 41 57 119 322
 36 : 36 362
 44 : 44 127 184 192 281 282
 55 : 55
 61 : 61 62 256 285
 63 : 63
 64 : 64
 69 : 69
 72 : 72
 74 : 74 382
 75 : 75
 76 : 76
 77 : 77 83 125 219
 82 : 82
 85 : 51 85 277
 86 : 86
 87 : 12 70 87 133 255 350
 88 : 88 236 377
 89 : 89
 90 : 90
 91 : 91 223 393
 96 : 96 247
 97 : 97
 98 : 98 183 222 344
 99 : 99 141
 100 : 100 347
 101 : 101
 103 : 103 130 131 208
 104 : 104 105 326
 108 : 108
 111 : 111 196 271
 112 : 6 45 112
 115 : 84 107 115 169 352
 118 : 114 117 118 245 264 397
 124 : 124
 132 : 132 148 380
 136 : 136
 144 : 34 143 144 390
 146 : 129 142 146 233
 149 : 122 149 168 240 398
 151 : 37 52 58 150 151 152 278
 158 : 157 158 308
 162 : 145 162 201
 164 : 140 164 216 217
 165 : 102 165 274
 166 : 24 166 336
 167 : 167
 171 : 9 155 171 172 345
 181 : 71 154 180 181 182 212
 185 : 185 375
 188 : 65 121 188 207
 191 : 191
 193 : 193
 195 : 195 388
 198 : 29 81 175 198 253 258
 199 : 199 301
 203 : 27 56 202 203 261 272 365
 205 : 205
 214 : 16 197 214 360
 218 : 187 218 341
 227 : 92 226 227 249 302 348
 231 : 35 200 231 349 383
 232 : 232 295 299
 237 : 190 237 238 343
 239 : 239 307
 242 : 1 241 242
 243 : 243
 246 : 246
 251 : 50 251 288
 252 : 252 257 269 325 359 387
 254 : 67 254 296
 262 : 262
 263 : 263
 265 : 265
 266 : 28 53 78 266
 267 : 267
 270 : 270
 279 : 13 279
 280 : 280 342 376
 284 : 284
 286 : 109 126 135 248 286
 287 : 204 209 250 287
 290 : 139 290 340
 291 : 46 291 368 371
 293 : 79 293
 297 : 297
 298 : 298
 300 : 300
 304 : 30 304 305
 312 : 173 312
 313 : 7 156 161 235 313
 316 : 176 228 316
 321 : 80 321
 323 : 23 60 93 220 310 323 374
 324 : 268 324
 327 : 19 40 43 306 311 327 385
 328 : 328
 329 : 42 110 177 178 186 292 329
 330 : 2 289 330
 331 : 194 206 331
 332 : 332
 333 : 5 113 259 333 373
 334 : 314 315 334 335
 337 : 337
 338 : 14 338 379
 346 : 137 346
 351 : 273 351
 353 : 20 66 128 215 224 225 234 353 354
 355 : 355
 356 : 68 356 386
 357 : 47 138 319 357 358
 361 : 260 361
 363 : 39 363
 364 : 4 94 95 211 364 384
 366 : 366
 370 : 370
 378 : 160 170 317 339 378
 381 : 159 294 381
 389 : 389
 391 : 49 174 391
 392 : 116 283 392
 394 : 73 123 134 320 372 394
 395 : 38 275 309 318 395
 396 : 230 396
 399 : 399
SOLUTION:
  Value: -1845.000000
  Assigns: 18 242 330 3 196 333 112 313 147 171 120 18 87 279 338 15 214 18 18 327 353 21 21 323 166 25 25 203 266 198 304 18 213 33 34 383 362 151 395 363 327 33 329 327 184 112 291 357 21 391 50 51 151 266 213 55 203 33 151 25 323 61 61 63 64 188 353 254 356 69 87 181 72 394 74 75 76 77 266 79 321 198 82 77 115 51 86 87 88 89 90 91 227 323 95 95 96 383 98 99 100 101 102 103 104 104 106 115 108 286 329 111 112 333 118 115 392 118 118 33 120 188 149 394 124 77 286 184 353 146 103 103 132 87 394 286 136 346 357 34 216 99 146 34 34 162 146 147 132 149 151 151 151 15 181 171 313 158 158 381 378 313 162 213 216 102 166 167 149 115 378 171 171 312 391 198 316 329 329 15 181 181 181 98 184 184 329 218 188 3 237 191 273 329 331 388 196 214 198 199 383 162 203 203 287 205 331 188 103 287 15 384 181 213 214 353 216 216 218 77 323 3 98 91 353 353 227 227 316 120 396 383 232 146 353 313 88 237 237 239 149 242 242 243 3 118 246 96 286 227 287 50 252 198 254 87 61 252 198 333 361 203 262 263 118 265 266 267 268 252 270 111 203 273 102 395 3 51 151 279 103 77 359 392 284 61 286 287 288 330 290 291 329 79 381 232 254 297 298 232 300 199 227 18 304 304 327 239 158 395 323 327 312 313 334 334 316 378 395 357 394 321 33 323 268 252 34 327 328 329 330 331 213 333 334 334 166 337 338 378 290 218 51 237 98 171 346 100 227 383 87 273 115 353 353 355 356 357 357 359 214 361 362 363 95 203 366 3 291 21 370 291 394 333 323 184 103 88 378 338 132 381 74 383 384 327 356 252 388 389 34 391 392 91 394 395 396 118 149 399 
  Facilities: 133
 3 : 3 189 221 244 276 367
 15 : 15 153 179 210
 18 : 0 11 17 18 31 303
 21 : 21 22 48 369
 25 : 25 26 59
 33 : 33 41 57 119 322
 34 : 34 139 143 144 326 390
 50 : 50 251
 51 : 51 85 277 342
 55 : 55
 61 : 61 62 256 285
 63 : 63
 64 : 64
 69 : 69
 72 : 72
 74 : 74 382
 75 : 75
 76 : 76
 77 : 77 83 125 219 281
 79 : 79 293
 82 : 82
 86 : 86
 87 : 12 70 87 133 255 350
 88 : 88 236 377
 89 : 89
 90 : 90
 91 : 91 223 393
 95 : 94 95 364
 96 : 96 247
 98 : 98 183 222 344
 99 : 99 141
 100 : 100 347
 101 : 101
 102 : 102 165 274
 103 : 103 130 131 208 280 376
 104 : 104 105
 106 : 106
 108 : 108
 111 : 111 271
 112 : 6 45 112
 115 : 84 107 115 169 352
 118 : 114 117 118 245 264 397
 120 : 10 120 229
 124 : 124
 132 : 132 148 380
 136 : 136
 146 : 129 142 146 233
 147 : 8 147
 149 : 122 149 168 240 398
 151 : 37 52 58 150 151 152 278
 158 : 157 158 308
 162 : 145 162 201
 166 : 24 166 336
 167 : 167
 171 : 9 155 171 172 345
 181 : 71 154 180 181 182 212
 184 : 44 127 184 185 375
 188 : 65 121 188 207
 191 : 191
 196 : 4 196
 198 : 29 81 175 198 253 258
 199 : 199 301
 203 : 27 56 202 203 261 272 365
 205 : 205
 213 : 32 54 163 213 332
 214 : 16 197 214 360
 216 : 140 164 216 217
 218 : 187 218 341
 227 : 92 226 227 249 302 348
 232 : 232 295 299
 237 : 190 237 238 343
 239 : 239 307
 242 : 1 241 242
 243 : 243
 246 : 246
 252 : 252 257 269 325 387
 254 : 67 254 296
 262 : 262
 263 : 263
 265 : 265
 266 : 28 53 78 266
 267 : 267
 268 : 268 324
 270 : 270
 273 : 192 273 351
 279 : 13 279
 284 : 284
 286 : 109 126 135 248 286
 287 : 204 209 250 287
 288 : 288
 290 : 290 340
 291 : 46 291 368 371
 297 : 297
 298 : 298
 300 : 300
 304 : 30 304 305
 312 : 173 312
 313 : 7 156 161 235 313
 316 : 176 228 316
 321 : 80 321
 323 : 23 60 93 220 310 323 374
 327 : 19 40 43 306 311 327 385
 328 : 328
 329 : 42 110 177 178 186 193 292 329
 330 : 2 289 330
 331 : 194 206 331
 333 : 5 113 259 333 373
 334 : 314 315 334 335
 337 : 337
 338 : 14 338 379
 346 : 137 346
 353 : 20 66 128 215 224 225 234 353 354
 355 : 355
 356 : 68 356 386
 357 : 47 138 319 357 358
 359 : 282 359
 361 : 260 361
 362 : 36 362
 363 : 39 363
 366 : 366
 370 : 370
 378 : 160 170 317 339 378
 381 : 159 294 381
 383 : 35 97 200 231 349 383
 384 : 211 384
 388 : 195 388
 389 : 389
 391 : 49 174 391
 392 : 116 283 392
 394 : 73 123 134 320 372 394
 395 : 38 275 309 318 395
 396 : 230 396
 399 : 399
SOLUTION:
  Value: -1845.000000
  Assigns: 18 242 330 3 364 333 112 313 147 171 10 18 87 279 338 15 214 18 18 327 353 48 48 220 166 25 25 27 28 198 304 18 32 33 144 231 36 151 395 39 327 33 329 327 44 112 291 357 48 44 251 85 151 266 32 55 27 33 151 25 220 61 61 63 64 188 353 254 386 69 87 181 72 394 74 390 76 77 266 79 321 198 82 77 115 85 86 87 88 89 90 91 227 220 364 364 96 97 98 99 100 101 165 103 104 104 10 115 108 286 329 111 112 333 118 115 392 118 118 33 10 188 149 394 124 77 286 44 353 146 103 103 132 386 394 286 136 346 357 290 216 99 146 144 144 162 146 147 132 149 151 151 151 15 181 171 313 158 158 381 378 313 162 32 216 165 166 167 149 115 378 171 171 390 175 175 316 329 329 15 181 181 181 98 44 185 329 218 188 3 237 191 28 193 331 388 111 214 198 199 231 162 202 27 287 205 331 188 103 287 15 364 181 32 214 353 216 216 218 77 220 3 98 91 353 353 227 227 316 10 396 231 232 146 353 313 88 237 237 307 149 242 242 243 3 118 246 96 286 227 287 251 252 198 254 87 61 252 198 333 260 261 262 263 118 265 266 267 268 252 270 111 261 273 165 395 3 85 151 279 280 44 44 392 284 61 286 287 251 289 290 291 329 79 381 232 254 297 232 232 300 199 227 18 304 304 327 307 158 395 220 327 261 313 334 334 316 378 395 357 394 321 33 220 268 252 104 327 328 329 330 331 32 333 334 334 166 337 338 378 290 218 280 237 98 171 346 100 227 231 87 273 115 353 353 28 386 357 357 252 214 260 36 39 364 261 366 3 291 48 370 291 394 333 220 185 280 88 378 338 132 381 74 231 364 327 386 252 388 389 390 44 392 91 394 395 396 118 149 399 
  Facilities: 133
 3 : 3 189 221 244 276 367
 10 : 10 106 120 229
 15 : 15 153 179 210
 18 : 0 11 17 18 31 303
 25 : 25 26 59
 27 : 27 56 203
 28 : 28 192 355
 32 : 32 54 163 213 332
 33 : 33 41 57 119 322
 36 : 36 362
 39 : 39 363
 44 : 44 49 127 184 281 282 391
 48 : 21 22 48 369
 55 : 55
 61 : 61 62 256 285
 63 : 63
 64 : 64
 69 : 69
 72 : 72
 74 : 74 382
 76 : 76
 77 : 77 83 125 219
 79 : 79 293
 82 : 82
 85 : 51 85 277
 86 : 86
 87 : 12 70 87 255 350
 88 : 88 236 377
 89 : 89
 90 : 90
 91 : 91 223 393
 96 : 96 247
 97 : 97
 98 : 98 183 222 344
 99 : 99 141
 100 : 100 347
 101 : 101
 103 : 103 130 131 208
 104 : 104 105 326
 108 : 108
 111 : 111 196 271
 112 : 6 45 112
 115 : 84 107 115 169 352
 118 : 114 117 118 245 264 397
 124 : 124
 132 : 132 148 380
 136 : 136
 144 : 34 143 144
 146 : 129 142 146 233
 147 : 8 147
 149 : 122 149 168 240 398
 151 : 37 52 58 150 151 152 278
 158 : 157 158 308
 162 : 145 162 201
 165 : 102 165 274
 166 : 24 166 336
 167 : 167
 171 : 9 155 171 172 345
 175 : 174 175
 181 : 71 154 180 181 182 212
 185 : 185 375
 188 : 65 121 188 207
 191 : 191
 193 : 193
 198 : 29 81 198 253 258
 199 : 199 301
 202 : 202
 205 : 205
 214 : 16 197 214 360
 216 : 140 164 216 217
 218 : 187 218 341
 220 : 23 60 93 220 310 323 374
 227 : 92 226 227 249 302 348
 231 : 35 200 231 349 383
 232 : 232 295 298 299
 237 : 190 237 238 343
 242 : 1 241 242
 243 : 243
 246 : 246
 251 : 50 251 288
 252 : 252 257 269 325 359 387
 254 : 67 254 296
 260 : 260 361
 261 : 261 272 312 365
 262 : 262
 263 : 263
 265 : 265
 266 : 53 78 266
 267 : 267
 268 : 268 324
 270 : 270
 273 : 273 351
 279 : 13 279
 280 : 280 342 376
 284 : 284
 286 : 109 126 135 248 286
 287 : 204 209 250 287
 289 : 289
 290 : 139 290 340
 291 : 46 291 368 371
 297 : 297
 300 : 300
 304 : 30 304 305
 307 : 239 307
 313 : 7 156 161 235 313
 316 : 176 228 316
 321 : 80 321
 327 : 19 40 43 306 311 327 385
 328 : 328
 329 : 42 110 177 178 186 292 329
 330 : 2 330
 331 : 194 206 331
 333 : 5 113 259 333 373
 334 : 314 315 334 335
 337 : 337
 338 : 14 338 379
 346 : 137 346
 353 : 20 66 128 215 224 225 234 353 354
 357 : 47 138 319 357 358
 364 : 4 94 95 211 364 384
 366 : 366
 370 : 370
 378 : 160 170 317 339 378
 381 : 159 294 381
 386 : 68 133 356 386
 388 : 195 388
 389 : 389
 390 : 75 173 390
 392 : 116 283 392
 394 : 73 123 134 320 372 394
 395 : 38 275 309 318 395
 396 : 230 396
 399 : 399
SOLUTION:
  Value: -1848.000000
  Assigns: 18 242 330 3 364 333 112 313 147 171 10 18 87 279 338 15 214 18 18 327 353 48 48 323 166 25 25 203 266 198 304 18 32 33 144 231 36 151 395 363 327 33 329 327 44 112 291 357 48 44 251 85 151 266 32 55 203 33 151 25 323 61 61 63 64 188 353 254 356 69 87 181 72 394 382 75 76 77 266 293 321 198 82 77 115 85 86 87 88 89 90 91 227 323 364 364 96 97 98 99 100 101 165 103 104 104 10 115 108 286 329 111 112 333 118 115 392 118 118 33 10 188 149 394 124 77 286 44 353 146 103 103 132 87 394 286 136 346 357 290 164 99 146 144 144 162 146 147 132 149 151 151 151 15 181 171 313 158 158 381 378 313 162 32 164 165 166 167 149 115 378 171 171 312 174 174 316 329 329 15 181 181 181 98 44 185 329 341 188 3 237 191 44 193 331 195 111 214 198 199 231 162 203 203 287 205 331 188 103 287 15 364 181 32 214 353 164 164 341 77 323 3 98 91 353 353 227 227 316 10 230 231 232 146 353 313 88 237 237 239 149 242 242 243 3 118 246 96 286 227 287 251 252 198 254 87 61 252 198 333 361 203 262 263 118 265 266 267 268 252 270 111 203 273 165 395 3 85 151 279 280 44 44 392 284 61 286 287 288 330 290 291 329 293 381 232 254 297 298 232 300 199 227 18 304 304 327 239 158 395 323 327 312 313 334 334 316 378 395 357 394 321 33 323 268 252 104 327 328 329 330 331 32 333 334 334 166 337 338 378 290 341 280 237 98 171 346 100 227 231 87 273 115 353 353 355 356 357 357 252 214 361 36 363 364 203 366 3 291 48 370 291 394 333 323 185 280 88 378 338 132 381 382 231 364 327 356 252 195 389 144 44 392 91 394 395 230 118 149 399 
  Facilities: 133
 3 : 3 189 221 244 276 367
 10 : 10 106 120 229
 15 : 15 153 179 210
 18 : 0 11 17 18 31 303
 25 : 25 26 59
 32 : 32 54 163 213 332
 33 : 33 41 57 119 322
 36 : 36 362
 44 : 44 49 127 184 192 281 282 391
 48 : 21 22 48 369
 55 : 55
 61 : 61 62 256 285
 63 : 63
 64 : 64
 69 : 69
 72 : 72
 75 : 75
 76 : 76
 77 : 77 83 125 219
 82 : 82
 85 : 51 85 277
 86 : 86
 87 : 12 70 87 133 255 350
 88 : 88 236 377
 89 : 89
 90 : 90
 91 : 91 223 393
 96 : 96 247
 97 : 97
 98 : 98 183 222 344
 99 : 99 141
 100 : 100 347
 101 : 101
 103 : 103 130 131 208
 104 : 104 105 326
 108 : 108
 111 : 111 196 271
 112 : 6 45 112
 115 : 84 107 115 169 352
 118 : 114 117 118 245 264 397
 124 : 124
 132 : 132 148 380
 136 : 136
 144 : 34 143 144 390
 146 : 129 142 146 233
 147 : 8 147
 149 : 122 149 168 240 398
 151 : 37 52 58 150 151 152 278
 158 : 157 158 308
 162 : 145 162 201
 164 : 140 164 216 217
 165 : 102 165 274
 166 : 24 166 336
 167 : 167
 171 : 9 155 171 172 345
 174 : 174 175
 181 : 71 154 180 181 182 212
 185 : 185 375
 188 : 65 121 188 207
 191 : 191
 193 : 193
 195 : 195 388
 198 : 29 81 198 253 258
 199 : 199 301
 203 : 27 56 202 203 261 272 365
 205 : 205
 214 : 16 197 214 360
 227 : 92 226 227 249 302 348
 230 : 230 396
 231 : 35 200 231 349 383
 232 : 232 295 299
 237 : 190 237 238 343
 239 : 239 307
 242 : 1 241 242
 243 : 243
 246 : 246
 251 : 50 251
 252 : 252 257 269 325 359 387
 254 : 67 254 296
 262 : 262
 263 : 263
 265 : 265
 266 : 28 53 78 266
 267 : 267
 268 : 268 324
 270 : 270
 273 : 273 351
 279 : 13 279
 280 : 280 342 376
 284 : 284
 286 : 109 126 135 248 286
 287 : 204 209 250 287
 288 : 288
 290 : 139 290 340
 291 : 46 291 368 371
 293 : 79 293
 297 : 297
 298 : 298
 300 : 300
 304 : 30 304 305
 312 : 173 312
 313 : 7 156 161 235 313
 316 : 176 228 316
 321 : 80 321
 323 : 23 60 93 220 310 323 374
 327 : 19 40 43 306 311 327 385
 328 : 328
 329 : 42 110 177 178 186 292 329
 330 : 2 289 330
 331 : 194 206 331
 333 : 5 113 259 333 373
 334 : 314 315 334 335
 337 : 337
 338 : 14 338 379
 341 : 187 218 341
 346 : 137 346
 353 : 20 66 128 215 224 225 234 353 354
 355 : 355
 356 : 68 356 386
 357 : 47 138 319 357 358
 361 : 260 361
 363 : 39 363
 364 : 4 94 95 211 364 384
 366 : 366
 370 : 370
 378 : 160 170 317 339 378
 381 : 159 294 381
 382 : 74 382
 389 : 389
 392 : 116 283 392
 394 : 73 123 134 320 372 394
 395 : 38 275 309 318 395
 399 : 399
SOLUTION:
  Value: -1848.000000
  Assigns: 18 242 330 3 95 333 112 313 147 171 120 18 87 279 338 15 214 18 18 327 128 21 21 323 166 25 25 203 266 198 304 18 213 33 144 231 36 151 395 363 327 33 329 327 44 112 291 357 21 44 50 51 151 266 213 55 203 33 151 25 323 61 61 63 64 188 128 254 356 69 87 181 72 394 74 75 76 77 266 293 321 198 82 77 115 51 86 87 88 89 90 91 227 323 95 95 96 97 98 99 347 101 165 103 104 104 262 115 108 286 329 111 112 333 118 115 116 118 118 33 120 188 149 394 124 77 286 44 128 146 103 103 132 87 394 286 136 137 357 290 164 99 146 144 144 162 146 147 132 149 151 151 151 15 181 171 313 158 158 381 378 313 162 213 164 165 166 167 149 115 378 171 171 312 175 175 316 329 329 15 181 181 181 98 44 185 329 341 188 3 237 191 44 193 331 388 111 214 198 301 231 162 203 203 287 205 331 188 103 287 15 384 181 213 214 128 164 164 341 77 323 3 98 91 128 128 227 227 316 120 230 231 232 146 128 313 88 237 237 239 149 242 242 243 3 118 246 96 286 227 287 50 252 198 254 87 61 252 198 333 361 203 262 263 118 265 266 267 324 252 270 271 203 273 165 395 3 51 151 279 103 44 44 283 284 61 286 287 288 330 290 291 329 293 381 232 254 297 232 232 300 301 227 18 304 304 327 239 158 395 323 327 312 313 334 334 316 378 395 357 394 321 33 323 324 252 104 327 328 329 330 331 213 333 334 334 166 337 338 378 290 341 51 237 98 171 137 347 227 231 87 273 115 128 128 355 356 357 357 252 214 361 36 363 95 203 366 3 291 21 288 291 394 333 323 185 103 88 378 338 132 381 74 231 384 327 356 252 388 389 144 44 128 91 394 395 230 118 149 399 
  Facilities: 133
 3 : 3 189 221 244 276 367
 15 : 15 153 179 210
 18 : 0 11 17 18 31 303
 21 : 21 22 48 369
 25 : 25 26 59
 33 : 33 41 57 119 322
 36 : 36 362
 44 : 44 49 127 184 192 281 282 391
 50 : 50 251
 51 : 51 85 277 342
 55 : 55
 61 : 61 62 256 285
 63 : 63
 64 : 64
 69 : 69
 72 : 72
 74 : 74 382
 75 : 75
 76 : 76
 77 : 77 83 125 219
 82 : 82
 86 : 86
 87 : 12 70 87 133 255 350
 88 : 88 236 377
 89 : 89
 90 : 90
 91 : 91 223 393
 95 : 4 94 95 364
 96 : 96 247
 97 : 97
 98 : 98 183 222 344
 99 : 99 141
 101 : 101
 103 : 103 130 131 208 280 376
 104 : 104 105 326
 108 : 108
 111 : 111 196
 112 : 6 45 112
 115 : 84 107 115 169 352
 116 : 116
 118 : 114 117 118 245 264 397
 120 : 10 120 229
 124 : 124
 128 : 20 66 128 215 224 225 234 353 354 392
 132 : 132 148 380
 136 : 136
 137 : 137 346
 144 : 34 143 144 390
 146 : 129 142 146 233
 147 : 8 147
 149 : 122 149 168 240 398
 151 : 37 52 58 150 151 152 278
 158 : 157 158 308
 162 : 145 162 201
 164 : 140 164 216 217
 165 : 102 165 274
 166 : 24 166 336
 167 : 167
 171 : 9 155 171 172 345
 175 : 174 175
 181 : 71 154 180 181 182 212
 185 : 185 375
 188 : 65 121 188 207
 191 : 191
 193 : 193
 198 : 29 81 198 253 258
 203 : 27 56 202 203 261 272 365
 205 : 205
 213 : 32 54 163 213 332
 214 : 16 197 214 360
 227 : 92 226 227 249 302 348
 230 : 230 396
 231 : 35 200 231 349 383
 232 : 232 295 298 299
 237 : 190 237 238 343
 239 : 239 307
 242 : 1 241 242
 243 : 243
 246 : 246
 252 : 252 257 269 325 359 387
 254 : 67 254 296
 262 : 106 262
 263 : 263
 265 : 265
 266 : 28 53 78 266
 267 : 267
 270 : 270
 271 : 271
 273 : 273 351
 279 : 13 279
 283 : 283
 284 : 284
 286 : 109 126 135 248 286
 287 : 204 209 250 287
 288 : 288 370
 290 : 139 290 340
 291 : 46 291 368 371
 293 : 79 293
 297 : 297
 300 : 300
 301 : 199 301
 304 : 30 304 305
 312 : 173 312
 313 : 7 156 161 235 313
 316 : 176 228 316
 321 : 80 321
 323 : 23 60 93 220 310 323 374
 324 : 268 324
 327 : 19 40 43 306 311 327 385
 328 : 328
 329 : 42 110 177 178 186 292 329
 330 : 2 289 330
 331 : 194 206 331
 333 : 5 113 259 333 373
 334 : 314 315 334 335
 337 : 337
 338 : 14 338 379
 341 : 187 218 341
 347 : 100 347
 355 : 355
 356 : 68 356 386
 357 : 47 138 319 357 358
 361 : 260 361
 363 : 39 363
 366 : 366
 378 : 160 170 317 339 378
 381 : 159 294 381
 384 : 211 384
 388 : 195 388
 389 : 389
 394 : 73 123 134 320 372 394
 395 : 38 275 309 318 395
 399 : 399
