# Time: 73282.937500
# Elapsed: 21613.560547
# Input_file: splp/KoerkelGhosh-asym/750/a/ga750a-1
# Pool_size: 200
# Iterations: 71
# Final_solutions: 13689
# Vision_range: 400
# Reduction_mode: REDUCTION_DISPERSE
# Dissimilitude: DISSIM_CLIENTDELTA
SOLUTION:
  Value: -764487.000000
  Assigns: 304 704 728 6 429 483 1 233 304 109 112 156 101 710 183 605 151 253 625 62 183 62 156 679 116 494 643 728 17 448 648 558 250 710 571 262 571 563 639 480 710 112 250 451 728 695 462 646 429 625 480 183 559 543 728 555 483 477 66 416 151 262 253 156 304 669 494 471 1 555 350 646 494 112 156 94 605 693 94 693 168 679 253 70 728 156 109 262 156 573 646 669 416 639 70 644 693 555 693 644 250 231 183 334 558 151 646 250 477 109 477 286 695 471 1 183 297 62 231 646 565 350 297 563 183 558 116 648 151 297 728 695 704 231 560 639 66 625 1 643 477 648 704 168 639 648 62 669 304 231 605 555 242 448 679 242 679 151 643 429 101 334 695 70 451 644 318 304 679 1 605 462 250 462 451 480 94 637 109 253 637 109 704 151 639 462 233 648 94 693 644 231 563 262 693 70 605 168 543 112 448 318 648 112 644 250 191 70 565 183 605 704 560 109 639 233 643 471 109 462 253 116 695 286 350 559 156 462 112 62 710 66 262 94 451 70 639 563 471 679 191 334 6 555 191 648 250 112 112 483 462 555 648 183 693 471 101 448 559 116 1 648 644 6 318 191 109 565 480 559 112 116 477 710 646 151 318 483 62 62 560 605 109 643 565 669 704 571 669 679 477 571 1 233 558 262 233 565 648 648 448 571 451 560 304 116 6 286 66 480 233 242 448 648 605 625 644 17 429 318 646 345 242 6 66 644 66 695 345 416 416 233 565 644 639 710 573 116 70 695 625 543 710 345 62 669 563 233 112 231 563 637 643 70 560 643 350 262 286 639 543 429 334 253 471 471 480 1 644 286 191 66 231 571 559 297 156 250 231 350 183 17 62 191 560 644 451 471 318 573 483 558 462 471 704 451 262 669 646 151 555 560 429 693 560 168 728 112 543 563 669 480 637 250 94 304 116 116 565 480 17 109 429 573 168 679 262 693 625 471 483 462 565 477 563 304 297 345 559 350 334 183 605 543 262 483 116 66 639 471 318 70 646 116 70 679 66 571 156 555 62 101 571 646 605 555 345 483 471 704 17 350 573 304 710 1 94 1 297 286 345 646 471 318 669 704 183 543 70 94 183 480 116 250 480 151 559 262 637 62 334 94 462 70 66 17 350 168 637 253 560 477 451 555 304 669 471 451 416 558 605 648 6 483 116 728 637 350 462 477 704 625 462 448 477 304 70 679 297 625 6 451 429 17 558 573 559 242 558 480 679 112 17 101 429 471 286 168 639 112 471 6 704 560 480 563 109 318 350 231 334 451 571 728 318 543 262 710 116 183 168 101 70 558 558 191 560 334 297 565 416 416 242 573 116 563 646 116 262 559 477 483 286 462 297 483 231 559 286 679 639 643 242 6 262 480 112 70 94 62 233 70 704 297 242 304 253 693 669 543 494 318 318 345 448 17 669 625 480 695 168 471 555 559 625 242 318 112 62 304 62 483 639 573 555 318 710 710 639 231 233 191 429 345 151 6 693 646 710 571 17 480 471 605 605 334 345 571 318 6 168 477 605 101 334 109 695 231 286 704 168 728 563 350 559 297 637 625 555 168 648 710 151 318 573 483 643 605 643 233 693 637 250 66 334 151 334 66 471 262 605 494 679 573 318 345 242 605 1 646 462 253 573 558 695 710 637 480 560 563 350 151 494 679 6 242 286 250 695 471 
  Facilities: 63
 1 : 6 68 114 138 169 260 292 367 475 477 728
 6 : 3 242 263 306 323 522 540 561 613 665 679 744
 17 : 28 317 381 420 470 505 543 552 635 670
 62 : 19 21 117 146 229 278 279 344 382 460 499 619 648 650
 66 : 58 136 231 308 324 326 371 447 456 504 713 717
 70 : 83 94 163 195 207 235 338 353 451 454 488 503 536 582 617 621
 94 : 75 78 176 188 233 414 476 489 501 618
 101 : 12 160 256 461 553 581 683
 109 : 9 86 109 178 181 213 218 266 282 421 566 685
 112 : 10 41 73 199 203 228 247 248 270 348 407 551 559 616 647
 116 : 24 126 221 259 271 305 337 416 417 446 453 492 524 578 594 597
 151 : 16 60 105 128 157 183 275 399 495 664 702 715 741
 156 : 11 22 63 74 85 88 226 376 458
 168 : 80 143 197 405 424 507 557 580 640 680 690 699
 183 : 14 20 51 102 115 124 209 253 380 441 486 490 579
 191 : 206 240 244 265 370 383 585 661
 231 : 101 118 133 149 191 349 372 378 569 606 659 687
 233 : 7 186 215 293 296 310 331 347 620 660 709
 242 : 152 155 311 322 547 592 612 624 645 726 745
 250 : 32 42 100 107 172 205 246 377 413 493 712 747
 253 : 17 62 82 179 220 363 509 626 731
 262 : 35 61 87 193 232 295 357 396 426 444 497 576 598 614 719
 286 : 111 223 307 358 369 479 556 602 608 688 746
 297 : 116 122 129 375 436 478 538 588 604 623 695
 304 : 0 8 64 148 167 304 415 435 473 514 535 625 649
 318 : 166 201 264 276 319 388 450 483 567 574 631 632 646 655 678 703 724
 334 : 103 161 241 362 440 500 570 587 675 684 714 716
 345 : 321 328 343 437 466 480 633 663 676 725
 350 : 70 121 224 356 379 439 471 506 527 568 693 740
 416 : 59 92 329 330 518 590 591
 429 : 4 48 159 318 361 402 422 542 554 662
 448 : 29 153 200 257 300 312 533 634
 451 : 43 164 174 234 302 386 395 512 517 541 571
 462 : 46 171 173 185 219 227 250 392 431 502 528 532 603 730
 471 : 67 113 217 238 255 364 365 387 393 429 449 468 482 516 555 560 641 672 718 749
 477 : 57 108 110 140 272 290 433 511 529 534 600 681
 480 : 39 50 175 268 309 366 411 419 491 494 549 564 615 638 671 737
 483 : 5 56 249 277 390 430 445 467 523 601 605 651 705
 494 : 25 66 72 630 721 742
 543 : 53 198 341 360 408 443 487 575 629
 555 : 55 69 97 151 243 251 400 459 465 513 642 654 698
 558 : 31 104 125 294 391 519 544 548 583 584 733
 559 : 52 225 258 269 374 438 496 546 599 607 643 694
 560 : 134 212 280 303 354 384 401 404 510 563 586 738
 563 : 37 123 192 237 346 350 409 434 565 595 692 739
 565 : 120 208 267 284 297 332 418 432 589
 571 : 34 36 287 291 301 373 457 462 572 669 677
 573 : 89 336 389 423 472 545 593 653 704 723 732
 605 : 15 76 150 170 196 210 281 314 442 464 520 673 674 682 707 720 727
 625 : 18 49 137 315 340 428 531 539 637 644 697
 637 : 177 180 351 412 498 508 526 696 711 736
 639 : 38 93 135 144 184 214 236 334 359 448 558 610 652 658
 643 : 26 139 158 216 283 352 355 611 706 708
 644 : 95 99 165 190 204 262 316 325 333 368 385
 646 : 47 71 90 106 119 274 320 398 452 463 481 596 667 729
 648 : 30 127 141 145 187 202 245 252 261 298 299 313 521 700
 669 : 65 91 147 285 288 345 397 410 484 515 628 636
 679 : 23 81 154 156 168 239 289 425 455 537 550 609 722 743
 693 : 77 79 96 98 189 194 254 403 427 627 666 710
 695 : 45 112 131 162 222 327 339 639 686 734 748
 704 : 1 132 142 182 211 286 394 469 485 530 562 622 689
 710 : 13 33 40 230 273 335 342 474 577 656 657 668 701 735
 728 : 2 27 44 54 84 130 406 525 573 691
SOLUTION:
  Value: -764493.000000
  Assigns: 304 704 728 6 429 483 1 233 304 109 112 156 101 710 183 605 151 253 625 62 183 62 156 62 116 494 643 728 17 448 648 558 250 710 571 262 571 563 639 480 710 112 250 451 728 695 462 646 429 625 480 183 559 543 728 555 483 477 66 416 151 262 253 156 304 669 494 471 1 555 350 646 494 112 156 94 605 693 94 693 168 494 253 70 728 156 109 262 156 573 646 669 416 639 70 644 693 555 693 644 250 231 183 334 558 151 646 250 477 109 477 286 695 471 1 183 297 62 231 646 565 350 297 563 183 558 116 648 151 297 728 695 704 231 560 639 66 625 1 643 477 648 704 168 639 648 62 669 304 231 605 555 242 448 250 242 695 151 643 429 101 334 695 70 451 644 318 304 17 1 605 462 250 462 451 480 94 637 109 253 637 109 704 151 639 462 233 648 94 693 644 231 563 262 693 70 605 168 543 112 448 318 648 112 644 250 191 70 565 183 605 704 560 109 639 233 643 471 109 462 253 116 695 286 350 559 156 462 112 62 710 66 262 94 451 70 639 563 471 543 191 334 6 555 191 648 250 112 112 483 462 555 648 183 693 471 101 448 559 116 1 648 644 6 318 191 109 565 480 559 112 116 477 710 646 151 318 483 62 62 560 605 109 643 565 669 704 571 669 693 477 571 1 233 558 262 233 565 648 648 448 571 451 560 304 116 6 286 66 480 233 242 448 648 605 625 644 17 429 318 646 345 242 6 66 644 66 695 345 416 416 233 565 644 639 710 573 116 70 695 625 543 710 345 62 669 563 233 112 231 563 637 643 70 560 643 350 262 286 639 543 429 334 253 471 471 480 1 644 286 191 66 231 571 559 297 156 250 231 350 183 17 62 191 560 644 451 471 318 573 483 558 462 471 704 451 262 669 646 151 555 560 429 693 560 168 728 112 543 563 669 480 637 250 94 304 116 116 565 480 17 109 429 573 168 646 262 693 625 471 483 462 565 477 563 304 297 345 559 350 334 183 605 543 262 483 116 66 639 471 318 70 646 116 70 345 66 571 156 555 62 101 571 646 605 555 345 483 471 704 17 350 573 304 710 1 94 1 297 286 345 646 471 318 669 704 183 543 70 94 183 480 116 250 480 151 559 262 637 62 334 94 462 70 66 17 350 168 637 253 560 477 451 555 304 669 471 451 416 558 605 648 6 483 116 728 637 350 462 477 704 625 462 448 477 304 70 94 297 625 6 451 429 17 558 573 559 242 558 480 559 112 17 101 429 471 286 168 639 112 471 6 704 560 480 563 109 318 350 231 334 451 571 728 318 543 262 710 116 183 168 101 70 558 558 191 560 334 297 565 416 416 242 573 116 563 646 116 262 559 477 483 286 462 297 483 231 559 286 648 639 643 242 6 262 480 112 70 94 62 233 70 704 297 242 304 253 693 669 543 494 318 318 345 448 17 669 625 480 695 168 471 555 559 625 242 318 112 62 304 62 483 639 573 555 318 710 710 639 231 233 191 429 345 151 6 693 646 710 571 17 480 471 605 605 334 345 571 318 6 168 477 605 101 334 109 695 231 286 704 168 728 563 350 559 297 637 625 555 168 648 710 151 318 573 483 643 605 643 233 693 637 250 66 334 151 334 66 471 262 605 494 494 573 318 345 242 605 1 646 462 253 573 558 695 710 637 480 560 563 350 151 494 693 6 242 286 250 695 471 
  Facilities: 62
 1 : 6 68 114 138 169 260 292 367 475 477 728
 6 : 3 242 263 306 323 522 540 561 613 665 679 744
 17 : 28 168 317 381 420 470 505 543 552 635 670
 62 : 19 21 23 117 146 229 278 279 344 382 460 499 619 648 650
 66 : 58 136 231 308 324 326 371 447 456 504 713 717
 70 : 83 94 163 195 207 235 338 353 451 454 488 503 536 582 617 621
 94 : 75 78 176 188 233 414 476 489 501 537 618
 101 : 12 160 256 461 553 581 683
 109 : 9 86 109 178 181 213 218 266 282 421 566 685
 112 : 10 41 73 199 203 228 247 248 270 348 407 551 559 616 647
 116 : 24 126 221 259 271 305 337 416 417 446 453 492 524 578 594 597
 151 : 16 60 105 128 157 183 275 399 495 664 702 715 741
 156 : 11 22 63 74 85 88 226 376 458
 168 : 80 143 197 405 424 507 557 580 640 680 690 699
 183 : 14 20 51 102 115 124 209 253 380 441 486 490 579
 191 : 206 240 244 265 370 383 585 661
 231 : 101 118 133 149 191 349 372 378 569 606 659 687
 233 : 7 186 215 293 296 310 331 347 620 660 709
 242 : 152 155 311 322 547 592 612 624 645 726 745
 250 : 32 42 100 107 154 172 205 246 377 413 493 712 747
 253 : 17 62 82 179 220 363 509 626 731
 262 : 35 61 87 193 232 295 357 396 426 444 497 576 598 614 719
 286 : 111 223 307 358 369 479 556 602 608 688 746
 297 : 116 122 129 375 436 478 538 588 604 623 695
 304 : 0 8 64 148 167 304 415 435 473 514 535 625 649
 318 : 166 201 264 276 319 388 450 483 567 574 631 632 646 655 678 703 724
 334 : 103 161 241 362 440 500 570 587 675 684 714 716
 345 : 321 328 343 437 455 466 480 633 663 676 725
 350 : 70 121 224 356 379 439 471 506 527 568 693 740
 416 : 59 92 329 330 518 590 591
 429 : 4 48 159 318 361 402 422 542 554 662
 448 : 29 153 200 257 300 312 533 634
 451 : 43 164 174 234 302 386 395 512 517 541 571
 462 : 46 171 173 185 219 227 250 392 431 502 528 532 603 730
 471 : 67 113 217 238 255 364 365 387 393 429 449 468 482 516 555 560 641 672 718 749
 477 : 57 108 110 140 272 290 433 511 529 534 600 681
 480 : 39 50 175 268 309 366 411 419 491 494 549 564 615 638 671 737
 483 : 5 56 249 277 390 430 445 467 523 601 605 651 705
 494 : 25 66 72 81 630 721 722 742
 543 : 53 198 239 341 360 408 443 487 575 629
 555 : 55 69 97 151 243 251 400 459 465 513 642 654 698
 558 : 31 104 125 294 391 519 544 548 583 584 733
 559 : 52 225 258 269 374 438 496 546 550 599 607 643 694
 560 : 134 212 280 303 354 384 401 404 510 563 586 738
 563 : 37 123 192 237 346 350 409 434 565 595 692 739
 565 : 120 208 267 284 297 332 418 432 589
 571 : 34 36 287 291 301 373 457 462 572 669 677
 573 : 89 336 389 423 472 545 593 653 704 723 732
 605 : 15 76 150 170 196 210 281 314 442 464 520 673 674 682 707 720 727
 625 : 18 49 137 315 340 428 531 539 637 644 697
 637 : 177 180 351 412 498 508 526 696 711 736
 639 : 38 93 135 144 184 214 236 334 359 448 558 610 652 658
 643 : 26 139 158 216 283 352 355 611 706 708
 644 : 95 99 165 190 204 262 316 325 333 368 385
 646 : 47 71 90 106 119 274 320 398 425 452 463 481 596 667 729
 648 : 30 127 141 145 187 202 245 252 261 298 299 313 521 609 700
 669 : 65 91 147 285 288 345 397 410 484 515 628 636
 693 : 77 79 96 98 189 194 254 289 403 427 627 666 710 743
 695 : 45 112 131 156 162 222 327 339 639 686 734 748
 704 : 1 132 142 182 211 286 394 469 485 530 562 622 689
 710 : 13 33 40 230 273 335 342 474 577 656 657 668 701 735
 728 : 2 27 44 54 84 130 406 525 573 691
SOLUTION:
  Value: -764509.000000
  Assigns: 304 704 728 6 429 483 1 233 304 109 112 156 101 710 183 605 151 448 625 62 183 62 156 62 116 494 643 728 17 448 648 558 250 710 571 262 571 563 639 480 710 112 250 451 728 695 462 646 429 625 480 183 559 543 728 555 483 477 66 416 151 262 559 156 304 669 494 471 1 555 350 646 494 112 156 94 605 693 94 693 168 494 571 70 728 156 109 262 156 573 646 669 416 639 70 644 693 555 693 644 250 231 183 334 558 151 646 250 477 109 477 286 695 471 1 183 297 62 231 646 565 350 297 563 183 558 116 648 151 297 728 695 704 231 560 639 66 625 1 643 477 648 704 168 639 648 62 669 304 231 605 555 242 448 250 242 695 151 643 429 101 334 695 70 451 644 318 304 17 1 605 462 250 462 451 480 94 637 109 728 637 109 704 151 639 462 233 648 94 693 644 231 563 262 693 70 605 168 543 112 448 318 648 112 644 250 191 70 565 183 605 704 560 109 639 233 643 471 109 462 471 116 695 286 350 559 156 462 112 62 710 66 262 94 451 70 639 563 471 543 191 334 6 555 191 648 250 112 112 483 462 555 648 183 693 471 101 448 559 116 1 648 644 6 318 191 109 565 480 559 112 116 477 710 646 151 318 483 62 62 560 605 109 643 565 669 704 571 669 693 477 571 1 233 558 262 233 565 648 648 448 571 451 560 304 116 6 286 66 480 233 242 448 648 605 625 644 17 429 318 646 345 242 6 66 644 66 695 345 416 416 233 565 644 639 710 573 116 70 695 625 543 710 345 62 669 563 233 112 231 563 637 643 70 560 643 350 262 286 639 543 429 334 345 471 471 480 1 644 286 191 66 231 571 559 297 156 250 231 350 183 17 62 191 560 644 451 471 318 573 483 558 462 471 704 451 262 669 646 151 555 560 429 693 560 168 728 112 543 563 669 480 637 250 94 304 116 116 565 480 17 109 429 573 168 646 262 693 625 471 483 462 565 477 563 304 297 345 559 350 334 183 605 543 262 483 116 66 639 471 318 70 646 116 70 345 66 571 156 555 62 101 571 646 605 555 345 483 471 704 17 350 573 304 710 1 94 1 297 286 345 646 471 318 669 704 183 543 70 94 183 480 116 250 480 151 559 262 637 62 334 94 462 70 66 17 350 168 637 109 560 477 451 555 304 669 471 451 416 558 605 648 6 483 116 728 637 350 462 477 704 625 462 448 477 304 70 94 297 625 6 451 429 17 558 573 559 242 558 480 559 112 17 101 429 471 286 168 639 112 471 6 704 560 480 563 109 318 350 231 334 451 571 728 318 543 262 710 116 183 168 101 70 558 558 191 560 334 297 565 416 416 242 573 116 563 646 116 262 559 477 483 286 462 297 483 231 559 286 648 639 643 242 6 262 480 112 70 94 62 233 70 704 297 242 304 728 693 669 543 494 318 318 345 448 17 669 625 480 695 168 471 555 559 625 242 318 112 62 304 62 483 639 573 555 318 710 710 639 231 233 191 429 345 151 6 693 646 710 571 17 480 471 605 605 334 345 571 318 6 168 477 605 101 334 109 695 231 286 704 168 728 563 350 559 297 637 625 555 168 648 710 151 318 573 483 643 605 643 233 693 637 250 66 334 151 334 66 471 262 605 494 494 573 318 345 242 605 1 646 462 345 573 558 695 710 637 480 560 563 350 151 494 693 6 242 286 250 695 471 
  Facilities: 61
 1 : 6 68 114 138 169 260 292 367 475 477 728
 6 : 3 242 263 306 323 522 540 561 613 665 679 744
 17 : 28 168 317 381 420 470 505 543 552 635 670
 62 : 19 21 23 117 146 229 278 279 344 382 460 499 619 648 650
 66 : 58 136 231 308 324 326 371 447 456 504 713 717
 70 : 83 94 163 195 207 235 338 353 451 454 488 503 536 582 617 621
 94 : 75 78 176 188 233 414 476 489 501 537 618
 101 : 12 160 256 461 553 581 683
 109 : 9 86 109 178 181 213 218 266 282 421 509 566 685
 112 : 10 41 73 199 203 228 247 248 270 348 407 551 559 616 647
 116 : 24 126 221 259 271 305 337 416 417 446 453 492 524 578 594 597
 151 : 16 60 105 128 157 183 275 399 495 664 702 715 741
 156 : 11 22 63 74 85 88 226 376 458
 168 : 80 143 197 405 424 507 557 580 640 680 690 699
 183 : 14 20 51 102 115 124 209 253 380 441 486 490 579
 191 : 206 240 244 265 370 383 585 661
 231 : 101 118 133 149 191 349 372 378 569 606 659 687
 233 : 7 186 215 293 296 310 331 347 620 660 709
 242 : 152 155 311 322 547 592 612 624 645 726 745
 250 : 32 42 100 107 154 172 205 246 377 413 493 712 747
 262 : 35 61 87 193 232 295 357 396 426 444 497 576 598 614 719
 286 : 111 223 307 358 369 479 556 602 608 688 746
 297 : 116 122 129 375 436 478 538 588 604 623 695
 304 : 0 8 64 148 167 304 415 435 473 514 535 625 649
 318 : 166 201 264 276 319 388 450 483 567 574 631 632 646 655 678 703 724
 334 : 103 161 241 362 440 500 570 587 675 684 714 716
 345 : 321 328 343 363 437 455 466 480 633 663 676 725 731
 350 : 70 121 224 356 379 439 471 506 527 568 693 740
 416 : 59 92 329 330 518 590 591
 429 : 4 48 159 318 361 402 422 542 554 662
 448 : 17 29 153 200 257 300 312 533 634
 451 : 43 164 174 234 302 386 395 512 517 541 571
 462 : 46 171 173 185 219 227 250 392 431 502 528 532 603 730
 471 : 67 113 217 220 238 255 364 365 387 393 429 449 468 482 516 555 560 641 672 718 749
 477 : 57 108 110 140 272 290 433 511 529 534 600 681
 480 : 39 50 175 268 309 366 411 419 491 494 549 564 615 638 671 737
 483 : 5 56 249 277 390 430 445 467 523 601 605 651 705
 494 : 25 66 72 81 630 721 722 742
 543 : 53 198 239 341 360 408 443 487 575 629
 555 : 55 69 97 151 243 251 400 459 465 513 642 654 698
 558 : 31 104 125 294 391 519 544 548 583 584 733
 559 : 52 62 225 258 269 374 438 496 546 550 599 607 643 694
 560 : 134 212 280 303 354 384 401 404 510 563 586 738
 563 : 37 123 192 237 346 350 409 434 565 595 692 739
 565 : 120 208 267 284 297 332 418 432 589
 571 : 34 36 82 287 291 301 373 457 462 572 669 677
 573 : 89 336 389 423 472 545 593 653 704 723 732
 605 : 15 76 150 170 196 210 281 314 442 464 520 673 674 682 707 720 727
 625 : 18 49 137 315 340 428 531 539 637 644 697
 637 : 177 180 351 412 498 508 526 696 711 736
 639 : 38 93 135 144 184 214 236 334 359 448 558 610 652 658
 643 : 26 139 158 216 283 352 355 611 706 708
 644 : 95 99 165 190 204 262 316 325 333 368 385
 646 : 47 71 90 106 119 274 320 398 425 452 463 481 596 667 729
 648 : 30 127 141 145 187 202 245 252 261 298 299 313 521 609 700
 669 : 65 91 147 285 288 345 397 410 484 515 628 636
 693 : 77 79 96 98 189 194 254 289 403 427 627 666 710 743
 695 : 45 112 131 156 162 222 327 339 639 686 734 748
 704 : 1 132 142 182 211 286 394 469 485 530 562 622 689
 710 : 13 33 40 230 273 335 342 474 577 656 657 668 701 735
 728 : 2 27 44 54 84 130 179 406 525 573 626 691
SOLUTION:
  Value: -764530.000000
  Assigns: 304 704 728 6 429 483 1 233 304 109 112 156 101 710 183 605 151 448 625 62 183 62 156 62 116 494 643 728 17 448 648 558 250 710 571 262 571 563 639 480 710 112 250 643 728 695 462 646 429 625 480 183 559 543 728 555 483 477 66 416 151 262 559 156 304 669 494 471 1 555 350 646 494 112 156 94 605 693 94 693 168 494 571 70 728 156 109 262 156 573 646 669 416 639 70 644 693 555 693 644 250 231 183 334 558 151 646 250 477 109 477 286 695 471 1 183 297 62 231 646 565 350 297 563 183 558 116 648 151 297 728 695 704 231 560 639 66 625 1 643 477 648 704 168 639 648 62 669 304 231 605 555 242 448 250 242 695 151 643 429 101 334 695 70 563 644 318 304 17 1 605 462 250 462 334 480 94 637 109 728 637 109 704 151 639 462 233 648 94 693 644 231 563 262 693 70 605 168 543 112 448 318 648 112 644 250 191 70 565 183 605 704 560 109 639 233 643 471 109 462 471 116 695 286 350 559 156 462 112 62 710 66 262 94 646 70 639 563 471 543 191 334 6 555 191 648 250 112 112 483 462 555 648 183 693 471 101 448 559 116 1 648 644 6 318 191 109 565 480 559 112 116 477 710 646 151 318 483 62 62 560 605 109 643 565 669 704 571 669 693 477 571 1 233 558 262 233 565 648 648 448 571 183 560 304 116 6 286 66 480 233 242 448 648 605 625 644 17 429 318 646 345 242 6 66 644 66 695 345 416 416 233 565 644 639 710 573 116 70 695 625 543 710 345 62 669 563 233 112 231 563 637 643 70 560 643 350 262 286 639 543 429 334 345 471 471 480 1 644 286 191 66 231 571 559 297 156 250 231 350 183 17 62 191 560 644 231 471 318 573 483 558 462 471 704 558 262 669 646 151 555 560 429 693 560 168 728 112 543 563 669 480 637 250 94 304 116 116 565 480 17 109 429 573 168 646 262 693 625 471 483 462 565 477 563 304 297 345 559 350 334 183 605 543 262 483 116 66 639 471 318 70 646 116 70 345 66 571 156 555 62 101 571 646 605 555 345 483 471 704 17 350 573 304 710 1 94 1 297 286 345 646 471 318 669 704 183 543 70 94 183 480 116 250 480 151 559 262 637 62 334 94 462 70 66 17 350 168 637 109 560 477 543 555 304 669 471 168 416 558 605 648 6 483 116 728 637 350 462 477 704 625 462 448 477 304 70 94 297 625 6 6 429 17 558 573 559 242 558 480 559 112 17 101 429 471 286 168 639 112 471 6 704 560 480 563 109 318 350 231 334 669 571 728 318 543 262 710 116 183 168 101 70 558 558 191 560 334 297 565 416 416 242 573 116 563 646 116 262 559 477 483 286 462 297 483 231 559 286 648 639 643 242 6 262 480 112 70 94 62 233 70 704 297 242 304 728 693 669 543 494 318 318 345 448 17 669 625 480 695 168 471 555 559 625 242 318 112 62 304 62 483 639 573 555 318 710 710 639 231 233 191 429 345 151 6 693 646 710 571 17 480 471 605 605 334 345 571 318 6 168 477 605 101 334 109 695 231 286 704 168 728 563 350 559 297 637 625 555 168 648 710 151 318 573 483 643 605 643 233 693 637 250 66 334 151 334 66 471 262 605 494 494 573 318 345 242 605 1 646 462 345 573 558 695 710 637 480 560 563 350 151 494 693 6 242 286 250 695 471 
  Facilities: 60
 1 : 6 68 114 138 169 260 292 367 475 477 728
 6 : 3 242 263 306 323 522 540 541 561 613 665 679 744
 17 : 28 168 317 381 420 470 505 543 552 635 670
 62 : 19 21 23 117 146 229 278 279 344 382 460 499 619 648 650
 66 : 58 136 231 308 324 326 371 447 456 504 713 717
 70 : 83 94 163 195 207 235 338 353 451 454 488 503 536 582 617 621
 94 : 75 78 176 188 233 414 476 489 501 537 618
 101 : 12 160 256 461 553 581 683
 109 : 9 86 109 178 181 213 218 266 282 421 509 566 685
 112 : 10 41 73 199 203 228 247 248 270 348 407 551 559 616 647
 116 : 24 126 221 259 271 305 337 416 417 446 453 492 524 578 594 597
 151 : 16 60 105 128 157 183 275 399 495 664 702 715 741
 156 : 11 22 63 74 85 88 226 376 458
 168 : 80 143 197 405 424 507 517 557 580 640 680 690 699
 183 : 14 20 51 102 115 124 209 253 302 380 441 486 490 579
 191 : 206 240 244 265 370 383 585 661
 231 : 101 118 133 149 191 349 372 378 386 569 606 659 687
 233 : 7 186 215 293 296 310 331 347 620 660 709
 242 : 152 155 311 322 547 592 612 624 645 726 745
 250 : 32 42 100 107 154 172 205 246 377 413 493 712 747
 262 : 35 61 87 193 232 295 357 396 426 444 497 576 598 614 719
 286 : 111 223 307 358 369 479 556 602 608 688 746
 297 : 116 122 129 375 436 478 538 588 604 623 695
 304 : 0 8 64 148 167 304 415 435 473 514 535 625 649
 318 : 166 201 264 276 319 388 450 483 567 574 631 632 646 655 678 703 724
 334 : 103 161 174 241 362 440 500 570 587 675 684 714 716
 345 : 321 328 343 363 437 455 466 480 633 663 676 725 731
 350 : 70 121 224 356 379 439 471 506 527 568 693 740
 416 : 59 92 329 330 518 590 591
 429 : 4 48 159 318 361 402 422 542 554 662
 448 : 17 29 153 200 257 300 312 533 634
 462 : 46 171 173 185 219 227 250 392 431 502 528 532 603 730
 471 : 67 113 217 220 238 255 364 365 387 393 429 449 468 482 516 555 560 641 672 718 749
 477 : 57 108 110 140 272 290 433 511 529 534 600 681
 480 : 39 50 175 268 309 366 411 419 491 494 549 564 615 638 671 737
 483 : 5 56 249 277 390 430 445 467 523 601 605 651 705
 494 : 25 66 72 81 630 721 722 742
 543 : 53 198 239 341 360 408 443 487 512 575 629
 555 : 55 69 97 151 243 251 400 459 465 513 642 654 698
 558 : 31 104 125 294 391 395 519 544 548 583 584 733
 559 : 52 62 225 258 269 374 438 496 546 550 599 607 643 694
 560 : 134 212 280 303 354 384 401 404 510 563 586 738
 563 : 37 123 164 192 237 346 350 409 434 565 595 692 739
 565 : 120 208 267 284 297 332 418 432 589
 571 : 34 36 82 287 291 301 373 457 462 572 669 677
 573 : 89 336 389 423 472 545 593 653 704 723 732
 605 : 15 76 150 170 196 210 281 314 442 464 520 673 674 682 707 720 727
 625 : 18 49 137 315 340 428 531 539 637 644 697
 637 : 177 180 351 412 498 508 526 696 711 736
 639 : 38 93 135 144 184 214 236 334 359 448 558 610 652 658
 643 : 26 43 139 158 216 283 352 355 611 706 708
 644 : 95 99 165 190 204 262 316 325 333 368 385
 646 : 47 71 90 106 119 234 274 320 398 425 452 463 481 596 667 729
 648 : 30 127 141 145 187 202 245 252 261 298 299 313 521 609 700
 669 : 65 91 147 285 288 345 397 410 484 515 571 628 636
 693 : 77 79 96 98 189 194 254 289 403 427 627 666 710 743
 695 : 45 112 131 156 162 222 327 339 639 686 734 748
 704 : 1 132 142 182 211 286 394 469 485 530 562 622 689
 710 : 13 33 40 230 273 335 342 474 577 656 657 668 701 735
 728 : 2 27 44 54 84 130 179 406 525 573 626 691
SOLUTION:
  Value: -764549.000000
  Assigns: 474 715 646 497 429 154 233 233 449 491 112 156 306 308 183 605 151 154 104 118 183 491 156 690 474 91 643 151 252 497 66 127 491 666 737 262 477 621 456 565 264 112 250 717 306 695 75 118 429 233 601 132 49 430 218 264 483 477 66 191 151 262 91 156 250 334 430 188 140 555 118 646 563 140 156 690 605 601 154 118 601 537 252 70 643 682 430 262 649 456 646 737 449 639 70 605 75 555 682 666 250 717 132 334 601 151 449 250 477 474 477 308 695 112 112 183 717 491 483 646 666 75 306 563 183 666 621 218 151 691 306 430 308 188 334 639 49 503 503 491 104 268 430 666 639 717 491 218 511 295 605 555 511 430 250 306 695 132 643 429 262 127 695 621 91 737 279 717 456 737 605 66 250 295 497 264 430 649 483 91 430 497 191 151 639 308 508 75 334 140 710 17 279 508 156 75 605 717 306 112 511 188 279 112 503 250 191 264 565 183 252 621 233 715 639 233 643 695 252 188 306 565 308 456 118 127 621 649 497 218 710 66 262 112 646 70 474 563 511 306 191 334 66 555 191 118 250 140 132 690 262 295 268 183 127 646 156 503 306 690 737 666 218 666 737 191 649 666 140 491 112 118 477 710 646 218 643 483 17 508 264 605 132 127 565 112 140 639 308 503 477 191 491 233 308 262 233 565 449 268 127 646 295 306 140 279 127 565 66 508 233 140 449 264 605 295 621 17 429 306 646 666 497 308 66 491 66 695 456 601 218 233 565 710 682 710 154 537 70 695 497 483 104 666 49 449 563 233 112 295 308 601 643 70 666 643 250 262 49 295 264 429 334 511 649 497 262 497 449 91 191 132 666 449 252 690 156 250 154 601 183 17 666 191 456 268 563 268 717 456 483 477 66 737 104 104 262 188 646 151 555 491 429 717 715 605 118 511 118 563 449 17 717 430 601 666 497 151 565 218 17 306 429 491 491 154 262 252 691 132 295 690 565 477 690 429 491 91 188 691 334 183 91 154 295 483 91 66 639 156 474 70 646 605 70 497 66 262 156 537 565 491 682 646 605 555 491 483 17 537 691 503 503 715 710 118 183 118 682 737 191 646 49 218 279 49 183 737 70 449 183 690 75 250 250 151 477 262 334 295 456 75 218 70 66 17 308 49 252 118 233 477 308 555 264 112 252 717 264 188 605 308 49 483 306 456 605 140 430 682 710 537 715 605 477 511 70 104 140 691 565 268 429 621 132 268 497 537 691 737 503 112 17 508 429 132 621 503 639 430 140 497 717 503 49 118 75 252 49 691 334 666 308 279 563 565 262 710 104 691 295 140 70 449 250 191 127 334 262 268 474 75 104 666 279 127 646 717 262 104 477 295 737 252 70 483 717 49 717 717 639 456 188 691 262 262 112 70 508 306 233 70 690 456 649 188 279 75 497 715 682 737 70 308 429 17 75 639 477 695 127 643 555 456 295 264 691 112 474 503 154 483 449 682 555 188 710 710 474 717 233 191 537 537 715 508 252 474 252 563 17 264 127 605 605 334 191 218 430 682 264 477 605 695 334 112 695 474 132 666 639 503 563 643 537 140 262 252 555 690 295 118 151 715 279 483 643 605 643 233 601 154 537 66 268 151 717 66 690 262 605 268 449 154 156 666 91 511 306 646 250 511 491 49 695 710 511 690 497 563 537 537 188 49 49 715 268 118 695 75 
  Facilities: 62
 17 : 191 278 317 381 411 420 468 505 552 635 670
 49 : 52 136 344 358 482 485 507 522 564 568 607 733 743 744
 66 : 30 58 171 231 242 308 324 326 392 447 456 504 713 717
 70 : 83 94 235 338 353 451 454 488 503 536 582 604 617 621 632
 75 : 46 96 121 187 195 492 501 566 591 627 636 749
 91 : 25 62 164 179 369 437 442 446 726
 104 : 18 140 342 394 395 537 578 592 599
 112 : 10 41 113 114 199 203 233 270 285 348 515 551 616 647 685
 118 : 19 47 70 79 224 245 271 406 408 475 477 509 565 701 747
 127 : 31 161 225 254 283 300 306 586 595 640 672
 132 : 51 102 157 248 282 371 429 544 555 688
 140 : 68 73 189 247 268 286 304 311 527 538 560 581 695
 151 : 16 27 60 105 128 183 399 417 495 702 715
 154 : 5 17 78 336 378 425 443 650 711 723
 156 : 11 22 63 74 194 256 376 449 458 724
 183 : 14 20 115 124 209 253 380 441 476 486 490
 188 : 67 133 201 219 397 438 519 612 625 655 742
 191 : 59 182 206 240 244 265 291 370 383 480 585 661 676
 218 : 54 127 147 229 262 275 330 419 483 502 677
 233 : 6 7 49 212 215 293 296 310 331 347 510 620 660 709
 250 : 42 64 100 107 154 172 205 246 356 377 493 494 584 730
 252 : 28 82 210 218 374 427 508 516 567 603 666 668 697
 262 : 35 61 87 160 232 250 295 357 366 396 426 457 497 576 588 598 614 615 696 719
 264 : 40 55 175 207 280 313 360 514 518 645 671 680
 268 : 141 252 299 385 387 541 545 589 714 721 746
 279 : 166 192 202 305 484 573 594 626 704
 295 : 149 173 251 302 315 349 359 430 444 499 580 601 644 700
 306 : 12 44 122 130 155 198 220 239 258 303 319 421 524 619 728
 308 : 13 111 132 185 222 288 294 323 350 506 512 521 572 633
 334 : 65 103 134 188 241 362 440 498 570 587 675 684
 429 : 4 48 159 318 361 402 422 435 542 554 634
 430 : 53 66 86 131 142 153 176 180 413 528 559 678
 449 : 8 92 106 298 312 345 368 373 410 489 583 652 722
 456 : 38 89 168 223 328 384 389 500 525 611 623 643
 474 : 0 24 109 236 450 590 648 658 667 687
 477 : 36 57 108 110 272 290 391 433 496 511 534 600 638 681
 483 : 56 118 178 277 341 390 445 467 523 605 651 705
 491 : 9 21 32 117 139 146 269 292 325 401 423 424 436 461 466 732
 497 : 3 29 174 181 228 322 340 365 367 416 455 546 561 628 738
 503 : 137 138 204 257 289 471 472 550 557 563 649 691
 508 : 186 193 279 309 553 618 665
 511 : 148 152 200 238 363 407 535 727 731 736
 537 : 81 337 459 469 531 547 662 663 694 712 740 741
 555 : 69 97 151 243 400 465 513 642 654 698
 563 : 72 123 237 346 386 409 574 669 692 739
 565 : 39 208 221 284 297 307 332 418 432 460 540 575
 601 : 50 77 80 104 329 351 379 414 710
 605 : 15 76 95 150 170 196 281 314 405 453 464 520 526 533 673 674 682 707 720
 621 : 37 126 163 211 226 316 543 556
 639 : 93 135 144 184 214 287 448 558 610 637 690
 643 : 26 84 158 216 276 352 355 641 693 706 708
 646 : 2 71 90 119 234 255 274 301 320 398 452 463 481 596 729
 649 : 88 177 227 266 364 624
 666 : 33 99 120 125 143 261 263 267 321 343 354 372 382 415 571 593 689 725
 682 : 85 98 334 462 478 529 630 653 679
 690 : 23 75 249 259 375 431 434 491 622 699 718 737
 691 : 129 428 439 470 539 548 569 579 613 646
 695 : 45 112 156 162 217 327 339 639 683 686 734 748
 710 : 190 230 273 333 335 474 530 577 656 657 735
 715 : 1 213 404 473 532 629 664 703 745
 717 : 43 101 116 145 167 197 388 403 412 517 562 597 606 608 609 659 716
 737 : 34 91 165 169 260 264 393 479 487 549 602 631
SOLUTION:
  Value: -764554.000000
  Assigns: 304 704 728 6 429 483 1 233 304 109 112 156 101 710 183 605 151 448 625 62 183 62 156 62 116 494 643 728 17 448 648 558 250 710 571 262 571 563 639 480 710 112 250 643 728 695 462 646 429 625 480 183 559 543 728 555 483 477 543 416 151 262 559 156 304 669 494 471 1 555 350 646 494 112 156 94 605 693 94 693 168 494 571 70 728 156 109 262 156 573 646 669 416 639 70 644 693 555 693 644 250 231 183 334 558 151 646 250 477 109 477 286 695 471 1 183 297 62 231 646 565 350 297 563 183 558 116 648 151 297 728 695 704 231 560 639 286 625 1 643 477 648 704 168 639 648 62 669 304 231 605 555 242 448 250 242 695 151 643 429 101 334 695 70 563 644 318 304 17 1 605 462 250 462 334 480 94 637 109 728 637 109 704 151 639 462 233 648 94 693 644 231 563 262 693 70 605 168 543 112 448 318 648 112 644 250 191 70 565 183 605 704 560 109 639 233 643 471 109 462 471 116 695 286 350 559 156 462 112 62 710 644 262 94 646 70 639 563 471 543 191 334 6 555 191 648 250 112 112 483 462 555 648 183 693 471 101 448 559 116 1 648 644 6 318 191 109 565 480 559 112 116 477 710 646 151 318 483 62 62 560 605 109 643 565 669 704 571 669 693 477 571 1 233 558 262 233 565 648 648 448 571 183 560 304 116 6 286 704 480 233 242 448 648 605 625 644 17 429 318 646 345 242 6 565 644 416 695 345 416 416 233 565 644 639 710 573 116 70 695 625 543 710 345 62 669 563 233 112 231 563 637 643 70 560 643 350 262 286 639 543 429 334 345 471 471 480 1 644 286 191 573 231 571 559 297 156 250 231 350 183 17 62 191 560 644 231 471 318 573 483 558 462 471 704 558 262 669 646 151 555 560 429 693 560 168 728 112 543 563 669 480 637 250 94 304 116 116 565 480 17 109 429 573 168 646 262 693 625 471 483 462 565 477 563 304 297 345 559 350 334 183 605 543 262 483 116 565 639 471 318 70 646 116 70 345 345 571 156 555 62 101 571 646 605 555 345 483 471 704 17 350 573 304 710 1 94 1 297 286 345 646 471 318 669 704 183 543 70 94 183 480 116 250 480 151 559 262 637 62 334 94 462 70 639 17 350 168 637 109 560 477 543 555 304 669 471 168 416 558 605 648 6 483 116 728 637 350 462 477 704 625 462 448 477 304 70 94 297 625 6 6 429 17 558 573 559 242 558 480 559 112 17 101 429 471 286 168 639 112 471 6 704 560 480 563 109 318 350 231 334 669 571 728 318 543 262 710 116 183 168 101 70 558 558 191 560 334 297 565 416 416 242 573 116 563 646 116 262 559 477 483 286 462 297 483 231 559 286 648 639 643 242 6 262 480 112 70 94 62 233 70 704 297 242 304 728 693 669 543 494 318 318 345 448 17 669 625 480 695 168 471 555 559 625 242 318 112 62 304 62 483 639 573 555 318 710 710 639 231 233 191 429 345 151 6 693 646 710 571 17 480 471 605 605 334 345 571 318 6 168 477 605 101 334 109 695 231 286 704 168 728 563 350 559 297 637 625 555 168 648 710 151 318 573 483 643 605 643 233 693 637 250 704 334 151 334 231 471 262 605 494 494 573 318 345 242 605 1 646 462 345 573 558 695 710 637 480 560 563 350 151 494 693 6 242 286 250 695 471 
  Facilities: 59
 1 : 6 68 114 138 169 260 292 367 475 477 728
 6 : 3 242 263 306 323 522 540 541 561 613 665 679 744
 17 : 28 168 317 381 420 470 505 543 552 635 670
 62 : 19 21 23 117 146 229 278 279 344 382 460 499 619 648 650
 70 : 83 94 163 195 207 235 338 353 451 454 488 503 536 582 617 621
 94 : 75 78 176 188 233 414 476 489 501 537 618
 101 : 12 160 256 461 553 581 683
 109 : 9 86 109 178 181 213 218 266 282 421 509 566 685
 112 : 10 41 73 199 203 228 247 248 270 348 407 551 559 616 647
 116 : 24 126 221 259 271 305 337 416 417 446 453 492 524 578 594 597
 151 : 16 60 105 128 157 183 275 399 495 664 702 715 741
 156 : 11 22 63 74 85 88 226 376 458
 168 : 80 143 197 405 424 507 517 557 580 640 680 690 699
 183 : 14 20 51 102 115 124 209 253 302 380 441 486 490 579
 191 : 206 240 244 265 370 383 585 661
 231 : 101 118 133 149 191 349 372 378 386 569 606 659 687 717
 233 : 7 186 215 293 296 310 331 347 620 660 709
 242 : 152 155 311 322 547 592 612 624 645 726 745
 250 : 32 42 100 107 154 172 205 246 377 413 493 712 747
 262 : 35 61 87 193 232 295 357 396 426 444 497 576 598 614 719
 286 : 111 136 223 307 358 369 479 556 602 608 688 746
 297 : 116 122 129 375 436 478 538 588 604 623 695
 304 : 0 8 64 148 167 304 415 435 473 514 535 625 649
 318 : 166 201 264 276 319 388 450 483 567 574 631 632 646 655 678 703 724
 334 : 103 161 174 241 362 440 500 570 587 675 684 714 716
 345 : 321 328 343 363 437 455 456 466 480 633 663 676 725 731
 350 : 70 121 224 356 379 439 471 506 527 568 693 740
 416 : 59 92 326 329 330 518 590 591
 429 : 4 48 159 318 361 402 422 542 554 662
 448 : 17 29 153 200 257 300 312 533 634
 462 : 46 171 173 185 219 227 250 392 431 502 528 532 603 730
 471 : 67 113 217 220 238 255 364 365 387 393 429 449 468 482 516 555 560 641 672 718 749
 477 : 57 108 110 140 272 290 433 511 529 534 600 681
 480 : 39 50 175 268 309 366 411 419 491 494 549 564 615 638 671 737
 483 : 5 56 249 277 390 430 445 467 523 601 605 651 705
 494 : 25 66 72 81 630 721 722 742
 543 : 53 58 198 239 341 360 408 443 487 512 575 629
 555 : 55 69 97 151 243 251 400 459 465 513 642 654 698
 558 : 31 104 125 294 391 395 519 544 548 583 584 733
 559 : 52 62 225 258 269 374 438 496 546 550 599 607 643 694
 560 : 134 212 280 303 354 384 401 404 510 563 586 738
 563 : 37 123 164 192 237 346 350 409 434 565 595 692 739
 565 : 120 208 267 284 297 324 332 418 432 447 589
 571 : 34 36 82 287 291 301 373 457 462 572 669 677
 573 : 89 336 371 389 423 472 545 593 653 704 723 732
 605 : 15 76 150 170 196 210 281 314 442 464 520 673 674 682 707 720 727
 625 : 18 49 137 315 340 428 531 539 637 644 697
 637 : 177 180 351 412 498 508 526 696 711 736
 639 : 38 93 135 144 184 214 236 334 359 448 504 558 610 652 658
 643 : 26 43 139 158 216 283 352 355 611 706 708
 644 : 95 99 165 190 204 231 262 316 325 333 368 385
 646 : 47 71 90 106 119 234 274 320 398 425 452 463 481 596 667 729
 648 : 30 127 141 145 187 202 245 252 261 298 299 313 521 609 700
 669 : 65 91 147 285 288 345 397 410 484 515 571 628 636
 693 : 77 79 96 98 189 194 254 289 403 427 627 666 710 743
 695 : 45 112 131 156 162 222 327 339 639 686 734 748
 704 : 1 132 142 182 211 286 308 394 469 485 530 562 622 689 713
 710 : 13 33 40 230 273 335 342 474 577 656 657 668 701 735
 728 : 2 27 44 54 84 130 179 406 525 573 626 691
SOLUTION:
  Value: -764554.000000
  Assigns: 474 233 646 497 429 154 233 233 449 491 112 156 306 308 183 605 151 154 104 118 183 491 156 690 474 91 643 151 252 497 66 127 491 666 737 262 477 621 456 565 264 112 250 717 306 695 75 118 429 233 601 132 49 430 218 264 483 477 66 191 151 262 91 156 250 334 430 188 140 555 118 646 563 140 156 690 605 601 154 118 601 537 252 70 643 682 430 262 649 456 646 737 449 639 70 605 75 555 682 666 250 717 132 334 601 151 449 250 477 474 477 308 695 112 112 183 717 491 483 646 666 75 306 563 183 666 621 218 151 691 306 430 308 188 334 639 49 503 503 491 104 268 430 666 639 717 491 218 511 295 605 555 511 430 250 306 695 132 643 429 262 127 695 621 91 737 279 717 456 737 605 66 250 295 497 264 430 649 483 91 430 497 191 151 639 308 508 75 334 140 710 17 279 508 156 75 605 717 306 112 511 188 279 112 503 250 191 264 565 183 252 621 233 563 639 233 643 695 252 188 306 565 308 456 118 127 621 649 497 218 710 66 262 112 646 70 474 563 511 306 191 334 66 555 191 118 250 140 132 690 262 295 268 183 127 646 156 503 306 690 737 666 218 666 737 191 649 666 140 491 112 118 477 710 646 218 643 483 17 508 264 605 132 127 565 112 140 639 308 503 477 191 491 233 308 262 233 565 449 268 127 646 295 306 140 279 127 565 66 508 233 140 449 264 605 295 621 17 429 306 646 666 497 308 66 491 66 695 456 601 218 233 565 710 682 710 154 537 70 695 497 483 104 666 49 449 563 233 112 295 308 601 643 70 666 643 250 262 49 295 264 429 334 511 649 497 262 497 449 91 191 132 666 449 252 690 156 250 154 601 183 17 666 191 456 268 563 268 717 456 483 477 66 737 104 104 262 188 646 151 555 491 429 717 643 605 118 511 118 563 449 17 717 430 601 666 497 151 565 218 17 306 429 491 491 154 262 252 691 132 295 690 565 477 690 429 491 91 188 691 334 183 91 154 295 483 91 66 639 156 474 70 646 605 70 497 66 262 156 537 565 491 682 646 605 555 491 483 17 537 691 503 503 104 710 118 183 118 682 737 191 646 49 218 279 49 183 737 70 449 183 690 75 250 250 151 477 262 334 295 456 75 218 70 66 17 308 49 252 118 233 477 308 555 264 112 252 717 264 188 605 308 49 483 306 456 605 140 430 682 710 537 151 605 477 511 70 104 140 691 565 268 429 621 132 268 497 537 691 737 503 112 17 508 429 132 621 503 639 430 140 497 717 503 49 118 75 252 49 691 334 666 308 279 563 565 262 710 104 691 295 140 70 449 250 191 127 334 262 268 474 75 104 666 279 127 646 717 262 104 477 295 737 252 70 483 717 49 717 717 639 456 188 691 262 262 112 70 508 306 233 70 690 456 649 188 279 75 497 710 682 737 70 308 429 17 75 639 477 695 127 643 555 456 295 264 691 112 474 503 154 483 449 682 555 188 710 710 474 717 233 191 537 537 151 508 252 474 252 563 17 264 127 605 605 334 191 218 430 682 264 477 605 695 334 112 695 474 132 666 639 503 563 643 537 140 262 252 555 690 295 118 151 49 279 483 643 605 643 233 601 154 537 66 268 151 717 66 690 262 605 268 449 154 156 666 91 511 306 646 250 511 491 49 695 710 511 690 497 563 537 537 188 49 49 252 268 118 695 75 
  Facilities: 61
 17 : 191 278 317 381 411 420 468 505 552 635 670
 49 : 52 136 344 358 482 485 507 522 564 568 607 703 733 743 744
 66 : 30 58 171 231 242 308 324 326 392 447 456 504 713 717
 70 : 83 94 235 338 353 451 454 488 503 536 582 604 617 621 632
 75 : 46 96 121 187 195 492 501 566 591 627 636 749
 91 : 25 62 164 179 369 437 442 446 726
 104 : 18 140 342 394 395 473 537 578 592 599
 112 : 10 41 113 114 199 203 233 270 285 348 515 551 616 647 685
 118 : 19 47 70 79 224 245 271 406 408 475 477 509 565 701 747
 127 : 31 161 225 254 283 300 306 586 595 640 672
 132 : 51 102 157 248 282 371 429 544 555 688
 140 : 68 73 189 247 268 286 304 311 527 538 560 581 695
 151 : 16 27 60 105 128 183 399 417 495 532 664 702 715
 154 : 5 17 78 336 378 425 443 650 711 723
 156 : 11 22 63 74 194 256 376 449 458 724
 183 : 14 20 115 124 209 253 380 441 476 486 490
 188 : 67 133 201 219 397 438 519 612 625 655 742
 191 : 59 182 206 240 244 265 291 370 383 480 585 661 676
 218 : 54 127 147 229 262 275 330 419 483 502 677
 233 : 1 6 7 49 212 215 293 296 310 331 347 510 620 660 709
 250 : 42 64 100 107 154 172 205 246 356 377 493 494 584 730
 252 : 28 82 210 218 374 427 508 516 567 603 666 668 697 745
 262 : 35 61 87 160 232 250 295 357 366 396 426 457 497 576 588 598 614 615 696 719
 264 : 40 55 175 207 280 313 360 514 518 645 671 680
 268 : 141 252 299 385 387 541 545 589 714 721 746
 279 : 166 192 202 305 484 573 594 626 704
 295 : 149 173 251 302 315 349 359 430 444 499 580 601 644 700
 306 : 12 44 122 130 155 198 220 239 258 303 319 421 524 619 728
 308 : 13 111 132 185 222 288 294 323 350 506 512 521 572 633
 334 : 65 103 134 188 241 362 440 498 570 587 675 684
 429 : 4 48 159 318 361 402 422 435 542 554 634
 430 : 53 66 86 131 142 153 176 180 413 528 559 678
 449 : 8 92 106 298 312 345 368 373 410 489 583 652 722
 456 : 38 89 168 223 328 384 389 500 525 611 623 643
 474 : 0 24 109 236 450 590 648 658 667 687
 477 : 36 57 108 110 272 290 391 433 496 511 534 600 638 681
 483 : 56 118 178 277 341 390 445 467 523 605 651 705
 491 : 9 21 32 117 139 146 269 292 325 401 423 424 436 461 466 732
 497 : 3 29 174 181 228 322 340 365 367 416 455 546 561 628 738
 503 : 137 138 204 257 289 471 472 550 557 563 649 691
 508 : 186 193 279 309 553 618 665
 511 : 148 152 200 238 363 407 535 727 731 736
 537 : 81 337 459 469 531 547 662 663 694 712 740 741
 555 : 69 97 151 243 400 465 513 642 654 698
 563 : 72 123 213 237 346 386 409 574 669 692 739
 565 : 39 208 221 284 297 307 332 418 432 460 540 575
 601 : 50 77 80 104 329 351 379 414 710
 605 : 15 76 95 150 170 196 281 314 405 453 464 520 526 533 673 674 682 707 720
 621 : 37 126 163 211 226 316 543 556
 639 : 93 135 144 184 214 287 448 558 610 637 690
 643 : 26 84 158 216 276 352 355 404 641 693 706 708
 646 : 2 71 90 119 234 255 274 301 320 398 452 463 481 596 729
 649 : 88 177 227 266 364 624
 666 : 33 99 120 125 143 261 263 267 321 343 354 372 382 415 571 593 689 725
 682 : 85 98 334 462 478 529 630 653 679
 690 : 23 75 249 259 375 431 434 491 622 699 718 737
 691 : 129 428 439 470 539 548 569 579 613 646
 695 : 45 112 156 162 217 327 339 639 683 686 734 748
 710 : 190 230 273 333 335 474 530 577 629 656 657 735
 717 : 43 101 116 145 167 197 388 403 412 517 562 597 606 608 609 659 716
 737 : 34 91 165 169 260 264 393 479 487 549 602 631
SOLUTION:
  Value: -764561.000000
  Assigns: 474 233 646 497 429 154 233 233 449 491 112 156 306 308 183 605 151 154 104 118 183 491 156 690 474 91 643 151 252 497 66 127 491 666 737 262 477 621 456 565 264 112 250 717 306 695 75 118 429 233 601 132 49 430 218 264 483 477 66 191 151 262 91 156 250 334 430 188 140 555 118 646 563 140 156 690 605 601 154 118 601 537 252 70 643 682 430 262 649 456 646 737 449 639 70 605 75 555 682 666 250 717 132 334 601 151 449 250 477 474 477 308 695 112 112 183 717 491 483 646 666 75 306 563 183 666 621 218 151 691 306 430 308 188 334 639 49 127 66 491 104 268 430 666 639 717 491 218 511 295 605 555 511 430 250 306 695 132 643 429 262 127 695 621 91 737 279 717 456 737 605 66 250 295 497 264 430 649 483 91 430 497 191 151 639 308 508 75 334 140 710 17 279 508 156 75 605 717 306 112 511 188 279 112 118 250 191 264 565 183 252 621 233 563 639 233 643 695 252 188 306 565 308 456 118 127 621 649 497 218 710 66 262 112 646 70 474 563 511 306 191 334 66 555 191 118 250 140 132 690 262 295 268 183 127 646 156 666 306 690 737 666 218 666 737 191 649 666 140 491 112 118 477 710 646 218 643 483 17 508 264 605 132 127 565 112 140 639 308 497 477 191 491 233 308 262 233 565 449 268 127 646 295 306 140 279 127 565 66 508 233 140 449 264 605 295 621 17 429 306 646 666 497 308 66 491 66 695 456 601 218 233 565 710 682 710 154 537 70 695 497 483 104 666 49 449 563 233 112 295 308 601 643 70 666 643 250 262 49 295 264 429 334 511 649 497 262 497 449 91 191 132 666 449 252 690 156 250 154 601 183 17 666 191 456 268 563 268 717 456 483 477 66 737 104 104 262 188 646 151 555 491 429 717 643 605 118 511 118 563 449 17 717 430 601 666 497 151 565 218 17 306 429 491 491 154 262 252 691 132 295 690 565 477 690 429 491 91 188 691 334 183 91 154 295 483 91 66 639 156 474 70 646 605 70 497 66 262 156 537 565 491 682 646 605 555 491 483 17 537 691 649 250 104 710 118 183 118 682 737 191 646 49 218 279 49 183 737 70 449 183 690 75 250 250 151 477 262 334 295 456 75 218 70 66 17 308 49 252 118 233 477 308 555 264 112 252 717 264 188 605 308 49 483 306 456 605 140 430 682 710 537 151 605 477 511 70 104 140 691 565 268 429 621 132 268 497 537 691 737 264 112 17 508 429 132 621 565 639 430 140 497 717 233 49 118 75 252 49 691 334 666 308 279 563 565 262 710 104 691 295 140 70 449 250 191 127 334 262 268 474 75 104 666 279 127 646 717 262 104 477 295 737 252 70 483 717 49 717 717 639 456 188 691 262 262 112 70 508 306 233 70 690 456 649 188 279 75 497 710 682 737 70 308 429 17 75 639 477 695 127 643 555 456 295 264 691 112 474 474 154 483 449 682 555 188 710 710 474 717 233 191 537 537 151 508 252 474 252 563 17 264 127 605 605 334 191 218 430 682 264 477 605 695 334 112 695 474 132 666 639 646 563 643 537 140 262 252 555 690 295 118 151 49 279 483 643 605 643 233 601 154 537 66 268 151 717 66 690 262 605 268 449 154 156 666 91 511 306 646 250 511 491 49 695 710 511 690 497 563 537 537 188 49 49 252 268 118 695 75 
  Facilities: 60
 17 : 191 278 317 381 411 420 468 505 552 635 670
 49 : 52 136 344 358 482 485 507 522 564 568 607 703 733 743 744
 66 : 30 58 138 171 231 242 308 324 326 392 447 456 504 713 717
 70 : 83 94 235 338 353 451 454 488 503 536 582 604 617 621 632
 75 : 46 96 121 187 195 492 501 566 591 627 636 749
 91 : 25 62 164 179 369 437 442 446 726
 104 : 18 140 342 394 395 473 537 578 592 599
 112 : 10 41 113 114 199 203 233 270 285 348 515 551 616 647 685
 118 : 19 47 70 79 204 224 245 271 406 408 475 477 509 565 701 747
 127 : 31 137 161 225 254 283 300 306 586 595 640 672
 132 : 51 102 157 248 282 371 429 544 555 688
 140 : 68 73 189 247 268 286 304 311 527 538 560 581 695
 151 : 16 27 60 105 128 183 399 417 495 532 664 702 715
 154 : 5 17 78 336 378 425 443 650 711 723
 156 : 11 22 63 74 194 256 376 449 458 724
 183 : 14 20 115 124 209 253 380 441 476 486 490
 188 : 67 133 201 219 397 438 519 612 625 655 742
 191 : 59 182 206 240 244 265 291 370 383 480 585 661 676
 218 : 54 127 147 229 262 275 330 419 483 502 677
 233 : 1 6 7 49 212 215 293 296 310 331 347 510 563 620 660 709
 250 : 42 64 100 107 154 172 205 246 356 377 472 493 494 584 730
 252 : 28 82 210 218 374 427 508 516 567 603 666 668 697 745
 262 : 35 61 87 160 232 250 295 357 366 396 426 457 497 576 588 598 614 615 696 719
 264 : 40 55 175 207 280 313 360 514 518 550 645 671 680
 268 : 141 252 299 385 387 541 545 589 714 721 746
 279 : 166 192 202 305 484 573 594 626 704
 295 : 149 173 251 302 315 349 359 430 444 499 580 601 644 700
 306 : 12 44 122 130 155 198 220 239 258 303 319 421 524 619 728
 308 : 13 111 132 185 222 288 294 323 350 506 512 521 572 633
 334 : 65 103 134 188 241 362 440 498 570 587 675 684
 429 : 4 48 159 318 361 402 422 435 542 554 634
 430 : 53 66 86 131 142 153 176 180 413 528 559 678
 449 : 8 92 106 298 312 345 368 373 410 489 583 652 722
 456 : 38 89 168 223 328 384 389 500 525 611 623 643
 474 : 0 24 109 236 450 590 648 649 658 667 687
 477 : 36 57 108 110 272 290 391 433 496 511 534 600 638 681
 483 : 56 118 178 277 341 390 445 467 523 605 651 705
 491 : 9 21 32 117 139 146 269 292 325 401 423 424 436 461 466 732
 497 : 3 29 174 181 228 289 322 340 365 367 416 455 546 561 628 738
 508 : 186 193 279 309 553 618 665
 511 : 148 152 200 238 363 407 535 727 731 736
 537 : 81 337 459 469 531 547 662 663 694 712 740 741
 555 : 69 97 151 243 400 465 513 642 654 698
 563 : 72 123 213 237 346 386 409 574 669 692 739
 565 : 39 208 221 284 297 307 332 418 432 460 540 557 575
 601 : 50 77 80 104 329 351 379 414 710
 605 : 15 76 95 150 170 196 281 314 405 453 464 520 526 533 673 674 682 707 720
 621 : 37 126 163 211 226 316 543 556
 639 : 93 135 144 184 214 287 448 558 610 637 690
 643 : 26 84 158 216 276 352 355 404 641 693 706 708
 646 : 2 71 90 119 234 255 274 301 320 398 452 463 481 596 691 729
 649 : 88 177 227 266 364 471 624
 666 : 33 99 120 125 143 257 261 263 267 321 343 354 372 382 415 571 593 689 725
 682 : 85 98 334 462 478 529 630 653 679
 690 : 23 75 249 259 375 431 434 491 622 699 718 737
 691 : 129 428 439 470 539 548 569 579 613 646
 695 : 45 112 156 162 217 327 339 639 683 686 734 748
 710 : 190 230 273 333 335 474 530 577 629 656 657 735
 717 : 43 101 116 145 167 197 388 403 412 517 562 597 606 608 609 659 716
 737 : 34 91 165 169 260 264 393 479 487 549 602 631
SOLUTION:
  Value: -764567.000000
  Assigns: 610 715 646 329 429 544 394 233 449 199 471 156 101 308 183 431 151 253 637 674 183 744 156 499 389 199 643 151 252 610 431 127 49 666 544 262 477 563 430 418 710 199 329 499 68 329 462 252 429 233 601 183 49 430 744 68 483 477 66 101 151 262 253 329 418 334 430 329 140 601 544 646 68 140 156 583 563 601 116 295 601 418 493 70 643 73 430 262 156 329 646 432 449 744 713 644 68 73 499 644 250 499 432 334 601 151 449 250 329 68 477 308 744 471 329 183 674 435 483 646 666 430 431 563 183 666 116 707 151 691 429 430 308 644 334 583 49 127 66 643 477 70 430 707 710 54 744 80 304 295 610 156 394 430 250 199 334 329 643 429 101 127 610 715 563 644 345 304 462 140 199 462 250 295 334 559 430 493 483 253 637 68 712 151 674 462 233 493 707 140 644 73 563 394 329 70 493 667 493 596 156 712 674 334 644 250 191 70 66 183 252 449 233 715 191 233 643 471 252 744 253 116 499 667 435 712 156 713 329 493 710 66 262 666 646 70 713 563 471 712 73 334 66 712 191 707 250 68 80 667 462 493 712 493 127 471 101 54 559 116 435 666 644 666 394 191 544 666 68 559 637 116 477 710 435 583 643 483 418 252 429 295 418 744 199 151 140 610 308 199 477 191 710 233 308 431 233 493 544 712 127 68 295 493 304 389 329 389 499 712 233 140 449 435 430 199 644 432 429 295 54 345 389 308 66 644 66 610 345 601 691 233 418 329 691 710 334 73 70 394 151 544 710 666 49 449 563 233 252 295 308 637 643 70 744 643 250 707 389 295 601 429 334 432 471 471 73 80 667 430 191 66 666 449 559 601 156 394 499 601 183 601 666 191 389 644 583 471 329 389 483 477 462 418 674 744 262 418 667 151 199 583 429 432 715 435 499 127 715 563 329 667 637 430 601 304 744 116 199 435 54 430 429 644 744 54 262 559 691 666 295 462 183 477 563 304 151 345 308 691 334 183 252 583 295 483 610 66 637 471 345 70 646 116 70 744 667 644 156 493 666 101 68 646 389 191 345 483 471 252 691 667 250 715 710 432 183 70 304 674 345 646 49 431 389 49 183 583 70 449 183 73 116 250 713 151 559 493 637 544 674 101 462 435 389 715 308 49 637 253 233 477 304 73 304 394 471 432 73 674 583 308 49 49 116 713 637 140 430 477 710 674 462 334 477 304 70 394 140 691 304 394 429 544 334 199 666 667 610 250 667 499 49 101 429 471 394 199 54 430 435 431 596 233 49 713 713 252 49 691 334 666 308 610 563 345 707 710 116 691 295 101 70 449 250 191 127 334 674 601 418 432 49 666 116 127 646 116 262 559 418 295 462 462 70 483 544 49 80 431 73 643 418 691 262 583 493 70 80 499 233 596 499 583 68 127 253 544 199 715 744 596 70 345 429 252 713 101 477 712 127 471 253 559 295 462 691 601 431 304 544 563 449 712 431 462 710 710 49 68 233 191 389 345 715 80 252 646 252 563 610 610 471 345 596 199 345 583 430 304 73 477 430 101 334 394 183 54 493 666 713 646 563 643 559 140 637 252 713 418 295 710 389 715 308 483 643 643 643 233 601 637 601 66 667 151 707 66 471 262 70 80 449 713 253 345 667 707 499 418 462 253 295 49 493 432 637 691 73 563 471 151 156 744 596 715 493 744 49 389 
  Facilities: 63
 49 : 32 52 136 344 482 485 507 522 523 552 564 568 592 607 658 733 748
 54 : 145 257 320 420 425 558 687
 66 : 58 138 208 231 242 324 326 371 447 713 717
 68 : 44 55 72 96 109 181 247 268 301 462 624 659
 70 : 83 141 195 207 235 338 353 451 454 477 488 536 582 604 617 632 720
 73 : 85 97 191 240 337 366 491 513 518 610 680 738
 80 : 147 248 367 608 618 665 721
 101 : 12 59 160 256 461 501 553 581 637 683
 116 : 78 126 221 259 271 417 453 492 524 578 594 597
 127 : 31 137 161 254 300 407 586 595 625 640
 140 : 68 73 169 189 286 311 527 538 695
 151 : 16 27 60 105 128 183 285 340 399 436 495 715 741
 156 : 11 22 74 88 151 200 226 376 458 742
 183 : 14 20 51 115 124 209 380 432 441 476 486 490 686
 191 : 206 214 244 265 291 370 383 465 585 661
 199 : 9 25 41 155 170 284 289 315 400 418 545 557 628 675
 233 : 7 49 186 212 215 293 296 310 331 347 510 563 620 660 709
 250 : 100 107 154 172 205 246 356 472 493 549 584
 252 : 28 47 210 218 279 348 442 469 567 635 666 668 697
 253 : 17 62 179 220 509 626 642 724 731
 262 : 35 61 87 232 396 426 598 614 719
 295 : 79 149 173 281 302 319 349 359 430 444 580 601 644 700 732
 304 : 148 167 304 415 435 478 512 514 535 540 649 679
 308 : 13 111 132 288 294 323 350 438 506 521 572 704
 329 : 3 42 45 63 67 89 108 114 157 194 228 306 333 388 410
 334 : 65 103 134 156 174 203 241 336 362 440 533 544 570 587 684
 345 : 166 321 328 437 450 466 480 575 633 663 673 676 725
 389 : 24 305 307 322 358 384 389 464 484 504 662 702 749
 394 : 6 152 193 264 339 377 515 537 541 556 685
 418 : 39 64 81 278 282 332 393 397 590 600 612 699 729
 429 : 4 48 130 159 280 318 361 402 422 542 554 634
 430 : 38 53 66 86 121 131 142 153 176 314 369 413 421 528 559 678 682
 431 : 15 30 122 295 483 561 609 648 654
 432 : 91 102 317 363 403 475 517 591 735
 435 : 117 224 260 274 313 405 419 503 560
 449 : 8 92 106 211 312 345 373 489 583 652 722
 462 : 46 168 171 185 250 392 431 502 532 602 603 645 655 730
 471 : 10 113 217 238 255 364 365 387 449 468 516 555 641 672 718 740
 477 : 36 57 110 140 272 290 391 433 511 529 534 638 681
 483 : 56 118 178 277 390 445 467 605 705
 493 : 82 177 187 196 198 229 251 253 297 303 459 497 616 688 734 746
 499 : 23 43 98 101 222 308 378 406 551 619 622 728
 544 : 5 34 70 266 298 341 499 543 606 627 650
 559 : 175 258 269 374 427 496 599 643 694
 563 : 37 76 123 164 192 237 346 409 434 574 651 669 692 739
 583 : 75 135 275 386 401 443 487 520 615 623 677
 596 : 199 562 621 631 674 744
 601 : 50 69 77 80 104 329 360 375 379 381 414 589 647 710 712
 610 : 0 29 150 162 287 327 446 548 573 670 671
 637 : 18 180 270 351 412 448 498 508 526 696 711 736
 643 : 26 84 139 158 216 276 352 355 611 693 706 707 708
 644 : 95 99 133 165 190 204 262 316 325 385 423 457
 646 : 2 71 90 119 234 452 463 481 596 667 691
 666 : 33 120 125 233 261 263 267 343 372 382 429 460 546 571 593 689
 667 : 197 223 249 368 398 411 456 471 547 550 714 726
 674 : 19 116 184 202 394 479 500 519 531 588
 691 : 129 330 334 428 439 470 539 569 579 613 646 737
 707 : 127 143 188 245 357 576 716 727
 710 : 40 144 230 273 292 335 342 474 530 577 656 657 701
 712 : 182 201 225 239 243 252 299 309 639 653
 713 : 94 227 236 494 525 565 566 636 690 698 723
 715 : 1 163 213 404 408 473 505 629 664 703 745
 744 : 21 54 93 112 146 219 283 354 395 416 424 455 630 743 747
SOLUTION:
  Value: -764567.000000
  Assigns: 73 715 728 549 116 745 1 233 465 481 146 661 343 710 183 343 151 154 465 116 183 435 126 679 389 651 111 728 213 448 578 558 66 651 711 262 477 226 430 745 628 66 586 146 146 417 578 628 679 233 574 183 549 430 728 688 483 477 66 574 151 262 539 539 319 669 111 47 1 555 1 646 68 539 592 73 370 688 154 628 126 679 163 70 728 73 430 262 226 745 646 669 728 432 70 594 68 555 461 539 477 15 432 73 417 151 370 319 477 68 477 592 417 471 1 183 343 435 483 646 213 430 628 435 183 558 116 707 151 370 728 430 704 661 579 432 389 688 1 594 319 268 704 707 661 558 549 669 15 47 574 555 651 430 679 728 679 151 163 592 679 127 445 715 126 435 345 343 679 1 586 66 68 435 47 559 430 465 461 111 628 68 704 319 651 594 146 688 707 578 628 73 594 688 672 481 651 481 226 343 448 151 672 226 628 73 461 70 417 711 481 704 233 715 15 661 539 471 592 711 111 417 111 15 435 127 558 465 163 389 710 66 262 651 646 70 579 579 471 679 417 370 66 555 268 707 116 68 370 483 126 555 146 183 127 471 707 448 559 116 1 651 745 432 153 549 594 578 578 559 688 116 477 153 435 163 672 483 672 154 417 711 226 711 370 343 704 707 669 679 477 163 1 233 558 262 672 343 669 594 127 68 628 430 578 389 127 389 66 579 233 715 448 435 226 417 151 432 745 153 646 345 126 153 66 465 66 586 345 345 579 233 153 481 146 710 153 73 70 539 154 651 710 345 715 669 558 233 163 213 126 15 389 70 481 555 465 213 389 343 448 574 465 432 226 471 73 1 481 430 66 66 432 573 559 126 445 68 154 345 183 661 707 111 481 268 146 471 226 628 483 558 66 111 704 558 262 213 646 153 555 448 745 481 715 226 728 127 715 163 669 111 483 430 539 68 116 417 15 688 628 745 578 573 578 651 262 559 68 319 483 477 183 477 573 430 461 745 68 651 465 461 661 154 661 483 586 66 146 471 345 163 646 116 70 679 111 262 226 555 417 707 68 646 389 555 345 483 471 574 461 558 573 715 710 432 594 1 47 711 345 646 574 578 669 704 183 461 319 445 183 73 628 163 153 151 559 262 549 579 268 745 669 745 389 715 126 549 672 163 233 319 370 555 47 669 471 432 73 558 213 574 579 226 116 728 15 213 430 477 704 661 715 448 477 319 70 707 661 370 559 268 646 651 558 573 559 471 558 445 389 163 549 711 579 471 745 688 116 430 435 417 153 233 465 183 592 213 183 370 477 461 549 728 481 213 707 710 116 539 146 745 70 578 558 592 127 710 262 268 646 465 745 573 116 127 646 116 262 559 477 343 268 578 70 483 481 559 549 679 73 153 319 319 146 213 370 70 213 704 233 70 704 711 68 47 574 574 669 715 594 688 70 345 448 417 669 146 477 688 465 471 555 559 481 430 445 417 586 445 154 483 154 573 555 586 710 710 343 651 661 319 389 345 715 661 445 661 710 47 70 226 471 146 116 268 345 461 430 688 73 477 430 594 445 586 183 430 465 417 592 728 111 549 559 47 262 672 555 226 68 578 389 715 592 461 711 688 661 233 745 154 672 711 268 151 461 66 226 262 15 268 111 154 345 345 445 707 1 465 319 594 573 558 578 432 15 47 15 319 319 586 586 146 226 715 594 461 268 389 
  Facilities: 66
 1 : 6 68 70 114 138 169 260 292 367 477 728
 15 : 101 148 214 223 351 418 526 720 736 738
 47 : 67 149 174 478 514 625 669 695 737
 66 : 32 41 58 171 231 242 308 324 326 370 371 392 447 717
 68 : 72 96 109 172 181 247 301 377 415 428 438 462 624 700
 70 : 83 94 207 235 338 353 454 536 582 604 617 621 632 670
 73 : 0 75 85 103 191 205 337 366 491 518 610 680
 111 : 26 66 179 220 222 383 393 411 456 692 722
 116 : 4 19 126 246 259 271 416 453 524 558 578 594 597 674
 126 : 22 80 164 250 322 350 375 506
 127 : 161 225 254 300 306 407 586 595
 146 : 10 43 44 186 252 334 386 448 580 614 637 673 743
 151 : 16 60 105 128 157 201 316 495 715
 153 : 264 273 319 323 332 336 399 494 562 611
 154 : 17 78 279 340 378 443 650 652 711 723
 163 : 82 158 228 275 291 348 409 451 493 509 551
 183 : 14 20 51 115 124 253 380 432 486 490 565 568 686
 213 : 28 120 349 357 397 520 527 567 575 615 618
 226 : 37 88 198 203 282 314 364 388 405 458 523 671 699 718 744
 233 : 7 49 212 293 310 331 347 510 563 620 709
 262 : 35 61 87 232 295 396 426 457 497 588 598 696 719
 268 : 141 244 385 500 541 589 602 675 714 721 748
 319 : 64 107 140 183 429 488 511 535 612 613 661 730 739 740
 343 : 12 15 116 167 199 285 297 359 601 658
 345 : 166 321 328 329 343 379 450 466 480 633 663 676 724 725
 370 : 76 106 129 241 248 284 512 539 569 616
 389 : 24 136 229 305 307 352 358 464 504 550 662 702 749
 417 : 45 104 112 208 221 240 280 315 417 460 561 635 647 689
 430 : 38 53 86 121 131 153 176 303 369 413 435 528 559 645 678 682 687
 432 : 93 102 135 263 317 363 372 475 517 735
 435 : 21 117 123 165 173 224 274 313 560
 445 : 162 376 489 549 646 649 666 684 726
 448 : 29 200 257 312 360 401 533 634
 461 : 98 178 206 436 441 470 487 571 677 705 716 747
 465 : 8 18 177 227 325 356 362 440 564 591 640 688 729
 471 : 113 217 238 255 365 387 449 468 516 547 555 641 672
 477 : 36 57 100 108 110 272 290 431 433 529 534 570 600 638 681
 481 : 9 195 197 210 333 354 368 384 403 574 606 644
 483 : 56 118 249 277 390 412 430 445 467 605 651
 539 : 62 63 73 99 216 339 414 579
 549 : 3 52 146 265 498 507 552 572 608 693
 555 : 69 97 151 243 251 355 400 459 465 513 642 654 698
 558 : 31 125 145 226 294 346 391 395 471 519 544 548 584 733
 559 : 175 258 269 374 427 496 540 546 599 607 643 694
 573 : 373 423 434 472 545 593 653 732
 574 : 50 59 150 361 469 482 521 626 627
 578 : 30 46 189 267 268 304 422 424 483 583 603 701 734
 579 : 134 236 237 309 330 499 522 554
 586 : 42 170 327 446 648 655 685 741 742
 592 : 74 111 159 218 566 585 690 704
 594 : 95 139 185 192 266 299 476 630 683 731 746
 628 : 40 47 79 122 180 190 204 302 389 420 492
 646 : 71 90 119 234 320 398 452 463 481 542 590 596
 651 : 25 33 152 184 196 233 261 341 425 439 543 659
 661 : 11 133 144 215 381 442 444 531 538 660 665 667 708
 669 : 65 91 147 288 298 345 410 484 502 515 628 636
 672 : 194 202 276 278 296 508 697 712
 679 : 23 48 81 154 156 160 168 239 289 455 609
 688 : 55 77 137 187 193 270 419 557 631 639 679 707
 704 : 132 142 182 211 286 394 485 530 619 622
 707 : 127 143 188 245 256 287 382 461 537 576 727
 710 : 13 230 335 342 474 577 587 656 657 668
 711 : 34 209 219 281 283 479 553 623 706 713
 715 : 1 163 213 311 344 404 408 473 505 532 629 664 703 745
 728 : 2 27 54 84 92 130 155 406 525 573 691
 745 : 5 39 89 262 318 402 421 437 501 503 556 581 592 710
