# Time: 78.190002
# Elapsed: 26.757008
# Input_file: splp/KoerkelGhosh-sym/750/c/gs750c-5
# Pool_size: 1000
# Iterations: 8
# Final_solutions: 6750
# Vision_range: 0
# Reduction_mode: REDUCTION_BESTS
SOLUTION:
  Value: -900216.000000
  Assigns: 634 706 197 301 606 556 197 634 197 634 706 301 634 301 606 706 103 706 301 706 606 556 301 103 197 556 706 197 706 606 197 634 606 706 103 103 197 556 301 634 197 301 301 197 606 706 301 556 197 556 606 556 197 634 197 634 103 301 634 556 197 634 197 634 606 706 556 103 197 706 606 301 706 103 103 103 606 301 556 634 556 103 634 606 301 634 556 103 197 103 606 634 197 706 556 301 556 301 556 606 556 103 606 197 706 706 556 556 197 197 301 197 606 606 103 301 301 103 556 634 197 634 634 197 606 103 606 103 197 301 606 197 103 706 197 634 197 301 301 606 301 556 634 706 706 197 197 103 634 634 103 634 197 706 103 634 301 103 606 634 706 706 606 301 301 103 634 197 606 606 556 706 556 301 606 634 103 197 301 103 706 706 556 103 301 301 706 606 606 301 606 634 706 634 301 103 606 606 197 706 634 706 103 103 301 301 606 606 197 606 197 706 103 556 606 606 706 606 606 301 197 556 103 197 197 706 606 103 634 556 556 103 103 556 556 634 301 301 301 197 556 197 197 606 301 556 197 197 301 706 301 556 103 606 706 706 634 706 634 197 103 706 103 606 103 706 556 103 301 103 634 197 556 606 556 556 103 556 197 301 556 606 606 634 103 706 706 606 301 301 556 706 706 301 606 103 301 103 301 634 606 706 634 606 301 556 556 706 706 556 706 103 634 706 197 556 103 556 606 706 706 301 197 301 103 103 197 103 301 197 606 301 634 103 301 634 634 606 301 556 103 197 706 103 103 197 301 103 103 197 103 556 556 301 103 556 103 197 706 634 706 301 556 706 301 556 556 606 103 103 197 301 103 556 556 606 301 301 706 103 706 556 706 634 197 197 556 197 634 606 634 556 606 103 556 606 197 301 606 706 103 556 634 103 301 556 634 634 634 634 301 606 197 301 634 706 606 103 606 197 606 556 197 103 706 103 556 301 301 634 606 606 706 103 197 606 706 301 556 706 606 556 634 706 606 197 197 706 634 634 634 197 634 634 556 556 301 103 634 197 556 103 606 706 301 197 197 706 103 706 197 301 634 606 706 103 634 706 301 606 706 103 634 301 634 197 103 606 634 103 634 197 197 103 606 301 634 634 706 706 634 103 634 301 634 103 197 103 606 103 197 606 706 606 706 197 706 556 197 301 103 301 634 197 197 634 634 634 301 103 634 556 301 706 301 103 634 706 103 103 706 606 634 634 706 556 634 556 103 301 301 301 634 301 706 197 634 103 634 606 301 556 634 301 634 706 556 634 556 301 197 634 556 103 606 706 197 606 197 606 301 301 634 301 706 556 197 706 103 634 634 103 606 197 103 606 634 197 556 706 301 197 103 706 103 301 197 301 556 197 606 301 301 706 103 606 634 301 103 301 556 197 197 103 706 706 103 706 556 556 706 301 706 634 197 606 103 197 556 197 301 706 301 606 301 197 606 103 556 706 197 634 556 634 634 706 301 706 606 103 197 103 606 606 103 197 301 706 706 556 197 706 556 606 301 103 706 197 706 606 706 197 706 556 606 556 634 103 301 197 556 197 634 706 556 103 556 556 301 103 197 556 634 706 706 556 301 556 706 634 301 556 556 706 556 706 634 197 301 103 634 103 103 706 606 706 103 606 606 301 301 103 301 197 197 197 706 556 706 556 556 606 706 706 634 103 706 301 556 556 
  Facilities: 7
 103 : 16 23 34 35 56 67 73 74 75 81 87 89 101 114 117 125 127 132 147 150 154 157 165 176 179 183 195 202 203 212 222 227 231 232 252 260 262 264 267 269 276 284 295 297 311 316 324 325 327 333 340 343 344 347 348 350 354 356 368 369 372 379 393 400 403 417 423 425 433 457 461 468 475 481 486 489 493 501 505 507 509 520 529 535 538 539 548 557 573 588 591 594 602 604 614 618 623 626 636 647 659 661 664 675 687 695 699 719 721 722 726 731 745
 197 : 2 6 8 24 27 30 36 40 43 48 52 54 60 62 68 88 92 103 108 109 111 120 123 128 131 134 136 145 146 152 167 177 198 208 210 220 223 224 239 241 242 246 247 259 271 278 314 322 326 329 341 345 349 357 370 384 385 387 396 412 419 422 434 445 446 451 459 465 466 470 485 491 492 506 510 515 518 523 524 555 570 576 578 586 593 597 601 606 609 621 622 634 637 639 645 650 660 665 670 677 681 689 691 700 717 733 734 735
 301 : 3 11 13 18 22 38 41 42 46 57 71 77 84 95 97 110 115 116 129 137 138 140 156 163 164 173 178 184 185 189 194 204 205 219 236 237 238 244 248 250 268 279 288 289 293 296 298 304 321 323 328 331 334 338 346 353 361 364 371 376 377 397 404 410 413 427 428 437 456 464 471 478 483 495 503 519 521 528 532 534 549 550 551 553 560 563 569 580 581 583 600 605 607 611 612 617 619 631 640 642 644 656 666 674 688 698 706 710 718 729 730 732 747
 556 : 5 21 25 37 47 49 51 59 66 78 80 86 94 96 98 100 106 107 118 141 170 172 182 213 221 229 230 233 234 240 245 251 266 272 274 275 277 280 290 305 306 309 315 317 339 351 352 355 362 365 366 373 374 381 386 391 394 401 405 421 426 438 441 454 455 460 517 531 545 547 561 566 568 572 585 598 608 620 628 629 638 648 652 669 672 683 685 690 694 696 697 701 705 707 711 712 714 737 739 740 748 749
 606 : 4 14 20 29 32 44 50 64 70 76 83 90 99 102 112 113 124 126 130 139 158 162 168 169 174 187 188 190 196 197 206 207 209 214 215 217 218 226 243 253 263 273 281 282 287 294 300 303 318 330 337 367 375 389 392 395 398 411 416 418 420 430 431 435 440 444 462 473 479 487 494 508 511 513 541 559 574 577 579 592 595 610 615 635 643 646 658 662 663 673 679 684 724 727 728 741
 634 : 0 7 9 12 31 39 53 55 58 61 63 79 82 85 91 119 121 122 135 142 148 149 151 155 159 166 175 191 193 200 228 235 256 258 270 283 299 302 312 332 335 336 359 383 388 390 402 406 407 408 409 414 429 442 448 449 450 452 453 458 472 476 482 484 488 490 496 497 500 502 504 522 525 526 527 530 536 542 543 546 552 556 558 562 564 567 571 582 589 590 596 616 633 651 653 654 686 692 702 709 716 720 744
 706 : 1 10 15 17 19 26 28 33 45 65 69 72 93 104 105 133 143 144 153 160 161 171 180 181 186 192 199 201 211 216 225 249 254 255 257 261 265 285 286 291 292 301 307 308 310 313 319 320 342 358 360 363 378 380 382 399 415 424 432 436 439 443 447 463 467 469 474 477 480 498 499 512 514 516 533 537 540 544 554 565 575 584 587 599 603 613 624 625 627 630 632 641 649 655 657 667 668 671 676 678 680 682 693 703 704 708 713 715 723 725 736 738 742 743 746
SOLUTION:
  Value: -900287.000000
  Assigns: 197 706 197 103 606 556 197 706 197 706 706 606 216 556 606 706 103 706 701 216 606 556 216 103 197 556 706 197 706 606 197 216 606 706 103 701 197 556 701 197 216 706 701 197 606 706 701 556 197 701 606 556 197 556 701 216 103 701 216 701 701 606 197 606 606 706 556 103 197 706 701 103 216 103 103 103 606 216 556 706 556 103 103 606 216 701 556 103 197 103 701 606 197 706 556 103 701 103 701 606 556 216 606 197 706 706 701 216 197 216 556 197 606 606 103 103 606 103 701 706 197 701 706 197 606 103 606 103 197 606 606 197 103 706 197 606 197 701 556 606 706 556 701 706 706 216 197 103 216 606 103 216 216 706 103 216 197 103 606 606 706 706 701 701 216 701 556 197 606 606 216 706 556 216 606 556 103 197 701 103 706 706 556 103 216 197 706 606 606 216 606 216 706 606 556 216 606 606 197 706 216 706 103 216 216 216 606 606 197 606 197 706 216 701 606 606 706 701 216 701 216 556 103 197 197 706 606 701 216 556 556 103 103 556 216 701 556 197 606 197 216 197 197 701 556 556 197 197 606 706 197 556 103 606 701 706 216 706 197 197 103 706 103 606 216 706 556 216 556 103 701 197 216 606 216 701 701 556 197 216 556 606 606 216 103 706 706 606 706 701 556 706 701 701 606 701 216 103 701 606 606 706 216 701 606 216 556 706 216 556 706 701 216 701 197 556 103 556 606 706 706 103 216 216 103 701 197 103 606 701 606 706 197 103 706 216 216 606 216 556 103 197 216 701 103 197 701 103 103 197 103 216 216 556 103 556 701 197 701 197 706 606 556 706 197 556 556 606 103 701 197 216 103 556 701 606 197 701 706 103 706 556 706 701 197 701 556 197 216 606 606 556 606 103 556 701 197 556 606 216 103 556 216 103 216 556 216 701 216 556 701 606 197 606 606 706 216 103 606 197 606 701 197 103 706 103 701 606 103 556 216 606 706 103 197 606 706 606 556 706 606 556 103 706 216 197 216 706 103 103 103 197 103 701 701 556 216 103 706 197 556 103 606 216 216 197 197 706 216 706 197 103 216 606 706 103 701 706 216 606 706 103 701 701 216 197 103 606 706 103 216 197 701 103 606 103 103 103 706 706 701 103 556 216 606 103 197 103 606 103 197 216 706 606 706 216 701 556 197 701 103 701 103 701 197 197 216 701 701 103 216 556 701 706 103 103 701 706 103 103 706 606 701 706 706 556 701 556 103 103 701 706 197 197 706 197 606 216 706 606 197 556 706 197 706 706 556 103 556 197 197 701 216 701 606 706 197 606 216 606 103 701 701 103 706 556 197 706 103 606 701 103 606 216 103 606 706 197 556 706 701 197 103 706 103 706 197 706 216 197 606 701 706 216 103 606 216 197 103 216 556 197 197 103 706 706 216 706 556 556 706 706 706 606 197 216 103 701 556 197 606 706 216 606 606 197 606 701 556 706 701 701 556 606 701 706 701 701 606 103 197 103 606 606 216 197 706 706 706 556 197 706 556 606 556 103 706 197 701 606 706 197 706 216 606 556 103 103 216 197 556 197 606 216 556 103 556 556 556 216 197 216 197 216 706 556 216 556 706 606 556 216 556 706 216 706 216 701 606 216 701 103 103 701 606 706 103 606 606 556 701 103 103 197 701 197 706 556 701 556 556 606 706 706 706 103 706 197 701 556 
  Facilities: 7
 103 : 3 16 23 34 56 67 71 73 74 75 81 82 87 89 95 97 114 115 117 125 127 132 147 150 154 157 176 179 183 202 222 231 232 252 260 262 269 284 297 316 321 324 327 333 340 344 347 348 350 354 368 372 379 393 400 403 417 423 425 428 433 442 448 449 450 452 457 461 471 475 481 486 489 493 495 496 497 501 505 507 509 520 522 529 534 535 538 539 548 549 567 580 583 588 591 594 602 604 614 618 623 636 659 661 675 686 687 695 721 722 726 731 732 745
 197 : 0 2 6 8 24 27 30 36 39 43 48 52 62 68 88 92 103 108 111 120 123 128 131 134 136 146 156 167 177 185 198 208 210 223 224 237 239 241 242 246 247 250 258 259 271 278 314 326 332 341 345 349 357 359 364 370 376 384 387 396 412 419 422 434 445 451 459 465 466 470 485 491 506 510 518 524 525 552 553 555 560 563 569 570 576 586 597 601 606 609 617 621 622 634 639 645 660 665 670 677 681 689 691 700 702 733 735 747
 216 : 12 19 22 31 40 55 58 72 77 84 101 107 109 145 148 151 152 155 164 170 173 184 189 191 195 200 203 204 205 212 218 220 228 234 240 256 264 267 272 274 279 283 296 302 305 308 312 322 323 335 336 338 342 351 352 371 388 399 402 404 406 408 416 430 444 446 456 463 464 468 472 478 484 490 503 511 515 526 530 557 572 578 593 608 613 616 619 626 635 642 664 683 688 693 699 701 703 706 711 714 716 719
 556 : 5 13 21 25 37 47 51 53 66 78 80 86 94 100 110 138 141 166 172 175 182 194 221 229 230 233 236 244 245 251 266 268 277 280 290 306 309 315 317 339 353 355 362 365 366 373 381 386 391 394 397 401 405 409 429 438 441 455 460 502 517 531 545 547 561 566 568 585 598 620 628 629 638 648 652 669 672 674 685 690 694 696 697 698 705 707 710 712 729 737 739 740 749
 606 : 4 11 14 20 29 32 44 50 61 63 64 76 83 91 99 102 112 113 116 124 126 129 130 135 139 149 158 159 168 169 174 187 188 190 193 196 197 206 207 209 214 215 226 238 248 253 263 273 281 282 287 294 299 300 304 318 328 330 337 361 367 375 389 390 392 398 411 413 414 418 420 427 431 435 437 440 462 473 479 487 494 504 508 513 541 556 559 574 577 579 589 592 595 610 615 633 640 643 644 646 653 658 662 663 673 679 684 692 709 718 724 727 728 741
 701 : 18 35 38 42 46 49 54 57 59 60 70 85 90 96 98 106 118 121 137 142 162 163 165 178 213 217 219 227 235 243 254 270 275 276 289 292 293 295 298 303 311 313 325 329 343 346 356 358 369 374 377 383 385 395 407 410 421 426 453 454 476 482 483 492 500 516 519 521 523 527 528 532 536 542 546 550 571 573 581 582 590 600 611 637 647 650 651 654 656 657 678 717 720 723 730 734 738 748
 706 : 1 7 9 10 15 17 26 28 33 41 45 65 69 79 93 104 105 119 122 133 140 143 144 153 160 161 171 180 181 186 192 199 201 211 216 225 249 255 257 261 265 285 286 288 291 301 307 310 319 320 331 334 360 363 378 380 382 415 424 432 436 439 443 447 458 467 469 474 477 480 488 498 499 512 514 533 537 540 543 544 551 554 558 562 564 565 575 584 587 596 599 603 605 607 612 624 625 627 630 631 632 641 649 655 666 667 668 671 676 680 682 704 708 713 715 725 736 742 743 744 746
SOLUTION:
  Value: -900328.000000
  Assigns: 199 706 706 103 606 556 556 706 199 706 706 297 199 556 606 297 103 706 297 706 606 556 701 103 606 556 706 606 706 297 556 606 297 706 103 297 556 297 199 103 297 199 701 103 606 706 701 556 199 701 606 556 556 556 701 706 103 701 103 701 701 297 606 199 606 706 556 103 606 706 701 103 706 103 103 103 606 297 556 706 556 103 103 606 556 701 556 103 556 103 701 606 297 706 556 103 701 199 297 606 556 701 606 297 706 706 701 556 199 199 199 556 606 606 297 103 606 103 701 199 701 701 706 556 199 103 606 103 701 606 606 297 103 706 701 297 706 701 199 606 706 556 701 706 706 199 297 103 297 606 103 199 606 297 103 701 706 103 606 297 706 199 701 701 297 701 556 103 606 606 556 706 199 297 199 297 103 297 701 199 706 706 556 103 199 297 706 606 606 606 606 199 706 297 199 103 606 606 297 706 199 706 103 199 199 297 606 606 297 297 199 706 103 701 606 297 199 701 297 701 199 556 103 297 199 706 606 701 297 556 297 103 103 556 556 701 556 199 606 556 297 199 706 701 199 556 199 199 606 706 606 556 103 606 701 706 199 706 701 103 103 199 199 606 199 706 556 103 199 103 701 606 556 606 297 701 701 556 606 297 556 606 606 701 297 706 706 606 706 701 556 297 701 701 606 701 103 103 701 606 606 706 297 701 297 556 556 706 199 556 706 199 701 297 556 556 103 556 606 199 297 297 103 606 103 701 199 103 199 701 606 706 297 103 706 297 556 606 297 556 103 199 199 701 297 297 701 103 103 706 103 556 297 556 103 556 701 706 297 199 706 606 556 706 199 556 297 606 103 701 297 297 103 297 701 606 701 297 706 103 706 556 199 701 556 701 556 199 297 606 606 556 606 103 556 701 606 556 606 706 103 556 199 103 199 556 103 701 606 297 701 199 103 606 606 199 606 103 606 199 606 701 297 103 706 103 701 606 297 556 199 606 706 103 199 606 199 606 556 706 606 556 103 706 199 199 199 199 297 103 103 103 103 297 701 199 297 103 706 297 199 103 606 706 297 606 556 706 701 706 297 103 701 297 706 103 701 706 199 606 706 103 701 297 706 701 297 606 706 199 199 706 701 103 606 199 103 103 706 706 701 103 556 701 606 103 706 103 606 103 199 199 706 606 706 199 701 556 199 701 199 701 199 701 199 606 297 701 701 103 199 556 199 706 297 103 701 706 103 103 706 606 199 706 199 556 199 556 103 103 701 706 199 706 706 297 606 297 706 199 297 556 199 606 706 706 556 103 556 199 606 701 556 701 606 297 706 606 701 606 297 297 297 103 706 556 199 199 103 297 701 103 606 701 103 297 706 297 199 706 701 706 199 297 103 297 556 706 297 606 606 701 199 706 103 606 297 297 103 103 556 556 297 103 706 706 103 706 556 556 199 706 706 199 199 606 103 701 556 556 606 706 556 606 606 706 606 701 556 706 701 701 556 606 199 706 701 701 606 103 701 103 606 606 297 606 706 706 706 199 297 297 556 606 556 103 706 297 701 606 706 297 706 556 606 556 103 103 297 701 556 606 606 701 556 103 556 556 199 199 706 556 297 706 706 556 199 556 297 297 556 701 556 706 556 706 556 701 297 297 701 103 103 701 606 297 103 606 606 556 701 103 103 606 701 199 706 297 701 556 199 606 706 706 706 103 706 706 701 556 
  Facilities: 7
 103 : 3 16 23 34 39 43 56 58 67 71 73 74 75 81 82 87 89 95 115 117 125 127 132 147 150 154 157 167 176 183 195 202 212 222 231 232 252 259 260 267 269 296 297 316 322 324 327 333 340 347 348 350 354 368 372 379 393 400 403 406 412 417 423 425 433 442 449 450 451 452 457 461 471 475 481 493 496 497 501 505 507 509 529 535 538 539 548 549 567 583 588 591 594 604 614 618 619 623 626 636 659 661 675 686 687 695 721 722 726 731 732 745
 199 : 0 8 12 38 41 48 63 97 108 109 110 119 124 138 145 151 161 172 174 179 184 191 194 200 203 204 210 216 220 224 237 241 244 246 247 256 261 262 264 268 308 311 319 326 328 341 342 359 364 382 387 402 404 411 415 419 430 434 436 444 445 446 447 455 460 478 489 490 495 510 511 515 518 520 522 524 530 532 542 544 546 552 559 562 569 586 587 598 602 612 630 633 634 654 669 698 699 706 735 740
 297 : 11 15 18 29 32 35 37 40 61 77 92 98 103 114 131 135 146 148 153 159 164 173 175 177 185 193 198 205 208 209 215 218 223 228 230 240 274 279 284 291 302 304 313 320 321 332 335 338 344 345 352 358 366 370 371 373 377 388 409 422 428 448 453 456 459 464 470 473 483 486 526 534 555 557 560 575 580 581 582 589 595 597 603 605 608 616 617 622 664 670 671 677 681 688 702 708 709 718 719 725 737
 556 : 5 6 13 21 25 30 36 47 51 52 53 66 78 80 84 86 88 94 100 107 111 123 141 166 170 182 221 229 233 234 236 239 245 251 266 272 277 280 290 305 306 309 314 315 317 336 339 351 353 355 362 365 381 384 386 391 394 397 401 405 429 438 441 466 502 517 531 545 547 561 566 568 572 585 606 620 621 628 629 638 639 642 648 652 672 674 683 685 690 694 696 697 701 705 707 710 712 714 716 729 739 749
 606 : 4 14 20 24 27 31 44 50 62 64 68 76 83 91 99 102 112 113 116 126 129 130 139 149 152 158 168 169 187 188 189 190 196 197 206 207 214 226 238 248 250 253 263 271 273 278 281 282 287 294 299 300 318 323 330 337 361 367 375 389 390 392 396 398 408 413 414 416 418 420 427 431 435 437 440 462 465 479 487 494 504 508 513 525 541 556 563 570 574 577 579 592 609 610 615 635 640 643 644 646 653 658 662 663 665 673 679 684 691 692 724 727 728 733 741
 701 : 22 42 46 49 54 57 59 60 70 85 90 96 101 106 118 120 121 128 134 137 142 155 162 163 165 178 213 217 219 227 235 243 254 258 270 275 276 283 289 292 293 295 298 303 312 325 329 343 346 356 369 374 376 383 385 395 407 410 421 426 454 468 472 476 482 485 492 500 503 516 519 521 523 527 528 536 550 571 573 578 590 593 600 611 637 647 650 651 656 657 660 678 689 693 711 717 720 723 730 734 738 748
 706 : 1 2 7 9 10 17 19 26 28 33 45 55 65 69 72 79 93 104 105 122 133 136 140 143 144 156 160 171 180 181 186 192 199 201 211 225 242 249 255 257 265 285 286 288 301 307 310 331 334 349 357 360 363 378 380 399 424 432 439 443 458 463 467 469 474 477 480 484 488 491 498 499 506 512 514 533 537 540 543 551 553 554 558 564 565 576 584 596 599 601 607 613 624 625 627 631 632 641 645 649 655 666 667 668 676 680 682 700 703 704 713 715 736 742 743 744 746 747
SOLUTION:
  Value: -900370.000000
  Assigns: 197 706 197 301 606 556 197 706 197 409 706 301 409 301 606 706 103 706 301 706 606 556 301 103 197 556 706 197 706 606 197 606 409 706 103 409 197 556 301 197 409 301 301 409 606 706 301 556 197 409 606 556 197 556 197 409 103 301 409 409 197 606 197 606 606 706 556 103 197 706 409 301 706 409 103 103 606 301 556 706 409 103 103 606 301 409 556 103 197 103 409 606 197 706 556 301 556 301 556 409 556 103 606 197 706 706 556 556 197 197 301 197 606 409 103 301 301 103 556 706 197 409 301 197 409 103 606 103 197 301 606 197 103 706 197 409 197 301 301 606 301 556 103 706 706 197 197 103 409 606 103 409 197 706 103 409 301 103 409 409 706 409 606 301 301 103 409 197 606 606 556 706 556 301 606 556 103 197 409 103 706 706 556 103 301 301 706 606 606 409 606 606 706 606 301 103 606 606 197 706 409 706 103 103 301 301 606 409 197 606 197 706 103 556 606 606 706 606 606 301 409 556 103 197 197 706 606 103 556 556 409 103 103 556 556 409 301 301 301 197 556 197 197 606 301 556 197 409 301 706 409 556 103 606 706 706 301 706 197 197 103 706 103 606 409 706 556 103 409 103 556 197 409 606 556 556 103 409 409 301 556 606 606 409 409 706 409 606 301 301 556 706 706 301 606 103 301 409 301 606 606 706 556 606 301 556 409 706 706 556 706 103 409 409 197 556 103 556 606 706 706 301 197 301 103 103 197 103 301 409 606 301 197 103 301 301 556 606 409 556 409 197 706 103 409 197 301 103 103 197 103 556 556 301 103 556 103 197 706 409 706 301 556 706 301 556 556 606 103 103 197 301 103 556 556 606 301 409 409 103 706 556 706 556 197 197 556 197 301 606 409 556 409 103 409 409 197 409 606 706 103 556 409 103 301 556 103 197 606 556 301 606 197 301 606 706 606 103 606 197 606 556 197 103 706 103 556 301 301 556 409 606 409 103 197 606 706 301 409 706 606 556 301 706 409 197 197 706 409 103 103 197 409 197 556 556 301 103 706 197 556 103 606 706 301 197 197 409 409 706 197 301 706 606 706 103 409 706 301 606 706 103 409 301 706 409 103 606 706 103 409 197 197 103 606 409 103 103 706 706 409 103 301 301 606 103 197 103 606 103 197 606 409 409 706 197 706 556 197 301 103 301 103 197 409 409 706 606 301 103 409 556 301 409 301 103 556 706 103 103 706 606 409 706 706 556 409 556 103 301 301 301 197 301 706 197 409 409 409 409 301 556 301 301 706 706 556 409 556 301 197 301 556 103 606 706 197 606 197 606 301 301 556 409 706 556 197 706 103 606 197 103 606 197 103 606 409 197 409 706 301 197 103 706 103 301 197 301 409 197 606 301 301 706 103 606 409 301 103 301 556 197 409 103 706 706 103 706 556 556 706 301 706 606 409 409 103 409 556 197 301 706 301 606 301 197 606 103 556 706 409 556 556 606 301 706 301 706 409 103 197 103 606 606 103 197 301 706 706 556 197 706 556 606 301 103 706 197 706 606 706 197 706 409 606 556 103 103 301 197 556 197 606 706 556 103 409 409 301 409 197 556 197 706 409 556 301 556 706 606 409 556 556 706 556 706 409 197 301 409 409 103 103 409 606 706 103 606 606 301 301 103 301 197 197 197 706 556 706 556 556 409 706 706 706 103 706 301 556 556 
  Facilities: 7
 103 : 16 23 34 56 67 74 75 81 82 87 89 101 114 117 125 127 132 142 147 150 154 157 165 176 179 183 195 202 203 212 222 227 231 232 252 260 262 267 269 276 295 311 316 324 325 327 333 343 347 348 350 354 356 368 369 372 379 393 400 403 406 417 423 425 433 449 450 457 461 475 481 486 489 493 496 497 501 505 507 509 520 522 529 535 538 539 548 573 588 591 594 602 604 614 618 623 626 636 647 659 661 664 675 686 687 695 721 722 726 731 745
 197 : 0 2 6 8 24 27 30 36 39 48 52 54 60 62 68 88 92 103 108 109 111 120 123 128 131 134 136 145 146 152 167 177 198 208 210 223 224 239 241 242 246 258 259 271 314 322 326 332 341 345 349 357 370 384 385 387 396 407 412 419 422 434 445 446 451 453 459 465 466 470 491 492 506 510 515 518 523 552 555 570 576 578 586 590 593 597 601 606 609 621 639 645 660 665 670 677 681 689 691 700 702 717 733 734 735
 301 : 3 11 13 18 22 38 41 42 46 57 71 77 84 95 97 110 115 116 122 129 137 138 140 156 163 164 173 184 185 194 204 205 219 236 237 238 244 248 256 279 288 289 293 296 298 304 321 323 328 331 334 335 346 353 361 364 371 376 388 404 410 413 427 428 437 442 456 464 471 478 483 502 503 519 521 528 532 534 549 550 551 553 560 562 563 569 571 580 581 600 605 607 611 612 617 619 631 640 642 644 654 656 666 674 688 698 706 718 729 730 732 747
 409 : 9 12 32 35 40 43 49 55 58 59 70 73 80 85 90 99 113 121 124 135 148 151 155 158 159 161 166 178 189 200 207 220 230 235 247 250 264 268 272 277 278 283 284 286 297 306 312 313 329 338 340 344 359 377 378 390 392 394 395 397 402 430 432 438 444 448 452 467 468 476 482 485 490 495 500 512 513 524 525 530 533 542 546 556 557 558 559 567 583 596 598 608 616 622 634 635 637 650 658 683 696 697 699 704 710 716 719 720 723 741
 556 : 5 21 25 37 47 51 53 66 78 86 94 96 98 100 106 107 118 141 170 172 175 182 213 221 228 229 233 234 240 245 251 266 270 274 275 280 290 302 305 309 315 317 336 339 351 352 355 362 365 366 373 374 381 383 386 391 401 405 409 421 426 429 441 454 455 460 517 531 536 545 547 561 566 568 572 582 585 620 628 629 638 648 651 652 669 672 685 690 694 701 705 707 711 712 714 737 739 740 748 749
 606 : 4 14 20 29 31 44 50 61 63 64 76 83 91 102 112 126 130 139 149 162 168 169 174 187 188 190 191 193 196 197 206 209 214 215 217 218 226 243 253 263 273 281 282 287 294 299 300 303 318 330 337 367 375 389 398 408 411 414 416 418 420 431 435 440 462 473 479 487 494 504 508 511 527 541 574 577 579 589 592 595 610 615 633 643 646 653 662 663 673 679 684 692 709 724 727 728
 706 : 1 7 10 15 17 19 26 28 33 45 65 69 72 79 93 104 105 119 133 143 144 153 160 171 180 181 186 192 199 201 211 216 225 249 254 255 257 261 265 285 291 292 301 307 308 310 319 320 342 358 360 363 380 382 399 415 424 436 439 443 447 458 463 469 472 474 477 480 484 488 498 499 514 516 526 537 540 543 544 554 564 565 575 584 587 599 603 613 624 625 627 630 632 641 649 655 657 667 668 671 676 678 680 682 693 703 708 713 715 725 736 738 742 743 744 746
SOLUTION:
  Value: -900576.000000
  Assigns: 197 706 197 301 606 556 197 706 197 280 706 301 280 301 606 706 103 706 301 706 606 556 301 103 197 556 706 197 706 606 280 280 606 706 103 103 197 556 301 197 197 301 280 197 606 706 280 556 197 556 280 280 197 556 197 706 103 301 280 280 197 606 197 606 606 706 280 103 197 706 280 301 706 103 103 103 606 301 556 706 556 103 103 606 301 606 556 280 197 103 280 606 197 706 556 301 556 301 280 606 556 103 606 197 706 706 556 556 197 280 301 197 606 606 103 301 301 280 556 706 197 103 301 197 606 103 606 103 197 301 606 197 103 706 197 606 197 301 301 606 280 556 103 706 706 197 197 103 301 606 103 280 197 706 103 556 301 103 606 606 706 706 606 301 301 103 556 280 606 606 556 706 556 301 280 556 103 197 280 103 706 706 556 103 301 301 706 606 606 301 606 606 706 606 301 103 606 606 197 706 280 706 103 103 301 280 606 606 197 280 197 706 103 556 606 606 706 606 606 301 197 556 103 280 197 706 606 103 280 556 556 103 103 556 556 606 301 301 301 197 556 197 197 280 301 556 197 197 301 706 301 556 103 606 706 706 301 706 197 197 103 706 103 280 103 706 556 103 301 103 280 197 556 606 556 556 103 556 197 301 556 606 606 280 103 706 706 606 301 301 556 706 706 301 606 103 301 103 301 606 606 706 556 280 301 556 556 280 706 556 706 103 301 706 197 556 103 556 606 706 706 280 197 301 103 103 197 103 301 280 606 301 197 103 301 301 556 606 301 280 103 197 706 103 103 280 301 103 103 197 103 556 556 301 103 556 103 280 706 280 706 301 556 706 301 556 556 606 103 103 197 301 103 556 556 606 301 301 280 103 706 556 706 556 197 197 556 197 301 606 606 556 606 103 556 606 197 301 606 706 103 556 301 103 301 556 103 197 606 556 301 606 197 301 280 706 606 103 606 197 606 556 197 103 706 103 556 301 301 556 280 606 706 103 280 606 706 301 280 706 606 556 301 706 606 197 280 706 280 103 103 280 103 197 280 556 301 103 706 197 556 103 606 706 301 197 197 706 280 706 197 301 706 606 706 280 103 706 301 280 706 103 280 301 706 197 280 606 706 103 556 197 197 280 606 301 103 103 706 706 280 103 301 301 606 280 197 103 606 103 197 606 706 280 706 280 706 556 280 301 280 301 103 197 197 197 706 606 280 103 280 556 301 706 301 103 556 706 280 103 706 280 280 706 706 556 280 556 103 301 301 301 197 301 280 197 280 103 706 280 301 280 301 301 706 706 556 280 556 301 197 280 556 103 606 706 280 606 197 606 301 301 556 301 706 556 280 706 103 280 280 103 606 197 103 280 280 197 280 706 280 197 103 706 103 301 197 301 556 197 606 301 301 280 103 606 280 301 103 301 556 197 280 103 706 706 280 706 280 556 706 301 706 606 197 606 103 197 556 197 301 706 301 606 301 197 606 103 556 280 280 556 556 280 301 706 301 280 606 103 197 103 606 606 280 197 301 706 706 556 197 280 556 606 301 103 706 197 706 606 706 197 706 556 606 556 103 103 301 197 556 197 606 706 556 103 280 556 301 103 197 280 197 706 706 556 301 556 706 280 280 556 556 706 556 706 556 197 301 103 280 103 103 280 606 706 103 606 606 301 301 103 301 280 197 197 706 556 706 556 556 606 706 706 706 280 706 301 556 556 
  Facilities: 7
 103 : 16 23 34 35 56 67 73 74 75 81 82 89 101 114 121 125 127 132 142 147 150 154 157 165 176 179 183 195 202 203 212 222 227 231 232 252 260 262 264 267 269 276 284 295 297 311 316 324 325 327 333 340 343 344 347 348 350 354 356 368 369 372 379 393 400 403 406 417 423 425 433 449 450 452 457 461 476 481 489 496 497 501 507 509 522 529 535 539 548 557 573 588 591 594 602 604 614 618 623 636 647 659 661 675 686 687 695 699 719 721 722 726 731
 197 : 0 2 6 8 24 27 36 39 40 43 48 52 54 60 62 68 88 92 103 108 111 120 123 128 131 134 136 145 146 152 177 198 208 210 220 224 239 241 242 246 247 258 259 271 278 314 322 326 332 341 349 370 384 385 387 396 407 412 419 422 445 453 459 465 466 470 485 491 492 506 510 523 524 525 552 555 570 578 593 597 601 606 609 621 634 637 639 645 660 665 670 677 681 689 691 700 702 717 734 735
 280 : 9 12 30 31 42 46 50 51 58 59 66 70 87 90 98 109 117 140 151 167 174 178 200 205 209 223 228 243 263 270 283 303 307 321 329 339 345 357 359 378 414 430 434 438 446 448 451 454 468 475 479 482 486 493 500 505 513 515 518 520 528 530 538 541 542 546 554 556 559 561 567 571 576 586 589 590 595 596 598 600 613 616 622 626 628 649 650 653 657 664 671 696 701 709 710 720 723 733 745
 301 : 3 11 13 18 22 38 41 57 71 77 84 95 97 110 115 116 122 129 137 138 148 156 163 164 173 184 185 189 194 204 219 236 237 238 244 248 250 256 268 279 288 289 293 296 298 304 312 323 328 331 334 335 338 346 353 361 364 371 376 377 388 397 402 404 410 413 427 428 437 442 456 464 471 478 483 495 502 503 519 521 532 534 549 550 551 553 560 562 563 569 580 581 583 605 607 611 612 617 619 631 640 642 644 654 656 666 674 688 698 706 718 729 730 732 747
 556 : 5 21 25 37 47 49 53 78 80 86 94 96 100 106 107 118 141 155 166 170 172 175 182 213 221 229 230 233 234 240 245 251 266 272 274 275 277 280 290 302 305 306 309 315 317 336 351 352 355 362 365 366 373 374 381 383 386 391 394 401 405 409 421 426 429 441 455 460 490 517 531 536 545 547 566 568 572 582 585 608 620 629 638 648 651 652 669 672 683 685 690 694 697 705 707 711 712 714 716 737 739 740 748 749
 606 : 4 14 20 29 32 44 61 63 64 76 83 85 91 99 102 112 113 124 126 130 135 139 149 158 159 162 168 169 187 188 190 191 193 196 197 206 207 214 215 217 218 226 235 253 273 281 282 287 294 299 300 318 330 337 367 375 389 390 392 395 398 408 411 416 418 420 431 435 440 444 462 473 487 494 504 508 511 527 574 577 579 592 610 615 633 635 643 646 658 662 663 673 679 684 692 724 727 728 741
 706 : 1 7 10 15 17 19 26 28 33 45 55 65 69 72 79 93 104 105 119 133 143 144 153 160 161 171 180 181 186 192 199 201 211 216 225 249 254 255 257 261 265 285 286 291 292 301 308 310 313 319 320 342 358 360 363 380 382 399 415 424 432 436 439 443 447 458 463 467 469 472 474 477 480 484 488 498 499 512 514 516 526 533 537 540 543 544 558 564 565 575 584 587 599 603 624 625 627 630 632 641 655 667 668 676 678 680 682 693 703 704 708 713 715 725 736 738 742 743 744 746
SOLUTION:
  Value: -900649.000000
  Assigns: 634 706 197 103 606 556 197 634 197 634 706 606 634 556 606 706 103 706 701 706 606 556 634 103 197 556 706 197 706 606 197 634 606 706 103 701 197 556 701 634 197 706 701 197 606 706 701 556 197 701 606 556 197 634 701 634 103 701 634 701 701 634 197 634 606 706 556 103 197 706 701 103 706 103 103 103 606 706 556 634 556 103 634 606 556 701 556 103 197 103 701 634 197 706 556 103 701 103 701 606 556 701 606 197 706 706 701 556 197 197 556 197 606 606 103 103 606 103 701 634 197 634 634 197 606 103 606 103 197 634 606 197 103 706 197 634 197 701 634 606 706 556 634 706 706 197 197 103 634 634 103 634 197 706 103 701 197 103 606 634 706 706 701 701 556 701 634 197 606 606 556 706 556 197 606 634 103 197 701 103 706 706 556 103 556 634 706 606 606 606 606 634 706 634 556 103 606 606 197 706 634 706 103 103 556 706 606 606 197 606 197 706 103 701 606 606 706 701 606 701 197 556 103 197 197 706 606 701 634 556 556 103 103 556 556 701 634 197 606 197 556 197 197 701 556 556 197 197 634 706 197 556 103 606 701 706 634 706 634 197 103 706 103 606 103 706 556 103 556 103 701 197 556 606 556 701 701 556 197 197 556 606 606 634 103 706 706 606 706 701 556 706 701 701 606 701 103 103 701 634 606 706 634 701 606 556 556 706 706 556 706 701 701 701 197 556 103 556 606 706 706 103 197 606 103 701 197 103 606 701 606 706 634 103 706 634 634 606 634 556 103 197 701 701 103 197 701 103 103 197 103 556 556 556 103 556 701 197 701 634 706 606 556 706 197 556 556 606 103 701 197 103 103 556 701 606 197 701 706 103 706 556 706 701 197 701 556 197 634 606 634 556 606 103 556 701 197 556 606 706 103 556 634 103 701 556 634 634 634 634 701 606 197 606 634 706 606 103 606 197 606 701 197 103 706 103 701 606 634 634 606 606 706 103 197 606 706 606 556 706 606 556 634 706 701 197 197 706 634 634 634 197 634 634 701 556 634 103 634 197 556 103 606 706 706 197 197 706 701 706 197 103 701 606 706 103 634 706 556 606 706 103 701 701 634 197 103 606 634 103 634 197 701 103 606 103 634 634 706 706 634 103 634 701 634 103 197 103 606 103 197 606 706 606 706 197 701 556 197 701 103 701 634 701 197 634 634 701 701 103 634 556 701 706 103 103 634 706 103 103 706 606 634 634 706 556 634 556 103 103 701 634 634 634 706 197 634 103 634 606 197 556 634 197 634 706 556 634 556 197 197 701 556 701 606 706 197 606 701 606 103 701 701 103 706 556 197 706 103 634 701 103 606 197 103 606 634 197 556 706 701 197 103 706 103 706 197 706 556 197 606 701 706 706 103 606 634 197 103 103 556 197 197 103 706 706 103 706 556 556 706 706 706 634 197 606 103 701 556 197 606 706 556 606 606 197 606 701 556 706 701 634 556 634 634 706 701 701 606 103 197 103 606 606 103 197 706 706 706 556 197 706 556 606 556 103 706 197 701 606 706 197 706 556 606 556 634 103 197 197 556 197 634 701 556 103 556 556 556 103 197 556 634 706 706 556 706 556 706 634 556 701 556 706 556 706 634 701 606 103 701 103 103 701 606 706 103 606 606 556 701 103 103 197 701 197 706 556 701 556 556 606 706 706 634 103 706 197 701 556 
  Facilities: 7
 103 : 3 16 23 34 56 67 71 73 74 75 81 87 89 95 97 114 115 117 125 127 132 147 150 154 157 176 179 183 195 202 203 212 222 231 232 252 260 262 264 267 269 284 296 297 316 321 324 327 333 340 344 347 348 350 354 368 371 372 379 393 400 403 417 423 425 433 457 461 471 475 481 486 489 493 495 501 505 507 509 520 529 534 535 538 539 548 549 557 580 583 588 591 594 602 604 614 618 619 623 626 636 659 661 664 675 687 695 699 719 721 722 726 731 732 745
 197 : 2 6 8 24 27 30 36 40 43 48 52 62 68 88 92 103 108 109 111 120 123 128 131 134 136 145 146 152 156 167 173 177 198 208 210 220 223 224 237 239 241 242 246 247 250 259 271 278 279 314 322 326 341 345 349 357 364 370 376 384 387 396 412 419 422 434 445 446 451 459 465 466 470 485 491 506 510 515 518 524 555 560 563 569 570 576 586 593 597 601 606 609 617 621 622 634 639 645 660 665 670 677 681 688 689 691 700 733 735 747
 556 : 5 13 21 25 37 47 51 66 78 80 84 86 94 100 107 110 141 164 170 172 182 184 194 204 221 229 230 233 234 240 244 245 251 266 268 272 274 277 280 290 305 306 309 315 317 339 351 352 353 355 362 365 366 373 381 386 391 394 397 401 405 438 441 455 460 478 517 531 545 547 561 566 568 572 585 598 608 620 628 629 638 642 648 652 669 672 674 683 685 690 694 696 697 698 701 705 707 710 712 714 729 737 739 740 749
 606 : 4 11 14 20 29 32 44 50 64 76 83 99 102 112 113 116 124 126 130 139 158 168 169 174 187 188 189 190 196 197 206 207 209 214 215 218 226 238 253 263 273 281 282 287 294 300 304 318 323 328 330 337 361 367 375 389 392 398 411 413 416 418 420 427 430 431 435 437 440 462 473 479 487 494 508 511 513 541 559 574 577 579 592 595 610 615 635 640 643 644 646 658 662 663 673 679 684 718 724 727 728 741
 634 : 0 7 9 12 22 31 39 53 55 58 61 63 79 82 91 119 121 122 129 135 138 142 148 149 151 159 166 175 185 191 193 200 228 236 248 256 258 283 299 302 332 335 336 338 359 388 390 402 406 407 408 409 414 428 429 442 448 449 450 452 453 456 458 476 484 488 490 496 497 500 502 504 522 525 526 530 536 542 543 546 551 552 553 556 558 562 564 567 589 596 616 633 651 653 654 686 692 702 709 716 744
 701 : 18 35 38 42 46 49 54 57 59 60 70 85 90 96 98 101 106 118 137 155 162 163 165 178 213 217 219 227 235 243 254 270 275 276 289 292 293 295 298 303 311 312 313 325 329 342 343 346 356 358 369 374 377 383 385 395 404 410 421 426 444 454 468 472 482 483 492 503 516 519 521 523 527 528 532 550 571 573 578 581 582 590 600 611 637 647 650 656 657 678 693 711 717 720 723 730 734 738 748
 706 : 1 10 15 17 19 26 28 33 41 45 65 69 72 77 93 104 105 133 140 143 144 153 160 161 171 180 181 186 192 199 201 205 211 216 225 249 255 257 261 265 285 286 288 291 301 307 308 310 319 320 331 334 360 363 378 380 382 399 415 424 432 436 439 443 447 463 464 467 469 474 477 480 498 499 512 514 533 537 540 544 554 565 575 584 587 599 603 605 607 612 613 624 625 627 630 631 632 641 649 655 666 667 668 671 676 680 682 703 704 706 708 713 715 725 736 742 743 746
SOLUTION:
  Value: -900667.000000
  Assigns: 197 706 197 103 606 556 197 706 197 280 706 525 280 556 606 706 103 706 197 706 525 556 525 103 197 556 706 197 706 606 280 280 525 525 103 525 197 556 103 197 525 706 280 525 606 706 280 556 197 556 280 280 197 556 197 525 103 606 280 280 197 606 197 606 606 706 280 103 197 706 525 525 706 103 103 525 606 706 556 706 556 103 103 606 525 525 556 280 197 103 280 525 197 706 556 103 556 525 280 606 556 103 606 197 706 706 556 525 197 280 525 197 606 606 103 103 606 280 556 706 197 525 525 197 606 103 606 103 197 525 606 197 103 706 197 606 197 606 556 525 280 556 103 706 706 197 197 103 280 606 103 280 525 706 103 525 197 525 606 606 706 706 606 606 280 103 556 280 606 606 525 706 556 197 280 556 103 197 280 103 706 706 556 103 556 197 706 606 606 606 606 525 706 606 525 103 606 606 197 706 280 706 103 103 556 280 525 606 197 280 197 706 103 556 606 606 706 606 606 525 197 556 103 280 197 706 606 103 280 556 525 525 103 556 525 606 556 197 525 197 556 197 197 280 556 556 197 525 606 706 197 525 103 606 706 706 280 706 197 197 103 525 103 280 103 706 556 103 556 103 280 197 556 525 556 556 103 556 197 197 556 606 606 280 103 706 525 606 706 197 556 706 706 606 606 103 525 103 556 606 606 706 556 280 606 556 556 280 706 525 706 103 606 706 525 556 103 556 525 706 706 525 197 606 103 103 197 103 606 525 606 706 197 103 280 525 525 606 525 280 525 197 706 525 103 280 706 103 103 197 103 556 556 556 103 556 103 280 706 280 706 606 556 706 197 556 556 606 103 103 197 280 103 556 556 606 197 525 280 103 706 556 706 556 197 197 556 197 525 606 606 556 606 103 556 606 197 556 606 706 103 556 525 103 525 556 103 197 606 525 280 606 197 606 525 706 606 103 606 197 606 556 197 103 706 103 556 606 525 556 280 606 706 103 280 606 706 606 280 706 606 556 103 706 606 197 525 706 280 103 103 280 525 197 280 556 280 103 706 197 556 103 606 706 706 197 197 706 280 706 197 525 525 606 706 280 103 706 556 280 706 103 280 556 706 525 280 606 706 103 525 197 525 280 606 525 103 103 706 706 525 103 556 606 525 280 197 103 606 103 197 606 706 280 706 280 706 556 280 706 280 525 103 197 197 197 706 525 280 103 280 525 280 706 103 103 525 706 280 103 525 280 280 706 706 556 280 556 103 103 197 706 197 197 280 197 280 103 706 280 280 280 280 197 706 706 556 280 556 197 197 525 525 525 606 706 525 606 197 525 103 606 556 103 525 556 280 706 103 525 280 103 606 197 103 280 280 197 280 706 280 197 103 706 103 706 197 525 556 197 606 525 280 280 103 606 280 525 103 103 556 197 280 103 706 706 280 706 280 556 706 706 525 606 525 606 103 197 556 197 606 706 525 606 606 197 606 103 556 525 280 525 556 280 103 706 103 280 606 103 197 103 606 606 280 197 706 706 706 556 525 280 556 606 556 103 525 525 706 606 706 197 706 556 606 556 103 103 525 197 556 197 525 706 556 525 280 556 556 103 197 280 525 706 706 556 706 556 525 280 280 525 556 706 556 706 556 197 606 525 280 103 103 280 606 706 103 606 606 525 525 103 103 280 197 197 706 556 706 556 556 606 706 706 706 280 706 280 556 556 
  Facilities: 7
 103 : 3 16 23 34 38 56 67 73 74 81 82 89 95 101 114 115 125 127 132 142 147 150 154 165 176 179 183 195 202 203 212 222 227 232 252 260 262 264 267 269 276 284 295 297 311 316 324 325 327 333 344 347 348 350 354 356 368 369 372 379 393 400 403 406 417 423 425 433 442 449 450 457 461 476 481 489 496 497 501 507 509 522 529 534 535 539 548 549 557 580 583 588 591 594 602 604 614 618 619 623 636 647 654 656 659 661 675 686 687 699 721 722 726 731 732
 197 : 0 2 6 8 18 24 27 36 39 48 52 54 60 62 68 88 92 103 108 111 120 123 128 131 134 136 145 146 156 173 177 185 198 208 210 220 224 237 239 241 242 246 250 258 259 271 278 279 289 322 326 332 341 349 364 370 376 384 385 387 396 407 412 419 422 445 453 459 465 466 470 491 506 510 523 524 525 550 552 553 555 563 569 570 578 593 597 601 606 609 621 637 639 645 660 665 681 689 691 700 717 734 735
 280 : 9 12 30 31 42 46 50 51 58 59 66 87 90 98 109 117 140 148 151 164 167 174 178 200 205 209 223 228 243 256 263 270 283 303 307 334 339 345 357 359 371 378 410 430 434 438 448 451 454 456 468 475 479 482 486 493 505 513 515 518 520 528 530 532 538 541 542 546 554 556 559 560 561 562 567 586 590 595 596 598 600 612 613 616 622 626 628 650 653 657 664 671 696 701 709 710 720 723 733 745 747
 525 : 11 20 22 32 33 35 40 43 55 70 71 75 84 85 91 97 107 110 121 122 129 139 152 155 157 170 191 194 206 219 230 231 234 238 247 251 261 273 286 296 309 314 318 321 329 335 336 338 340 343 377 388 402 404 409 414 428 446 452 471 472 485 490 492 495 500 504 521 527 531 536 540 571 572 573 576 579 584 589 607 611 617 632 634 642 649 651 670 676 677 688 692 695 702 708 711 719 729 730
 556 : 5 13 21 25 37 47 49 53 78 80 86 94 96 100 106 118 138 141 166 172 175 182 184 204 213 221 229 233 236 240 244 245 266 268 272 274 275 277 280 290 298 302 305 306 315 317 351 352 353 355 362 365 366 373 374 381 383 386 391 394 397 401 405 421 426 429 441 455 460 478 483 502 517 545 547 566 568 582 585 608 620 629 638 648 652 669 672 674 683 685 690 694 697 698 705 707 712 714 716 737 739 740 748 749
 606 : 4 14 29 44 57 61 63 64 76 83 99 102 112 113 116 124 126 130 135 137 149 158 159 162 163 168 169 187 188 189 190 193 196 197 207 214 215 217 218 226 235 248 253 281 282 287 293 294 299 300 304 312 323 328 330 337 361 367 375 389 390 392 395 398 408 411 413 416 418 420 427 431 435 437 440 444 462 473 487 494 503 508 511 574 577 581 592 610 615 633 635 640 643 644 646 658 662 663 673 679 684 718 724 727 728 741
 706 : 1 7 10 15 17 19 26 28 41 45 65 69 72 77 79 93 104 105 119 133 143 144 153 160 161 171 180 181 186 192 199 201 211 216 225 249 254 255 257 265 285 288 291 292 301 308 310 313 319 320 331 342 346 358 360 363 380 382 399 415 424 432 436 439 443 447 458 463 464 467 469 474 477 480 484 488 498 499 512 514 516 519 526 533 537 543 544 551 558 564 565 575 587 599 603 605 624 625 627 630 631 641 655 666 667 668 678 680 682 693 703 704 706 713 715 725 736 738 742 743 744 746
SOLUTION:
  Value: -900699.000000
  Assigns: 199 706 706 103 606 556 556 706 199 706 706 525 199 556 606 706 103 706 701 706 525 556 525 103 606 556 706 606 706 606 556 606 525 525 103 525 556 556 199 103 525 199 701 525 606 706 701 556 199 701 606 556 556 556 701 525 103 701 103 701 701 606 606 199 606 706 556 103 606 706 701 525 706 103 103 525 606 706 556 706 556 103 103 606 525 701 556 103 556 103 701 525 525 706 556 103 701 199 199 606 556 701 606 706 706 706 701 525 199 199 525 556 606 606 103 103 606 103 701 199 701 525 525 556 199 103 606 103 701 525 606 103 103 706 701 606 706 701 199 525 706 556 701 706 706 199 525 103 199 606 103 199 525 706 103 701 706 525 606 606 706 199 701 701 556 701 556 103 606 606 525 706 199 556 199 556 103 701 701 199 706 706 556 103 199 525 706 606 606 606 606 199 706 606 525 103 606 606 199 706 199 706 103 199 199 525 525 606 525 606 199 706 103 701 606 606 199 701 606 701 199 556 103 606 199 706 606 701 556 556 525 525 103 556 525 701 556 199 525 556 556 199 706 701 199 556 199 525 606 706 606 525 103 606 701 706 199 706 701 103 103 525 199 606 199 706 556 103 199 103 701 606 556 525 556 701 701 556 606 199 556 606 606 701 103 706 525 606 706 701 556 706 701 701 606 701 525 103 701 606 606 706 556 701 606 556 556 706 199 525 706 199 701 701 525 556 103 556 525 199 706 525 103 606 103 701 199 103 199 525 606 706 525 103 706 525 525 606 199 556 525 199 199 701 103 706 701 103 103 706 103 556 556 556 103 556 701 706 701 199 706 606 556 706 199 556 556 606 103 701 706 103 103 556 701 606 701 701 525 103 706 556 199 701 556 701 556 199 199 606 606 556 606 103 556 701 606 556 606 706 103 556 525 103 525 556 103 701 606 525 701 199 103 606 525 199 606 103 606 199 606 701 556 103 706 103 701 606 525 556 525 606 706 103 199 606 199 606 556 706 606 556 103 706 199 199 525 199 199 103 103 103 525 701 701 199 199 103 706 706 199 103 606 706 706 606 556 706 701 706 199 525 525 606 706 103 701 706 199 606 706 103 701 701 706 525 103 606 706 199 199 706 701 103 606 199 103 103 706 706 525 103 556 701 525 103 706 103 606 103 199 199 706 606 706 525 701 556 199 701 199 525 199 701 199 606 706 701 701 103 199 525 199 706 103 103 701 706 103 103 525 606 199 706 199 556 199 556 103 103 701 706 199 706 706 556 606 103 706 199 606 556 199 606 706 706 556 103 556 199 525 525 525 525 606 706 525 606 701 525 103 701 701 103 525 556 199 199 103 525 701 103 606 701 103 525 706 103 199 706 701 706 199 706 103 706 556 525 556 606 606 701 199 706 103 606 199 525 103 103 556 556 199 103 706 706 103 706 556 556 199 706 525 199 525 606 103 701 556 556 606 706 525 606 606 706 606 701 556 525 701 525 556 606 199 706 701 701 606 103 701 103 606 606 103 606 706 706 706 199 525 706 556 606 556 103 525 525 701 606 706 525 706 556 606 556 103 103 525 701 556 606 525 701 556 525 556 556 199 199 706 556 525 706 706 556 199 556 525 606 556 525 556 706 556 706 556 701 606 199 701 103 103 701 606 706 103 606 606 525 525 103 103 606 701 199 706 556 701 556 199 606 706 706 706 103 706 706 701 556 
  Facilities: 7
 103 : 3 16 23 34 39 56 58 67 73 74 81 82 87 89 95 114 115 117 125 127 131 132 147 150 154 167 176 183 195 202 212 222 232 252 259 260 267 269 284 297 316 322 324 327 333 344 347 348 350 354 368 371 372 379 393 400 403 406 412 417 423 425 433 442 449 450 451 457 461 475 481 486 493 496 497 501 505 507 509 529 534 535 538 539 548 549 557 567 580 583 588 591 594 597 604 614 618 619 623 626 636 659 661 664 675 686 687 721 722 726 731 732 745
 199 : 0 8 12 38 41 48 63 97 98 108 109 119 124 138 145 148 151 161 172 174 179 184 191 198 200 203 204 210 216 220 224 237 241 244 246 256 262 264 268 279 308 311 319 326 328 338 341 342 359 364 382 387 388 411 415 419 434 436 444 445 447 448 455 456 460 470 478 489 490 495 510 511 518 520 522 524 530 532 542 544 546 552 559 562 569 586 587 598 602 612 616 622 630 633 654 669 698 699 706 719 735 740
 525 : 11 20 22 32 33 35 40 43 55 71 75 84 91 92 107 110 121 122 129 139 146 152 157 170 185 194 205 206 208 230 231 234 238 247 251 261 273 286 296 309 314 318 321 329 332 335 336 340 378 402 404 409 414 428 430 446 452 471 472 485 500 504 515 521 531 540 570 571 572 573 576 579 584 589 595 607 617 632 634 642 649 651 670 676 677 681 688 692 695 702 708 711 729 730
 556 : 5 6 13 21 25 30 36 37 47 51 52 53 66 78 80 86 88 94 100 111 123 141 164 166 173 175 182 221 228 229 233 236 239 240 245 266 272 274 277 280 290 302 305 306 315 317 339 351 352 353 355 362 365 366 373 381 384 386 391 394 397 401 405 422 429 438 441 466 502 517 545 547 555 561 566 568 585 606 608 620 621 628 629 638 639 648 652 672 674 683 685 690 694 696 697 701 705 707 710 712 714 716 737 739 749
 606 : 4 14 24 27 29 31 44 50 61 62 64 68 76 83 99 102 112 113 116 126 130 135 149 158 159 168 169 187 188 189 190 193 196 197 207 209 214 215 218 223 226 248 250 253 263 271 278 281 282 287 294 299 300 304 323 330 337 361 367 375 389 390 392 396 398 408 413 416 418 420 427 431 435 437 440 462 465 473 479 487 494 508 513 525 541 556 560 563 574 577 592 609 610 615 635 640 643 644 646 653 658 662 663 665 673 679 684 691 709 718 724 727 728 733 741
 701 : 18 42 46 49 54 57 59 60 70 85 90 96 101 106 118 120 128 134 137 142 155 162 163 165 177 178 213 217 219 227 235 243 254 258 270 275 276 283 289 292 293 295 298 303 312 313 325 343 346 356 358 369 374 376 377 383 385 395 407 410 421 426 453 454 468 476 482 483 492 503 516 519 523 527 528 536 550 578 581 582 590 593 600 611 637 647 650 656 657 660 678 689 693 717 720 723 734 738 748
 706 : 1 2 7 9 10 15 17 19 26 28 45 65 69 72 77 79 93 103 104 105 133 136 140 143 144 153 156 160 171 180 181 186 192 199 201 211 225 242 249 255 257 265 285 288 291 301 307 310 320 331 334 345 349 357 360 363 370 380 399 424 432 439 443 458 459 463 464 467 469 474 477 480 484 488 491 498 499 506 512 514 526 533 537 543 551 553 554 558 564 565 575 596 599 601 603 605 613 624 625 627 631 641 645 655 666 667 668 671 680 682 700 703 704 713 715 725 736 742 743 744 746 747
SOLUTION:
  Value: -900765.000000
  Assigns: 416 706 197 301 606 416 197 416 197 706 706 301 556 301 606 416 416 706 301 706 416 416 301 103 197 556 706 197 706 606 197 606 606 706 103 416 197 556 301 197 197 301 416 197 606 706 416 556 197 556 606 556 197 556 197 416 103 301 103 556 416 606 197 606 416 706 556 103 197 706 416 301 706 416 103 103 606 301 556 706 556 416 103 606 301 606 556 103 197 103 606 606 197 706 556 301 416 301 556 606 556 103 606 197 706 416 556 416 197 197 301 197 606 606 416 301 301 103 556 706 197 103 301 197 606 103 606 103 416 301 606 197 103 706 197 606 197 416 301 606 301 556 416 706 706 197 197 103 416 606 103 556 197 706 103 416 301 103 606 606 706 706 606 416 301 103 556 416 606 606 556 706 556 301 606 556 103 197 416 103 706 706 556 103 301 301 416 606 416 301 606 606 706 606 301 103 606 606 197 706 416 706 103 103 301 301 606 606 197 606 197 416 103 556 606 606 416 606 416 301 197 556 103 197 416 706 606 103 416 556 416 103 103 556 556 606 301 301 301 416 556 197 197 606 301 556 197 197 301 706 301 556 103 606 416 706 301 706 197 197 103 416 103 606 103 706 556 103 301 103 556 197 416 606 556 556 416 556 197 301 556 606 606 416 103 706 706 606 301 301 556 706 416 301 416 103 301 103 416 606 606 706 556 606 301 416 556 706 706 556 706 103 301 416 197 556 103 556 606 706 706 301 197 301 103 103 197 103 301 416 606 301 197 103 301 301 556 606 301 556 103 197 416 103 103 197 301 103 416 197 103 556 556 301 103 556 103 197 706 197 706 301 556 706 301 556 556 606 103 416 197 301 103 556 556 606 301 301 416 103 706 556 416 556 197 197 556 197 416 606 606 556 606 103 556 606 197 301 606 706 103 556 301 103 301 556 103 197 606 556 301 606 197 301 416 706 606 103 606 197 606 556 197 416 706 103 556 301 301 556 416 606 706 103 197 606 706 301 556 706 606 556 301 706 606 197 416 706 416 103 103 197 103 416 556 556 301 103 706 197 556 103 606 706 416 197 197 706 103 706 197 301 706 606 706 103 103 706 301 606 706 103 416 416 706 197 103 606 706 103 556 197 416 103 606 301 416 103 706 706 416 103 301 416 606 103 197 103 416 103 197 416 706 606 706 197 416 416 416 301 416 301 103 197 197 197 706 606 301 103 416 556 301 706 301 103 416 706 103 103 706 606 416 706 706 556 416 556 103 301 301 301 197 301 706 197 606 103 706 416 301 556 301 301 706 706 556 103 556 301 197 301 556 103 606 706 197 606 197 606 301 301 556 301 706 556 197 706 103 606 197 103 606 416 103 606 706 197 556 706 301 197 103 706 103 301 197 301 556 197 606 301 301 706 103 606 416 301 103 301 556 197 197 103 706 416 103 706 556 556 706 301 706 606 197 606 103 197 416 197 301 706 416 606 301 197 606 416 556 706 197 556 556 606 301 706 416 706 606 103 197 103 606 606 416 197 301 706 706 556 197 706 556 606 301 103 706 197 706 606 706 197 706 416 606 556 103 103 301 197 556 197 606 706 556 103 556 556 301 103 197 556 416 706 706 556 301 556 706 416 301 556 556 706 556 706 556 197 301 416 301 416 103 706 606 706 416 606 606 301 301 103 301 197 197 197 706 556 706 556 556 416 706 416 706 103 706 301 556 556 
  Facilities: 7
 103 : 23 34 56 58 67 74 75 82 87 89 101 117 121 125 127 132 147 150 154 157 165 176 179 183 195 202 203 212 222 227 231 232 252 260 262 264 267 269 284 295 297 311 316 324 325 327 333 340 343 344 347 350 354 356 368 372 379 393 400 403 406 417 425 433 449 450 452 457 461 468 475 476 481 486 489 493 497 501 505 507 509 522 529 535 538 539 548 557 567 573 588 591 594 602 604 614 618 623 626 636 659 661 675 686 687 695 699 722 731 745
 197 : 2 6 8 24 27 30 36 39 40 43 48 52 54 62 68 88 92 103 108 109 111 120 123 131 134 136 145 146 152 177 198 208 210 220 223 241 242 246 247 258 259 271 278 314 322 326 332 341 345 349 357 359 370 384 385 387 396 407 412 419 422 434 445 451 459 465 466 470 485 491 506 510 515 523 524 525 552 555 570 576 578 586 590 597 601 606 609 621 622 634 637 639 645 650 660 665 670 677 681 689 691 700 717 733 734 735
 301 : 3 11 13 18 22 38 41 57 71 77 84 95 97 110 115 116 122 129 138 140 156 164 173 184 185 189 194 204 205 219 236 237 238 244 248 250 256 268 279 288 289 293 296 304 312 321 323 328 331 334 335 338 346 353 361 364 371 376 377 397 402 404 410 413 427 428 437 442 456 471 478 495 502 519 521 528 532 534 549 550 551 553 560 562 563 569 571 580 581 583 600 605 607 611 612 617 619 631 640 644 654 666 674 688 698 706 710 718 720 729 730 732 747
 416 : 0 5 7 15 16 20 21 35 42 46 55 60 64 70 73 81 96 105 107 114 128 137 142 148 155 163 167 178 186 188 200 211 216 218 224 228 230 239 254 261 272 276 283 292 294 298 305 313 329 342 348 369 378 382 388 414 423 430 446 448 453 464 482 483 492 496 500 503 508 511 516 517 518 520 530 536 542 546 559 593 616 625 638 642 647 656 664 683 702 709 719 721 726 741 743
 556 : 12 25 37 47 49 51 53 59 66 78 80 86 94 98 100 106 118 141 151 166 170 172 175 182 213 221 229 233 234 240 245 251 266 270 274 275 277 280 290 302 306 309 315 317 336 339 351 352 355 362 365 366 373 374 381 383 386 391 394 401 405 409 421 426 429 438 441 454 455 460 490 531 545 547 561 566 568 572 582 585 598 608 620 628 629 648 651 652 669 672 685 690 694 696 697 701 705 707 711 712 714 716 737 739 740 748 749
 606 : 4 14 29 31 32 44 50 61 63 76 83 85 90 91 99 102 112 113 124 126 130 135 139 149 158 159 162 168 169 174 187 190 191 193 196 197 206 207 209 214 215 217 226 235 243 253 263 273 281 282 287 299 300 303 318 330 337 367 375 389 390 392 395 398 408 411 416 418 420 431 435 440 444 462 473 479 487 494 504 513 527 541 556 574 577 579 589 592 595 610 615 633 635 643 646 653 658 662 663 673 679 684 692 724 727 728
 706 : 1 9 10 17 19 26 28 33 45 65 69 72 79 93 104 119 133 143 144 153 160 161 171 180 181 192 199 201 225 249 255 257 265 285 286 291 301 307 308 310 319 320 358 360 363 380 399 415 424 432 436 439 443 447 458 463 467 469 472 474 477 480 484 488 498 499 512 514 526 533 537 540 543 544 554 558 564 565 575 584 587 596 599 603 613 624 627 630 632 641 649 655 657 667 668 671 676 678 680 682 693 703 704 708 713 715 723 725 736 738 742 744 746
SOLUTION:
  Value: -900777.000000
  Assigns: 197 706 197 103 606 103 197 706 197 706 706 525 216 701 606 706 103 706 701 216 525 606 525 103 197 525 706 197 706 606 197 216 525 525 103 525 197 525 701 197 216 706 701 525 606 706 701 197 197 701 606 701 197 701 701 525 103 701 216 701 701 606 197 606 606 706 103 103 197 706 701 525 216 103 103 525 606 216 216 706 706 103 103 606 216 701 701 103 197 103 701 525 197 706 606 103 701 525 701 606 606 216 606 197 706 706 701 525 197 216 525 197 606 606 103 103 606 103 701 706 197 525 525 197 606 103 606 103 197 525 606 197 103 706 197 606 197 701 606 525 706 606 701 706 706 216 197 103 216 606 103 216 525 706 103 216 197 525 606 606 706 706 701 701 216 701 701 197 606 606 216 706 606 216 606 606 103 197 701 103 706 706 216 103 216 197 706 606 606 216 606 216 706 606 525 216 606 606 197 706 216 706 103 216 216 525 525 606 197 606 197 706 216 701 606 606 706 701 216 701 216 525 103 197 197 706 606 701 216 103 525 525 103 525 216 701 216 197 525 197 216 197 197 701 216 525 197 525 606 706 197 525 103 606 701 706 216 706 197 197 103 525 103 606 216 706 606 216 103 103 701 197 216 525 216 701 701 197 197 216 701 606 606 216 103 706 525 606 706 701 701 706 701 701 606 701 216 103 701 606 606 706 216 701 606 216 197 706 216 525 706 701 216 701 525 216 103 197 525 706 706 525 216 216 103 701 197 103 606 525 606 706 197 103 706 216 525 606 216 197 525 197 216 701 103 197 701 103 103 197 103 216 216 606 103 701 701 197 701 197 706 606 103 706 197 525 606 606 103 701 197 216 103 216 701 606 197 701 525 103 706 706 706 701 197 701 606 197 525 606 606 525 606 103 706 701 197 606 606 216 103 701 525 103 525 606 216 701 216 525 701 606 197 606 525 706 216 103 606 197 606 701 197 103 706 103 701 606 525 706 216 606 706 103 197 606 706 606 706 706 606 701 103 706 216 197 525 706 103 103 103 197 525 701 701 606 216 103 706 197 706 103 606 216 216 197 197 706 216 706 197 525 216 606 706 103 701 706 216 606 706 103 701 701 216 525 103 606 706 103 216 197 701 103 606 525 103 103 706 706 525 103 197 216 525 103 197 103 606 103 197 216 706 606 706 216 701 606 197 701 103 525 103 701 197 197 216 701 701 103 216 525 701 706 103 103 701 706 103 103 525 606 701 706 706 606 701 701 103 103 701 706 197 197 706 197 606 216 706 606 197 216 706 197 706 706 197 103 216 197 197 525 525 525 606 706 525 606 216 525 103 701 701 103 525 701 197 706 103 525 701 103 606 216 103 525 706 197 197 706 701 197 103 706 103 706 197 525 216 197 606 701 706 216 103 606 525 525 103 216 525 197 525 103 706 706 216 706 701 197 706 706 525 606 525 216 103 701 525 197 606 706 525 606 606 197 606 701 525 525 701 525 706 606 701 706 701 701 606 103 197 103 606 606 216 197 706 706 706 706 525 706 197 606 606 103 525 525 701 606 706 197 706 216 606 525 103 103 216 197 103 197 525 216 525 525 216 103 706 216 197 216 525 216 706 525 216 706 525 606 197 216 216 706 216 706 216 701 606 216 701 103 103 701 606 706 103 606 606 525 525 103 103 197 701 197 706 606 701 197 701 606 706 706 706 103 706 197 701 525 
  Facilities: 7
 103 : 3 5 16 23 34 56 66 67 73 74 81 82 87 89 95 114 115 117 125 127 132 147 150 154 176 179 183 202 222 229 232 252 260 262 268 269 284 297 316 324 327 333 344 347 348 350 354 362 368 372 379 393 400 403 417 423 425 433 442 448 449 450 457 461 475 481 486 489 493 496 497 501 505 507 509 520 522 529 534 535 538 539 548 549 567 580 583 588 591 594 602 604 614 618 623 636 659 661 675 686 687 690 697 721 722 726 731 732 745
 197 : 0 2 6 8 24 27 30 36 39 47 48 52 62 68 88 92 103 108 111 120 123 128 131 134 136 146 156 167 177 185 198 208 210 223 224 237 239 241 242 246 250 258 259 271 277 278 306 317 326 332 339 341 345 349 357 359 364 370 376 384 387 396 412 419 422 434 445 451 459 465 466 470 491 502 506 510 518 524 525 552 553 555 560 563 566 569 570 586 597 598 601 606 609 621 629 639 645 660 665 672 681 689 691 700 710 733 735 739 747
 216 : 12 19 31 40 58 72 77 78 84 101 109 145 148 151 155 164 170 173 182 184 189 191 195 200 203 204 212 218 220 228 234 236 240 244 256 264 267 272 274 279 283 296 302 305 308 312 315 322 323 335 338 342 351 352 371 373 399 406 408 416 430 444 456 463 464 468 472 478 484 490 503 511 515 526 530 557 561 568 578 593 608 613 619 626 635 664 683 688 693 696 699 701 703 706 711 712 714 716 719
 525 : 11 20 22 25 32 33 35 37 43 55 71 75 91 97 107 110 121 122 129 139 152 157 194 205 206 221 230 231 233 238 245 247 251 261 273 286 309 314 318 321 329 336 340 365 378 388 391 402 404 409 414 428 446 452 471 485 495 500 504 521 531 540 571 572 573 576 579 584 589 595 607 616 617 620 622 632 634 638 642 648 649 651 670 676 677 685 692 694 695 702 705 708 729 730 749
 606 : 4 14 21 29 44 50 61 63 64 76 83 94 99 100 102 112 113 116 124 126 130 135 138 141 149 158 159 168 169 172 174 175 187 188 190 193 196 197 207 209 214 215 226 248 253 263 266 281 282 287 294 299 300 304 328 330 337 353 361 366 367 375 386 389 390 392 397 398 405 411 413 418 420 427 431 435 437 440 455 462 473 479 487 494 508 513 517 541 545 556 559 574 577 592 610 615 633 640 643 644 646 653 658 662 663 673 674 679 684 709 718 724 727 728 737 741
 701 : 13 18 38 42 46 49 51 53 54 57 59 60 70 85 86 90 96 98 106 118 137 142 162 163 165 166 178 213 217 219 227 235 243 254 270 275 276 280 289 290 292 293 295 298 303 311 313 325 343 346 355 356 358 369 374 377 383 385 395 401 407 410 421 426 441 453 454 476 482 483 492 516 519 523 527 528 532 536 542 546 547 550 581 582 585 590 600 611 628 637 647 650 654 656 657 678 717 720 723 734 738 740 748
 706 : 1 7 9 10 15 17 26 28 41 45 65 69 79 80 93 104 105 119 133 140 143 144 153 160 161 171 180 181 186 192 199 201 211 216 225 249 255 257 265 285 288 291 301 307 310 319 320 331 334 360 363 380 381 382 394 415 424 429 432 436 438 439 443 447 458 460 467 469 474 477 480 488 498 499 512 514 533 537 543 544 551 554 558 562 564 565 575 587 596 599 603 605 612 624 625 627 630 631 641 652 655 666 667 668 669 671 680 682 698 704 707 713 715 725 736 742 743 744 746
