# Time: 2287.930176
# Elapsed: 626.807251
# Input_file: splp/Chess/1834ChessS.txt
# Pool_size: 400
# Iterations: 37
# Final_solutions: 13846
# Vision_range: 600
# Reduction_mode: REDUCTION_DISPERSE
# Dissimilitude: DISSIM_HAUSDORFF
# Facility_dist: FDISMODE_SUMOFDELTAS
SOLUTION:
  Value: -54220.000000
  Assigns: 143 134 134 134 137 137 7 7 7 141 141 143 25 25 25 28 28 28 7 7 7 34 34 34 25 25 25 28 28 28 43 43 43 34 34 34 25 25 25 28 28 52 43 43 43 34 34 34 61 61 61 52 52 52 43 43 43 70 70 70 61 61 61 52 52 52 79 79 79 70 70 70 61 61 61 88 88 88 79 79 79 70 70 70 97 97 97 88 88 88 79 79 79 106 106 106 97 97 97 88 88 88 115 115 115 106 106 106 97 97 97 124 124 124 115 115 115 106 106 106 143 134 134 134 137 124 137 115 141 141 143 143 143 134 134 134 137 137 7 7 141 141 141 143 
  Facilities: 18
 7 : 6 7 8 18 19 20 138 139
 25 : 12 13 14 24 25 26 36 37 38
 28 : 15 16 17 27 28 29 39 40
 34 : 21 22 23 33 34 35 45 46 47
 43 : 30 31 32 42 43 44 54 55 56
 52 : 41 51 52 53 63 64 65
 61 : 48 49 50 60 61 62 72 73 74
 70 : 57 58 59 69 70 71 81 82 83
 79 : 66 67 68 78 79 80 90 91 92
 88 : 75 76 77 87 88 89 99 100 101
 97 : 84 85 86 96 97 98 108 109 110
 106 : 93 94 95 105 106 107 117 118 119
 115 : 102 103 104 114 115 116 127
 124 : 111 112 113 125
 134 : 1 2 3 121 122 123 133 134 135
 137 : 4 5 124 126 136 137
 141 : 9 10 128 129 140 141 142
 143 : 0 11 120 130 131 132 143
SOLUTION:
  Value: -57224.000000
  Assigns: 143 134 134 134 137 137 7 7 7 141 141 143 25 25 25 28 28 28 7 7 7 34 34 34 25 25 25 28 28 28 43 43 43 34 34 34 25 25 51 28 28 28 43 43 43 34 34 34 61 61 61 51 65 65 43 43 43 70 70 70 61 61 61 51 65 65 79 79 79 70 70 70 61 86 86 86 65 65 65 79 79 70 70 70 97 97 97 100 100 100 79 79 79 106 106 106 97 97 97 86 100 100 115 115 115 106 106 106 97 97 97 100 100 100 115 115 115 106 106 106 143 134 134 134 137 137 137 115 141 141 143 143 143 134 134 134 137 137 7 7 141 141 141 143 
  Facilities: 19
 7 : 6 7 8 18 19 20 138 139
 25 : 12 13 14 24 25 26 36 37
 28 : 15 16 17 27 28 29 39 40 41
 34 : 21 22 23 33 34 35 45 46 47
 43 : 30 31 32 42 43 44 54 55 56
 51 : 38 51 63
 61 : 48 49 50 60 61 62 72
 65 : 52 53 64 65 76 77 78
 70 : 57 58 59 69 70 71 81 82 83
 79 : 66 67 68 79 80 90 91 92
 86 : 73 74 75 99
 97 : 84 85 86 96 97 98 108 109 110
 100 : 87 88 89 100 101 111 112 113
 106 : 93 94 95 105 106 107 117 118 119
 115 : 102 103 104 114 115 116 127
 134 : 1 2 3 121 122 123 133 134 135
 137 : 4 5 124 125 126 136 137
 141 : 9 10 128 129 140 141 142
 143 : 0 11 120 130 131 132 143
SOLUTION:
  Value: -60193.000000
  Assigns: 143 134 134 134 4 4 6 6 21 21 21 143 24 24 27 4 4 6 6 6 21 21 21 24 24 24 27 27 27 42 42 42 21 21 21 24 24 24 27 27 27 52 42 42 57 57 57 24 61 61 61 52 52 42 42 42 57 57 57 70 61 61 61 52 52 52 79 79 79 70 70 70 61 61 61 88 88 88 79 79 79 70 70 70 97 97 97 88 88 88 79 79 79 106 106 106 97 97 97 88 88 88 115 115 115 106 106 106 97 97 97 124 124 124 115 115 129 106 129 106 143 134 134 134 124 124 115 115 129 140 143 143 143 134 134 4 124 6 6 6 140 129 129 143 
  Facilities: 20
 4 : 4 5 15 16 135
 6 : 6 7 17 18 19 137 138 139
 21 : 8 9 10 20 21 22 32 33 34
 24 : 12 13 23 24 25 35 36 37 47
 27 : 14 26 27 28 38 39 40
 42 : 29 30 31 42 43 53 54 55
 52 : 41 51 52 63 64 65
 57 : 44 45 46 56 57 58
 61 : 48 49 50 60 61 62 72 73 74
 70 : 59 69 70 71 81 82 83
 79 : 66 67 68 78 79 80 90 91 92
 88 : 75 76 77 87 88 89 99 100 101
 97 : 84 85 86 96 97 98 108 109 110
 106 : 93 94 95 105 106 107 117 119
 115 : 102 103 104 114 115 126 127
 124 : 111 112 113 124 125 136
 129 : 116 118 128 141 142
 134 : 1 2 3 121 122 123 133 134
 140 : 129 140
 143 : 0 11 120 130 131 132 143
SOLUTION:
  Value: -63181.000000
  Assigns: 143 1 1 15 15 6 6 8 8 10 10 10 24 1 15 15 15 6 6 8 8 10 10 10 24 38 38 15 15 42 42 42 45 45 45 24 24 38 38 52 52 52 42 42 45 45 45 24 61 61 61 38 52 42 42 42 45 70 45 70 61 61 61 52 52 52 79 79 79 70 70 70 61 61 61 88 88 88 79 79 79 70 70 70 97 97 97 88 88 88 79 79 79 106 106 106 97 97 97 88 88 88 115 115 115 106 106 106 97 122 97 122 125 125 115 115 129 106 129 106 143 122 122 122 125 125 125 115 129 129 143 143 1 122 122 122 125 6 6 6 8 129 10 143 
  Facilities: 21
 1 : 1 2 13 132
 6 : 5 6 17 18 137 138 139
 8 : 7 8 19 20 140
 10 : 9 10 11 21 22 23 142
 15 : 3 4 14 15 16 27 28
 24 : 12 24 35 36 47
 38 : 25 26 37 38 51
 42 : 29 30 31 42 43 53 54 55
 45 : 32 33 34 44 45 46 56 58
 52 : 39 40 41 52 63 64 65
 61 : 48 49 50 60 61 62 72 73 74
 70 : 57 59 69 70 71 81 82 83
 79 : 66 67 68 78 79 80 90 91 92
 88 : 75 76 77 87 88 89 99 100 101
 97 : 84 85 86 96 97 98 108 110
 106 : 93 94 95 105 106 107 117 119
 115 : 102 103 104 114 115 127
 122 : 109 111 121 122 123 133 134 135
 125 : 112 113 124 125 126 136
 129 : 116 118 128 129 141
 143 : 0 120 130 131 143
SOLUTION:
  Value: -66171.000000
  Assigns: 13 134 13 134 137 137 7 7 7 10 10 10 24 13 13 28 28 28 7 7 7 10 10 24 24 24 13 28 28 28 42 42 45 45 45 24 24 24 51 28 28 28 42 42 45 45 45 24 61 61 61 51 51 42 42 42 45 70 45 70 61 61 61 51 51 78 78 79 79 70 70 70 61 61 61 88 88 88 78 78 79 70 94 70 97 97 97 98 88 78 79 79 79 94 94 94 97 98 97 88 113 88 115 115 115 94 94 94 97 98 97 98 113 113 115 115 129 129 129 120 120 134 134 134 137 113 137 115 129 129 129 120 120 120 134 134 137 137 7 7 7 129 10 120 
  Facilities: 22
 7 : 6 7 8 18 19 20 138 139 140
 10 : 9 10 11 21 22 142
 13 : 0 2 13 14 26
 24 : 12 23 24 25 35 36 37 47
 28 : 15 16 17 27 28 29 39 40 41
 42 : 30 31 42 43 53 54 55
 45 : 32 33 34 44 45 46 56 58
 51 : 38 51 52 63 64
 61 : 48 49 50 60 61 62 72 73 74
 70 : 57 59 69 70 71 81 83
 78 : 65 66 78 79 89
 79 : 67 68 80 90 91 92
 88 : 75 76 77 88 99 101
 94 : 82 93 94 95 105 106 107
 97 : 84 85 86 96 98 108 110
 98 : 87 97 109 111
 113 : 100 112 113 125
 115 : 102 103 104 114 115 127
 120 : 119 120 131 132 133 143
 129 : 116 117 118 128 129 130 141
 134 : 1 3 121 122 123 134 135
 137 : 4 5 124 126 136 137
SOLUTION:
  Value: -66183.000000
  Assigns: 143 134 134 134 4 4 7 7 7 140 143 143 25 25 25 28 4 28 7 7 7 34 34 34 25 25 25 28 28 28 43 43 43 34 34 34 25 25 25 28 28 52 43 43 43 34 34 34 61 61 61 52 52 52 43 43 43 70 70 70 61 61 61 52 52 52 79 79 79 70 70 70 61 61 61 88 88 88 79 79 79 70 70 70 97 97 97 88 88 88 79 79 92 92 95 95 95 97 97 88 88 88 115 115 115 92 95 95 97 97 97 112 112 125 125 115 129 129 129 120 120 134 134 112 125 112 125 140 129 140 143 143 120 120 134 4 4 125 125 7 140 129 143 143 
  Facilities: 22
 4 : 4 5 16 135 136
 7 : 6 7 8 18 19 20 139
 25 : 12 13 14 24 25 26 36 37 38
 28 : 15 17 27 28 29 39 40
 34 : 21 22 23 33 34 35 45 46 47
 43 : 30 31 32 42 43 44 54 55 56
 52 : 41 51 52 53 63 64 65
 61 : 48 49 50 60 61 62 72 73 74
 70 : 57 58 59 69 70 71 81 82 83
 79 : 66 67 68 78 79 80 90 91
 88 : 75 76 77 87 88 89 99 100 101
 92 : 92 93 105
 95 : 94 95 96 106 107
 97 : 84 85 86 97 98 108 109 110
 112 : 111 112 123 125
 115 : 102 103 104 115
 120 : 119 120 132 133
 125 : 113 114 124 126 137 138
 129 : 116 117 118 128 141
 134 : 1 2 3 121 122 134
 140 : 9 127 129 140
 143 : 0 10 11 130 131 142 143
SOLUTION:
  Value: -66184.000000
  Assigns: 13 134 13 136 136 136 7 7 7 10 10 10 24 13 13 28 28 28 7 7 7 10 10 24 24 24 13 28 28 28 42 42 45 45 45 24 24 24 51 28 28 28 42 42 45 45 45 24 71 61 61 51 51 42 42 42 45 45 45 71 61 61 61 76 51 78 78 78 80 80 71 71 61 61 61 76 76 76 78 78 80 80 71 71 97 97 97 76 76 76 78 78 80 80 106 106 97 97 97 111 113 113 115 115 115 106 106 106 97 97 97 111 111 113 115 115 129 106 129 120 120 134 134 136 111 136 113 115 129 129 129 120 120 120 134 134 136 136 7 7 7 129 10 120 
  Facilities: 22
 7 : 6 7 8 18 19 20 138 139 140
 10 : 9 10 11 21 22 142
 13 : 0 2 13 14 26
 24 : 12 23 24 25 35 36 37 47
 28 : 15 16 17 27 28 29 39 40 41
 42 : 30 31 42 43 53 54 55
 45 : 32 33 34 44 45 46 56 57 58
 51 : 38 51 52 64
 61 : 49 50 60 61 62 72 73 74
 71 : 48 59 70 71 82 83
 76 : 63 75 76 77 87 88 89
 78 : 65 66 67 78 79 90 91
 80 : 68 69 80 81 92 93
 97 : 84 85 86 96 97 98 108 109 110
 106 : 94 95 105 106 107 117
 111 : 99 111 112 124
 113 : 100 101 113 126
 115 : 102 103 104 114 115 127
 120 : 119 120 131 132 133 143
 129 : 116 118 128 129 130 141
 134 : 1 121 122 134 135
 136 : 3 4 5 123 125 136 137
SOLUTION:
  Value: -69152.000000
  Assigns: 143 134 135 134 135 6 6 20 141 20 141 12 25 12 25 28 28 6 6 20 20 20 34 12 12 12 25 28 28 28 42 42 20 34 34 34 25 25 51 28 28 28 42 42 57 34 34 34 61 61 61 51 65 42 65 42 57 57 57 70 61 61 61 51 65 65 79 79 79 70 70 70 61 61 61 88 88 88 65 79 79 70 70 70 97 97 97 88 88 88 79 79 79 106 106 106 97 97 97 88 88 88 115 115 115 106 106 106 97 97 97 124 124 124 115 115 115 106 106 120 120 134 134 134 135 124 115 115 141 141 143 143 120 120 134 135 135 6 6 6 141 141 141 143 
  Facilities: 23
 6 : 5 6 17 18 137 138 139
 12 : 11 13 23 24 25
 20 : 7 9 19 20 21 32
 25 : 12 14 26 36 37
 28 : 15 16 27 28 29 39 40 41
 34 : 22 33 34 35 45 46 47
 42 : 30 31 42 43 53 55
 51 : 38 51 63
 57 : 44 56 57 58
 61 : 48 49 50 60 61 62 72 73 74
 65 : 52 54 64 65 78
 70 : 59 69 70 71 81 82 83
 79 : 66 67 68 79 80 90 91 92
 88 : 75 76 77 87 88 89 99 100 101
 97 : 84 85 86 96 97 98 108 109 110
 106 : 93 94 95 105 106 107 117 118
 115 : 102 103 104 114 115 116 126 127
 120 : 119 120 132 133
 124 : 111 112 113 125
 134 : 1 3 121 122 123 134
 135 : 2 4 124 135 136
 141 : 8 10 128 129 140 141 142
 143 : 0 130 131 143
SOLUTION:
  Value: -69200.000000
  Assigns: 1 1 1 136 17 17 6 20 141 20 141 132 1 1 1 28 17 6 17 20 20 20 34 34 37 37 37 28 28 28 43 20 43 34 34 34 37 37 51 28 28 28 43 43 43 34 34 34 37 37 51 51 65 65 43 43 67 70 70 70 73 73 73 51 65 65 65 67 67 70 70 70 73 73 73 88 88 88 65 67 67 70 70 70 73 73 73 88 88 88 103 103 103 106 106 106 108 108 111 88 88 88 103 103 103 116 106 108 108 108 111 111 111 125 103 103 103 106 106 108 132 132 111 136 125 136 125 116 141 141 141 132 132 132 1 136 136 6 6 6 141 141 141 132 
  Facilities: 23
 1 : 0 1 2 12 13 14 134
 6 : 6 17 137 138 139
 17 : 4 5 16 18
 20 : 7 9 19 20 21 31
 28 : 15 27 28 29 39 40 41
 34 : 22 23 33 34 35 45 46 47
 37 : 24 25 26 36 37 48 49
 43 : 30 32 42 43 44 54 55
 51 : 38 50 51 63
 65 : 52 53 64 65 66 78
 67 : 56 67 68 79 80
 70 : 57 58 59 69 70 71 81 82 83
 73 : 60 61 62 72 73 74 84 85 86
 88 : 75 76 77 87 88 89 99 100 101
 103 : 90 91 92 102 103 104 114 115 116
 106 : 93 94 95 106 117 118
 108 : 96 97 107 108 109 119
 111 : 98 110 111 112 122
 116 : 105 127
 125 : 113 124 126
 132 : 11 120 121 131 132 133 143
 136 : 3 123 125 135 136
 141 : 8 10 128 129 130 140 141 142
SOLUTION:
  Value: -72148.000000
  Assigns: 12 134 135 134 135 4 6 20 141 20 141 12 25 12 25 4 4 6 6 20 20 20 34 12 12 12 25 28 28 28 42 42 45 34 34 34 25 25 51 28 28 28 42 42 45 34 45 34 61 61 61 51 65 42 65 42 45 70 45 70 61 61 61 51 65 65 79 79 79 70 70 70 61 61 61 88 88 88 65 79 79 70 70 70 97 97 97 88 88 88 79 79 79 106 106 106 97 97 97 88 88 88 115 115 115 106 106 106 97 97 97 112 112 125 115 115 115 106 106 120 120 134 134 112 125 112 125 115 141 141 141 120 120 120 134 4 135 6 6 6 141 141 141 120 
  Facilities: 24
 4 : 5 15 16 135
 6 : 6 17 18 137 138 139
 12 : 0 11 13 23 24 25
 20 : 7 9 19 20 21
 25 : 12 14 26 36 37
 28 : 27 28 29 39 40 41
 34 : 22 33 34 35 45 47
 42 : 30 31 42 43 53 55
 45 : 32 44 46 56 58
 51 : 38 51 63
 61 : 48 49 50 60 61 62 72 73 74
 65 : 52 54 64 65 78
 70 : 57 59 69 70 71 81 82 83
 79 : 66 67 68 79 80 90 91 92
 88 : 75 76 77 87 88 89 99 100 101
 97 : 84 85 86 96 97 98 108 109 110
 106 : 93 94 95 105 106 107 117 118
 112 : 111 112 123 125
 115 : 102 103 104 114 115 116 127
 120 : 119 120 131 132 133 143
 125 : 113 124 126
 134 : 1 3 121 122 134
 135 : 2 4 136
 141 : 8 10 128 129 130 140 141 142
