# Time: 144.869995
# Elapsed: 29.859007
# Input_file: splp/Fpp17/10FPP_17S.txt
# Pool_size: 1000
# Iterations: 67
# Final_solutions: 65307
# Vision_range: 0
# Reduction_mode: REDUCTION_RANDOM
SOLUTION:
  Value: -168264.000000
  Assigns: 143 265 154 267 147 208 158 212 40 10 0 214 164 283 266 154 240 160 8 283 223 160 23 293 288 40 149 42 29 172 23 154 184 172 258 305 265 0 177 29 40 73 266 0 273 197 46 10 5 172 40 8 84 176 197 0 46 209 73 283 149 213 267 266 288 208 23 99 273 208 102 214 224 216 213 214 108 40 283 42 283 224 234 46 223 224 209 102 10 46 122 214 244 216 183 88 301 42 99 99 305 244 0 104 0 244 23 122 197 5 8 234 102 265 104 267 73 149 40 208 42 122 154 40 213 23 269 216 160 46 273 29 147 29 149 224 288 152 277 154 172 293 40 143 42 177 269 147 46 164 293 240 184 305 293 0 73 102 301 149 160 176 177 164 154 122 305 160 0 5 160 164 172 5 10 176 176 177 23 172 102 213 183 183 0 102 149 104 277 152 183 154 88 208 184 210 197 154 143 214 122 164 234 99 102 122 102 197 208 154 46 212 108 176 177 160 209 210 208 234 183 214 212 223 122 147 8 149 10 244 46 176 149 223 70 267 158 269 160 240 197 23 164 244 244 277 209 29 84 147 172 208 267 216 176 172 288 214 40 216 158 224 277 99 46 265 266 184 84 269 102 234 265 266 172 0 269 277 223 224 5 177 283 99 277 183 122 209 184 234 122 213 209 283 216 212 213 5 23 197 301 197 224 293 267 305 88 
  Facilities: 56
 0 : 10 37 43 55 102 104 155 168 184 275
 5 : 48 109 169 173 280 297
 8 : 18 51 110 226
 10 : 9 47 88 174 228
 23 : 22 30 66 106 125 178 241 298
 29 : 28 39 131 133 247
 40 : 8 25 40 50 77 118 123 142 258
 42 : 27 79 97 120 144
 46 : 46 56 83 89 129 148 210 230 264
 70 : 234
 73 : 41 58 116 156
 84 : 52 248 268
 88 : 95 192 306
 99 : 67 98 99 203 263 283
 102 : 70 87 112 157 180 185 204 206 270
 104 : 103 114 187
 108 : 76 212
 122 : 90 107 121 165 200 205 224 286 290
 143 : 0 143 198
 147 : 4 132 147 225 249
 149 : 26 60 117 134 159 186 227 232
 152 : 137 189
 154 : 2 15 31 122 139 164 191 197 209
 158 : 6 236 260
 160 : 17 21 128 160 167 170 215 238
 164 : 12 149 163 171 201 242
 172 : 29 33 49 140 172 179 250 255 274
 176 : 53 161 175 176 213 231 254
 177 : 38 145 162 177 214 281
 183 : 94 182 183 190 220 285
 184 : 32 152 194 267 288
 197 : 45 54 108 196 207 240 299 301
 208 : 5 65 69 119 193 208 218 251
 209 : 57 86 216 246 287 292
 210 : 195 217
 212 : 7 211 222 295
 213 : 61 74 124 181 291 296
 214 : 11 71 75 91 199 221 257
 216 : 73 93 127 253 259 294
 223 : 20 84 223 233 278
 224 : 72 81 85 135 261 279 302
 234 : 82 111 202 219 271 289
 240 : 16 151 239
 244 : 92 101 105 229 243 244
 258 : 34
 265 : 1 36 113 265 272
 266 : 14 42 63 266 273
 267 : 3 62 115 235 252 304
 269 : 126 146 237 269 276
 273 : 44 68 130
 277 : 138 188 245 262 277 284
 283 : 13 19 59 78 80 282 293
 288 : 24 64 136 256
 293 : 23 141 150 154 303
 301 : 96 158 300
 305 : 35 100 153 166 305
SOLUTION:
  Value: -168285.000000
  Assigns: 143 271 145 255 207 157 145 271 213 261 99 11 151 218 219 218 219 222 11 271 225 11 145 293 56 168 41 179 151 168 294 255 261 176 258 259 179 0 190 191 179 180 165 6 183 134 189 299 41 6 255 41 304 176 11 178 145 180 58 22 183 213 151 56 216 22 189 99 271 69 70 274 275 216 213 304 165 22 0 168 304 284 225 0 99 228 225 176 293 178 179 180 244 216 299 127 299 129 99 99 189 304 191 255 0 228 69 259 109 261 6 56 127 11 129 11 109 34 261 134 259 244 274 155 213 157 22 127 271 218 219 274 255 165 127 274 259 152 261 56 155 293 157 143 145 145 109 69 180 139 293 152 145 168 293 0 157 189 151 152 299 304 152 178 179 304 11 157 168 258 6 294 187 69 6 190 176 178 168 11 180 213 183 183 216 274 179 180 189 189 191 191 207 183 151 284 228 190 191 189 145 191 165 99 293 168 22 222 165 41 225 109 129 109 207 304 216 139 34 176 56 222 179 255 225 218 189 228 218 127 152 176 222 190 70 225 134 69 134 271 157 139 187 244 259 190 168 145 84 145 207 244 34 216 176 218 152 179 180 216 261 157 225 180 109 258 259 99 84 165 271 261 168 274 275 0 58 222 271 294 176 271 180 284 299 207 11 69 70 304 207 189 293 109 190 191 218 129 299 299 293 218 84 225 304 222 228 
  Facilities: 56
 0 : 37 78 83 104 155 275
 6 : 43 49 110 170 174
 11 : 11 18 21 54 113 115 166 179 286
 18 :
 22 : 59 65 77 126 206
 34 : 117 218 252
 41 : 26 48 51 209
 56 : 24 63 111 139 220
 58 : 58 276
 69 : 69 106 147 173 237 287
 70 : 70 234 288
 84 : 248 268 302
 99 : 10 67 84 98 99 203 267
 109 : 108 116 146 211 213 264 293
 127 : 95 112 127 134 229
 129 : 97 114 212 297
 134 : 45 119 236 238
 139 : 149 217 241
 143 : 0 143
 145 : 2 6 22 56 144 145 152 200 247 249
 151 : 12 28 62 158 194
 152 : 137 151 159 162 230 256
 155 : 123 140
 157 : 5 125 142 156 167 240 261
 165 : 42 76 133 202 208 269
 168 : 25 29 79 153 168 178 205 246 272
 176 : 33 53 87 176 219 231 254 280
 178 : 55 89 163 177
 179 : 27 36 40 90 164 186 222 257
 180 : 41 57 91 148 180 187 258 263 282
 183 : 44 60 182 183 193
 187 : 172 242
 189 : 46 66 100 157 188 189 199 226 291
 190 : 38 175 197 233 245 294
 191 : 39 102 190 191 198 201 295
 207 : 4 192 214 250 285 290
 213 : 8 61 74 124 181
 216 : 64 73 93 184 216 253 259
 218 : 13 15 129 225 228 255 296 301
 219 : 14 16 130
 222 : 17 207 221 232 277 305
 225 : 20 82 86 210 224 235 262 303
 228 : 85 105 196 227 306
 244 : 92 121 243 251
 255 : 3 31 50 103 132 223
 258 : 34 169 265
 259 : 35 107 120 136 244 266
 261 : 9 32 109 118 138 260 271
 271 : 1 7 19 68 128 239 270 278 281
 274 : 71 122 131 135 185 273
 275 : 72 274
 284 : 81 195 283
 293 : 23 88 141 150 154 204 292 300
 294 : 30 171 279
 299 : 47 94 96 160 284 298 299
 304 : 52 75 80 101 161 165 215 289 304
SOLUTION:
  Value: -168288.000000
  Assigns: 143 271 145 255 207 157 145 271 213 261 99 11 151 218 219 218 219 222 11 271 225 11 145 293 56 168 41 179 151 168 294 255 261 176 258 259 179 0 190 191 179 180 165 6 183 134 189 299 41 6 255 41 304 176 11 178 145 180 58 22 183 213 151 56 216 22 189 99 271 69 70 274 275 216 213 304 165 22 0 168 304 82 82 0 99 228 225 176 293 178 179 180 82 216 299 127 299 129 99 99 189 304 191 255 0 228 69 259 109 261 6 56 127 11 129 11 109 34 261 134 259 84 274 155 213 157 22 127 271 218 219 274 255 165 127 274 259 152 261 56 155 293 157 143 145 145 109 69 180 139 293 152 145 168 293 0 157 189 151 152 299 304 152 178 179 304 11 157 168 258 6 294 187 69 6 190 176 178 168 11 180 213 183 183 216 274 179 180 189 189 191 191 207 183 151 284 228 190 191 189 145 191 165 99 293 168 22 222 165 41 225 109 129 109 207 304 216 139 34 176 56 222 179 255 225 218 189 228 218 127 152 176 222 190 70 225 134 69 134 271 157 139 187 275 259 190 168 145 84 145 207 168 34 216 176 218 152 179 180 216 261 157 225 180 109 258 82 99 84 165 271 261 168 274 275 0 58 222 271 294 176 271 180 284 299 207 11 69 70 304 207 189 293 109 190 191 218 129 299 299 293 218 84 225 304 222 228 
  Facilities: 56
 0 : 37 78 83 104 155 275
 6 : 43 49 110 170 174
 11 : 11 18 21 54 113 115 166 179 286
 18 :
 22 : 59 65 77 126 206
 34 : 117 218 252
 41 : 26 48 51 209
 56 : 24 63 111 139 220
 58 : 58 276
 69 : 69 106 147 173 237 287
 70 : 70 234 288
 82 : 81 82 92 266
 84 : 121 248 268 302
 99 : 10 67 84 98 99 203 267
 109 : 108 116 146 211 213 264 293
 127 : 95 112 127 134 229
 129 : 97 114 212 297
 134 : 45 119 236 238
 139 : 149 217 241
 143 : 0 143
 145 : 2 6 22 56 144 145 152 200 247 249
 151 : 12 28 62 158 194
 152 : 137 151 159 162 230 256
 155 : 123 140
 157 : 5 125 142 156 167 240 261
 165 : 42 76 133 202 208 269
 168 : 25 29 79 153 168 178 205 246 251 272
 176 : 33 53 87 176 219 231 254 280
 178 : 55 89 163 177
 179 : 27 36 40 90 164 186 222 257
 180 : 41 57 91 148 180 187 258 263 282
 183 : 44 60 182 183 193
 187 : 172 242
 189 : 46 66 100 157 188 189 199 226 291
 190 : 38 175 197 233 245 294
 191 : 39 102 190 191 198 201 295
 207 : 4 192 214 250 285 290
 213 : 8 61 74 124 181
 216 : 64 73 93 184 216 253 259
 218 : 13 15 129 225 228 255 296 301
 219 : 14 16 130
 222 : 17 207 221 232 277 305
 225 : 20 86 210 224 235 262 303
 228 : 85 105 196 227 306
 255 : 3 31 50 103 132 223
 258 : 34 169 265
 259 : 35 107 120 136 244
 261 : 9 32 109 118 138 260 271
 271 : 1 7 19 68 128 239 270 278 281
 274 : 71 122 131 135 185 273
 275 : 72 243 274
 284 : 195 283
 293 : 23 88 141 150 154 204 292 300
 294 : 30 171 279
 299 : 47 94 96 160 284 298 299
 304 : 52 75 80 101 161 165 215 289 304
SOLUTION:
  Value: -168294.000000
  Assigns: 143 271 299 146 233 6 95 146 160 233 153 263 151 237 153 285 6 160 8 271 249 160 292 293 163 249 290 116 233 172 153 301 47 172 35 67 300 160 38 263 245 73 185 6 273 197 47 299 300 172 7 256 67 85 143 55 285 196 73 49 92 290 7 8 153 188 290 156 292 293 71 71 301 73 163 299 300 301 110 284 285 71 287 76 6 7 289 290 293 121 7 92 92 38 95 95 185 300 55 188 115 116 92 118 67 95 245 196 71 7 55 263 8 256 237 115 73 256 35 76 121 153 115 116 156 118 71 49 160 92 47 163 271 55 273 92 151 289 290 35 172 293 285 143 233 146 285 92 287 292 293 49 184 49 76 118 245 55 301 55 299 284 301 85 121 110 289 160 85 292 6 116 187 71 6 71 299 300 95 96 76 171 271 146 185 185 187 85 188 85 205 184 114 38 92 188 196 114 287 116 163 146 47 292 197 237 196 197 171 172 299 47 205 49 110 160 114 249 163 55 116 184 237 121 146 188 171 172 185 146 245 47 233 233 249 71 153 237 160 271 76 163 187 233 245 245 163 237 146 171 146 96 197 35 171 256 249 289 273 249 205 293 263 256 96 47 188 184 185 301 271 188 287 118 237 171 233 292 271 115 237 271 7 284 299 285 118 287 245 290 188 292 249 293 287 285 289 287 299 289 196 197 292 293 249 121 263 
  Facilities: 56
 6 : 5 16 43 84 170 174
 7 : 50 62 85 90 109 282
 8 : 18 63 112
 35 : 34 118 139 253
 38 : 38 93 193
 47 : 32 46 130 202 211 231 265
 49 : 59 127 151 153 213
 55 : 55 98 110 133 157 159 219
 67 : 35 52 104
 71 : 70 71 81 108 126 173 175 235
 73 : 41 58 73 116
 76 : 83 119 154 180 240
 85 : 53 163 168 187 189
 92 : 60 91 92 102 129 135 147 194
 95 : 6 94 95 105 178
 96 : 179 251 264
 110 : 78 165 214
 114 : 192 197 216
 115 : 100 115 122 279
 116 : 27 101 123 171 199 220
 118 : 103 125 155 273 286
 121 : 89 120 164 223 305
 143 : 0 54 143
 146 : 3 7 145 183 201 224 229 248 250
 151 : 12 136
 153 : 10 14 30 64 121 236
 156 : 67 124
 160 : 8 17 21 37 128 167 215 238
 163 : 24 74 131 200 218 241 246
 171 : 181 208 226 249 254 275
 172 : 29 33 49 140 209 227
 184 : 152 191 221 267
 185 : 42 96 184 185 228 268
 187 : 172 186 242
 188 : 65 99 188 195 225 266 271 290
 196 : 57 107 196 206 300
 197 : 45 204 207 252 301
 205 : 190 212 260
 233 : 4 9 28 144 232 233 243 276
 237 : 13 114 205 222 237 247 274 280
 245 : 40 106 156 230 244 245 288
 249 : 20 25 217 234 256 259 292 304
 256 : 51 113 117 255 263
 263 : 11 39 111 262 306
 271 : 1 19 132 182 239 270 278 281
 273 : 44 134 258
 284 : 79 161 283
 285 : 15 56 80 142 146 285 295
 287 : 82 148 198 272 287 294 297
 289 : 86 137 166 257 296 299
 290 : 26 61 66 87 138 289
 292 : 22 68 149 169 203 277 291 302
 293 : 23 69 88 141 150 261 293 303
 299 : 2 47 75 160 176 210 284 298
 300 : 36 48 76 97 177
 301 : 31 72 77 158 162 269
SOLUTION:
  Value: -171284.000000
  Assigns: 143 2 207 18 207 5 95 212 237 2 11 11 5 237 266 154 17 17 11 19 225 11 225 252 276 18 41 170 252 168 294 170 237 257 298 178 241 266 241 268 72 41 43 43 268 77 298 252 5 252 43 41 84 53 11 178 49 2 90 49 53 266 19 268 216 268 11 99 191 298 102 276 65 216 19 90 77 77 79 168 95 74 82 5 99 2 209 102 120 90 90 296 82 216 11 95 53 98 55 99 63 18 241 103 2 95 99 5 98 252 55 143 102 11 257 72 268 74 241 82 77 19 18 19 276 82 89 120 143 252 120 53 89 90 257 98 225 82 55 154 140 63 143 143 296 90 103 110 237 164 140 49 115 49 154 53 156 55 115 55 123 154 79 178 154 82 2 65 168 5 2 294 187 90 164 11 72 178 178 77 170 103 99 79 216 17 84 19 110 5 191 154 207 156 187 11 41 154 43 156 98 164 98 99 102 103 123 103 53 154 203 43 110 170 110 137 216 53 63 209 2 53 120 216 225 123 216 43 191 74 187 63 77 178 79 225 72 237 74 137 241 241 74 79 140 77 168 79 170 65 207 252 209 216 90 212 178 257 103 216 156 43 98 99 257 187 82 212 84 191 115 103 170 266 237 120 266 2 241 115 5 63 178 99 120 207 11 209 120 252 207 123 209 294 110 140 241 5 143 115 82 137 84 296 120 298 296 
  Facilities: 57
 2 : 1 9 57 85 104 166 170 220 277
 5 : 5 12 48 83 107 169 189 280 297
 11 : 10 11 18 21 54 66 94 113 175 195 286
 17 : 16 17 185
 18 : 3 25 101 122
 19 : 19 62 74 121 123 187
 41 : 26 41 51 196
 43 : 42 43 50 198 211 227 261
 49 : 56 59 151 153
 53 : 53 60 96 131 155 208 217 221
 55 : 98 110 138 157 159
 63 : 100 141 218 231 281
 65 : 72 167 249
 72 : 40 115 176 236
 74 : 81 117 229 238 242
 77 : 45 76 77 120 179 232 245
 79 : 78 162 183 234 243 247
 82 : 82 92 119 125 137 165 266 300
 84 : 52 186 268 302
 89 : 126 132
 90 : 58 75 89 90 133 145 173 254
 95 : 6 80 95 105
 98 : 97 108 135 200 202 262
 99 : 67 84 99 106 182 203 263 283
 102 : 70 87 112 204
 103 : 103 146 181 205 207 258 271
 110 : 147 188 212 214 294
 115 : 152 158 270 279 299
 120 : 88 127 130 222 275 284 288 304
 123 : 160 206 225 291
 137 : 215 239 301
 140 : 140 150 244 295
 143 : 0 111 128 142 143 298
 154 : 15 139 154 161 164 191 197 209
 156 : 156 193 199 260
 164 : 149 174 201
 168 : 29 79 168 246
 170 : 27 31 180 213 248 272
 178 : 35 55 163 177 178 233 256 282
 187 : 172 194 230 265
 191 : 68 190 228 269
 203 : 210
 207 : 2 4 192 250 285 290
 209 : 86 219 252 287 292
 212 : 7 255 267
 216 : 64 73 93 184 216 223 226 253 259
 225 : 20 22 136 224 235
 237 : 8 13 32 148 237 274
 241 : 36 38 102 118 240 241 278 296
 252 : 23 28 47 49 109 129 251 289
 257 : 33 114 134 257 264
 266 : 14 37 61 273 276
 268 : 39 44 63 65 116
 276 : 24 71 124
 294 : 30 171 293
 296 : 91 144 303 306
 298 : 34 46 69 305
SOLUTION:
  Value: -174237.000000
  Assigns: 139 230 231 227 143 157 276 39 305 279 99 235 282 277 217 104 240 32 157 243 21 21 54 175 276 230 19 42 231 168 45 32 235 172 258 305 265 240 39 32 179 73 185 295 45 197 39 48 191 172 139 256 175 54 197 279 71 146 73 288 92 54 185 215 288 217 295 99 191 69 71 276 195 212 19 32 228 92 167 168 169 71 83 235 99 42 118 230 227 228 179 230 92 83 39 247 185 42 99 99 303 133 92 118 136 228 69 230 197 99 32 143 235 256 104 32 73 256 133 258 42 19 39 19 247 157 215 279 73 92 282 48 133 276 32 136 136 169 139 282 172 39 157 295 42 146 146 92 163 45 48 303 295 168 277 118 157 172 247 104 160 83 163 195 303 197 305 160 168 169 92 69 172 71 19 71 21 167 168 169 195 181 305 215 185 175 179 19 133 179 191 181 185 282 92 195 197 212 191 231 163 191 195 99 197 168 295 197 104 45 167 133 227 228 303 215 217 139 175 136 235 143 54 39 146 215 71 227 185 45 231 231 48 69 227 157 181 69 160 21 136 139 187 243 276 277 168 169 146 212 243 83 197 175 217 256 92 179 175 157 217 157 179 256 227 265 256 212 104 167 187 228 265 118 172 197 277 240 235 279 295 282 227 99 277 181 118 288 303 279 247 136 282 215 139 295 21 195 143 197 217 197 295 139 136 227 228 
  Facilities: 58
 19 : 26 74 121 123 174 187
 21 : 20 21 176 239 296
 32 : 17 31 39 75 110 115 134
 39 : 7 38 46 94 122 141 223
 42 : 27 85 97 120 144
 45 : 30 44 149 209 229
 48 : 47 131 150 232
 54 : 22 53 61 222
 69 : 69 106 171 233 237
 71 : 56 70 81 173 175 226
 73 : 41 58 116 128
 83 : 82 93 161 251
 92 : 60 77 92 102 129 147 170 194 256
 99 : 10 67 84 98 99 109 203 283
 104 : 15 114 159 208 268
 118 : 86 103 155 273 286
 133 : 101 118 132 188 211
 136 : 104 135 136 219 240 291 304
 139 : 0 50 138 217 241 294 303
 143 : 4 111 221 298
 146 : 57 145 146 224 248
 157 : 5 18 125 142 156 235 259 261
 160 : 160 167 238
 163 : 148 162 200
 167 : 78 177 210 269
 168 : 29 79 153 168 178 205 246
 169 : 80 137 169 179 247
 172 : 33 49 140 157 172 274
 175 : 23 52 185 218 253 258
 179 : 40 90 186 189 257 262
 181 : 181 191 236 285
 185 : 42 62 96 184 192 228
 187 : 242 270
 191 : 48 68 190 198 201
 195 : 72 163 180 195 202 297
 197 : 45 54 108 165 196 204 207 252 275 299 301
 212 : 73 197 249 267
 215 : 63 126 183 215 225 293
 217 : 14 65 216 254 260 300
 227 : 3 88 212 227 234 264 282 305
 228 : 76 89 105 213 271 306
 230 : 1 25 87 91 107
 231 : 2 28 199 230 231
 235 : 11 32 83 112 220 278
 240 : 16 37 277
 243 : 19 243 250
 247 : 95 124 158 290
 256 : 51 113 117 255 263 266
 258 : 34 119
 265 : 36 265 272
 276 : 6 24 71 133 244
 277 : 13 154 245 276 284
 279 : 9 55 127 279 289
 282 : 12 130 139 193 281 292
 288 : 59 64 287
 295 : 43 66 143 152 206 280 295 302
 303 : 100 151 164 214 288
 305 : 8 35 166 182
SOLUTION:
  Value: -174244.000000
  Assigns: 139 230 231 227 143 157 276 39 305 279 99 235 282 277 217 104 240 32 157 243 21 21 54 175 276 230 19 42 231 168 45 32 235 172 258 305 265 240 39 32 179 73 185 295 45 197 39 48 191 172 139 256 175 54 197 279 71 146 73 288 92 54 185 215 288 217 295 99 191 69 71 276 195 212 19 32 228 92 167 168 169 71 45 235 99 42 118 230 227 228 179 230 92 245 39 247 185 42 99 99 303 133 92 118 136 228 69 230 197 99 32 143 235 256 104 32 73 256 133 258 42 19 39 19 247 157 215 279 73 92 282 48 133 276 32 136 136 169 139 282 172 39 157 295 42 146 146 92 163 45 48 303 295 168 277 118 245 172 247 104 160 118 163 195 303 197 305 160 168 169 92 69 172 71 19 71 21 167 168 169 195 181 305 215 185 175 179 19 133 179 191 181 185 282 92 195 197 212 191 231 163 191 195 99 197 168 295 197 104 45 167 133 227 228 303 215 217 139 175 136 235 143 54 39 146 215 71 227 185 45 231 231 48 69 227 157 181 69 160 21 136 139 187 243 245 277 168 169 146 212 243 168 197 175 217 256 92 179 175 157 217 157 179 256 227 265 256 212 104 167 187 228 265 118 172 197 277 240 235 279 295 282 227 99 277 181 118 288 303 279 247 136 282 215 139 295 21 195 143 197 217 197 295 139 136 227 228 
  Facilities: 58
 19 : 26 74 121 123 174 187
 21 : 20 21 176 239 296
 32 : 17 31 39 75 110 115 134
 39 : 7 38 46 94 122 141 223
 42 : 27 85 97 120 144
 45 : 30 44 82 149 209 229
 48 : 47 131 150 232
 54 : 22 53 61 222
 69 : 69 106 171 233 237
 71 : 56 70 81 173 175 226
 73 : 41 58 116 128
 92 : 60 77 92 102 129 147 170 194 256
 99 : 10 67 84 98 99 109 203 283
 104 : 15 114 159 208 268
 118 : 86 103 155 161 273 286
 133 : 101 118 132 188 211
 136 : 104 135 136 219 240 291 304
 139 : 0 50 138 217 241 294 303
 143 : 4 111 221 298
 146 : 57 145 146 224 248
 157 : 5 18 125 142 235 259 261
 160 : 160 167 238
 163 : 148 162 200
 167 : 78 177 210 269
 168 : 29 79 153 168 178 205 246 251
 169 : 80 137 169 179 247
 172 : 33 49 140 157 172 274
 175 : 23 52 185 218 253 258
 179 : 40 90 186 189 257 262
 181 : 181 191 236 285
 185 : 42 62 96 184 192 228
 187 : 242 270
 191 : 48 68 190 198 201
 195 : 72 163 180 195 202 297
 197 : 45 54 108 165 196 204 207 252 275 299 301
 212 : 73 197 249 267
 215 : 63 126 183 215 225 293
 217 : 14 65 216 254 260 300
 227 : 3 88 212 227 234 264 282 305
 228 : 76 89 105 213 271 306
 230 : 1 25 87 91 107
 231 : 2 28 199 230 231
 235 : 11 32 83 112 220 278
 240 : 16 37 277
 243 : 19 243 250
 245 : 93 156 244
 247 : 95 124 158 290
 256 : 51 113 117 255 263 266
 258 : 34 119
 265 : 36 265 272
 276 : 6 24 71 133
 277 : 13 154 245 276 284
 279 : 9 55 127 279 289
 282 : 12 130 139 193 281 292
 288 : 59 64 287
 295 : 43 66 143 152 206 280 295 302
 303 : 100 151 164 214 288
 305 : 8 35 166 182
SOLUTION:
  Value: -174248.000000
  Assigns: 143 253 154 267 147 208 158 212 40 10 0 214 164 283 266 154 240 160 50 283 223 160 174 293 288 40 149 42 151 172 23 154 184 172 258 158 265 0 177 40 40 184 266 0 183 197 46 10 277 50 50 174 84 176 197 0 46 50 197 283 149 93 267 266 288 208 23 99 211 208 102 214 211 216 197 214 108 40 283 168 283 82 82 46 223 224 209 102 10 46 122 214 93 216 183 88 53 42 99 99 93 224 0 306 0 50 23 122 197 26 253 234 102 265 253 267 205 149 40 208 42 122 211 40 267 82 269 216 160 46 26 283 147 50 149 136 136 152 277 154 172 293 40 136 42 177 269 147 46 164 293 240 184 168 293 0 149 102 151 149 160 176 177 164 154 122 88 160 0 184 160 164 172 136 10 176 176 177 23 211 102 174 183 183 0 102 149 177 151 152 26 154 88 208 151 93 197 154 143 214 122 164 234 99 102 168 102 197 208 154 46 174 108 176 136 160 209 53 208 234 183 214 212 223 122 147 122 149 10 151 46 176 149 223 70 267 158 269 160 240 136 23 164 88 234 277 168 164 93 147 172 208 267 216 176 172 288 214 40 216 158 93 277 99 46 265 266 184 84 269 102 234 265 266 172 0 269 277 223 224 176 177 283 99 277 183 122 209 184 211 122 306 209 283 216 212 253 214 23 197 293 197 224 293 267 306 88 
  Facilities: 58
 0 : 10 37 43 55 102 104 155 168 184 275
 10 : 9 47 88 174 228
 23 : 30 66 106 178 241 298
 26 : 109 130 190
 40 : 8 25 39 40 77 118 123 142 258
 42 : 27 97 120 144
 46 : 46 56 83 89 129 148 210 230 264
 50 : 18 49 50 57 105 133
 53 : 96 217
 70 : 234
 82 : 81 82 125
 84 : 52 268
 88 : 95 166 192 243 306
 93 : 61 92 100 195 248 261
 99 : 67 98 99 203 263 283
 102 : 70 87 112 157 180 185 204 206 270
 108 : 76 212
 122 : 90 107 121 165 200 224 226 286 290
 136 : 135 136 143 173 214 240
 143 : 0 198
 147 : 4 132 147 225 249
 149 : 26 60 117 134 156 159 186 227 232
 151 : 28 158 188 194 229
 152 : 137 189
 154 : 2 15 31 139 164 191 197 209
 158 : 6 35 236 260
 160 : 17 21 128 160 167 170 215 238
 164 : 12 149 163 171 201 242 247
 168 : 79 153 205 246
 172 : 29 33 140 172 250 255 274
 174 : 22 51 181 211
 176 : 53 161 175 176 213 231 254 280
 177 : 38 145 162 177 187 281
 183 : 44 94 182 183 220 285
 184 : 32 41 152 169 267 288
 197 : 45 54 58 74 108 196 207 299 301
 205 : 116
 208 : 5 65 69 119 193 208 218 251
 209 : 86 216 287 292
 211 : 68 72 122 179 289
 212 : 7 222 295
 214 : 11 71 75 91 199 221 257 297
 216 : 73 93 127 253 259 294
 223 : 20 84 223 233 278
 224 : 85 101 279 302
 234 : 111 202 219 244 271
 240 : 16 151 239
 253 : 1 110 114 296
 258 : 34
 265 : 36 113 265 272
 266 : 14 42 63 266 273
 267 : 3 62 115 124 235 252 304
 269 : 126 146 237 269 276
 277 : 48 138 245 262 277 284
 283 : 13 19 59 78 80 131 282 293
 288 : 24 64 256
 293 : 23 141 150 154 300 303
 306 : 103 291 305
SOLUTION:
  Value: -174257.000000
  Assigns: 1 230 254 126 156 20 230 212 9 214 239 214 151 283 266 154 105 156 242 20 20 160 246 38 248 230 255 150 151 234 119 31 47 156 298 305 239 266 31 242 245 73 266 166 1 38 47 299 38 201 255 194 204 305 193 56 208 180 201 283 212 150 214 266 27 208 56 156 61 298 27 61 87 212 298 299 305 166 221 1 283 38 221 206 1 42 87 230 231 212 47 214 9 298 299 234 299 42 221 242 63 94 254 20 136 105 245 230 231 248 27 234 105 9 146 105 73 206 119 208 42 153 154 246 87 126 119 266 160 27 87 94 255 31 56 136 136 94 277 154 140 63 87 136 61 146 146 140 105 164 140 151 153 305 277 298 245 150 151 248 150 193 194 164 154 254 305 160 183 126 171 164 187 9 164 20 299 94 193 194 180 171 183 183 20 1 187 180 151 87 183 154 193 156 151 31 94 154 94 214 201 164 234 204 126 150 221 239 208 154 299 201 212 206 136 160 206 180 208 1 56 214 237 255 146 61 171 9 150 151 231 47 154 150 234 180 153 237 20 239 136 242 87 206 140 277 239 63 146 171 146 87 242 246 150 87 38 214 94 204 42 254 94 180 221 47 164 212 231 105 187 87 194 266 237 171 277 277 94 61 237 63 180 119 201 183 231 204 245 246 126 136 214 283 126 212 194 254 299 299 136 246 27 119 221 150 31 
  Facilities: 58
 1 : 0 44 79 84 185 219
 9 : 8 92 113 173 227
 20 : 5 19 20 103 175 184 238
 27 : 64 70 110 129 302
 31 : 31 38 133 195 306
 38 : 23 45 48 81 256
 42 : 85 97 120 260
 47 : 32 46 90 231 265
 56 : 55 66 134 220
 61 : 68 71 144 225 279
 63 : 100 141 247 281
 73 : 41 116
 87 : 72 86 124 130 142 189 242 251 255 271
 94 : 101 131 137 177 196 198 258 262 278
 105 : 16 105 112 115 148 269
 119 : 30 118 126 283 303
 126 : 3 125 169 204 290 294
 136 : 104 135 136 143 214 240 291 300
 140 : 140 147 150 244
 146 : 114 145 146 224 248 250
 150 : 27 61 157 160 205 228 233 254 305
 151 : 12 28 151 158 188 194 229
 153 : 121 152 236
 154 : 15 122 139 164 191 197 209 232
 156 : 4 17 33 67 193
 160 : 21 128 167 215
 164 : 149 163 171 174 201 266
 166 : 43 77
 171 : 170 181 226 249 275
 180 : 57 180 187 217 235 263 282
 183 : 168 182 183 190 285
 187 : 172 186 270
 193 : 54 161 178 192
 194 : 51 162 179 272 296
 201 : 49 58 200 211 284
 204 : 52 203 259 287
 206 : 83 117 213 216 243
 208 : 56 65 119 208 218
 212 : 7 60 73 89 212 267 295
 214 : 9 11 62 91 199 221 257 292
 221 : 78 82 98 206 264 304
 230 : 1 6 25 87 107
 231 : 88 108 230 268 286
 234 : 29 95 111 202 234
 237 : 222 237 274 280
 239 : 10 36 207 239 246
 242 : 18 39 99 241 252
 245 : 40 106 156 288
 246 : 22 123 253 289 301
 248 : 24 109 159
 254 : 2 102 165 261 297
 255 : 26 50 132 223
 266 : 14 37 42 63 127 273
 277 : 138 154 245 276 277
 283 : 13 59 80 293
 298 : 34 69 74 93 155
 299 : 47 75 94 96 176 210 298 299
 305 : 35 53 76 153 166
SOLUTION:
  Value: -174265.000000
  Assigns: 139 230 272 227 233 20 276 146 272 132 0 216 282 242 153 220 280 222 242 20 272 53 111 166 276 230 115 116 233 168 282 295 235 297 123 299 265 0 241 242 183 184 131 75 183 77 78 4 272 42 173 280 276 85 193 260 56 260 287 4 75 62 214 56 216 97 56 272 100 70 70 276 62 216 75 75 77 77 78 222 95 233 75 235 173 42 118 230 227 241 295 214 124 216 297 85 235 97 20 100 100 116 241 118 0 95 4 97 4 124 111 56 235 265 146 115 131 132 75 242 42 153 115 116 139 42 119 216 118 272 282 131 77 272 97 287 168 260 131 282 97 131 265 295 233 297 269 299 287 139 95 166 295 168 297 118 146 280 297 4 123 124 251 85 0 166 123 124 168 184 115 116 295 118 131 97 299 75 193 124 97 171 183 272 216 217 131 85 4 85 183 184 193 193 111 227 118 42 287 116 193 97 124 235 100 168 295 222 297 166 173 56 227 111 131 132 216 139 233 251 235 222 237 216 146 70 171 242 124 230 193 153 222 233 70 235 153 269 20 184 241 241 78 233 166 235 78 237 146 171 146 214 242 216 217 100 173 214 251 216 217 251 78 295 227 265 111 260 166 269 115 272 265 118 237 171 269 173 235 4 280 97 227 119 299 242 118 119 124 282 235 123 282 75 295 295 132 260 299 131 217 146 295 119 297 222 269 
  Facilities: 58
 0 : 10 37 104 164
 4 : 47 59 106 108 159 188 279
 20 : 5 19 98 238
 42 : 49 85 120 125 197
 53 : 21
 56 : 56 63 66 111 211
 62 : 61 72
 70 : 69 70 225 234
 75 : 43 60 74 75 82 118 177 293
 77 : 45 76 77 132
 78 : 46 78 242 246 262
 85 : 53 95 163 187 189
 95 : 80 105 150
 97 : 65 97 107 134 140 175 180 201 281
 100 : 68 99 100 204 255
 111 : 22 110 194 213 266
 115 : 26 115 122 170 270
 116 : 27 101 123 171 199
 118 : 86 103 128 155 173 196 273 286
 119 : 126 283 287 303
 123 : 34 160 166 291
 124 : 92 109 161 167 179 202 228 288
 131 : 42 116 131 138 141 174 186 214 299
 132 : 9 117 215 296
 139 : 0 124 149 217
 146 : 7 114 156 224 248 250 301
 153 : 14 121 231 236
 166 : 23 151 165 209 244 268
 168 : 29 136 153 168 205
 171 : 181 226 249 275
 173 : 50 84 210 256 277
 183 : 40 44 182 190
 184 : 41 169 191 239
 193 : 54 178 192 193 200 230
 214 : 62 91 251 257
 216 : 11 64 73 93 127 184 216 223 253 259
 217 : 185 254 260 300
 220 : 15
 222 : 17 79 207 221 232 305
 227 : 3 88 195 212 264 282
 230 : 1 25 87 229
 233 : 4 28 81 144 218 233 243
 235 : 32 83 96 112 203 220 235 245 278 290
 237 : 222 247 274
 241 : 38 89 102 240 241
 242 : 13 18 39 119 227 252 285
 251 : 162 219 258 261
 260 : 55 57 137 267 297
 265 : 36 113 142 265 272
 269 : 146 237 269 276 306
 272 : 2 8 20 48 67 129 133 183 271
 276 : 6 24 52 71
 280 : 16 51 157 280
 282 : 12 30 130 139 289 292
 287 : 58 135 148 198
 295 : 31 90 143 152 172 206 263 294 295 302
 297 : 33 94 145 154 158 208 304
 299 : 35 147 176 284 298
