# Time: 143.460007
# Elapsed: 30.003103
# Input_file: splp/Fpp17/5FPP_17S.txt
# Pool_size: 1000
# Iterations: 67
# Final_solutions: 65307
# Vision_range: 0
# Reduction_mode: REDUCTION_RANDOM
SOLUTION:
  Value: -168263.000000
  Assigns: 224 301 154 208 209 5 209 277 23 273 234 154 164 283 29 8 240 10 8 224 10 224 23 23 176 277 149 42 29 172 23 234 184 23 258 240 265 0 177 29 40 244 42 0 183 269 46 10 277 172 40 8 42 277 197 0 88 209 197 288 149 266 265 266 288 154 23 210 273 70 209 214 301 88 213 214 108 40 0 42 223 224 234 40 99 224 209 176 88 212 122 214 244 108 183 184 301 240 88 99 305 244 102 104 0 244 258 5 108 102 8 104 102 70 104 258 73 240 108 208 152 210 265 266 267 214 265 266 143 46 269 29 147 29 223 224 99 152 277 84 283 293 99 266 267 234 147 104 70 149 143 183 152 154 277 0 149 102 158 122 283 154 84 108 164 158 88 160 0 5 293 172 8 5 164 176 265 209 10 172 212 213 214 184 184 102 176 23 84 152 88 223 88 183 184 40 197 212 213 214 122 46 234 99 293 122 42 197 209 154 210 212 108 176 46 172 209 210 208 176 183 143 223 213 40 147 216 149 10 244 223 176 177 223 70 267 158 154 160 84 197 234 164 244 234 208 209 29 84 212 265 266 209 210 176 177 154 73 40 176 223 183 184 208 265 266 102 224 283 269 102 234 273 288 172 265 108 267 293 224 273 244 283 283 277 183 122 277 210 234 212 213 293 210 216 240 213 214 23 244 301 223 265 266 29 305 88 
  Facilities: 56
 0 : 37 43 55 78 104 155 168
 5 : 5 107 169 173
 8 : 15 18 51 110 172
 10 : 17 20 47 178 228
 23 : 8 22 23 30 33 66 187 298
 29 : 14 28 39 131 133 247 304
 40 : 40 50 77 83 195 224 258
 42 : 27 42 52 79 206
 46 : 46 129 201 214
 70 : 69 113 148 234
 73 : 116 257
 84 : 139 162 188 239 248
 88 : 56 73 88 98 166 190 192 306
 99 : 84 99 136 142 203
 102 : 102 109 112 157 185 266 270
 104 : 103 111 114 147
 108 : 76 93 108 118 163 212 276
 122 : 90 159 200 205 286
 143 : 128 150 221
 147 : 132 146 225
 149 : 26 60 149 156 227
 152 : 120 137 152 189
 154 : 2 11 65 153 161 209 237 256
 158 : 158 165 236
 160 : 167 238
 164 : 12 164 174 242
 172 : 29 49 171 179 215 274
 176 : 24 87 175 186 213 219 231 254 259
 177 : 38 232 255
 183 : 44 94 151 193 220 261 285
 184 : 32 95 183 184 194 262
 197 : 54 58 196 207 240
 208 : 3 119 218 245 263
 209 : 4 6 57 70 86 177 208 216 246 252
 210 : 67 121 210 217 253 288 293
 212 : 89 180 197 211 249 290
 213 : 74 181 198 223 291 296
 214 : 71 75 91 125 182 199 297
 216 : 226 294
 223 : 80 134 191 222 230 233 260 301
 224 : 0 19 21 81 85 135 267 279
 234 : 10 31 82 145 202 241 244 271 289
 240 : 16 35 97 117 295
 244 : 41 92 101 105 229 243 281 299
 258 : 34 106 115
 265 : 36 62 122 126 176 250 264 275 302
 266 : 61 63 123 127 143 251 265 303
 267 : 124 144 235 277
 269 : 45 130 269
 273 : 9 68 272 280
 277 : 7 25 48 53 138 154 284 287
 283 : 13 140 160 268 282 283
 288 : 59 64 273
 293 : 141 170 204 278 292
 301 : 1 72 96 300
 305 : 100 305
SOLUTION:
  Value: -168267.000000
  Assigns: 143 301 299 273 233 6 7 7 8 273 153 163 151 6 153 285 6 49 8 271 163 245 292 146 163 249 115 116 233 172 153 301 256 156 49 287 188 289 38 263 55 293 271 6 76 35 47 299 187 172 7 256 67 85 55 284 285 196 263 49 289 76 185 95 293 55 271 156 273 293 85 71 35 196 67 38 76 301 71 284 73 284 285 76 289 7 49 292 293 292 7 8 49 245 95 95 299 300 187 92 115 116 245 96 67 95 249 196 71 110 6 7 8 256 71 116 73 110 35 271 263 38 67 116 114 47 71 49 143 92 273 76 271 55 273 92 151 35 153 171 263 293 285 143 287 67 285 290 300 71 95 49 115 110 76 156 245 114 121 160 160 6 285 153 121 110 156 256 85 114 6 172 8 71 263 7 299 73 171 96 143 171 172 184 184 185 187 85 188 85 6 7 114 38 184 188 285 95 287 95 163 146 47 292 293 237 163 197 153 172 299 300 301 49 171 172 114 49 114 55 118 143 118 55 256 7 8 172 185 146 187 153 233 233 249 67 153 237 160 271 85 163 187 233 76 245 163 92 263 171 95 67 245 35 171 71 256 153 290 95 92 293 160 263 160 187 256 49 300 85 233 116 287 273 196 171 172 292 293 95 237 271 114 115 285 67 118 287 289 187 188 187 188 256 287 285 289 287 6 300 196 146 118 85 249 121 263 
  Facilities: 56
 6 : 5 13 16 43 110 161 170 190 298
 7 : 6 7 50 85 90 111 175 191 225
 8 : 8 18 91 112 172 226
 35 : 45 72 118 137 253
 38 : 38 75 121 193
 47 : 46 125 202
 49 : 17 34 59 86 92 127 151 213 217 267
 55 : 40 54 65 133 219 223
 67 : 52 74 104 122 145 235 251 285
 71 : 71 78 108 114 126 149 173 255
 73 : 80 116 177
 76 : 44 61 76 83 131 154 244
 85 : 53 70 168 187 189 240 269 303
 92 : 99 129 135 247 260
 95 : 63 94 95 105 150 197 199 250 259 279
 96 : 103 179
 110 : 109 117 153 165
 114 : 124 157 169 192 216 218 282
 115 : 26 100 152 283
 116 : 27 101 115 123 271
 118 : 220 222 286 302
 121 : 158 164 305
 143 : 0 128 143 180 221
 146 : 23 201 229 301
 151 : 12 136
 153 : 10 14 30 138 163 208 231 236 257
 156 : 33 67 155 166
 160 : 159 160 238 262 264
 163 : 11 20 24 200 206 241 246
 171 : 139 178 181 214 249 254 275
 172 : 29 49 171 182 209 215 227 276
 184 : 183 184 194
 185 : 62 185 228
 187 : 48 98 186 230 242 265 289 291
 188 : 36 188 195 290 292
 196 : 57 73 107 274 300
 197 : 207
 205 :
 233 : 4 28 232 233 243 270
 237 : 205 237 280
 245 : 21 93 102 156 245 252
 249 : 25 106 234 304
 256 : 32 51 113 167 224 256 266 293
 263 : 39 58 120 140 174 248 263 306
 271 : 19 42 66 119 132 239 281
 273 : 3 9 68 130 134 273
 284 : 55 79 81
 285 : 15 56 82 142 146 162 196 284 295
 287 : 35 144 198 272 287 294 297
 289 : 37 60 84 288 296
 290 : 147 258
 292 : 22 87 89 203 277
 293 : 41 64 69 88 141 204 261 278
 299 : 2 47 96 176 210
 300 : 97 148 211 268 299
 301 : 1 31 77 212
SOLUTION:
  Value: -168274.000000
  Assigns: 152 225 145 18 228 6 258 259 213 41 0 216 155 218 157 218 6 18 18 271 284 22 165 228 56 228 255 179 18 168 259 255 261 34 34 259 179 189 190 244 179 244 271 0 183 274 189 299 187 6 274 275 304 258 143 0 259 58 58 22 183 6 151 152 207 22 11 219 69 70 275 34 275 225 213 218 69 216 41 218 304 284 225 222 99 228 225 176 293 11 213 84 244 216 183 218 219 129 187 304 189 244 191 255 0 22 258 259 109 109 6 56 127 11 129 11 259 34 261 41 152 244 261 275 69 157 127 216 143 129 219 274 271 134 134 258 225 152 34 84 155 293 99 143 145 284 178 69 70 139 143 183 304 168 99 0 299 189 56 191 58 176 84 178 179 304 11 84 168 258 6 134 70 69 6 168 139 99 178 179 180 304 145 176 0 178 176 219 189 152 22 191 109 183 157 11 228 187 213 189 145 99 34 99 293 168 207 152 165 41 127 168 213 109 207 304 216 218 219 176 183 143 179 213 56 41 216 190 191 127 187 127 225 178 179 157 134 69 183 84 157 139 58 165 189 190 168 143 84 145 213 244 284 151 176 255 152 155 180 41 261 218 294 180 109 187 259 189 225 259 271 261 304 109 275 275 58 222 293 294 225 271 275 179 180 207 11 69 70 187 207 189 293 129 216 191 218 219 261 299 145 258 84 11 294 222 228 
  Facilities: 56
 0 : 10 43 55 104 155 184
 6 : 5 16 49 61 110 170 174
 11 : 66 89 113 115 166 195 286 303
 18 : 3 17 18 28
 22 : 21 59 65 105 190
 34 : 33 34 71 117 138 202
 41 : 9 78 119 209 225 259
 56 : 24 111 158 224
 58 : 57 58 160 242 276
 69 : 68 76 124 147 173 237 287
 70 : 69 148 172 288
 84 : 91 139 162 167 239 248 302
 99 : 84 142 154 177 201 203
 109 : 108 109 192 213 264 273
 127 : 112 126 210 229 231
 129 : 97 114 129 293
 134 : 133 134 171 236
 139 : 149 176 241
 143 : 54 128 143 150 221 247
 145 : 2 144 182 200 249 300
 151 : 62 253
 152 : 0 63 120 137 189 207 256
 155 : 12 140 257
 157 : 14 125 194 235 240
 165 : 22 208 243
 168 : 29 153 168 175 205 211 246
 176 : 87 161 183 186 219 254
 178 : 146 163 178 185 233
 179 : 27 36 40 164 179 222 234 283
 180 : 180 258 263 284
 183 : 44 60 94 151 193 220 238
 187 : 48 98 197 230 265 289
 189 : 37 46 100 157 188 199 244 267 291
 190 : 38 227 245
 191 : 102 159 191 228 295
 207 : 64 206 214 285 290
 213 : 8 74 90 198 212 223 250
 216 : 11 77 93 127 216 226 294
 218 : 13 15 75 79 95 217 261 296
 219 : 67 96 130 187 218 297
 222 : 83 277 305
 225 : 1 73 82 86 136 232 268 280
 228 : 4 23 25 85 196 306
 244 : 39 41 92 101 121 251
 255 : 26 31 103 255
 258 : 6 53 106 135 169 301
 259 : 7 30 35 56 107 116 266 269
 261 : 32 118 122 260 271 298
 271 : 19 42 132 270 281
 274 : 45 50 131
 275 : 51 70 72 123 274 275 282
 284 : 20 81 145 252
 293 : 88 141 204 278 292
 294 : 262 279 304
 299 : 47 156 299
 304 : 52 80 99 152 165 181 215 272
SOLUTION:
  Value: -168277.000000
  Assigns: 152 225 145 18 228 6 258 259 213 41 0 216 155 218 157 218 6 18 18 271 284 22 165 228 56 228 255 179 18 168 259 255 261 34 34 259 179 189 190 178 179 56 271 0 183 274 189 299 187 6 274 275 304 258 143 0 259 58 58 22 183 6 151 152 207 22 11 82 69 70 275 34 275 225 213 218 69 216 41 218 304 284 82 222 99 228 225 176 293 11 213 84 82 216 183 218 219 129 187 304 189 58 191 255 0 22 258 259 109 109 6 56 127 11 129 11 259 34 261 41 152 84 261 275 69 157 127 216 143 129 219 274 271 134 134 258 225 152 34 84 155 293 99 143 145 284 178 69 70 139 143 183 304 168 99 0 299 189 56 191 82 176 84 178 179 304 11 84 168 258 6 134 70 69 6 168 139 99 178 179 180 304 145 176 82 178 176 219 189 152 22 191 109 183 157 11 228 187 213 189 145 99 34 99 293 168 207 152 165 41 127 168 213 109 207 304 216 218 219 176 183 143 179 213 56 41 216 190 191 127 187 127 225 178 179 157 134 69 183 84 157 139 58 165 189 190 168 143 84 145 213 168 284 151 176 255 152 155 180 41 261 218 294 180 109 187 259 189 225 259 271 261 304 109 275 275 58 222 293 294 225 271 275 179 180 207 11 69 70 187 207 189 293 129 216 191 218 219 261 299 145 258 84 11 294 222 228 
  Facilities: 56
 0 : 10 43 55 104 155
 6 : 5 16 49 61 110 170 174
 11 : 66 89 113 115 166 195 286 303
 18 : 3 17 18 28
 22 : 21 59 65 105 190
 34 : 33 34 71 117 138 202
 41 : 9 78 119 209 225 259
 56 : 24 41 111 158 224
 58 : 57 58 101 242 276
 69 : 68 76 124 147 173 237 287
 70 : 69 148 172 288
 82 : 67 82 92 160 184
 84 : 91 121 139 162 167 239 248 302
 99 : 84 142 154 177 201 203
 109 : 108 109 192 213 264 273
 127 : 112 126 210 229 231
 129 : 97 114 129 293
 134 : 133 134 171 236
 139 : 149 176 241
 143 : 54 128 143 150 221 247
 145 : 2 144 182 200 249 300
 151 : 62 253
 152 : 0 63 120 137 189 207 256
 155 : 12 140 257
 157 : 14 125 194 235 240
 165 : 22 208 243
 168 : 29 153 168 175 205 211 246 251
 176 : 87 161 183 186 219 254
 178 : 39 146 163 178 185 233
 179 : 27 36 40 164 179 222 234 283
 180 : 180 258 263 284
 183 : 44 60 94 151 193 220 238
 187 : 48 98 197 230 265 289
 189 : 37 46 100 157 188 199 244 267 291
 190 : 38 227 245
 191 : 102 159 191 228 295
 207 : 64 206 214 285 290
 213 : 8 74 90 198 212 223 250
 216 : 11 77 93 127 216 226 294
 218 : 13 15 75 79 95 217 261 296
 219 : 96 130 187 218 297
 222 : 83 277 305
 225 : 1 73 86 136 232 268 280
 228 : 4 23 25 85 196 306
 255 : 26 31 103 255
 258 : 6 53 106 135 169 301
 259 : 7 30 35 56 107 116 266 269
 261 : 32 118 122 260 271 298
 271 : 19 42 132 270 281
 274 : 45 50 131
 275 : 51 70 72 123 274 275 282
 284 : 20 81 145 252
 293 : 88 141 204 278 292
 294 : 262 279 304
 299 : 47 156 299
 304 : 52 80 99 152 165 181 215 272
SOLUTION:
  Value: -171242.000000
  Assigns: 143 90 2 18 209 5 209 212 237 41 11 43 241 102 266 5 268 241 18 19 143 53 225 55 17 18 115 17 18 168 294 120 237 65 49 187 241 266 53 268 55 41 74 43 187 2 298 276 49 252 65 140 276 43 55 207 19 2 90 49 203 266 77 266 207 154 11 82 191 298 209 103 65 225 74 164 77 216 41 72 203 74 82 98 84 237 49 77 120 11 53 123 49 216 11 298 53 90 55 99 252 18 65 103 2 95 63 5 53 252 55 74 102 252 77 11 268 110 241 17 65 43 79 212 276 140 43 90 143 74 120 53 49 90 79 98 53 276 55 84 103 98 99 65 89 90 178 137 65 164 72 49 115 110 99 53 156 2 103 191 5 154 84 120 164 110 156 84 257 65 115 164 17 90 164 120 74 99 123 11 212 77 99 19 82 102 103 276 84 5 191 154 207 89 90 11 41 212 115 95 98 99 203 120 102 168 207 43 209 154 203 168 212 49 207 137 216 53 140 55 2 143 237 5 187 41 216 43 191 11 187 63 77 178 266 17 18 154 74 84 241 241 74 79 207 77 203 63 84 212 95 266 209 98 90 212 154 257 90 41 156 77 294 79 257 187 266 99 268 191 115 103 170 89 90 268 276 2 123 95 237 203 178 115 241 207 203 209 120 187 212 187 137 18 216 191 296 298 143 115 82 137 84 11 294 137 296 
  Facilities: 57
 2 : 2 45 57 104 157 220 277
 5 : 5 15 107 160 189 223
 11 : 10 66 89 94 115 179 195 229 303
 17 : 24 27 119 172 235
 18 : 3 18 25 28 101 236 293
 19 : 19 56 183
 41 : 9 41 78 196 225 259
 43 : 11 43 53 121 126 207 227
 49 : 34 48 59 86 92 132 151 213
 53 : 21 38 90 96 108 131 136 155 217
 55 : 23 40 54 98 110 138 219
 63 : 106 231 247
 65 : 33 50 72 102 120 143 148 169
 72 : 79 150
 74 : 42 74 81 111 129 176 238 242
 77 : 62 76 87 114 181 232 245 261
 79 : 122 134 243 263
 82 : 67 82 184 300
 84 : 84 139 162 167 188 239 248 302
 89 : 144 193 273
 90 : 1 58 97 127 133 145 173 194 254 258 274
 95 : 105 199 250 279
 98 : 83 135 141 200 253
 99 : 99 142 154 177 182 201 267
 102 : 13 112 185 204
 103 : 71 103 140 158 186 271
 110 : 117 153 165
 115 : 26 152 170 198 270 283 299
 120 : 31 88 130 163 175 203 288
 123 : 91 178 278
 137 : 147 215 292 301 305
 140 : 51 125 218
 143 : 0 20 128 221 298
 154 : 65 161 191 209 237 256
 156 : 156 166 260
 164 : 75 149 164 171 174
 168 : 29 205 211
 170 : 272
 178 : 146 233 282
 187 : 35 44 224 230 265 289 291
 191 : 68 159 190 228 269 295
 203 : 60 80 202 210 246 281 286
 207 : 55 64 192 206 214 244 285
 209 : 4 6 70 208 252 287
 212 : 7 123 180 197 212 249 255 290
 216 : 77 93 216 226 294
 225 : 22 73
 237 : 8 32 85 222 280
 241 : 12 17 36 118 240 241 284
 252 : 49 100 109 113
 257 : 168 257 264
 266 : 14 37 61 63 234 251 266
 268 : 16 39 116 268 275
 276 : 47 52 124 137 187 276
 294 : 30 262 304
 296 : 296 306
 298 : 46 69 95 297
SOLUTION:
  Value: -174248.000000
  Assigns: 224 253 154 208 209 208 209 277 23 306 234 154 164 283 266 158 240 10 50 224 10 53 174 23 176 277 149 42 151 172 23 234 184 23 258 240 265 0 177 40 40 42 306 0 183 269 46 10 253 172 253 174 53 277 197 0 88 209 197 288 149 93 265 266 288 154 23 82 211 70 209 214 211 88 197 214 108 40 0 168 223 224 82 40 99 224 209 176 88 212 122 214 93 108 183 184 53 240 88 99 93 253 102 93 26 50 258 108 53 102 253 143 102 70 266 258 205 240 108 82 152 122 265 266 267 214 265 266 143 46 269 283 147 50 223 224 53 152 277 84 283 293 99 266 267 234 136 147 70 149 143 183 152 154 277 0 149 102 158 122 283 154 84 108 164 158 88 160 168 184 293 172 70 205 164 168 93 209 10 211 212 26 214 184 184 102 176 23 84 152 88 223 88 183 184 40 197 212 143 214 122 46 234 99 293 122 42 197 209 154 211 168 108 176 50 172 209 53 211 176 183 253 223 168 40 147 216 149 10 174 223 176 177 223 70 267 158 154 160 84 197 234 205 88 26 208 209 164 84 212 265 266 209 151 176 177 154 174 40 176 223 183 184 208 265 266 102 224 283 269 102 53 108 288 172 265 108 267 293 224 197 177 283 283 277 183 122 277 70 234 253 136 293 283 216 240 253 214 23 197 136 223 265 266 136 306 88 
  Facilities: 58
 0 : 37 43 55 78 155
 10 : 17 20 47 178 228
 23 : 8 23 30 33 66 187 298
 26 : 104 181 244
 40 : 39 40 77 83 195 224 258
 42 : 27 41 206
 46 : 46 129 201
 50 : 18 105 133 214
 53 : 21 52 96 108 136 217 271
 70 : 69 113 148 172 234 288
 82 : 67 82 119
 84 : 139 162 188 239 248
 88 : 56 73 88 98 166 190 192 243 306
 93 : 61 92 100 103 176
 99 : 84 99 142 203
 102 : 102 109 112 157 185 266 270
 108 : 76 93 107 118 163 212 272 276
 122 : 90 121 159 200 205 286
 136 : 146 291 300 304
 143 : 111 128 150 198
 147 : 132 147 225
 149 : 26 60 149 156 227
 151 : 28 253
 152 : 120 137 152 189
 154 : 2 11 65 153 161 209 237 256
 158 : 15 158 165 236
 160 : 167 238
 164 : 12 164 174 247
 168 : 79 168 175 211 223
 172 : 29 49 171 215 274
 174 : 22 51 229 257
 176 : 24 87 186 213 219 231 254 259
 177 : 38 232 255 281
 183 : 44 94 151 193 220 261 285
 184 : 32 95 169 183 184 194 262
 197 : 54 58 74 196 207 240 280 299
 205 : 116 173 242
 208 : 3 5 245 263
 209 : 4 6 57 70 86 177 208 216 246 252
 211 : 68 72 179 210 218
 212 : 89 180 197 249
 214 : 71 75 91 125 182 199 297
 216 : 226 294
 223 : 80 134 191 222 230 233 260 301
 224 : 0 19 81 85 135 267 279
 234 : 10 31 145 202 241 289
 240 : 16 35 97 117 295
 253 : 1 48 50 101 110 221 290 296
 258 : 34 106 115
 265 : 36 62 122 126 250 264 275 302
 266 : 14 63 114 123 127 143 251 265 303
 267 : 124 144 235 277
 269 : 45 130 269
 277 : 7 25 53 138 154 284 287
 283 : 13 131 140 160 268 282 283 293
 288 : 59 64 273
 293 : 141 170 204 278 292
 306 : 9 42 305
SOLUTION:
  Value: -174262.000000
  Assigns: 297 124 272 227 233 269 230 146 131 132 42 100 282 237 166 220 139 241 282 171 20 53 251 146 56 295 115 42 233 168 235 260 171 297 123 124 265 0 70 242 183 42 131 295 183 269 78 276 171 42 193 280 276 85 193 0 280 20 282 4 75 184 265 95 269 217 269 272 220 70 85 214 62 297 75 75 77 282 217 282 70 220 4 222 116 100 118 4 227 241 53 123 124 216 183 95 235 42 241 251 132 116 241 20 119 95 4 97 260 124 111 56 251 70 77 116 131 118 241 119 272 78 20 116 276 214 265 216 280 272 269 220 95 123 124 287 53 280 153 171 97 131 132 295 42 297 235 299 70 272 95 183 115 242 111 53 295 280 173 282 77 193 251 153 0 166 166 124 85 184 115 260 295 95 119 168 139 75 171 75 97 77 214 184 184 217 131 276 20 85 222 184 193 183 184 227 118 42 287 95 193 123 119 193 100 168 42 124 153 166 173 56 227 214 171 132 216 53 116 220 118 166 118 168 56 70 216 242 260 230 62 153 77 233 70 131 193 237 183 75 233 139 242 75 276 77 62 237 280 171 265 241 242 85 70 100 173 153 251 75 260 77 184 295 265 297 111 282 100 269 233 116 235 171 119 173 193 222 123 111 237 282 272 115 241 242 118 287 124 282 280 123 214 75 216 217 132 193 220 115 217 146 118 260 297 227 269 
  Facilities: 58
 0 : 37 55 164
 4 : 59 82 87 106
 20 : 20 57 103 122 188
 42 : 10 27 41 49 97 144 197 206
 53 : 21 90 136 155 217
 56 : 24 111 211 224
 62 : 72 230 246
 70 : 38 69 80 113 148 225 234 254
 75 : 60 74 75 177 179 239 243 259 293
 77 : 76 114 160 181 232 245 261
 78 : 46 121
 85 : 53 70 168 189 253
 95 : 63 95 105 132 150 173 199
 97 : 107 140 180
 100 : 11 85 204 255 268
 111 : 110 154 266 279
 115 : 26 152 170 283 299
 116 : 84 101 115 123 218 271
 118 : 86 117 196 220 222 286 302
 119 : 104 119 174 202 274
 123 : 34 91 133 201 278 291
 124 : 1 35 92 109 134 167 207 288
 131 : 8 42 116 141 186 235
 132 : 9 100 142 215 296
 139 : 16 176 241
 146 : 7 23 301
 153 : 138 163 208 231 257
 166 : 14 165 166 209 221
 168 : 29 175 205 223
 171 : 19 32 48 139 178 214 249 273
 173 : 158 210 256 275
 183 : 40 44 94 151 193 238
 184 : 61 169 183 184 191 194 262
 193 : 50 54 161 192 200 203 236 276 297
 214 : 71 125 182 213 292
 216 : 93 127 216 226 294
 217 : 65 78 185 295 300
 220 : 15 68 81 131 219 298
 222 : 83 190 277
 227 : 3 88 195 212 305
 230 : 6 229
 233 : 4 28 233 240 270
 235 : 30 96 146 272
 237 : 13 237 247 280
 241 : 17 89 98 102 118 251 284
 242 : 39 153 227 242 252 285
 251 : 22 99 112 162 258
 260 : 31 108 171 228 260 303
 265 : 36 62 126 250 264
 269 : 5 45 64 66 130 269 306
 272 : 2 67 120 129 149 282
 276 : 47 52 124 187 244
 280 : 51 56 128 137 157 248 290
 282 : 12 18 58 77 79 159 267 281 289
 287 : 135 198 287
 295 : 25 43 143 156 172 263
 297 : 0 33 73 145 265 304
 299 : 147
SOLUTION:
  Value: -174263.000000
  Assigns: 297 301 272 4 233 229 230 96 131 132 42 100 282 216 153 158 139 241 282 158 223 53 54 38 56 295 229 59 233 19 235 295 171 297 34 158 265 242 38 54 243 42 194 295 34 38 78 276 200 42 193 194 276 54 193 194 56 200 282 4 75 54 265 53 96 97 59 272 220 70 222 214 211 297 75 38 77 282 230 282 223 220 4 222 116 100 118 4 211 241 53 123 295 216 297 96 235 42 241 242 243 116 241 96 119 194 229 97 4 54 233 56 235 70 77 116 131 34 241 119 272 78 265 116 276 214 265 216 118 272 52 220 147 96 97 52 53 276 153 171 97 156 132 295 42 297 147 147 70 164 140 96 115 242 297 53 295 147 158 282 77 193 194 59 164 158 156 199 131 292 115 164 295 118 164 132 139 75 171 96 97 77 214 19 147 200 131 276 4 34 222 223 193 38 116 158 118 229 115 200 96 194 119 292 194 220 42 200 153 54 211 56 301 214 171 132 216 53 54 220 118 222 118 59 56 147 216 242 243 230 223 153 77 233 70 131 193 200 54 75 233 139 140 200 276 77 78 164 211 171 265 241 242 243 86 100 38 153 156 75 223 77 158 295 265 297 223 282 164 214 86 116 235 171 119 265 193 199 200 272 243 282 272 115 229 242 118 132 70 282 235 123 214 75 216 140 132 193 194 115 301 223 118 199 200 295 223 
  Facilities: 58
 4 : 3 59 82 87 108 188
 19 : 29 183
 34 : 34 44 117 189
 38 : 23 38 45 75 193 256
 42 : 10 41 49 97 144 206
 52 : 130 135
 53 : 21 63 90 136 155 217
 54 : 22 39 53 61 109 209 218 238
 56 : 24 56 111 211 224
 59 : 27 66 163 223
 70 : 69 113 148 234 288
 75 : 60 74 177 239 259 293
 77 : 76 114 160 181 232 245 261
 78 : 46 121 246
 86 : 254 270
 96 : 7 64 95 103 133 151 179 200
 97 : 65 107 134 140 180
 100 : 11 85 255
 115 : 152 170 198 283 299
 116 : 84 101 115 123 194 271
 118 : 86 128 173 196 220 222 286 302
 119 : 104 119 202 274
 123 : 91 291
 131 : 8 116 168 186 235
 132 : 9 142 175 215 287 296
 139 : 16 176 241
 140 : 150 242 295
 147 : 132 146 147 157 184 225
 153 : 14 138 208 231 257
 156 : 141 166 258
 158 : 15 19 35 158 165 195 262
 164 : 149 164 171 174 247 268
 171 : 32 139 178 214 249 273
 193 : 50 54 161 192 236 276 297
 194 : 42 51 55 105 162 201 204 298
 199 : 167 277 303
 200 : 48 57 185 199 207 237 243 278 304
 211 : 72 88 210 248
 214 : 71 125 182 213 269 292
 216 : 13 93 127 216 226 294
 220 : 68 81 131 205 219
 222 : 70 83 190 221
 223 : 20 80 191 230 260 266 301 306
 229 : 5 26 106 197 284
 230 : 6 78 229
 233 : 4 28 110 233 240
 235 : 30 96 112 272 290
 241 : 17 89 98 102 118 251
 242 : 37 99 153 227 252 285
 243 : 40 100 228 253 280
 265 : 36 62 122 126 250 264 275
 272 : 2 67 120 129 279 282
 276 : 47 52 124 137 187 244
 282 : 12 18 58 77 79 159 267 281 289
 292 : 169 203
 295 : 25 31 43 92 143 156 172 263 305
 297 : 0 33 73 94 145 154 265
 301 : 1 212 300
SOLUTION:
  Value: -174269.000000
  Assigns: 143 153 299 146 233 128 7 7 213 233 149 163 282 6 153 285 6 49 282 271 163 245 246 146 163 249 149 256 233 293 153 31 256 23 34 287 306 289 31 54 55 31 271 246 76 35 47 136 187 192 193 256 195 85 55 284 285 47 287 49 289 76 205 95 293 55 23 270 271 293 85 34 35 105 31 76 76 282 71 284 73 113 285 76 289 7 49 292 293 292 7 92 49 245 95 95 128 300 187 92 22 306 245 96 49 95 249 246 71 54 6 7 34 256 31 105 73 34 35 271 113 153 85 113 213 47 71 49 143 92 47 76 271 55 149 31 34 35 153 96 85 293 285 143 287 284 285 92 300 149 95 49 153 153 76 187 113 55 54 282 160 6 285 195 287 128 289 256 85 292 6 128 187 71 6 175 299 192 76 96 143 138 271 184 184 175 187 85 188 85 22 7 193 193 184 31 285 95 287 95 163 146 47 292 293 195 163 23 153 54 211 300 175 49 136 47 138 49 211 55 118 138 118 213 256 7 143 149 73 146 187 153 128 233 249 192 193 237 195 271 85 163 138 233 76 246 246 92 211 249 95 149 245 35 211 71 256 153 175 95 92 293 160 95 160 187 256 49 300 85 233 188 54 105 237 192 193 175 293 95 237 271 245 246 285 285 118 287 289 246 188 187 188 256 211 285 128 287 23 300 136 146 118 85 136 306 306 
  Facilities: 58
 6 : 13 16 110 161 170 174
 7 : 6 7 85 90 111 191 225
 22 : 100 190
 23 : 33 66 207 298
 31 : 31 38 41 74 114 135 195
 34 : 34 71 112 117 136
 35 : 45 72 118 137 253
 47 : 46 57 125 130 202 215
 49 : 17 59 86 92 104 127 151 213 217 267
 54 : 39 109 158 209 272
 55 : 40 54 65 133 157 219
 71 : 78 108 126 173 255
 73 : 80 116 228
 76 : 44 61 75 76 83 131 154 178 244
 85 : 53 70 122 140 168 187 189 240 269 303
 92 : 91 99 129 147 247 260
 95 : 63 94 95 105 150 197 199 250 259 263 279
 96 : 103 139 179
 105 : 73 115 273
 113 : 81 120 123 156
 118 : 220 222 286 302
 128 : 5 96 165 171 232 296
 136 : 47 214 300 304
 138 : 181 216 221 242
 143 : 0 128 143 180 226
 146 : 3 23 201 229 301
 149 : 10 26 134 149 227 251
 153 : 1 14 30 121 138 152 153 208 231 257
 160 : 160 262 264
 163 : 11 20 24 200 206 241
 175 : 175 185 212 258 277
 184 : 183 184 194
 187 : 48 98 155 172 186 230 265 291
 188 : 188 271 290 292
 192 : 49 177 235 275
 193 : 50 192 193 236 276
 195 : 52 163 205 238
 205 : 62
 211 : 210 218 248 254 294
 213 : 8 124 223
 233 : 4 9 28 233 243 270
 237 : 237 274 280
 245 : 21 93 102 252 282
 246 : 22 43 107 245 246 283 289
 249 : 25 106 234 249
 256 : 27 32 51 113 167 224 256 266 293
 270 : 67
 271 : 19 42 68 119 132 182 239 281
 282 : 12 18 77 159
 284 : 55 79 145
 285 : 15 56 82 142 146 162 196 284 285 295
 287 : 35 58 144 164 198 287 297
 289 : 37 60 84 166 288
 292 : 87 89 169 203
 293 : 29 64 69 88 141 204 261 278
 299 : 2 176
 300 : 97 148 211 268 299
 306 : 36 101 305 306
SOLUTION:
  Value: -174269.000000
  Assigns: 143 153 299 146 233 128 7 7 213 233 149 163 13 6 153 285 6 49 270 271 163 245 246 146 163 249 149 256 233 293 153 31 256 23 34 287 306 289 31 54 55 31 271 246 76 35 47 136 187 192 193 256 195 85 55 284 285 47 287 49 289 76 205 95 293 55 23 270 271 293 85 34 35 105 31 76 76 22 71 284 73 113 285 76 289 7 49 292 293 292 7 92 49 245 95 95 128 300 187 92 22 306 245 96 49 95 249 246 71 54 6 7 34 256 31 13 73 34 35 271 113 153 85 113 213 47 71 49 143 92 47 76 271 55 149 31 34 35 153 96 85 293 285 143 287 284 285 92 300 149 95 49 153 153 76 187 113 55 54 160 160 6 285 195 287 128 289 256 85 292 6 128 187 71 6 175 299 192 76 96 143 138 271 184 184 175 187 85 188 85 22 7 193 193 184 31 285 95 287 95 163 146 47 292 293 195 163 23 153 54 211 300 175 49 136 47 138 49 211 55 118 138 118 213 256 7 143 149 73 146 187 153 128 233 249 192 193 237 195 271 85 163 138 233 76 246 246 92 211 249 95 149 245 35 211 71 256 153 175 95 92 293 160 95 160 187 256 49 300 85 233 188 54 105 237 192 193 175 293 95 237 271 245 246 285 285 118 287 13 246 188 187 188 256 211 285 128 287 23 300 136 146 118 85 136 13 306 
  Facilities: 58
 6 : 13 16 110 161 170 174
 7 : 6 7 85 90 111 191 225
 13 : 12 115 288 305
 22 : 77 100 190
 23 : 33 66 207 298
 31 : 31 38 41 74 114 135 195
 34 : 34 71 112 117 136
 35 : 45 72 118 137 253
 47 : 46 57 125 130 202 215
 49 : 17 59 86 92 104 127 151 213 217 267
 54 : 39 109 158 209 272
 55 : 40 54 65 133 157 219
 71 : 78 108 126 173 255
 73 : 80 116 228
 76 : 44 61 75 76 83 131 154 178 244
 85 : 53 70 122 140 168 187 189 240 269 303
 92 : 91 99 129 147 247 260
 95 : 63 94 95 105 150 197 199 250 259 263 279
 96 : 103 139 179
 105 : 73 273
 113 : 81 120 123 156
 118 : 220 222 286 302
 128 : 5 96 165 171 232 296
 136 : 47 214 300 304
 138 : 181 216 221 242
 143 : 0 128 143 180 226
 146 : 3 23 201 229 301
 149 : 10 26 134 149 227 251
 153 : 1 14 30 121 138 152 153 208 231 257
 160 : 159 160 262 264
 163 : 11 20 24 200 206 241
 175 : 175 185 212 258 277
 184 : 183 184 194
 187 : 48 98 155 172 186 230 265 291
 188 : 188 271 290 292
 192 : 49 177 235 275
 193 : 50 192 193 236 276
 195 : 52 163 205 238
 205 : 62
 211 : 210 218 248 254 294
 213 : 8 124 223
 233 : 4 9 28 233 243 270
 237 : 237 274 280
 245 : 21 93 102 252 282
 246 : 22 43 107 245 246 283 289
 249 : 25 106 234 249
 256 : 27 32 51 113 167 224 256 266 293
 270 : 18 67
 271 : 19 42 68 119 132 182 239 281
 284 : 55 79 145
 285 : 15 56 82 142 146 162 196 284 285 295
 287 : 35 58 144 164 198 287 297
 289 : 37 60 84 166
 292 : 87 89 169 203
 293 : 29 64 69 88 141 204 261 278
 299 : 2 176
 300 : 97 148 211 268 299
 306 : 36 101 306
