# Time: 17513.300781
# Elapsed: 4195.050293
# Input_file: splp/Fpp17/18FPP_17S.txt
# Pool_size: 400
# Iterations: 45
# Final_solutions: 17507
# Vision_range: 600
# Reduction_mode: REDUCTION_DISPERSE
# Dissimilitude: DISSIM_HAUSDORFF
# Facility_dist: FDISMODE_MINDIST
SOLUTION:
  Value: -54561.000000
  Assigns: 203 140 254 303 256 275 303 8 8 41 280 275 44 14 14 8 280 140 8 51 52 14 174 275 14 254 41 256 280 44 254 174 256 303 66 174 51 52 190 303 41 41 194 44 44 8 275 190 41 254 51 140 52 256 44 194 280 14 51 52 203 51 52 8 203 66 66 190 83 14 275 194 275 66 303 280 66 280 41 303 203 44 83 83 41 174 8 44 51 52 83 8 14 83 51 52 41 14 303 44 303 190 254 66 256 194 51 52 140 66 8 254 8 256 203 254 14 256 14 41 83 66 44 275 41 140 83 44 280 51 52 254 275 256 51 52 275 280 83 140 140 280 174 41 66 41 44 140 44 66 140 303 275 51 52 51 52 280 190 174 303 83 194 8 303 254 83 256 66 14 66 203 8 174 174 190 8 140 14 194 303 174 14 140 174 83 275 83 203 190 190 280 8 194 194 140 41 190 14 44 190 194 203 203 194 41 51 52 44 41 203 174 44 203 303 51 52 174 140 51 52 66 254 140 256 41 8 190 44 174 66 194 14 190 66 51 52 194 83 254 203 256 140 275 140 190 203 83 280 194 66 83 174 254 254 256 256 174 203 41 275 254 44 256 254 280 256 83 190 51 52 303 194 190 275 275 174 194 174 280 280 203 275 8 66 275 203 280 303 14 280 254 190 256 190 140 194 254 194 256 8 83 303 303 140 203 14 
  Facilities: 18
 8 : 7 8 15 18 45 63 86 91 110 112 163 172 176 192 226 283 300
 14 : 13 14 21 24 57 69 92 97 116 118 169 178 182 198 232 289 306
 41 : 9 26 40 41 48 78 84 96 119 124 143 145 196 205 209 225 259
 44 : 12 29 43 44 54 81 87 99 122 127 146 148 199 208 212 228 262
 51 : 19 36 50 58 61 88 94 106 129 134 153 155 206 215 219 235 269
 52 : 20 37 52 59 62 89 95 107 130 135 154 156 207 216 220 236 270
 66 : 34 65 66 73 76 103 109 121 144 149 168 170 221 230 234 250 284
 83 : 68 82 83 90 93 120 126 138 161 166 185 187 238 247 251 267 301
 140 : 1 17 51 108 125 139 140 147 150 177 183 195 218 223 242 244 295 304
 174 : 22 31 35 85 142 159 173 174 181 184 211 217 229 252 257 276 278
 190 : 38 47 67 101 158 175 189 190 197 200 227 233 245 268 273 292 294
 194 : 42 55 71 105 162 179 193 194 201 204 231 237 249 272 277 296 298
 203 : 0 60 64 80 114 171 188 202 203 210 213 240 246 258 281 286 305
 254 : 2 25 30 49 102 111 115 131 165 222 239 253 254 261 264 291 297
 256 : 4 27 32 53 104 113 117 133 167 224 241 255 256 263 266 293 299
 275 : 5 11 23 46 70 72 123 132 136 152 186 243 260 274 275 282 285
 280 : 10 16 28 56 75 77 128 137 141 157 191 248 265 279 280 287 290
 303 : 3 6 33 39 74 79 98 100 151 160 164 180 214 271 288 302 303
SOLUTION:
  Value: -60504.000000
  Assigns: 203 140 254 303 256 275 303 8 8 41 280 275 44 14 14 8 280 222 8 222 52 14 174 275 14 254 41 256 280 44 254 174 256 303 66 174 51 52 190 303 41 41 194 44 44 8 275 190 41 254 51 140 52 256 44 194 280 14 51 52 203 51 52 8 203 66 66 190 83 14 222 194 275 66 303 280 66 280 41 222 203 44 83 222 85 85 8 44 51 52 83 8 14 83 51 52 41 14 303 222 303 190 254 66 256 194 51 52 140 66 8 254 8 256 203 254 14 256 14 41 83 66 85 275 41 140 83 44 85 51 52 254 275 222 51 52 275 280 83 140 140 280 174 41 66 41 44 140 44 66 140 303 275 51 52 51 52 280 190 174 303 83 194 8 303 254 83 256 85 14 66 203 8 174 174 190 8 140 14 194 303 174 14 140 174 83 275 85 203 190 222 280 8 194 194 140 41 190 14 44 190 194 203 203 194 41 51 52 44 41 203 174 44 203 303 51 52 174 140 51 52 66 222 140 256 41 8 190 44 222 66 194 222 190 66 51 52 194 83 254 203 256 140 275 140 190 203 83 280 85 66 83 174 254 254 256 256 174 203 41 275 254 44 256 254 280 256 83 190 85 52 303 194 190 275 275 174 222 174 280 280 203 275 8 66 275 203 280 303 14 280 254 190 256 190 140 194 254 194 256 8 83 303 85 140 222 14 
  Facilities: 20
 8 : 7 8 15 18 45 63 86 91 110 112 163 172 176 192 226 283 300
 14 : 13 14 21 24 57 69 92 97 116 118 169 178 182 198 289 306
 41 : 9 26 40 41 48 78 96 119 124 143 145 196 205 209 225 259
 44 : 12 29 43 44 54 81 87 127 146 148 199 208 212 228 262
 51 : 36 50 58 61 88 94 106 129 134 153 155 206 215 219 235
 52 : 20 37 52 59 62 89 95 107 130 135 154 156 207 216 220 236 270
 66 : 34 65 66 73 76 103 109 121 144 149 170 221 230 234 250 284
 83 : 68 82 90 93 120 126 138 161 166 185 238 247 251 267 301
 85 : 84 85 122 128 168 187 249 269 303
 140 : 1 51 108 125 139 140 147 150 177 183 195 218 223 242 244 295 304
 174 : 22 31 35 142 159 173 174 181 184 211 217 252 257 276 278
 190 : 38 47 67 101 158 175 189 197 200 227 233 245 268 273 292 294
 194 : 42 55 71 105 162 179 193 194 201 204 231 237 272 296 298
 203 : 0 60 64 80 114 171 188 202 203 210 213 240 246 258 281 286
 222 : 17 19 70 79 83 99 133 190 222 229 232 277 305
 254 : 2 25 30 49 102 111 115 131 165 239 253 254 261 264 291 297
 256 : 4 27 32 53 104 113 117 167 224 241 255 256 263 266 293 299
 275 : 5 11 23 46 72 123 132 136 152 186 243 260 274 275 282 285
 280 : 10 16 28 56 75 77 137 141 157 191 248 265 279 280 287 290
 303 : 3 6 33 39 74 98 100 151 160 164 180 214 271 288 302
SOLUTION:
  Value: -63492.000000
  Assigns: 203 1 254 303 256 275 276 8 1 41 280 1 276 14 14 8 280 269 8 51 52 14 174 275 276 254 41 256 280 44 254 174 256 303 66 174 51 52 1 303 41 41 194 44 44 269 275 190 41 254 51 140 276 256 44 194 1 14 51 52 203 51 52 8 269 66 269 190 83 14 275 276 275 276 303 280 66 280 41 1 203 44 83 83 1 174 8 44 51 52 83 8 14 83 51 52 41 14 303 44 303 190 254 66 256 194 51 52 140 66 8 254 8 256 203 254 14 269 14 41 83 66 44 275 41 140 269 44 280 51 269 254 275 276 51 52 275 280 83 140 140 280 174 41 66 41 44 140 44 66 140 303 275 276 52 51 52 280 190 174 303 83 194 8 303 254 83 256 66 1 66 203 8 174 174 190 8 140 14 194 269 174 14 140 174 83 275 276 203 190 190 280 8 194 194 140 41 190 14 44 190 194 203 203 194 41 51 52 44 41 203 174 44 203 303 51 52 174 140 1 52 66 254 140 256 41 8 190 44 174 66 194 14 190 66 51 52 194 83 254 203 256 140 275 140 190 203 83 280 194 66 83 174 254 254 256 256 174 203 41 275 276 44 256 254 280 256 83 190 269 52 303 194 190 275 276 269 194 174 269 280 203 275 8 66 275 203 280 303 14 280 254 190 1 190 140 194 254 194 256 8 83 303 303 140 203 14 
  Facilities: 21
 1 : 1 8 11 38 56 79 84 169 219 293
 8 : 7 15 18 63 86 91 110 112 163 172 176 192 226 283 300
 14 : 13 14 21 57 69 92 97 116 118 178 182 198 232 289 306
 41 : 9 26 40 41 48 78 96 119 124 143 145 196 205 209 225 259
 44 : 29 43 44 54 81 87 99 122 127 146 148 199 208 212 228 262
 51 : 19 36 50 58 61 88 94 106 129 134 155 206 215 235
 52 : 20 37 59 62 89 95 107 135 154 156 207 216 220 236 270
 66 : 34 65 76 103 109 121 144 149 168 170 221 230 234 250 284
 83 : 68 82 83 90 93 120 138 161 166 185 238 247 251 267 301
 140 : 51 108 125 139 140 147 150 177 183 195 218 223 242 244 295 304
 174 : 22 31 35 85 142 159 173 174 181 184 211 217 229 252 257 278
 190 : 47 67 101 158 175 189 190 197 200 227 233 245 268 273 292 294
 194 : 42 55 105 162 179 193 194 201 204 231 237 249 272 277 296 298
 203 : 0 60 80 114 171 188 202 203 210 213 240 246 258 281 286 305
 254 : 2 25 30 49 102 111 115 131 165 222 239 253 254 264 291 297
 256 : 4 27 32 53 104 113 167 224 241 255 256 263 266 299
 269 : 17 45 64 66 117 126 130 180 269 276 279
 275 : 5 23 46 70 72 123 132 136 152 186 243 260 274 282 285
 276 : 6 12 24 52 71 73 133 153 187 261 275
 280 : 10 16 28 75 77 128 137 141 157 191 248 265 280 287 290
 303 : 3 33 39 74 98 100 151 160 164 214 271 288 302 303
SOLUTION:
  Value: -66481.000000
  Assigns: 203 1 254 303 256 275 303 8 1 41 280 1 44 45 14 8 280 222 8 222 52 14 174 275 14 254 41 256 280 44 45 174 256 303 66 174 51 52 1 303 41 41 194 44 44 45 275 190 41 254 51 140 45 256 44 45 1 14 51 52 203 266 52 8 203 66 66 190 83 14 222 194 275 66 303 280 66 280 41 1 203 44 83 222 1 174 8 44 45 52 83 8 14 83 51 52 41 14 303 222 303 190 254 66 256 194 51 52 140 66 8 254 8 256 266 254 14 256 14 41 83 66 44 45 41 140 83 266 45 51 52 254 275 222 51 52 275 280 83 140 140 280 174 266 66 41 44 140 44 45 140 303 275 51 52 51 52 280 190 174 303 83 194 8 303 254 83 256 66 1 66 203 8 174 174 190 8 140 14 194 303 174 14 140 174 83 275 83 203 190 222 280 8 194 194 140 41 190 14 44 190 194 203 203 194 41 51 52 44 41 203 174 44 203 303 51 52 174 140 1 52 66 222 140 256 41 8 190 44 45 66 194 222 190 66 51 52 194 83 254 203 256 140 275 140 190 203 83 280 194 66 266 174 254 254 256 256 174 203 41 275 254 44 256 254 266 266 83 190 51 52 303 194 190 275 275 174 194 174 280 280 203 275 8 66 275 203 280 303 14 280 254 190 1 190 140 194 254 194 256 8 83 303 303 140 222 14 
  Facilities: 22
 1 : 1 8 11 38 56 79 84 169 219 293
 8 : 7 15 18 63 86 91 110 112 163 172 176 192 226 283 300
 14 : 14 21 24 57 69 92 97 116 118 178 182 198 289 306
 41 : 9 26 40 41 48 78 96 119 124 145 196 205 209 225 259
 44 : 12 29 43 44 54 81 87 122 146 148 199 208 212 228 262
 45 : 13 30 45 52 55 88 123 128 149 229
 51 : 36 50 58 94 106 129 134 153 155 206 215 235 269
 52 : 20 37 59 62 89 95 107 130 135 154 156 207 216 220 236 270
 66 : 34 65 66 73 76 103 109 121 144 168 170 221 230 234 250 284
 83 : 68 82 90 93 120 126 138 161 166 185 187 238 247 267 301
 140 : 51 108 125 139 140 147 150 177 183 195 218 223 242 244 295 304
 174 : 22 31 35 85 142 159 173 174 181 184 211 217 252 257 276 278
 190 : 47 67 101 158 175 189 197 200 227 233 245 268 273 292 294
 194 : 42 71 105 162 179 193 194 201 204 231 237 249 272 277 296 298
 203 : 0 60 64 80 171 188 202 203 210 213 240 246 258 281 286
 222 : 17 19 70 83 99 133 190 222 232 305
 254 : 2 25 49 102 111 115 131 165 239 253 254 261 264 291 297
 256 : 4 27 32 53 104 113 117 167 224 241 255 256 263 299
 266 : 61 114 127 143 251 265 266
 275 : 5 23 46 72 132 136 152 186 243 260 274 275 282 285
 280 : 10 16 28 75 77 137 141 157 191 248 279 280 287 290
 303 : 3 6 33 39 74 98 100 151 160 164 180 214 271 288 302 303
SOLUTION:
  Value: -69460.000000
  Assigns: 203 1 254 303 256 275 276 8 1 41 280 1 276 136 14 8 280 269 8 51 52 14 174 275 276 254 41 256 280 44 254 174 256 303 66 174 51 52 1 303 183 41 194 44 44 269 275 136 41 254 51 140 276 256 44 194 1 14 51 52 183 51 52 8 269 66 269 190 83 14 275 276 275 276 303 280 66 280 41 1 203 44 83 83 1 174 8 44 51 52 83 8 14 83 51 52 41 14 303 44 303 190 254 66 136 194 51 52 140 66 8 254 8 256 203 254 14 269 14 41 83 136 44 275 41 140 269 44 280 51 269 254 275 276 51 52 136 280 83 140 140 280 174 41 66 41 44 140 44 66 140 303 275 276 52 51 52 280 190 174 303 83 194 8 303 254 83 256 183 1 66 203 8 136 174 190 8 140 14 136 269 174 14 140 174 83 275 276 203 190 190 280 8 194 194 140 41 190 14 44 190 194 203 203 194 41 51 52 44 41 203 174 44 203 136 51 52 174 140 1 52 66 254 140 256 41 8 190 44 174 66 194 14 190 66 51 52 194 83 254 203 256 140 275 140 190 203 83 280 194 66 83 174 254 254 256 256 174 203 41 275 276 44 256 254 280 183 83 190 269 52 303 194 190 275 276 269 194 174 269 280 203 275 8 66 275 203 183 303 14 280 136 190 1 190 140 194 254 194 256 8 83 303 303 136 203 14 
  Facilities: 23
 1 : 1 8 11 38 56 79 84 169 219 293
 8 : 7 15 18 63 86 91 110 112 163 172 176 192 226 283 300
 14 : 14 21 57 69 92 97 116 118 178 182 198 232 289 306
 41 : 9 26 41 48 78 96 119 124 143 145 196 205 209 225 259
 44 : 29 43 44 54 81 87 99 122 127 146 148 199 208 212 228 262
 51 : 19 36 50 58 61 88 94 106 129 134 155 206 215 235
 52 : 20 37 59 62 89 95 107 135 154 156 207 216 220 236 270
 66 : 34 65 76 103 109 144 149 170 221 230 234 250 284
 83 : 68 82 83 90 93 120 138 161 166 185 238 247 251 267 301
 136 : 13 47 104 121 136 173 179 214 291 304
 140 : 51 108 125 139 140 147 150 177 183 195 218 223 242 244 295
 174 : 22 31 35 85 142 159 174 181 184 211 217 229 252 257 278
 183 : 40 60 168 266 287
 190 : 67 101 158 175 189 190 197 200 227 233 245 268 273 292 294
 194 : 42 55 105 162 193 194 201 204 231 237 249 272 277 296 298
 203 : 0 80 114 171 188 202 203 210 213 240 246 258 281 286 305
 254 : 2 25 30 49 102 111 115 131 165 222 239 253 254 264 297
 256 : 4 27 32 53 113 167 224 241 255 256 263 299
 269 : 17 45 64 66 117 126 130 180 269 276 279
 275 : 5 23 46 70 72 123 132 152 186 243 260 274 282 285
 276 : 6 12 24 52 71 73 133 153 187 261 275
 280 : 10 16 28 75 77 128 137 141 157 191 248 265 280 290
 303 : 3 33 39 74 98 100 151 160 164 271 288 302 303
SOLUTION:
  Value: -72432.000000
  Assigns: 203 1 254 303 256 275 303 8 1 41 280 1 44 45 14 8 280 222 8 222 52 14 174 275 14 254 41 116 280 44 45 174 256 303 66 174 51 52 1 303 41 41 194 44 44 45 275 190 41 254 51 140 45 256 44 45 1 14 51 52 203 266 52 8 203 66 66 190 83 14 222 194 275 66 303 280 66 280 41 1 203 44 83 222 116 85 8 44 45 52 83 8 14 83 51 52 41 14 303 222 303 190 254 66 256 194 51 52 140 66 8 254 8 256 266 254 14 256 14 41 83 66 85 45 41 140 116 266 85 51 52 254 275 222 51 52 275 280 83 140 140 280 174 266 66 41 44 140 44 45 140 303 275 116 52 51 52 280 190 116 303 83 194 8 303 254 83 256 85 1 66 116 8 174 174 190 8 140 14 194 303 174 14 140 174 83 275 85 203 190 222 280 8 194 194 140 41 190 14 116 190 194 203 203 194 41 51 52 44 41 203 174 44 203 303 51 52 174 140 1 52 66 222 140 256 41 8 190 44 45 66 194 222 190 66 51 52 194 83 254 203 256 140 275 140 190 203 83 280 85 66 266 174 254 254 256 256 174 203 41 275 254 44 256 254 266 266 83 190 85 52 116 194 190 275 275 174 194 174 280 116 203 275 8 66 275 203 280 303 14 280 254 190 1 190 140 194 254 194 256 8 83 303 85 140 222 14 
  Facilities: 24
 1 : 1 8 11 38 56 79 169 219 293
 8 : 7 15 18 63 86 91 110 112 163 172 176 192 226 283 300
 14 : 14 21 24 57 69 92 97 116 118 178 182 198 289 306
 41 : 9 26 40 41 48 78 96 119 124 145 196 205 209 225 259
 44 : 12 29 43 44 54 81 87 146 148 208 212 228 262
 45 : 13 30 45 52 55 88 123 149 229
 51 : 36 50 58 94 106 129 134 155 206 215 235
 52 : 20 37 59 62 89 95 107 130 135 154 156 207 216 220 236 270
 66 : 34 65 66 73 76 103 109 121 144 170 221 230 234 250 284
 83 : 68 82 90 93 120 138 161 166 185 238 247 267 301
 85 : 85 122 128 168 187 249 269 303
 116 : 27 84 126 153 159 171 199 271 280
 140 : 51 108 125 139 140 147 150 177 183 195 218 223 242 244 295 304
 174 : 22 31 35 142 173 174 181 184 211 217 252 257 276 278
 190 : 47 67 101 158 175 189 197 200 227 233 245 268 273 292 294
 194 : 42 71 105 162 179 193 194 201 204 231 237 272 277 296 298
 203 : 0 60 64 80 188 202 203 210 213 240 246 258 281 286
 222 : 17 19 70 83 99 133 190 222 232 305
 254 : 2 25 49 102 111 115 131 165 239 253 254 261 264 291 297
 256 : 4 32 53 104 113 117 167 224 241 255 256 263 299
 266 : 61 114 127 143 251 265 266
 275 : 5 23 46 72 132 136 152 186 243 260 274 275 282 285
 280 : 10 16 28 75 77 137 141 157 191 248 279 287 290
 303 : 3 6 33 39 74 98 100 151 160 164 180 214 288 302
SOLUTION:
  Value: -75416.000000
  Assigns: 203 140 254 303 256 275 149 8 8 41 280 275 44 14 14 8 280 222 8 222 52 14 174 275 14 254 149 256 280 44 254 174 256 48 35 174 51 52 190 303 41 41 194 44 44 35 275 136 48 254 51 140 52 256 44 48 280 14 48 52 149 51 52 8 187 66 66 190 83 14 222 194 35 66 303 280 66 280 35 222 203 44 83 222 85 85 8 44 51 52 35 8 14 83 51 52 41 14 303 222 303 190 254 66 136 194 51 52 140 66 8 254 8 35 203 254 14 149 35 41 83 136 85 275 41 140 48 44 85 51 52 48 275 222 149 52 136 35 83 35 140 280 174 41 66 41 44 140 149 149 140 303 48 51 52 51 52 280 190 149 303 83 194 8 303 254 83 256 85 14 66 203 8 136 174 190 8 140 14 136 303 174 14 140 174 83 275 85 203 190 222 280 8 194 194 140 41 187 14 35 190 194 203 48 194 41 51 52 44 41 203 174 44 203 136 51 52 174 140 35 52 66 222 140 256 41 8 149 44 222 66 194 48 190 66 51 52 194 83 254 203 256 140 275 140 190 203 83 280 85 66 149 174 149 254 256 256 174 203 41 275 254 44 256 254 187 48 83 190 85 52 303 194 190 275 275 174 222 174 280 280 203 275 8 66 275 203 280 303 14 280 136 190 256 190 140 194 254 194 256 8 83 303 85 136 222 14 
  Facilities: 25
 8 : 7 8 15 18 63 86 91 110 112 163 172 176 192 226 283 300
 14 : 13 14 21 24 57 69 92 97 116 169 178 182 198 289 306
 35 : 34 45 72 78 90 113 118 137 139 199 219
 41 : 9 40 41 96 119 124 143 145 196 205 209 225 259
 44 : 12 29 43 44 54 81 87 127 146 208 212 228 262
 48 : 33 48 55 58 126 131 152 203 232 266
 51 : 36 50 61 88 94 106 129 153 155 206 215 235
 52 : 20 37 52 59 62 89 95 107 130 135 154 156 207 216 220 236 270
 66 : 65 66 73 76 103 109 144 170 221 230 234 250 284
 83 : 68 82 93 120 138 161 166 185 238 247 267 301
 85 : 84 85 122 128 168 187 249 269 303
 136 : 47 104 121 136 173 179 214 291 304
 140 : 1 51 108 125 140 147 150 177 183 195 218 223 242 244 295
 149 : 6 26 60 117 134 148 149 159 227 251 253
 174 : 22 31 35 142 174 181 184 211 217 252 257 276 278
 187 : 64 197 265
 190 : 38 67 101 158 175 189 200 233 245 268 273 292 294
 194 : 42 71 105 162 193 194 201 204 231 237 272 296 298
 203 : 0 80 114 171 188 202 210 213 240 246 258 281 286
 222 : 17 19 70 79 83 99 133 190 222 229 277 305
 254 : 2 25 30 49 102 111 115 165 239 254 261 264 297
 256 : 4 27 32 53 167 224 241 255 256 263 293 299
 275 : 5 11 23 46 123 132 186 243 260 274 275 282 285
 280 : 10 16 28 56 75 77 141 157 191 248 279 280 287 290
 303 : 3 39 74 98 100 151 160 164 180 271 288 302
SOLUTION:
  Value: -78398.000000
  Assigns: 203 1 254 303 256 275 303 8 1 41 262 1 44 45 14 8 280 222 8 222 52 14 174 275 14 254 41 116 280 44 45 174 256 262 66 174 51 52 1 303 41 41 194 44 44 45 275 136 41 254 51 140 45 256 44 45 1 14 51 262 203 266 52 8 203 66 66 190 83 14 222 194 275 66 303 280 66 280 41 1 203 44 83 222 116 85 8 44 45 52 83 8 14 83 51 52 41 14 303 222 303 190 254 66 136 194 51 52 140 66 8 254 8 256 266 254 14 256 14 41 83 136 85 45 41 140 116 266 85 51 52 254 275 222 51 52 136 280 83 140 140 280 174 266 66 41 44 140 44 45 140 303 275 116 52 51 52 280 190 116 303 83 194 8 303 254 83 256 85 1 66 116 8 136 174 190 8 140 14 136 303 174 14 140 174 83 275 85 203 190 222 280 8 194 194 140 41 190 14 116 190 194 203 203 194 41 51 52 44 41 203 174 44 203 136 51 52 174 140 1 52 66 222 140 256 41 8 190 44 45 66 194 222 190 66 51 52 194 83 254 203 256 140 275 140 190 203 83 280 85 66 266 174 254 254 256 256 174 203 41 275 262 262 256 254 266 266 83 190 85 52 116 262 190 275 275 174 194 174 280 116 203 275 8 66 275 203 280 303 14 280 136 190 1 190 140 194 254 194 256 8 83 303 85 136 222 14 
  Facilities: 26
 1 : 1 8 11 38 56 79 169 219 293
 8 : 7 15 18 63 86 91 110 112 163 172 176 192 226 283 300
 14 : 14 21 24 57 69 92 97 116 118 178 182 198 289 306
 41 : 9 26 40 41 48 78 96 119 124 145 196 205 209 225 259
 44 : 12 29 43 44 54 81 87 146 148 208 212 228
 45 : 13 30 45 52 55 88 123 149 229
 51 : 36 50 58 94 106 129 134 155 206 215 235
 52 : 20 37 62 89 95 107 130 135 154 156 207 216 220 236 270
 66 : 34 65 66 73 76 103 109 144 170 221 230 234 250 284
 83 : 68 82 90 93 120 138 161 166 185 238 247 267 301
 85 : 85 122 128 168 187 249 269 303
 116 : 27 84 126 153 159 171 199 271 280
 136 : 47 104 121 136 173 179 214 291 304
 140 : 51 108 125 139 140 147 150 177 183 195 218 223 242 244 295
 174 : 22 31 35 142 174 181 184 211 217 252 257 276 278
 190 : 67 101 158 175 189 197 200 227 233 245 268 273 292 294
 194 : 42 71 105 162 193 194 201 204 231 237 277 296 298
 203 : 0 60 64 80 188 202 203 210 213 240 246 258 281 286
 222 : 17 19 70 83 99 133 190 222 232 305
 254 : 2 25 49 102 111 115 131 165 239 253 254 264 297
 256 : 4 32 53 113 117 167 224 241 255 256 263 299
 262 : 10 33 59 261 262 272
 266 : 61 114 127 143 251 265 266
 275 : 5 23 46 72 132 152 186 243 260 274 275 282 285
 280 : 16 28 75 77 137 141 157 191 248 279 287 290
 303 : 3 6 39 74 98 100 151 160 164 180 288 302
SOLUTION:
  Value: -81381.000000
  Assigns: 203 140 254 303 256 275 149 8 8 41 280 275 44 14 14 8 280 222 8 222 52 14 174 275 25 254 149 256 280 44 254 174 256 48 35 174 51 52 243 303 243 41 194 44 44 35 275 136 48 254 51 140 52 256 44 48 280 14 48 52 149 51 52 8 187 66 66 190 83 14 222 194 35 66 303 280 66 280 35 222 25 44 83 222 85 85 8 44 51 52 35 8 14 83 51 52 41 14 303 222 303 190 254 25 136 194 51 52 140 66 8 254 8 35 203 254 14 149 35 41 243 136 85 275 41 140 48 25 85 25 52 48 275 222 149 52 136 35 83 35 140 280 174 41 66 41 44 140 149 149 140 303 48 51 52 51 52 280 190 149 303 83 194 8 303 254 83 256 85 14 66 203 8 136 174 190 8 140 14 136 25 174 14 140 174 83 275 85 203 190 222 280 8 194 194 140 41 187 14 35 190 194 203 48 194 41 51 52 44 25 203 243 44 203 136 51 52 174 140 35 52 66 222 140 256 41 8 149 243 222 66 194 48 190 66 51 52 194 83 254 203 256 140 275 140 190 203 83 280 85 243 149 174 149 254 256 256 174 203 41 275 254 44 256 254 187 48 83 190 85 52 303 194 190 275 275 174 222 174 280 243 203 275 8 66 275 203 280 303 14 280 136 190 256 190 140 194 254 194 256 8 83 303 85 136 222 14 
  Facilities: 27
 8 : 7 8 15 18 63 86 91 110 112 163 172 176 192 226 283 300
 14 : 13 14 21 57 69 92 97 116 169 178 182 198 289 306
 25 : 24 80 103 127 129 180 209
 35 : 34 45 72 78 90 113 118 137 139 199 219
 41 : 9 41 96 119 124 143 145 196 205 225 259
 44 : 12 29 43 44 54 81 87 146 208 212 262
 48 : 33 48 55 58 126 131 152 203 232 266
 51 : 36 50 61 88 94 106 153 155 206 215 235
 52 : 20 37 52 59 62 89 95 107 130 135 154 156 207 216 220 236 270
 66 : 65 66 73 76 109 144 170 221 230 234 284
 83 : 68 82 93 138 161 166 185 238 247 267 301
 85 : 84 85 122 128 168 187 249 269 303
 136 : 47 104 121 136 173 179 214 291 304
 140 : 1 51 108 125 140 147 150 177 183 195 218 223 242 244 295
 149 : 6 26 60 117 134 148 149 159 227 251 253
 174 : 22 31 35 142 174 181 184 217 252 257 276 278
 187 : 64 197 265
 190 : 67 101 158 175 189 200 233 245 268 273 292 294
 194 : 42 71 105 162 193 194 201 204 231 237 272 296 298
 203 : 0 114 171 188 202 210 213 240 246 258 281 286
 222 : 17 19 70 79 83 99 133 190 222 229 277 305
 243 : 38 40 120 211 228 250 280
 254 : 2 25 30 49 102 111 115 165 239 254 261 264 297
 256 : 4 27 32 53 167 224 241 255 256 263 293 299
 275 : 5 11 23 46 123 132 186 243 260 274 275 282 285
 280 : 10 16 28 56 75 77 141 157 191 248 279 287 290
 303 : 3 39 74 98 100 151 160 164 271 288 302
SOLUTION:
  Value: -84381.000000
  Assigns: 203 124 254 303 256 275 303 8 8 41 280 275 241 14 14 8 280 222 8 222 52 14 174 275 14 254 41 116 280 44 254 174 256 303 66 174 241 52 241 303 41 41 194 195 44 8 275 136 187 254 51 140 195 85 44 194 195 14 51 52 203 51 52 8 187 66 66 190 83 14 222 194 195 66 303 280 66 280 41 222 203 44 83 222 116 85 8 44 293 241 293 8 14 83 51 52 111 14 241 222 303 190 241 66 136 194 51 52 140 124 8 254 8 256 203 254 14 256 111 41 83 136 85 275 124 140 116 44 85 51 52 124 275 222 51 52 136 280 83 140 140 280 174 41 66 41 44 140 111 66 293 303 241 116 52 51 52 280 190 116 303 83 194 8 303 254 83 256 85 14 293 116 8 136 174 190 8 140 14 136 195 174 14 140 174 83 275 85 203 190 222 280 8 194 194 140 41 187 14 116 190 194 203 203 293 195 51 52 44 41 203 174 44 203 136 111 52 174 140 136 52 66 222 140 256 41 241 190 124 222 66 194 222 190 66 51 52 194 83 254 203 256 187 275 140 190 203 83 280 85 195 241 174 254 254 256 256 174 203 41 275 293 44 256 254 187 111 83 190 85 52 116 194 190 275 111 174 194 293 124 116 203 275 8 66 275 203 280 303 14 280 136 293 293 190 111 241 254 194 256 8 83 303 85 136 222 14 
  Facilities: 28
 8 : 7 8 15 18 45 63 86 91 110 112 163 172 176 192 283 300
 14 : 13 14 21 24 57 69 92 97 116 169 178 182 198 289 306
 41 : 9 26 40 41 78 119 143 145 196 209 225 259
 44 : 29 44 54 81 87 127 146 208 212 262
 51 : 50 58 61 94 106 129 134 155 206 235
 52 : 20 37 59 62 95 107 130 135 154 156 207 216 220 236 270
 66 : 34 65 66 73 76 103 144 149 221 230 234 284
 83 : 68 82 93 120 138 161 166 185 238 247 267 301
 85 : 53 85 122 128 168 187 249 269 303
 111 : 96 118 148 215 266 275 295
 116 : 27 84 126 153 159 171 199 271 280
 124 : 1 109 124 131 228 279
 136 : 47 104 121 136 173 179 214 219 291 304
 140 : 51 108 125 139 140 147 177 183 195 218 223 244
 174 : 22 31 35 142 174 181 184 211 217 252 257 276
 187 : 48 64 197 242 265
 190 : 67 101 158 175 189 200 227 233 245 268 273 294
 194 : 42 55 71 105 162 193 194 201 231 237 272 277 298
 195 : 43 52 56 72 180 205 250
 203 : 0 60 80 114 188 202 203 210 213 240 246 258 281 286
 222 : 17 19 70 79 83 99 133 190 222 229 232 305
 241 : 12 36 38 89 98 102 152 226 251 296
 254 : 2 25 30 49 111 115 165 239 253 254 264 297
 256 : 4 32 113 117 167 224 241 255 256 263 299
 275 : 5 11 23 46 123 132 186 243 260 274 282 285
 280 : 10 16 28 75 77 137 141 157 191 248 287 290
 293 : 88 90 150 170 204 261 278 292 293
 303 : 3 6 33 39 74 100 151 160 164 288 302
