# Time: 58.090000
# Elapsed: 16.337349
# Input_file: splp/KoerkelGhosh-sym/500/a/gs500a-1
# Pool_size: 200
# Iterations: 53
# Final_solutions: 9896
# Vision_range: 0
# Reduction_mode: REDUCTION_BESTS
SOLUTION:
  Value: -511771.000000
  Assigns: 127 319 229 463 299 463 34 284 62 284 295 54 229 76 211 498 326 378 125 114 454 115 173 240 277 295 409 253 421 111 475 398 101 253 229 228 21 498 334 326 287 173 173 128 475 287 421 384 127 192 284 127 240 463 210 21 15 215 69 76 111 101 211 125 398 54 62 126 54 192 192 299 62 454 28 214 214 210 498 28 441 287 334 494 299 433 299 409 295 115 210 128 127 284 128 277 398 295 498 115 494 128 125 334 378 173 419 192 34 54 115 229 229 287 334 21 34 114 228 326 334 114 441 210 388 421 378 284 76 398 211 54 419 211 398 126 494 54 62 299 475 419 388 253 54 498 34 433 125 76 101 214 384 253 433 409 498 319 173 326 54 295 69 211 101 240 214 334 214 192 192 76 421 215 475 326 125 433 115 28 494 409 69 173 101 326 319 295 384 126 210 421 126 475 25 115 28 62 120 319 388 295 334 111 498 378 192 54 494 299 54 62 419 114 76 173 126 454 384 115 463 253 28 388 433 398 128 277 211 111 433 384 115 378 277 277 211 334 211 421 287 433 498 229 419 334 120 334 125 494 409 433 398 326 210 319 28 398 128 127 454 127 284 409 125 454 299 277 192 384 498 319 228 494 419 15 54 441 277 215 498 463 173 128 127 319 378 240 21 334 433 34 120 192 173 25 76 28 28 334 211 21 475 229 398 287 287 173 126 173 214 433 25 398 120 398 378 127 454 419 441 76 498 62 126 34 253 120 334 127 126 120 210 454 114 398 28 284 210 388 15 384 111 192 334 398 62 114 494 475 419 228 475 114 253 419 114 114 101 240 494 319 54 228 326 228 228 378 15 378 115 214 210 319 299 127 409 419 126 253 299 127 284 54 475 215 28 76 127 409 21 115 378 419 463 421 126 287 277 211 101 326 111 28 54 421 319 441 120 211 215 69 299 111 398 334 173 378 25 319 409 125 76 21 115 228 15 215 229 287 120 388 287 210 211 214 126 441 299 125 21 277 295 25 326 69 334 284 419 277 15 240 25 240 214 284 378 215 192 299 15 441 214 494 228 398 326 127 192 215 494 15 211 229 21 384 173 441 409 111 173 398 228 326 334 210 409 295 284 299 433 21 295 475 463 111 295 111 15 128 
  Facilities: 50
 15 : 56 275 340 368 426 450 460 471 498
 21 : 36 55 115 288 301 390 423 440 474 491
 25 : 194 295 312 418 443 452
 28 : 74 79 179 196 222 256 297 298 336 386 403
 34 : 6 108 116 146 291 325
 54 : 11 65 68 109 131 137 144 160 207 210 276 362 383 404
 62 : 8 66 72 138 197 211 323 346
 69 : 58 162 182 411 445
 76 : 13 59 128 149 171 214 296 321 387 422
 101 : 32 61 150 164 184 358 400
 111 : 29 60 203 229 342 402 413 479 495 497
 114 : 19 117 121 213 334 347 353 356 357
 115 : 21 89 99 110 178 195 219 232 370 391 424
 120 : 198 246 292 314 327 331 408 430
 125 : 18 63 102 148 176 248 264 421 439
 126 : 67 135 189 192 216 308 324 330 378 396 436
 127 : 0 48 51 92 259 261 284 317 329 375 381 388 467
 128 : 43 91 94 101 226 258 283 499
 173 : 22 41 42 105 158 183 215 282 294 307 309 416 476 480
 192 : 49 69 70 107 169 170 206 268 293 343 458 468
 210 : 54 77 90 123 190 254 332 338 372 433 485
 211 : 14 62 130 133 163 228 236 238 300 399 409 434 472
 214 : 75 76 151 166 168 310 371 435 454 462
 215 : 57 173 279 385 410 427 457 469
 228 : 35 118 272 351 363 365 366 425 464 482
 229 : 2 12 34 111 112 243 303 428 473
 240 : 23 52 165 287 359 451 453
 253 : 27 33 143 153 221 326 354 379
 277 : 24 95 227 234 235 267 278 398 441 449
 284 : 7 9 50 93 127 262 337 382 447 455 488
 287 : 40 45 81 113 240 305 306 397 429 432
 295 : 10 25 88 97 161 187 201 442 487 492 496
 299 : 4 71 84 86 139 209 266 374 380 412 438 459 489
 319 : 1 157 186 199 255 271 285 361 373 406 419
 326 : 16 39 119 159 175 185 253 364 401 444 466 483
 334 : 38 82 103 114 120 167 202 237 245 247 289 299 328 344 415 446 484
 378 : 17 104 126 205 233 286 316 367 369 392 417 456
 384 : 47 152 188 218 231 269 341 475
 388 : 124 142 200 223 339 431
 398 : 31 64 96 129 134 225 252 257 304 313 315 335 345 414 465 481
 409 : 26 87 155 181 250 263 376 389 420 478 486
 419 : 106 132 141 212 244 274 319 350 355 377 393 448
 421 : 28 46 125 172 191 239 395 405
 433 : 85 147 154 177 224 230 241 251 290 311 490
 441 : 80 122 277 320 407 437 461 477
 454 : 20 73 217 260 265 318 333
 463 : 3 5 53 220 281 394 494
 475 : 30 44 140 174 193 302 349 352 384 493
 494 : 83 100 136 180 208 249 273 348 360 463 470
 498 : 15 37 78 98 145 156 204 242 270 280 322
SOLUTION:
  Value: -511774.000000
  Assigns: 127 319 229 463 299 463 34 284 62 284 295 54 229 76 211 498 326 378 378 114 454 115 173 240 277 295 409 253 421 111 475 398 101 253 229 228 21 498 334 326 287 173 173 128 475 287 421 384 127 192 284 127 240 463 210 21 15 215 69 76 111 101 211 287 398 54 62 126 54 192 192 299 62 454 28 214 214 210 498 28 441 287 334 494 299 433 299 409 295 115 210 128 127 284 128 277 398 295 498 115 494 128 21 334 378 173 419 192 34 54 115 229 229 287 334 21 34 114 228 326 334 114 441 210 388 421 378 284 76 398 211 54 419 211 398 126 494 54 62 299 475 419 388 253 54 498 34 433 127 76 101 214 384 253 433 409 498 319 173 326 54 295 69 211 101 240 214 334 214 192 192 76 421 215 475 326 25 433 115 28 494 409 69 173 101 326 319 295 384 126 210 421 126 475 25 115 28 62 120 319 388 295 334 111 498 378 192 54 494 299 54 62 419 114 76 173 126 454 384 115 463 253 28 388 433 398 128 277 211 111 433 384 115 378 277 277 211 334 211 421 287 433 498 229 419 334 120 334 409 494 409 433 398 326 210 319 28 398 128 127 454 127 284 409 215 454 299 277 192 384 498 319 228 494 419 15 54 441 277 215 498 463 173 128 127 319 378 240 21 334 433 34 120 192 173 25 76 28 28 334 211 21 475 229 398 287 287 173 126 173 214 433 25 398 120 398 378 127 454 419 441 76 498 62 126 34 253 120 334 127 126 120 210 454 114 398 28 284 210 388 15 384 111 192 334 398 62 114 494 475 419 228 475 114 253 419 114 114 101 240 494 319 54 228 326 228 228 378 15 378 115 214 210 319 299 127 409 419 126 253 299 127 284 54 475 215 28 76 127 409 21 115 378 419 463 421 126 287 277 211 101 326 111 28 54 421 319 441 120 211 215 69 299 111 398 334 173 378 25 319 409 28 76 21 115 228 15 215 229 287 120 388 287 210 211 214 126 441 299 228 21 277 295 25 326 69 334 284 419 277 15 240 25 240 214 284 378 215 192 299 15 441 214 494 228 398 326 127 192 215 494 15 211 229 21 384 173 441 409 111 173 398 228 326 334 210 409 295 284 299 433 21 295 475 463 111 295 111 15 128 
  Facilities: 49
 15 : 56 275 340 368 426 450 460 471 498
 21 : 36 55 102 115 288 301 390 423 440 474 491
 25 : 176 194 295 312 418 443 452
 28 : 74 79 179 196 222 256 297 298 336 386 403 421
 34 : 6 108 116 146 291 325
 54 : 11 65 68 109 131 137 144 160 207 210 276 362 383 404
 62 : 8 66 72 138 197 211 323 346
 69 : 58 162 182 411 445
 76 : 13 59 128 149 171 214 296 321 387 422
 101 : 32 61 150 164 184 358 400
 111 : 29 60 203 229 342 402 413 479 495 497
 114 : 19 117 121 213 334 347 353 356 357
 115 : 21 89 99 110 178 195 219 232 370 391 424
 120 : 198 246 292 314 327 331 408 430
 126 : 67 135 189 192 216 308 324 330 378 396 436
 127 : 0 48 51 92 148 259 261 284 317 329 375 381 388 467
 128 : 43 91 94 101 226 258 283 499
 173 : 22 41 42 105 158 183 215 282 294 307 309 416 476 480
 192 : 49 69 70 107 169 170 206 268 293 343 458 468
 210 : 54 77 90 123 190 254 332 338 372 433 485
 211 : 14 62 130 133 163 228 236 238 300 399 409 434 472
 214 : 75 76 151 166 168 310 371 435 454 462
 215 : 57 173 264 279 385 410 427 457 469
 228 : 35 118 272 351 363 365 366 425 439 464 482
 229 : 2 12 34 111 112 243 303 428 473
 240 : 23 52 165 287 359 451 453
 253 : 27 33 143 153 221 326 354 379
 277 : 24 95 227 234 235 267 278 398 441 449
 284 : 7 9 50 93 127 262 337 382 447 455 488
 287 : 40 45 63 81 113 240 305 306 397 429 432
 295 : 10 25 88 97 161 187 201 442 487 492 496
 299 : 4 71 84 86 139 209 266 374 380 412 438 459 489
 319 : 1 157 186 199 255 271 285 361 373 406 419
 326 : 16 39 119 159 175 185 253 364 401 444 466 483
 334 : 38 82 103 114 120 167 202 237 245 247 289 299 328 344 415 446 484
 378 : 17 18 104 126 205 233 286 316 367 369 392 417 456
 384 : 47 152 188 218 231 269 341 475
 388 : 124 142 200 223 339 431
 398 : 31 64 96 129 134 225 252 257 304 313 315 335 345 414 465 481
 409 : 26 87 155 181 248 250 263 376 389 420 478 486
 419 : 106 132 141 212 244 274 319 350 355 377 393 448
 421 : 28 46 125 172 191 239 395 405
 433 : 85 147 154 177 224 230 241 251 290 311 490
 441 : 80 122 277 320 407 437 461 477
 454 : 20 73 217 260 265 318 333
 463 : 3 5 53 220 281 394 494
 475 : 30 44 140 174 193 302 349 352 384 493
 494 : 83 100 136 180 208 249 273 348 360 463 470
 498 : 15 37 78 98 145 156 204 242 270 280 322
SOLUTION:
  Value: -511781.000000
  Assigns: 127 319 229 463 299 463 34 284 62 284 295 54 229 76 211 498 326 378 125 114 454 115 173 240 277 295 409 253 421 111 475 398 101 253 229 228 21 498 334 326 287 173 173 128 475 287 421 384 127 192 284 127 240 463 210 21 15 215 69 76 111 101 211 125 398 54 62 126 54 192 192 299 62 454 28 214 214 210 498 28 441 287 334 494 299 433 299 409 295 115 210 128 127 284 128 277 398 295 498 115 494 128 125 334 378 173 419 192 34 54 115 229 229 287 334 21 34 114 228 326 334 114 441 210 421 421 378 284 76 398 211 54 419 211 398 126 494 54 62 299 475 419 463 253 54 498 34 433 125 76 101 214 384 253 433 409 498 319 173 326 54 295 69 211 101 240 214 334 214 192 192 76 421 215 475 326 125 433 115 28 494 409 69 173 101 326 319 295 384 126 210 421 126 475 25 115 28 62 120 319 62 295 334 111 498 378 192 54 494 299 54 62 419 114 76 173 126 454 384 115 463 253 28 214 433 398 128 277 211 111 433 384 115 378 277 277 211 334 211 421 287 433 498 229 419 334 120 334 125 494 409 433 398 326 210 319 28 398 128 127 454 127 284 409 125 454 299 277 192 384 498 319 228 494 419 15 54 441 277 215 498 463 173 128 127 319 378 240 21 334 433 34 120 192 173 25 76 28 28 334 211 21 475 229 398 287 287 173 126 173 214 433 25 398 120 398 378 127 454 419 441 76 498 62 126 34 253 120 334 127 126 120 210 454 114 398 28 284 210 114 15 384 111 192 334 398 62 114 494 475 419 228 475 114 253 419 114 114 101 240 494 319 54 228 326 228 228 378 15 378 115 214 210 319 299 127 409 419 126 253 299 127 284 54 475 215 28 76 127 409 21 115 378 419 463 421 126 287 277 211 101 326 111 28 54 421 319 441 120 211 215 69 299 111 398 334 173 378 25 319 409 125 76 21 115 228 15 215 229 287 120 127 287 210 211 214 126 441 299 125 21 277 295 25 326 69 334 284 419 277 15 240 25 240 214 284 378 215 192 299 15 441 214 494 228 398 326 127 192 215 494 15 211 229 21 384 173 441 409 111 173 398 228 326 334 210 409 295 284 299 433 21 295 475 463 111 295 111 15 128 
  Facilities: 49
 15 : 56 275 340 368 426 450 460 471 498
 21 : 36 55 115 288 301 390 423 440 474 491
 25 : 194 295 312 418 443 452
 28 : 74 79 179 196 222 256 297 298 336 386 403
 34 : 6 108 116 146 291 325
 54 : 11 65 68 109 131 137 144 160 207 210 276 362 383 404
 62 : 8 66 72 138 197 200 211 323 346
 69 : 58 162 182 411 445
 76 : 13 59 128 149 171 214 296 321 387 422
 101 : 32 61 150 164 184 358 400
 111 : 29 60 203 229 342 402 413 479 495 497
 114 : 19 117 121 213 334 339 347 353 356 357
 115 : 21 89 99 110 178 195 219 232 370 391 424
 120 : 198 246 292 314 327 331 408 430
 125 : 18 63 102 148 176 248 264 421 439
 126 : 67 135 189 192 216 308 324 330 378 396 436
 127 : 0 48 51 92 259 261 284 317 329 375 381 388 431 467
 128 : 43 91 94 101 226 258 283 499
 173 : 22 41 42 105 158 183 215 282 294 307 309 416 476 480
 192 : 49 69 70 107 169 170 206 268 293 343 458 468
 210 : 54 77 90 123 190 254 332 338 372 433 485
 211 : 14 62 130 133 163 228 236 238 300 399 409 434 472
 214 : 75 76 151 166 168 223 310 371 435 454 462
 215 : 57 173 279 385 410 427 457 469
 228 : 35 118 272 351 363 365 366 425 464 482
 229 : 2 12 34 111 112 243 303 428 473
 240 : 23 52 165 287 359 451 453
 253 : 27 33 143 153 221 326 354 379
 277 : 24 95 227 234 235 267 278 398 441 449
 284 : 7 9 50 93 127 262 337 382 447 455 488
 287 : 40 45 81 113 240 305 306 397 429 432
 295 : 10 25 88 97 161 187 201 442 487 492 496
 299 : 4 71 84 86 139 209 266 374 380 412 438 459 489
 319 : 1 157 186 199 255 271 285 361 373 406 419
 326 : 16 39 119 159 175 185 253 364 401 444 466 483
 334 : 38 82 103 114 120 167 202 237 245 247 289 299 328 344 415 446 484
 378 : 17 104 126 205 233 286 316 367 369 392 417 456
 384 : 47 152 188 218 231 269 341 475
 398 : 31 64 96 129 134 225 252 257 304 313 315 335 345 414 465 481
 409 : 26 87 155 181 250 263 376 389 420 478 486
 419 : 106 132 141 212 244 274 319 350 355 377 393 448
 421 : 28 46 124 125 172 191 239 395 405
 433 : 85 147 154 177 224 230 241 251 290 311 490
 441 : 80 122 277 320 407 437 461 477
 454 : 20 73 217 260 265 318 333
 463 : 3 5 53 142 220 281 394 494
 475 : 30 44 140 174 193 302 349 352 384 493
 494 : 83 100 136 180 208 249 273 348 360 463 470
 498 : 15 37 78 98 145 156 204 242 270 280 322
SOLUTION:
  Value: -511784.000000
  Assigns: 127 319 229 463 299 463 34 284 62 284 295 54 229 76 211 498 326 378 378 114 454 115 173 240 277 295 409 253 421 111 475 398 101 253 229 228 21 498 334 326 287 173 173 128 475 287 421 384 127 192 284 127 240 463 210 21 15 215 69 76 111 101 211 287 398 54 62 126 54 192 192 299 62 454 28 214 214 210 498 28 441 287 334 494 299 433 299 409 295 115 210 128 127 284 128 277 398 295 498 115 494 128 21 334 378 173 419 192 34 54 115 229 229 287 334 21 34 114 228 326 334 114 441 210 421 421 378 284 76 398 211 54 419 211 398 126 494 54 62 299 475 419 463 253 54 498 34 433 127 76 101 214 384 253 433 409 498 319 173 326 54 295 69 211 101 240 214 334 214 192 192 76 421 215 475 326 25 433 115 28 494 409 69 173 101 326 319 295 384 126 210 421 126 475 25 115 28 62 120 319 62 295 334 111 498 378 192 54 494 299 54 62 419 114 76 173 126 454 384 115 463 253 28 214 433 398 128 277 211 111 433 384 115 378 277 277 211 334 211 421 287 433 498 229 419 334 120 334 409 494 409 433 398 326 210 319 28 398 128 127 454 127 284 409 215 454 299 277 192 384 498 319 228 494 419 15 54 441 277 215 498 463 173 128 127 319 378 240 21 334 433 34 120 192 173 25 76 28 28 334 211 21 475 229 398 287 287 173 126 173 214 433 25 398 120 398 378 127 454 419 441 76 498 62 126 34 253 120 334 127 126 120 210 454 114 398 28 284 210 114 15 384 111 192 334 398 62 114 494 475 419 228 475 114 253 419 114 114 101 240 494 319 54 228 326 228 228 378 15 378 115 214 210 319 299 127 409 419 126 253 299 127 284 54 475 215 28 76 127 409 21 115 378 419 463 421 126 287 277 211 101 326 111 28 54 421 319 441 120 211 215 69 299 111 398 334 173 378 25 319 409 28 76 21 115 228 15 215 229 287 120 127 287 210 211 214 126 441 299 228 21 277 295 25 326 69 334 284 419 277 15 240 25 240 214 284 378 215 192 299 15 441 214 494 228 398 326 127 192 215 494 15 211 229 21 384 173 441 409 111 173 398 228 326 334 210 409 295 284 299 433 21 295 475 463 111 295 111 15 128 
  Facilities: 48
 15 : 56 275 340 368 426 450 460 471 498
 21 : 36 55 102 115 288 301 390 423 440 474 491
 25 : 176 194 295 312 418 443 452
 28 : 74 79 179 196 222 256 297 298 336 386 403 421
 34 : 6 108 116 146 291 325
 54 : 11 65 68 109 131 137 144 160 207 210 276 362 383 404
 62 : 8 66 72 138 197 200 211 323 346
 69 : 58 162 182 411 445
 76 : 13 59 128 149 171 214 296 321 387 422
 101 : 32 61 150 164 184 358 400
 111 : 29 60 203 229 342 402 413 479 495 497
 114 : 19 117 121 213 334 339 347 353 356 357
 115 : 21 89 99 110 178 195 219 232 370 391 424
 120 : 198 246 292 314 327 331 408 430
 126 : 67 135 189 192 216 308 324 330 378 396 436
 127 : 0 48 51 92 148 259 261 284 317 329 375 381 388 431 467
 128 : 43 91 94 101 226 258 283 499
 173 : 22 41 42 105 158 183 215 282 294 307 309 416 476 480
 192 : 49 69 70 107 169 170 206 268 293 343 458 468
 210 : 54 77 90 123 190 254 332 338 372 433 485
 211 : 14 62 130 133 163 228 236 238 300 399 409 434 472
 214 : 75 76 151 166 168 223 310 371 435 454 462
 215 : 57 173 264 279 385 410 427 457 469
 228 : 35 118 272 351 363 365 366 425 439 464 482
 229 : 2 12 34 111 112 243 303 428 473
 240 : 23 52 165 287 359 451 453
 253 : 27 33 143 153 221 326 354 379
 277 : 24 95 227 234 235 267 278 398 441 449
 284 : 7 9 50 93 127 262 337 382 447 455 488
 287 : 40 45 63 81 113 240 305 306 397 429 432
 295 : 10 25 88 97 161 187 201 442 487 492 496
 299 : 4 71 84 86 139 209 266 374 380 412 438 459 489
 319 : 1 157 186 199 255 271 285 361 373 406 419
 326 : 16 39 119 159 175 185 253 364 401 444 466 483
 334 : 38 82 103 114 120 167 202 237 245 247 289 299 328 344 415 446 484
 378 : 17 18 104 126 205 233 286 316 367 369 392 417 456
 384 : 47 152 188 218 231 269 341 475
 398 : 31 64 96 129 134 225 252 257 304 313 315 335 345 414 465 481
 409 : 26 87 155 181 248 250 263 376 389 420 478 486
 419 : 106 132 141 212 244 274 319 350 355 377 393 448
 421 : 28 46 124 125 172 191 239 395 405
 433 : 85 147 154 177 224 230 241 251 290 311 490
 441 : 80 122 277 320 407 437 461 477
 454 : 20 73 217 260 265 318 333
 463 : 3 5 53 142 220 281 394 494
 475 : 30 44 140 174 193 302 349 352 384 493
 494 : 83 100 136 180 208 249 273 348 360 463 470
 498 : 15 37 78 98 145 156 204 242 270 280 322
SOLUTION:
  Value: -511785.000000
  Assigns: 127 319 229 463 299 463 34 284 62 284 295 54 229 76 211 498 326 378 125 114 454 115 173 240 277 295 409 253 421 111 475 398 101 253 229 228 111 498 334 326 287 173 173 128 475 287 421 384 127 192 284 127 240 463 210 326 15 215 69 76 111 101 211 125 398 54 62 126 54 192 192 299 62 454 28 214 214 210 498 28 441 287 334 494 299 433 299 409 295 115 210 128 127 284 128 277 398 295 498 115 494 128 125 334 378 173 419 192 34 54 115 229 229 287 334 111 34 114 228 326 334 114 441 210 388 421 378 284 76 398 211 54 419 211 398 126 494 54 62 299 475 419 388 253 54 498 34 433 125 76 101 214 384 253 433 409 498 319 173 326 54 295 69 211 101 240 214 334 214 192 192 76 421 215 475 326 125 433 115 28 494 409 69 173 101 326 319 295 384 126 210 421 126 475 25 115 28 62 120 319 388 295 334 111 498 378 192 54 494 299 54 62 419 114 76 173 126 454 384 115 463 253 28 388 433 398 128 277 211 111 433 384 115 378 277 277 211 334 211 421 287 433 498 229 419 334 120 334 125 494 409 433 398 326 210 319 28 398 128 127 454 127 284 409 125 454 299 277 192 384 498 319 228 494 419 15 54 441 277 215 498 463 173 128 127 319 378 240 76 334 433 34 120 192 173 25 76 28 28 334 211 127 475 229 398 287 287 173 126 173 214 433 25 398 120 398 378 127 454 419 441 76 498 62 126 34 253 120 334 127 126 120 210 454 114 398 28 284 210 388 15 384 111 192 334 398 62 114 494 475 419 228 475 114 253 419 114 114 101 240 494 319 54 228 326 228 228 378 15 378 115 214 210 319 299 127 409 419 126 253 299 127 284 54 475 215 28 76 127 409 228 115 378 419 463 421 126 287 277 211 101 326 111 28 54 421 319 441 120 211 215 69 299 111 398 334 173 378 25 319 409 125 76 441 115 228 15 215 229 287 120 388 287 210 211 214 126 441 299 125 419 277 295 25 326 69 334 284 419 277 15 240 25 240 214 284 378 215 192 299 15 441 214 494 228 398 326 127 192 215 494 15 211 229 295 384 173 441 409 111 173 398 228 326 334 210 409 295 284 299 433 498 295 475 463 111 295 111 15 128 
  Facilities: 49
 15 : 56 275 340 368 426 450 460 471 498
 25 : 194 295 312 418 443 452
 28 : 74 79 179 196 222 256 297 298 336 386 403
 34 : 6 108 116 146 291 325
 54 : 11 65 68 109 131 137 144 160 207 210 276 362 383 404
 62 : 8 66 72 138 197 211 323 346
 69 : 58 162 182 411 445
 76 : 13 59 128 149 171 214 288 296 321 387 422
 101 : 32 61 150 164 184 358 400
 111 : 29 36 60 115 203 229 342 402 413 479 495 497
 114 : 19 117 121 213 334 347 353 356 357
 115 : 21 89 99 110 178 195 219 232 370 391 424
 120 : 198 246 292 314 327 331 408 430
 125 : 18 63 102 148 176 248 264 421 439
 126 : 67 135 189 192 216 308 324 330 378 396 436
 127 : 0 48 51 92 259 261 284 301 317 329 375 381 388 467
 128 : 43 91 94 101 226 258 283 499
 173 : 22 41 42 105 158 183 215 282 294 307 309 416 476 480
 192 : 49 69 70 107 169 170 206 268 293 343 458 468
 210 : 54 77 90 123 190 254 332 338 372 433 485
 211 : 14 62 130 133 163 228 236 238 300 399 409 434 472
 214 : 75 76 151 166 168 310 371 435 454 462
 215 : 57 173 279 385 410 427 457 469
 228 : 35 118 272 351 363 365 366 390 425 464 482
 229 : 2 12 34 111 112 243 303 428 473
 240 : 23 52 165 287 359 451 453
 253 : 27 33 143 153 221 326 354 379
 277 : 24 95 227 234 235 267 278 398 441 449
 284 : 7 9 50 93 127 262 337 382 447 455 488
 287 : 40 45 81 113 240 305 306 397 429 432
 295 : 10 25 88 97 161 187 201 442 474 487 492 496
 299 : 4 71 84 86 139 209 266 374 380 412 438 459 489
 319 : 1 157 186 199 255 271 285 361 373 406 419
 326 : 16 39 55 119 159 175 185 253 364 401 444 466 483
 334 : 38 82 103 114 120 167 202 237 245 247 289 299 328 344 415 446 484
 378 : 17 104 126 205 233 286 316 367 369 392 417 456
 384 : 47 152 188 218 231 269 341 475
 388 : 124 142 200 223 339 431
 398 : 31 64 96 129 134 225 252 257 304 313 315 335 345 414 465 481
 409 : 26 87 155 181 250 263 376 389 420 478 486
 419 : 106 132 141 212 244 274 319 350 355 377 393 440 448
 421 : 28 46 125 172 191 239 395 405
 433 : 85 147 154 177 224 230 241 251 290 311 490
 441 : 80 122 277 320 407 423 437 461 477
 454 : 20 73 217 260 265 318 333
 463 : 3 5 53 220 281 394 494
 475 : 30 44 140 174 193 302 349 352 384 493
 494 : 83 100 136 180 208 249 273 348 360 463 470
 498 : 15 37 78 98 145 156 204 242 270 280 322 491
SOLUTION:
  Value: -511785.000000
  Assigns: 127 319 229 463 299 463 34 284 62 284 295 54 229 76 211 340 340 378 125 114 454 115 173 240 277 295 409 253 421 111 475 340 101 253 229 228 21 498 334 326 287 173 173 128 475 287 421 433 127 192 284 127 240 463 210 21 15 215 69 76 111 101 211 125 398 54 62 126 54 192 192 299 62 454 28 214 214 210 498 28 441 287 334 494 299 433 299 409 295 115 210 128 127 284 128 277 398 295 498 115 494 128 125 334 378 173 419 192 34 54 115 229 229 287 334 21 34 114 228 326 334 114 441 210 388 421 378 284 76 398 211 54 419 211 398 126 494 54 62 299 475 419 388 253 54 498 34 433 125 76 101 214 454 253 433 409 498 319 173 326 54 295 69 211 101 240 214 334 214 192 192 76 421 215 475 326 125 433 115 28 494 409 69 173 101 326 319 295 210 126 210 421 126 475 25 115 28 62 120 319 388 295 334 111 498 378 192 54 494 299 54 62 419 114 76 173 126 454 340 115 463 253 28 388 433 340 128 277 211 111 433 295 115 378 277 277 211 334 211 421 287 433 498 229 419 334 120 334 125 494 409 433 398 326 210 319 28 398 128 127 454 127 284 409 125 454 299 277 192 277 498 319 228 494 419 15 54 441 277 340 498 463 173 128 127 319 378 240 21 334 433 34 120 340 173 25 76 28 28 334 211 21 475 229 398 287 287 173 126 173 214 433 25 398 120 398 378 127 454 419 441 76 498 62 126 34 253 120 334 127 126 120 210 454 114 398 28 284 210 388 15 454 111 192 334 398 62 114 494 475 419 228 475 114 253 419 114 114 101 240 494 319 54 228 326 228 340 378 15 378 115 214 210 319 299 127 409 419 126 253 299 127 284 54 475 215 28 76 127 409 21 115 378 419 463 421 126 287 277 211 101 326 111 28 54 421 319 441 120 211 215 69 299 111 398 334 173 378 25 319 409 125 76 21 115 228 15 215 229 287 120 388 287 210 211 214 126 441 299 125 21 277 295 25 326 69 334 284 419 340 15 240 25 240 214 284 378 215 192 299 15 441 214 494 228 398 326 127 192 215 494 15 211 229 21 240 173 441 409 111 173 398 228 326 334 210 409 295 284 299 433 21 295 475 463 111 295 111 15 128 
  Facilities: 50
 15 : 56 275 340 368 426 450 460 471 498
 21 : 36 55 115 288 301 390 423 440 474 491
 25 : 194 295 312 418 443 452
 28 : 74 79 179 196 222 256 297 298 336 386 403
 34 : 6 108 116 146 291 325
 54 : 11 65 68 109 131 137 144 160 207 210 276 362 383 404
 62 : 8 66 72 138 197 211 323 346
 69 : 58 162 182 411 445
 76 : 13 59 128 149 171 214 296 321 387 422
 101 : 32 61 150 164 184 358 400
 111 : 29 60 203 229 342 402 413 479 495 497
 114 : 19 117 121 213 334 347 353 356 357
 115 : 21 89 99 110 178 195 219 232 370 391 424
 120 : 198 246 292 314 327 331 408 430
 125 : 18 63 102 148 176 248 264 421 439
 126 : 67 135 189 192 216 308 324 330 378 396 436
 127 : 0 48 51 92 259 261 284 317 329 375 381 388 467
 128 : 43 91 94 101 226 258 283 499
 173 : 22 41 42 105 158 183 215 282 294 307 309 416 476 480
 192 : 49 69 70 107 169 170 206 268 343 458 468
 210 : 54 77 90 123 188 190 254 332 338 372 433 485
 211 : 14 62 130 133 163 228 236 238 300 399 409 434 472
 214 : 75 76 151 166 168 310 371 435 454 462
 215 : 57 173 385 410 427 457 469
 228 : 35 118 272 351 363 365 425 464 482
 229 : 2 12 34 111 112 243 303 428 473
 240 : 23 52 165 287 359 451 453 475
 253 : 27 33 143 153 221 326 354 379
 277 : 24 95 227 234 235 267 269 278 398 441
 284 : 7 9 50 93 127 262 337 382 447 455 488
 287 : 40 45 81 113 240 305 306 397 429 432
 295 : 10 25 88 97 161 187 201 231 442 487 492 496
 299 : 4 71 84 86 139 209 266 374 380 412 438 459 489
 319 : 1 157 186 199 255 271 285 361 373 406 419
 326 : 39 119 159 175 185 253 364 401 444 466 483
 334 : 38 82 103 114 120 167 202 237 245 247 289 299 328 344 415 446 484
 340 : 15 16 31 218 225 279 293 366 449
 378 : 17 104 126 205 233 286 316 367 369 392 417 456
 388 : 124 142 200 223 339 431
 398 : 64 96 129 134 252 257 304 313 315 335 345 414 465 481
 409 : 26 87 155 181 250 263 376 389 420 478 486
 419 : 106 132 141 212 244 274 319 350 355 377 393 448
 421 : 28 46 125 172 191 239 395 405
 433 : 47 85 147 154 177 224 230 241 251 290 311 490
 441 : 80 122 277 320 407 437 461 477
 454 : 20 73 152 217 260 265 318 333 341
 463 : 3 5 53 220 281 394 494
 475 : 30 44 140 174 193 302 349 352 384 493
 494 : 83 100 136 180 208 249 273 348 360 463 470
 498 : 37 78 98 145 156 204 242 270 280 322
SOLUTION:
  Value: -511786.000000
  Assigns: 127 319 229 463 299 463 34 284 62 284 295 54 229 76 211 95 326 378 378 114 454 115 173 214 277 295 120 253 421 111 475 398 101 253 229 228 94 170 489 326 287 173 94 128 475 287 421 384 127 192 284 127 475 463 210 326 253 215 69 76 94 101 211 287 398 48 62 126 54 192 192 299 62 454 28 214 214 170 95 28 95 287 334 494 489 433 299 128 295 115 210 128 127 284 128 277 398 295 253 115 494 128 489 334 378 173 419 192 34 54 115 229 229 287 334 111 170 114 228 326 334 114 192 210 388 170 378 48 76 398 211 54 419 95 398 126 494 54 62 299 475 419 388 253 54 475 34 433 127 76 101 214 384 253 433 489 211 319 173 326 54 295 69 211 101 215 214 334 214 192 192 262 95 215 170 262 25 94 115 262 494 378 69 173 94 326 319 295 384 126 210 489 170 475 25 115 28 62 120 319 388 295 334 111 173 378 192 54 494 299 54 62 419 114 76 173 126 454 384 262 463 253 28 388 433 398 128 277 211 111 433 384 115 378 277 277 211 334 211 421 287 433 115 229 419 334 120 334 262 494 170 433 398 326 210 319 28 398 128 127 454 127 284 419 215 454 299 277 192 384 419 319 228 494 419 262 54 95 277 215 287 463 173 128 127 95 378 334 262 334 433 34 120 192 173 25 76 95 28 334 211 95 475 229 398 287 287 173 126 173 214 433 25 398 120 398 378 127 454 419 28 76 94 62 126 34 253 120 334 127 126 120 210 454 114 398 28 284 210 388 25 384 111 192 334 398 62 114 494 475 419 228 475 114 253 419 114 114 101 284 494 319 54 228 326 228 228 378 421 378 115 214 210 170 299 127 398 419 126 253 299 262 284 54 475 215 28 76 127 94 228 115 378 419 463 421 126 287 277 211 101 326 111 262 54 421 319 25 120 211 215 69 299 111 398 334 173 378 25 319 211 28 76 210 115 228 489 215 229 287 120 388 287 210 211 170 126 111 299 228 419 277 295 25 326 69 334 284 419 277 192 48 25 48 214 284 378 215 192 299 170 95 214 494 228 398 326 127 192 215 494 95 211 229 295 384 173 299 111 111 489 398 228 262 334 210 128 295 284 299 433 48 295 475 463 111 295 111 34 128 
  Facilities: 49
 25 : 176 194 295 312 340 407 418 443 452
 28 : 74 79 196 222 256 298 320 336 386 421
 34 : 6 108 146 291 325 498
 48 : 65 127 451 453 491
 54 : 11 68 109 131 137 144 160 207 210 276 362 383 404
 62 : 8 66 72 138 197 211 323 346
 69 : 58 162 182 411 445
 76 : 13 59 128 149 214 296 321 387 422
 94 : 36 42 60 177 184 322 389
 95 : 15 78 80 133 172 277 285 297 301 461 471
 101 : 32 61 150 164 358 400
 111 : 29 115 203 229 342 402 413 437 478 479 495 497
 114 : 19 117 121 213 334 347 353 356 357
 115 : 21 89 99 110 178 195 232 242 370 391 424
 120 : 26 198 246 292 314 327 331 408 430
 126 : 67 135 189 216 308 324 330 378 396 436
 127 : 0 48 51 92 148 259 261 284 317 329 375 388 467
 128 : 43 87 91 94 101 226 258 283 486 499
 170 : 37 77 116 125 174 192 250 373 435 460
 173 : 22 41 105 158 183 204 215 282 294 307 309 416 476
 192 : 49 69 70 107 122 169 170 206 268 293 343 450 458 468
 210 : 54 90 123 190 254 332 338 372 423 433 485
 211 : 14 62 130 156 163 228 236 238 300 399 409 420 434 472
 214 : 23 75 76 151 166 168 310 371 454 462
 215 : 57 165 173 264 279 385 410 427 457 469
 228 : 35 118 272 351 363 365 366 390 425 439 464 482
 229 : 2 12 34 111 112 243 303 428 473
 253 : 27 33 56 98 143 153 221 326 354 379
 262 : 171 175 179 219 248 275 288 381 403 483
 277 : 24 95 227 234 235 267 278 398 441 449
 284 : 7 9 50 93 262 337 359 382 447 455 488
 287 : 40 45 63 81 113 240 280 305 306 397 429 432
 295 : 10 25 88 97 161 187 201 442 474 487 492 496
 299 : 4 71 86 139 209 266 374 380 412 438 459 477 489
 319 : 1 157 186 199 255 271 361 406 419
 326 : 16 39 55 119 159 185 253 364 401 444 466
 334 : 82 103 114 120 167 202 237 245 247 287 289 299 328 344 415 446 484
 378 : 17 18 104 126 181 205 233 286 316 367 369 392 417 456
 384 : 47 152 188 218 231 269 341 475
 388 : 124 142 200 223 339 431
 398 : 31 64 96 129 134 225 252 257 304 313 315 335 345 376 414 465 481
 419 : 106 132 141 212 244 263 270 274 319 350 355 377 393 440 448
 421 : 28 46 239 368 395 405
 433 : 85 147 154 224 230 241 251 290 311 490
 454 : 20 73 217 260 265 318 333
 463 : 3 5 53 220 281 394 494
 475 : 30 44 52 140 145 193 302 349 352 384 493
 489 : 38 84 102 155 191 426 480
 494 : 83 100 136 180 208 249 273 348 360 463 470
SOLUTION:
  Value: -511788.000000
  Assigns: 127 319 229 463 299 463 34 284 62 284 295 54 229 76 211 340 340 378 378 114 454 115 173 240 277 295 409 253 421 111 475 340 101 253 229 228 21 498 334 326 287 173 173 128 475 287 421 433 127 192 284 127 240 463 210 21 15 215 69 76 111 101 211 287 398 54 62 126 54 192 192 299 62 454 28 214 214 210 498 28 441 287 334 494 299 433 299 409 295 115 210 128 127 284 128 277 398 295 498 115 494 128 21 334 378 173 419 192 34 54 115 229 229 287 334 21 34 114 228 326 334 114 441 210 388 421 378 284 76 398 211 54 419 211 398 126 494 54 62 299 475 419 388 253 54 498 34 433 127 76 101 214 454 253 433 409 498 319 173 326 54 295 69 211 101 240 214 334 214 192 192 76 421 215 475 326 25 433 115 28 494 409 69 173 101 326 319 295 210 126 210 421 126 475 25 115 28 62 120 319 388 295 334 111 498 378 192 54 494 299 54 62 419 114 76 173 126 454 340 115 463 253 28 388 433 340 128 277 211 111 433 295 115 378 277 277 211 334 211 421 287 433 498 229 419 334 120 334 409 494 409 433 398 326 210 319 28 398 128 127 454 127 284 409 215 454 299 277 192 277 498 319 228 494 419 15 54 441 277 340 498 463 173 128 127 319 378 240 21 334 433 34 120 340 173 25 76 28 28 334 211 21 475 229 398 287 287 173 126 173 214 433 25 398 120 398 378 127 454 419 441 76 498 62 126 34 253 120 334 127 126 120 210 454 114 398 28 284 210 388 15 454 111 192 334 398 62 114 494 475 419 228 475 114 253 419 114 114 101 240 494 319 54 228 326 228 340 378 15 378 115 214 210 319 299 127 409 419 126 253 299 127 284 54 475 215 28 76 127 409 21 115 378 419 463 421 126 287 277 211 101 326 111 28 54 421 319 441 120 211 215 69 299 111 398 334 173 378 25 319 409 28 76 21 115 228 15 215 229 287 120 388 287 210 211 214 126 441 299 228 21 277 295 25 326 69 334 284 419 340 15 240 25 240 214 284 378 215 192 299 15 441 214 494 228 398 326 127 192 215 494 15 211 229 21 240 173 441 409 111 173 398 228 326 334 210 409 295 284 299 433 21 295 475 463 111 295 111 15 128 
  Facilities: 49
 15 : 56 275 340 368 426 450 460 471 498
 21 : 36 55 102 115 288 301 390 423 440 474 491
 25 : 176 194 295 312 418 443 452
 28 : 74 79 179 196 222 256 297 298 336 386 403 421
 34 : 6 108 116 146 291 325
 54 : 11 65 68 109 131 137 144 160 207 210 276 362 383 404
 62 : 8 66 72 138 197 211 323 346
 69 : 58 162 182 411 445
 76 : 13 59 128 149 171 214 296 321 387 422
 101 : 32 61 150 164 184 358 400
 111 : 29 60 203 229 342 402 413 479 495 497
 114 : 19 117 121 213 334 347 353 356 357
 115 : 21 89 99 110 178 195 219 232 370 391 424
 120 : 198 246 292 314 327 331 408 430
 126 : 67 135 189 192 216 308 324 330 378 396 436
 127 : 0 48 51 92 148 259 261 284 317 329 375 381 388 467
 128 : 43 91 94 101 226 258 283 499
 173 : 22 41 42 105 158 183 215 282 294 307 309 416 476 480
 192 : 49 69 70 107 169 170 206 268 343 458 468
 210 : 54 77 90 123 188 190 254 332 338 372 433 485
 211 : 14 62 130 133 163 228 236 238 300 399 409 434 472
 214 : 75 76 151 166 168 310 371 435 454 462
 215 : 57 173 264 385 410 427 457 469
 228 : 35 118 272 351 363 365 425 439 464 482
 229 : 2 12 34 111 112 243 303 428 473
 240 : 23 52 165 287 359 451 453 475
 253 : 27 33 143 153 221 326 354 379
 277 : 24 95 227 234 235 267 269 278 398 441
 284 : 7 9 50 93 127 262 337 382 447 455 488
 287 : 40 45 63 81 113 240 305 306 397 429 432
 295 : 10 25 88 97 161 187 201 231 442 487 492 496
 299 : 4 71 84 86 139 209 266 374 380 412 438 459 489
 319 : 1 157 186 199 255 271 285 361 373 406 419
 326 : 39 119 159 175 185 253 364 401 444 466 483
 334 : 38 82 103 114 120 167 202 237 245 247 289 299 328 344 415 446 484
 340 : 15 16 31 218 225 279 293 366 449
 378 : 17 18 104 126 205 233 286 316 367 369 392 417 456
 388 : 124 142 200 223 339 431
 398 : 64 96 129 134 252 257 304 313 315 335 345 414 465 481
 409 : 26 87 155 181 248 250 263 376 389 420 478 486
 419 : 106 132 141 212 244 274 319 350 355 377 393 448
 421 : 28 46 125 172 191 239 395 405
 433 : 47 85 147 154 177 224 230 241 251 290 311 490
 441 : 80 122 277 320 407 437 461 477
 454 : 20 73 152 217 260 265 318 333 341
 463 : 3 5 53 220 281 394 494
 475 : 30 44 140 174 193 302 349 352 384 493
 494 : 83 100 136 180 208 249 273 348 360 463 470
 498 : 37 78 98 145 156 204 242 270 280 322
SOLUTION:
  Value: -511789.000000
  Assigns: 127 319 229 463 299 463 34 284 62 284 295 54 229 76 211 498 326 378 125 114 454 115 173 240 277 295 409 253 421 111 475 398 101 253 229 228 21 498 334 326 287 173 173 128 475 287 421 384 127 192 284 127 240 463 210 21 15 215 69 76 111 101 211 125 398 54 62 126 54 192 192 299 62 454 28 214 214 210 95 28 95 287 334 494 299 433 299 409 295 115 210 128 127 284 128 277 398 295 498 115 494 128 125 334 378 173 419 192 34 54 115 229 229 287 334 21 34 114 228 326 334 114 192 210 388 421 378 284 76 398 211 54 419 95 398 126 494 54 62 299 475 419 388 253 54 498 34 433 125 76 101 214 384 253 433 409 498 319 173 326 54 295 69 211 101 240 214 334 214 192 192 76 95 215 475 326 125 433 115 28 494 409 69 173 101 326 319 295 384 126 210 421 126 475 25 115 28 62 120 319 388 295 334 111 498 378 192 54 494 299 54 62 419 114 76 173 126 454 384 115 463 253 28 388 433 398 128 277 211 111 433 384 115 378 277 277 211 334 211 421 287 433 498 229 419 334 120 334 125 494 409 433 398 326 210 319 28 398 128 127 454 127 284 409 125 454 299 277 192 384 498 319 228 494 419 15 54 95 277 215 498 463 173 128 127 95 378 240 21 334 433 34 120 192 173 25 76 95 28 334 211 21 475 229 398 287 287 173 126 173 214 433 25 398 120 398 378 127 454 419 28 76 498 62 126 34 253 120 334 127 126 120 210 454 114 398 28 284 210 388 15 384 111 192 334 398 62 114 494 475 419 228 475 114 253 419 114 114 101 240 494 319 54 228 326 228 228 378 15 378 115 214 210 319 299 127 409 419 126 253 299 127 284 54 475 215 28 76 127 409 21 115 378 419 463 421 126 287 277 211 101 326 111 28 54 421 319 25 120 211 215 69 299 111 398 334 173 378 25 319 409 125 76 21 115 228 15 215 229 287 120 388 287 210 211 214 126 111 299 125 21 277 295 25 326 69 334 284 419 277 15 240 25 240 214 284 378 215 192 299 15 95 214 494 228 398 326 127 192 215 494 95 211 229 21 384 173 299 409 111 173 398 228 326 334 210 409 295 284 299 433 21 295 475 463 111 295 111 15 128 
  Facilities: 50
 15 : 56 275 340 368 426 450 460 498
 21 : 36 55 115 288 301 390 423 440 474 491
 25 : 194 295 312 407 418 443 452
 28 : 74 79 179 196 222 256 298 320 336 386 403
 34 : 6 108 116 146 291 325
 54 : 11 65 68 109 131 137 144 160 207 210 276 362 383 404
 62 : 8 66 72 138 197 211 323 346
 69 : 58 162 182 411 445
 76 : 13 59 128 149 171 214 296 321 387 422
 95 : 78 80 133 172 277 285 297 461 471
 101 : 32 61 150 164 184 358 400
 111 : 29 60 203 229 342 402 413 437 479 495 497
 114 : 19 117 121 213 334 347 353 356 357
 115 : 21 89 99 110 178 195 219 232 370 391 424
 120 : 198 246 292 314 327 331 408 430
 125 : 18 63 102 148 176 248 264 421 439
 126 : 67 135 189 192 216 308 324 330 378 396 436
 127 : 0 48 51 92 259 261 284 317 329 375 381 388 467
 128 : 43 91 94 101 226 258 283 499
 173 : 22 41 42 105 158 183 215 282 294 307 309 416 476 480
 192 : 49 69 70 107 122 169 170 206 268 293 343 458 468
 210 : 54 77 90 123 190 254 332 338 372 433 485
 211 : 14 62 130 163 228 236 238 300 399 409 434 472
 214 : 75 76 151 166 168 310 371 435 454 462
 215 : 57 173 279 385 410 427 457 469
 228 : 35 118 272 351 363 365 366 425 464 482
 229 : 2 12 34 111 112 243 303 428 473
 240 : 23 52 165 287 359 451 453
 253 : 27 33 143 153 221 326 354 379
 277 : 24 95 227 234 235 267 278 398 441 449
 284 : 7 9 50 93 127 262 337 382 447 455 488
 287 : 40 45 81 113 240 305 306 397 429 432
 295 : 10 25 88 97 161 187 201 442 487 492 496
 299 : 4 71 84 86 139 209 266 374 380 412 438 459 477 489
 319 : 1 157 186 199 255 271 361 373 406 419
 326 : 16 39 119 159 175 185 253 364 401 444 466 483
 334 : 38 82 103 114 120 167 202 237 245 247 289 299 328 344 415 446 484
 378 : 17 104 126 205 233 286 316 367 369 392 417 456
 384 : 47 152 188 218 231 269 341 475
 388 : 124 142 200 223 339 431
 398 : 31 64 96 129 134 225 252 257 304 313 315 335 345 414 465 481
 409 : 26 87 155 181 250 263 376 389 420 478 486
 419 : 106 132 141 212 244 274 319 350 355 377 393 448
 421 : 28 46 125 191 239 395 405
 433 : 85 147 154 177 224 230 241 251 290 311 490
 454 : 20 73 217 260 265 318 333
 463 : 3 5 53 220 281 394 494
 475 : 30 44 140 174 193 302 349 352 384 493
 494 : 83 100 136 180 208 249 273 348 360 463 470
 498 : 15 37 98 145 156 204 242 270 280 322
SOLUTION:
  Value: -511790.000000
  Assigns: 127 319 229 463 299 463 34 284 62 284 295 54 229 76 211 95 326 378 378 114 454 115 173 214 277 295 120 253 421 111 475 398 76 253 229 228 94 170 489 326 287 173 94 128 475 287 421 384 127 192 284 127 475 463 210 326 253 215 69 76 175 76 211 287 398 48 62 126 54 192 192 299 62 454 28 214 214 170 95 28 95 287 334 494 489 433 299 128 295 115 210 128 127 284 128 277 398 295 253 115 494 128 489 334 378 173 419 192 34 54 115 229 229 287 334 111 170 114 228 326 334 114 192 210 388 170 378 48 76 398 211 54 419 95 398 126 494 54 62 299 475 419 388 253 54 475 34 433 127 76 170 214 384 253 433 489 211 319 173 326 54 175 69 211 120 215 214 334 214 192 192 262 95 215 170 262 25 94 115 262 494 378 69 173 94 326 319 295 384 126 210 489 170 475 25 115 28 62 120 319 388 295 334 111 173 378 192 54 494 299 54 62 419 114 76 173 126 454 384 262 463 253 28 388 433 398 128 277 211 111 433 384 115 378 277 277 211 334 211 421 287 433 115 229 419 334 120 334 262 494 170 433 398 326 210 319 28 398 175 127 454 127 175 419 215 454 299 277 192 384 419 319 228 494 419 262 54 95 277 215 287 463 173 128 127 95 378 334 262 334 433 34 120 192 173 25 76 95 28 334 211 175 475 229 398 287 287 173 126 173 214 433 25 398 120 398 378 127 454 419 28 76 94 62 126 34 253 120 334 127 126 120 210 454 114 398 28 284 210 388 25 384 111 192 334 398 62 114 494 475 419 228 475 114 253 419 114 114 175 284 494 319 54 228 326 228 228 378 421 378 115 214 210 170 299 127 398 419 126 253 299 262 284 54 475 215 28 76 127 94 228 115 378 419 463 421 126 287 277 211 454 326 111 262 54 421 319 25 120 211 215 69 299 111 398 334 173 378 25 319 211 28 175 210 115 228 489 215 229 287 120 388 287 210 211 170 126 111 299 228 419 277 295 25 326 69 175 284 419 277 192 48 25 48 214 284 378 215 192 299 170 95 214 494 228 398 326 127 192 215 494 95 211 229 295 384 173 299 111 111 489 398 228 262 334 210 128 295 284 299 433 48 295 475 463 111 295 111 34 128 
  Facilities: 49
 25 : 176 194 295 312 340 407 418 443 452
 28 : 74 79 196 222 256 298 320 336 386 421
 34 : 6 108 146 291 325 498
 48 : 65 127 451 453 491
 54 : 11 68 109 131 137 144 160 207 210 276 362 383 404
 62 : 8 66 72 138 197 211 323 346
 69 : 58 162 182 411 445
 76 : 13 32 59 61 128 149 214 296 321 387
 94 : 36 42 177 184 322 389
 95 : 15 78 80 133 172 277 285 297 461 471
 111 : 29 115 203 229 342 402 413 437 478 479 495 497
 114 : 19 117 121 213 334 347 353 356 357
 115 : 21 89 99 110 178 195 232 242 370 391 424
 120 : 26 164 198 246 292 314 327 331 408 430
 126 : 67 135 189 216 308 324 330 378 396 436
 127 : 0 48 51 92 148 259 261 284 317 329 375 388 467
 128 : 43 87 91 94 101 226 283 486 499
 170 : 37 77 116 125 150 174 192 250 373 435 460
 173 : 22 41 105 158 183 204 215 282 294 307 309 416 476
 175 : 60 161 258 262 301 358 422 446
 192 : 49 69 70 107 122 169 170 206 268 293 343 450 458 468
 210 : 54 90 123 190 254 332 338 372 423 433 485
 211 : 14 62 130 156 163 228 236 238 300 399 409 420 434 472
 214 : 23 75 76 151 166 168 310 371 454 462
 215 : 57 165 173 264 279 385 410 427 457 469
 228 : 35 118 272 351 363 365 366 390 425 439 464 482
 229 : 2 12 34 111 112 243 303 428 473
 253 : 27 33 56 98 143 153 221 326 354 379
 262 : 171 175 179 219 248 275 288 381 403 483
 277 : 24 95 227 234 235 267 278 398 441 449
 284 : 7 9 50 93 337 359 382 447 455 488
 287 : 40 45 63 81 113 240 280 305 306 397 429 432
 295 : 10 25 88 97 187 201 442 474 487 492 496
 299 : 4 71 86 139 209 266 374 380 412 438 459 477 489
 319 : 1 157 186 199 255 271 361 406 419
 326 : 16 39 55 119 159 185 253 364 401 444 466
 334 : 82 103 114 120 167 202 237 245 247 287 289 299 328 344 415 484
 378 : 17 18 104 126 181 205 233 286 316 367 369 392 417 456
 384 : 47 152 188 218 231 269 341 475
 388 : 124 142 200 223 339 431
 398 : 31 64 96 129 134 225 252 257 304 313 315 335 345 376 414 465 481
 419 : 106 132 141 212 244 263 270 274 319 350 355 377 393 440 448
 421 : 28 46 239 368 395 405
 433 : 85 147 154 224 230 241 251 290 311 490
 454 : 20 73 217 260 265 318 333 400
 463 : 3 5 53 220 281 394 494
 475 : 30 44 52 140 145 193 302 349 352 384 493
 489 : 38 84 102 155 191 426 480
 494 : 83 100 136 180 208 249 273 348 360 463 470
