# Time: 8.700000
# Elapsed: 2.707406
# Input_file: splp/KoerkelGhosh-sym/500/c/gs500c-1
# Pool_size: 200
# Iterations: 7
# Final_solutions: 1200
# Vision_range: 0
# Reduction_mode: REDUCTION_BESTS
SOLUTION:
  Value: -620041.000000
  Assigns: 101 241 241 439 111 111 28 101 111 28 439 439 101 439 101 439 439 28 241 439 111 439 111 241 241 439 101 111 241 111 101 101 101 111 101 439 111 111 439 28 28 101 28 111 28 439 241 241 28 101 111 101 241 111 439 111 111 439 28 439 111 241 439 111 439 111 101 111 241 101 439 101 111 439 28 111 101 101 439 28 28 28 439 28 111 439 439 439 28 28 241 241 28 111 439 101 101 241 439 111 439 111 241 241 28 101 439 439 28 28 241 241 101 241 111 111 28 28 241 111 101 111 28 101 439 439 28 28 101 439 111 101 28 28 111 111 28 111 111 111 111 101 111 111 28 28 101 111 28 241 101 439 101 111 101 28 101 101 241 111 111 241 241 111 101 241 111 28 101 439 111 101 241 241 28 111 439 439 439 28 101 111 241 439 101 241 241 439 439 28 439 241 439 28 28 101 28 28 439 439 101 111 111 111 439 101 111 439 241 439 439 241 111 28 28 28 241 101 101 28 28 241 28 28 111 111 241 241 439 111 28 101 439 101 111 439 111 241 28 439 439 28 241 101 101 439 439 101 101 241 439 101 111 241 241 28 28 439 439 111 241 439 111 439 439 111 28 241 241 241 241 241 101 111 439 101 439 439 28 241 28 28 439 439 241 111 111 111 28 101 101 101 241 28 111 101 241 28 28 111 28 111 101 439 241 28 101 111 241 111 439 241 241 241 111 241 101 111 28 111 28 101 439 28 439 241 439 28 101 101 241 101 241 111 28 439 28 28 241 101 439 241 111 439 111 28 28 28 111 111 241 101 101 111 28 28 439 111 101 111 28 111 111 28 28 28 439 439 241 101 241 439 111 28 101 28 101 111 241 28 101 241 111 439 439 28 28 111 241 439 101 439 111 28 111 241 28 439 101 241 101 241 111 28 241 101 101 439 241 111 101 101 439 111 241 101 28 111 28 111 111 28 28 241 111 111 241 111 101 28 101 439 101 241 101 439 439 111 28 111 439 111 28 439 101 28 241 241 241 111 439 101 439 28 241 241 241 439 101 101 101 111 241 111 101 28 111 439 241 28 439 101 101 439 241 241 111 101 111 111 28 111 101 101 28 439 101 101 101 439 241 111 101 439 101 111 101 111 28 111 
  Facilities: 5
 28 : 6 9 17 39 40 42 44 48 58 74 79 80 81 83 88 89 92 104 108 109 116 117 122 126 127 132 133 136 144 145 148 155 167 174 179 189 193 194 196 197 213 214 215 219 220 222 223 230 238 241 255 256 266 278 280 281 288 293 297 298 300 305 318 320 323 327 334 336 337 345 346 347 354 355 360 363 364 365 373 375 379 385 386 393 396 403 416 418 421 422 429 438 442 445 453 465 469 480 484 498
 101 : 0 7 12 14 26 30 31 32 34 41 49 51 66 69 71 76 77 95 96 105 112 120 123 128 131 141 146 150 152 154 156 157 164 168 171 180 184 195 200 205 217 218 231 233 243 244 247 248 251 272 275 289 290 291 295 302 306 316 321 328 329 331 339 351 352 358 369 374 376 380 390 398 400 405 406 410 411 415 428 430 432 434 444 451 458 459 460 464 471 472 477 482 483 486 487 488 492 494 496
 111 : 4 5 8 20 22 27 29 33 36 37 43 50 53 55 56 60 63 65 67 72 75 84 93 99 101 114 115 119 121 130 134 135 137 138 139 140 142 143 147 153 159 160 163 166 170 175 181 201 202 203 206 212 224 225 229 234 236 252 259 262 265 273 285 286 287 294 299 301 307 309 314 317 319 333 342 344 348 349 353 357 359 361 362 372 377 382 387 392 394 402 409 413 417 419 420 424 425 427 437 439 441 449 461 463 466 476 478 479 481 491 495 497 499
 241 : 1 2 18 23 24 28 46 47 52 61 68 90 91 97 102 103 110 111 113 118 149 158 161 162 165 172 173 182 185 186 191 208 211 216 221 226 227 237 242 249 253 254 260 267 268 269 270 271 279 284 292 296 304 308 311 312 313 315 325 330 332 338 341 350 368 370 378 381 388 395 399 401 404 408 414 423 426 433 446 447 448 454 455 456 462 468 474 475 490
 439 : 3 10 11 13 15 16 19 21 25 35 38 45 54 57 59 62 64 70 73 78 82 85 86 87 94 98 100 106 107 124 125 129 151 169 176 177 178 183 187 188 190 192 198 199 204 207 209 210 228 232 235 239 240 245 246 250 257 258 261 263 264 274 276 277 282 283 303 310 322 324 326 335 340 343 356 366 367 371 383 384 389 391 397 407 412 431 435 436 440 443 450 452 457 467 470 473 485 489 493
SOLUTION:
  Value: -620516.000000
  Assigns: 101 170 241 439 170 111 241 101 111 469 439 439 101 439 101 439 469 469 241 439 111 469 111 241 241 170 101 170 241 111 101 101 101 111 101 439 111 170 439 170 469 170 170 111 170 439 241 241 469 101 469 101 241 111 439 111 111 439 170 439 111 241 439 111 439 111 170 111 241 101 170 469 170 439 170 469 101 170 170 439 101 439 439 469 111 439 439 469 469 170 241 170 101 111 170 101 101 170 439 111 439 111 241 241 439 170 439 170 111 101 241 170 101 241 469 111 170 170 469 111 101 469 170 101 439 439 469 469 101 439 111 101 101 469 111 469 439 111 111 111 111 101 469 111 469 469 101 170 170 241 101 439 170 111 101 469 101 170 469 111 111 241 241 111 101 241 469 469 170 439 111 101 241 469 170 111 439 439 439 241 101 111 170 439 101 241 241 439 439 170 439 170 170 469 469 170 170 111 439 170 101 111 111 111 439 101 170 439 469 439 170 241 111 439 469 469 241 101 101 170 469 170 241 111 111 469 241 241 439 111 170 101 439 101 170 439 170 241 469 170 439 111 241 101 101 439 439 101 101 469 170 469 469 241 241 469 439 170 439 111 469 439 111 439 439 469 170 241 241 241 241 241 101 111 170 101 439 469 469 241 469 241 439 439 170 469 111 111 439 101 101 101 170 439 111 170 241 101 439 469 170 111 101 439 241 101 101 111 241 111 439 241 241 241 111 241 101 111 101 111 111 101 469 469 439 469 439 170 101 101 241 469 469 111 170 439 101 170 241 101 469 241 111 439 170 241 439 469 469 111 241 469 101 111 170 111 439 170 101 111 241 111 111 170 111 469 439 439 170 101 241 170 111 170 101 101 101 469 241 111 101 469 111 439 439 101 469 111 241 170 469 439 469 170 111 241 170 469 101 241 101 241 111 111 170 170 101 439 241 469 101 101 439 111 241 101 101 170 469 111 111 241 469 241 469 170 170 111 101 241 170 439 101 241 469 170 439 111 170 111 439 111 170 439 101 241 469 241 170 111 439 101 439 170 170 170 170 439 101 101 170 111 170 111 101 101 111 439 241 170 439 101 469 439 241 241 111 101 111 111 469 111 101 170 469 439 170 101 469 469 241 469 101 439 101 111 469 111 241 111 
  Facilities: 6
 101 : 0 7 12 14 26 30 31 32 34 49 51 69 76 80 92 95 96 109 112 120 123 128 131 132 141 146 150 154 156 164 171 180 184 200 205 217 218 231 233 243 244 247 248 272 275 289 290 291 297 302 305 306 316 318 321 328 329 336 339 352 358 369 374 375 376 380 385 398 400 406 410 411 415 416 428 432 444 451 458 459 464 465 471 477 482 487 492 494
 111 : 5 8 20 22 29 33 36 43 53 55 56 60 63 65 67 84 93 99 101 108 115 119 130 134 137 138 139 140 143 153 159 160 163 170 175 181 197 201 202 203 212 223 224 229 241 259 262 273 286 287 294 301 307 309 314 317 319 320 333 342 349 353 355 359 361 362 364 372 379 382 387 394 402 403 413 419 420 427 437 439 441 449 461 463 466 476 478 479 481 495 497 499
 170 : 1 4 25 27 37 39 41 42 44 58 66 70 72 74 77 78 89 91 94 97 105 107 111 116 117 122 147 148 152 157 168 174 182 189 191 192 195 196 199 206 210 219 221 230 234 236 239 250 257 266 274 284 292 295 300 327 334 337 344 354 357 363 368 371 373 389 393 396 404 405 417 425 426 430 435 438 442 448 453 454 455 456 460 462 469 483 486
 241 : 2 6 18 23 24 28 46 47 52 61 68 90 102 103 110 113 149 161 162 165 172 179 185 186 211 216 222 226 227 237 242 253 254 267 268 269 270 271 279 281 296 304 308 311 312 313 315 330 338 341 345 350 360 370 378 388 395 399 401 408 414 421 423 429 433 445 447 468 474 475 490 498
 439 : 3 10 11 13 15 19 35 38 45 54 57 59 62 64 73 79 81 82 85 86 98 100 104 106 124 125 129 136 151 169 176 177 178 183 187 188 190 198 204 207 209 213 228 232 235 240 245 246 256 258 261 263 264 276 282 283 288 293 298 303 310 324 326 335 343 346 356 366 367 383 384 391 407 412 431 436 440 443 450 452 457 467 470 473 485 493
 469 : 9 16 17 21 40 48 50 71 75 83 87 88 114 118 121 126 127 133 135 142 144 145 155 158 166 167 173 193 194 208 214 215 220 225 238 249 251 252 255 260 265 277 278 280 285 299 322 323 325 331 332 340 347 348 351 365 377 381 386 390 392 397 409 418 422 424 434 446 472 480 484 488 489 491 496
SOLUTION:
  Value: -620541.000000
  Assigns: 338 335 241 335 466 111 338 111 111 28 466 338 241 338 466 466 28 28 241 28 111 335 111 241 241 466 111 111 241 111 338 466 466 338 466 335 111 466 338 28 335 466 335 338 466 28 241 241 28 466 466 28 338 111 466 466 338 28 338 241 111 241 338 111 466 111 111 111 241 241 338 335 111 466 28 335 338 466 338 28 466 28 335 28 111 335 335 466 28 28 338 466 28 338 28 335 466 338 335 111 338 111 241 338 28 338 241 466 28 28 241 241 335 241 335 111 466 28 335 111 466 466 28 338 111 241 28 28 466 466 111 466 466 335 111 111 28 111 111 111 111 466 466 338 335 338 335 338 466 241 241 335 28 466 466 28 338 335 466 111 111 241 241 335 28 241 335 335 466 466 111 111 335 241 28 111 241 338 241 28 338 111 335 466 335 466 241 335 338 28 28 241 335 466 335 241 28 28 335 28 338 111 111 111 111 241 111 338 338 338 338 241 111 466 335 338 241 335 335 466 28 338 28 28 338 338 466 241 466 111 338 111 111 338 338 28 335 241 28 466 111 28 241 335 338 338 466 111 241 466 466 335 111 241 241 28 28 466 335 111 241 28 111 241 335 338 28 241 241 241 241 241 338 338 335 111 335 335 335 241 28 466 241 466 241 335 111 111 28 466 335 466 338 28 111 335 241 28 466 335 338 111 338 466 241 28 466 111 241 111 466 335 241 241 338 241 338 111 28 111 28 335 466 335 466 241 466 338 111 338 241 111 241 111 28 338 28 338 241 241 466 241 111 466 338 28 28 28 338 338 241 466 335 111 28 28 466 111 241 338 28 111 466 28 28 466 466 338 335 466 241 335 338 28 338 466 335 111 241 28 241 241 111 241 338 466 28 111 241 338 338 466 466 28 111 466 335 335 335 241 28 241 111 28 241 338 338 241 241 111 335 335 28 111 241 335 28 111 28 111 111 28 338 335 111 111 466 111 111 28 28 338 335 241 335 338 466 111 466 335 241 111 338 335 335 338 338 241 241 111 466 241 466 28 335 241 335 28 28 111 335 466 338 111 241 28 466 28 241 335 335 466 338 338 241 335 111 338 111 111 28 111 335 335 335 338 335 466 241 335 241 111 28 335 335 111 335 111 28 111 
  Facilities: 6
 28 : 9 16 17 19 39 45 48 51 57 74 79 81 83 88 89 92 94 104 108 109 117 122 126 127 136 152 155 164 174 179 189 190 196 197 199 220 222 223 235 238 241 255 256 261 266 280 288 293 297 305 318 320 334 336 345 346 347 354 355 360 363 364 373 379 386 393 400 403 412 416 418 421 429 430 453 457 458 465 467 480 492 498
 111 : 5 7 8 20 22 26 27 29 36 53 60 63 65 66 67 72 84 99 101 115 119 124 130 134 135 137 138 139 140 159 160 170 171 175 181 201 202 203 204 206 212 229 231 232 240 247 252 259 262 275 286 287 294 301 307 309 317 319 328 331 333 342 353 357 361 377 382 387 394 402 409 413 417 419 420 424 425 427 428 437 441 449 459 463 476 478 479 481 491 495 497 499
 241 : 2 12 18 23 24 28 46 47 59 61 68 69 102 106 110 111 113 125 149 150 161 162 165 173 176 178 186 191 195 205 211 216 227 237 242 248 253 254 260 263 267 268 269 270 271 279 282 284 296 304 308 312 313 315 325 330 332 338 339 341 350 358 370 378 380 381 383 388 399 401 404 407 408 414 433 440 447 448 451 455 464 468 474 488 490
 335 : 1 3 21 35 40 42 71 75 82 85 86 95 98 112 114 118 133 144 146 151 157 163 166 167 172 182 184 187 192 194 198 214 217 218 236 243 251 258 264 274 276 277 278 285 290 295 299 311 321 323 352 368 371 376 396 397 398 410 411 415 423 432 434 439 443 444 454 456 460 469 470 475 482 483 484 486 489 493 494 496
 338 : 0 6 11 13 30 33 38 43 52 56 58 62 70 76 78 90 93 97 100 103 105 123 143 145 147 156 177 180 188 200 207 208 209 210 215 221 224 225 230 233 234 244 245 265 272 273 292 300 302 314 316 327 329 335 337 344 348 349 359 367 372 374 384 389 390 405 406 422 431 435 442 445 446 462 472 473 477 485
 466 : 4 10 14 15 25 31 32 34 37 41 44 49 50 54 55 64 73 77 80 87 91 96 107 116 120 121 128 129 131 132 141 142 148 153 154 158 168 169 183 185 193 213 219 226 228 239 246 249 250 257 281 283 289 291 298 303 306 310 322 324 326 340 343 351 356 362 365 366 369 375 385 391 392 395 426 436 438 450 452 461 466 471 487
SOLUTION:
  Value: -620557.000000
  Assigns: 44 257 44 44 111 44 44 101 111 28 439 439 101 439 101 439 257 28 44 439 111 257 111 257 439 257 101 111 111 111 257 101 101 111 101 439 111 111 439 44 44 101 28 111 44 439 111 257 28 101 111 101 44 111 439 111 111 439 28 439 111 101 439 111 439 257 101 111 257 101 439 44 111 44 28 111 101 101 257 28 28 28 439 28 111 439 439 439 28 28 28 257 28 111 439 101 101 44 257 44 439 111 111 28 257 44 439 44 28 28 257 439 101 28 111 111 44 28 28 111 101 44 28 101 439 439 28 257 101 439 257 101 28 44 111 111 28 111 111 111 111 101 257 111 257 257 101 44 44 439 101 439 257 44 101 28 44 257 257 111 111 28 44 257 101 44 111 28 101 439 111 101 44 257 28 111 439 257 439 28 101 111 44 439 101 44 111 439 439 28 44 44 439 257 28 101 28 28 439 439 101 111 111 111 44 257 111 257 44 439 439 28 111 28 257 28 101 101 257 28 28 44 28 44 111 257 439 44 439 111 257 101 439 257 111 257 44 257 28 44 439 28 44 44 101 439 439 101 44 44 439 44 111 257 101 28 28 44 439 111 44 439 111 439 439 111 257 101 28 101 44 257 101 111 439 257 439 439 28 44 28 28 439 257 439 257 111 111 28 101 101 101 257 28 111 257 101 28 28 111 28 111 101 257 44 28 101 111 28 111 439 111 257 257 44 257 101 111 257 111 28 257 439 44 439 257 439 257 101 44 44 101 257 111 28 439 28 44 257 101 439 111 111 44 257 28 28 44 111 111 439 101 101 111 44 28 257 111 101 257 28 111 111 28 28 28 439 439 257 101 28 439 111 44 101 28 101 257 439 28 101 257 111 439 439 44 28 111 257 44 257 439 257 28 111 28 28 257 257 439 101 44 111 28 44 101 44 439 44 111 257 101 257 111 28 101 28 111 28 111 111 28 28 257 257 111 257 111 101 257 101 439 101 44 44 439 439 111 257 111 439 111 28 439 257 257 28 257 44 44 439 101 439 28 101 44 257 439 101 101 257 111 257 111 101 28 44 44 101 44 439 101 257 439 101 44 111 101 111 111 28 111 257 101 44 257 257 101 101 439 439 111 101 439 101 111 101 111 28 111 
  Facilities: 6
 28 : 9 17 42 48 58 74 79 80 81 83 88 89 90 92 103 108 109 113 117 118 122 126 132 136 155 161 167 174 179 189 194 196 197 211 213 215 219 220 222 238 241 255 256 268 278 280 281 288 293 297 298 300 305 308 320 334 336 345 346 355 360 363 364 365 370 375 379 386 393 395 396 403 414 416 418 421 422 442 446 453 465 480 498
 44 : 0 2 3 5 6 18 39 40 44 52 71 73 97 99 105 107 116 121 133 147 148 153 156 162 165 172 182 185 190 191 204 208 221 223 227 236 239 242 243 248 249 251 257 260 270 279 304 314 323 329 330 337 343 347 354 373 385 389 401 404 406 408 433 434 448 449 455 466 467 469 475 484
 101 : 7 12 14 26 31 32 34 41 49 51 61 66 69 76 77 95 96 112 120 123 128 131 141 146 150 154 164 168 171 180 184 195 200 216 217 231 244 247 254 267 269 272 289 290 291 296 302 306 316 328 331 339 351 352 358 369 374 376 380 400 405 411 415 428 430 432 451 454 458 459 464 468 471 474 477 483 487 488 492 494 496
 111 : 4 8 20 22 27 28 29 33 36 37 43 46 50 53 55 56 60 63 67 72 75 84 93 101 102 114 115 119 134 135 137 138 139 140 143 159 160 166 170 175 181 186 201 202 203 206 212 224 229 234 252 259 262 265 273 286 287 294 299 301 307 309 311 317 319 333 341 342 348 349 353 357 361 362 372 382 387 394 402 409 413 417 419 420 425 427 437 439 441 461 463 476 478 479 481 491 495 497 499
 257 : 1 16 21 23 25 30 47 65 68 78 91 98 104 110 127 130 142 144 145 152 157 158 163 173 177 193 205 207 214 218 225 230 233 235 237 253 266 271 275 283 285 292 295 303 312 313 315 318 321 325 327 332 338 344 356 359 368 377 381 388 390 392 397 398 410 412 423 424 426 429 438 444 445 447 456 460 462 472 482 485 486
 439 : 10 11 13 15 19 24 35 38 45 54 57 59 62 64 70 82 85 86 87 94 100 106 111 124 125 129 149 151 169 176 178 183 187 188 192 198 199 209 210 226 228 232 240 245 246 250 258 261 263 264 274 276 277 282 284 310 322 324 326 335 340 350 366 367 371 378 383 384 391 399 407 431 435 436 440 443 450 452 457 470 473 489 490 493
SOLUTION:
  Value: -620585.000000
  Assigns: 101 170 28 439 170 111 28 101 111 28 439 439 101 439 101 439 439 28 111 439 111 170 111 101 439 170 101 170 170 111 101 101 101 111 101 439 111 170 439 28 28 170 170 111 170 439 111 439 28 101 170 101 170 111 439 111 111 439 28 439 111 101 439 111 439 111 170 111 28 101 170 101 170 439 28 170 101 170 170 28 28 28 439 28 111 439 439 439 170 170 28 170 28 111 170 101 101 170 439 111 439 111 111 28 28 170 439 170 28 28 439 170 101 170 111 111 170 28 28 111 101 111 170 101 439 439 28 28 101 439 111 101 28 170 111 170 28 111 111 111 111 101 111 111 28 28 101 170 170 170 101 439 170 111 101 28 101 170 439 111 111 170 101 111 101 439 111 28 170 439 111 101 170 28 170 111 439 439 439 28 101 111 170 439 101 170 111 439 439 28 439 170 170 28 28 170 28 28 439 170 101 111 111 111 439 101 170 439 28 439 170 28 111 28 28 28 170 101 101 170 28 170 28 28 111 170 439 28 439 111 170 101 439 101 170 439 170 101 28 170 439 28 439 101 101 439 439 101 101 170 170 101 111 439 101 28 28 170 439 111 170 439 111 439 439 111 170 101 28 101 170 170 101 111 170 101 439 439 28 170 28 28 439 439 170 111 111 111 28 101 101 101 170 28 111 170 101 28 28 111 170 111 101 439 170 28 101 111 28 111 439 170 439 439 111 170 101 111 28 111 28 101 439 28 439 101 439 170 101 101 101 101 170 111 28 439 28 170 111 101 439 111 111 439 170 28 28 28 111 111 439 101 101 111 170 28 439 170 101 111 28 111 111 28 28 28 439 439 170 101 28 170 111 170 101 28 101 111 439 28 101 28 111 439 439 28 28 111 101 170 101 439 111 170 111 28 170 439 101 439 101 170 111 28 170 170 101 439 170 111 101 101 439 111 28 101 28 170 28 111 111 28 28 111 111 170 170 111 101 28 170 439 101 28 101 170 439 111 170 111 439 111 28 439 101 28 28 101 170 111 439 101 439 170 170 170 170 439 101 101 170 111 170 111 101 28 111 439 101 170 439 101 101 439 101 101 111 101 111 111 28 111 101 170 28 439 170 101 101 170 439 111 101 439 101 111 170 111 28 111 
  Facilities: 5
 28 : 2 6 9 17 39 40 48 58 68 74 79 80 81 83 90 92 103 104 108 109 117 118 126 127 132 136 144 145 155 167 173 179 189 193 194 196 197 208 211 213 214 215 220 222 223 227 238 241 255 256 268 278 280 281 288 293 297 298 305 308 318 320 323 334 336 345 346 347 355 360 363 364 365 370 375 379 381 385 386 395 403 414 416 418 421 422 429 433 442 445 446 465 480 484 498
 101 : 0 7 12 14 23 26 30 31 32 34 49 51 61 69 71 76 95 96 112 120 123 128 131 141 146 150 154 156 162 164 171 180 184 200 205 217 218 231 233 237 243 244 247 248 251 254 267 269 272 275 289 290 291 296 302 306 316 321 325 328 329 330 331 339 351 352 358 369 374 376 380 388 390 398 400 406 410 411 415 428 432 434 444 447 451 458 459 464 468 471 472 474 475 477 482 487 488 492 494
 111 : 5 8 18 20 22 29 33 36 43 46 53 55 56 60 63 65 67 84 93 99 101 102 114 115 119 121 130 134 137 138 139 140 142 143 153 159 160 163 166 170 175 181 186 201 202 203 212 224 229 252 259 262 265 273 285 286 287 294 299 301 307 309 314 317 319 333 338 341 342 348 349 353 359 361 362 372 377 382 387 392 394 402 409 413 419 420 423 424 427 437 439 441 449 461 463 466 476 478 479 481 491 495 497 499
 170 : 1 4 21 25 27 28 37 41 42 44 50 52 66 70 72 75 77 78 88 89 91 94 97 105 107 111 113 116 122 133 135 147 148 149 152 157 161 168 172 174 182 185 191 192 195 199 206 210 216 219 221 225 230 234 236 239 249 250 257 260 266 270 271 274 279 284 292 295 300 304 311 315 327 332 337 344 354 357 368 371 373 389 393 396 401 404 405 408 417 425 426 430 435 438 448 453 454 455 456 460 462 469 483 486 489 496
 439 : 3 10 11 13 15 16 19 24 35 38 45 47 54 57 59 62 64 73 82 85 86 87 98 100 106 110 124 125 129 151 158 165 169 176 177 178 183 187 188 190 198 204 207 209 226 228 232 235 240 242 245 246 253 258 261 263 264 276 277 282 283 303 310 312 313 322 324 326 335 340 343 350 356 366 367 378 383 384 391 397 399 407 412 431 436 440 443 450 452 457 467 470 473 485 490 493
SOLUTION:
  Value: -620639.000000
  Assigns: 101 335 241 335 111 111 120 101 111 28 101 120 101 111 120 120 28 28 241 28 111 335 111 241 120 335 120 111 241 111 101 101 101 111 335 120 111 111 120 120 120 120 335 111 120 28 241 241 28 101 111 101 241 111 101 120 111 120 28 241 111 241 120 111 120 111 101 111 241 101 120 120 111 120 28 335 101 101 335 28 28 28 335 28 111 120 335 28 28 120 241 241 120 111 28 335 101 120 335 111 335 120 241 241 28 120 120 101 28 28 241 241 101 120 335 111 28 28 335 111 101 111 120 101 101 241 28 28 101 335 111 101 28 335 111 111 28 111 111 111 111 101 111 111 335 28 101 120 28 241 101 120 101 335 101 28 101 120 241 111 120 120 241 335 101 241 335 335 101 28 111 101 335 241 28 111 241 335 120 28 101 111 120 120 101 241 241 335 335 28 28 241 335 28 335 101 28 28 120 28 101 111 111 111 111 101 111 120 241 335 101 241 111 120 335 28 241 101 335 28 28 241 28 28 111 120 241 241 111 111 28 101 111 120 335 28 335 241 28 28 111 28 241 335 101 120 120 101 120 120 120 335 120 120 241 28 28 335 335 111 241 28 111 120 335 111 28 241 241 241 241 241 101 111 101 101 335 335 335 241 28 28 241 335 241 335 111 111 28 101 335 101 120 28 111 335 241 28 28 335 28 111 101 120 241 28 101 111 241 111 101 335 241 241 120 120 101 111 28 111 28 335 120 335 335 241 111 120 101 101 120 120 241 111 120 335 28 28 241 101 335 241 111 120 120 28 28 28 111 111 241 101 335 111 28 28 120 111 101 111 28 111 111 28 28 28 120 120 335 101 241 335 111 28 101 28 335 111 241 28 120 241 111 241 28 120 28 111 241 120 101 101 120 28 111 241 335 335 335 241 101 241 111 28 241 101 335 241 241 120 335 120 101 111 241 335 28 111 28 111 111 28 28 335 111 111 241 111 101 28 120 120 101 241 335 120 335 111 335 335 101 111 120 335 335 28 120 241 241 111 335 101 101 28 120 241 335 28 101 101 335 111 241 111 101 28 120 120 241 335 120 101 101 111 241 335 111 101 111 111 28 111 120 335 335 335 335 101 101 120 241 111 101 335 101 111 335 111 28 111 
  Facilities: 6
 28 : 9 16 17 19 45 48 58 74 79 80 81 83 87 88 94 104 108 109 116 117 126 127 132 136 145 148 155 169 174 179 189 190 193 196 197 199 215 219 220 222 223 230 235 238 239 241 255 256 261 266 280 281 288 293 297 298 300 305 318 320 336 337 345 346 347 354 355 360 363 364 365 373 375 379 384 386 393 403 416 418 421 422 429 445 453 457 465 480 498
 101 : 0 7 10 12 30 31 32 49 51 54 66 69 76 77 96 107 112 120 123 124 128 131 141 146 150 152 154 156 164 168 171 180 184 195 200 205 210 217 231 244 247 272 274 275 289 291 302 306 310 316 328 329 339 351 358 369 374 390 391 400 405 412 428 432 440 451 452 458 459 464 471 472 477 487 488 492 494
 111 : 4 5 8 13 20 22 27 29 33 36 37 43 50 53 56 60 63 65 67 72 84 93 99 115 119 121 130 134 135 137 138 139 140 142 143 159 170 175 181 201 202 203 204 206 212 224 228 229 232 240 259 262 265 273 286 287 294 301 307 309 317 319 326 333 342 348 349 353 357 359 361 362 372 377 382 387 394 402 413 417 419 420 424 425 427 437 441 449 461 463 473 476 478 479 481 491 495 497 499
 120 : 6 11 14 15 24 26 35 38 39 40 41 44 55 57 62 64 70 71 73 85 89 92 97 101 105 106 113 122 147 151 157 160 161 178 182 183 198 207 213 225 233 245 246 248 249 250 252 253 263 292 303 314 315 322 327 330 331 334 343 344 356 366 367 380 385 389 392 409 411 430 431 435 442 446 454 466 467 470 482 489
 241 : 2 18 23 28 46 47 52 59 61 68 90 91 102 103 110 111 125 149 158 162 165 173 176 185 186 191 208 211 216 221 226 227 237 242 254 260 267 268 269 270 271 279 282 284 296 304 308 312 313 325 332 338 341 350 370 378 381 383 388 395 399 401 404 407 408 414 426 433 447 448 455 462 468 474 490
 335 : 1 3 21 25 34 42 75 78 82 86 95 98 100 114 118 129 133 144 153 163 166 167 172 177 187 188 192 194 209 214 218 234 236 243 251 257 258 264 276 277 278 283 285 290 295 299 311 321 323 324 335 340 352 368 371 376 396 397 398 406 410 415 423 434 436 438 439 443 444 450 456 460 469 475 483 484 485 486 493 496
SOLUTION:
  Value: -620672.000000
  Assigns: 44 335 44 44 111 44 44 101 111 28 439 439 101 439 101 439 439 28 44 439 111 335 111 101 439 439 101 111 111 111 101 101 101 111 335 439 111 111 439 44 44 101 335 111 44 439 111 335 28 101 111 101 44 111 439 111 111 439 28 439 111 101 439 111 439 111 101 111 28 101 439 335 111 44 28 335 101 101 44 28 28 28 439 28 111 439 439 439 28 28 28 28 28 111 439 335 101 44 335 44 439 111 111 28 28 44 439 44 28 28 335 439 101 335 335 111 44 28 335 111 101 44 28 101 439 439 28 28 101 439 111 101 28 335 111 111 28 111 111 111 111 101 111 111 335 28 101 44 44 439 101 439 101 44 101 28 44 44 439 111 111 28 44 335 101 335 335 335 101 439 111 101 335 44 28 111 439 335 439 28 101 111 44 439 101 44 111 335 439 28 44 44 335 28 335 101 28 28 439 439 101 111 111 111 44 101 111 44 44 439 439 335 111 28 335 28 335 101 335 28 28 44 28 44 111 111 439 44 439 111 28 101 439 101 335 439 44 101 28 44 439 28 44 44 101 439 439 101 44 44 439 44 111 439 101 28 28 335 439 111 44 439 111 439 439 111 28 101 28 101 44 335 101 111 439 101 439 335 335 44 28 28 439 439 439 335 111 111 28 101 335 101 44 28 111 335 335 28 28 335 28 111 101 439 335 28 101 111 28 111 439 335 439 439 44 111 101 111 28 111 28 335 439 335 439 101 439 28 101 44 44 101 111 111 28 439 28 44 44 101 439 111 111 44 44 28 28 44 111 111 439 101 335 111 44 28 439 111 101 111 28 111 111 28 28 28 439 439 335 101 28 335 111 44 101 28 335 111 439 28 101 28 111 439 439 44 28 111 101 44 101 439 335 28 111 28 335 439 335 439 101 44 111 28 44 101 44 439 44 111 335 335 439 111 28 335 28 111 28 111 111 28 28 335 44 111 335 111 101 28 101 439 101 44 44 439 439 111 335 335 439 111 28 439 335 28 28 101 44 44 335 101 439 28 335 44 335 439 101 101 335 111 28 111 101 28 44 44 101 335 335 101 44 439 101 44 111 101 111 111 28 111 335 335 335 439 335 101 101 335 439 111 101 439 101 111 335 111 28 111 
  Facilities: 6
 28 : 9 17 48 58 68 74 79 80 81 83 88 89 90 91 92 103 104 108 109 117 122 126 127 132 136 145 155 161 174 179 189 193 196 197 213 215 219 220 222 230 238 241 255 256 266 268 280 281 288 293 297 298 300 305 308 318 320 327 334 336 345 346 355 360 363 364 365 370 375 379 381 386 393 395 403 414 416 418 421 422 429 442 445 446 453 462 465 480 498
 44 : 0 2 3 5 6 18 39 40 44 52 73 78 97 99 105 107 116 121 147 148 153 156 157 162 173 182 185 190 191 204 207 208 221 223 227 236 239 242 243 248 249 251 260 270 279 292 314 329 330 337 338 343 344 347 354 373 385 389 401 404 406 408 424 433 434 448 449 455 466 467 472 475
 101 : 7 12 14 23 26 30 31 32 41 49 51 61 66 69 76 77 96 112 120 123 128 131 141 146 150 152 154 164 168 171 180 184 195 200 205 217 231 233 237 244 247 254 267 269 272 275 289 291 302 306 316 325 328 331 339 351 358 369 374 380 388 390 400 405 428 430 432 447 451 458 459 464 468 471 474 477 487 488 492 494
 111 : 4 8 20 22 27 28 29 33 36 37 43 46 50 53 55 56 60 63 65 67 72 84 93 101 102 115 119 130 134 135 137 138 139 140 142 143 159 160 170 175 181 186 201 202 203 206 212 224 225 229 252 259 262 265 273 286 287 294 301 307 309 315 317 319 332 333 341 342 348 349 353 357 359 361 362 372 377 382 387 394 402 409 413 417 419 420 425 427 437 441 461 463 476 478 479 481 491 495 497 499
 335 : 1 21 34 42 47 71 75 95 98 110 113 114 118 133 144 163 165 166 167 172 177 187 192 194 211 214 216 218 234 257 271 277 278 285 290 295 296 299 304 311 321 323 352 368 371 376 392 396 398 410 411 415 423 426 438 439 444 450 454 456 460 469 470 482 483 484 486 489 496
 439 : 10 11 13 15 16 19 24 25 35 38 45 54 57 59 62 64 70 82 85 86 87 94 100 106 111 124 125 129 149 151 158 169 176 178 183 188 198 199 209 210 226 228 232 235 240 245 246 250 253 258 261 263 264 274 276 282 283 284 303 310 312 313 322 324 326 335 340 350 356 366 367 378 383 384 391 397 399 407 412 431 435 436 440 443 452 457 473 485 490 493
SOLUTION:
  Value: -620721.000000
  Assigns: 338 335 241 335 111 111 120 120 111 28 338 120 241 338 120 338 28 28 241 28 111 335 111 241 120 335 120 111 241 111 338 111 120 338 335 120 111 111 338 120 120 120 335 338 338 28 241 241 28 338 111 28 338 111 241 120 338 120 338 241 111 241 120 111 120 111 111 111 241 241 120 120 111 120 28 335 338 335 338 28 28 28 335 28 111 120 335 28 28 120 338 241 120 338 28 335 120 120 335 111 338 120 241 338 28 120 120 241 28 28 241 241 335 120 335 111 338 28 335 111 338 111 120 338 111 241 28 28 28 335 111 241 28 335 111 111 28 111 111 111 111 111 111 338 335 338 120 120 28 241 241 120 28 335 28 28 338 120 241 111 120 120 241 335 120 241 335 335 111 28 111 111 335 241 28 111 241 338 120 28 338 111 120 120 335 338 241 335 338 28 28 241 335 338 335 241 28 28 120 28 338 111 111 111 111 241 111 120 338 338 338 241 111 120 335 338 241 335 335 28 28 338 28 28 338 120 241 241 338 111 338 120 111 120 338 28 335 241 28 28 111 28 241 335 120 338 120 120 120 120 120 335 120 120 241 28 28 338 335 111 241 28 111 120 335 338 28 241 241 241 241 241 338 338 335 111 335 335 335 241 28 28 241 335 241 335 111 111 28 120 335 28 120 28 111 335 241 28 28 335 338 111 338 120 241 28 338 111 241 111 120 335 241 241 120 120 338 111 28 111 28 335 338 335 335 241 111 120 120 338 120 120 241 111 120 338 28 338 241 241 335 241 111 120 338 28 28 28 338 338 241 338 335 111 28 28 120 111 241 338 28 111 111 28 28 28 120 120 335 338 241 335 338 28 338 28 335 111 241 28 120 241 111 241 338 120 28 111 241 120 338 338 120 28 111 241 335 335 335 241 28 241 111 28 241 338 338 241 241 120 335 120 28 111 241 335 28 111 28 111 111 28 338 335 111 111 241 111 111 28 120 338 335 241 335 338 335 111 335 335 241 111 120 335 335 338 338 241 241 111 335 241 120 28 120 241 335 28 28 120 335 111 338 111 241 28 120 120 241 335 120 241 338 338 241 335 111 338 111 111 28 111 120 335 335 338 335 120 241 120 241 111 28 335 335 111 335 111 28 111 
  Facilities: 6
 28 : 9 16 17 19 45 48 51 74 79 80 81 83 87 88 94 104 108 109 117 126 127 128 132 136 148 152 154 155 169 174 179 189 190 196 197 199 219 220 222 223 235 238 239 241 255 256 261 266 280 281 288 291 293 297 298 305 318 320 336 345 346 347 354 355 360 363 364 365 373 375 379 386 393 400 403 412 416 418 421 429 453 457 458 465 480 492 498
 111 : 4 5 8 20 22 27 29 31 36 37 50 53 60 63 65 66 67 72 84 99 115 119 121 124 130 134 135 137 138 139 140 141 142 159 168 170 171 175 181 201 202 203 204 206 212 229 232 240 259 262 275 286 287 294 301 307 309 317 319 326 333 342 353 357 361 362 377 382 387 394 402 413 417 419 420 424 425 427 428 437 441 449 461 463 476 478 479 481 491 495 497 499
 120 : 6 7 11 14 24 26 32 35 39 40 41 55 57 62 64 70 71 73 85 89 92 96 97 101 105 106 113 122 146 147 151 157 160 161 164 178 182 183 198 207 213 225 231 233 244 246 247 248 249 250 252 253 263 289 292 303 310 314 315 327 328 330 331 334 343 356 366 367 380 385 389 392 409 411 430 442 452 454 459 466 467 470 482 487 489
 241 : 2 12 18 23 28 46 47 54 59 61 68 69 91 102 107 110 111 125 131 149 150 158 162 165 173 176 186 191 195 205 211 216 226 227 237 242 254 260 267 268 269 270 271 279 282 284 296 304 308 312 313 325 332 338 339 341 350 358 370 378 381 383 388 395 399 401 404 407 408 414 426 433 440 447 448 451 455 464 468 471 474 488 490
 335 : 1 3 21 25 34 42 75 77 82 86 95 98 112 114 118 129 133 144 153 163 166 167 172 184 187 192 194 214 217 218 236 243 251 258 264 274 276 277 278 283 285 290 295 299 311 321 323 324 340 352 368 371 376 396 397 398 410 415 423 432 434 436 438 439 443 444 450 456 460 469 475 483 484 486 493 494 496
 338 : 0 10 13 15 30 33 38 43 44 49 52 56 58 76 78 90 93 100 103 116 120 123 143 145 156 177 180 185 188 193 200 208 209 210 215 221 224 228 230 234 245 257 265 272 273 300 302 306 316 322 329 335 337 344 348 349 351 359 369 372 374 384 390 391 405 406 422 431 435 445 446 462 472 473 477 485
SOLUTION:
  Value: -620735.000000
  Assigns: 338 335 28 335 111 111 338 101 111 28 439 439 101 439 101 439 439 28 111 439 111 335 111 101 439 439 101 111 111 111 338 101 101 338 335 439 111 111 439 28 335 101 335 338 338 439 111 335 28 101 111 101 338 111 439 111 338 439 338 439 111 101 439 111 439 111 101 111 28 101 439 335 111 439 28 335 338 101 338 28 28 28 439 28 111 439 439 439 28 28 338 28 28 338 439 335 101 338 335 111 439 111 111 338 28 101 439 439 28 28 335 439 101 338 335 111 338 28 335 111 101 111 28 101 439 439 28 28 101 439 111 101 28 335 111 111 28 111 111 111 111 101 111 338 335 338 101 338 28 439 101 439 101 335 101 28 338 335 439 111 111 28 101 335 101 335 335 335 101 439 111 101 335 338 28 111 439 338 439 28 101 111 335 439 101 338 111 335 439 28 439 28 335 338 335 101 28 28 439 439 101 111 111 111 439 101 111 338 338 439 338 335 111 28 335 338 335 101 335 28 28 338 28 28 338 338 439 28 439 111 338 101 439 101 338 439 335 101 28 439 439 28 439 335 101 439 439 101 101 439 439 335 111 439 101 28 28 338 439 111 28 439 111 439 439 338 28 101 28 101 338 335 101 338 439 101 439 335 335 28 28 28 439 439 439 335 111 111 28 101 335 101 338 28 111 335 338 28 28 335 338 111 101 439 338 28 101 111 28 111 439 335 439 439 338 338 338 111 28 111 28 335 439 335 439 101 439 338 101 338 101 101 338 111 28 439 28 338 338 101 439 111 111 439 338 28 28 28 338 338 439 101 335 111 28 28 439 111 101 338 28 111 111 28 28 28 338 338 335 101 28 335 338 28 101 28 335 111 439 28 101 28 111 439 439 28 28 111 101 338 338 439 335 28 111 338 335 439 335 338 101 338 111 28 338 338 338 439 338 111 335 335 439 111 28 335 28 111 28 111 111 28 338 335 111 111 335 111 101 28 101 338 101 28 335 338 439 111 335 335 439 111 338 439 335 338 338 101 338 111 335 101 439 28 335 101 335 439 101 101 335 111 338 111 101 28 111 439 101 335 335 101 338 338 101 335 111 101 111 111 28 111 335 335 335 338 335 101 101 335 439 111 101 439 101 111 335 111 28 111 
  Facilities: 6
 28 : 2 9 17 39 48 68 74 79 80 81 83 88 89 91 92 104 108 109 117 122 126 127 132 136 148 155 161 174 179 189 191 196 197 213 219 220 222 223 227 238 241 255 256 260 266 268 279 280 281 288 293 297 298 305 308 318 320 334 336 345 346 347 354 355 360 363 364 365 370 373 375 379 381 385 386 393 403 414 416 418 421 429 433 453 465 480 498
 101 : 7 12 14 23 26 31 32 41 49 51 61 66 69 77 96 105 112 120 123 128 131 141 146 150 152 154 162 164 168 171 180 184 195 200 205 217 231 233 237 244 247 248 254 267 269 272 275 289 291 302 306 325 328 330 331 339 351 358 369 374 380 388 400 428 430 432 447 451 455 458 459 464 468 471 474 477 487 488 492 494
 111 : 4 5 8 18 20 22 27 28 29 36 37 46 50 53 55 60 63 65 67 72 84 99 101 102 115 119 121 130 134 135 137 138 139 140 142 159 160 170 175 181 186 201 202 203 206 212 229 252 259 262 286 287 294 301 307 309 317 319 333 341 342 353 357 361 362 377 382 387 394 402 409 413 417 419 420 424 425 427 437 441 449 461 463 466 476 478 479 481 491 495 497 499
 335 : 1 3 21 34 40 42 47 71 75 95 98 110 114 118 133 144 153 157 163 165 166 167 172 182 187 192 194 211 214 216 218 236 243 251 271 277 278 285 290 295 299 311 321 323 352 368 371 376 392 396 398 410 411 415 423 426 434 438 439 444 450 454 456 460 469 470 475 482 483 484 486 489 496
 338 : 0 6 30 33 43 44 52 56 58 76 78 90 93 97 103 113 116 143 145 147 156 173 177 185 193 207 208 210 215 221 224 225 230 234 257 265 270 273 292 296 300 304 314 315 316 327 329 332 337 338 344 348 349 359 366 367 372 389 390 395 399 401 404 405 406 408 422 431 435 442 445 446 448 462 472 473 485
 439 : 10 11 13 15 16 19 24 25 35 38 45 54 57 59 62 64 70 73 82 85 86 87 94 100 106 107 111 124 125 129 149 151 158 169 176 178 183 188 190 198 199 204 209 226 228 232 235 239 240 242 245 246 249 250 253 258 261 263 264 274 276 282 283 284 303 310 312 313 322 324 326 335 340 343 350 356 378 383 384 391 397 407 412 436 440 443 452 457 467 490 493
SOLUTION:
  Value: -620749.000000
  Assigns: 338 338 28 338 256 111 256 101 111 28 256 439 101 256 101 439 439 28 111 439 111 439 111 101 439 439 101 256 256 111 256 101 101 338 256 439 111 256 439 28 256 256 256 338 338 439 111 256 28 101 111 101 338 111 439 111 338 439 338 439 111 101 256 111 439 256 101 111 28 101 439 338 111 439 28 111 338 101 338 28 28 28 439 28 111 439 439 256 28 256 338 28 28 338 256 101 101 256 439 111 256 111 111 338 28 101 439 439 28 256 338 439 101 338 256 111 338 28 28 111 101 111 28 101 439 439 28 28 101 439 111 101 28 256 111 111 28 111 111 111 111 101 111 338 256 338 101 338 256 439 101 439 101 256 101 28 338 256 256 111 111 28 256 111 101 439 256 28 101 439 111 101 28 338 256 111 439 338 439 28 101 111 338 439 101 338 111 439 439 28 439 256 439 338 256 101 28 28 439 439 101 111 111 111 439 101 256 338 338 439 338 28 111 28 28 338 338 101 338 28 28 338 28 28 338 338 439 28 439 111 338 101 439 256 338 439 111 101 28 256 439 28 439 101 101 439 439 101 101 256 256 101 111 439 101 28 28 338 439 111 28 439 111 439 439 338 28 101 28 101 338 256 256 338 439 101 439 439 28 28 28 256 439 439 256 256 111 111 28 101 101 101 256 28 111 101 256 28 28 111 256 111 101 439 338 28 101 111 28 111 439 256 439 256 338 338 338 256 28 111 28 101 439 256 439 101 439 338 101 338 256 101 338 111 28 439 28 338 338 101 256 111 111 439 338 28 28 28 338 338 256 101 101 111 28 28 439 111 101 338 28 111 111 28 28 28 338 338 111 101 28 439 338 28 101 28 101 111 256 28 101 256 111 439 439 28 28 256 256 256 338 439 111 256 111 338 338 439 101 338 101 256 111 28 256 338 256 439 256 111 338 256 439 111 28 101 28 111 28 111 111 28 338 256 256 111 28 111 101 28 101 338 101 28 101 256 439 111 338 111 439 111 338 439 101 338 338 256 338 111 439 101 439 28 338 101 256 439 101 101 101 111 338 111 101 28 256 439 101 28 439 101 338 338 256 101 256 101 111 111 28 111 256 256 28 338 256 101 101 439 439 111 256 439 101 111 101 111 28 256 
  Facilities: 6
 28 : 2 9 17 39 48 68 74 79 80 81 83 88 91 92 104 108 117 118 122 126 127 132 136 155 161 167 172 179 189 196 197 211 213 214 219 220 222 223 227 238 241 255 256 260 266 268 278 279 280 288 293 297 298 305 308 318 320 334 336 345 346 347 354 355 360 363 364 365 370 373 375 379 385 386 403 414 416 418 421 426 429 433 453 465 469 480 484 498
 101 : 7 12 14 23 26 31 32 49 51 61 66 69 77 95 96 105 112 120 123 128 131 141 146 150 152 154 164 168 171 180 184 195 200 205 217 231 237 243 244 247 248 251 254 267 269 275 289 290 291 295 302 306 321 325 328 331 339 351 352 358 369 374 376 380 398 400 415 428 430 432 434 444 451 455 458 459 460 464 468 471 475 477 487 488 494 496
 111 : 5 8 18 20 22 29 36 46 50 53 55 60 63 67 72 75 84 99 101 102 115 119 121 130 134 135 137 138 139 140 142 159 160 163 170 175 181 186 201 202 203 212 229 236 252 259 262 286 287 294 299 301 307 309 319 333 341 342 353 357 361 362 368 377 382 392 394 402 409 413 417 419 420 425 427 437 439 441 449 461 463 478 479 481 491 495 497
 256 : 4 6 10 13 27 28 30 34 37 40 41 42 47 62 65 87 89 94 97 100 109 114 133 144 148 153 157 158 162 166 174 191 194 206 233 239 249 250 271 272 281 284 285 292 296 300 311 313 317 323 330 340 350 378 381 387 388 389 393 401 404 406 408 411 423 424 435 447 456 466 474 476 482 483 486 492 499
 338 : 0 1 3 33 43 44 52 56 58 71 76 78 90 93 103 110 113 116 143 145 147 156 173 177 182 185 193 207 208 210 215 216 218 221 224 225 230 234 257 265 270 273 304 314 315 316 327 329 332 337 338 344 348 349 359 366 367 372 390 395 396 399 405 410 422 431 438 442 445 446 448 454 462 472 473 485
 439 : 11 15 16 19 21 24 25 35 38 45 54 57 59 64 70 73 82 85 86 98 106 107 111 124 125 129 149 151 165 169 176 178 183 187 188 190 192 198 199 204 209 226 228 232 235 240 242 245 246 253 258 261 263 264 274 276 277 282 283 303 310 312 322 324 326 335 343 356 371 383 384 391 397 407 412 436 440 443 450 452 457 467 470 489 490 493
