# Time: 39.009998
# Elapsed: 8.369059
# Input_file: splp/BildeKrarup/Eq/3/E3.10
# Pool_size: 200
# Iterations: 8
# Final_solutions: 1098
# Vision_range: 400
# Reduction_mode: REDUCTION_DISPERSE
# Dissimilitude: DISSIM_CLIENTDELTA
SOLUTION:
  Value: -25390.000000
  Assigns: 27 17 27 27 1 27 17 27 15 1 15 27 17 27 17 27 27 17 17 27 27 27 15 1 15 17 17 27 15 27 1 15 1 15 1 15 17 1 27 27 15 15 1 15 15 1 17 17 27 17 27 15 27 27 15 27 27 1 15 27 1 17 15 15 15 17 15 1 27 1 17 1 27 15 1 1 27 15 27 17 17 17 17 1 27 1 15 27 17 15 27 17 15 1 27 27 1 15 15 27 
  Facilities: 4
 1 : 4 9 23 30 32 34 37 42 45 57 60 67 69 71 74 75 83 85 93 96
 15 : 8 10 22 24 28 31 33 35 40 41 43 44 51 54 58 62 63 64 66 73 77 86 89 92 97 98
 17 : 1 6 12 14 17 18 25 26 36 46 47 49 61 65 70 79 80 81 82 88 91
 27 : 0 2 3 5 7 11 13 15 16 19 20 21 27 29 38 39 48 50 52 53 55 56 59 68 72 76 78 84 87 90 94 95 99
SOLUTION:
  Value: -25908.000000
  Assigns: 39 3 32 39 32 3 32 39 3 46 38 46 32 38 39 46 32 3 3 3 39 3 39 32 46 32 3 32 32 32 38 38 38 39 39 32 38 32 3 32 39 3 38 3 46 32 38 38 32 38 39 39 39 39 3 38 46 38 32 32 39 3 46 3 3 46 38 39 38 39 38 46 38 39 46 3 46 39 46 3 38 32 39 3 3 32 38 32 39 32 38 46 39 3 32 46 39 38 38 39 
  Facilities: 5
 3 : 1 5 8 17 18 19 21 26 38 41 43 54 61 63 64 75 79 83 84 93
 32 : 2 4 6 12 16 23 25 27 28 29 35 37 39 45 48 58 59 81 85 87 89 94
 38 : 10 13 30 31 32 36 42 46 47 49 55 57 66 68 70 72 80 86 90 97 98
 39 : 0 3 7 14 20 22 33 34 40 50 51 52 53 60 67 69 73 77 82 88 92 96 99
 46 : 9 11 15 24 44 56 62 65 71 74 76 78 91 95
SOLUTION:
  Value: -25928.000000
  Assigns: 39 3 32 39 32 3 32 39 3 39 38 38 32 38 39 3 32 3 3 3 39 3 39 32 38 32 3 32 32 32 38 38 38 39 39 32 38 32 3 32 39 3 38 3 39 32 38 38 32 38 39 39 39 39 3 38 3 38 32 32 39 3 38 3 3 3 38 39 38 39 38 3 38 39 32 3 39 39 38 3 38 32 39 3 3 32 38 32 39 32 38 32 39 3 32 32 39 38 38 39 
  Facilities: 4
 3 : 1 5 8 15 17 18 19 21 26 38 41 43 54 56 61 63 64 65 71 75 79 83 84 93
 32 : 2 4 6 12 16 23 25 27 28 29 35 37 39 45 48 58 59 74 81 85 87 89 91 94 95
 38 : 10 11 13 24 30 31 32 36 42 46 47 49 55 57 62 66 68 70 72 78 80 86 90 97 98
 39 : 0 3 7 9 14 20 22 33 34 40 44 50 51 52 53 60 67 69 73 76 77 82 88 92 96 99
SOLUTION:
  Value: -25984.000000
  Assigns: 38 30 32 38 32 30 32 15 15 30 15 15 32 38 32 30 32 30 15 30 32 30 15 32 38 32 30 32 15 32 38 38 30 30 30 15 38 32 32 32 15 15 38 15 15 15 38 38 32 38 30 30 30 30 38 38 30 38 32 30 32 38 15 15 15 30 15 30 38 30 38 30 30 15 32 30 30 15 38 30 38 30 30 32 30 32 38 30 38 15 38 32 15 38 32 30 15 30 38 38 
  Facilities: 4
 15 : 7 8 10 11 18 22 28 35 40 41 43 44 45 62 63 64 66 73 77 89 92 96
 30 : 1 5 9 15 17 19 21 26 32 33 34 50 51 52 53 56 59 65 67 69 71 72 75 76 79 81 82 84 87 95 97
 32 : 2 4 6 12 14 16 20 23 25 27 29 37 38 39 48 58 60 74 83 85 91 94
 38 : 0 3 13 24 30 31 36 42 46 47 49 54 55 57 61 68 70 78 80 86 88 90 93 98 99
SOLUTION:
  Value: -26165.000000
  Assigns: 3 3 46 17 46 3 17 46 3 30 17 46 46 17 17 46 30 17 17 3 3 30 46 30 46 17 17 30 46 17 17 30 30 30 3 17 17 46 3 3 3 3 30 3 46 46 17 17 3 17 30 46 30 30 3 46 30 30 3 30 30 17 46 3 3 30 17 17 17 30 17 46 30 17 46 3 30 30 46 3 17 17 17 3 3 46 3 30 17 17 46 46 46 3 3 46 3 30 17 3 
  Facilities: 4
 3 : 0 1 5 8 19 20 34 38 39 40 41 43 48 54 58 63 64 75 79 83 84 86 93 94 96 99
 17 : 3 6 10 13 14 17 18 25 26 29 30 35 36 46 47 49 61 66 67 68 70 73 80 81 82 88 89 98
 30 : 9 16 21 23 27 31 32 33 42 50 52 53 56 57 59 60 65 69 72 76 77 87 97
 46 : 2 4 7 11 12 15 22 24 28 37 44 45 51 55 62 71 74 78 85 90 91 92 95
SOLUTION:
  Value: -26259.000000
  Assigns: 27 41 27 38 1 42 1 42 1 1 42 27 38 27 1 42 27 27 41 27 42 27 42 1 38 41 41 27 41 41 38 41 42 27 42 42 38 1 27 42 42 42 38 38 41 1 38 41 41 38 27 42 41 27 38 38 27 38 38 42 42 38 38 41 1 41 41 1 38 1 38 41 38 1 1 42 27 41 42 41 38 42 42 1 27 1 38 27 41 1 27 27 41 1 27 27 1 38 38 38 
  Facilities: 5
 1 : 4 6 8 9 14 23 37 45 64 67 69 73 74 83 85 89 93 96
 27 : 0 2 11 13 16 17 19 21 27 33 38 50 53 56 76 84 87 90 91 94 95
 38 : 3 12 24 30 36 42 43 46 49 54 55 57 58 61 62 68 70 72 80 86 97 98 99
 41 : 1 18 25 26 28 29 31 44 47 48 52 63 65 66 71 77 79 88 92
 42 : 5 7 10 15 20 22 32 34 35 39 40 41 51 59 60 75 78 81 82
SOLUTION:
  Value: -26282.000000
  Assigns: 27 17 27 27 1 27 17 46 6 6 17 46 46 27 6 46 27 17 17 27 6 27 46 1 46 17 17 27 1 27 1 46 6 6 6 17 17 1 27 46 6 6 1 6 46 1 17 17 46 17 6 46 6 27 1 27 46 1 17 27 1 17 46 46 6 46 17 1 27 1 6 46 6 17 46 46 27 27 46 17 17 17 17 1 27 1 46 27 17 1 27 46 6 1 27 46 1 6 6 6 
  Facilities: 5
 1 : 4 23 28 30 37 42 45 54 57 60 67 69 83 85 89 93 96
 6 : 8 9 14 20 32 33 34 40 41 43 50 52 64 70 72 92 97 98 99
 17 : 1 6 10 17 18 25 26 35 36 46 47 49 58 61 66 73 79 80 81 82 88
 27 : 0 2 3 5 13 16 19 21 27 29 38 53 55 59 68 76 77 84 87 90 94
 46 : 7 11 12 15 22 24 31 39 44 48 51 56 62 63 65 71 74 75 78 86 91 95
SOLUTION:
  Value: -26534.000000
  Assigns: 27 41 27 38 38 42 42 42 27 41 42 27 38 27 27 42 27 27 41 27 42 27 42 42 38 41 41 27 41 41 38 41 42 27 42 42 38 27 27 42 42 42 38 38 41 42 38 41 41 38 27 42 41 27 38 38 27 38 38 42 42 38 38 41 42 41 41 42 38 27 38 41 38 41 38 42 27 41 42 41 38 42 42 27 27 38 38 27 41 38 27 27 41 38 27 27 42 38 38 38 
  Facilities: 4
 27 : 0 2 8 11 13 14 16 17 19 21 27 33 37 38 50 53 56 69 76 83 84 87 90 91 94 95
 38 : 3 4 12 24 30 36 42 43 46 49 54 55 57 58 61 62 68 70 72 74 80 85 86 89 93 97 98 99
 41 : 1 9 18 25 26 28 29 31 44 47 48 52 63 65 66 71 73 77 79 88 92
 42 : 5 6 7 10 15 20 22 23 32 34 35 39 40 41 45 51 59 60 64 67 75 78 81 82 96
SOLUTION:
  Value: -26626.000000
  Assigns: 38 30 15 38 38 30 38 15 15 30 15 15 38 38 30 30 38 30 15 30 38 30 15 30 38 30 30 38 15 15 38 38 30 30 30 15 38 30 15 38 15 15 38 15 15 15 38 38 15 38 30 30 30 30 38 38 30 38 15 30 30 38 15 15 15 30 15 30 38 30 38 30 30 15 15 30 30 15 38 30 38 30 30 30 30 38 38 30 38 15 38 15 15 38 15 30 15 30 38 38 
  Facilities: 3
 15 : 2 7 8 10 11 18 22 28 29 35 38 40 41 43 44 45 48 58 62 63 64 66 73 74 77 89 91 92 94 96
 30 : 1 5 9 14 15 17 19 21 23 25 26 32 33 34 37 50 51 52 53 56 59 60 65 67 69 71 72 75 76 79 81 82 83 84 87 95 97
 38 : 0 3 4 6 12 13 16 20 24 27 30 31 36 39 42 46 47 49 54 55 57 61 68 70 78 80 85 86 88 90 93 98 99
SOLUTION:
  Value: -26689.000000
  Assigns: 3 41 32 5 32 3 32 3 3 41 5 5 32 32 5 3 32 3 41 3 3 3 41 32 32 32 5 32 41 32 41 41 5 5 3 32 5 32 3 32 5 3 5 3 5 5 32 41 41 3 3 41 41 5 3 32 3 5 32 32 5 5 5 3 3 41 41 41 41 5 3 41 3 5 32 3 41 41 5 3 5 5 5 3 3 32 3 41 41 32 5 32 41 3 32 32 3 5 32 41 
  Facilities: 4
 3 : 0 5 7 8 15 17 19 20 21 34 38 41 43 49 50 54 56 63 64 70 72 75 79 83 84 86 93 96
 5 : 3 10 11 14 26 32 33 36 40 42 44 45 53 57 60 61 62 69 73 78 80 81 82 90 97
 32 : 2 4 6 12 13 16 23 24 25 27 29 35 37 39 46 55 58 59 74 85 89 91 94 95 98
 41 : 1 9 18 22 28 30 31 47 48 51 52 65 66 67 68 71 76 77 87 88 92 99
