# Time: 392.609985
# Elapsed: 244.448517
# Input_file: splp/CLSC/2433GapCS.txt
# Pool_size: 200
# Iterations: 27
# Final_solutions: 5100
# Vision_range: 400
# Reduction_mode: REDUCTION_DISPERSE
# Dissimilitude: DISSIM_HAUSDORFF
# Facility_dist: FDISMODE_MINDIST
SOLUTION:
  Value: -45131.000000
  Assigns: 40 6 19 0 83 79 23 40 23 79 69 66 94 57 94 5 57 79 19 79 5 69 94 6 5 37 19 6 56 79 0 40 66 79 56 69 40 66 83 83 0 23 5 79 56 5 79 94 94 5 40 58 58 19 19 69 79 37 23 66 69 94 69 6 5 57 94 40 58 58 56 56 5 19 40 37 69 6 23 0 83 37 37 57 57 58 83 83 19 83 66 0 0 19 66 19 66 19 0 0 
  Facilities: 15
 0 : 3 30 40 79 91 92 98 99
 5 : 15 20 24 42 45 49 64 72
 6 : 1 23 27 63 77
 19 : 2 18 26 53 54 73 88 93 95 97
 23 : 6 8 41 58 78
 37 : 25 57 75 81 82
 40 : 0 7 31 36 50 67 74
 56 : 28 34 44 70 71
 57 : 13 16 65 83 84
 58 : 51 52 68 69 85
 66 : 11 32 37 59 90 94 96
 69 : 10 21 35 55 60 62 76
 79 : 5 9 17 19 29 33 43 46 56
 83 : 4 38 39 80 86 87 89
 94 : 12 14 22 47 48 61 66
SOLUTION:
  Value: -48134.000000
  Assigns: 23 6 19 0 80 79 23 44 23 73 73 80 86 13 59 5 73 79 19 79 5 24 86 6 5 80 19 6 10 79 0 10 98 79 44 5 6 98 54 24 0 23 73 79 24 10 79 13 24 5 54 6 13 19 98 54 79 24 23 44 73 24 54 6 13 13 80 80 6 80 54 10 5 19 86 86 10 10 10 0 59 44 44 80 86 23 73 73 19 73 23 0 0 19 59 19 59 19 0 0 
  Facilities: 16
 0 : 3 30 40 79 91 92 98 99
 5 : 15 20 24 35 49 72
 6 : 1 23 27 36 51 63 68
 10 : 28 31 45 71 76 77 78
 13 : 13 47 52 64 65
 19 : 2 18 26 53 73 88 93 95 97
 23 : 0 6 8 41 58 85 90
 24 : 21 39 44 48 57 61
 44 : 7 34 59 81 82
 54 : 38 50 55 62 70
 59 : 14 80 94 96
 73 : 9 10 16 42 60 86 87 89
 79 : 5 17 19 29 33 43 46 56
 80 : 4 11 25 66 67 69 83
 86 : 12 22 74 75 84
 98 : 32 37 54
SOLUTION:
  Value: -51132.000000
  Assigns: 4 67 46 46 4 67 54 67 11 67 29 66 11 57 29 66 57 7 19 29 4 57 52 89 8 8 19 46 56 4 15 15 66 15 11 15 46 66 54 71 52 89 54 56 56 11 8 4 11 18 54 7 11 19 19 54 71 7 71 66 7 7 54 18 7 57 52 89 4 15 56 56 89 19 66 15 46 89 4 46 46 57 18 29 67 29 8 66 19 18 66 29 54 19 89 19 66 19 29 29 
  Facilities: 17
 4 : 0 4 20 29 47 68 78
 7 : 17 51 57 60 61 64
 8 : 24 25 46 86
 11 : 8 12 34 45 48 52
 15 : 30 31 33 35 69 75
 18 : 49 63 82 89
 19 : 18 26 53 54 73 88 93 95 97
 29 : 10 14 19 83 85 91 98 99
 46 : 2 3 27 36 76 79 80
 52 : 22 40 66
 54 : 6 38 42 50 55 62 92
 56 : 28 43 44 70 71
 57 : 13 16 21 65 81
 66 : 11 15 32 37 59 74 87 90 96
 67 : 1 5 7 9 84
 71 : 39 56 58
 89 : 23 41 67 72 77 94
SOLUTION:
  Value: -54143.000000
  Assigns: 40 5 19 82 83 50 38 40 95 82 29 41 95 57 29 5 57 42 42 29 5 57 52 90 52 37 19 47 56 38 77 40 38 47 56 47 40 29 83 82 41 95 95 56 56 95 42 90 83 41 40 38 57 19 90 41 41 42 38 52 41 42 47 40 5 57 52 40 50 52 56 56 5 19 40 77 47 50 77 42 83 37 37 29 90 29 83 83 19 47 90 29 38 38 47 47 77 19 77 29 
  Facilities: 18
 5 : 1 15 20 64 72
 19 : 2 26 53 73 88 97
 29 : 10 14 19 37 83 85 91 99
 37 : 25 81 82
 38 : 6 29 32 51 58 92 93
 40 : 0 7 31 36 50 63 67 74
 41 : 11 40 49 55 56 60
 42 : 17 18 46 57 61 79
 47 : 27 33 35 62 76 89 94 95
 50 : 5 68 77
 52 : 22 24 59 66 69
 56 : 28 34 43 44 70 71
 57 : 13 16 21 52 65
 77 : 30 75 78 96 98
 82 : 3 9 39
 83 : 4 38 48 80 86 87
 90 : 23 47 54 84 90
 95 : 8 12 41 42 45
SOLUTION:
  Value: -57115.000000
  Assigns: 40 5 19 74 4 55 38 40 95 63 29 12 12 57 59 5 12 77 19 12 5 57 52 12 52 37 19 47 56 74 77 40 38 47 59 74 40 63 74 37 41 95 95 56 56 95 55 4 37 41 40 55 57 19 63 41 41 37 38 52 41 55 74 40 5 57 52 40 4 52 56 56 5 19 40 77 47 4 77 74 59 37 37 29 57 29 63 63 19 47 37 29 38 38 59 19 59 19 77 29 
  Facilities: 19
 4 : 4 47 68 77
 5 : 1 15 20 64 72
 12 : 11 12 16 19 23
 19 : 2 18 26 53 73 88 95 97
 29 : 10 83 85 91 99
 37 : 25 39 48 57 81 82 90
 38 : 6 32 58 92 93
 40 : 0 7 31 36 50 63 67 74
 41 : 40 49 55 56 60
 47 : 27 33 76 89
 52 : 22 24 59 66 69
 55 : 5 46 51 61
 56 : 28 43 44 70 71
 57 : 13 21 52 65 84
 59 : 14 34 80 94 96
 63 : 9 37 54 86 87
 74 : 3 29 35 38 62 79
 77 : 17 30 75 78 98
 95 : 8 41 42 45
SOLUTION:
  Value: -57121.000000
  Assigns: 23 6 60 60 60 79 23 52 23 79 11 66 12 57 60 5 12 79 19 12 5 24 52 6 52 8 19 6 60 4 0 60 66 47 11 47 6 66 54 24 52 23 54 79 24 10 8 4 11 5 54 6 11 19 19 54 79 24 23 66 8 24 54 6 24 57 52 12 4 52 54 10 5 19 66 77 47 10 4 0 8 57 0 12 57 23 8 66 19 47 8 0 0 19 47 47 66 19 0 0 
  Facilities: 19
 0 : 30 79 82 91 92 98 99
 4 : 29 47 68 78
 5 : 15 20 49 72
 6 : 1 23 27 36 51 63
 8 : 25 46 60 80 86 90
 10 : 45 71 77
 11 : 10 34 48 52
 12 : 12 16 19 67 83
 19 : 18 26 53 54 73 88 93 97
 23 : 0 6 8 41 58 85
 24 : 21 39 44 57 61 64
 47 : 33 35 76 89 94 95
 52 : 7 22 24 40 66 69
 54 : 38 42 50 55 62 70
 57 : 13 65 81 84
 60 : 2 3 4 14 28 31
 66 : 11 32 37 59 74 87 96
 77 : 75
 79 : 5 9 17 43 56
SOLUTION:
  Value: -57124.000000
  Assigns: 40 5 15 70 61 55 38 40 11 73 29 12 12 58 59 5 12 77 58 12 5 70 77 12 70 37 55 47 56 38 77 15 38 47 11 15 40 29 12 37 41 61 73 56 56 11 11 90 11 41 40 55 11 41 90 41 41 37 70 70 73 55 47 40 5 12 59 40 58 15 56 56 5 61 40 77 47 15 77 90 59 37 37 29 59 58 73 73 59 47 90 29 38 38 59 47 59 77 77 29 
  Facilities: 19
 5 : 1 15 20 64 72
 11 : 8 34 45 46 48 52
 12 : 11 12 16 19 23 38 65
 15 : 2 31 35 69 77
 29 : 10 37 83 91 99
 37 : 25 39 57 81 82
 38 : 6 29 32 92 93
 40 : 0 7 36 50 63 67 74
 41 : 40 49 53 55 56
 47 : 27 33 62 76 89 95
 55 : 5 26 51 61
 56 : 28 43 44 70 71
 58 : 13 18 68 85
 59 : 14 66 80 84 88 94 96
 61 : 4 41 73
 70 : 3 21 24 58 59
 73 : 9 42 60 86 87
 77 : 17 22 30 75 78 97 98
 90 : 47 54 79 90
SOLUTION:
  Value: -57130.000000
  Assigns: 40 5 19 70 68 55 38 40 95 63 29 41 95 57 59 5 57 42 42 55 5 70 77 90 70 37 19 68 56 38 77 40 38 44 44 5 40 63 44 37 41 95 95 56 56 95 42 90 44 41 40 55 68 19 90 41 41 42 70 44 41 55 63 40 5 68 59 40 42 70 56 56 5 19 40 77 77 95 77 42 59 37 37 29 59 29 63 63 19 38 90 29 38 38 59 19 59 19 77 29 
  Facilities: 19
 5 : 1 15 20 35 64 72
 19 : 2 26 53 73 88 95 97
 29 : 10 83 85 91 99
 37 : 25 39 81 82
 38 : 6 29 32 89 92 93
 40 : 0 7 31 36 50 63 67 74
 41 : 11 40 49 55 56 60
 42 : 17 18 46 57 68 79
 44 : 33 34 38 48 59
 55 : 5 19 51 61
 56 : 28 43 44 70 71
 57 : 13 16
 59 : 14 66 80 84 94 96
 63 : 9 37 62 86 87
 68 : 4 27 52 65
 70 : 3 21 24 58 69
 77 : 22 30 75 76 78 98
 90 : 23 47 54 90
 95 : 8 12 41 42 45 77
SOLUTION:
  Value: -57131.000000
  Assigns: 40 5 60 3 60 55 38 40 11 63 29 41 11 3 59 5 62 42 42 55 5 62 52 90 52 37 55 60 60 38 77 40 38 47 11 47 40 63 62 37 41 41 5 62 41 10 42 90 11 41 40 55 11 41 90 41 41 42 38 52 3 55 63 62 5 60 52 40 42 52 3 10 5 3 40 77 47 10 77 42 59 37 3 29 90 29 63 63 59 47 90 29 38 38 59 47 59 77 77 29 
  Facilities: 19
 3 : 3 13 60 70 73 82
 5 : 1 15 20 42 64 72
 10 : 45 71 77
 11 : 8 12 34 48 52
 29 : 10 83 85 91 99
 37 : 25 39 81
 38 : 6 29 32 58 92 93
 40 : 0 7 31 36 50 67 74
 41 : 11 40 41 44 49 53 55 56
 42 : 17 18 46 57 68 79
 47 : 33 35 76 89 95
 52 : 22 24 59 66 69
 55 : 5 19 26 51 61
 59 : 14 80 88 94 96
 60 : 2 4 27 28 65
 62 : 16 21 38 43 63
 63 : 9 37 62 86 87
 77 : 30 75 78 97 98
 90 : 23 47 54 84 90
SOLUTION:
  Value: -57133.000000
  Assigns: 40 5 10 3 83 55 38 40 11 73 29 12 12 3 29 5 12 42 42 12 5 33 52 12 52 37 55 47 10 38 77 40 38 33 11 47 40 33 83 37 41 41 73 10 41 10 42 90 11 41 40 55 11 41 90 41 41 42 38 52 3 55 47 40 5 12 52 40 42 52 3 10 5 3 40 77 47 10 77 42 83 37 3 29 90 29 73 83 47 47 90 29 33 38 47 47 77 77 33 29 
  Facilities: 19
 3 : 3 13 60 70 73 82
 5 : 1 15 20 64 72
 10 : 2 28 43 45 71 77
 11 : 8 34 48 52
 12 : 11 12 16 19 23 65
 29 : 10 14 83 85 91 99
 33 : 21 33 37 92 98
 37 : 25 39 81
 38 : 6 29 32 58 93
 40 : 0 7 31 36 50 63 67 74
 41 : 40 41 44 49 53 55 56
 42 : 17 18 46 57 68 79
 47 : 27 35 62 76 88 89 94 95
 52 : 22 24 59 66 69
 55 : 5 26 51 61
 73 : 9 42 86
 77 : 30 75 78 96 97
 83 : 4 38 80 87
 90 : 47 54 84 90
