# Time: 1009.379944
# Elapsed: 306.898651
# Input_file: splp/CLSC/2733GapCS.txt
# Pool_size: 200
# Iterations: 38
# Final_solutions: 7300
# Vision_range: 400
# Reduction_mode: REDUCTION_DISPERSE
# Dissimilitude: DISSIM_HAUSDORFF
# Facility_dist: FDISMODE_MINDIST
SOLUTION:
  Value: -45156.000000
  Assigns: 95 59 73 6 29 29 74 84 99 48 48 15 48 6 24 95 74 24 73 74 74 95 74 24 95 88 73 84 24 55 99 6 95 48 15 99 24 15 6 24 15 55 99 15 55 48 24 99 73 4 29 95 84 84 74 74 55 73 99 84 95 55 59 99 55 4 6 95 29 73 84 4 88 29 29 6 6 73 59 55 15 99 15 88 29 4 74 48 99 29 4 96 48 96 59 59 96 88 88 88 
  Facilities: 15
 4 : 49 65 71 85 90
 6 : 3 13 31 38 66 75 76
 15 : 11 34 37 40 43 80 82
 24 : 14 17 23 28 36 39 46
 29 : 4 5 50 68 73 74 84 89
 48 : 9 10 12 33 45 87 92
 55 : 29 41 44 56 61 64 79
 59 : 1 62 78 94 95
 73 : 2 18 26 48 57 69 77
 74 : 6 16 19 20 22 54 55 86
 84 : 7 27 52 53 59 70
 88 : 25 72 83 97 98 99
 95 : 0 15 21 24 32 51 60 67
 96 : 91 93 96
 99 : 8 30 35 42 47 58 63 81 88
SOLUTION:
  Value: -54142.000000
  Assigns: 22 59 73 17 33 75 49 33 99 33 51 51 49 31 24 38 75 24 73 22 33 94 96 24 31 4 73 22 24 17 17 6 22 75 33 22 24 33 6 52 31 38 99 39 96 38 24 99 73 4 38 38 24 94 22 75 51 73 99 38 94 52 59 99 75 4 33 49 39 31 49 52 17 17 75 51 6 73 38 96 39 99 38 39 6 39 4 73 94 52 4 94 49 94 31 59 96 96 31 96 
  Facilities: 18
 4 : 25 49 65 86 90
 6 : 31 38 76 84
 17 : 3 29 30 72 73
 22 : 0 19 27 32 35 54
 24 : 14 17 23 28 36 46 52
 31 : 13 24 40 69 94 98
 33 : 4 7 9 20 34 37 66
 38 : 15 41 45 50 51 59 78 82
 39 : 43 68 80 83 85
 49 : 6 12 67 70 92
 51 : 10 11 56 75
 52 : 39 61 71 89
 59 : 1 62 95
 73 : 2 18 26 48 57 77 87
 75 : 5 16 33 55 64 74
 94 : 21 53 60 88 91 93
 96 : 22 44 79 96 97 99
 99 : 8 42 47 58 63 81
SOLUTION:
  Value: -57136.000000
  Assigns: 22 52 73 6 29 26 49 76 2 77 46 15 19 6 24 38 72 26 73 22 2 19 72 24 26 46 73 77 77 77 26 6 22 26 26 46 24 15 6 52 15 38 99 15 96 38 19 99 73 26 29 38 24 22 22 38 76 2 99 26 52 76 29 99 72 19 6 76 29 76 49 52 77 29 29 19 6 73 38 96 15 52 15 52 29 53 53 73 53 52 72 53 49 49 53 53 96 96 53 96 
  Facilities: 19
 2 : 8 20 57
 6 : 3 13 31 38 66 76
 15 : 11 37 40 43 80 82
 19 : 12 21 46 65 75
 22 : 0 19 32 53 54
 24 : 14 23 36 52
 26 : 5 17 24 30 33 34 49 59
 29 : 4 50 62 68 73 74 84
 38 : 15 41 45 51 55 78
 46 : 10 25 35
 49 : 6 70 92 93
 52 : 1 39 60 71 81 83 89
 53 : 85 86 88 91 94 95 98
 72 : 16 22 64 90
 73 : 2 18 26 48 77 87
 76 : 7 56 61 67 69
 77 : 9 27 28 29 72
 96 : 44 79 96 97 99
 99 : 42 47 58 63
SOLUTION:
  Value: -60125.000000
  Assigns: 22 52 73 6 29 26 49 77 2 77 46 51 19 6 24 38 72 26 73 22 2 19 72 24 45 46 73 77 77 77 26 6 22 26 26 46 24 15 6 52 15 38 99 15 45 38 19 99 73 51 29 38 24 22 22 38 51 2 99 26 52 52 29 99 72 19 6 45 29 45 49 52 77 29 29 45 6 73 38 45 15 52 15 52 29 53 53 73 53 52 72 53 49 49 53 53 96 96 53 96 
  Facilities: 20
 2 : 8 20 57
 6 : 3 13 31 38 66 76
 15 : 37 40 43 80 82
 19 : 12 21 46 65
 22 : 0 19 32 53 54
 24 : 14 23 36 52
 26 : 5 17 30 33 34 59
 29 : 4 50 62 68 73 74 84
 38 : 15 41 45 51 55 78
 45 : 24 44 67 69 75 79
 46 : 10 25 35
 49 : 6 70 92 93
 51 : 11 49 56
 52 : 1 39 60 61 71 81 83 89
 53 : 85 86 88 91 94 95 98
 72 : 16 22 64 90
 73 : 2 18 26 48 77 87
 77 : 7 9 27 28 29 72
 96 : 96 97 99
 99 : 42 47 58 63
SOLUTION:
  Value: -63137.000000
  Assigns: 22 52 73 43 33 94 49 76 37 33 46 22 49 31 24 38 49 24 73 22 33 94 96 37 31 46 73 22 46 17 17 6 22 37 33 22 24 33 6 37 31 38 99 34 96 38 24 99 73 4 38 38 24 94 22 38 76 73 99 38 94 76 93 99 37 93 33 76 34 76 49 34 17 17 34 6 6 73 38 93 17 99 38 43 6 44 4 73 94 52 4 94 49 94 31 44 96 96 31 96 
  Facilities: 21
 4 : 49 86 90
 6 : 31 38 75 76 84
 17 : 29 30 72 73 80
 22 : 0 11 19 27 32 35 54
 24 : 14 17 36 46 52
 31 : 13 24 40 94 98
 33 : 4 9 20 34 37 66
 34 : 43 68 71 74
 37 : 8 23 33 39 64
 38 : 15 41 45 50 51 55 59 78 82
 43 : 3 83
 44 : 85 95
 46 : 10 25 28
 49 : 6 12 16 70 92
 52 : 1 89
 73 : 2 18 26 48 57 77 87
 76 : 7 56 61 67 69
 93 : 62 65 79
 94 : 5 21 53 60 88 91 93
 96 : 22 44 96 97 99
 99 : 42 47 58 63 81
SOLUTION:
  Value: -66121.000000
  Assigns: 22 18 73 17 72 26 49 66 2 77 46 15 19 18 90 38 72 26 73 66 2 19 72 24 26 46 73 77 77 77 26 1 22 26 26 46 24 15 46 52 15 38 99 15 1 1 19 99 73 26 15 38 24 17 22 75 18 2 18 26 90 52 90 99 72 19 77 49 17 66 49 66 17 17 75 19 72 73 38 96 15 52 15 52 1 53 53 18 53 52 72 1 49 49 1 1 1 96 53 96 
  Facilities: 22
 1 : 31 44 45 84 91 94 95 96
 2 : 8 20 57
 15 : 11 37 40 43 50 80 82
 17 : 3 53 68 72 73
 18 : 1 13 56 58 87
 19 : 12 21 46 65 75
 22 : 0 32 54
 24 : 23 36 52
 26 : 5 17 24 30 33 34 49 59
 38 : 15 41 51 78
 46 : 10 25 35 38
 49 : 6 67 70 92 93
 52 : 39 61 81 83 89
 53 : 85 86 88 98
 66 : 7 19 69 71
 72 : 4 16 22 64 76 90
 73 : 2 18 26 48 77
 75 : 55 74
 77 : 9 27 28 29 66
 90 : 14 60 62
 96 : 79 97 99
 99 : 42 47 63
SOLUTION:
  Value: -66140.000000
  Assigns: 22 52 73 6 30 26 49 76 2 46 46 22 19 6 90 38 72 26 73 22 2 19 90 14 25 46 73 53 46 46 26 6 22 26 26 22 72 15 30 52 15 38 90 15 96 38 19 72 73 44 19 38 38 22 22 38 76 2 47 26 90 76 90 47 72 19 30 76 62 76 25 52 30 73 47 14 30 73 38 25 15 52 47 6 14 14 53 73 53 52 72 30 49 49 53 25 96 96 53 96 
  Facilities: 22
 2 : 8 20 57
 6 : 3 13 31 83
 14 : 23 75 84 85
 15 : 37 40 43 80
 19 : 12 21 46 50 65
 22 : 0 11 19 32 35 53 54
 25 : 24 70 79 95
 26 : 5 17 30 33 34 59
 30 : 4 38 66 72 76 91
 38 : 15 41 45 51 52 55 78
 44 : 49
 46 : 9 10 25 28 29
 47 : 58 63 74 82
 49 : 6 92 93
 52 : 1 39 71 81 89
 53 : 27 86 88 94 98
 62 : 68
 72 : 16 36 47 64 90
 73 : 2 18 26 48 73 77 87
 76 : 7 56 61 67 69
 90 : 14 22 42 60 62
 96 : 44 96 97 99
SOLUTION:
  Value: -69128.000000
  Assigns: 14 18 73 17 25 8 73 10 18 28 46 15 48 6 24 67 15 92 73 10 62 25 96 14 25 46 73 53 46 55 17 6 46 75 68 46 24 15 92 44 15 55 75 15 55 48 24 53 73 48 15 8 24 17 92 75 18 73 18 8 92 62 62 44 75 28 68 28 48 8 25 67 17 68 75 14 10 73 10 25 15 28 15 6 14 14 53 18 53 8 8 62 48 67 7 25 96 96 53 96 
  Facilities: 23
 6 : 13 31 83
 7 : 94
 8 : 5 51 59 69 89 90
 10 : 7 19 76 78
 14 : 0 23 75 84 85
 15 : 11 16 37 40 43 50 80 82
 17 : 3 30 53 72
 18 : 1 8 56 58 87
 24 : 14 36 46 52
 25 : 4 21 24 70 79 95
 28 : 9 65 67 81
 44 : 39 63
 46 : 10 25 28 32 35
 48 : 12 45 49 68 92
 53 : 27 47 86 88 98
 55 : 29 41 44
 62 : 20 61 62 91
 67 : 15 71 93
 68 : 34 66 73
 73 : 2 6 18 26 48 57 77
 75 : 33 42 55 64 74
 92 : 17 38 54 60
 96 : 22 96 97 99
SOLUTION:
  Value: -69141.000000
  Assigns: 22 59 73 6 30 26 49 10 99 46 46 22 19 6 22 44 72 26 73 10 71 19 72 14 25 46 73 53 71 46 26 6 22 26 26 46 72 15 30 52 15 76 99 15 96 71 19 72 73 44 19 71 71 22 22 10 76 73 99 26 52 76 59 47 72 19 30 76 10 76 25 52 30 73 47 14 30 73 59 25 15 52 47 6 14 14 53 73 53 52 72 30 49 5 59 25 96 96 53 96 
  Facilities: 23
 5 : 93
 6 : 3 13 31 83
 10 : 7 19 55 68
 14 : 23 75 84 85
 15 : 37 40 43 80
 19 : 12 21 46 50 65
 22 : 0 11 14 32 53 54
 25 : 24 70 79 95
 26 : 5 17 30 33 34 59
 30 : 4 38 66 72 76 91
 44 : 15 49
 46 : 9 10 25 29 35
 47 : 63 74 82
 49 : 6 92
 52 : 39 60 71 81 89
 53 : 27 86 88 98
 59 : 1 62 78 94
 71 : 20 28 45 51 52
 72 : 16 22 36 47 64 90
 73 : 2 18 26 48 57 73 77 87
 76 : 41 56 61 67 69
 96 : 44 96 97 99
 99 : 8 42 58
SOLUTION:
  Value: -72131.000000
  Assigns: 22 29 73 6 30 26 49 5 2 46 46 51 19 6 90 38 72 26 73 22 2 19 90 14 25 46 73 53 46 46 26 6 22 26 26 22 54 15 30 44 15 38 90 15 96 38 19 72 73 51 29 38 38 22 22 38 51 2 47 26 90 54 90 47 72 54 30 49 29 14 25 54 30 29 29 14 30 73 38 25 15 14 47 6 14 14 53 73 53 29 72 30 49 5 53 25 96 96 53 96 
  Facilities: 24
 2 : 8 20 57
 5 : 7 93
 6 : 3 13 31 83
 14 : 23 69 75 81 84 85
 15 : 37 40 43 80
 19 : 12 21 46
 22 : 0 19 32 35 53 54
 25 : 24 70 79 95
 26 : 5 17 30 33 34 59
 29 : 1 50 68 73 74 89
 30 : 4 38 66 72 76 91
 38 : 15 41 45 51 52 55 78
 44 : 39
 46 : 9 10 25 28 29
 47 : 58 63 82
 49 : 6 67 92
 51 : 11 49 56
 53 : 27 86 88 94 98
 54 : 36 61 65 71
 62 :
 72 : 16 47 64 90
 73 : 2 18 26 48 77 87
 90 : 14 22 42 60 62
 96 : 44 96 97 99
