# Time: 488.070007
# Elapsed: 140.635681
# Input_file: splp/KoerkelGhosh-sym/500/c/gs500c-2
# Pool_size: 400
# Iterations: 7
# Final_solutions: 2400
# Vision_range: 600
# Reduction_mode: REDUCTION_DISPERSE
# Dissimilitude: DISSIM_MSE
# Facility_dist: FDISMODE_SUMOFDELTAS
SOLUTION:
  Value: -620865.000000
  Assigns: 69 69 381 381 69 438 337 438 69 337 381 337 69 337 190 337 381 69 381 337 190 381 438 337 337 438 337 190 381 438 69 438 381 190 381 337 438 337 381 190 190 190 381 69 69 69 337 337 337 337 190 69 381 337 190 381 438 438 337 337 438 69 69 69 190 438 190 381 438 337 69 69 381 69 69 381 190 438 438 190 69 381 381 337 381 381 69 190 337 69 69 190 438 69 190 438 438 69 190 69 438 190 337 337 190 190 438 438 190 190 337 381 190 438 190 438 438 438 438 337 381 190 190 381 438 69 438 190 337 190 381 337 69 337 337 381 438 438 190 438 438 438 337 190 438 337 438 438 438 69 337 190 190 190 381 190 381 381 381 337 381 438 438 69 190 438 190 438 381 190 438 337 69 337 337 381 438 69 337 337 337 69 69 337 381 337 381 190 337 337 337 69 69 438 69 381 69 190 438 438 337 69 69 69 69 381 381 69 190 337 69 337 337 190 438 381 438 190 381 190 69 438 337 438 337 337 190 381 69 438 381 69 190 69 190 190 190 381 69 337 69 69 381 69 69 438 190 381 69 381 381 381 438 381 381 69 337 337 337 438 69 69 337 381 337 381 438 337 438 69 381 438 438 381 438 438 69 438 69 337 381 69 438 190 381 438 190 69 337 190 69 190 69 337 438 190 190 190 69 438 190 337 438 337 438 190 438 381 438 438 381 381 381 438 438 438 438 190 337 438 438 190 381 381 438 337 438 69 438 69 69 190 190 438 438 438 69 190 381 438 69 438 190 337 438 69 69 190 190 438 337 381 190 69 438 438 69 69 190 69 337 381 69 337 69 337 190 190 438 381 381 69 337 381 337 190 337 381 69 438 337 381 438 337 69 337 69 337 69 69 69 190 438 190 337 190 190 337 337 337 381 337 337 438 381 190 190 381 69 337 69 381 190 69 69 337 381 69 381 337 337 381 337 381 190 69 438 337 438 69 69 69 438 337 190 190 69 438 381 381 190 69 337 190 337 381 69 438 69 438 438 438 69 190 381 190 337 190 337 381 438 381 190 438 69 69 190 190 381 381 438 69 337 438 69 438 337 381 190 190 438 381 69 381 69 190 69 190 381 69 438 69 381 69 190 381 438 337 69 190 
  Facilities: 5
 69 : 0 1 4 8 12 17 30 43 44 45 51 61 62 63 70 71 73 74 80 86 89 90 93 97 99 125 132 149 163 172 177 181 182 191 192 194 196 201 202 203 204 207 210 220 228 231 233 238 240 241 243 244 248 255 260 261 269 276 278 281 287 290 292 298 327 329 330 336 340 345 346 353 356 357 359 362 364 371 378 384 386 388 389 390 408 410 413 414 417 425 429 430 431 436 441 446 448 452 464 465 471 474 482 484 486 489 491 493 498
 190 : 14 20 27 33 39 40 41 50 54 64 66 76 79 87 91 94 98 101 104 105 108 109 112 114 121 122 127 129 138 143 151 152 153 155 164 166 169 187 197 208 213 217 219 226 232 234 235 236 246 283 286 289 291 295 296 297 300 305 317 321 331 332 337 342 347 348 352 358 366 367 375 391 393 395 396 405 406 412 424 434 435 440 443 453 455 457 462 466 467 478 479 485 487 494 499
 337 : 6 9 11 13 15 19 23 24 26 35 37 46 47 48 49 53 58 59 69 83 88 102 103 110 119 128 131 133 134 142 145 150 159 171 173 174 178 179 180 183 185 188 189 190 200 209 211 212 222 224 225 239 256 257 258 262 264 267 279 288 293 301 303 318 325 343 350 360 363 365 372 374 376 380 383 385 387 394 397 398 399 401 402 409 415 419 420 422 427 433 442 444 456 458 472 476 497
 381 : 2 3 10 16 18 21 28 32 34 38 42 52 55 67 72 75 81 82 84 85 111 120 123 130 135 154 156 157 158 160 168 175 184 186 195 205 206 215 218 227 230 237 242 247 249 250 251 253 254 263 265 270 273 280 284 307 310 311 312 322 323 338 351 361 369 370 373 377 381 400 404 407 411 416 418 421 423 438 439 445 454 459 461 468 469 477 481 483 488 492 495
 438 : 5 7 22 25 29 31 36 56 57 60 65 68 77 78 92 95 96 100 106 107 113 115 116 117 118 124 126 136 137 139 140 141 144 146 147 148 161 162 165 167 170 176 193 198 199 214 216 221 223 229 245 252 259 266 268 271 272 274 275 277 282 285 294 299 302 304 306 308 309 313 314 315 316 319 320 324 326 328 333 334 335 339 341 344 349 354 355 368 379 382 392 403 426 428 432 437 447 449 450 451 460 463 470 473 475 480 490 496
SOLUTION:
  Value: -621019.000000
  Assigns: 69 69 185 423 423 438 185 438 69 423 423 185 69 336 336 423 336 69 185 423 336 185 438 69 336 438 336 185 185 438 185 438 423 423 423 336 423 438 185 336 185 438 423 69 69 69 336 336 423 69 336 69 69 423 69 336 438 438 423 185 438 69 336 69 336 438 185 185 423 336 69 69 438 69 336 336 336 438 438 185 69 423 423 438 336 336 69 423 69 185 336 185 438 69 423 438 438 69 423 423 438 69 438 336 423 185 438 336 423 336 185 185 423 438 336 438 438 423 438 69 423 336 69 423 438 69 438 185 423 438 423 185 423 336 185 423 438 438 423 438 438 438 336 185 438 438 438 438 438 69 185 69 438 336 438 438 185 69 423 423 69 423 423 69 69 438 336 438 336 423 438 69 69 69 423 438 185 69 423 336 185 69 423 185 336 423 336 69 185 423 423 69 69 438 423 185 423 69 423 438 438 69 69 69 336 423 185 69 423 185 69 438 438 336 336 438 438 185 423 336 69 438 185 438 185 423 336 423 69 423 336 69 423 69 336 438 423 438 69 423 69 423 185 69 69 438 423 336 69 336 438 336 438 336 185 185 69 69 336 438 69 69 185 336 336 69 438 336 438 69 185 423 438 69 336 185 69 336 185 438 336 336 185 423 69 336 69 69 336 185 69 423 69 438 438 423 423 423 69 438 438 438 423 423 438 423 438 185 336 438 185 185 69 438 438 438 185 336 336 438 438 438 423 438 438 438 438 69 185 69 69 336 336 185 438 185 423 185 185 423 69 336 423 336 438 185 185 423 336 438 69 423 185 69 185 438 69 69 185 69 185 185 69 69 69 423 185 69 438 423 423 69 336 336 438 423 423 336 185 185 423 423 438 423 69 438 185 336 185 423 69 185 438 423 185 423 69 336 423 438 423 438 423 438 69 185 185 438 69 423 69 185 185 69 336 185 438 185 336 185 185 336 336 185 185 69 438 336 423 69 69 185 438 185 69 185 336 423 438 185 423 69 438 336 423 69 69 438 69 185 185 336 69 423 423 185 336 69 185 423 438 423 185 438 423 185 336 423 336 185 185 69 336 438 69 438 185 423 438 336 336 336 185 185 69 336 185 438 336 423 438 423 336 69 185 336 438 69 69 423 
  Facilities: 5
 69 : 0 1 8 12 17 23 43 44 45 49 51 52 54 61 63 70 71 73 80 86 88 93 97 101 119 122 125 149 151 157 160 163 164 171 172 173 177 181 187 191 192 197 201 202 203 207 210 220 228 231 233 238 240 243 244 248 256 257 260 261 265 269 273 276 284 286 287 290 292 298 312 327 329 330 340 350 353 356 357 359 362 363 364 367 371 384 390 396 404 408 410 413 425 429 430 434 441 445 446 448 452 457 471 474 484 493 497 498
 185 : 2 6 11 18 21 27 28 30 38 40 59 66 67 79 89 91 105 110 111 127 131 134 143 150 156 176 180 183 188 195 206 209 217 222 224 242 254 255 262 270 275 278 282 289 307 310 311 316 328 333 335 337 338 345 346 352 354 358 360 361 366 378 379 386 388 391 394 405 406 411 412 415 417 419 420 423 424 431 433 435 439 449 450 455 458 462 465 469 470 476 482 483 486 494
 336 : 13 14 16 20 24 26 35 39 46 47 50 55 62 64 69 74 75 76 84 85 90 103 107 109 114 121 133 142 153 166 168 179 184 186 204 213 214 219 226 230 234 247 249 251 253 258 263 264 267 274 277 280 281 285 288 308 317 318 331 332 341 343 348 372 373 377 387 397 414 418 421 422 427 436 443 451 456 466 468 472 479 480 481 485 488 492 495
 423 : 3 4 9 10 15 19 32 33 34 36 42 48 53 58 68 81 82 87 94 98 99 104 108 112 117 120 123 128 130 132 135 138 158 159 161 162 169 174 178 182 185 189 190 194 196 198 205 208 218 225 227 229 232 236 239 241 246 271 283 291 295 296 297 302 303 305 322 336 339 342 347 351 365 369 370 375 376 380 381 383 389 393 395 398 400 402 409 428 437 440 444 453 454 459 461 464 467 477 489 491 499
 438 : 5 7 22 25 29 31 37 41 56 57 60 65 72 77 78 83 92 95 96 100 102 106 113 115 116 118 124 126 129 136 137 139 140 141 144 145 146 147 148 152 154 155 165 167 170 175 193 199 200 211 212 215 216 221 223 235 237 245 250 252 259 266 268 272 279 293 294 299 300 301 304 306 309 313 314 315 319 320 321 323 324 325 326 334 344 349 355 368 374 382 385 392 399 401 403 407 416 426 432 438 442 447 460 463 473 475 478 487 490 496
SOLUTION:
  Value: -621125.000000
  Assigns: 69 69 184 293 246 438 293 438 293 246 246 184 69 184 184 246 184 69 246 69 246 246 438 246 438 438 293 293 246 246 184 438 246 246 184 184 438 438 246 246 184 293 69 69 293 246 293 184 293 184 293 69 69 246 184 293 293 438 184 184 438 293 69 69 293 438 293 246 246 246 69 69 246 69 293 184 293 438 438 184 69 184 246 438 246 438 293 184 246 184 293 293 438 69 293 438 438 246 293 293 438 246 438 246 246 438 246 438 246 293 438 293 246 293 184 438 293 438 438 184 293 184 69 438 438 184 438 184 69 438 184 246 246 293 246 293 438 438 69 438 293 438 246 69 438 246 438 438 438 246 246 293 438 293 184 438 184 293 293 293 184 184 438 69 69 438 184 438 438 293 438 69 69 69 246 184 438 69 246 184 246 69 246 246 293 246 293 69 293 184 246 246 69 438 69 184 293 246 184 438 438 69 69 293 69 184 246 69 184 69 69 246 438 438 184 438 438 293 69 69 69 438 246 438 184 246 184 69 69 184 293 69 293 184 184 246 69 438 184 438 69 69 438 69 69 246 246 184 69 184 293 184 438 246 184 69 69 69 293 438 69 293 184 69 246 69 438 184 438 293 246 184 438 184 246 293 69 293 69 438 246 69 438 184 246 438 246 69 246 246 69 246 69 438 246 246 438 246 69 438 293 246 438 246 438 246 438 293 184 293 184 246 69 246 246 438 184 246 246 438 293 293 293 184 438 246 438 184 438 293 69 184 184 438 438 184 246 293 246 246 69 438 293 293 438 69 293 438 293 438 69 293 184 69 246 438 69 293 184 246 184 184 69 69 69 246 438 69 438 293 69 69 438 184 293 293 293 246 293 438 246 184 438 246 69 438 69 184 293 69 69 246 184 246 246 69 69 69 246 293 184 438 246 438 69 184 246 438 69 184 69 246 293 69 246 246 293 69 438 246 184 246 293 246 293 69 438 184 246 69 69 69 293 293 69 246 184 438 293 69 69 69 293 293 184 246 69 438 69 184 438 293 69 184 293 246 293 69 184 246 438 293 438 438 293 293 184 184 293 246 438 69 246 438 69 438 246 293 246 293 438 293 293 438 69 293 293 438 69 293 438 246 246 69 293 184 438 69 69 184 
  Facilities: 5
 69 : 0 1 12 17 19 42 43 51 52 62 63 70 71 73 80 93 122 128 138 143 163 164 171 172 173 177 181 187 192 194 201 202 204 207 209 210 218 219 220 227 228 231 236 240 241 243 244 248 255 256 257 260 263 265 276 278 281 287 290 292 298 312 330 340 345 350 353 356 362 363 364 367 370 371 384 386 389 390 395 396 397 404 408 410 413 417 425 429 430 431 434 439 440 441 446 448 452 457 471 474 484 488 493 497 498
 184 : 2 11 13 14 16 30 34 35 40 47 49 54 58 59 75 79 81 87 89 114 119 121 125 127 130 154 156 160 161 166 175 179 189 195 198 205 208 214 224 226 229 233 234 238 247 249 251 254 262 267 271 273 283 308 310 316 323 327 331 332 335 352 358 360 361 373 381 387 392 400 405 409 420 427 436 444 449 453 458 466 467 495 499
 246 : 4 9 10 15 18 20 21 23 28 29 32 33 38 39 45 53 67 68 69 72 82 84 88 97 101 103 104 106 108 112 131 132 134 142 145 149 150 174 178 180 182 183 185 190 191 197 206 211 222 225 235 245 246 253 264 270 274 280 284 286 288 289 291 294 295 297 301 303 305 311 313 314 317 318 325 336 338 339 354 359 365 377 380 383 391 393 394 398 402 406 411 414 415 419 421 423 428 435 445 455 459 469 472 476 478 491 492
 293 : 3 6 8 26 27 41 44 46 48 50 55 56 61 64 66 74 76 86 90 91 94 98 99 109 111 113 116 120 133 135 140 151 153 157 158 159 169 184 186 188 196 203 217 230 232 250 258 261 269 275 277 300 307 309 320 321 322 329 337 342 343 346 348 351 357 369 374 375 376 378 388 399 412 416 422 424 432 433 438 442 443 451 454 456 461 464 465 468 477 479 481 482 485 486 489 494
 438 : 5 7 22 24 25 31 36 37 57 60 65 77 78 83 85 92 95 96 100 102 105 107 110 115 117 118 123 124 126 129 136 137 139 141 144 146 147 148 152 155 162 165 167 168 170 176 193 199 200 212 213 215 216 221 223 237 239 242 252 259 266 268 272 279 282 285 293 296 299 302 304 306 315 319 324 326 328 333 334 341 344 347 349 355 366 368 372 379 382 385 401 403 407 418 426 437 447 450 460 462 463 470 473 475 480 483 487 490 496
SOLUTION:
  Value: -621702.000000
  Assigns: 69 69 179 423 423 438 179 438 285 423 423 285 69 179 285 423 438 69 179 423 179 179 438 179 285 438 179 285 179 438 423 179 285 179 423 438 423 438 438 438 179 179 423 69 69 69 285 285 423 285 423 69 69 423 69 285 438 285 423 285 438 179 69 69 69 438 285 179 285 423 69 179 285 69 179 179 285 438 438 285 69 285 423 438 285 285 69 285 69 179 69 285 285 69 423 438 438 285 285 423 438 179 438 179 179 438 285 285 423 423 285 285 423 438 285 438 438 423 438 285 423 285 69 423 285 69 438 179 179 438 423 69 179 285 179 285 438 438 423 438 438 285 438 285 438 179 438 438 438 69 285 69 438 285 438 438 438 179 423 423 179 423 423 69 69 438 423 285 285 423 438 69 69 179 423 438 179 179 423 179 285 69 423 285 179 423 285 69 285 423 423 179 69 438 423 179 423 69 423 438 285 69 69 179 179 423 285 69 285 69 69 438 438 423 423 438 438 285 423 69 69 438 179 438 179 423 285 423 69 423 423 285 423 179 285 438 285 179 285 423 69 423 438 69 69 179 423 423 69 179 285 285 438 285 285 69 69 69 179 438 69 69 179 69 69 69 438 179 438 285 285 179 438 69 438 179 69 179 179 438 285 179 438 179 285 438 69 179 285 179 69 285 69 438 285 179 423 423 69 179 179 179 423 179 438 423 438 179 438 438 423 179 69 179 438 438 423 69 423 438 285 285 423 438 438 438 438 179 285 69 69 285 423 438 179 438 423 179 179 285 69 179 423 285 438 179 69 423 423 438 69 423 285 69 179 438 69 285 423 69 179 438 69 69 69 179 285 69 438 423 423 69 179 285 285 423 423 423 69 438 423 423 285 423 69 438 179 285 285 423 69 179 438 285 179 285 69 179 423 285 423 438 423 438 69 179 179 179 69 423 69 69 423 69 69 285 285 179 423 179 423 423 423 69 438 69 438 179 423 69 69 285 438 285 285 179 423 179 285 69 423 69 285 438 423 69 285 179 69 438 179 438 285 285 423 285 423 69 423 285 438 179 285 438 423 179 285 423 285 179 423 69 285 438 179 438 179 423 438 285 438 179 285 438 69 285 179 438 69 423 438 423 438 69 423 285 438 69 69 423 
  Facilities: 5
 69 : 0 1 12 17 43 44 45 51 52 54 62 63 64 70 73 80 86 88 90 93 122 125 131 149 151 163 164 171 172 181 187 192 197 201 202 207 209 210 219 220 228 240 243 244 248 255 256 257 260 261 263 264 265 273 276 286 290 292 298 312 317 329 330 340 346 350 353 356 359 362 363 364 367 371 378 384 390 396 404 408 410 411 413 414 423 425 429 430 439 441 445 448 457 471 484 488 493 497 498
 179 : 2 6 13 18 20 21 23 26 28 31 33 40 41 61 67 71 74 75 89 101 103 104 127 128 132 134 145 157 160 173 176 177 179 184 191 195 203 204 222 224 233 237 245 249 258 262 267 271 275 277 278 281 283 287 289 295 299 300 301 303 307 311 313 327 334 337 338 341 345 354 360 365 372 386 391 394 397 405 406 407 417 419 427 435 437 447 450 461 465 469 474 476 481 486
 285 : 8 11 14 24 27 32 46 47 49 55 57 59 66 68 72 76 79 81 84 85 87 91 92 97 98 106 107 110 111 114 119 121 124 133 135 141 143 150 153 167 168 180 183 186 188 200 206 208 217 226 231 234 236 238 250 251 253 254 269 270 280 284 288 291 294 320 321 328 331 339 343 352 357 366 373 374 382 387 388 393 395 399 415 416 431 433 434 438 442 446 452 453 455 459 462 466 468 472 479 482 485 495
 423 : 3 4 9 10 15 19 30 34 36 42 48 50 53 58 69 82 94 99 108 109 112 117 120 123 130 138 158 159 161 162 166 169 174 178 182 185 189 190 194 196 198 205 213 214 218 225 227 229 230 232 239 241 246 247 296 297 302 305 310 316 318 322 332 336 342 347 348 351 358 369 370 375 376 377 380 381 383 389 398 400 402 409 412 418 420 421 422 428 436 440 444 454 456 458 464 467 470 477 489 491 494 499
 438 : 5 7 16 22 25 29 35 37 38 39 56 60 65 77 78 83 95 96 100 102 105 113 115 116 118 126 129 136 137 139 140 142 144 146 147 148 152 154 155 156 165 170 175 193 199 211 212 215 216 221 223 235 242 252 259 266 268 272 274 279 282 285 293 304 306 308 309 314 315 319 323 324 325 326 333 335 344 349 355 361 368 379 385 392 401 403 424 426 432 443 449 451 460 463 473 475 478 480 483 487 490 492 496
SOLUTION:
  Value: -622301.000000
  Assigns: 69 69 69 228 423 438 228 438 69 337 423 337 69 337 337 423 438 228 438 423 228 228 438 337 337 438 337 337 337 438 423 438 423 423 423 337 423 337 438 228 423 228 423 69 69 69 228 337 337 228 337 228 69 337 228 228 438 438 337 228 438 69 69 69 69 438 228 228 228 228 69 228 228 69 423 228 423 438 438 337 69 423 423 228 228 438 69 423 337 228 69 228 438 69 228 438 438 69 423 423 438 228 337 337 423 228 438 423 423 228 337 228 228 438 228 438 438 423 438 337 423 228 69 423 438 69 438 438 337 438 423 337 423 337 337 337 438 438 228 438 438 438 337 337 438 337 438 438 438 69 337 69 438 228 438 438 337 228 423 423 337 423 423 69 69 438 423 228 423 423 438 337 69 337 337 228 228 228 337 337 337 69 423 337 228 423 228 69 228 337 337 228 69 438 423 228 423 69 228 228 337 69 69 69 69 423 337 69 423 337 69 337 337 423 423 228 438 423 423 69 69 438 337 438 337 423 337 423 69 423 423 69 423 69 337 228 423 228 69 423 69 423 438 69 69 228 423 423 69 423 438 438 438 438 438 69 337 337 337 438 69 69 337 69 337 69 438 337 438 69 228 423 438 69 438 438 69 438 69 337 337 69 438 423 337 438 69 69 337 228 69 228 69 337 438 423 423 423 69 438 438 337 423 337 438 423 438 228 438 438 423 423 228 228 438 228 423 69 228 438 438 438 423 438 438 337 438 69 438 69 69 228 423 438 438 228 423 228 228 423 69 438 423 337 438 69 69 423 423 438 337 423 228 69 438 438 69 69 228 69 337 228 69 337 69 337 438 69 438 423 423 69 337 228 337 423 337 423 228 438 423 423 438 423 69 337 69 228 69 228 69 423 438 228 337 423 69 337 337 337 423 337 228 438 69 337 337 337 69 228 69 337 423 69 228 337 438 423 423 337 337 423 337 69 228 69 438 337 423 69 69 69 438 337 69 337 423 423 228 69 423 69 337 228 423 69 69 438 69 438 228 228 228 423 423 228 337 69 337 228 438 423 438 438 423 228 438 423 423 438 228 69 337 438 69 438 337 423 438 228 438 228 423 438 69 337 228 438 228 423 438 423 438 69 228 228 438 337 69 423 
  Facilities: 5
 69 : 0 1 2 8 12 43 44 45 52 61 62 63 64 70 73 80 86 90 93 97 122 125 149 151 163 164 172 181 187 192 197 201 202 203 204 207 210 219 220 228 231 233 238 240 243 244 248 255 260 261 263 265 269 273 276 278 281 286 287 290 292 298 317 327 329 330 340 345 346 353 356 357 359 362 364 367 371 384 386 388 390 396 404 408 410 413 423 425 429 430 431 434 439 441 445 446 448 457 471 474 484 493 498
 228 : 3 6 17 20 21 39 41 46 49 51 54 55 59 66 67 68 69 71 72 75 83 84 89 91 94 101 105 109 111 112 114 121 138 153 157 167 175 176 177 184 186 188 191 195 198 199 215 235 237 245 270 289 291 307 312 313 315 318 331 335 337 338 352 358 361 373 378 387 389 393 402 409 414 424 438 443 450 451 452 455 459 465 470 479 481 486 488 494 495
 337 : 9 11 13 14 23 24 26 27 28 35 37 47 48 50 53 58 79 88 102 103 110 119 128 131 133 134 135 142 143 145 150 156 160 171 173 174 178 179 180 183 189 190 200 206 209 211 212 222 224 226 234 256 257 258 262 264 267 279 280 284 288 293 301 303 325 343 350 360 363 365 372 374 376 385 394 397 398 399 401 405 406 407 411 415 419 420 422 427 433 435 442 456 458 472 476 485 497
 423 : 4 10 15 19 30 32 33 34 36 40 42 74 76 81 82 87 98 99 104 107 108 117 120 123 130 132 158 159 161 162 166 168 169 182 185 194 196 205 208 213 214 217 218 225 227 229 230 232 236 239 241 246 247 249 271 283 295 296 297 302 305 310 311 316 322 332 336 339 342 347 348 351 369 370 375 377 380 381 383 391 395 400 412 417 418 421 428 436 437 440 444 453 454 461 464 467 468 477 482 489 491 499
 438 : 5 7 16 18 22 25 29 31 38 56 57 60 65 77 78 85 92 95 96 100 106 113 115 116 118 124 126 127 129 136 137 139 140 141 144 146 147 148 152 154 155 165 170 193 216 221 223 242 250 251 252 253 254 259 266 268 272 274 275 277 282 285 294 299 300 304 306 308 309 314 319 320 321 323 324 326 328 333 334 341 344 349 354 355 366 368 379 382 392 403 416 426 432 447 449 460 462 463 466 469 473 475 478 480 483 487 490 492 496
SOLUTION:
  Value: -622418.000000
  Assigns: 69 69 399 69 69 438 337 438 69 337 438 268 69 268 337 337 268 69 268 337 268 268 438 337 399 438 337 268 337 399 268 438 268 399 337 268 438 337 438 268 268 438 399 69 69 268 399 337 337 337 337 69 69 268 69 399 268 438 337 337 438 69 69 69 69 438 337 268 268 337 268 69 268 69 69 268 399 438 438 337 69 438 268 337 268 438 69 268 337 268 69 399 399 69 399 438 438 69 268 399 438 69 337 337 268 438 438 438 399 399 337 399 399 438 268 438 438 438 438 399 399 399 69 268 438 268 438 399 337 438 399 337 399 337 337 268 438 438 399 438 438 438 337 337 438 337 438 438 438 69 337 268 438 438 438 438 268 69 399 337 399 399 438 69 69 438 268 438 438 69 438 337 69 337 337 268 268 69 337 337 399 69 69 337 337 337 268 69 337 337 337 399 399 438 69 337 268 399 438 438 337 69 69 268 399 268 399 69 268 337 69 337 337 438 399 438 399 399 69 399 399 438 337 399 337 337 399 399 69 399 438 69 399 268 268 399 268 438 69 337 69 69 438 69 69 399 268 268 69 399 438 399 438 438 399 69 337 337 337 438 69 69 337 69 337 69 438 337 438 399 399 268 438 399 399 438 69 438 69 268 399 69 438 399 337 268 69 399 268 399 69 69 69 337 438 399 438 268 69 438 268 337 399 337 438 268 438 438 438 438 268 399 69 399 438 438 268 69 337 438 438 399 268 438 438 337 268 69 438 268 69 268 69 438 438 268 69 399 268 438 69 438 268 337 438 69 399 399 268 268 337 438 268 69 399 438 69 69 337 69 337 438 69 337 69 268 399 69 438 337 399 69 337 268 337 399 337 399 399 268 268 399 438 337 69 337 399 337 69 399 69 399 399 399 268 399 69 337 337 337 399 337 337 438 69 399 268 337 69 337 69 399 268 69 69 337 438 69 438 268 337 399 337 268 438 69 438 337 438 69 69 268 438 337 268 399 69 268 268 69 69 69 337 268 399 399 69 268 69 438 438 438 268 268 438 399 337 69 337 268 438 399 438 438 69 399 399 399 399 399 399 69 337 438 69 438 337 399 268 337 438 69 399 438 268 268 268 438 268 268 438 69 268 69 337 268 438 337 69 399 
  Facilities: 5
 69 : 0 1 3 4 8 12 17 43 44 51 52 54 61 62 63 64 71 73 74 80 86 90 93 97 101 122 149 157 163 164 169 172 177 181 182 187 194 201 202 207 210 218 228 231 238 240 241 243 244 248 255 260 261 263 265 276 278 281 286 290 291 292 298 312 317 327 330 332 336 340 345 353 356 357 359 362 364 367 371 384 388 390 396 404 408 410 413 414 417 425 429 430 436 439 440 441 446 448 457 464 471 474 481 491 493 498
 268 : 11 13 16 18 20 21 27 30 32 35 39 40 45 53 56 67 68 70 72 75 82 84 87 89 98 104 114 123 125 135 151 156 166 175 176 186 196 203 205 208 233 234 236 246 247 271 279 285 288 297 300 305 310 316 322 326 329 331 335 338 342 348 349 352 365 373 379 380 394 406 412 419 423 431 434 437 438 443 447 452 453 459 478 484 485 486 488 489 492 495
 337 : 6 9 14 15 19 23 26 28 34 37 47 48 49 50 58 59 66 69 79 83 88 102 103 110 128 131 133 134 142 143 145 150 159 171 173 174 178 179 183 184 185 188 189 190 195 200 209 211 212 222 224 225 239 256 257 258 262 264 267 284 293 301 303 318 325 343 350 358 360 363 369 372 374 376 383 385 387 397 398 399 401 402 407 409 415 420 422 427 433 442 456 458 472 476 479 494 497
 399 : 2 24 29 33 42 46 55 76 91 92 94 99 108 109 111 112 119 120 121 127 130 132 138 158 160 161 180 191 192 197 204 206 214 216 217 219 220 223 226 227 229 232 235 245 249 251 254 269 270 273 274 280 283 287 289 295 302 311 313 321 337 346 347 354 366 370 375 377 378 381 386 389 391 392 393 395 400 405 411 421 435 444 445 455 461 465 466 467 468 469 470 477 482 499
 438 : 5 7 10 22 25 31 36 38 41 57 60 65 77 78 81 85 95 96 100 105 106 107 113 115 116 117 118 124 126 129 136 137 139 140 141 144 146 147 148 152 153 154 155 162 165 167 168 170 193 198 199 213 215 221 230 237 242 250 252 253 259 266 268 272 275 277 282 294 296 299 304 306 307 308 309 314 315 319 320 323 324 328 333 334 339 341 344 351 355 361 368 382 403 416 418 424 426 428 432 449 450 451 454 460 462 463 473 475 480 483 487 490 496
SOLUTION:
  Value: -622425.000000
  Assigns: 69 69 334 423 423 438 69 438 69 423 423 423 69 438 361 423 361 69 334 423 361 423 438 334 423 438 334 334 361 438 423 438 361 423 423 361 423 438 438 361 361 438 423 69 69 69 334 334 423 69 361 69 69 361 69 361 334 438 423 361 334 69 69 69 69 438 361 334 423 423 361 69 334 69 361 361 334 438 438 361 69 334 423 438 334 438 361 423 361 69 69 334 361 69 423 438 438 361 423 423 438 69 438 361 423 438 438 361 361 423 438 334 423 438 361 438 438 423 334 361 423 438 69 423 438 69 438 334 423 438 423 361 334 423 361 423 438 438 423 438 334 361 334 361 438 438 438 438 438 69 334 69 438 334 334 438 334 334 423 423 361 423 423 69 69 438 423 361 334 423 438 69 69 69 423 438 438 69 423 334 361 69 423 361 361 423 334 69 334 361 423 334 69 438 423 361 423 69 423 334 334 69 69 361 361 423 361 69 423 334 69 438 438 423 361 438 438 334 423 69 334 438 334 438 423 423 361 423 69 423 361 69 423 361 361 361 423 438 361 361 69 423 438 69 69 361 423 423 69 361 334 361 438 334 334 69 334 334 438 438 69 69 423 69 69 69 438 361 438 361 69 423 438 69 438 438 69 438 334 438 361 69 438 423 334 438 361 69 334 361 69 423 69 438 438 334 423 423 69 438 334 438 423 334 361 423 438 334 438 438 423 334 69 334 361 438 361 334 361 438 438 361 423 438 438 438 438 69 361 334 69 361 334 438 438 438 423 334 334 423 69 438 423 361 361 334 361 423 361 438 334 423 334 69 438 438 334 361 423 69 361 438 69 69 69 361 438 334 438 361 423 69 438 334 334 423 361 423 334 438 423 423 438 423 69 334 69 438 69 361 69 423 438 423 334 423 69 334 334 438 423 361 334 438 69 334 69 361 69 361 69 361 361 69 361 69 361 334 361 361 423 423 334 334 438 334 438 361 361 69 69 69 438 423 69 334 423 423 334 334 423 69 361 361 423 69 69 438 69 438 438 334 69 361 423 69 423 69 423 423 438 334 334 361 423 361 438 423 423 334 423 69 361 438 334 438 334 334 361 334 438 361 361 361 334 334 361 438 69 423 438 423 438 334 334 334 438 361 69 423 
  Facilities: 5
 69 : 0 1 6 8 12 17 43 44 45 49 51 52 54 61 62 63 64 71 73 80 89 90 93 101 122 125 149 151 163 164 171 172 173 177 181 187 192 197 201 202 207 210 219 228 231 240 243 244 248 255 260 261 263 264 265 270 273 276 281 287 290 292 298 312 327 330 340 353 359 362 363 364 371 384 386 388 390 396 404 406 408 410 413 415 429 430 431 434 441 445 446 448 452 455 457 471 488 498
 334 : 2 18 23 26 27 46 47 56 60 67 72 76 81 84 91 111 118 127 132 140 142 150 153 154 156 157 168 179 186 188 191 199 200 209 217 220 222 250 253 254 256 257 278 284 288 295 300 303 307 311 313 317 329 332 337 338 345 350 352 356 367 373 374 378 385 394 397 398 402 405 417 422 423 425 435 438 439 451 461 462 469 474 476 477 479 484 485 493 494 495
 361 : 14 16 20 28 32 35 39 40 50 53 55 59 66 70 74 75 79 86 88 92 97 103 107 108 114 119 131 134 141 143 160 167 180 183 184 189 195 203 204 206 214 226 230 233 234 235 238 239 245 249 251 267 269 280 286 289 304 314 316 318 321 328 331 343 344 346 348 357 360 365 369 376 389 401 407 409 411 412 414 416 418 419 427 428 442 443 453 463 465 472 478 481 482 483 486 497
 423 : 3 4 9 10 11 15 19 21 24 30 33 34 36 42 48 58 68 69 82 87 94 98 99 104 109 112 117 120 123 128 130 133 135 138 158 159 161 162 166 169 174 178 182 185 190 194 196 198 205 208 213 218 224 225 227 229 232 236 241 246 247 262 271 283 291 296 297 302 305 310 322 336 339 342 347 351 358 370 375 377 380 381 383 391 393 395 400 420 421 433 436 437 440 444 454 456 458 459 464 467 468 470 489 491 499
 438 : 5 7 13 22 25 29 31 37 38 41 57 65 77 78 83 85 95 96 100 102 105 106 110 113 115 116 121 124 126 129 136 137 139 144 145 146 147 148 152 155 165 170 175 176 193 211 212 215 216 221 223 237 242 252 258 259 266 268 272 274 275 277 279 282 285 293 294 299 301 306 308 309 315 319 320 323 324 325 326 333 334 335 341 349 354 355 361 366 368 372 379 382 387 392 399 403 424 426 432 447 449 450 460 466 473 475 480 487 490 492 496
SOLUTION:
  Value: -622503.000000
  Assigns: 125 69 190 246 246 438 69 438 69 246 246 246 69 438 190 246 125 69 246 114 246 125 438 246 438 438 114 125 114 246 69 438 246 190 114 114 114 438 114 125 190 114 69 69 69 246 114 114 246 190 190 69 69 246 190 114 438 438 438 246 438 114 69 69 190 438 114 246 246 125 69 69 246 69 246 125 125 438 438 190 69 125 190 125 125 125 69 190 246 69 69 114 438 69 190 438 125 246 125 69 438 246 114 246 246 190 246 114 190 114 190 114 246 438 190 438 438 125 114 125 114 190 190 438 438 246 114 190 114 190 114 246 246 246 125 125 438 438 190 438 438 438 246 190 438 246 438 125 114 246 246 190 190 190 438 190 114 125 125 190 246 125 438 69 190 438 190 438 125 190 438 125 69 69 246 125 114 69 125 125 125 69 246 125 125 246 114 190 246 125 114 125 69 438 69 125 69 246 114 125 114 69 69 114 114 114 246 69 125 69 125 246 438 190 438 438 438 190 114 190 69 438 246 438 246 125 190 190 69 438 438 69 190 246 190 246 190 438 114 190 69 69 438 69 69 246 246 114 69 114 114 125 438 114 125 69 125 69 125 438 69 69 125 69 246 69 438 125 438 114 246 246 438 69 246 246 69 125 69 438 114 69 438 190 246 114 246 69 246 114 69 114 69 438 246 246 190 190 69 438 114 246 114 125 438 190 125 246 125 438 125 114 69 246 246 438 125 190 246 114 438 190 114 438 438 246 438 69 114 114 69 190 190 438 438 114 246 190 246 246 69 438 114 114 438 125 69 125 114 438 114 125 190 69 246 438 69 69 190 246 246 438 69 69 69 125 190 125 438 114 114 69 438 246 125 190 125 125 125 114 246 438 438 246 69 438 69 114 125 69 69 246 114 190 246 190 190 125 246 438 125 125 246 438 69 190 190 438 69 125 69 246 114 69 246 246 125 125 438 246 125 114 190 246 190 69 438 114 246 69 69 114 438 438 125 190 125 438 246 69 125 69 438 114 190 246 69 438 69 125 125 125 114 190 438 246 190 190 190 125 125 125 190 438 69 114 190 190 114 125 125 69 246 438 69 438 246 114 190 190 438 125 114 125 69 125 125 190 69 125 438 246 246 125 190 114 438 69 69 125 
  Facilities: 6
 69 : 1 6 8 12 17 30 42 43 44 51 52 62 63 70 71 73 80 86 89 90 93 99 163 172 173 177 181 192 194 196 201 202 207 209 220 228 231 240 241 243 244 248 255 257 260 261 263 265 273 276 278 281 287 290 292 298 312 327 330 340 346 353 356 357 362 363 364 371 384 386 389 390 404 408 410 413 425 429 430 439 441 446 448 464 471 474 484 488 497 498
 114 : 19 26 28 34 35 36 38 41 46 47 55 61 66 91 102 107 109 111 118 120 126 128 130 148 156 176 186 190 198 200 203 204 205 218 238 247 249 250 253 269 280 285 289 291 300 302 311 319 322 328 329 335 342 343 348 350 369 370 379 387 392 412 421 427 431 443 452 465 468 477 482 495
 125 : 0 16 21 27 39 69 75 76 81 83 84 85 96 98 117 119 134 135 147 157 158 161 168 171 175 178 179 180 183 184 189 191 195 199 208 210 225 251 254 256 258 262 267 277 303 306 308 310 316 345 347 351 365 367 374 376 377 378 388 397 400 401 409 416 417 420 434 436 440 449 450 451 459 460 461 469 470 481 483 485 486 489 493 499
 190 : 2 14 33 40 49 50 54 64 79 82 87 94 105 108 110 114 121 122 127 129 138 143 151 152 153 155 159 164 166 169 187 213 217 219 226 227 232 234 236 239 283 296 297 305 317 321 331 332 337 352 358 366 375 393 395 396 405 406 422 424 435 444 453 456 457 458 462 466 467 478 479 487 494
 246 : 3 4 9 10 11 15 18 20 23 29 32 45 48 53 59 67 68 72 74 88 97 101 103 104 106 112 125 131 132 133 142 145 149 150 160 174 182 185 188 197 206 211 222 224 233 235 245 246 264 270 271 274 275 284 286 288 294 295 301 307 313 314 318 325 336 338 339 354 359 360 373 380 383 391 394 398 402 411 414 415 419 423 428 438 445 455 472 476 491 492
 438 : 5 7 13 22 24 25 31 37 56 57 58 60 65 77 78 92 95 100 113 115 116 123 124 136 137 139 140 141 144 146 154 162 165 167 170 193 212 214 215 216 221 223 229 230 237 242 252 259 266 268 272 279 282 293 299 304 309 315 320 323 324 326 333 334 341 344 349 355 361 368 372 381 382 385 399 403 407 418 426 432 433 437 442 447 454 463 473 475 480 490 496
SOLUTION:
  Value: -622649.000000
  Assigns: 125 69 409 69 69 438 55 438 69 438 409 409 69 438 409 409 125 69 409 125 409 409 438 69 409 438 409 125 55 438 69 438 55 409 69 409 438 438 55 125 438 409 69 69 409 69 409 55 438 55 55 69 69 409 69 409 409 438 438 409 438 69 69 69 409 438 55 125 125 125 69 69 438 69 409 125 55 438 438 55 69 125 55 125 125 125 55 409 409 409 69 409 438 69 125 438 55 69 125 55 438 125 438 55 55 409 438 438 409 409 409 409 409 438 55 438 438 409 438 409 409 55 69 55 438 125 438 55 55 438 409 409 69 55 125 125 438 438 55 438 409 438 125 409 438 409 438 125 438 69 409 69 438 438 438 438 55 55 125 55 409 125 438 69 69 438 125 438 125 69 438 125 69 69 55 125 55 69 125 55 125 69 55 125 125 409 69 69 55 125 55 125 55 438 409 125 69 409 438 409 409 69 69 409 409 409 55 69 409 69 125 55 409 438 438 55 438 438 409 69 69 438 125 55 409 125 55 409 69 409 409 55 55 55 55 409 55 438 69 409 69 69 438 69 69 438 125 409 69 409 409 409 438 125 125 409 125 409 125 438 55 69 409 409 409 69 438 125 438 409 55 55 438 409 438 409 69 125 69 438 55 69 438 55 55 55 69 69 55 55 69 409 69 438 438 55 409 69 69 438 409 55 125 125 438 125 125 438 125 438 125 409 69 409 438 438 125 69 55 438 409 55 409 438 438 438 55 69 55 55 69 125 55 409 438 438 69 409 55 409 69 438 55 55 55 125 409 125 55 438 69 125 409 69 438 438 69 69 55 69 55 409 69 69 69 125 409 125 438 125 409 55 438 409 55 409 55 125 125 55 55 55 438 409 69 438 69 438 125 69 69 125 125 125 409 55 69 55 55 55 125 125 438 438 69 69 409 409 69 55 69 55 409 409 55 409 125 125 55 125 125 409 409 409 438 69 438 55 438 69 69 69 438 55 125 409 125 438 438 69 125 69 409 55 125 69 69 438 69 125 125 409 69 409 438 69 409 69 55 409 125 55 409 55 69 409 438 125 125 125 125 69 125 409 55 438 125 125 438 125 438 125 55 125 69 55 125 438 69 125 438 69 409 409 55 409 438 69 69 125 
  Facilities: 5
 55 : 6 28 32 38 47 49 50 66 76 79 82 86 96 99 103 104 114 121 123 127 128 133 138 156 157 159 174 176 179 182 188 190 192 206 211 215 223 226 231 232 233 234 236 260 270 271 280 283 284 285 288 289 295 301 318 321 326 328 329 332 338 342 343 344 348 358 360 371 374 376 379 380 381 395 397 398 399 409 411 414 418 427 433 443 458 461 463 474 482 485 494
 69 : 1 3 4 8 12 17 23 30 34 42 43 45 51 52 54 61 62 63 70 71 73 80 90 93 97 122 132 149 151 163 164 169 172 173 177 181 186 187 196 201 202 207 209 219 220 228 238 240 241 243 244 248 261 265 276 278 281 286 287 290 292 297 298 312 317 327 330 336 340 350 353 356 357 359 362 363 364 384 386 389 390 396 404 405 408 410 425 429 430 431 439 441 445 446 448 452 455 457 464 471 484 488 491 497 498
 125 : 0 16 19 27 39 67 68 69 75 81 83 84 85 94 98 101 125 134 135 142 147 158 161 166 168 171 175 178 180 183 184 189 191 195 210 222 225 246 253 254 256 258 267 277 302 303 305 306 308 310 316 331 345 347 351 365 367 369 377 378 388 391 392 393 400 401 416 417 419 420 434 436 440 444 449 450 460 467 468 469 470 472 476 477 479 481 483 486 489 499
 409 : 2 10 11 14 15 18 20 21 24 26 33 35 41 44 46 53 55 56 59 64 74 87 88 89 91 105 108 109 110 111 112 117 119 120 130 131 140 143 145 150 160 185 194 197 199 200 203 204 205 208 212 218 224 227 229 230 235 239 247 249 250 251 255 257 262 263 264 269 273 275 291 296 300 311 313 320 322 333 337 339 346 352 361 366 370 373 375 383 394 406 407 412 413 415 421 422 423 435 442 451 453 456 459 462 465 473 492 493 495
 438 : 5 7 9 13 22 25 29 31 36 37 40 48 57 58 60 65 72 77 78 92 95 100 102 106 107 113 115 116 118 124 126 129 136 137 139 141 144 146 148 152 153 154 155 162 165 167 170 193 198 213 214 216 217 221 237 242 245 252 259 266 268 272 274 279 282 293 294 299 304 307 309 314 315 319 323 324 325 334 335 341 349 354 355 368 372 382 385 387 402 403 424 426 428 432 437 438 447 454 466 475 478 480 487 490 496
SOLUTION:
  Value: -622704.000000
  Assigns: 125 293 494 293 132 438 293 438 293 494 438 132 438 494 190 494 125 190 438 125 494 125 438 438 438 438 293 125 494 494 132 494 494 190 190 125 438 438 494 125 190 293 190 132 293 438 494 293 293 132 190 190 190 293 190 494 293 438 132 132 438 293 132 293 190 438 190 125 293 125 494 125 190 494 293 125 494 438 438 190 293 293 190 125 125 125 494 190 132 494 293 132 438 190 293 438 494 132 132 293 438 190 438 494 132 190 132 132 190 190 132 293 190 293 190 438 293 125 438 125 132 190 190 132 438 125 494 190 494 190 125 125 132 293 125 132 438 438 190 438 293 438 125 190 438 494 438 125 494 132 125 190 132 293 132 190 494 293 293 293 494 125 438 494 190 438 190 132 132 293 438 494 494 132 132 125 132 125 125 132 125 132 132 125 125 494 293 190 494 125 494 125 494 438 125 125 293 190 293 125 132 293 494 293 438 125 494 494 125 125 125 125 438 190 494 438 438 293 190 190 438 438 125 438 132 125 190 494 494 293 132 132 293 293 190 190 190 132 494 190 293 494 438 132 293 438 132 125 132 494 132 494 438 132 125 494 125 494 293 438 132 132 494 494 132 125 438 494 438 293 132 132 438 494 132 293 132 293 293 438 190 132 438 494 494 438 190 494 293 494 125 190 132 438 438 190 132 190 293 438 132 494 132 132 132 190 125 293 125 293 132 494 293 132 438 438 125 190 293 438 132 293 190 438 438 438 494 438 438 293 494 190 190 438 132 494 494 293 494 293 494 438 293 293 438 125 293 125 190 438 494 125 190 125 438 438 132 293 494 494 293 293 132 125 132 125 190 125 438 190 132 132 438 494 293 293 132 125 293 125 293 494 438 293 494 438 132 494 293 190 132 132 132 190 494 190 190 125 293 293 125 494 438 438 293 132 190 438 132 494 190 494 494 494 438 125 125 125 438 125 125 494 132 132 190 190 438 494 438 438 190 293 293 293 125 190 125 132 293 293 125 190 293 132 190 132 494 438 132 125 125 132 190 494 293 494 293 190 132 125 125 293 494 438 293 494 494 190 293 125 125 125 132 438 494 438 125 125 190 494 438 125 293 125 125 125 494 190 190 293 438 190 293 125 190 293 438 132 494 125 
  Facilities: 6
 125 : 0 16 19 21 27 35 39 67 69 71 75 83 84 85 117 119 125 130 131 134 142 147 150 161 175 177 178 180 183 184 189 191 194 195 199 205 208 209 210 211 222 225 247 254 256 265 290 306 308 316 345 347 351 353 363 365 367 377 379 397 400 415 416 417 419 420 434 436 440 449 450 459 460 469 470 471 476 477 481 483 484 485 493 499
 132 : 4 11 30 43 49 58 59 62 88 91 97 98 104 106 107 110 120 123 132 135 149 152 154 167 168 173 174 176 179 181 182 200 224 230 231 237 243 246 248 250 253 260 261 264 270 271 274 276 281 292 296 300 302 303 304 310 313 320 334 356 362 364 370 371 376 386 390 391 392 405 408 422 423 437 443 445 448 451 458 472 497
 190 : 14 17 33 34 40 42 50 51 52 54 64 66 72 79 82 87 93 101 105 108 109 112 114 121 122 127 129 138 143 151 155 164 166 187 197 213 218 219 226 234 235 236 239 280 286 291 295 297 305 317 322 331 332 348 352 366 369 389 393 395 396 406 410 424 425 430 435 441 444 452 457 467 478 487 488 491 494
 293 : 1 3 6 8 26 41 44 47 48 53 56 61 63 68 74 80 81 90 94 99 111 113 116 133 140 153 157 158 159 169 186 196 198 201 203 217 229 232 233 240 244 258 269 275 277 278 288 298 307 309 312 318 321 329 337 339 342 343 346 357 360 361 374 375 378 380 383 388 398 399 404 431 432 433 438 439 442 454 456 461 464 468 482 489 492 495
 438 : 5 7 10 12 18 22 23 24 25 36 37 45 57 60 65 77 78 92 95 100 102 115 118 124 136 137 139 141 144 146 162 165 170 193 204 212 215 216 220 221 223 242 245 252 259 266 268 272 279 282 285 293 294 299 314 315 319 323 324 325 327 328 333 341 344 349 354 355 368 372 382 385 402 403 407 414 418 426 428 429 447 463 473 475 480 490 496
 494 : 2 9 13 15 20 28 29 31 32 38 46 55 70 73 76 86 89 96 103 126 128 145 148 156 160 163 171 172 185 188 190 192 202 206 207 214 227 228 238 241 249 251 255 257 262 263 267 273 283 284 287 289 301 311 326 330 335 336 338 340 350 358 359 373 381 384 387 394 401 409 411 412 413 421 427 446 453 455 462 465 466 474 479 486 498
