# Time: 1.230000
# Elapsed: 1.352670
# Input_file: splp/GapB/331GapBS.txt
# Pool_size: 200
# Iterations: 17
# Final_solutions: 3100
# Vision_range: 0
# Reduction_mode: REDUCTION_BESTS
SOLUTION:
  Value: -45144.000000
  Assigns: 24 25 7 61 25 72 57 85 43 22 43 85 72 7 22 87 7 57 95 24 87 85 24 57 22 68 95 61 87 43 98 68 72 22 98 98 25 72 95 7 22 7 85 95 87 68 57 98 72 48 24 57 22 72 25 57 61 61 57 48 7 85 11 48 25 43 68 24 72 11 87 7 25 11 11 98 95 68 57 61 11 85 68 43 22 7 24 87 98 68 22 25 87 87 24 61 48 87 25 87 
  Facilities: 15
 7 : 2 13 16 39 41 60 71 85
 11 : 62 69 73 74 80
 22 : 9 14 24 33 40 52 84 90
 24 : 0 19 22 50 67 86 94
 25 : 1 4 36 54 64 72 91 98
 43 : 8 10 29 65 83
 48 : 49 59 63 96
 57 : 6 17 23 46 51 55 58 78
 61 : 3 27 56 57 79 95
 68 : 25 31 45 66 77 82 89
 72 : 5 12 32 37 48 53 68
 85 : 7 11 21 42 61 81
 87 : 15 20 28 44 70 87 92 93 97 99
 95 : 18 26 38 43 76
 98 : 30 34 35 47 75 88
SOLUTION:
  Value: -45146.000000
  Assigns: 24 24 7 61 11 72 57 85 43 22 43 85 72 7 22 87 7 57 95 24 87 85 24 57 22 68 95 61 87 43 98 68 72 22 98 98 48 72 95 7 22 7 85 95 87 68 57 98 72 48 24 57 22 72 28 57 61 61 57 48 7 85 11 48 28 43 68 24 72 11 87 7 28 11 11 98 95 48 57 61 11 85 68 43 22 7 24 87 98 68 22 48 28 87 24 61 48 87 48 87 
  Facilities: 15
 7 : 2 13 16 39 41 60 71 85
 11 : 4 62 69 73 74 80
 22 : 9 14 24 33 40 52 84 90
 24 : 0 1 19 22 50 67 86 94
 28 : 54 64 72 92
 43 : 8 10 29 65 83
 48 : 36 49 59 63 77 91 96 98
 57 : 6 17 23 46 51 55 58 78
 61 : 3 27 56 57 79 95
 68 : 25 31 45 66 82 89
 72 : 5 12 32 37 48 53 68
 85 : 7 11 21 42 61 81
 87 : 15 20 28 44 70 87 93 97 99
 95 : 18 26 38 43 76
 98 : 30 34 35 47 75 88
SOLUTION:
  Value: -45146.000000
  Assigns: 66 25 64 44 25 25 57 89 20 66 23 40 40 23 75 20 44 57 64 30 87 23 66 57 20 46 64 61 87 46 23 57 20 30 35 66 25 89 89 66 44 75 75 89 35 40 57 75 40 44 35 57 40 40 25 46 61 61 57 61 46 46 35 20 25 61 20 44 23 23 87 64 25 75 61 64 46 75 57 61 64 40 44 40 35 30 46 87 44 89 35 25 87 87 30 61 30 87 25 87 
  Facilities: 15
 20 : 8 15 24 32 63 66
 23 : 10 13 21 30 68 69
 25 : 1 4 5 36 54 64 72 91 98
 30 : 19 33 85 94 96
 35 : 34 44 50 62 84 90
 40 : 11 12 45 48 52 53 81 83
 44 : 3 16 40 49 67 82 88
 46 : 25 29 55 60 61 76 86
 57 : 6 17 23 31 46 51 58 78
 61 : 27 56 57 59 65 74 79 95
 64 : 2 18 26 71 75 80
 66 : 0 9 22 35 39
 75 : 14 41 42 47 73 77
 87 : 20 28 70 87 92 93 97 99
 89 : 7 37 38 43 89
SOLUTION:
  Value: -45147.000000
  Assigns: 42 84 7 61 11 72 67 89 86 22 94 94 72 7 22 87 7 94 86 67 87 43 72 94 22 77 72 61 87 43 77 72 94 22 62 84 42 89 89 7 22 7 77 89 87 62 89 62 72 42 94 7 22 72 62 11 84 61 22 61 7 62 11 94 77 43 67 86 72 11 87 7 42 11 11 84 86 67 42 94 11 84 67 43 22 7 62 87 62 89 22 84 87 87 42 61 77 87 84 87 
  Facilities: 15
 7 : 2 13 16 39 41 51 60 71 85
 11 : 4 55 62 69 73 74 80
 22 : 9 14 24 33 40 52 58 84 90
 42 : 0 36 49 72 78 94
 43 : 21 29 65 83
 61 : 3 27 57 59 95
 62 : 34 45 47 54 61 86 88
 67 : 6 19 66 77 82
 72 : 5 12 22 26 31 48 53 68
 77 : 25 30 42 64 96
 84 : 1 35 56 75 81 91 98
 86 : 8 18 67 76
 87 : 15 20 28 44 70 87 92 93 97 99
 89 : 7 37 38 43 46 89
 94 : 10 11 17 23 32 50 63 79
SOLUTION:
  Value: -45148.000000
  Assigns: 24 25 7 61 25 72 57 85 25 22 7 85 72 7 22 87 7 57 95 24 87 85 24 57 22 46 95 61 87 46 98 68 72 22 98 98 25 72 95 7 22 7 85 95 87 68 57 98 72 48 24 57 22 72 25 57 61 61 57 48 46 85 11 48 25 61 68 24 72 11 87 7 25 11 11 98 95 68 57 61 11 85 68 24 22 7 46 87 98 68 22 25 87 87 24 61 48 87 25 87 
  Facilities: 15
 7 : 2 10 13 16 39 41 71 85
 11 : 62 69 73 74 80
 22 : 9 14 24 33 40 52 84 90
 24 : 0 19 22 50 67 83 94
 25 : 1 4 8 36 54 64 72 91 98
 46 : 25 29 60 86
 48 : 49 59 63 96
 57 : 6 17 23 46 51 55 58 78
 61 : 3 27 56 57 65 79 95
 68 : 31 45 66 77 82 89
 72 : 5 12 32 37 48 53 68
 85 : 7 11 21 42 61 81
 87 : 15 20 28 44 70 87 92 93 97 99
 95 : 18 26 38 43 76
 98 : 30 34 35 47 75 88
SOLUTION:
  Value: -45150.000000
  Assigns: 24 25 7 61 25 72 57 85 25 22 7 85 72 91 22 87 7 57 95 24 87 85 24 57 22 68 95 61 87 91 98 68 72 22 98 98 91 72 95 7 22 7 85 95 87 68 57 98 72 48 24 57 22 72 25 57 61 61 57 48 7 85 11 48 25 61 68 24 72 11 87 7 25 11 11 98 95 68 57 61 11 85 68 24 22 7 24 87 98 68 22 25 87 87 24 61 48 87 25 87 
  Facilities: 15
 7 : 2 10 16 39 41 60 71 85
 11 : 62 69 73 74 80
 22 : 9 14 24 33 40 52 84 90
 24 : 0 19 22 50 67 83 86 94
 25 : 1 4 8 54 64 72 91 98
 48 : 49 59 63 96
 57 : 6 17 23 46 51 55 58 78
 61 : 3 27 56 57 65 79 95
 68 : 25 31 45 66 77 82 89
 72 : 5 12 32 37 48 53 68
 85 : 7 11 21 42 61 81
 87 : 15 20 28 44 70 87 92 93 97 99
 91 : 13 29 36
 95 : 18 26 38 43 76
 98 : 30 34 35 47 75 88
SOLUTION:
  Value: -45150.000000
  Assigns: 24 25 7 61 25 72 57 85 25 22 7 85 72 7 22 0 7 57 95 24 87 85 24 57 22 68 95 61 87 0 98 68 72 22 98 98 25 72 95 7 22 7 85 95 87 68 57 98 72 48 24 57 22 72 25 57 61 61 57 48 7 85 0 48 25 61 68 24 72 11 87 7 25 11 11 98 95 68 57 61 11 85 68 24 22 7 24 87 98 68 22 25 87 87 24 61 48 87 25 87 
  Facilities: 15
 0 : 15 29 62
 7 : 2 10 13 16 39 41 60 71 85
 11 : 69 73 74 80
 22 : 9 14 24 33 40 52 84 90
 24 : 0 19 22 50 67 83 86 94
 25 : 1 4 8 36 54 64 72 91 98
 48 : 49 59 63 96
 57 : 6 17 23 46 51 55 58 78
 61 : 3 27 56 57 65 79 95
 68 : 25 31 45 66 77 82 89
 72 : 5 12 32 37 48 53 68
 85 : 7 11 21 42 61 81
 87 : 20 28 44 70 87 92 93 97 99
 95 : 18 26 38 43 76
 98 : 30 34 35 47 75 88
SOLUTION:
  Value: -45151.000000
  Assigns: 66 25 64 44 25 14 57 89 25 66 23 40 40 23 75 87 44 57 64 30 87 23 66 57 40 46 64 61 87 46 23 57 64 30 35 66 25 89 89 66 44 75 75 89 35 40 57 75 40 14 35 57 40 40 25 46 61 61 57 61 46 46 35 14 25 61 14 44 23 23 87 64 25 75 61 64 46 75 57 61 64 40 44 40 35 30 46 87 44 89 35 25 87 87 30 61 30 87 25 87 
  Facilities: 15
 14 : 5 49 63 66
 23 : 10 13 21 30 68 69
 25 : 1 4 8 36 54 64 72 91 98
 30 : 19 33 85 94 96
 35 : 34 44 50 62 84 90
 40 : 11 12 24 45 48 52 53 81 83
 44 : 3 16 40 67 82 88
 46 : 25 29 55 60 61 76 86
 57 : 6 17 23 31 46 51 58 78
 61 : 27 56 57 59 65 74 79 95
 64 : 2 18 26 32 71 75 80
 66 : 0 9 22 35 39
 75 : 14 41 42 47 73 77
 87 : 15 20 28 70 87 92 93 97 99
 89 : 7 37 38 43 89
SOLUTION:
  Value: -45151.000000
  Assigns: 66 20 91 5 44 39 57 39 20 12 23 91 13 91 75 20 13 57 31 28 12 23 66 57 20 28 66 61 5 91 23 57 20 31 13 84 91 44 66 66 44 28 75 39 12 13 57 75 13 44 13 57 5 84 31 57 84 61 57 61 66 31 5 20 5 61 20 44 23 23 5 12 28 5 13 84 20 75 57 61 23 84 44 5 91 12 31 57 13 31 75 31 28 23 13 61 39 75 84 20 
  Facilities: 15
 5 : 3 28 52 62 64 70 73 83
 12 : 9 20 44 71 85
 13 : 12 16 34 45 48 50 74 88 94
 20 : 1 8 15 24 32 63 66 76 99
 23 : 10 21 30 68 69 80 93
 28 : 19 25 41 72 92
 31 : 18 33 54 61 86 89 91
 39 : 5 7 43 96
 44 : 4 37 40 49 67 82
 57 : 6 17 23 31 46 51 55 58 78 87
 61 : 27 57 59 65 79 95
 66 : 0 22 26 38 39 60
 75 : 14 42 47 77 90 97
 84 : 35 53 56 75 81 98
 91 : 2 11 13 29 36 84
SOLUTION:
  Value: -45152.000000
  Assigns: 24 25 7 44 25 25 57 85 25 22 94 85 95 7 22 87 7 57 95 24 87 85 24 57 22 68 95 61 87 44 17 68 94 22 98 98 25 98 95 7 22 7 85 95 87 68 57 98 94 44 24 57 22 17 25 57 61 61 57 61 7 85 11 94 25 61 68 24 85 11 87 7 25 11 11 98 95 68 57 94 11 85 68 24 22 7 24 87 98 68 22 25 87 87 24 61 17 87 25 87 
  Facilities: 15
 7 : 2 13 16 39 41 60 71 85
 11 : 62 69 73 74 80
 17 : 30 53 96
 22 : 9 14 24 33 40 52 84 90
 24 : 0 19 22 50 67 83 86 94
 25 : 1 4 5 8 36 54 64 72 91 98
 44 : 3 29 49
 57 : 6 17 23 46 51 55 58 78
 61 : 27 56 57 59 65 95
 68 : 25 31 45 66 77 82 89
 85 : 7 11 21 42 61 68 81
 87 : 15 20 28 44 70 87 92 93 97 99
 94 : 10 32 48 63 79
 95 : 12 18 26 38 43 76
 98 : 34 35 37 47 75 88
