# Time: 2184.770020
# Elapsed: 481.928284
# Input_file: splp/PCodes/1534PCodesS.txt
# Pool_size: 400
# Iterations: 29
# Final_solutions: 10928
# Vision_range: 600
# Reduction_mode: REDUCTION_DISPERSE
# Dissimilitude: DISSIM_CLIENTDELTA
SOLUTION:
  Value: -48223.000000
  Assigns: 4 33 10 67 4 4 4 23 10 25 10 10 4 77 10 47 80 25 50 23 4 23 23 23 25 25 10 25 60 25 94 23 33 33 50 33 4 33 102 47 104 33 10 47 60 47 47 47 50 33 50 50 60 117 50 23 60 25 50 123 60 60 60 47 80 67 67 67 4 77 102 67 104 77 10 67 77 77 94 77 80 80 80 67 80 117 94 23 80 25 94 123 94 77 94 94 104 33 102 67 102 117 102 102 104 104 104 123 104 77 102 47 80 117 50 123 117 117 102 117 104 123 123 123 60 117 94 123 
  Facilities: 16
 4 : 0 4 5 6 12 20 36 68
 10 : 2 8 10 11 14 26 42 74
 23 : 7 19 21 22 23 31 55 87
 25 : 9 17 24 25 27 29 57 89
 33 : 1 32 33 35 37 41 49 97
 47 : 15 39 43 45 46 47 63 111
 50 : 18 34 48 50 51 54 58 114
 60 : 28 44 52 56 60 61 62 124
 67 : 3 65 66 67 71 75 83 99
 77 : 13 69 73 76 77 79 93 109
 80 : 16 64 80 81 82 84 88 112
 94 : 30 78 86 90 92 94 95 126
 102 : 38 70 98 100 102 103 110 118
 104 : 40 72 96 104 105 106 108 120
 117 : 53 85 101 113 116 117 119 125
 123 : 59 91 107 115 121 122 123 127
SOLUTION:
  Value: -51212.000000
  Assigns: 64 3 3 3 12 37 22 3 12 25 42 3 12 12 12 79 48 25 22 51 22 85 22 22 25 25 90 25 12 25 22 63 48 37 42 51 37 37 102 37 42 105 42 42 12 37 42 63 48 51 51 51 48 37 22 63 48 25 42 51 124 63 63 63 64 64 64 3 64 85 102 79 64 105 90 79 12 79 79 79 64 85 90 115 85 85 22 85 90 25 90 90 124 85 90 79 64 105 102 115 102 37 102 102 105 105 42 105 124 105 102 79 48 115 115 115 124 85 102 115 124 105 90 115 124 124 124 63 
  Facilities: 17
 3 : 1 2 3 7 11 67
 12 : 4 8 12 13 14 28 44 76
 22 : 6 18 20 22 23 30 54 86
 25 : 9 17 24 25 27 29 57 89
 37 : 5 33 36 37 39 45 53 101
 42 : 10 34 40 42 43 46 58 106
 48 : 16 32 48 52 56 112
 51 : 19 35 49 50 51 59
 63 : 31 47 55 61 62 63 127
 64 : 0 64 65 66 68 72 80 96
 79 : 15 71 75 77 78 79 95 111
 85 : 21 69 81 84 85 87 93 117
 90 : 26 74 82 88 90 91 94 122
 102 : 38 70 98 100 102 103 110 118
 105 : 41 73 97 104 105 107 109 121
 115 : 83 99 113 114 115 119 123
 124 : 60 92 108 116 120 124 125 126
SOLUTION:
  Value: -57182.000000
  Assigns: 64 33 10 7 20 7 7 7 10 25 42 10 44 77 10 7 20 25 19 19 20 20 20 7 25 25 10 19 20 25 94 63 33 33 42 33 44 33 102 7 42 33 42 42 44 44 42 63 50 33 50 19 20 117 50 63 120 25 42 63 44 63 63 63 64 64 64 83 64 77 102 7 64 77 10 107 77 77 94 77 64 83 83 19 20 117 94 83 120 73 94 83 94 77 94 94 64 33 102 107 102 117 102 102 120 73 42 107 44 77 102 107 120 117 50 83 117 117 102 117 120 120 120 107 120 117 94 63 
  Facilities: 19
 7 : 3 5 6 7 15 23 39 71
 10 : 2 8 11 14 26 74
 19 : 18 19 27 51 83
 20 : 4 16 20 21 22 28 52 84
 25 : 9 17 24 25 29 57
 33 : 1 32 33 35 37 41 49 97
 42 : 10 34 40 42 43 46 58 106
 44 : 12 36 44 45 60 108
 50 : 48 50 54 114
 63 : 31 47 55 59 61 62 63 127
 64 : 0 64 65 66 68 72 80 96
 73 : 89 105
 77 : 13 69 73 76 77 79 93 109
 83 : 67 81 82 87 91 115
 94 : 30 78 86 90 92 94 95 126
 102 : 38 70 98 100 102 103 110 118
 107 : 75 99 107 111 123
 117 : 53 85 101 113 116 117 119 125
 120 : 56 88 104 112 120 121 122 124
SOLUTION:
  Value: -63164.000000
  Assigns: 32 5 10 7 12 7 7 7 10 25 42 10 12 12 10 7 48 25 22 51 22 5 22 7 25 25 10 25 12 25 22 63 48 32 42 51 32 5 102 7 42 105 42 42 12 109 42 63 48 51 51 51 48 117 22 63 48 25 42 51 124 63 63 63 80 67 67 67 76 5 102 7 76 105 10 67 76 109 76 95 80 80 80 67 80 117 22 95 80 25 122 95 124 95 95 95 32 105 102 67 102 109 102 102 105 105 42 105 124 105 102 109 48 117 122 51 117 117 102 117 122 105 122 122 124 109 124 95 
  Facilities: 21
 5 : 1 21 37 69
 7 : 3 5 6 7 15 23 39 71
 10 : 2 8 11 14 26 74
 12 : 4 12 13 28 44
 22 : 18 20 22 30 54 86
 25 : 9 17 24 25 27 29 57 89
 32 : 0 33 36 96
 42 : 10 34 40 42 43 46 58 106
 48 : 16 32 48 52 56 112
 51 : 19 35 49 50 51 59 115
 63 : 31 47 55 61 62 63
 67 : 65 66 67 75 83 99
 76 : 68 72 76 78
 80 : 64 80 81 82 84 88
 95 : 79 87 91 93 94 95 127
 102 : 38 70 98 100 102 103 110 118
 105 : 41 73 97 104 105 107 109 121
 109 : 45 77 101 111 125
 117 : 53 85 113 116 117 119
 122 : 90 114 120 122 123
 124 : 60 92 108 124 126
SOLUTION:
  Value: -66164.000000
  Assigns: 32 65 10 7 20 7 7 7 72 25 42 10 76 45 10 7 20 25 82 51 20 20 20 7 25 25 10 25 20 25 62 95 36 32 42 51 32 36 36 7 42 45 42 42 36 109 42 45 32 51 51 51 36 117 62 51 120 25 42 51 62 45 62 62 72 65 82 65 76 65 86 7 72 72 10 107 72 109 76 95 112 65 86 82 20 117 82 95 72 25 82 95 76 95 86 95 112 65 102 107 102 109 102 102 120 109 42 107 109 45 102 109 120 112 82 51 117 117 102 117 120 120 120 107 120 109 62 95 
  Facilities: 22
 7 : 3 5 6 7 15 23 39 71
 10 : 2 11 14 26 74
 20 : 4 16 20 21 22 28 84
 25 : 9 17 24 25 27 29 57 89
 32 : 0 33 36 48
 36 : 32 37 38 44 52
 42 : 10 34 40 42 43 46 58 106
 45 : 13 41 47 61 109
 51 : 19 35 49 50 51 55 59 115
 62 : 30 54 60 62 63 126
 65 : 1 65 67 69 81 97
 72 : 8 64 72 73 76 88
 76 : 12 68 78 92
 82 : 18 66 83 86 90 114
 86 : 70 82 94
 95 : 31 79 87 91 93 95 127
 102 : 98 100 102 103 110 118
 107 : 75 99 107 123
 109 : 45 77 101 105 108 111 125
 112 : 80 96 113
 117 : 53 85 116 117 119
 120 : 56 104 112 120 121 122 124
SOLUTION:
  Value: -69149.000000
  Assigns: 64 33 10 67 20 7 7 7 10 25 10 10 76 77 10 7 20 25 50 51 20 20 20 7 25 89 10 25 92 25 94 63 96 33 50 51 44 33 102 7 44 33 40 107 44 44 44 63 50 51 51 51 20 117 50 63 40 25 122 51 44 63 63 63 64 67 64 67 76 77 86 67 64 77 10 107 92 77 76 77 64 89 86 67 20 117 86 86 92 89 122 89 92 77 86 94 96 33 96 67 96 117 102 102 96 107 122 107 44 77 102 107 96 117 50 51 117 117 102 117 122 89 122 107 92 117 94 63 
  Facilities: 23
 7 : 5 6 7 15 23 39
 10 : 2 8 10 11 14 26 74
 20 : 4 16 20 21 22 52 84
 25 : 9 17 24 27 29 57
 33 : 1 33 37 41 97
 40 : 42 56
 44 : 36 40 44 45 46 60 108
 50 : 18 34 48 54 114
 51 : 19 35 49 50 51 59 115
 63 : 31 47 55 61 62 63 127
 64 : 0 64 66 72 80
 67 : 3 65 67 71 83 99
 76 : 12 68 78
 77 : 13 69 73 77 79 93 109
 86 : 70 82 86 87 94
 89 : 25 81 89 91 121
 92 : 28 76 88 92 124
 94 : 30 95 126
 96 : 32 96 98 100 104 112
 102 : 38 102 103 110 118
 107 : 43 75 105 107 111 123
 117 : 53 85 101 113 116 117 119 125
 122 : 58 90 106 120 122
SOLUTION:
  Value: -72140.000000
  Assigns: 64 65 10 7 20 7 7 7 10 25 42 10 28 77 10 7 20 25 82 51 20 20 20 7 25 89 10 25 28 28 62 63 40 37 42 51 37 37 102 7 42 40 40 42 40 109 42 63 112 51 51 51 20 117 62 63 40 25 42 51 62 63 63 62 64 65 64 65 64 65 78 7 64 77 78 107 78 109 78 77 64 89 82 82 20 117 82 95 89 89 82 89 28 77 95 95 112 65 102 107 102 109 102 102 40 109 42 107 109 77 102 109 112 112 82 51 117 117 102 117 112 89 126 107 126 109 62 126 
  Facilities: 24
 7 : 3 5 6 7 15 23 39 71
 10 : 2 8 11 14 26
 20 : 4 16 20 21 22 52 84
 25 : 9 17 24 27 57
 28 : 12 28 29 92
 37 : 33 36 37
 40 : 32 41 42 44 56 104
 42 : 10 34 40 43 46 58 106
 51 : 19 35 49 50 51 59 115
 62 : 30 54 60 63 126
 63 : 31 47 55 61 62
 64 : 0 64 66 68 72 80
 65 : 1 65 67 69 97
 77 : 13 73 79 93 109
 78 : 70 74 76 78
 82 : 18 82 83 86 90 114
 89 : 25 81 88 89 91 121
 95 : 87 94 95
 102 : 38 98 100 102 103 110 118
 107 : 75 99 107 123
 109 : 45 77 101 105 108 111 125
 112 : 48 96 112 113 120
 117 : 53 85 116 117 119
 126 : 122 124 127
SOLUTION:
  Value: -75134.000000
  Assigns: 64 65 10 7 20 7 7 7 10 25 42 10 28 77 10 7 20 25 22 51 20 20 20 7 25 89 10 25 28 28 28 63 40 37 42 51 37 37 102 7 42 40 40 42 40 109 42 63 112 51 51 51 20 117 22 63 40 25 42 51 28 63 63 63 64 65 64 65 64 65 78 7 64 77 78 107 78 109 78 95 64 89 82 82 20 117 82 95 92 89 82 89 92 77 95 95 112 65 102 107 102 109 102 102 40 109 42 107 109 77 102 109 112 112 82 51 117 117 102 117 112 89 126 107 92 109 126 126 
  Facilities: 25
 7 : 3 5 6 7 15 23 39 71
 10 : 2 8 11 14 26
 20 : 4 16 20 21 22 52 84
 22 : 18 54
 25 : 9 17 24 27 57
 28 : 12 28 29 30 60
 37 : 33 36 37
 40 : 32 41 42 44 56 104
 42 : 10 34 40 43 46 58 106
 51 : 19 35 49 50 51 59 115
 63 : 31 47 55 61 62 63
 64 : 0 64 66 68 72 80
 65 : 1 65 67 69 97
 77 : 13 73 93 109
 78 : 70 74 76 78
 82 : 82 83 86 90 114
 89 : 25 81 89 91 121
 92 : 88 92 124
 95 : 79 87 94 95
 102 : 38 98 100 102 103 110 118
 107 : 75 99 107 123
 109 : 45 77 101 105 108 111 125
 112 : 48 96 112 113 120
 117 : 53 85 116 117 119
 126 : 122 126 127
SOLUTION:
  Value: -75134.000000
  Assigns: 64 65 10 7 36 7 7 7 10 13 42 10 13 77 10 7 24 25 22 51 22 85 22 7 25 24 24 25 24 13 22 63 36 41 42 51 36 39 36 7 42 41 42 42 36 41 42 63 112 51 51 51 36 117 22 63 120 25 42 51 124 63 63 63 64 65 70 65 64 77 86 7 64 77 10 107 77 77 70 77 64 85 86 91 86 117 70 85 24 91 91 91 124 77 86 91 112 65 106 107 36 117 70 39 120 41 106 107 124 77 106 107 120 112 112 51 117 85 86 117 120 120 120 107 124 124 124 63 
  Facilities: 25
 7 : 3 5 6 7 15 23 39 71
 10 : 2 8 11 14 74
 13 : 9 12 29
 22 : 18 20 22 30 54
 24 : 16 25 26 28 88
 25 : 17 24 27 57
 36 : 4 32 36 38 44 52 100
 39 : 37 103
 41 : 33 41 45 105
 42 : 10 34 40 42 43 46 58
 51 : 19 35 49 50 51 59 115
 63 : 31 47 55 61 62 63 127
 64 : 0 64 68 72 80
 65 : 1 65 67 97
 70 : 66 78 86 102
 77 : 13 69 73 76 77 79 93 109
 85 : 21 81 87 117
 86 : 70 82 84 94 118
 91 : 83 89 90 91 95
 106 : 98 106 110
 107 : 75 99 107 111 123
 112 : 48 96 113 114
 117 : 53 85 101 116 119
 120 : 56 104 112 120 121 122
 124 : 60 92 108 124 125 126
SOLUTION:
  Value: -75134.000000
  Assigns: 4 65 10 7 12 7 7 7 10 41 42 10 12 12 10 7 48 25 19 19 4 85 86 7 25 25 10 19 92 25 62 63 48 41 42 39 4 39 102 7 42 41 42 42 12 41 42 63 48 48 48 19 48 117 62 63 48 25 42 63 62 63 63 62 65 65 98 65 4 65 86 79 88 105 10 79 92 109 79 79 88 85 86 19 86 117 86 85 92 25 94 123 92 85 86 94 98 65 98 98 102 109 98 39 105 105 42 105 109 105 102 109 48 117 98 123 117 85 102 117 88 105 123 123 92 109 94 123 
  Facilities: 25
 4 : 0 20 36 68
 7 : 3 5 6 7 15 23 39
 10 : 2 8 11 14 26 74
 12 : 4 12 13 44
 19 : 18 19 27 51 83
 25 : 17 24 25 29 57 89
 39 : 35 37 103
 41 : 9 33 41 45
 42 : 10 34 40 42 43 46 58 106
 48 : 16 32 48 49 50 52 56 112
 62 : 30 54 60 63
 63 : 31 47 55 59 61 62
 65 : 1 64 65 67 69 97
 79 : 71 75 78 79
 85 : 21 81 87 93 117
 86 : 22 70 82 84 86 94
 88 : 72 80 120
 92 : 28 76 88 92 124
 94 : 90 95 126
 98 : 66 96 98 99 102 114
 102 : 38 100 110 118
 105 : 73 104 105 107 109 121
 109 : 77 101 108 111 125
 117 : 53 85 113 116 119
 123 : 91 115 122 123 127
