# Time: 5.420000
# Elapsed: 3.175312
# Input_file: splp/GapB/1631GapBS.txt
# Pool_size: 1000
# Iterations: 17
# Final_solutions: 15100
# Vision_range: 0
# Reduction_mode: REDUCTION_BESTS
SOLUTION:
  Value: -45143.000000
  Assigns: 79 77 57 28 77 84 84 10 40 15 57 78 15 40 91 84 57 53 10 28 57 3 81 84 40 10 10 78 79 91 91 62 79 91 78 81 77 10 81 44 91 44 78 40 91 53 3 53 62 79 78 44 44 3 62 53 79 77 62 3 28 84 79 84 77 84 57 44 44 78 53 57 81 77 79 91 10 78 40 3 28 28 15 3 62 3 57 10 44 15 15 28 44 28 40 77 53 62 15 62 
  Facilities: 15
 3 : 21 46 53 59 79 83 85
 10 : 7 18 25 26 37 76 87
 15 : 9 12 82 89 90 98
 28 : 3 19 60 80 81 91 93
 40 : 8 13 24 43 78 94
 44 : 39 41 51 52 67 68 88 92
 53 : 17 45 47 55 70 96
 57 : 2 10 16 20 66 71 86
 62 : 31 48 54 58 84 97 99
 77 : 1 4 36 57 64 73 95
 78 : 11 27 34 42 50 69 77
 79 : 0 28 32 49 56 62 74
 81 : 22 35 38 72
 84 : 5 6 15 23 61 63 65
 91 : 14 29 30 33 40 44 75
SOLUTION:
  Value: -45150.000000
  Assigns: 46 44 53 28 14 84 84 66 40 10 10 78 10 40 91 84 91 53 10 28 14 3 81 84 40 10 10 78 66 91 21 62 81 91 78 81 28 10 81 44 46 44 78 40 66 53 3 21 62 28 78 44 44 3 62 53 21 53 62 3 28 84 14 84 14 84 40 44 44 78 53 66 81 46 46 91 10 78 40 46 28 28 21 3 62 3 46 10 44 14 14 28 44 28 40 53 53 62 66 62 
  Facilities: 15
 3 : 21 46 53 59 83 85
 10 : 9 10 12 18 25 26 37 76 87
 14 : 4 20 62 64 89 90
 21 : 30 47 56 82
 28 : 3 19 36 49 60 80 81 91 93
 40 : 8 13 24 43 66 78 94
 44 : 1 39 41 51 52 67 68 88 92
 46 : 0 40 73 74 79 86
 53 : 2 17 45 55 57 70 95 96
 62 : 31 48 54 58 84 97 99
 66 : 7 28 44 71 98
 78 : 11 27 34 42 50 69 77
 81 : 22 32 35 38 72
 84 : 5 6 15 23 61 63 65
 91 : 14 16 29 33 75
SOLUTION:
  Value: -45150.000000
  Assigns: 1 83 36 25 80 78 72 98 83 1 1 78 25 83 80 72 83 98 90 78 4 3 98 36 78 72 90 78 72 91 1 25 83 91 78 11 36 43 11 98 72 25 78 36 91 36 3 4 98 90 78 43 4 3 72 45 72 36 90 3 11 4 36 45 36 80 25 11 36 83 43 90 43 11 72 43 4 78 43 25 90 1 1 3 80 3 91 45 4 45 80 72 90 25 43 80 72 25 11 43 
  Facilities: 15
 1 : 0 9 10 30 81 82
 3 : 21 46 53 59 83 85
 4 : 20 47 52 61 76 88
 11 : 35 38 60 67 73 98
 25 : 3 12 31 41 66 79 93 97
 36 : 2 23 36 43 45 57 62 64 68
 43 : 37 51 70 72 75 78 94 99
 45 : 55 63 87 89
 72 : 6 15 25 28 40 54 56 74 91 96
 78 : 5 11 19 24 27 34 42 50 77
 80 : 4 14 65 84 90 95
 83 : 1 8 13 16 32 69
 90 : 18 26 49 58 71 80 92
 91 : 29 33 44 86
 98 : 7 17 22 39 48
SOLUTION:
  Value: -45151.000000
  Assigns: 4 77 53 28 77 84 84 10 40 15 13 78 15 40 91 84 91 53 10 28 4 3 81 84 40 10 10 78 84 91 91 62 81 91 78 81 77 10 81 44 91 44 78 40 91 53 3 4 62 28 78 44 4 3 62 53 13 77 62 3 28 84 81 84 77 84 40 44 44 78 53 13 81 77 13 91 4 78 40 13 28 28 15 3 62 3 91 10 4 15 15 13 44 28 40 77 53 62 15 62 
  Facilities: 15
 3 : 21 46 53 59 83 85
 4 : 0 20 47 52 76 88
 10 : 7 18 25 26 37 87
 13 : 10 56 71 74 79 91
 15 : 9 12 82 89 90 98
 28 : 3 19 49 60 80 81 93
 40 : 8 13 24 43 66 78 94
 44 : 39 41 51 67 68 92
 53 : 2 17 45 55 70 96
 62 : 31 48 54 58 84 97 99
 77 : 1 4 36 57 64 73 95
 78 : 11 27 34 42 50 69 77
 81 : 22 32 35 38 62 72
 84 : 5 6 15 23 28 61 63 65
 91 : 14 16 29 30 33 40 44 75 86
SOLUTION:
  Value: -45151.000000
  Assigns: 1 97 53 92 14 97 72 92 40 1 1 78 92 40 97 72 90 53 90 78 48 3 1 51 40 72 90 78 72 40 1 90 97 51 78 11 97 43 11 44 72 97 78 40 92 53 3 48 51 90 78 43 44 3 72 53 72 53 90 3 11 43 14 48 14 48 40 11 44 78 53 51 97 11 48 43 90 78 40 3 90 1 1 3 11 92 14 92 44 14 14 72 90 48 40 53 53 14 11 43 
  Facilities: 15
 1 : 0 9 10 22 30 81 82
 3 : 21 46 53 59 79 83
 11 : 35 38 60 67 73 84 98
 14 : 4 62 64 86 89 90 97
 40 : 8 13 24 29 43 66 78 94
 43 : 37 51 61 75 99
 44 : 39 52 68 88
 48 : 20 47 63 65 74 93
 51 : 23 33 48 71
 53 : 2 17 45 55 57 70 95 96
 72 : 6 15 25 28 40 54 56 91
 78 : 11 19 27 34 42 50 69 77
 90 : 16 18 26 31 49 58 76 80 92
 92 : 3 7 12 44 85 87
 97 : 1 5 14 32 36 41 72
SOLUTION:
  Value: -45152.000000
  Assigns: 48 77 53 28 77 84 84 10 40 15 13 78 15 40 91 84 91 53 10 28 48 3 81 84 40 10 10 78 84 91 91 62 81 91 78 81 48 10 81 44 91 44 78 40 91 53 3 48 62 28 78 44 44 3 62 53 13 77 62 3 28 84 81 84 77 84 40 44 44 78 53 13 81 77 48 91 10 78 40 13 28 28 15 3 62 3 91 10 44 15 15 13 44 28 40 77 53 62 15 62 
  Facilities: 15
 3 : 21 46 53 59 83 85
 10 : 7 18 25 26 37 76 87
 13 : 10 56 71 79 91
 15 : 9 12 82 89 90 98
 28 : 3 19 49 60 80 81 93
 40 : 8 13 24 43 66 78 94
 44 : 39 41 51 52 67 68 88 92
 48 : 0 20 36 47 74
 53 : 2 17 45 55 70 96
 62 : 31 48 54 58 84 97 99
 77 : 1 4 57 64 73 95
 78 : 11 27 34 42 50 69 77
 81 : 22 32 35 38 62 72
 84 : 5 6 15 23 28 61 63 65
 91 : 14 16 29 30 33 40 44 75 86
SOLUTION:
  Value: -45152.000000
  Assigns: 79 44 57 28 14 84 84 10 40 10 57 78 10 40 91 84 57 53 10 28 11 3 81 84 40 10 10 78 79 91 91 62 79 91 78 11 28 10 11 44 91 44 78 40 91 53 3 53 62 79 78 44 44 3 62 53 79 53 62 3 28 84 14 84 14 84 57 11 44 78 53 57 81 11 79 91 10 78 40 3 28 28 11 3 11 3 57 10 44 14 14 28 44 28 40 53 53 62 11 62 
  Facilities: 15
 3 : 21 46 53 59 79 83 85
 10 : 7 9 12 18 25 26 37 76 87
 11 : 20 35 38 67 73 82 84 98
 14 : 4 62 64 89 90
 28 : 3 19 36 60 80 81 91 93
 40 : 8 13 24 43 78 94
 44 : 1 39 41 51 52 68 88 92
 53 : 17 45 47 55 57 70 95 96
 57 : 2 10 16 66 71 86
 62 : 31 48 54 58 97 99
 78 : 11 27 34 42 50 69 77
 79 : 0 28 32 49 56 74
 81 : 22 72
 84 : 5 6 15 23 61 63 65
 91 : 14 29 30 33 40 44 75
SOLUTION:
  Value: -45153.000000
  Assigns: 1 97 53 28 14 97 84 10 40 1 13 78 10 40 91 84 91 53 10 28 11 3 1 84 40 10 10 78 84 91 1 62 97 91 78 11 97 10 11 44 91 97 78 40 91 53 3 53 62 28 78 44 44 3 62 53 13 53 62 3 28 84 14 84 14 84 40 11 44 78 53 13 97 11 13 91 10 78 40 13 28 1 1 3 11 3 91 10 44 14 14 13 44 28 40 53 53 62 11 62 
  Facilities: 15
 1 : 0 9 22 30 81 82
 3 : 21 46 53 59 83 85
 10 : 7 12 18 25 26 37 76 87
 11 : 20 35 38 67 73 84 98
 13 : 10 56 71 74 79 91
 14 : 4 62 64 89 90
 28 : 3 19 49 60 80 93
 40 : 8 13 24 43 66 78 94
 44 : 39 51 52 68 88 92
 53 : 2 17 45 47 55 57 70 95 96
 62 : 31 48 54 58 97 99
 78 : 11 27 34 42 50 69 77
 84 : 6 15 23 28 61 63 65
 91 : 14 16 29 33 40 44 75 86
 97 : 1 5 32 36 41 72
SOLUTION:
  Value: -45153.000000
  Assigns: 79 44 57 28 14 84 84 10 40 10 57 78 10 40 91 84 57 53 10 28 14 3 81 84 40 10 10 78 79 91 91 62 79 91 78 81 28 10 81 44 91 44 78 40 91 53 3 53 62 79 78 44 44 3 62 53 79 53 62 3 28 84 14 84 14 84 57 44 44 78 53 57 81 20 79 91 10 78 40 3 28 28 20 3 62 3 57 10 44 14 14 28 44 28 40 53 53 62 20 62 
  Facilities: 15
 3 : 21 46 53 59 79 83 85
 10 : 7 9 12 18 25 26 37 76 87
 14 : 4 20 62 64 89 90
 20 : 73 82 98
 28 : 3 19 36 60 80 81 91 93
 40 : 8 13 24 43 78 94
 44 : 1 39 41 51 52 67 68 88 92
 53 : 17 45 47 55 57 70 95 96
 57 : 2 10 16 66 71 86
 62 : 31 48 54 58 84 97 99
 78 : 11 27 34 42 50 69 77
 79 : 0 28 32 49 56 74
 81 : 22 35 38 72
 84 : 5 6 15 23 61 63 65
 91 : 14 29 30 33 40 44 75
SOLUTION:
  Value: -45154.000000
  Assigns: 98 97 98 28 14 97 84 10 40 10 13 78 10 40 91 84 91 53 10 28 11 3 98 84 40 10 10 78 84 91 91 62 97 91 78 11 97 10 11 98 91 97 78 40 91 53 3 85 62 28 78 40 85 3 62 53 13 53 62 3 28 84 14 84 14 84 40 11 85 78 53 13 97 11 13 91 10 78 40 13 28 28 11 3 11 3 91 10 13 14 14 13 3 28 40 53 53 62 11 62 
  Facilities: 15
 3 : 21 46 53 59 83 85 92
 10 : 7 9 12 18 25 26 37 76 87
 11 : 20 35 38 67 73 82 84 98
 13 : 10 56 71 74 79 88 91
 14 : 4 62 64 89 90
 28 : 3 19 49 60 80 81 93
 40 : 8 13 24 43 51 66 78 94
 53 : 17 45 55 57 70 95 96
 62 : 31 48 54 58 97 99
 78 : 11 27 34 42 50 69 77
 84 : 6 15 23 28 61 63 65
 85 : 47 52 68
 91 : 14 16 29 30 33 40 44 75 86
 97 : 1 5 32 36 41 72
 98 : 0 2 22 39
