# Time: 43233.339844
# Elapsed: 7646.258789
# Input_file: splp/KoerkelGhosh-sym/750/a/gs750a-2
# Pool_size: 200
# Iterations: 68
# Final_solutions: 12969
# Vision_range: 400
# Reduction_mode: REDUCTION_DISPERSE
# Dissimilitude: DISSIM_MSE
# Facility_dist: FDISMODE_SUMOFDELTAS
SOLUTION:
  Value: -764451.000000
  Assigns: 553 311 734 224 382 190 654 284 156 599 56 65 656 505 17 708 18 599 478 93 270 638 382 311 446 321 370 92 156 599 708 370 333 245 720 399 91 478 92 599 456 107 265 478 708 473 471 456 505 92 654 156 599 107 56 461 161 635 17 334 18 664 579 51 342 245 507 720 65 461 334 660 224 579 679 93 456 92 730 156 185 245 335 224 656 635 656 334 267 224 382 478 553 507 461 734 382 446 335 720 185 656 446 91 638 333 645 17 156 478 335 126 295 321 93 267 679 91 679 245 399 190 91 333 471 505 473 267 730 51 635 645 461 446 730 270 638 473 649 656 579 107 399 579 295 664 18 679 245 730 599 18 708 553 446 51 51 505 107 473 579 446 270 660 311 92 335 708 91 656 61 156 645 267 638 156 399 126 18 51 61 56 553 241 295 65 335 65 507 267 51 654 241 245 471 284 654 734 634 245 51 61 93 224 92 284 730 126 656 456 505 51 505 720 93 649 649 399 399 654 267 334 295 456 471 553 56 241 224 507 315 730 456 315 107 471 185 56 708 708 93 456 446 654 213 734 334 664 56 645 634 334 664 660 245 311 730 446 654 645 295 471 660 720 734 473 730 65 61 553 635 56 473 334 505 505 638 478 720 93 730 720 382 315 171 382 284 382 446 456 93 284 730 634 342 321 18 315 315 265 17 720 660 315 17 478 190 61 17 473 399 599 679 635 321 342 161 321 399 93 473 295 507 284 18 51 645 156 399 190 315 635 342 61 708 505 267 660 579 295 335 679 315 507 270 579 638 654 507 507 649 634 224 333 649 321 708 382 654 245 265 579 708 638 224 18 267 245 334 579 656 656 507 399 224 92 92 656 185 505 599 190 335 599 370 171 91 507 51 638 245 638 342 265 660 107 654 399 638 679 656 478 635 342 478 635 720 107 334 56 161 61 17 333 185 553 446 645 92 645 65 730 656 65 270 265 446 190 91 505 284 295 654 65 107 190 18 213 65 161 478 638 461 645 241 370 161 505 65 382 471 382 245 664 446 730 241 720 634 370 17 334 161 311 56 295 599 107 265 471 473 507 91 126 456 734 241 61 91 265 660 649 446 664 656 638 185 156 335 461 553 638 190 342 649 382 471 213 270 270 638 126 161 92 654 335 478 471 245 335 471 708 708 61 93 107 333 634 18 65 315 190 382 284 635 93 224 92 91 17 635 213 478 17 126 473 461 720 507 654 471 17 471 161 720 315 333 171 93 660 17 456 284 638 599 267 51 446 660 507 311 321 553 61 295 65 638 270 245 284 342 635 679 446 649 505 161 382 295 265 660 679 461 507 461 335 720 654 171 679 267 190 399 579 265 634 720 107 461 17 91 660 579 91 270 91 51 241 161 370 507 245 649 315 61 91 638 126 649 370 660 295 224 56 284 664 171 245 171 579 599 382 265 315 161 270 213 679 553 161 107 61 213 461 660 241 645 730 478 161 61 91 634 190 654 335 370 579 553 91 553 446 334 241 61 579 224 507 635 656 656 635 92 93 634 734 311 185 734 399 265 267 91 107 370 649 649 456 664 213 635 156 461 720 51 51 734 267 270 107 295 656 171 720 645 399 284 342 334 18 399 553 579 334 126 311 156 65 579 505 295 461 311 224 660 645 599 161 334 126 270 478 654 553 245 649 315 734 295 185 664 65 370 213 315 267 185 185 93 126 
  Facilities: 60
 17 : 14 58 107 300 304 308 412 460 529 533 541 550 599
 18 : 16 60 146 151 178 296 324 365 436 518 709
 51 : 63 129 155 156 179 190 200 211 325 388 556 606 694 695
 56 : 10 54 181 226 237 248 271 409 464 623
 61 : 170 180 201 268 307 333 411 477 513 563 614 641 650 664
 65 : 11 68 185 187 267 420 423 433 438 448 519 565 717 741
 91 : 36 103 117 122 168 386 428 472 478 528 600 603 605 615 651 659 682
 92 : 27 38 49 77 165 204 375 376 418 503 527 672
 93 : 19 75 114 202 214 240 279 290 319 514 525 548 673 748
 107 : 41 53 141 158 234 395 407 434 467 515 597 640 683 699
 126 : 111 177 207 473 501 534 617 714 729 749
 156 : 8 28 51 79 108 171 175 327 487 691 716
 161 : 56 316 410 439 446 462 502 543 576 608 634 639 649 727
 171 : 284 385 547 588 626 628 702
 185 : 80 100 236 378 414 486 677 739 746 747
 190 : 5 121 306 329 381 427 435 492 521 591 653
 213 : 244 437 497 531 636 642 689 743
 224 : 3 72 83 89 203 228 352 364 374 526 622 666 723
 241 : 183 192 227 444 456 476 607 645 663
 245 : 33 65 81 119 148 193 199 254 359 367 390 452 508 568 611 627 734
 265 : 42 299 360 393 425 468 479 579 594 632 680
 267 : 88 115 127 173 189 220 336 366 555 590 681 697 745
 270 : 20 135 162 344 424 498 499 567 604 635 698 730
 284 : 7 195 205 286 291 323 430 523 552 569 624 706
 295 : 112 144 184 222 260 321 339 431 465 564 578 621 700 720 738
 311 : 1 23 164 255 463 560 676 715 722
 315 : 230 233 283 297 298 303 330 342 520 545 613 633 736 744
 321 : 25 113 295 314 317 355 561
 333 : 32 105 123 353 413 516 546
 334 : 59 70 87 221 246 251 273 368 408 461 662 708 713 728
 335 : 82 98 110 166 186 340 382 488 505 509 585 655
 342 : 64 294 315 332 392 403 493 570 707
 370 : 26 31 384 445 459 609 619 656 684 742
 382 : 4 22 90 96 282 285 287 357 449 451 495 522 577 631
 399 : 35 120 142 176 217 218 310 318 328 373 397 592 679 705 710
 446 : 24 97 102 133 154 161 242 257 288 416 426 454 482 557 573 661
 456 : 40 47 76 209 223 232 241 289 474 551 687
 461 : 55 69 94 132 442 489 536 582 584 598 643 692 721
 471 : 46 124 194 224 235 261 450 469 496 507 510 540 542
 473 : 45 126 137 159 265 272 309 320 470 535
 478 : 18 37 43 91 109 277 305 401 404 440 506 532 648 731
 505 : 13 48 125 157 210 212 274 275 335 379 429 447 575 719
 507 : 66 93 188 229 322 343 348 349 372 387 471 538 559 583 610 667
 553 : 0 92 153 182 225 269 415 490 562 638 658 660 711 733
 579 : 62 73 140 143 160 338 345 361 369 593 602 629 657 665 712 718
 599 : 9 17 29 39 52 150 311 380 383 466 554 630 726
 634 : 198 250 293 351 458 517 595 652 674
 635 : 57 85 130 270 313 331 402 405 524 530 571 668 671 690
 638 : 21 104 136 174 276 346 363 389 391 398 441 485 491 500 553 566 616
 645 : 106 131 172 249 259 326 417 419 443 646 704 725
 649 : 138 215 216 350 354 481 494 574 612 618 685 686 735
 654 : 6 50 191 196 219 243 258 347 358 396 432 504 539 587 654 732
 656 : 12 84 86 101 139 169 208 370 371 377 400 422 484 669 670 701
 660 : 71 163 253 262 302 337 394 480 549 558 580 601 620 644 724
 664 : 61 145 247 252 453 483 625 688 740
 679 : 74 116 118 147 312 341 399 572 581 589 637
 708 : 15 30 44 152 167 238 239 334 356 362 511 512
 720 : 34 67 99 213 263 278 281 301 406 457 537 544 586 596 693 703
 730 : 78 128 134 149 206 231 256 266 280 292 421 455 647
 734 : 2 95 197 245 264 475 675 678 696 737
SOLUTION:
  Value: -764453.000000
  Assigns: 553 311 734 224 382 190 654 284 156 599 56 65 656 505 17 708 18 599 478 93 270 638 382 311 446 321 370 92 156 599 708 370 333 245 720 399 91 478 92 599 456 107 265 478 708 473 471 456 505 92 654 156 599 107 56 461 161 635 17 334 18 664 579 51 342 245 507 720 65 461 334 660 224 579 679 93 456 92 730 156 185 245 335 224 656 635 656 334 267 224 382 478 553 507 461 734 382 446 335 720 185 656 446 91 638 333 446 17 156 478 335 126 295 321 93 267 679 91 679 245 399 190 91 333 471 505 473 267 730 51 635 51 461 446 730 270 638 473 649 656 579 107 399 579 295 664 18 679 245 730 599 18 708 553 446 51 51 505 107 473 579 446 270 660 311 92 335 708 91 656 61 156 171 267 638 156 399 126 18 51 61 56 553 241 295 65 335 65 507 267 51 654 241 245 471 284 654 734 634 245 51 61 93 224 92 284 730 126 656 456 505 51 505 720 93 649 649 399 399 654 267 334 295 456 471 553 56 241 224 507 315 730 456 315 107 471 185 56 708 708 93 456 446 654 213 734 334 664 56 505 634 334 664 660 245 311 730 446 654 335 295 471 660 720 734 473 730 65 61 553 635 56 473 334 505 505 638 478 720 93 730 720 382 315 171 382 284 382 446 456 93 284 730 634 342 321 18 315 315 265 17 720 660 315 17 478 190 61 17 473 399 599 679 635 321 342 161 321 399 93 473 295 507 284 18 51 660 156 399 190 315 635 342 61 708 505 267 660 579 295 335 679 315 507 270 579 638 654 507 507 649 634 224 333 649 321 708 382 654 245 265 579 708 638 224 18 267 245 334 579 656 656 507 399 224 92 92 656 185 505 599 190 335 599 370 171 91 507 51 638 245 638 342 265 660 107 654 399 638 679 656 478 635 342 478 635 720 107 334 56 161 61 17 333 185 553 446 51 92 334 65 730 656 65 270 265 446 190 91 505 284 295 654 65 107 190 18 213 65 161 478 638 461 156 241 370 161 505 65 382 471 382 245 664 446 730 241 720 634 370 17 334 161 311 56 295 599 107 265 471 473 507 91 126 456 734 241 61 91 265 660 649 446 664 656 638 185 156 335 461 553 638 190 342 649 382 471 213 270 270 638 126 161 92 654 335 478 471 245 335 471 708 708 61 93 107 333 634 18 65 315 190 382 284 635 93 224 92 91 17 635 213 478 17 126 473 461 720 507 654 471 17 471 161 720 315 333 171 93 660 17 456 284 638 599 267 51 446 660 507 311 321 553 61 295 65 638 270 245 284 342 635 679 446 649 505 161 382 295 265 660 679 461 507 461 335 720 654 171 679 267 190 399 579 265 634 720 107 461 17 91 660 579 91 270 91 51 241 161 370 507 245 649 315 61 91 638 126 649 370 660 295 224 56 284 664 171 245 171 579 599 382 265 315 161 270 213 679 553 161 107 61 213 461 660 241 265 730 478 161 61 91 634 190 654 335 370 579 553 91 553 446 334 241 61 579 224 507 635 656 656 635 92 93 634 734 311 185 734 399 265 267 91 107 370 649 649 456 664 213 635 156 461 720 51 51 734 267 270 107 295 656 171 720 599 399 284 342 334 18 399 553 579 334 126 311 156 65 579 505 295 461 311 224 660 213 599 161 334 126 270 478 654 553 245 649 315 734 295 185 664 65 370 213 315 267 185 185 93 126 
  Facilities: 59
 17 : 14 58 107 300 304 308 412 460 529 533 541 550 599
 18 : 16 60 146 151 178 296 324 365 436 518 709
 51 : 63 129 131 155 156 179 190 200 211 325 388 417 556 606 694 695
 56 : 10 54 181 226 237 248 271 409 464 623
 61 : 170 180 201 268 307 333 411 477 513 563 614 641 650 664
 65 : 11 68 185 187 267 420 423 433 438 448 519 565 717 741
 91 : 36 103 117 122 168 386 428 472 478 528 600 603 605 615 651 659 682
 92 : 27 38 49 77 165 204 375 376 418 503 527 672
 93 : 19 75 114 202 214 240 279 290 319 514 525 548 673 748
 107 : 41 53 141 158 234 395 407 434 467 515 597 640 683 699
 126 : 111 177 207 473 501 534 617 714 729 749
 156 : 8 28 51 79 108 171 175 327 443 487 691 716
 161 : 56 316 410 439 446 462 502 543 576 608 634 639 649 727
 171 : 172 284 385 547 588 626 628 702
 185 : 80 100 236 378 414 486 677 739 746 747
 190 : 5 121 306 329 381 427 435 492 521 591 653
 213 : 244 437 497 531 636 642 689 725 743
 224 : 3 72 83 89 203 228 352 364 374 526 622 666 723
 241 : 183 192 227 444 456 476 607 645 663
 245 : 33 65 81 119 148 193 199 254 359 367 390 452 508 568 611 627 734
 265 : 42 299 360 393 425 468 479 579 594 632 646 680
 267 : 88 115 127 173 189 220 336 366 555 590 681 697 745
 270 : 20 135 162 344 424 498 499 567 604 635 698 730
 284 : 7 195 205 286 291 323 430 523 552 569 624 706
 295 : 112 144 184 222 260 321 339 431 465 564 578 621 700 720 738
 311 : 1 23 164 255 463 560 676 715 722
 315 : 230 233 283 297 298 303 330 342 520 545 613 633 736 744
 321 : 25 113 295 314 317 355 561
 333 : 32 105 123 353 413 516 546
 334 : 59 70 87 221 246 251 273 368 408 419 461 662 708 713 728
 335 : 82 98 110 166 186 259 340 382 488 505 509 585 655
 342 : 64 294 315 332 392 403 493 570 707
 370 : 26 31 384 445 459 609 619 656 684 742
 382 : 4 22 90 96 282 285 287 357 449 451 495 522 577 631
 399 : 35 120 142 176 217 218 310 318 328 373 397 592 679 705 710
 446 : 24 97 102 106 133 154 161 242 257 288 416 426 454 482 557 573 661
 456 : 40 47 76 209 223 232 241 289 474 551 687
 461 : 55 69 94 132 442 489 536 582 584 598 643 692 721
 471 : 46 124 194 224 235 261 450 469 496 507 510 540 542
 473 : 45 126 137 159 265 272 309 320 470 535
 478 : 18 37 43 91 109 277 305 401 404 440 506 532 648 731
 505 : 13 48 125 157 210 212 249 274 275 335 379 429 447 575 719
 507 : 66 93 188 229 322 343 348 349 372 387 471 538 559 583 610 667
 553 : 0 92 153 182 225 269 415 490 562 638 658 660 711 733
 579 : 62 73 140 143 160 338 345 361 369 593 602 629 657 665 712 718
 599 : 9 17 29 39 52 150 311 380 383 466 554 630 704 726
 634 : 198 250 293 351 458 517 595 652 674
 635 : 57 85 130 270 313 331 402 405 524 530 571 668 671 690
 638 : 21 104 136 174 276 346 363 389 391 398 441 485 491 500 553 566 616
 649 : 138 215 216 350 354 481 494 574 612 618 685 686 735
 654 : 6 50 191 196 219 243 258 347 358 396 432 504 539 587 654 732
 656 : 12 84 86 101 139 169 208 370 371 377 400 422 484 669 670 701
 660 : 71 163 253 262 302 326 337 394 480 549 558 580 601 620 644 724
 664 : 61 145 247 252 453 483 625 688 740
 679 : 74 116 118 147 312 341 399 572 581 589 637
 708 : 15 30 44 152 167 238 239 334 356 362 511 512
 720 : 34 67 99 213 263 278 281 301 406 457 537 544 586 596 693 703
 730 : 78 128 134 149 206 231 256 266 280 292 421 455 647
 734 : 2 95 197 245 264 475 675 678 696 737
SOLUTION:
  Value: -764461.000000
  Assigns: 553 311 734 224 382 190 654 284 156 599 56 65 656 505 17 708 18 599 478 93 270 638 382 311 446 321 370 92 156 599 708 370 333 245 720 399 91 478 92 599 456 107 265 478 708 473 471 456 505 92 654 156 599 107 56 461 161 635 17 334 18 664 579 51 107 245 507 720 65 461 334 660 224 579 679 93 456 92 730 156 185 245 335 224 656 635 656 334 267 224 382 478 553 507 461 734 382 446 335 720 185 656 446 91 638 333 446 17 156 478 335 126 295 321 93 267 679 91 679 245 399 190 91 333 471 505 473 267 730 51 635 51 461 446 730 270 638 473 649 656 579 107 399 579 295 664 18 679 245 730 599 18 708 553 446 51 51 505 107 473 579 446 270 660 311 92 335 708 91 656 61 156 171 267 638 156 399 126 18 51 61 56 553 241 295 65 335 65 507 267 51 654 241 245 471 284 654 734 634 245 51 61 93 224 92 284 730 126 656 456 505 51 505 720 93 649 649 399 399 654 267 334 295 456 471 553 56 241 224 507 315 730 456 315 107 471 185 56 708 708 93 456 446 654 213 734 334 664 56 505 634 334 664 660 245 311 730 446 654 335 295 471 660 720 734 473 730 65 61 553 635 56 473 334 505 505 638 478 720 93 730 720 382 315 171 382 284 382 446 456 93 284 730 634 399 321 18 315 315 265 17 720 660 315 17 478 190 61 17 473 399 599 679 635 321 654 161 321 399 93 473 295 507 284 18 51 660 156 399 190 315 635 295 61 708 505 267 660 579 295 335 679 315 507 270 579 638 654 507 507 649 634 224 333 649 321 708 382 654 245 265 579 708 638 224 18 267 245 334 579 656 656 507 399 224 92 92 656 185 505 599 190 335 599 370 171 91 507 51 638 245 638 321 265 660 107 654 399 638 679 656 478 635 333 478 635 720 107 334 56 161 61 17 333 185 553 446 51 92 334 65 730 656 65 270 265 446 190 91 505 284 295 654 65 107 190 18 213 65 161 478 638 461 156 241 370 161 505 65 382 471 382 245 664 446 730 241 720 634 370 17 334 161 311 56 295 599 107 265 471 473 507 91 126 456 734 241 61 91 265 660 649 446 664 656 638 185 156 335 461 553 638 190 185 649 382 471 213 270 270 638 126 161 92 654 335 478 471 245 335 471 708 708 61 93 107 333 634 18 65 315 190 382 284 635 93 224 92 91 17 635 213 478 17 126 473 461 720 507 654 471 17 471 161 720 315 333 171 93 660 17 456 284 638 599 267 51 446 660 507 311 321 553 61 295 65 638 270 245 284 224 635 679 446 649 505 161 382 295 265 660 679 461 507 461 335 720 654 171 679 267 190 399 579 265 634 720 107 461 17 91 660 579 91 270 91 51 241 161 370 507 245 649 315 61 91 638 126 649 370 660 295 224 56 284 664 171 245 171 579 599 382 265 315 161 270 213 679 553 161 107 61 213 461 660 241 265 730 478 161 61 91 634 190 654 335 370 579 553 91 553 446 334 241 61 579 224 507 635 656 656 635 92 93 634 734 311 185 734 399 265 267 91 107 370 649 649 456 664 213 635 156 461 720 51 51 734 267 270 107 295 656 171 720 599 399 284 654 334 18 399 553 579 334 126 311 156 65 579 505 295 461 311 224 660 213 599 161 334 126 270 478 654 553 245 649 315 734 295 185 664 65 370 213 315 267 185 185 93 126 
  Facilities: 58
 17 : 14 58 107 300 304 308 412 460 529 533 541 550 599
 18 : 16 60 146 151 178 296 324 365 436 518 709
 51 : 63 129 131 155 156 179 190 200 211 325 388 417 556 606 694 695
 56 : 10 54 181 226 237 248 271 409 464 623
 61 : 170 180 201 268 307 333 411 477 513 563 614 641 650 664
 65 : 11 68 185 187 267 420 423 433 438 448 519 565 717 741
 91 : 36 103 117 122 168 386 428 472 478 528 600 603 605 615 651 659 682
 92 : 27 38 49 77 165 204 375 376 418 503 527 672
 93 : 19 75 114 202 214 240 279 290 319 514 525 548 673 748
 107 : 41 53 64 141 158 234 395 407 434 467 515 597 640 683 699
 126 : 111 177 207 473 501 534 617 714 729 749
 156 : 8 28 51 79 108 171 175 327 443 487 691 716
 161 : 56 316 410 439 446 462 502 543 576 608 634 639 649 727
 171 : 172 284 385 547 588 626 628 702
 185 : 80 100 236 378 414 486 493 677 739 746 747
 190 : 5 121 306 329 381 427 435 492 521 591 653
 213 : 244 437 497 531 636 642 689 725 743
 224 : 3 72 83 89 203 228 352 364 374 526 570 622 666 723
 241 : 183 192 227 444 456 476 607 645 663
 245 : 33 65 81 119 148 193 199 254 359 367 390 452 508 568 611 627 734
 265 : 42 299 360 393 425 468 479 579 594 632 646 680
 267 : 88 115 127 173 189 220 336 366 555 590 681 697 745
 270 : 20 135 162 344 424 498 499 567 604 635 698 730
 284 : 7 195 205 286 291 323 430 523 552 569 624 706
 295 : 112 144 184 222 260 321 332 339 431 465 564 578 621 700 720 738
 311 : 1 23 164 255 463 560 676 715 722
 315 : 230 233 283 297 298 303 330 342 520 545 613 633 736 744
 321 : 25 113 295 314 317 355 392 561
 333 : 32 105 123 353 403 413 516 546
 334 : 59 70 87 221 246 251 273 368 408 419 461 662 708 713 728
 335 : 82 98 110 166 186 259 340 382 488 505 509 585 655
 370 : 26 31 384 445 459 609 619 656 684 742
 382 : 4 22 90 96 282 285 287 357 449 451 495 522 577 631
 399 : 35 120 142 176 217 218 294 310 318 328 373 397 592 679 705 710
 446 : 24 97 102 106 133 154 161 242 257 288 416 426 454 482 557 573 661
 456 : 40 47 76 209 223 232 241 289 474 551 687
 461 : 55 69 94 132 442 489 536 582 584 598 643 692 721
 471 : 46 124 194 224 235 261 450 469 496 507 510 540 542
 473 : 45 126 137 159 265 272 309 320 470 535
 478 : 18 37 43 91 109 277 305 401 404 440 506 532 648 731
 505 : 13 48 125 157 210 212 249 274 275 335 379 429 447 575 719
 507 : 66 93 188 229 322 343 348 349 372 387 471 538 559 583 610 667
 553 : 0 92 153 182 225 269 415 490 562 638 658 660 711 733
 579 : 62 73 140 143 160 338 345 361 369 593 602 629 657 665 712 718
 599 : 9 17 29 39 52 150 311 380 383 466 554 630 704 726
 634 : 198 250 293 351 458 517 595 652 674
 635 : 57 85 130 270 313 331 402 405 524 530 571 668 671 690
 638 : 21 104 136 174 276 346 363 389 391 398 441 485 491 500 553 566 616
 649 : 138 215 216 350 354 481 494 574 612 618 685 686 735
 654 : 6 50 191 196 219 243 258 315 347 358 396 432 504 539 587 654 707 732
 656 : 12 84 86 101 139 169 208 370 371 377 400 422 484 669 670 701
 660 : 71 163 253 262 302 326 337 394 480 549 558 580 601 620 644 724
 664 : 61 145 247 252 453 483 625 688 740
 679 : 74 116 118 147 312 341 399 572 581 589 637
 708 : 15 30 44 152 167 238 239 334 356 362 511 512
 720 : 34 67 99 213 263 278 281 301 406 457 537 544 586 596 693 703
 730 : 78 128 134 149 206 231 256 266 280 292 421 455 647
 734 : 2 95 197 245 264 475 675 678 696 737
SOLUTION:
  Value: -764473.000000
  Assigns: 553 311 734 224 382 190 654 284 156 599 56 65 656 505 17 708 18 599 478 93 270 638 382 311 446 321 370 471 156 599 708 370 333 245 720 399 91 478 56 599 456 107 265 478 708 473 471 456 505 708 654 156 599 107 56 461 161 635 17 334 18 664 579 51 107 245 507 720 65 461 334 660 224 579 679 93 456 65 730 156 185 245 335 224 656 635 656 334 267 224 382 478 553 507 461 734 382 446 335 720 185 656 446 91 638 333 446 17 156 478 335 126 295 321 93 267 679 91 679 245 399 190 91 333 471 505 473 267 730 51 635 51 461 446 730 270 638 473 649 656 579 107 399 579 295 664 18 679 245 730 599 18 708 553 446 51 51 505 107 473 579 446 270 660 311 241 335 708 91 656 61 156 171 267 638 156 399 126 18 51 61 56 553 241 295 65 335 65 507 267 51 654 241 245 471 284 654 734 634 245 51 61 93 224 579 284 730 126 656 456 505 51 505 720 93 649 649 399 399 654 267 334 295 456 471 553 56 241 224 507 315 730 456 315 107 471 185 56 708 708 93 456 446 654 213 734 334 664 56 505 634 334 664 660 245 311 730 446 654 335 295 471 660 720 734 473 730 65 61 553 635 56 473 334 505 505 638 478 720 93 730 720 382 315 171 382 284 382 446 456 93 284 730 634 399 321 18 315 315 265 17 720 660 315 17 478 190 61 17 473 399 599 679 635 321 654 161 321 399 93 473 295 507 284 18 51 660 156 399 190 315 635 295 61 708 505 267 660 579 295 335 679 315 507 270 579 638 654 507 507 649 634 224 333 649 321 708 382 654 245 265 579 708 638 224 18 267 245 334 579 656 656 507 399 224 708 321 656 185 505 599 190 335 599 370 171 91 507 51 638 245 638 321 265 660 107 654 399 638 679 656 478 635 333 478 635 720 107 334 56 161 61 17 333 185 553 446 51 635 334 65 730 656 65 270 265 446 190 91 505 284 295 654 65 107 190 18 213 65 161 478 638 461 156 241 370 161 505 65 382 471 382 245 664 446 730 241 720 634 370 17 334 161 311 56 295 599 107 265 471 473 507 91 126 456 734 241 61 91 265 660 649 446 664 656 638 185 156 335 461 553 638 190 185 649 382 471 213 270 270 638 126 161 634 654 335 478 471 245 335 471 708 708 61 93 107 333 634 18 65 315 190 382 284 635 93 224 333 91 17 635 213 478 17 126 473 461 720 507 654 471 17 471 161 720 315 333 171 93 660 17 456 284 638 599 267 51 446 660 507 311 321 553 61 295 65 638 270 245 284 224 635 679 446 649 505 161 382 295 265 660 679 461 507 461 335 720 654 171 679 267 190 399 579 265 634 720 107 461 17 91 660 579 91 270 91 51 241 161 370 507 245 649 315 61 91 638 126 649 370 660 295 224 56 284 664 171 245 171 579 599 382 265 315 161 270 213 679 553 161 107 61 213 461 660 241 265 730 478 161 61 91 634 190 654 335 370 579 553 91 553 446 334 241 61 579 224 507 635 656 656 635 734 93 634 734 311 185 734 399 265 267 91 107 370 649 649 456 664 213 635 156 461 720 51 51 734 267 270 107 295 656 171 720 599 399 284 654 334 18 399 553 579 334 126 311 156 65 579 505 295 461 311 224 660 213 599 161 334 126 270 478 654 553 245 649 315 734 295 185 664 65 370 213 315 267 185 185 93 126 
  Facilities: 57
 17 : 14 58 107 300 304 308 412 460 529 533 541 550 599
 18 : 16 60 146 151 178 296 324 365 436 518 709
 51 : 63 129 131 155 156 179 190 200 211 325 388 417 556 606 694 695
 56 : 10 38 54 181 226 237 248 271 409 464 623
 61 : 170 180 201 268 307 333 411 477 513 563 614 641 650 664
 65 : 11 68 77 185 187 267 420 423 433 438 448 519 565 717 741
 91 : 36 103 117 122 168 386 428 472 478 528 600 603 605 615 651 659 682
 93 : 19 75 114 202 214 240 279 290 319 514 525 548 673 748
 107 : 41 53 64 141 158 234 395 407 434 467 515 597 640 683 699
 126 : 111 177 207 473 501 534 617 714 729 749
 156 : 8 28 51 79 108 171 175 327 443 487 691 716
 161 : 56 316 410 439 446 462 502 543 576 608 634 639 649 727
 171 : 172 284 385 547 588 626 628 702
 185 : 80 100 236 378 414 486 493 677 739 746 747
 190 : 5 121 306 329 381 427 435 492 521 591 653
 213 : 244 437 497 531 636 642 689 725 743
 224 : 3 72 83 89 203 228 352 364 374 526 570 622 666 723
 241 : 165 183 192 227 444 456 476 607 645 663
 245 : 33 65 81 119 148 193 199 254 359 367 390 452 508 568 611 627 734
 265 : 42 299 360 393 425 468 479 579 594 632 646 680
 267 : 88 115 127 173 189 220 336 366 555 590 681 697 745
 270 : 20 135 162 344 424 498 499 567 604 635 698 730
 284 : 7 195 205 286 291 323 430 523 552 569 624 706
 295 : 112 144 184 222 260 321 332 339 431 465 564 578 621 700 720 738
 311 : 1 23 164 255 463 560 676 715 722
 315 : 230 233 283 297 298 303 330 342 520 545 613 633 736 744
 321 : 25 113 295 314 317 355 376 392 561
 333 : 32 105 123 353 403 413 516 527 546
 334 : 59 70 87 221 246 251 273 368 408 419 461 662 708 713 728
 335 : 82 98 110 166 186 259 340 382 488 505 509 585 655
 370 : 26 31 384 445 459 609 619 656 684 742
 382 : 4 22 90 96 282 285 287 357 449 451 495 522 577 631
 399 : 35 120 142 176 217 218 294 310 318 328 373 397 592 679 705 710
 446 : 24 97 102 106 133 154 161 242 257 288 416 426 454 482 557 573 661
 456 : 40 47 76 209 223 232 241 289 474 551 687
 461 : 55 69 94 132 442 489 536 582 584 598 643 692 721
 471 : 27 46 124 194 224 235 261 450 469 496 507 510 540 542
 473 : 45 126 137 159 265 272 309 320 470 535
 478 : 18 37 43 91 109 277 305 401 404 440 506 532 648 731
 505 : 13 48 125 157 210 212 249 274 275 335 379 429 447 575 719
 507 : 66 93 188 229 322 343 348 349 372 387 471 538 559 583 610 667
 553 : 0 92 153 182 225 269 415 490 562 638 658 660 711 733
 579 : 62 73 140 143 160 204 338 345 361 369 593 602 629 657 665 712 718
 599 : 9 17 29 39 52 150 311 380 383 466 554 630 704 726
 634 : 198 250 293 351 458 503 517 595 652 674
 635 : 57 85 130 270 313 331 402 405 418 524 530 571 668 671 690
 638 : 21 104 136 174 276 346 363 389 391 398 441 485 491 500 553 566 616
 649 : 138 215 216 350 354 481 494 574 612 618 685 686 735
 654 : 6 50 191 196 219 243 258 315 347 358 396 432 504 539 587 654 707 732
 656 : 12 84 86 101 139 169 208 370 371 377 400 422 484 669 670 701
 660 : 71 163 253 262 302 326 337 394 480 549 558 580 601 620 644 724
 664 : 61 145 247 252 453 483 625 688 740
 679 : 74 116 118 147 312 341 399 572 581 589 637
 708 : 15 30 44 49 152 167 238 239 334 356 362 375 511 512
 720 : 34 67 99 213 263 278 281 301 406 457 537 544 586 596 693 703
 730 : 78 128 134 149 206 231 256 266 280 292 421 455 647
 734 : 2 95 197 245 264 475 672 675 678 696 737
SOLUTION:
  Value: -764487.000000
  Assigns: 553 311 734 224 382 190 654 284 156 599 56 65 656 505 17 708 18 599 478 93 270 638 382 311 446 321 478 471 156 599 708 335 333 245 720 399 91 478 56 599 456 107 265 478 708 473 471 456 505 708 654 156 599 107 56 461 161 635 17 334 18 664 579 51 107 245 507 720 65 461 334 660 224 579 679 93 456 65 730 156 185 245 335 224 656 635 656 334 267 224 382 478 553 507 461 734 382 446 335 720 185 656 446 91 638 333 446 17 156 478 335 126 295 321 93 267 679 91 679 245 399 190 91 333 471 505 473 267 730 51 635 51 461 446 730 270 638 473 649 656 579 107 399 579 295 664 18 679 245 730 599 18 708 553 446 51 51 505 107 473 579 446 270 660 311 241 335 708 91 656 61 156 171 267 638 156 399 126 18 51 61 56 553 241 295 65 335 65 507 267 51 654 241 245 471 284 654 734 634 245 51 61 93 224 579 284 730 126 656 456 505 51 505 720 93 649 649 399 399 654 267 334 295 456 471 553 56 241 224 507 315 730 456 315 107 471 185 56 708 708 93 456 446 654 213 734 334 664 56 505 634 334 664 660 245 311 730 446 654 335 295 471 660 720 734 473 730 65 61 553 635 56 473 334 505 505 638 478 720 93 730 720 382 315 171 382 284 382 446 456 93 284 730 634 399 321 18 315 315 265 17 720 660 315 17 478 190 61 17 473 399 599 679 635 321 654 161 321 399 93 473 295 507 284 18 51 660 156 399 190 315 635 295 61 708 505 267 660 579 295 335 679 315 507 270 579 638 654 507 507 649 634 224 333 649 321 708 382 654 245 265 579 708 638 224 18 267 245 334 579 656 656 507 399 224 708 321 656 185 505 599 190 335 599 635 171 91 507 51 638 245 638 321 265 660 107 654 399 638 679 656 478 635 333 478 635 720 107 334 56 161 61 17 333 185 553 446 51 635 334 65 730 656 65 270 265 446 190 91 505 284 295 654 65 107 190 18 213 65 161 478 638 461 156 241 107 161 505 65 382 471 382 245 664 446 730 241 720 634 107 17 334 161 311 56 295 599 107 265 471 473 507 91 126 456 734 241 61 91 265 660 649 446 664 656 638 185 156 335 461 553 638 190 185 649 382 471 213 270 270 638 126 161 634 654 335 478 471 245 335 471 708 708 61 93 107 333 634 18 65 315 190 382 284 635 93 224 333 91 17 635 213 478 17 126 473 461 720 507 654 471 17 471 161 720 315 333 171 93 660 17 456 284 638 599 267 51 446 660 507 311 321 553 61 295 65 638 270 245 284 224 635 679 446 649 505 161 382 295 265 660 679 461 507 461 335 720 654 171 679 267 190 399 579 265 634 720 107 461 17 91 660 579 91 270 91 51 241 161 734 507 245 649 315 61 91 638 126 649 335 660 295 224 56 284 664 171 245 171 579 599 382 265 315 161 270 213 679 553 161 107 61 213 461 660 241 265 730 478 161 61 91 634 190 654 335 245 579 553 91 553 446 334 241 61 579 224 507 635 656 656 635 734 93 634 734 311 185 734 399 265 267 91 107 171 649 649 456 664 213 635 156 461 720 51 51 734 267 270 107 295 656 171 720 599 399 284 654 334 18 399 553 579 334 126 311 156 65 579 505 295 461 311 224 660 213 599 161 334 126 270 478 654 553 245 649 315 734 295 185 664 65 649 213 315 267 185 185 93 126 
  Facilities: 56
 17 : 14 58 107 300 304 308 412 460 529 533 541 550 599
 18 : 16 60 146 151 178 296 324 365 436 518 709
 51 : 63 129 131 155 156 179 190 200 211 325 388 417 556 606 694 695
 56 : 10 38 54 181 226 237 248 271 409 464 623
 61 : 170 180 201 268 307 333 411 477 513 563 614 641 650 664
 65 : 11 68 77 185 187 267 420 423 433 438 448 519 565 717 741
 91 : 36 103 117 122 168 386 428 472 478 528 600 603 605 615 651 659 682
 93 : 19 75 114 202 214 240 279 290 319 514 525 548 673 748
 107 : 41 53 64 141 158 234 395 407 434 445 459 467 515 597 640 683 699
 126 : 111 177 207 473 501 534 617 714 729 749
 156 : 8 28 51 79 108 171 175 327 443 487 691 716
 161 : 56 316 410 439 446 462 502 543 576 608 634 639 649 727
 171 : 172 284 385 547 588 626 628 684 702
 185 : 80 100 236 378 414 486 493 677 739 746 747
 190 : 5 121 306 329 381 427 435 492 521 591 653
 213 : 244 437 497 531 636 642 689 725 743
 224 : 3 72 83 89 203 228 352 364 374 526 570 622 666 723
 241 : 165 183 192 227 444 456 476 607 645 663
 245 : 33 65 81 119 148 193 199 254 359 367 390 452 508 568 611 627 656 734
 265 : 42 299 360 393 425 468 479 579 594 632 646 680
 267 : 88 115 127 173 189 220 336 366 555 590 681 697 745
 270 : 20 135 162 344 424 498 499 567 604 635 698 730
 284 : 7 195 205 286 291 323 430 523 552 569 624 706
 295 : 112 144 184 222 260 321 332 339 431 465 564 578 621 700 720 738
 311 : 1 23 164 255 463 560 676 715 722
 315 : 230 233 283 297 298 303 330 342 520 545 613 633 736 744
 321 : 25 113 295 314 317 355 376 392 561
 333 : 32 105 123 353 403 413 516 527 546
 334 : 59 70 87 221 246 251 273 368 408 419 461 662 708 713 728
 335 : 31 82 98 110 166 186 259 340 382 488 505 509 585 619 655
 382 : 4 22 90 96 282 285 287 357 449 451 495 522 577 631
 399 : 35 120 142 176 217 218 294 310 318 328 373 397 592 679 705 710
 446 : 24 97 102 106 133 154 161 242 257 288 416 426 454 482 557 573 661
 456 : 40 47 76 209 223 232 241 289 474 551 687
 461 : 55 69 94 132 442 489 536 582 584 598 643 692 721
 471 : 27 46 124 194 224 235 261 450 469 496 507 510 540 542
 473 : 45 126 137 159 265 272 309 320 470 535
 478 : 18 26 37 43 91 109 277 305 401 404 440 506 532 648 731
 505 : 13 48 125 157 210 212 249 274 275 335 379 429 447 575 719
 507 : 66 93 188 229 322 343 348 349 372 387 471 538 559 583 610 667
 553 : 0 92 153 182 225 269 415 490 562 638 658 660 711 733
 579 : 62 73 140 143 160 204 338 345 361 369 593 602 629 657 665 712 718
 599 : 9 17 29 39 52 150 311 380 383 466 554 630 704 726
 634 : 198 250 293 351 458 503 517 595 652 674
 635 : 57 85 130 270 313 331 384 402 405 418 524 530 571 668 671 690
 638 : 21 104 136 174 276 346 363 389 391 398 441 485 491 500 553 566 616
 649 : 138 215 216 350 354 481 494 574 612 618 685 686 735 742
 654 : 6 50 191 196 219 243 258 315 347 358 396 432 504 539 587 654 707 732
 656 : 12 84 86 101 139 169 208 370 371 377 400 422 484 669 670 701
 660 : 71 163 253 262 302 326 337 394 480 549 558 580 601 620 644 724
 664 : 61 145 247 252 453 483 625 688 740
 679 : 74 116 118 147 312 341 399 572 581 589 637
 708 : 15 30 44 49 152 167 238 239 334 356 362 375 511 512
 720 : 34 67 99 213 263 278 281 301 406 457 537 544 586 596 693 703
 730 : 78 128 134 149 206 231 256 266 280 292 421 455 647
 734 : 2 95 197 245 264 475 609 672 675 678 696 737
SOLUTION:
  Value: -764491.000000
  Assigns: 245 329 723 740 382 91 654 690 443 112 102 65 121 505 17 708 18 107 478 370 500 638 382 500 446 676 370 92 473 560 708 370 605 245 749 411 91 401 92 65 456 107 361 478 500 473 605 411 505 212 654 200 121 107 42 461 133 619 17 500 112 333 708 461 500 245 507 399 65 461 740 568 224 612 679 461 456 92 730 156 371 627 335 224 605 635 654 375 500 224 382 478 375 507 461 411 382 446 335 315 401 619 446 91 638 333 645 17 156 478 102 121 176 443 612 150 679 91 679 605 627 92 91 333 461 505 473 156 730 150 635 645 461 446 730 212 638 473 649 375 245 107 361 635 456 121 411 679 176 749 213 18 708 560 446 361 443 505 107 473 112 446 679 401 212 92 335 708 91 401 473 156 645 121 638 156 112 708 18 500 605 649 473 473 411 65 410 65 507 133 121 654 329 245 627 200 619 315 42 245 42 740 375 224 92 645 730 112 612 410 505 619 568 150 102 649 649 399 399 654 371 708 560 329 329 401 401 401 224 375 568 730 456 315 443 102 176 645 708 708 133 456 446 654 213 65 560 42 361 375 443 375 102 660 245 446 749 42 150 645 749 150 660 329 627 133 612 65 176 690 635 150 473 156 505 505 638 478 102 619 730 740 382 315 605 382 333 382 446 456 121 568 42 176 627 112 605 560 315 150 17 92 200 568 627 478 690 679 500 361 399 676 679 635 690 654 133 560 399 401 473 91 507 107 18 619 645 156 560 224 723 200 411 333 708 505 740 660 133 690 335 371 315 507 42 410 638 654 507 410 649 42 224 612 649 133 361 382 654 245 112 42 102 638 224 18 507 245 749 133 619 112 507 399 42 411 200 329 507 505 676 645 335 65 102 329 91 507 619 443 245 638 690 42 65 107 200 399 612 679 505 478 635 627 478 635 375 107 371 690 635 375 17 333 121 749 446 645 92 645 65 730 560 65 150 568 446 200 91 329 112 329 654 65 107 18 18 213 65 676 212 638 461 605 212 370 133 505 443 382 660 382 245 176 446 361 660 107 676 370 17 329 679 627 112 102 443 107 42 443 473 507 212 315 456 176 645 176 91 102 660 649 446 399 568 638 121 156 335 461 399 638 568 399 649 382 740 213 612 723 176 627 560 92 654 335 478 410 245 410 65 708 42 102 676 107 333 200 18 65 315 708 740 443 635 176 224 92 91 17 635 213 478 17 92 473 461 401 410 121 507 17 568 500 676 315 176 121 749 660 17 456 102 638 649 121 679 446 660 507 740 371 649 605 245 121 676 723 212 676 224 635 679 446 649 612 749 382 473 740 660 679 335 507 461 335 361 654 176 329 329 410 676 212 443 375 150 507 333 150 690 660 740 91 333 443 156 635 443 370 507 568 649 315 17 91 638 91 649 370 660 605 224 410 411 446 723 612 245 102 371 612 212 212 679 690 213 679 102 361 107 65 723 461 410 443 645 730 740 612 375 91 507 749 654 335 370 92 676 91 723 627 605 410 740 92 375 507 635 102 612 635 92 443 749 410 605 92 18 399 329 461 91 107 370 649 649 456 690 213 635 156 676 121 92 635 690 612 749 107 723 505 560 605 411 399 361 654 612 18 399 568 505 18 42 627 156 65 370 505 612 401 708 224 676 645 638 723 150 500 443 478 654 619 245 560 315 370 370 371 507 65 370 213 315 107 102 443 150 382 
  Facilities: 61
 17 : 14 58 107 300 412 460 529 533 541 550 614
 18 : 16 151 178 324 365 435 436 518 678 709 713
 42 : 54 198 200 247 257 292 344 351 361 374 393 468 512 714
 65 : 11 39 68 185 187 245 267 383 394 420 423 433 438 510 519 641 717 741
 91 : 5 36 103 117 122 168 321 386 428 478 528 603 615 617 651 659 682
 92 : 27 38 77 121 165 204 301 418 503 527 534 657 665 672 677 694
 102 : 10 110 214 235 252 278 362 384 465 479 513 552 629 638 669 746
 107 : 17 41 53 141 158 323 395 407 434 457 467 515 640 683 699 745
 112 : 9 60 160 176 207 295 360 371 430 464
 121 : 12 52 111 145 173 190 290 414 486 539 547 555 565 693
 133 : 56 189 240 265 316 338 355 369 446
 150 : 115 129 213 258 261 271 299 424 596 599 728 748
 156 : 79 108 127 171 175 273 327 487 606 691 716
 176 : 112 148 236 268 293 453 475 477 500 525 546 588
 200 : 51 195 302 331 376 396 427 517
 212 : 49 135 164 440 444 472 568 593 632 633
 213 : 150 244 437 497 531 636 689 743
 224 : 72 83 89 203 228 329 352 364 526 570 622 723
 245 : 0 33 65 140 193 199 254 359 367 390 452 508 564 628 734
 315 : 99 197 233 283 298 342 473 520 545 613 736 744
 329 : 1 192 223 224 263 377 385 429 431 461 589 590 680
 333 : 61 105 123 286 333 413 516 598 604
 335 : 82 98 166 340 382 488 505 582 585 655
 361 : 42 142 155 248 309 356 455 586 639 706
 370 : 19 26 31 445 459 609 619 656 684 718 737 738 742
 371 : 80 220 341 408 561 630 739
 375 : 87 92 139 202 229 249 251 406 411 595 650 666
 382 : 4 22 90 96 282 285 287 357 449 451 495 577 749
 399 : 67 217 218 310 318 373 397 483 490 493 679 705 710
 401 : 37 100 163 169 225 226 227 319 537 721
 410 : 186 209 345 349 507 509 538 591 623 644 663 675
 411 : 35 47 95 146 184 332 375 624 704
 443 : 8 113 156 234 250 389 448 466 469 523 594 605 608 645 673 730 747
 446 : 24 97 102 133 154 161 242 255 288 416 426 454 482 557 573 625
 456 : 40 76 144 232 241 289 474 551 687
 461 : 55 63 69 75 94 124 132 442 489 536 584 643 681
 473 : 28 45 126 137 159 170 182 183 272 320 470 535 578
 478 : 18 43 91 109 277 305 401 404 506 532 731
 500 : 20 23 44 59 64 88 179 308 543 729
 505 : 13 48 125 157 210 274 275 335 379 400 447 701 712 719
 507 : 66 93 188 322 343 348 366 372 378 387 471 540 559 583 597 610 652 667 740
 560 : 29 153 222 246 297 317 328 422 502 702 735
 568 : 71 212 230 291 303 425 484 492 542 611 711
 605 : 32 46 84 119 180 284 296 443 563 621 662 676 703
 612 : 73 114 208 266 353 398 498 575 627 631 649 670 697 708 720
 619 : 57 101 196 211 279 325 370 388 733
 627 : 81 120 194 264 294 304 403 463 501 661 715
 635 : 85 130 143 270 313 402 405 410 524 530 571 607 668 671 690 695
 638 : 21 104 136 174 276 346 363 391 441 485 491 553 616 726
 645 : 106 131 172 205 237 259 326 381 417 419 476 646 725
 649 : 138 181 215 216 350 354 481 494 554 562 574 612 618 685 686
 654 : 6 50 86 191 219 243 315 347 358 432 504 587 654 707 732
 660 : 253 262 337 450 456 480 549 558 580 601 620
 676 : 25 311 380 439 458 514 544 566 569 592 658 692 724
 679 : 74 116 118 147 162 307 312 399 462 556 572 581 634 637
 690 : 7 269 306 314 339 392 409 600 635 688 696
 708 : 15 30 62 152 167 177 221 238 239 334 511 521 722
 723 : 2 330 499 567 626 642 660 700 727
 730 : 78 128 134 206 231 280 421 647
 740 : 3 70 201 281 336 496 522 560 579 602 648 664
 749 : 34 149 256 260 368 415 548 576 653 674 698
SOLUTION:
  Value: -764495.000000
  Assigns: 245 329 749 740 382 91 654 690 443 112 102 65 121 505 17 708 18 107 478 370 500 638 382 500 446 676 370 92 473 560 708 370 605 245 749 411 91 401 92 65 456 107 361 478 500 473 605 411 505 212 654 200 121 107 42 461 133 619 17 500 112 333 708 461 500 245 507 399 65 461 740 568 224 612 679 461 456 92 730 156 371 627 335 224 605 635 654 375 500 224 382 478 375 507 461 411 382 446 335 315 401 619 446 91 638 333 645 17 156 478 102 121 176 443 612 150 679 91 679 605 627 92 91 333 461 505 473 156 730 150 635 645 461 446 730 212 638 473 649 375 245 107 361 635 456 121 411 679 176 749 213 18 708 560 446 361 443 505 107 473 112 446 679 401 212 92 335 708 91 401 473 156 645 121 638 156 112 708 18 500 605 649 473 473 411 65 410 65 507 133 121 654 329 245 627 200 619 315 42 245 42 740 375 224 92 645 730 112 612 410 505 619 568 150 102 649 649 399 399 654 371 708 560 329 329 401 401 401 224 375 568 730 456 315 443 102 176 645 708 708 133 456 446 654 213 65 560 42 361 375 443 375 102 660 245 446 749 42 150 645 749 150 660 329 627 133 612 65 176 690 635 150 473 156 505 505 638 478 102 619 730 740 382 315 605 382 333 382 446 456 121 568 42 176 627 112 605 560 315 150 17 92 200 568 627 478 690 679 500 361 399 676 679 635 690 654 133 560 399 401 473 91 507 107 18 619 645 156 560 224 315 200 411 333 708 505 740 660 133 690 335 371 315 507 42 410 638 654 507 410 649 42 224 612 649 133 361 382 654 245 112 42 102 638 224 18 507 245 749 133 619 112 507 399 42 411 200 329 507 505 676 645 335 65 102 329 91 507 619 443 245 638 690 42 65 107 200 399 612 679 505 478 635 627 478 635 375 107 371 690 635 375 17 333 121 749 446 645 92 645 65 730 560 65 150 568 446 200 91 329 112 329 654 65 107 18 18 213 65 676 212 638 461 605 212 370 133 505 443 382 660 382 245 176 446 361 660 107 676 370 17 329 679 627 112 102 443 107 42 443 473 507 212 315 456 176 645 176 91 102 660 649 446 399 568 638 121 156 335 461 399 638 568 399 649 382 740 213 612 568 176 627 560 92 654 335 478 410 245 410 65 708 42 102 676 107 333 200 18 65 315 708 740 443 635 176 224 92 91 17 635 213 478 17 92 473 461 401 410 121 507 17 568 500 676 315 176 121 749 660 17 456 102 638 649 121 679 446 660 507 740 371 649 605 245 121 676 382 212 676 224 635 679 446 649 612 749 382 473 740 660 679 335 507 461 335 361 654 176 329 329 410 676 212 443 375 150 507 333 150 690 660 740 91 333 443 156 635 443 370 507 568 649 315 17 91 638 91 649 370 660 605 224 410 411 446 212 612 245 102 371 612 212 212 679 690 213 679 102 361 107 65 213 461 410 443 645 730 740 612 375 91 507 749 654 335 370 92 676 91 708 627 605 410 740 92 375 507 635 102 612 635 92 443 749 410 605 92 18 399 329 461 91 107 370 649 649 456 690 213 635 156 676 121 92 635 690 612 749 107 213 505 560 605 411 399 361 654 612 18 399 568 505 18 42 627 156 65 370 505 612 401 708 224 676 645 638 375 150 500 443 478 654 619 245 560 315 370 370 371 507 65 370 213 315 107 102 443 150 382 
  Facilities: 60
 17 : 14 58 107 300 412 460 529 533 541 550 614
 18 : 16 151 178 324 365 435 436 518 678 709 713
 42 : 54 198 200 247 257 292 344 351 361 374 393 468 512 714
 65 : 11 39 68 185 187 245 267 383 394 420 423 433 438 510 519 641 717 741
 91 : 5 36 103 117 122 168 321 386 428 478 528 603 615 617 651 659 682
 92 : 27 38 77 121 165 204 301 418 503 527 534 657 665 672 677 694
 102 : 10 110 214 235 252 278 362 384 465 479 513 552 629 638 669 746
 107 : 17 41 53 141 158 323 395 407 434 457 467 515 640 683 699 745
 112 : 9 60 160 176 207 295 360 371 430 464
 121 : 12 52 111 145 173 190 290 414 486 539 547 555 565 693
 133 : 56 189 240 265 316 338 355 369 446
 150 : 115 129 213 258 261 271 299 424 596 599 728 748
 156 : 79 108 127 171 175 273 327 487 606 691 716
 176 : 112 148 236 268 293 453 475 477 500 525 546 588
 200 : 51 195 302 331 376 396 427 517
 212 : 49 135 164 440 444 472 568 593 626 632 633
 213 : 150 244 437 497 531 636 642 689 700 743
 224 : 72 83 89 203 228 329 352 364 526 570 622 723
 245 : 0 33 65 140 193 199 254 359 367 390 452 508 564 628 734
 315 : 99 197 233 283 298 330 342 473 520 545 613 736 744
 329 : 1 192 223 224 263 377 385 429 431 461 589 590 680
 333 : 61 105 123 286 333 413 516 598 604
 335 : 82 98 166 340 382 488 505 582 585 655
 361 : 42 142 155 248 309 356 455 586 639 706
 370 : 19 26 31 445 459 609 619 656 684 718 737 738 742
 371 : 80 220 341 408 561 630 739
 375 : 87 92 139 202 229 249 251 406 411 595 650 666 727
 382 : 4 22 90 96 282 285 287 357 449 451 495 567 577 749
 399 : 67 217 218 310 318 373 397 483 490 493 679 705 710
 401 : 37 100 163 169 225 226 227 319 537 721
 410 : 186 209 345 349 507 509 538 591 623 644 663 675
 411 : 35 47 95 146 184 332 375 624 704
 443 : 8 113 156 234 250 389 448 466 469 523 594 605 608 645 673 730 747
 446 : 24 97 102 133 154 161 242 255 288 416 426 454 482 557 573 625
 456 : 40 76 144 232 241 289 474 551 687
 461 : 55 63 69 75 94 124 132 442 489 536 584 643 681
 473 : 28 45 126 137 159 170 182 183 272 320 470 535 578
 478 : 18 43 91 109 277 305 401 404 506 532 731
 500 : 20 23 44 59 64 88 179 308 543 729
 505 : 13 48 125 157 210 274 275 335 379 400 447 701 712 719
 507 : 66 93 188 322 343 348 366 372 378 387 471 540 559 583 597 610 652 667 740
 560 : 29 153 222 246 297 317 328 422 502 702 735
 568 : 71 212 230 291 303 425 484 492 499 542 611 711
 605 : 32 46 84 119 180 284 296 443 563 621 662 676 703
 612 : 73 114 208 266 353 398 498 575 627 631 649 670 697 708 720
 619 : 57 101 196 211 279 325 370 388 733
 627 : 81 120 194 264 294 304 403 463 501 661 715
 635 : 85 130 143 270 313 402 405 410 524 530 571 607 668 671 690 695
 638 : 21 104 136 174 276 346 363 391 441 485 491 553 616 726
 645 : 106 131 172 205 237 259 326 381 417 419 476 646 725
 649 : 138 181 215 216 350 354 481 494 554 562 574 612 618 685 686
 654 : 6 50 86 191 219 243 315 347 358 432 504 587 654 707 732
 660 : 253 262 337 450 456 480 549 558 580 601 620
 676 : 25 311 380 439 458 514 544 566 569 592 658 692 724
 679 : 74 116 118 147 162 307 312 399 462 556 572 581 634 637
 690 : 7 269 306 314 339 392 409 600 635 688 696
 708 : 15 30 62 152 167 177 221 238 239 334 511 521 660 722
 730 : 78 128 134 206 231 280 421 647
 740 : 3 70 201 281 336 496 522 560 579 602 648 664
 749 : 2 34 149 256 260 368 415 548 576 653 674 698
SOLUTION:
  Value: -764499.000000
  Assigns: 245 329 749 740 382 91 654 690 443 112 102 65 121 505 17 708 18 107 478 370 500 638 382 500 446 676 370 92 473 560 708 370 605 245 749 411 91 401 92 65 456 107 361 478 500 473 605 411 505 212 654 200 121 107 42 461 133 619 17 500 112 333 708 461 500 245 507 399 65 461 740 568 224 612 679 461 456 92 730 156 612 627 335 224 605 635 654 375 500 224 382 478 375 507 461 411 382 446 335 315 401 619 446 91 638 333 645 17 156 478 102 121 176 443 612 150 679 91 679 605 627 92 91 333 461 505 473 156 730 150 635 645 461 446 730 212 638 473 649 375 245 107 361 635 456 121 411 679 176 749 213 18 708 560 446 361 443 505 107 473 112 446 679 401 212 92 335 708 91 401 473 156 645 121 638 156 112 708 18 500 605 649 473 473 411 65 410 65 507 133 121 654 329 245 627 200 619 315 42 245 42 740 375 224 92 645 730 112 612 410 505 619 568 150 102 649 649 399 399 654 121 708 560 329 329 401 401 401 224 375 568 730 456 315 443 102 176 645 708 708 133 456 446 654 213 65 560 42 361 375 443 375 102 660 245 446 749 42 150 645 749 150 660 329 627 133 612 65 176 690 635 150 473 156 505 505 638 478 102 619 730 740 382 315 605 382 333 382 446 456 121 568 42 176 627 112 605 560 315 150 17 92 200 568 627 478 690 679 500 361 399 676 679 635 690 654 133 560 399 401 473 91 507 107 18 619 645 156 560 224 315 200 411 333 708 505 740 660 133 690 335 560 315 507 42 410 638 654 507 410 649 42 224 612 649 133 361 382 654 245 112 42 102 638 224 18 507 245 749 133 619 112 507 399 42 411 200 329 507 505 676 645 335 65 102 329 91 507 619 443 245 638 690 42 65 107 200 399 612 679 505 478 635 627 478 635 375 107 121 690 635 375 17 333 121 749 446 645 92 645 65 730 560 65 150 568 446 200 91 329 112 329 654 65 107 18 18 213 65 676 212 638 461 605 212 370 133 505 443 382 660 382 245 176 446 361 660 107 676 370 17 329 679 627 112 102 443 107 42 443 473 507 212 315 456 176 645 176 91 102 660 649 446 399 568 638 121 156 335 461 399 638 568 399 649 382 740 213 612 568 176 627 560 92 654 335 478 410 245 410 65 708 42 102 676 107 333 200 18 65 315 708 740 443 635 176 224 92 91 17 635 213 478 17 92 473 461 401 410 121 507 17 568 500 676 315 176 121 749 660 17 456 102 638 649 121 679 446 660 507 740 690 649 605 245 121 676 382 212 676 224 635 679 446 649 612 749 382 473 740 660 679 335 507 461 335 361 654 176 329 329 410 676 212 443 375 150 507 333 150 690 660 740 91 333 443 156 635 443 370 507 568 649 315 17 91 638 91 649 370 660 605 224 410 411 446 212 612 245 102 443 612 212 212 679 690 213 679 102 361 107 65 213 461 410 443 645 730 740 612 375 91 507 749 654 335 370 92 676 91 708 627 605 410 740 92 375 507 635 102 612 635 92 443 749 410 605 92 18 399 329 461 91 107 370 649 649 456 690 213 635 156 676 121 92 635 690 612 749 107 213 505 560 605 411 399 361 654 612 18 399 568 505 18 42 627 156 65 370 505 612 401 708 224 676 645 638 375 150 500 443 478 654 619 245 560 315 370 370 176 507 65 370 213 315 107 102 443 150 382 
  Facilities: 59
 17 : 14 58 107 300 412 460 529 533 541 550 614
 18 : 16 151 178 324 365 435 436 518 678 709 713
 42 : 54 198 200 247 257 292 344 351 361 374 393 468 512 714
 65 : 11 39 68 185 187 245 267 383 394 420 423 433 438 510 519 641 717 741
 91 : 5 36 103 117 122 168 321 386 428 478 528 603 615 617 651 659 682
 92 : 27 38 77 121 165 204 301 418 503 527 534 657 665 672 677 694
 102 : 10 110 214 235 252 278 362 384 465 479 513 552 629 638 669 746
 107 : 17 41 53 141 158 323 395 407 434 457 467 515 640 683 699 745
 112 : 9 60 160 176 207 295 360 371 430 464
 121 : 12 52 111 145 173 190 220 290 408 414 486 539 547 555 565 693
 133 : 56 189 240 265 316 338 355 369 446
 150 : 115 129 213 258 261 271 299 424 596 599 728 748
 156 : 79 108 127 171 175 273 327 487 606 691 716
 176 : 112 148 236 268 293 453 475 477 500 525 546 588 739
 200 : 51 195 302 331 376 396 427 517
 212 : 49 135 164 440 444 472 568 593 626 632 633
 213 : 150 244 437 497 531 636 642 689 700 743
 224 : 72 83 89 203 228 329 352 364 526 570 622 723
 245 : 0 33 65 140 193 199 254 359 367 390 452 508 564 628 734
 315 : 99 197 233 283 298 330 342 473 520 545 613 736 744
 329 : 1 192 223 224 263 377 385 429 431 461 589 590 680
 333 : 61 105 123 286 333 413 516 598 604
 335 : 82 98 166 340 382 488 505 582 585 655
 361 : 42 142 155 248 309 356 455 586 639 706
 370 : 19 26 31 445 459 609 619 656 684 718 737 738 742
 375 : 87 92 139 202 229 249 251 406 411 595 650 666 727
 382 : 4 22 90 96 282 285 287 357 449 451 495 567 577 749
 399 : 67 217 218 310 318 373 397 483 490 493 679 705 710
 401 : 37 100 163 169 225 226 227 319 537 721
 410 : 186 209 345 349 507 509 538 591 623 644 663 675
 411 : 35 47 95 146 184 332 375 624 704
 443 : 8 113 156 234 250 389 448 466 469 523 594 605 608 630 645 673 730 747
 446 : 24 97 102 133 154 161 242 255 288 416 426 454 482 557 573 625
 456 : 40 76 144 232 241 289 474 551 687
 461 : 55 63 69 75 94 124 132 442 489 536 584 643 681
 473 : 28 45 126 137 159 170 182 183 272 320 470 535 578
 478 : 18 43 91 109 277 305 401 404 506 532 731
 500 : 20 23 44 59 64 88 179 308 543 729
 505 : 13 48 125 157 210 274 275 335 379 400 447 701 712 719
 507 : 66 93 188 322 343 348 366 372 378 387 471 540 559 583 597 610 652 667 740
 560 : 29 153 222 246 297 317 328 341 422 502 702 735
 568 : 71 212 230 291 303 425 484 492 499 542 611 711
 605 : 32 46 84 119 180 284 296 443 563 621 662 676 703
 612 : 73 80 114 208 266 353 398 498 575 627 631 649 670 697 708 720
 619 : 57 101 196 211 279 325 370 388 733
 627 : 81 120 194 264 294 304 403 463 501 661 715
 635 : 85 130 143 270 313 402 405 410 524 530 571 607 668 671 690 695
 638 : 21 104 136 174 276 346 363 391 441 485 491 553 616 726
 645 : 106 131 172 205 237 259 326 381 417 419 476 646 725
 649 : 138 181 215 216 350 354 481 494 554 562 574 612 618 685 686
 654 : 6 50 86 191 219 243 315 347 358 432 504 587 654 707 732
 660 : 253 262 337 450 456 480 549 558 580 601 620
 676 : 25 311 380 439 458 514 544 566 569 592 658 692 724
 679 : 74 116 118 147 162 307 312 399 462 556 572 581 634 637
 690 : 7 269 306 314 339 392 409 561 600 635 688 696
 708 : 15 30 62 152 167 177 221 238 239 334 511 521 660 722
 730 : 78 128 134 206 231 280 421 647
 740 : 3 70 201 281 336 496 522 560 579 602 648 664
 749 : 2 34 149 256 260 368 415 548 576 653 674 698
SOLUTION:
  Value: -764508.000000
  Assigns: 245 329 749 740 382 91 654 690 443 112 102 65 121 505 17 708 18 107 478 370 500 638 382 500 446 676 370 92 473 560 708 370 605 245 749 411 91 401 92 65 456 107 200 478 500 473 605 411 505 212 654 200 121 107 42 461 133 619 17 500 112 333 708 461 500 245 507 399 65 461 740 568 224 612 679 461 456 92 730 156 612 627 335 224 605 635 654 375 500 224 382 478 375 507 461 411 382 446 335 315 401 619 446 91 638 333 645 17 156 478 102 121 176 443 612 150 679 91 679 605 627 92 91 333 461 505 473 156 730 150 635 645 461 446 730 212 638 473 649 375 245 107 399 635 456 121 411 679 176 749 213 18 708 560 446 690 443 505 107 473 112 446 679 401 212 92 335 708 91 401 473 156 645 121 638 156 112 708 18 500 605 649 473 473 411 65 410 65 507 133 121 654 329 245 627 200 619 315 42 245 42 740 375 224 92 645 730 112 612 410 505 619 568 150 102 649 649 399 399 654 121 708 560 329 329 401 401 401 224 375 568 730 456 315 443 102 176 645 708 708 133 456 446 654 213 65 560 42 333 375 443 375 102 660 245 446 749 42 150 645 749 150 660 329 627 133 612 65 176 690 635 150 473 156 505 505 638 478 102 619 730 740 382 315 605 382 333 382 446 456 121 568 42 176 627 112 605 560 315 150 17 92 200 568 627 478 690 679 500 605 399 676 679 635 690 654 133 560 399 401 473 91 507 107 18 619 645 156 560 224 315 200 411 333 708 505 740 660 133 690 335 560 315 507 42 410 638 654 507 410 649 42 224 612 649 133 708 382 654 245 112 42 102 638 224 18 507 245 749 133 619 112 507 399 42 411 200 329 507 505 676 645 335 65 102 329 91 507 619 443 245 638 690 42 65 107 200 399 612 679 505 478 635 627 478 635 375 107 121 690 635 375 17 333 121 749 446 645 92 645 65 730 560 65 150 568 446 200 91 329 112 329 654 65 107 18 18 213 65 676 212 638 461 605 212 370 133 505 443 382 660 382 245 176 446 730 660 107 676 370 17 329 679 627 112 102 443 107 42 443 473 507 212 315 456 176 645 176 91 102 660 649 446 399 568 638 121 156 335 461 399 638 568 399 649 382 740 213 612 568 176 627 560 92 654 335 478 410 245 410 65 708 42 102 676 107 333 200 18 65 315 708 740 443 635 176 224 92 91 17 635 213 478 17 92 473 461 401 410 121 507 17 568 500 676 315 176 121 749 660 17 456 102 638 649 121 679 446 660 507 740 690 649 605 245 121 676 382 212 676 224 635 679 446 649 612 749 382 473 740 660 679 335 507 461 335 382 654 176 329 329 410 676 212 443 375 150 507 333 150 690 660 740 91 333 443 156 635 443 370 507 568 649 315 17 91 638 91 649 370 660 605 224 410 411 446 212 612 245 102 443 612 212 212 679 690 213 679 102 568 107 65 213 461 410 443 645 730 740 612 375 91 507 749 654 335 370 92 676 91 708 627 605 410 740 92 375 507 635 102 612 635 92 443 749 410 605 92 18 399 329 461 91 107 370 649 649 456 690 213 635 156 676 121 92 635 690 612 749 107 213 505 560 605 411 399 245 654 612 18 399 568 505 18 42 627 156 65 370 505 612 401 708 224 676 645 638 375 150 500 443 478 654 619 245 560 315 370 370 176 507 65 370 213 315 107 102 443 150 382 
  Facilities: 58
 17 : 14 58 107 300 412 460 529 533 541 550 614
 18 : 16 151 178 324 365 435 436 518 678 709 713
 42 : 54 198 200 247 257 292 344 351 361 374 393 468 512 714
 65 : 11 39 68 185 187 245 267 383 394 420 423 433 438 510 519 641 717 741
 91 : 5 36 103 117 122 168 321 386 428 478 528 603 615 617 651 659 682
 92 : 27 38 77 121 165 204 301 418 503 527 534 657 665 672 677 694
 102 : 10 110 214 235 252 278 362 384 465 479 513 552 629 638 669 746
 107 : 17 41 53 141 158 323 395 407 434 457 467 515 640 683 699 745
 112 : 9 60 160 176 207 295 360 371 430 464
 121 : 12 52 111 145 173 190 220 290 408 414 486 539 547 555 565 693
 133 : 56 189 240 265 316 338 355 369 446
 150 : 115 129 213 258 261 271 299 424 596 599 728 748
 156 : 79 108 127 171 175 273 327 487 606 691 716
 176 : 112 148 236 268 293 453 475 477 500 525 546 588 739
 200 : 42 51 195 302 331 376 396 427 517
 212 : 49 135 164 440 444 472 568 593 626 632 633
 213 : 150 244 437 497 531 636 642 689 700 743
 224 : 72 83 89 203 228 329 352 364 526 570 622 723
 245 : 0 33 65 140 193 199 254 359 367 390 452 508 564 628 706 734
 315 : 99 197 233 283 298 330 342 473 520 545 613 736 744
 329 : 1 192 223 224 263 377 385 429 431 461 589 590 680
 333 : 61 105 123 248 286 333 413 516 598 604
 335 : 82 98 166 340 382 488 505 582 585 655
 370 : 19 26 31 445 459 609 619 656 684 718 737 738 742
 375 : 87 92 139 202 229 249 251 406 411 595 650 666 727
 382 : 4 22 90 96 282 285 287 357 449 451 495 567 577 586 749
 399 : 67 142 217 218 310 318 373 397 483 490 493 679 705 710
 401 : 37 100 163 169 225 226 227 319 537 721
 410 : 186 209 345 349 507 509 538 591 623 644 663 675
 411 : 35 47 95 146 184 332 375 624 704
 443 : 8 113 156 234 250 389 448 466 469 523 594 605 608 630 645 673 730 747
 446 : 24 97 102 133 154 161 242 255 288 416 426 454 482 557 573 625
 456 : 40 76 144 232 241 289 474 551 687
 461 : 55 63 69 75 94 124 132 442 489 536 584 643 681
 473 : 28 45 126 137 159 170 182 183 272 320 470 535 578
 478 : 18 43 91 109 277 305 401 404 506 532 731
 500 : 20 23 44 59 64 88 179 308 543 729
 505 : 13 48 125 157 210 274 275 335 379 400 447 701 712 719
 507 : 66 93 188 322 343 348 366 372 378 387 471 540 559 583 597 610 652 667 740
 560 : 29 153 222 246 297 317 328 341 422 502 702 735
 568 : 71 212 230 291 303 425 484 492 499 542 611 639 711
 605 : 32 46 84 119 180 284 296 309 443 563 621 662 676 703
 612 : 73 80 114 208 266 353 398 498 575 627 631 649 670 697 708 720
 619 : 57 101 196 211 279 325 370 388 733
 627 : 81 120 194 264 294 304 403 463 501 661 715
 635 : 85 130 143 270 313 402 405 410 524 530 571 607 668 671 690 695
 638 : 21 104 136 174 276 346 363 391 441 485 491 553 616 726
 645 : 106 131 172 205 237 259 326 381 417 419 476 646 725
 649 : 138 181 215 216 350 354 481 494 554 562 574 612 618 685 686
 654 : 6 50 86 191 219 243 315 347 358 432 504 587 654 707 732
 660 : 253 262 337 450 456 480 549 558 580 601 620
 676 : 25 311 380 439 458 514 544 566 569 592 658 692 724
 679 : 74 116 118 147 162 307 312 399 462 556 572 581 634 637
 690 : 7 155 269 306 314 339 392 409 561 600 635 688 696
 708 : 15 30 62 152 167 177 221 238 239 334 356 511 521 660 722
 730 : 78 128 134 206 231 280 421 455 647
 740 : 3 70 201 281 336 496 522 560 579 602 648 664
 749 : 2 34 149 256 260 368 415 548 576 653 674 698
SOLUTION:
  Value: -764515.000000
  Assigns: 553 311 734 224 382 190 654 284 156 599 56 65 656 505 17 708 18 599 478 93 270 638 382 311 446 321 478 471 156 599 708 335 333 245 720 399 91 478 56 599 456 107 265 478 708 473 471 456 505 708 654 156 599 107 56 461 654 635 17 334 18 664 579 51 107 245 507 720 65 461 334 660 224 579 679 93 456 65 730 156 185 245 335 224 656 635 656 334 267 224 382 478 553 507 461 734 382 446 335 720 185 656 446 91 638 333 446 17 156 478 335 126 295 321 93 267 679 91 679 245 399 190 91 333 471 505 473 267 730 51 635 51 461 446 730 270 638 473 649 656 579 107 399 579 295 664 18 679 245 730 599 18 708 553 446 51 51 505 107 473 579 446 270 660 311 241 335 708 91 656 61 156 171 267 638 156 399 126 18 51 61 56 553 241 295 65 335 65 507 267 51 654 241 245 471 284 654 734 634 245 51 61 93 224 579 284 730 126 656 456 505 51 505 720 93 649 649 399 399 654 267 334 295 456 471 553 56 241 224 507 315 730 456 315 107 471 185 56 708 708 93 456 446 654 213 734 334 664 56 505 634 334 664 660 245 311 730 446 654 335 295 471 660 720 734 473 730 65 61 553 635 56 473 334 505 505 638 478 720 93 730 720 382 315 171 382 284 382 446 456 93 284 730 634 399 321 18 315 315 265 17 720 660 315 17 478 190 61 17 473 399 599 679 635 321 654 241 321 399 93 473 295 507 284 18 51 660 156 399 190 315 635 295 61 708 505 267 660 579 295 335 679 315 507 270 579 638 654 507 507 649 634 224 333 649 321 708 382 654 245 265 579 708 638 224 18 267 245 334 579 656 656 507 399 224 708 321 656 185 505 599 190 335 599 635 171 91 507 51 638 245 638 321 265 660 107 654 399 638 679 656 478 635 333 478 635 720 107 334 56 635 61 17 333 185 553 446 51 635 334 65 730 656 65 270 265 446 190 91 505 284 295 654 65 107 190 18 213 65 334 478 638 461 156 241 107 56 505 65 382 471 382 245 664 446 730 241 720 634 107 17 334 679 311 56 295 599 107 265 471 473 507 91 126 456 734 241 61 91 265 660 649 446 664 656 638 185 156 335 461 553 638 190 185 649 382 471 213 270 270 638 126 156 634 654 335 478 471 245 335 471 708 708 61 93 107 333 634 18 65 315 190 382 284 635 93 224 333 91 17 635 213 478 17 126 473 461 720 507 654 471 17 471 190 720 315 333 171 93 660 17 456 284 638 599 267 51 446 660 507 311 321 553 61 295 65 638 270 245 284 224 635 679 446 649 505 708 382 295 265 660 679 461 507 461 335 720 654 171 679 267 190 399 579 265 634 720 107 461 17 91 660 579 91 270 91 51 241 505 734 507 245 649 315 61 91 638 126 649 335 660 295 224 56 284 664 171 245 171 579 599 382 265 315 734 270 213 679 553 382 107 61 213 461 660 241 265 730 478 553 61 91 634 190 654 335 245 579 553 91 553 446 334 241 61 579 224 507 635 656 656 635 734 93 634 734 311 185 734 399 265 267 91 107 171 649 649 456 664 213 635 156 461 720 51 51 734 267 270 107 295 656 171 720 599 399 284 654 334 18 399 553 579 334 126 311 156 65 579 505 295 461 311 224 660 213 599 634 334 126 270 478 654 553 245 649 315 734 295 185 664 65 649 213 315 267 185 185 93 126 
  Facilities: 55
 17 : 14 58 107 300 304 308 412 460 529 533 541 550 599
 18 : 16 60 146 151 178 296 324 365 436 518 709
 51 : 63 129 131 155 156 179 190 200 211 325 388 417 556 606 694 695
 56 : 10 38 54 181 226 237 248 271 409 446 464 623
 61 : 170 180 201 268 307 333 411 477 513 563 614 641 650 664
 65 : 11 68 77 185 187 267 420 423 433 438 448 519 565 717 741
 91 : 36 103 117 122 168 386 428 472 478 528 600 603 605 615 651 659 682
 93 : 19 75 114 202 214 240 279 290 319 514 525 548 673 748
 107 : 41 53 64 141 158 234 395 407 434 445 459 467 515 597 640 683 699
 126 : 111 177 207 473 501 534 617 714 729 749
 156 : 8 28 51 79 108 171 175 327 443 487 502 691 716
 171 : 172 284 385 547 588 626 628 684 702
 185 : 80 100 236 378 414 486 493 677 739 746 747
 190 : 5 121 306 329 381 427 435 492 521 543 591 653
 213 : 244 437 497 531 636 642 689 725 743
 224 : 3 72 83 89 203 228 352 364 374 526 570 622 666 723
 241 : 165 183 192 227 316 444 456 476 607 645 663
 245 : 33 65 81 119 148 193 199 254 359 367 390 452 508 568 611 627 656 734
 265 : 42 299 360 393 425 468 479 579 594 632 646 680
 267 : 88 115 127 173 189 220 336 366 555 590 681 697 745
 270 : 20 135 162 344 424 498 499 567 604 635 698 730
 284 : 7 195 205 286 291 323 430 523 552 569 624 706
 295 : 112 144 184 222 260 321 332 339 431 465 564 578 621 700 720 738
 311 : 1 23 164 255 463 560 676 715 722
 315 : 230 233 283 297 298 303 330 342 520 545 613 633 736 744
 321 : 25 113 295 314 317 355 376 392 561
 333 : 32 105 123 353 403 413 516 527 546
 334 : 59 70 87 221 246 251 273 368 408 419 439 461 662 708 713 728
 335 : 31 82 98 110 166 186 259 340 382 488 505 509 585 619 655
 382 : 4 22 90 96 282 285 287 357 449 451 495 522 577 631 639
 399 : 35 120 142 176 217 218 294 310 318 328 373 397 592 679 705 710
 446 : 24 97 102 106 133 154 161 242 257 288 416 426 454 482 557 573 661
 456 : 40 47 76 209 223 232 241 289 474 551 687
 461 : 55 69 94 132 442 489 536 582 584 598 643 692 721
 471 : 27 46 124 194 224 235 261 450 469 496 507 510 540 542
 473 : 45 126 137 159 265 272 309 320 470 535
 478 : 18 26 37 43 91 109 277 305 401 404 440 506 532 648 731
 505 : 13 48 125 157 210 212 249 274 275 335 379 429 447 575 608 719
 507 : 66 93 188 229 322 343 348 349 372 387 471 538 559 583 610 667
 553 : 0 92 153 182 225 269 415 490 562 638 649 658 660 711 733
 579 : 62 73 140 143 160 204 338 345 361 369 593 602 629 657 665 712 718
 599 : 9 17 29 39 52 150 311 380 383 466 554 630 704 726
 634 : 198 250 293 351 458 503 517 595 652 674 727
 635 : 57 85 130 270 313 331 384 402 405 410 418 524 530 571 668 671 690
 638 : 21 104 136 174 276 346 363 389 391 398 441 485 491 500 553 566 616
 649 : 138 215 216 350 354 481 494 574 612 618 685 686 735 742
 654 : 6 50 56 191 196 219 243 258 315 347 358 396 432 504 539 587 654 707 732
 656 : 12 84 86 101 139 169 208 370 371 377 400 422 484 669 670 701
 660 : 71 163 253 262 302 326 337 394 480 549 558 580 601 620 644 724
 664 : 61 145 247 252 453 483 625 688 740
 679 : 74 116 118 147 312 341 399 462 572 581 589 637
 708 : 15 30 44 49 152 167 238 239 334 356 362 375 511 512 576
 720 : 34 67 99 213 263 278 281 301 406 457 537 544 586 596 693 703
 730 : 78 128 134 149 206 231 256 266 280 292 421 455 647
 734 : 2 95 197 245 264 475 609 634 672 675 678 696 737
