# Time: 60.549999
# Elapsed: 65.700005
# Input_file: splp/M/Q/MQ1
# Pool_size: 200
# Iterations: 7
# Final_solutions: 1010
# Vision_range: 400
# Reduction_mode: REDUCTION_DISPERSE
# Dissimilitude: DISSIM_HAUSDORFF
# Facility_dist: FDISMODE_SUMOFDELTAS
SOLUTION:
  Value: -4091.008560
  Assigns: 204 211 102 211 211 101 204 211 204 237 101 102 204 211 102 102 101 237 237 101 101 204 237 211 237 101 102 204 211 102 211 204 204 102 101 211 237 101 204 101 101 211 204 237 102 211 102 237 211 102 204 102 237 237 102 204 102 211 237 237 211 237 204 101 101 102 102 211 101 101 204 204 237 204 102 102 204 211 101 101 204 211 102 237 101 211 204 101 204 102 211 237 102 102 102 101 101 237 237 211 211 101 211 204 211 102 211 102 102 101 101 237 211 211 102 237 204 204 204 211 101 101 102 101 237 237 101 102 211 237 211 211 204 204 102 211 237 102 237 204 211 211 237 211 211 237 102 204 237 237 102 237 237 211 102 204 102 204 101 211 204 102 102 204 204 101 237 204 102 204 204 101 204 101 204 101 102 102 204 204 102 237 204 204 204 102 204 211 204 101 101 101 102 101 101 101 237 237 101 211 102 237 101 211 204 102 204 237 237 237 211 237 237 101 102 101 204 204 211 102 211 101 237 237 237 102 211 204 102 204 237 101 101 204 101 101 237 211 237 204 101 102 101 211 101 204 204 102 204 237 101 237 204 102 237 211 101 101 102 204 237 204 204 204 102 211 204 237 204 237 101 102 102 211 101 211 237 101 237 102 211 237 101 204 211 102 211 237 204 211 101 101 237 101 211 102 102 101 211 211 
  Facilities: 5
 101 : 5 10 16 19 20 25 34 37 39 40 63 64 68 69 78 79 84 87 95 96 101 109 110 120 121 123 126 158 165 171 173 175 189 190 191 193 194 195 198 202 213 215 221 231 232 234 235 240 242 244 250 256 257 270 274 277 282 290 291 293 297
 102 : 2 11 14 15 26 29 33 44 46 49 51 54 56 65 66 74 75 82 89 92 93 94 105 107 108 114 122 127 134 137 146 150 154 156 161 162 168 176 177 180 185 192 200 205 214 219 225 228 241 247 253 258 264 271 272 279 285 295 296
 204 : 0 6 8 12 21 27 31 32 38 42 50 55 62 70 71 73 76 80 86 88 103 116 117 118 132 133 139 147 155 157 160 163 164 167 169 170 172 174 178 179 182 183 184 186 188 204 206 216 217 227 229 233 239 245 246 248 252 259 261 262 263 266 268 283 288
 211 : 1 3 4 7 13 23 28 30 35 41 45 48 57 60 67 77 81 85 90 99 100 102 104 106 112 113 119 128 130 131 135 140 141 143 144 153 159 187 199 203 210 218 220 226 237 243 255 265 273 275 280 284 286 289 294 298 299
 237 : 9 17 18 22 24 36 43 47 52 53 58 59 61 72 83 91 97 98 111 115 124 125 129 136 138 142 145 148 149 151 152 166 181 196 197 201 207 208 209 211 212 222 223 224 230 236 238 249 251 254 260 267 269 276 278 281 287 292
SOLUTION:
  Value: -4136.056820
  Assigns: 204 102 102 101 102 101 204 237 204 237 101 102 204 204 102 102 101 237 237 101 101 204 237 101 237 101 102 204 204 102 101 204 204 102 101 102 237 101 204 101 101 102 204 237 102 102 102 237 101 102 204 102 237 237 102 204 102 101 237 237 204 237 204 101 101 102 102 101 101 101 204 204 237 204 102 102 204 101 101 101 204 101 102 237 101 204 204 101 204 102 204 237 102 102 102 101 101 237 237 102 204 101 102 204 102 102 237 102 102 101 101 237 102 102 102 237 204 204 204 204 101 101 102 101 237 237 101 102 237 237 204 102 204 204 102 101 237 102 237 204 237 102 237 237 102 237 102 204 237 237 102 237 237 102 102 204 102 204 101 237 204 102 102 204 204 101 237 204 102 204 204 101 204 101 204 101 102 102 204 204 102 237 204 204 204 102 204 101 204 101 101 101 102 101 101 101 237 237 101 204 102 237 101 101 204 102 204 237 237 237 237 237 237 101 102 101 204 204 101 102 101 101 237 237 237 102 204 204 102 204 237 101 101 204 101 101 237 101 237 204 101 102 101 102 101 204 204 102 204 237 101 237 204 102 237 101 101 101 102 204 237 204 204 204 102 237 204 237 204 237 101 102 102 237 101 204 237 101 237 102 101 237 101 204 101 102 204 237 204 204 101 101 237 101 204 102 102 101 237 204 
  Facilities: 4
 101 : 3 5 10 16 19 20 23 25 30 34 37 39 40 48 57 63 64 67 68 69 77 78 79 81 84 87 95 96 101 109 110 120 121 123 126 135 158 165 171 173 175 187 189 190 191 193 194 195 198 202 203 213 215 218 220 221 231 232 234 235 237 240 242 244 250 255 256 257 270 274 277 280 282 284 290 291 293 297
 102 : 1 2 4 11 14 15 26 29 33 35 41 44 45 46 49 51 54 56 65 66 74 75 82 89 92 93 94 99 102 104 105 107 108 112 113 114 122 127 131 134 137 141 144 146 150 153 154 156 161 162 168 176 177 180 185 192 200 205 214 219 225 228 241 243 247 253 258 264 271 272 279 285 295 296
 204 : 0 6 8 12 13 21 27 28 31 32 38 42 50 55 60 62 70 71 73 76 80 85 86 88 90 100 103 116 117 118 119 130 132 133 139 147 155 157 160 163 164 167 169 170 172 174 178 179 182 183 184 186 188 199 204 206 216 217 226 227 229 233 239 245 246 248 252 259 261 262 263 266 268 275 283 286 288 289 294 299
 237 : 7 9 17 18 22 24 36 43 47 52 53 58 59 61 72 83 91 97 98 106 111 115 124 125 128 129 136 138 140 142 143 145 148 149 151 152 159 166 181 196 197 201 207 208 209 210 211 212 222 223 224 230 236 238 249 251 254 260 265 267 269 273 276 278 281 287 292 298
SOLUTION:
  Value: -4200.133560
  Assigns: 204 102 280 280 102 280 204 237 204 237 237 102 280 280 102 102 204 237 237 204 102 204 237 102 237 237 280 204 280 102 280 204 204 102 280 280 237 237 204 280 204 102 204 237 102 280 102 237 204 102 204 102 237 237 102 204 102 204 237 237 280 237 204 204 204 102 280 237 204 280 204 204 237 204 102 102 204 204 280 237 280 237 102 237 280 204 204 102 280 102 204 237 102 280 102 280 102 237 237 102 204 204 102 204 280 102 237 102 102 102 204 237 280 280 102 237 204 204 204 204 280 280 102 204 237 237 204 280 237 237 280 102 204 280 102 280 237 102 237 204 237 102 237 237 102 237 102 280 237 237 102 237 280 102 102 204 280 204 102 237 204 102 102 204 280 102 237 204 102 204 204 280 204 280 204 102 102 102 204 204 102 237 204 204 280 102 280 280 204 280 280 237 280 204 204 280 237 237 204 204 102 237 280 280 280 102 204 237 237 237 280 237 237 102 102 280 204 204 280 280 237 280 237 237 237 102 204 280 102 204 237 102 280 204 102 204 237 102 237 204 237 102 204 102 204 204 204 102 204 237 280 237 204 102 280 280 204 102 102 280 237 204 204 204 280 280 204 280 204 237 102 102 102 237 280 280 237 280 237 102 280 237 280 204 280 280 280 237 204 280 280 280 237 280 204 102 102 280 280 280 
  Facilities: 4
 102 : 1 4 11 14 15 20 23 29 33 41 44 46 49 51 54 56 65 74 75 82 87 89 92 94 96 99 102 105 107 108 109 114 122 131 134 137 141 144 146 150 153 154 158 161 162 165 168 175 176 177 180 185 200 205 213 214 225 228 231 234 237 241 243 247 253 257 258 270 271 272 279 295 296
 204 : 0 6 8 16 19 21 27 31 32 38 40 42 48 50 55 57 62 63 64 68 70 71 73 76 77 85 86 90 100 101 103 110 116 117 118 119 123 126 132 139 155 157 160 163 167 169 170 172 174 178 179 182 183 188 193 194 198 199 206 216 217 226 229 233 235 239 242 244 245 246 248 252 256 261 262 263 266 268 283 288 294
 237 : 7 9 10 17 18 22 24 25 36 37 43 47 52 53 58 59 61 67 72 79 81 83 91 97 98 106 111 115 124 125 128 129 136 138 140 142 143 145 148 149 151 159 166 181 191 196 197 201 207 208 209 211 212 220 222 223 224 230 236 238 240 249 251 260 269 273 276 278 281 287 292
 280 : 2 3 5 12 13 26 28 30 34 35 39 45 60 66 69 78 80 84 88 93 95 104 112 113 120 121 127 130 133 135 147 152 156 164 171 173 184 186 187 189 190 192 195 202 203 204 210 215 218 219 221 227 232 250 254 255 259 264 265 267 274 275 277 280 282 284 285 286 289 290 291 293 297 298 299
SOLUTION:
  Value: -4214.971580
  Assigns: 204 211 102 211 211 101 204 211 204 204 101 102 36 211 102 102 101 102 204 101 101 204 211 211 204 101 36 36 211 102 211 204 204 102 101 211 101 101 204 101 101 211 204 211 102 36 102 102 211 102 204 102 101 101 102 204 102 211 101 102 211 211 36 36 101 102 102 211 101 36 36 36 101 204 102 36 204 36 101 101 36 211 102 102 101 36 204 36 36 36 211 36 102 102 102 101 101 36 204 211 211 36 211 36 211 36 211 102 36 101 101 36 211 211 102 102 204 204 204 211 101 101 102 101 211 102 101 36 211 36 211 211 204 36 102 211 101 102 36 204 211 211 102 211 211 36 36 204 36 102 36 36 36 211 102 204 102 204 36 36 204 102 102 204 36 36 102 204 102 204 204 101 204 101 204 101 102 102 204 204 102 36 204 204 204 102 204 36 204 101 101 101 36 101 101 101 102 102 101 211 102 204 36 211 204 102 36 102 36 101 211 36 101 101 102 101 36 204 36 102 211 101 36 204 101 36 211 36 102 204 101 36 36 204 101 101 36 211 204 204 36 102 101 211 101 204 204 102 204 211 101 36 204 102 36 211 101 101 102 36 36 204 204 204 102 211 36 36 204 211 101 102 102 211 101 211 211 101 36 102 211 101 36 204 211 102 211 36 204 36 101 101 36 101 211 102 102 36 211 36 
  Facilities: 5
 36 : 12 26 27 45 62 63 69 70 71 75 77 80 85 87 88 89 91 97 101 103 105 108 111 127 129 133 138 145 146 148 150 151 152 158 159 164 165 181 187 192 202 206 208 211 216 218 222 225 227 231 232 236 240 251 254 259 260 266 267 278 282 287 289 292 297 299
 101 : 5 10 16 19 20 25 34 36 37 39 40 52 53 58 64 68 72 78 79 84 95 96 109 110 120 121 123 126 136 171 173 175 189 190 191 193 194 195 198 209 212 213 215 221 224 230 234 235 242 244 250 256 257 270 274 277 281 290 291 293
 102 : 2 11 14 15 17 29 33 44 46 47 49 51 54 56 59 65 66 74 82 83 92 93 94 107 114 115 122 125 134 137 142 149 154 156 161 162 166 168 176 177 180 185 196 197 200 205 207 214 219 228 241 247 253 258 264 271 272 279 285 295 296
 204 : 0 6 8 9 18 21 24 31 32 38 42 50 55 73 76 86 98 116 117 118 132 139 147 155 157 160 163 167 169 170 172 174 178 179 182 183 184 186 188 201 204 217 223 229 233 238 239 245 246 248 252 261 262 263 268 283 288
 211 : 1 3 4 7 13 22 23 28 30 35 41 43 48 57 60 61 67 81 90 99 100 102 104 106 112 113 119 124 128 130 131 135 140 141 143 144 153 199 203 210 220 226 237 243 249 255 265 269 273 275 276 280 284 286 294 298
SOLUTION:
  Value: -4227.524940
  Assigns: 204 211 5 211 211 5 204 211 204 204 101 102 5 5 102 102 101 102 204 5 101 204 211 211 5 5 102 204 211 5 211 204 204 102 101 211 101 101 204 101 101 211 204 211 102 211 102 102 211 102 204 102 101 5 102 5 102 211 5 102 211 211 204 5 101 5 5 211 101 101 204 204 101 204 102 102 204 211 101 101 5 211 102 5 101 211 5 101 5 5 211 211 102 102 102 101 101 5 5 5 211 101 5 5 5 102 211 102 102 101 101 102 211 211 102 102 204 204 204 211 5 101 102 101 5 102 101 102 211 204 211 211 204 5 102 5 5 5 5 204 211 211 102 211 211 5 102 204 5 5 102 5 211 211 102 204 102 5 101 211 204 102 102 204 5 101 102 204 102 204 204 101 204 101 204 101 5 102 204 204 5 211 204 5 5 102 204 211 204 101 101 101 102 101 101 5 102 102 101 211 102 204 5 211 204 102 204 5 5 5 211 102 5 101 102 5 204 204 211 102 211 5 211 204 101 102 211 204 102 204 101 101 5 5 5 5 5 211 5 204 101 102 101 5 101 204 204 102 204 5 5 5 204 102 211 211 101 101 102 5 101 204 204 5 5 5 204 101 204 211 101 102 102 211 5 211 5 101 5 102 211 101 101 204 211 102 211 5 204 211 101 101 102 101 211 102 102 5 5 211 
  Facilities: 5
 5 : 2 5 12 13 19 24 25 29 53 55 58 63 65 66 80 83 86 88 89 97 98 99 102 103 104 120 124 133 135 136 137 138 145 148 149 151 157 164 176 180 183 184 195 202 207 208 209 212 215 221 232 233 234 235 236 238 243 249 250 251 259 263 264 265 274 276 278 287 297 298
 101 : 10 16 20 34 36 37 39 40 52 64 68 69 72 78 79 84 87 95 96 101 109 110 121 123 126 158 165 171 173 175 189 190 191 193 194 198 213 224 230 231 240 242 244 256 257 260 267 270 277 281 282 290 291 293
 102 : 11 14 15 17 26 33 44 46 47 49 51 54 56 59 74 75 82 92 93 94 105 107 108 111 114 115 122 125 127 134 142 146 150 154 156 161 162 166 168 177 185 192 196 197 200 205 211 214 219 225 228 241 247 253 258 271 272 279 285 292 295 296
 204 : 0 6 8 9 18 21 27 31 32 38 42 50 62 70 71 73 76 116 117 118 129 132 139 147 155 160 163 167 169 170 172 174 178 179 182 186 188 201 204 206 216 217 223 227 229 239 245 246 248 252 261 262 266 268 283 288
 211 : 1 3 4 7 22 23 28 30 35 41 43 45 48 57 60 61 67 77 81 85 90 91 100 106 112 113 119 128 130 131 140 141 143 144 152 153 159 181 187 199 203 210 218 220 222 226 237 254 255 269 273 275 280 284 286 289 294 299
SOLUTION:
  Value: -4229.033610
  Assigns: 204 102 102 58 102 101 204 58 204 58 101 102 58 204 102 102 101 58 204 58 101 204 58 101 58 101 102 204 58 102 101 204 204 102 101 102 58 101 204 101 101 58 204 204 58 58 102 102 58 58 58 102 101 58 102 204 102 58 101 102 204 102 58 58 101 102 58 101 101 58 204 204 101 204 102 102 204 101 101 101 204 101 58 58 101 58 204 101 204 58 58 58 102 102 102 101 101 204 58 102 58 101 102 204 102 58 58 102 58 101 101 102 102 58 102 102 204 204 204 204 101 101 102 58 58 102 101 58 58 204 58 102 204 58 102 101 101 102 204 58 58 102 58 101 102 58 58 204 58 58 102 58 58 102 102 58 58 204 101 102 58 102 58 204 58 101 102 204 102 204 204 58 204 101 58 101 102 102 204 204 102 101 204 204 58 102 204 101 204 101 101 101 58 101 58 101 102 102 101 58 102 58 58 58 58 102 204 102 58 101 58 102 58 101 102 58 204 204 101 102 101 101 102 204 101 58 204 204 102 204 101 101 58 58 101 101 58 101 58 204 101 102 101 102 101 58 204 102 204 204 58 58 204 102 58 58 101 101 102 58 101 58 58 58 102 58 204 58 204 102 101 102 58 58 101 204 204 101 58 102 58 101 101 204 101 102 58 101 204 58 58 101 102 58 58 102 102 101 102 58 
  Facilities: 4
 58 : 3 7 9 12 17 19 22 24 28 36 41 44 45 48 49 50 53 57 62 63 66 69 82 83 85 89 90 91 98 100 105 106 108 113 123 124 127 128 130 133 139 140 142 145 146 148 149 151 152 155 156 160 162 164 171 174 184 192 194 199 201 202 203 204 208 210 212 215 225 232 233 236 238 245 250 251 254 255 259 261 262 263 265 267 272 273 278 280 286 289 290 293 294 299
 101 : 5 10 16 20 23 25 30 34 37 39 40 52 58 64 67 68 72 77 78 79 81 84 87 95 96 101 109 110 120 121 126 135 136 143 158 165 173 175 181 187 189 190 191 193 195 198 209 213 218 220 221 224 230 231 234 235 237 240 242 244 256 257 260 270 274 277 281 282 284 287 291 297
 102 : 1 2 4 11 14 15 26 29 33 35 46 47 51 54 56 59 61 65 74 75 92 93 94 99 102 104 107 111 112 114 115 122 125 131 134 137 141 144 150 153 154 159 161 166 168 176 177 180 185 196 197 200 205 207 211 214 219 222 228 241 243 247 253 258 264 269 271 279 285 292 295 296 298
 204 : 0 6 8 13 18 21 27 31 32 38 42 43 55 60 70 71 73 76 80 86 88 97 103 116 117 118 119 129 132 138 147 157 163 167 169 170 172 178 179 182 183 186 188 206 216 217 223 226 227 229 239 246 248 249 252 266 268 275 276 283 288
SOLUTION:
  Value: -4240.309180
  Assigns: 204 102 102 101 102 101 204 36 204 204 101 102 36 204 102 102 101 102 204 101 101 204 204 101 204 101 36 36 36 102 101 204 204 102 101 102 101 101 204 101 101 102 204 204 102 36 102 102 101 102 204 102 101 101 102 204 102 101 101 102 204 102 36 36 101 102 102 36 101 36 36 36 101 204 102 36 204 36 101 101 36 101 102 102 101 36 204 36 36 36 204 36 102 102 102 101 101 36 204 102 204 36 102 36 102 36 36 102 36 101 101 36 102 36 102 102 204 204 204 204 101 101 102 101 36 102 101 36 102 36 204 102 204 36 102 101 101 102 36 204 102 36 102 101 102 36 36 204 36 102 36 36 36 102 102 204 102 204 36 36 204 102 102 204 36 36 102 204 102 204 204 101 204 101 204 101 102 102 204 204 102 36 204 204 204 102 204 36 204 101 101 101 36 101 101 101 102 102 101 204 102 204 36 101 204 102 36 102 36 101 36 36 101 101 102 101 36 204 36 102 101 101 36 204 101 36 204 36 102 204 101 36 36 204 101 101 36 36 204 204 36 102 101 102 101 204 204 102 204 204 101 36 204 102 36 101 101 101 102 36 36 204 204 204 102 204 36 36 204 102 101 102 102 36 101 204 204 101 36 102 101 101 36 204 101 102 204 36 204 36 101 101 36 101 36 102 102 36 102 36 
  Facilities: 4
 36 : 7 12 26 27 28 45 62 63 67 69 70 71 75 77 80 85 87 88 89 91 97 101 103 105 106 108 111 113 124 127 129 133 138 141 145 146 148 150 151 152 158 159 164 165 181 187 192 202 206 208 210 211 216 218 222 225 227 231 232 236 237 240 251 254 259 260 266 267 273 278 282 287 289 292 294 297 299
 101 : 3 5 10 16 19 20 23 25 30 34 36 37 39 40 48 52 53 57 58 64 68 72 78 79 81 84 95 96 109 110 120 121 123 126 135 136 143 171 173 175 189 190 191 193 194 195 198 203 209 212 213 215 220 221 224 230 234 235 242 244 250 255 256 257 270 274 277 280 281 284 290 291 293
 102 : 1 2 4 11 14 15 17 29 33 35 41 44 46 47 49 51 54 56 59 61 65 66 74 82 83 92 93 94 99 102 104 107 112 114 115 122 125 128 131 134 137 140 142 144 149 153 154 156 161 162 166 168 176 177 180 185 196 197 200 205 207 214 219 228 241 243 247 253 258 264 269 271 272 279 285 295 296 298
 204 : 0 6 8 9 13 18 21 22 24 31 32 38 42 43 50 55 60 73 76 86 90 98 100 116 117 118 119 130 132 139 147 155 157 160 163 167 169 170 172 174 178 179 182 183 184 186 188 199 201 204 217 223 226 229 233 238 239 245 246 248 249 252 261 262 263 265 268 275 276 283 286 288
SOLUTION:
  Value: -4251.564940
  Assigns: 204 112 161 101 102 101 112 112 204 112 101 102 161 112 161 161 101 161 204 101 101 204 161 101 204 112 102 112 112 102 101 204 204 102 101 102 161 101 204 101 101 161 161 204 102 112 102 112 101 102 161 102 101 112 161 204 112 101 101 102 112 102 204 112 101 102 161 161 101 112 112 204 161 161 102 161 204 161 101 101 204 112 102 161 101 204 204 161 112 102 112 112 102 102 102 101 101 161 112 112 112 112 102 161 102 161 101 102 102 112 101 161 161 112 102 102 204 204 204 204 101 101 102 101 112 102 161 112 161 161 204 112 112 112 112 101 112 102 204 204 102 102 161 101 102 112 161 204 161 112 161 102 101 161 161 161 161 204 101 161 204 102 112 204 112 101 161 112 102 204 204 161 204 161 204 112 161 102 204 204 102 112 204 112 112 102 112 161 204 101 101 101 102 101 161 101 102 161 101 204 102 204 112 101 204 102 161 112 161 112 112 102 112 101 102 112 204 204 112 102 112 101 161 161 101 161 204 161 102 204 101 101 161 204 101 101 161 161 204 204 101 112 101 102 161 161 204 102 204 112 112 112 204 102 112 101 101 101 102 161 112 204 161 161 102 112 204 101 204 112 101 102 102 112 161 112 112 101 112 102 161 101 101 204 101 102 204 112 204 161 101 101 112 161 161 102 112 101 161 112 
  Facilities: 5
 101 : 3 5 10 16 19 20 23 30 34 37 39 40 48 52 57 58 64 68 78 79 84 95 96 106 110 120 121 123 135 143 152 158 165 189 190 191 193 195 198 203 213 221 224 230 231 234 235 240 242 255 256 257 267 270 277 281 282 284 290 291 297
 102 : 4 11 26 29 33 35 44 46 49 51 59 61 65 74 82 89 92 93 94 102 104 107 108 114 115 122 125 137 140 141 144 151 161 168 177 180 185 192 196 200 205 211 214 219 228 243 247 253 258 264 271 272 279 285 295
 112 : 1 6 7 9 13 25 27 28 45 47 53 56 60 63 69 70 81 88 90 91 98 99 100 101 109 113 124 127 131 132 133 134 136 145 149 162 164 167 175 181 183 184 186 202 207 209 210 212 215 218 220 241 249 250 251 254 260 265 269 273 275 276 278 287 292 296 299
 161 : 2 12 14 15 17 22 36 41 42 50 54 66 67 72 73 75 77 83 87 97 103 105 111 112 126 128 129 142 146 148 150 153 154 155 156 159 166 171 173 176 187 194 197 206 208 222 223 225 227 232 236 237 244 245 259 262 263 274 280 289 293 294 298
 204 : 0 8 18 21 24 31 32 38 43 55 62 71 76 80 85 86 116 117 118 119 130 138 139 147 157 160 163 169 170 172 174 178 179 182 188 199 201 204 216 217 226 229 233 238 239 246 248 252 261 266 268 283 286 288
SOLUTION:
  Value: -4255.640670
  Assigns: 96 280 280 280 96 183 96 183 183 237 101 280 183 280 96 96 101 237 237 96 96 280 237 183 237 183 280 96 280 101 280 280 280 183 101 183 183 101 101 280 96 101 280 237 280 280 280 237 101 237 183 96 237 237 183 183 96 183 237 237 280 237 280 183 101 183 280 96 101 280 183 96 237 101 183 280 96 101 101 101 280 101 96 96 280 96 280 183 280 183 183 237 101 280 280 101 96 237 183 237 96 101 96 183 96 101 237 96 280 183 101 183 183 280 280 237 101 96 280 280 280 101 96 96 237 237 101 280 237 96 280 183 183 96 96 96 237 183 237 183 237 96 183 96 183 237 183 280 237 96 96 237 183 96 96 96 183 96 101 96 237 183 96 101 280 183 237 237 280 96 96 101 183 101 183 101 96 96 183 237 96 237 280 101 280 101 280 280 183 101 280 96 280 101 101 183 237 183 101 280 237 183 183 96 280 280 183 237 183 237 96 237 96 96 183 280 183 280 280 280 96 280 183 237 237 280 96 96 101 183 237 101 280 280 101 101 96 101 237 237 101 183 96 96 101 183 237 237 237 237 280 237 96 280 280 183 101 101 183 96 237 101 101 96 183 280 96 280 237 96 101 237 96 237 101 280 237 183 237 183 280 237 280 237 101 280 280 237 96 96 280 280 237 280 183 101 183 280 96 280 
  Facilities: 5
 96 : 0 4 6 14 15 19 20 27 40 51 56 67 71 76 82 83 85 96 100 102 104 107 117 122 123 129 133 134 135 141 143 149 150 153 154 155 157 159 162 169 170 176 177 180 191 203 210 212 213 220 226 227 236 242 243 252 259 263 266 269 272 288 289 298
 101 : 10 16 29 34 37 38 41 48 64 68 73 77 78 79 81 92 95 101 105 110 116 121 126 158 163 171 173 175 183 185 189 193 194 198 228 231 234 235 237 240 244 256 257 261 262 270 274 284 295
 183 : 5 7 8 12 23 25 33 35 36 50 54 55 57 63 65 70 74 87 89 90 98 103 109 111 112 131 132 137 139 142 144 146 152 156 161 165 172 174 178 188 195 197 201 202 206 208 214 216 222 229 241 245 255 258 264 277 279 294 296
 237 : 9 17 18 22 24 43 47 49 52 53 58 59 61 72 91 97 99 106 115 124 125 128 136 138 140 145 148 151 160 166 167 179 181 196 200 207 209 211 223 224 230 238 239 246 247 248 249 251 260 268 271 273 276 278 281 283 287 292
 280 : 1 2 3 11 13 21 26 28 30 31 32 39 42 44 45 46 60 62 66 69 75 80 84 86 88 93 94 108 113 114 118 119 120 127 130 147 164 168 182 184 186 187 190 192 199 204 205 215 217 218 219 221 225 232 233 250 253 254 265 267 275 280 282 285 286 290 291 293 297 299
SOLUTION:
  Value: -4267.983460
  Assigns: 204 161 161 101 102 101 194 161 204 161 101 102 161 161 161 161 101 161 194 194 101 204 161 101 204 101 194 194 194 102 101 204 204 102 101 194 194 101 204 101 194 161 161 194 102 161 102 194 101 102 161 194 194 194 161 204 102 194 101 102 204 102 204 194 101 194 161 194 101 194 204 204 161 161 102 161 194 194 101 101 204 101 102 161 101 204 204 161 204 194 204 161 102 102 102 101 101 161 204 102 194 101 102 161 102 161 101 102 194 101 101 161 161 161 102 102 204 194 204 204 194 101 102 101 194 194 194 102 161 161 204 194 204 194 102 194 161 194 194 204 194 194 161 101 102 161 161 204 161 102 161 102 101 161 161 161 161 204 101 161 194 102 161 204 194 101 194 204 102 204 204 161 204 161 204 101 161 194 204 204 102 101 194 194 204 102 204 161 204 101 101 101 102 101 161 101 102 161 101 204 102 194 194 101 204 102 161 102 194 194 194 102 161 194 102 101 204 204 194 194 101 194 161 194 101 161 204 161 102 204 101 101 161 204 194 101 194 161 204 204 101 102 101 102 161 161 204 102 204 194 101 194 194 102 194 101 101 101 102 161 101 194 161 161 102 194 194 101 204 194 101 102 102 161 161 161 194 101 194 194 161 194 101 204 101 102 204 194 204 161 194 101 194 161 161 102 194 194 161 194 
  Facilities: 5
 101 : 3 5 10 16 20 23 25 30 34 37 39 48 58 64 68 78 79 81 84 95 96 101 106 109 110 121 123 143 152 158 165 175 181 189 190 191 193 195 198 203 215 220 224 230 231 235 240 242 250 255 256 257 260 267 270 277 282 284 291
 102 : 4 11 29 33 44 46 49 56 59 61 74 82 92 93 94 99 102 104 107 114 115 122 127 134 144 149 151 161 168 180 185 192 196 200 205 207 211 214 228 241 243 247 253 258 264 271 272 285 295
 161 : 1 2 7 9 12 13 14 15 17 22 41 42 45 50 54 66 72 73 75 83 87 91 97 103 105 111 112 113 128 129 136 142 145 146 148 150 153 154 155 156 159 162 171 173 176 187 194 197 206 212 222 225 227 232 237 244 245 259 262 263 273 274 275 280 289 293 294 298
 194 : 6 18 19 26 27 28 35 36 40 43 47 51 52 53 57 63 65 67 69 76 77 89 100 108 117 120 124 125 126 131 133 135 137 138 140 141 160 164 166 177 182 183 201 202 208 209 210 213 218 219 221 223 234 236 249 251 252 254 261 265 266 269 276 278 279 281 287 290 292 296 297 299
 204 : 0 8 21 24 31 32 38 55 60 62 70 71 80 85 86 88 90 98 116 118 119 130 132 139 147 157 163 167 169 170 172 174 178 179 184 186 188 199 204 216 217 226 229 233 238 239 246 248 268 283 286 288
