# Time: 704.039978
# Elapsed: 183.404175
# Input_file: splp/Chess/1334ChessS.txt
# Pool_size: 200
# Iterations: 28
# Final_solutions: 5344
# Vision_range: 400
# Reduction_mode: REDUCTION_DISPERSE
# Dissimilitude: DISSIM_MSE
# Facility_dist: FDISMODE_SUMOFDELTAS
SOLUTION:
  Value: -54229.000000
  Assigns: 132 132 15 15 15 138 138 138 141 141 141 132 24 24 15 15 29 29 31 31 31 33 33 24 24 24 15 15 29 29 29 31 31 33 33 24 24 24 51 51 51 29 29 31 33 33 33 24 60 60 51 51 51 66 66 66 69 69 69 60 60 60 51 51 51 66 66 66 69 69 69 60 60 60 87 87 87 66 66 66 69 69 69 60 96 96 87 87 87 100 103 103 103 105 105 96 96 96 87 100 87 100 103 103 103 105 105 96 96 96 123 123 123 100 103 103 103 105 105 96 132 132 123 123 123 138 138 138 141 141 141 132 132 132 123 123 123 138 138 138 141 141 141 132 
  Facilities: 18
 15 : 2 3 4 14 15 26 27
 24 : 12 13 23 24 25 35 36 37 47
 29 : 16 17 28 29 30 41 42
 31 : 18 19 20 31 32 43
 33 : 21 22 33 34 44 45 46
 51 : 38 39 40 50 51 52 62 63 64
 60 : 48 49 59 60 61 71 72 73 83
 66 : 53 54 55 65 66 67 77 78 79
 69 : 56 57 58 68 69 70 80 81 82
 87 : 74 75 76 86 87 88 98 100
 96 : 84 85 95 96 97 107 108 109 119
 100 : 89 99 101 113
 103 : 90 91 92 102 103 104 114 115 116
 105 : 93 94 105 106 117 118
 123 : 110 111 112 122 123 124 134 135 136
 132 : 0 1 11 120 121 131 132 133 143
 138 : 5 6 7 125 126 127 137 138 139
 141 : 8 9 10 128 129 130 140 141 142
SOLUTION:
  Value: -54241.000000
  Assigns: 0 0 3 3 17 17 17 140 140 140 9 0 0 0 3 3 3 17 17 32 32 9 9 0 47 38 38 38 17 17 17 32 32 32 47 47 47 38 38 38 53 53 53 32 32 32 47 47 47 38 38 38 53 53 53 68 68 68 47 47 83 74 74 74 53 53 53 68 68 68 83 83 83 74 74 74 89 89 89 68 68 68 83 83 83 74 74 74 89 89 89 104 104 104 83 83 119 110 110 110 89 89 89 104 104 104 119 119 119 110 110 123 123 126 126 104 104 104 119 119 119 110 110 110 123 126 126 140 140 140 119 119 0 0 123 123 123 126 126 140 140 140 9 0 
  Facilities: 18
 0 : 0 1 11 12 13 23 132 133 143
 3 : 2 3 14 15 16
 9 : 10 21 22 142
 17 : 4 5 6 17 18 28 29 30
 32 : 19 20 31 32 33 43 44 45
 38 : 25 26 27 37 38 39 49 50 51
 47 : 24 34 35 36 46 47 48 58 59
 53 : 40 41 42 52 53 54 64 65 66
 68 : 55 56 57 67 68 69 79 80 81
 74 : 61 62 63 73 74 75 85 86 87
 83 : 60 70 71 72 82 83 84 94 95
 89 : 76 77 78 88 89 90 100 101 102
 104 : 91 92 93 103 104 105 115 116 117
 110 : 97 98 99 109 110 121 122 123
 119 : 96 106 107 108 118 119 120 130 131
 123 : 111 112 124 134 135 136
 126 : 113 114 125 126 137 138
 140 : 7 8 9 127 128 129 139 140 141
SOLUTION:
  Value: -57206.000000
  Assigns: 132 132 3 3 3 138 138 138 141 141 141 132 24 24 3 3 29 29 31 31 31 33 33 24 24 24 39 39 29 29 29 31 31 33 33 24 24 24 39 39 39 29 29 31 33 33 33 24 60 60 39 39 39 66 66 66 69 69 69 60 60 60 75 75 75 66 66 66 69 69 69 60 60 60 75 75 75 66 66 66 69 69 69 60 96 96 75 100 100 100 103 103 103 105 105 96 97 96 97 100 100 100 103 103 103 105 105 96 96 97 97 123 123 100 103 103 103 105 105 96 132 132 123 123 123 138 138 138 141 141 141 132 132 132 123 123 123 138 138 138 141 141 141 132 
  Facilities: 19
 3 : 2 3 4 14 15
 24 : 12 13 23 24 25 35 36 37 47
 29 : 16 17 28 29 30 41 42
 31 : 18 19 20 31 32 43
 33 : 21 22 33 34 44 45 46
 39 : 26 27 38 39 40 50 51 52
 60 : 48 49 59 60 61 71 72 73 83
 66 : 53 54 55 65 66 67 77 78 79
 69 : 56 57 58 68 69 70 80 81 82
 75 : 62 63 64 74 75 76 86
 96 : 84 85 95 97 107 108 119
 97 : 96 98 109 110
 100 : 87 88 89 99 100 101 113
 103 : 90 91 92 102 103 104 114 115 116
 105 : 93 94 105 106 117 118
 123 : 111 112 122 123 124 134 135 136
 132 : 0 1 11 120 121 131 132 133 143
 138 : 5 6 7 125 126 127 137 138 139
 141 : 8 9 10 128 129 130 140 141 142
SOLUTION:
  Value: -57215.000000
  Assigns: 0 0 3 3 3 137 137 140 140 140 9 0 0 0 3 3 29 29 6 6 9 9 9 0 47 38 38 38 29 29 29 44 44 44 47 47 47 38 38 38 29 29 29 44 44 44 47 47 47 38 38 38 65 65 65 44 44 44 47 47 72 74 74 74 65 65 67 67 67 82 82 72 72 72 74 74 65 65 67 67 67 82 82 72 72 74 74 74 101 101 101 104 104 82 82 82 119 110 110 110 101 101 101 104 104 104 119 119 119 110 110 110 101 101 101 104 104 104 119 119 119 110 110 110 137 137 137 140 140 140 119 119 0 0 3 3 3 6 6 6 140 140 9 0 
  Facilities: 19
 0 : 0 1 11 12 13 23 132 133 143
 3 : 2 3 4 14 15 134 135 136
 6 : 18 19 137 138 139
 9 : 10 20 21 22 142
 29 : 16 17 28 29 30 40 41 42
 38 : 25 26 27 37 38 39 49 50 51
 44 : 31 32 33 43 44 45 55 56 57
 47 : 24 34 35 36 46 47 48 58 59
 65 : 52 53 54 64 65 76 77
 67 : 66 67 68 78 79 80
 72 : 60 71 72 73 83 84
 74 : 61 62 63 74 75 85 86 87
 82 : 69 70 81 82 93 94 95
 101 : 88 89 90 100 101 102 112 113 114
 104 : 91 92 103 104 105 115 116 117
 110 : 97 98 99 109 110 111 121 122 123
 119 : 96 106 107 108 118 119 120 130 131
 137 : 5 6 124 125 126
 140 : 7 8 9 127 128 129 140 141
SOLUTION:
  Value: -57216.000000
  Assigns: 1 0 1 4 4 4 6 140 140 140 9 0 0 0 1 4 4 4 6 6 9 9 9 0 47 38 38 38 41 41 41 44 44 44 47 47 47 38 38 38 41 41 41 44 44 44 47 47 47 38 38 38 41 41 41 44 44 44 47 47 83 74 74 74 77 77 77 80 80 80 83 83 83 74 74 74 77 77 77 80 80 80 83 83 83 74 74 74 101 77 101 80 80 80 83 83 109 109 109 112 101 112 101 115 115 118 118 118 109 109 109 112 101 112 115 115 115 118 118 118 109 109 109 112 112 112 115 140 140 140 118 118 1 0 1 4 4 4 6 6 140 140 9 0 
  Facilities: 19
 0 : 1 11 12 13 23 133 143
 1 : 0 2 14 132 134
 4 : 3 4 5 15 16 17 135 136 137
 6 : 6 18 19 138 139
 9 : 10 20 21 22 142
 38 : 25 26 27 37 38 39 49 50 51
 41 : 28 29 30 40 41 42 52 53 54
 44 : 31 32 33 43 44 45 55 56 57
 47 : 24 34 35 36 46 47 48 58 59
 74 : 61 62 63 73 74 75 85 86 87
 77 : 64 65 66 76 77 78 89
 80 : 67 68 69 79 80 81 91 92 93
 83 : 60 70 71 72 82 83 84 94 95
 101 : 88 90 100 102 112
 109 : 96 97 98 108 109 110 120 121 122
 112 : 99 101 111 113 123 124 125
 115 : 103 104 114 115 116 126
 118 : 105 106 107 117 118 119 130 131
 140 : 7 8 9 127 128 129 140 141
SOLUTION:
  Value: -57222.000000
  Assigns: 1 1 1 4 4 4 7 7 7 10 10 10 1 1 1 4 29 4 7 7 7 10 10 10 47 38 38 38 29 29 29 44 44 44 47 47 47 38 51 38 51 29 29 44 44 44 47 47 47 38 51 38 51 66 66 66 44 44 47 47 72 74 74 74 77 66 77 66 80 80 82 72 72 72 74 74 77 66 66 66 80 80 82 72 72 74 74 74 77 77 77 80 80 82 82 82 109 109 109 112 112 112 115 115 115 118 118 118 109 109 109 112 112 112 115 115 115 118 118 118 109 109 109 112 112 112 115 115 115 118 118 118 1 1 1 4 4 4 7 7 7 10 10 10 
  Facilities: 19
 1 : 0 1 2 12 13 14 132 133 134
 4 : 3 4 5 15 17 135 136 137
 7 : 6 7 8 18 19 20 138 139 140
 10 : 9 10 11 21 22 23 141 142 143
 29 : 16 28 29 30 41 42
 38 : 25 26 27 37 39 49 51
 44 : 31 32 33 43 44 45 56 57
 47 : 24 34 35 36 46 47 48 58 59
 51 : 38 40 50 52
 66 : 53 54 55 65 67 77 78 79
 72 : 60 71 72 73 83 84
 74 : 61 62 63 74 75 85 86 87
 77 : 64 66 76 88 89 90
 80 : 68 69 80 81 91 92
 82 : 70 82 93 94 95
 109 : 96 97 98 108 109 110 120 121 122
 112 : 99 100 101 111 112 113 123 124 125
 115 : 102 103 104 114 115 116 126 127 128
 118 : 105 106 107 117 118 119 129 130 131
SOLUTION:
  Value: -57222.000000
  Assigns: 132 132 3 3 3 138 138 138 21 21 21 132 24 24 27 27 27 18 18 18 21 21 21 24 24 24 27 27 39 42 42 18 21 21 21 24 24 24 39 39 39 42 42 42 57 57 57 24 60 60 39 39 39 42 42 42 57 57 57 60 60 60 75 75 75 78 78 78 57 57 57 60 60 60 75 75 75 78 78 78 93 93 93 60 96 96 87 87 87 78 78 78 93 93 93 96 96 96 87 87 87 114 114 114 93 93 93 96 96 96 123 123 123 114 114 114 129 129 129 96 132 132 123 123 123 138 114 138 129 129 129 132 132 132 123 123 123 138 138 138 129 129 129 132 
  Facilities: 19
 3 : 2 3 4
 18 : 17 18 19 31
 21 : 8 9 10 20 21 22 32 33 34
 24 : 12 13 23 24 25 35 36 37 47
 27 : 14 15 16 26 27
 39 : 28 38 39 40 50 51 52
 42 : 29 30 41 42 43 53 54 55
 57 : 44 45 46 56 57 58 68 69 70
 60 : 48 49 59 60 61 71 72 73 83
 75 : 62 63 64 74 75 76
 78 : 65 66 67 77 78 79 89 90 91
 87 : 86 87 88 98 99 100
 93 : 80 81 82 92 93 94 104 105 106
 96 : 84 85 95 96 97 107 108 109 119
 114 : 101 102 103 113 114 115 126
 123 : 110 111 112 122 123 124 134 135 136
 129 : 116 117 118 128 129 130 140 141 142
 132 : 0 1 11 120 121 131 132 133 143
 138 : 5 6 7 125 127 137 138 139
SOLUTION:
  Value: -57227.000000
  Assigns: 0 0 135 135 135 138 138 138 141 9 9 0 0 0 27 27 27 30 30 30 9 9 9 0 47 38 27 38 27 30 30 44 44 44 47 47 47 38 27 38 27 30 30 44 44 44 47 47 47 38 38 38 65 65 65 44 44 44 47 47 83 74 74 74 65 65 65 68 68 68 83 83 83 74 74 74 65 65 65 68 92 92 83 83 83 74 74 74 101 101 101 104 92 92 83 83 119 110 110 110 101 101 101 92 104 92 119 119 119 110 110 110 101 101 101 104 104 104 119 119 119 110 135 110 135 138 138 138 141 141 141 119 0 0 135 135 135 138 138 138 141 141 141 0 
  Facilities: 19
 0 : 0 1 11 12 13 23 132 133 143
 9 : 9 10 20 21 22
 27 : 14 15 16 26 28 38 40
 30 : 17 18 19 29 30 41 42
 38 : 25 27 37 39 49 50 51
 44 : 31 32 33 43 44 45 55 56 57
 47 : 24 34 35 36 46 47 48 58 59
 65 : 52 53 54 64 65 66 76 77 78
 68 : 67 68 69 79
 74 : 61 62 63 73 74 75 85 86 87
 83 : 60 70 71 72 82 83 84 94 95
 92 : 80 81 92 93 103 105
 101 : 88 89 90 100 101 102 112 113 114
 104 : 91 104 115 116 117
 110 : 97 98 99 109 110 111 121 123
 119 : 96 106 107 108 118 119 120 131
 135 : 2 3 4 122 124 134 135 136
 138 : 5 6 7 125 126 127 137 138 139
 141 : 8 128 129 130 140 141 142
SOLUTION:
  Value: -57232.000000
  Assigns: 132 132 15 15 15 138 138 138 21 21 21 132 24 24 27 27 27 18 18 18 21 21 21 24 24 24 27 27 15 42 42 18 21 21 21 24 24 24 27 27 27 42 42 42 57 57 57 24 60 60 63 63 63 42 42 42 57 57 57 60 60 60 63 63 63 78 78 78 57 57 57 60 60 60 63 63 63 78 78 78 93 93 93 60 96 96 99 99 101 78 101 78 93 93 93 96 96 96 99 99 101 101 101 114 93 93 93 96 96 96 99 123 123 114 114 114 129 129 129 96 132 132 123 123 123 138 114 138 129 129 129 132 132 132 123 123 123 138 138 138 129 129 129 132 
  Facilities: 19
 15 : 2 3 4 28
 18 : 17 18 19 31
 21 : 8 9 10 20 21 22 32 33 34
 24 : 12 13 23 24 25 35 36 37 47
 27 : 14 15 16 26 27 38 39 40
 42 : 29 30 41 42 43 53 54 55
 57 : 44 45 46 56 57 58 68 69 70
 60 : 48 49 59 60 61 71 72 73 83
 63 : 50 51 52 62 63 64 74 75 76
 78 : 65 66 67 77 78 79 89 91
 93 : 80 81 82 92 93 94 104 105 106
 96 : 84 85 95 96 97 107 108 109 119
 99 : 86 87 98 99 110
 101 : 88 90 100 101 102
 114 : 103 113 114 115 126
 123 : 111 112 122 123 124 134 135 136
 129 : 116 117 118 128 129 130 140 141 142
 132 : 0 1 11 120 121 131 132 133 143
 138 : 5 6 7 125 127 137 138 139
SOLUTION:
  Value: -57235.000000
  Assigns: 11 134 134 134 137 137 137 140 140 140 11 11 11 26 26 26 29 29 29 32 32 32 11 11 47 38 38 38 29 29 29 32 32 32 47 47 47 38 26 38 29 29 29 32 32 32 47 47 47 38 38 64 64 64 66 66 69 69 47 47 72 74 74 64 64 66 66 66 69 82 82 72 72 72 74 74 64 66 66 66 69 69 82 72 72 74 74 74 101 101 101 104 104 82 82 82 119 110 110 110 101 101 101 104 104 104 119 119 119 110 110 110 101 101 101 104 104 104 119 119 119 110 110 110 137 137 137 140 140 140 119 119 11 134 134 134 137 137 137 140 140 140 11 11 
  Facilities: 19
 11 : 0 10 11 12 22 23 132 142 143
 26 : 13 14 15 38
 29 : 16 17 18 28 29 30 40 41 42
 32 : 19 20 21 31 32 33 43 44 45
 38 : 25 26 27 37 39 49 50
 47 : 24 34 35 36 46 47 48 58 59
 64 : 51 52 53 63 64 76
 66 : 54 55 65 66 67 77 78 79
 69 : 56 57 68 80 81
 72 : 60 71 72 73 83 84
 74 : 61 62 74 75 85 86 87
 82 : 69 70 82 93 94 95
 101 : 88 89 90 100 101 102 112 113 114
 104 : 91 92 103 104 105 115 116 117
 110 : 97 98 99 109 110 111 121 122 123
 119 : 96 106 107 108 118 119 120 130 131
 134 : 1 2 3 133 134 135
 137 : 4 5 6 124 125 126 136 137 138
 140 : 7 8 9 127 128 129 139 140 141
