# Time: 664.390015
# Elapsed: 173.854202
# Input_file: splp/Chess/2234ChessS.txt
# Pool_size: 200
# Iterations: 27
# Final_solutions: 5144
# Vision_range: 400
# Reduction_mode: REDUCTION_DISPERSE
# Dissimilitude: DISSIM_MSE
# Facility_dist: FDISMODE_SUMOFDELTAS
SOLUTION:
  Value: -51238.000000
  Assigns: 11 14 14 14 5 5 5 20 20 20 11 11 11 14 14 14 5 5 5 20 20 20 11 11 47 14 14 14 41 41 41 20 20 20 47 47 47 50 50 50 41 41 41 56 56 56 47 47 47 50 50 50 41 41 41 56 56 56 47 47 83 50 50 50 77 77 77 56 56 56 83 83 83 86 86 86 77 77 77 92 92 92 83 83 83 86 86 86 77 77 77 92 92 92 83 83 109 86 109 86 113 113 113 92 92 92 118 118 109 122 122 122 113 113 113 128 128 128 118 118 109 109 109 122 113 113 113 128 128 118 118 118 11 122 122 122 5 5 5 128 128 128 11 11 
  Facilities: 17
 5 : 4 5 6 16 17 18 136 137 138
 11 : 0 10 11 12 22 23 132 142 143
 14 : 1 2 3 13 14 15 25 26 27
 20 : 7 8 9 19 20 21 31 32 33
 41 : 28 29 30 40 41 42 52 53 54
 47 : 24 34 35 36 46 47 48 58 59
 50 : 37 38 39 49 50 51 61 62 63
 56 : 43 44 45 55 56 57 67 68 69
 77 : 64 65 66 76 77 78 88 89 90
 83 : 60 70 71 72 82 83 84 94 95
 86 : 73 74 75 85 86 87 97 99
 92 : 79 80 81 91 92 93 103 104 105
 109 : 96 98 108 120 121 122
 113 : 100 101 102 112 113 114 124 125 126
 118 : 106 107 118 119 129 130 131
 122 : 109 110 111 123 133 134 135
 128 : 115 116 117 127 128 139 140 141
SOLUTION:
  Value: -54217.000000
  Assigns: 11 132 3 3 3 6 6 6 20 20 11 11 11 26 3 3 3 6 6 6 20 20 11 11 47 26 26 26 41 41 41 20 20 20 47 47 47 26 50 50 41 41 41 56 56 56 47 47 47 50 50 50 41 41 41 56 56 56 47 47 83 50 50 50 77 77 77 56 56 56 83 83 83 86 86 86 77 77 77 92 92 92 83 83 83 86 86 86 77 77 77 92 92 92 83 83 119 86 86 86 113 113 113 92 92 92 119 119 119 122 122 122 113 113 113 128 128 128 119 119 132 132 122 122 113 113 113 128 128 128 119 132 132 122 122 3 3 6 6 128 128 128 11 132 
  Facilities: 18
 3 : 2 3 4 14 15 16 135 136
 6 : 5 6 7 17 18 19 137 138
 11 : 0 10 11 12 22 23 142
 20 : 8 9 20 21 31 32 33
 26 : 13 25 26 27 37
 41 : 28 29 30 40 41 42 52 53 54
 47 : 24 34 35 36 46 47 48 58 59
 50 : 38 39 49 50 51 61 62 63
 56 : 43 44 45 55 56 57 67 68 69
 77 : 64 65 66 76 77 78 88 89 90
 83 : 60 70 71 72 82 83 84 94 95
 86 : 73 74 75 85 86 87 97 98 99
 92 : 79 80 81 91 92 93 103 104 105
 113 : 100 101 102 112 113 114 124 125 126
 119 : 96 106 107 108 118 119 130
 122 : 109 110 111 122 123 133 134
 128 : 115 116 117 127 128 129 139 140 141
 132 : 1 120 121 131 132 143
SOLUTION:
  Value: -57206.000000
  Assigns: 0 0 3 3 3 6 6 6 9 20 9 0 0 0 3 3 3 6 6 6 9 20 9 0 47 26 26 26 41 41 41 20 20 20 47 47 47 26 50 50 41 41 41 56 56 56 47 47 47 50 50 50 41 41 41 56 56 56 47 47 83 50 50 50 77 77 77 56 56 56 83 83 83 86 86 86 77 77 77 92 92 92 83 83 83 86 86 86 77 77 77 92 92 92 83 83 109 86 109 86 113 113 113 92 92 92 118 118 109 122 122 122 113 113 113 128 128 128 118 118 109 109 109 122 113 113 113 128 128 118 118 118 0 122 122 3 3 6 6 128 9 128 9 0 
  Facilities: 19
 0 : 0 1 11 12 13 23 132 143
 3 : 2 3 4 14 15 16 135 136
 6 : 5 6 7 17 18 19 137 138
 9 : 8 10 20 22 140 142
 20 : 9 21 31 32 33
 26 : 25 26 27 37
 41 : 28 29 30 40 41 42 52 53 54
 47 : 24 34 35 36 46 47 48 58 59
 50 : 38 39 49 50 51 61 62 63
 56 : 43 44 45 55 56 57 67 68 69
 77 : 64 65 66 76 77 78 88 89 90
 83 : 60 70 71 72 82 83 84 94 95
 86 : 73 74 75 85 86 87 97 99
 92 : 79 80 81 91 92 93 103 104 105
 109 : 96 98 108 120 121 122
 113 : 100 101 102 112 113 114 124 125 126
 118 : 106 107 118 119 129 130 131
 122 : 109 110 111 123 133 134
 128 : 115 116 117 127 128 139 141
SOLUTION:
  Value: -57213.000000
  Assigns: 0 0 3 3 3 6 6 6 141 141 141 0 0 0 3 3 3 6 6 6 33 33 33 0 47 38 38 40 40 40 43 43 33 33 47 47 47 38 38 38 40 40 43 43 43 33 33 47 47 38 38 40 40 40 43 43 43 69 47 47 72 72 75 75 75 78 78 78 69 69 83 83 83 72 75 75 75 78 78 78 69 69 83 83 72 72 75 75 75 78 78 78 104 104 83 83 119 110 110 110 113 113 113 104 104 104 119 119 119 110 110 110 113 113 127 127 127 104 119 119 119 110 110 110 113 113 113 127 127 141 141 119 0 0 3 3 3 6 127 127 141 141 141 0 
  Facilities: 19
 0 : 0 1 11 12 13 23 132 133 143
 3 : 2 3 4 14 15 16 134 135 136
 6 : 5 6 7 17 18 19 137
 33 : 20 21 22 32 33 45 46
 38 : 25 26 37 38 39 49 50
 40 : 27 28 29 40 41 51 52 53
 43 : 30 31 42 43 44 54 55 56
 47 : 24 34 35 36 47 48 58 59
 69 : 57 68 69 80 81
 72 : 60 61 73 84 85
 75 : 62 63 64 74 75 76 86 87 88
 78 : 65 66 67 77 78 79 89 90 91
 83 : 70 71 72 82 83 94 95
 104 : 92 93 103 104 105 117
 110 : 97 98 99 109 110 111 121 122 123
 113 : 100 101 102 112 113 124 125 126
 119 : 96 106 107 108 118 119 120 131
 127 : 114 115 116 127 128 138 139
 141 : 8 9 10 129 130 140 141 142
SOLUTION:
  Value: -57214.000000
  Assigns: 0 0 3 3 3 6 6 6 9 20 9 0 0 0 3 3 3 6 6 6 9 20 9 0 47 26 26 26 41 41 41 20 20 20 47 47 47 26 50 50 41 41 41 56 56 56 47 47 47 50 50 50 41 41 41 56 56 56 47 47 83 50 50 50 77 77 77 56 56 80 83 83 83 74 74 74 77 77 77 80 80 80 83 83 83 74 74 74 77 77 77 80 80 80 83 83 109 109 109 112 112 112 103 103 103 118 118 118 109 109 109 112 112 112 127 127 103 118 118 118 109 109 109 112 112 112 127 127 127 118 118 118 0 0 3 3 3 6 127 127 9 9 9 0 
  Facilities: 19
 0 : 0 1 11 12 13 23 132 133 143
 3 : 2 3 4 14 15 16 134 135 136
 6 : 5 6 7 17 18 19 137
 9 : 8 10 20 22 140 141 142
 20 : 9 21 31 32 33
 26 : 25 26 27 37
 41 : 28 29 30 40 41 42 52 53 54
 47 : 24 34 35 36 46 47 48 58 59
 50 : 38 39 49 50 51 61 62 63
 56 : 43 44 45 55 56 57 67 68
 74 : 73 74 75 85 86 87
 77 : 64 65 66 76 77 78 88 89 90
 80 : 69 79 80 81 91 92 93
 83 : 60 70 71 72 82 83 84 94 95
 103 : 102 103 104 116
 109 : 96 97 98 108 109 110 120 121 122
 112 : 99 100 101 111 112 113 123 124 125
 118 : 105 106 107 117 118 119 129 130 131
 127 : 114 115 126 127 128 138 139
SOLUTION:
  Value: -57215.000000
  Assigns: 0 0 3 3 3 6 6 6 9 9 9 0 0 0 25 3 3 6 6 6 9 9 9 0 25 25 25 40 40 40 43 43 43 45 47 47 47 50 50 50 40 40 43 43 45 45 45 47 47 50 50 40 40 40 43 43 43 45 47 47 83 50 50 50 77 77 77 80 80 80 83 83 83 86 86 86 77 77 77 80 80 80 83 83 83 86 86 86 77 77 77 80 80 80 83 83 108 86 86 86 113 114 113 114 117 117 117 108 108 122 122 122 113 113 113 114 117 117 117 108 108 108 122 122 113 114 113 114 117 117 117 108 0 122 122 3 3 6 6 6 9 9 9 0 
  Facilities: 19
 0 : 0 1 11 12 13 23 132 143
 3 : 2 3 4 15 16 135 136
 6 : 5 6 7 17 18 19 137 138 139
 9 : 8 9 10 20 21 22 140 141 142
 25 : 14 24 25 26
 40 : 27 28 29 40 41 51 52 53
 43 : 30 31 32 42 43 54 55 56
 45 : 33 44 45 46 57
 47 : 34 35 36 47 48 58 59
 50 : 37 38 39 49 50 61 62 63
 77 : 64 65 66 76 77 78 88 89 90
 80 : 67 68 69 79 80 81 91 92 93
 83 : 60 70 71 72 82 83 84 94 95
 86 : 73 74 75 85 86 87 97 98 99
 108 : 96 107 108 119 120 121 131
 113 : 100 102 112 113 114 124 126
 114 : 101 103 115 125 127
 117 : 104 105 106 116 117 118 128 129 130
 122 : 109 110 111 122 123 133 134
SOLUTION:
  Value: -57216.000000
  Assigns: 0 0 3 3 3 6 6 6 9 9 9 0 0 0 25 3 3 6 6 6 9 9 9 0 25 25 25 40 40 40 43 43 43 46 46 46 25 49 49 40 40 40 43 43 43 46 46 46 49 49 49 40 40 40 43 43 43 46 46 46 83 49 49 74 77 77 77 80 80 80 83 83 83 74 74 74 77 77 77 80 80 80 83 83 83 74 74 74 77 77 77 80 80 80 83 83 109 109 109 112 112 113 113 115 117 117 118 118 109 109 109 112 113 113 113 115 115 117 118 118 109 109 109 112 113 113 113 115 117 117 117 118 0 0 3 3 3 6 6 6 9 9 9 0 
  Facilities: 19
 0 : 0 1 11 12 13 23 132 133 143
 3 : 2 3 4 15 16 134 135 136
 6 : 5 6 7 17 18 19 137 138 139
 9 : 8 9 10 20 21 22 140 141 142
 25 : 14 24 25 26 36
 40 : 27 28 29 39 40 41 51 52 53
 43 : 30 31 32 42 43 44 54 55 56
 46 : 33 34 35 45 46 47 57 58 59
 49 : 37 38 48 49 50 61 62
 74 : 63 73 74 75 85 86 87
 77 : 64 65 66 76 77 78 88 89 90
 80 : 67 68 69 79 80 81 91 92 93
 83 : 60 70 71 72 82 83 84 94 95
 109 : 96 97 98 108 109 110 120 121 122
 112 : 99 100 111 123
 113 : 101 102 112 113 114 124 125 126
 115 : 103 115 116 127
 117 : 104 105 117 128 129 130
 118 : 106 107 118 119 131
SOLUTION:
  Value: -57218.000000
  Assigns: 0 0 3 3 3 6 6 6 141 141 141 0 0 0 3 3 3 6 6 6 33 33 33 0 47 26 26 26 41 41 41 44 33 33 47 47 47 26 50 50 41 41 41 44 44 33 33 47 47 50 50 50 41 41 41 44 44 44 47 47 83 50 50 50 77 77 77 80 80 80 83 83 83 86 86 86 77 77 77 80 80 80 83 83 83 86 86 86 77 77 77 80 80 80 83 83 109 86 109 86 113 113 113 116 116 116 118 118 109 122 122 122 113 113 113 116 116 118 118 118 109 109 109 122 113 113 113 116 116 116 141 118 0 122 122 3 3 6 6 6 141 141 141 0 
  Facilities: 19
 0 : 0 1 11 12 13 23 132 143
 3 : 2 3 4 14 15 16 135 136
 6 : 5 6 7 17 18 19 137 138 139
 26 : 25 26 27 37
 33 : 20 21 22 32 33 45 46
 41 : 28 29 30 40 41 42 52 53 54
 44 : 31 43 44 55 56 57
 47 : 24 34 35 36 47 48 58 59
 50 : 38 39 49 50 51 61 62 63
 77 : 64 65 66 76 77 78 88 89 90
 80 : 67 68 69 79 80 81 91 92 93
 83 : 60 70 71 72 82 83 84 94 95
 86 : 73 74 75 85 86 87 97 99
 109 : 96 98 108 120 121 122
 113 : 100 101 102 112 113 114 124 125 126
 116 : 103 104 105 115 116 127 128 129
 118 : 106 107 117 118 119 131
 122 : 109 110 111 123 133 134
 141 : 8 9 10 130 140 141 142
SOLUTION:
  Value: -57219.000000
  Assigns: 132 132 3 3 3 6 6 6 141 141 141 132 35 26 3 3 3 6 6 6 32 32 35 35 35 26 26 26 41 41 41 32 32 32 47 35 47 26 50 50 41 41 41 32 32 32 35 47 47 50 50 50 41 41 41 68 68 68 47 47 83 50 50 50 77 77 77 68 68 68 83 83 83 86 86 86 77 77 77 68 68 68 83 83 107 86 86 86 77 77 77 104 104 104 83 107 107 86 86 86 113 113 113 104 104 104 107 107 107 122 122 122 113 113 127 127 127 104 107 107 132 132 122 122 113 113 113 127 127 141 141 132 132 122 122 3 3 6 127 127 141 141 141 132 
  Facilities: 19
 3 : 2 3 4 14 15 16 135 136
 6 : 5 6 7 17 18 19 137
 26 : 13 25 26 27 37
 32 : 20 21 31 32 33 43 44 45
 35 : 12 22 23 24 35 46
 41 : 28 29 30 40 41 42 52 53 54
 47 : 34 36 47 48 58 59
 50 : 38 39 49 50 51 61 62 63
 68 : 55 56 57 67 68 69 79 80 81
 77 : 64 65 66 76 77 78 88 89 90
 83 : 60 70 71 72 82 83 94
 86 : 73 74 75 85 86 87 97 98 99
 104 : 91 92 93 103 104 105 117
 107 : 84 95 96 106 107 108 118 119
 113 : 100 101 102 112 113 124 125 126
 122 : 109 110 111 122 123 133 134
 127 : 114 115 116 127 128 138 139
 132 : 0 1 11 120 121 131 132 143
 141 : 8 9 10 129 130 140 141 142
SOLUTION:
  Value: -57221.000000
  Assigns: 0 132 3 3 3 6 6 6 9 9 9 0 0 0 3 3 3 6 6 6 9 9 9 0 37 37 37 40 40 40 43 43 43 46 46 46 37 37 37 40 40 40 43 43 43 46 46 46 37 37 37 40 40 40 43 43 43 46 46 46 72 72 75 75 75 78 78 78 81 81 81 72 72 72 75 75 75 78 78 78 81 81 81 72 107 72 75 75 75 78 78 78 104 104 107 107 107 110 110 110 113 113 113 104 117 117 107 107 107 110 110 110 113 113 127 127 127 104 117 107 132 132 110 110 113 113 113 127 117 117 117 132 132 0 3 3 3 6 127 127 9 9 9 132 
  Facilities: 19
 0 : 0 11 12 13 23 133
 3 : 2 3 4 14 15 16 134 135 136
 6 : 5 6 7 17 18 19 137
 9 : 8 9 10 20 21 22 140 141 142
 37 : 24 25 26 36 37 38 48 49 50
 40 : 27 28 29 39 40 41 51 52 53
 43 : 30 31 32 42 43 44 54 55 56
 46 : 33 34 35 45 46 47 57 58 59
 72 : 60 61 71 72 73 83 85
 75 : 62 63 64 74 75 76 86 87 88
 78 : 65 66 67 77 78 79 89 90 91
 81 : 68 69 70 80 81 82
 104 : 92 93 103 117
 107 : 84 94 95 96 106 107 108 119
 110 : 97 98 99 109 110 111 122 123
 113 : 100 101 102 112 113 124 125 126
 117 : 104 105 118 128 129 130
 127 : 114 115 116 127 138 139
 132 : 1 120 121 131 132 143
