# Time: 1240.619995
# Elapsed: 263.921051
# Input_file: pmedian/pmed/pmed34.txt
# Pool_size: 1000
# Iterations: 140
# Final_solutions: 139700
# Vision_range: 0
# Reduction_mode: REDUCTION_BESTS
SOLUTION:
  Value: -3063.000000
  Assigns: 0 1 267 412 529 5 82 610 351 82 57 199 352 133 491 15 17 17 670 461 20 20 572 160 461 660 26 86 597 20 556 170 201 201 267 87 651 37 242 39 40 150 266 350 170 199 133 301 330 107 452 51 266 242 54 55 56 57 26 400 566 170 86 86 86 351 351 561 670 610 71 71 107 685 452 339 76 171 133 201 80 651 82 660 172 651 86 87 150 517 495 411 632 54 491 515 96 96 138 562 387 101 515 57 86 243 301 107 472 170 87 621 572 472 506 87 670 338 118 119 515 534 86 54 124 489 150 147 267 529 130 267 133 133 452 477 534 160 138 139 140 248 406 201 201 107 597 147 147 149 150 339 412 577 54 248 610 680 519 159 160 86 566 566 489 165 166 588 495 529 170 171 172 510 572 477 588 20 625 179 671 133 179 352 118 651 86 140 339 516 577 611 101 562 55 195 86 197 267 199 199 201 392 392 507 87 150 534 150 387 467 477 452 339 300 101 477 621 404 133 562 119 477 506 606 660 130 149 517 179 201 248 651 651 506 235 235 237 238 86 452 489 242 243 352 245 270 248 248 489 245 411 339 404 0 685 300 160 606 353 293 266 262 242 610 265 266 267 201 477 270 245 150 273 273 273 671 86 86 353 300 390 282 685 357 245 133 397 597 119 179 517 170 293 172 529 166 566 477 491 300 301 472 96 82 467 477 506 507 238 392 412 412 387 397 133 518 265 318 17 54 139 515 323 133 138 159 406 301 329 330 140 530 671 334 335 273 337 338 339 96 17 566 86 248 534 301 15 506 467 350 351 352 353 566 301 621 357 133 392 461 381 362 651 57 107 243 671 507 56 267 179 372 107 147 86 513 404 515 390 477 381 506 54 529 26 159 387 411 334 390 392 392 265 572 101 409 397 172 17 400 517 118 40 404 566 406 282 197 409 171 411 412 159 54 350 452 179 138 621 133 406 406 452 270 515 473 477 80 107 680 301 107 166 651 293 293 270 671 561 171 461 248 685 282 477 149 515 448 26 199 515 452 452 392 455 96 517 458 201 350 461 462 387 495 352 96 467 150 519 357 495 472 473 597 475 150 477 404 404 597 149 54 179 267 82 87 118 515 489 86 491 57 20 561 495 495 392 381 352 171 96 404 561 517 506 506 507 458 101 510 350 160 513 515 515 516 517 518 519 350 506 516 82 510 201 566 611 293 529 530 330 273 39 534 80 515 621 150 610 107 400 87 197 515 670 671 301 625 404 387 606 338 17 517 138 556 506 150 651 561 561 562 562 564 477 566 293 160 562 562 534 572 195 282 564 334 577 489 138 477 671 133 301 293 330 489 412 588 409 87 267 334 671 265 265 26 597 267 467 150 245 130 529 107 107 606 606 489 201 610 611 467 458 201 118 201 20 651 577 160 621 621 160 282 625 165 245 150 293 96 632 632 273 610 179 562 334 392 138 339 150 138 529 515 491 651 534 562 649 118 651 301 530 82 96 54 517 301 133 660 39 82 82 86 300 680 572 387 409 670 671 87 20 133 96 351 82 671 273 680 409 489 242 404 685 671 472 133 270 248 472 495 670 397 265 491 651 267 699 
  Facilities: 140
 0 : 0 254
 1 : 1
 5 : 5
 15 : 15 347
 17 : 16 17 319 341 399 553
 20 : 20 21 29 177 493 617 673
 26 : 26 58 385 449 596
 37 : 37
 39 : 39 533 661
 40 : 40 403
 51 : 51
 54 : 54 93 123 154 320 383 414 482 656
 55 : 55 194
 56 : 56 369
 57 : 10 57 103 364 492
 71 : 70 71
 76 : 76
 80 : 80 428 535
 82 : 6 9 82 304 485 523 654 662 663 677
 86 : 27 62 63 64 86 104 122 161 186 196 239 277 278 343 375 490 664
 87 : 35 87 110 115 205 486 542 590 672
 96 : 96 97 303 340 456 466 501 630 655 675
 101 : 101 192 215 395 509
 107 : 49 72 107 145 365 373 429 432 540 604 605
 118 : 118 184 402 487 615 650
 119 : 119 221 289
 124 : 124
 130 : 130 226 602
 133 : 13 46 78 132 133 181 219 286 315 324 358 420 582 659 674 688
 138 : 98 138 325 418 555 579 639 642
 139 : 139 321
 140 : 140 187 331
 147 : 127 147 148 374
 149 : 149 227 446 481
 150 : 41 88 126 150 206 208 272 468 476 538 558 600 628 641
 159 : 159 326 386 413
 160 : 23 137 160 257 512 568 620 623
 165 : 165 626
 166 : 166 296 433
 170 : 31 44 61 109 170 292
 171 : 77 171 410 440 500
 172 : 84 172 294 398
 179 : 179 182 229 290 371 417 483 635
 195 : 195 573
 197 : 197 408 543
 199 : 11 45 199 200 450
 201 : 32 33 79 143 144 201 230 268 459 525 609 614 616
 235 : 235 236
 237 : 237
 238 : 238 309
 242 : 38 53 242 263 683
 243 : 105 243 366
 245 : 245 250 271 285 601 627
 248 : 141 155 231 247 248 344 442 690
 262 : 262
 265 : 265 317 393 594 595 695
 266 : 42 52 261 266
 267 : 2 34 128 131 198 267 370 484 591 598 698
 270 : 246 270 424 437 689
 273 : 273 274 275 336 532 633 679
 282 : 282 407 444 574 624
 293 : 260 293 435 436 528 567 584 629
 300 : 214 256 280 300 665
 301 : 47 106 301 328 346 355 431 547 583 652 658
 318 : 318
 323 : 323
 329 : 329
 330 : 48 330 531 585
 334 : 334 389 576 592 637
 335 : 335
 337 : 337
 338 : 117 338 552
 339 : 75 151 188 213 252 339 640
 350 : 43 350 415 460 511 520
 351 : 8 65 66 351 676
 352 : 12 183 244 352 465 499
 353 : 259 279 353
 357 : 284 357 470
 362 : 362
 372 : 372
 381 : 361 381 498
 387 : 100 209 313 387 463 550 668
 390 : 281 379 390
 392 : 202 203 310 359 391 392 454 497 638
 397 : 287 314 397 694
 400 : 59 400 541
 404 : 218 253 377 404 478 479 502 549 684
 406 : 142 327 406 421 422
 409 : 396 409 589 669 681
 411 : 91 251 388 411
 412 : 3 152 311 312 412 587
 448 : 448
 452 : 50 74 134 212 240 416 423 452 453
 455 : 455
 458 : 458 508 613
 461 : 19 24 360 441 461
 462 : 462
 467 : 210 305 349 467 599 612
 472 : 108 113 302 472 687 691
 473 : 426 473
 475 : 475
 477 : 135 175 211 216 222 269 298 306 380 427 445 477 565 580
 489 : 125 164 241 249 489 578 586 608 682
 491 : 14 94 299 491 645 696
 495 : 90 168 464 471 495 496 692
 506 : 114 223 234 307 348 382 505 506 521 557
 507 : 204 308 368 507
 510 : 173 510 524
 513 : 376 513
 515 : 95 102 120 322 378 425 447 451 488 514 515 536 544 644
 516 : 189 516 522
 517 : 89 228 291 401 457 504 517 554 657
 518 : 316 518
 519 : 158 469 519
 529 : 4 129 169 295 384 529 603 643
 530 : 332 530 653
 534 : 121 136 207 345 534 571 647
 556 : 30 556
 561 : 67 439 494 503 560 561
 562 : 99 193 220 562 563 569 570 636 648
 564 : 564 575
 566 : 60 162 163 297 342 354 405 526 566
 572 : 22 112 174 394 572 667
 577 : 153 190 577 619
 588 : 167 176 588
 597 : 28 146 288 474 480 597
 606 : 224 258 551 606 607
 610 : 7 69 156 264 539 610 634
 611 : 191 527 611
 621 : 111 217 356 419 537 621 622
 625 : 178 548 625
 632 : 92 631 632
 649 : 649
 651 : 36 81 85 185 232 233 363 434 559 618 646 651 697
 660 : 25 83 225 660
 670 : 18 68 116 545 670 693
 671 : 180 276 333 367 438 546 581 593 671 678 686
 680 : 157 430 666 680
 685 : 73 255 283 443 685
 699 : 699
SOLUTION:
  Value: -3063.000000
  Assigns: 0 1 267 412 529 5 82 610 351 82 57 199 352 133 491 347 17 17 670 461 20 20 572 160 461 660 26 86 597 20 556 170 201 201 267 87 651 37 242 39 40 150 266 350 170 199 133 301 330 107 452 51 266 242 54 55 56 57 26 400 566 170 86 63 63 351 351 561 670 610 70 70 107 685 452 339 76 171 133 201 80 651 82 660 172 651 86 87 150 517 495 411 632 54 491 515 96 96 138 562 387 101 515 57 86 267 301 107 472 170 87 621 572 472 506 87 670 338 118 119 515 534 86 54 124 489 150 147 267 529 130 267 133 133 452 477 534 160 138 139 140 248 406 201 201 107 597 147 147 149 150 339 412 577 54 248 610 680 519 159 160 63 566 566 489 626 166 588 495 529 170 171 172 510 572 477 588 20 625 179 671 133 179 352 118 651 86 140 339 516 577 611 101 562 55 195 86 197 267 199 199 201 392 392 507 87 150 534 150 387 467 477 452 339 300 101 477 621 404 133 562 119 477 506 606 660 130 149 517 179 201 248 651 651 506 235 235 237 309 86 452 489 242 242 352 245 270 248 248 489 245 411 339 404 0 685 300 160 606 353 293 266 262 242 610 265 266 267 201 477 270 245 150 273 273 273 671 86 86 353 300 390 282 685 357 245 133 397 597 119 179 517 170 293 172 529 166 566 477 491 300 301 472 96 82 467 477 506 507 309 392 412 412 387 397 133 518 265 318 17 54 139 515 323 133 138 159 406 301 329 330 140 530 671 334 335 273 337 338 339 96 17 566 86 248 534 301 347 506 467 350 351 352 353 566 301 621 357 133 392 461 381 362 651 57 107 670 671 507 56 267 179 372 107 147 86 513 404 515 390 477 381 506 54 529 26 159 387 411 334 390 392 392 265 572 101 409 397 172 17 400 517 118 40 404 566 406 282 197 409 171 411 412 159 54 350 452 179 138 621 133 406 406 452 270 515 426 477 80 107 680 301 107 166 651 293 293 270 671 561 171 461 248 685 282 477 149 515 448 26 199 515 452 452 392 455 96 517 458 201 350 461 462 387 495 352 96 467 150 519 357 495 472 426 597 475 150 477 404 404 597 149 54 179 267 82 87 118 515 489 86 491 57 20 561 495 495 392 381 352 171 96 404 561 517 506 506 507 458 101 510 350 160 513 515 515 516 517 518 519 350 506 516 82 510 201 566 611 293 529 530 330 273 39 534 80 515 621 150 610 107 400 87 197 515 670 671 301 625 404 387 606 338 17 517 138 556 506 150 651 561 561 562 562 564 477 566 293 160 562 562 534 572 195 282 564 334 577 489 138 477 671 133 301 293 330 489 412 588 409 87 267 334 671 265 265 26 597 267 467 150 245 130 529 107 107 606 606 489 201 610 611 467 458 201 118 201 20 651 577 160 621 621 160 282 625 626 245 150 293 96 632 632 273 610 179 562 334 392 138 339 150 138 529 515 491 651 534 562 649 118 651 301 530 82 96 54 517 301 133 660 39 82 82 86 300 680 572 387 409 670 671 87 20 133 96 351 82 671 273 680 409 489 242 404 685 671 472 133 270 248 472 495 670 397 265 491 651 267 699 
  Facilities: 140
 0 : 0 254
 1 : 1
 5 : 5
 17 : 16 17 319 341 399 553
 20 : 20 21 29 177 493 617 673
 26 : 26 58 385 449 596
 37 : 37
 39 : 39 533 661
 40 : 40 403
 51 : 51
 54 : 54 93 123 154 320 383 414 482 656
 55 : 55 194
 56 : 56 369
 57 : 10 57 103 364 492
 63 : 63 64 161
 70 : 70 71
 76 : 76
 80 : 80 428 535
 82 : 6 9 82 304 485 523 654 662 663 677
 86 : 27 62 86 104 122 186 196 239 277 278 343 375 490 664
 87 : 35 87 110 115 205 486 542 590 672
 96 : 96 97 303 340 456 466 501 630 655 675
 101 : 101 192 215 395 509
 107 : 49 72 107 145 365 373 429 432 540 604 605
 118 : 118 184 402 487 615 650
 119 : 119 221 289
 124 : 124
 130 : 130 226 602
 133 : 13 46 78 132 133 181 219 286 315 324 358 420 582 659 674 688
 138 : 98 138 325 418 555 579 639 642
 139 : 139 321
 140 : 140 187 331
 147 : 127 147 148 374
 149 : 149 227 446 481
 150 : 41 88 126 150 206 208 272 468 476 538 558 600 628 641
 159 : 159 326 386 413
 160 : 23 137 160 257 512 568 620 623
 166 : 166 296 433
 170 : 31 44 61 109 170 292
 171 : 77 171 410 440 500
 172 : 84 172 294 398
 179 : 179 182 229 290 371 417 483 635
 195 : 195 573
 197 : 197 408 543
 199 : 11 45 199 200 450
 201 : 32 33 79 143 144 201 230 268 459 525 609 614 616
 235 : 235 236
 237 : 237
 242 : 38 53 242 243 263 683
 245 : 245 250 271 285 601 627
 248 : 141 155 231 247 248 344 442 690
 262 : 262
 265 : 265 317 393 594 595 695
 266 : 42 52 261 266
 267 : 2 34 105 128 131 198 267 370 484 591 598 698
 270 : 246 270 424 437 689
 273 : 273 274 275 336 532 633 679
 282 : 282 407 444 574 624
 293 : 260 293 435 436 528 567 584 629
 300 : 214 256 280 300 665
 301 : 47 106 301 328 346 355 431 547 583 652 658
 309 : 238 309
 318 : 318
 323 : 323
 329 : 329
 330 : 48 330 531 585
 334 : 334 389 576 592 637
 335 : 335
 337 : 337
 338 : 117 338 552
 339 : 75 151 188 213 252 339 640
 347 : 15 347
 350 : 43 350 415 460 511 520
 351 : 8 65 66 351 676
 352 : 12 183 244 352 465 499
 353 : 259 279 353
 357 : 284 357 470
 362 : 362
 372 : 372
 381 : 361 381 498
 387 : 100 209 313 387 463 550 668
 390 : 281 379 390
 392 : 202 203 310 359 391 392 454 497 638
 397 : 287 314 397 694
 400 : 59 400 541
 404 : 218 253 377 404 478 479 502 549 684
 406 : 142 327 406 421 422
 409 : 396 409 589 669 681
 411 : 91 251 388 411
 412 : 3 152 311 312 412 587
 426 : 426 473
 448 : 448
 452 : 50 74 134 212 240 416 423 452 453
 455 : 455
 458 : 458 508 613
 461 : 19 24 360 441 461
 462 : 462
 467 : 210 305 349 467 599 612
 472 : 108 113 302 472 687 691
 475 : 475
 477 : 135 175 211 216 222 269 298 306 380 427 445 477 565 580
 489 : 125 164 241 249 489 578 586 608 682
 491 : 14 94 299 491 645 696
 495 : 90 168 464 471 495 496 692
 506 : 114 223 234 307 348 382 505 506 521 557
 507 : 204 308 368 507
 510 : 173 510 524
 513 : 376 513
 515 : 95 102 120 322 378 425 447 451 488 514 515 536 544 644
 516 : 189 516 522
 517 : 89 228 291 401 457 504 517 554 657
 518 : 316 518
 519 : 158 469 519
 529 : 4 129 169 295 384 529 603 643
 530 : 332 530 653
 534 : 121 136 207 345 534 571 647
 556 : 30 556
 561 : 67 439 494 503 560 561
 562 : 99 193 220 562 563 569 570 636 648
 564 : 564 575
 566 : 60 162 163 297 342 354 405 526 566
 572 : 22 112 174 394 572 667
 577 : 153 190 577 619
 588 : 167 176 588
 597 : 28 146 288 474 480 597
 606 : 224 258 551 606 607
 610 : 7 69 156 264 539 610 634
 611 : 191 527 611
 621 : 111 217 356 419 537 621 622
 625 : 178 548 625
 626 : 165 626
 632 : 92 631 632
 649 : 649
 651 : 36 81 85 185 232 233 363 434 559 618 646 651 697
 660 : 25 83 225 660
 670 : 18 68 116 366 545 670 693
 671 : 180 276 333 367 438 546 581 593 671 678 686
 680 : 157 430 666 680
 685 : 73 255 283 443 685
 699 : 699
SOLUTION:
  Value: -3063.000000
  Assigns: 0 1 267 412 529 5 82 610 351 82 57 199 352 133 491 347 17 17 670 461 20 20 572 160 461 660 26 86 597 20 556 170 201 201 267 87 651 37 242 39 403 150 266 350 170 199 133 301 330 107 452 51 266 242 54 55 56 57 26 59 566 170 86 63 63 351 351 561 670 610 70 70 107 685 452 339 76 171 133 201 80 651 82 660 84 651 86 87 150 517 495 411 632 54 491 515 96 96 138 562 387 101 515 57 86 267 301 107 472 170 87 621 572 472 506 87 670 338 118 119 515 534 86 54 124 489 150 147 267 529 130 267 133 133 452 477 534 160 138 139 140 248 406 201 201 107 597 147 147 149 150 339 412 577 54 248 610 680 519 159 160 63 566 566 489 626 166 588 495 529 170 171 84 510 572 477 588 20 625 179 671 133 179 352 118 651 86 140 339 516 577 611 101 562 55 573 86 197 267 199 199 201 392 392 507 87 150 534 150 387 467 477 452 339 300 101 477 621 404 133 562 119 477 506 606 660 130 149 517 179 201 248 651 651 506 235 235 237 238 86 452 489 242 242 352 245 270 248 248 489 245 411 339 404 0 685 300 160 606 353 293 266 262 242 610 265 266 267 201 477 270 245 150 273 273 273 671 86 86 353 300 390 282 685 357 245 133 397 597 119 179 517 170 293 84 529 166 59 477 491 300 301 472 96 82 467 477 506 507 238 392 412 412 387 397 133 518 265 318 17 54 139 515 323 133 138 159 406 301 329 330 140 530 671 334 335 273 337 338 339 96 17 566 86 248 534 301 347 506 467 350 351 352 353 566 301 621 357 133 392 461 381 362 651 57 107 670 671 507 56 267 179 372 107 147 86 513 404 515 390 477 381 506 54 529 26 159 387 411 334 390 392 392 265 572 101 409 397 84 17 59 517 118 403 404 566 406 282 197 409 171 411 412 159 54 350 452 179 138 621 133 406 406 452 270 515 426 477 80 107 680 301 107 166 651 293 293 270 671 561 171 461 248 685 282 477 149 515 448 26 199 515 452 452 392 455 96 517 458 201 350 461 462 387 495 352 96 467 150 519 357 495 472 426 597 475 150 477 404 404 597 149 54 179 267 82 87 118 515 489 86 491 57 20 561 495 495 392 381 352 171 96 404 561 517 506 506 507 458 101 510 350 160 513 515 515 516 517 518 519 350 506 516 82 510 201 566 611 293 529 530 330 273 39 534 80 515 621 150 610 107 59 87 197 515 670 671 301 625 404 387 606 338 17 517 138 556 506 150 651 561 561 562 562 564 477 566 293 160 562 562 534 572 573 282 564 334 577 489 138 477 671 133 301 293 330 489 412 588 409 87 267 334 671 265 265 26 597 267 467 150 245 130 529 107 107 606 606 489 201 610 611 467 458 201 118 201 20 651 577 160 621 621 160 282 625 626 245 150 293 96 632 632 273 610 179 562 334 392 138 339 150 138 529 515 491 651 534 562 649 118 651 301 530 82 96 54 517 301 133 660 39 82 82 86 300 680 572 387 409 670 671 87 20 133 96 351 82 671 273 680 409 489 242 404 685 671 472 133 270 248 472 495 670 397 265 491 651 267 699 
  Facilities: 140
 0 : 0 254
 1 : 1
 5 : 5
 17 : 16 17 319 341 399 553
 20 : 20 21 29 177 493 617 673
 26 : 26 58 385 449 596
 37 : 37
 39 : 39 533 661
 51 : 51
 54 : 54 93 123 154 320 383 414 482 656
 55 : 55 194
 56 : 56 369
 57 : 10 57 103 364 492
 59 : 59 297 400 541
 63 : 63 64 161
 70 : 70 71
 76 : 76
 80 : 80 428 535
 82 : 6 9 82 304 485 523 654 662 663 677
 84 : 84 172 294 398
 86 : 27 62 86 104 122 186 196 239 277 278 343 375 490 664
 87 : 35 87 110 115 205 486 542 590 672
 96 : 96 97 303 340 456 466 501 630 655 675
 101 : 101 192 215 395 509
 107 : 49 72 107 145 365 373 429 432 540 604 605
 118 : 118 184 402 487 615 650
 119 : 119 221 289
 124 : 124
 130 : 130 226 602
 133 : 13 46 78 132 133 181 219 286 315 324 358 420 582 659 674 688
 138 : 98 138 325 418 555 579 639 642
 139 : 139 321
 140 : 140 187 331
 147 : 127 147 148 374
 149 : 149 227 446 481
 150 : 41 88 126 150 206 208 272 468 476 538 558 600 628 641
 159 : 159 326 386 413
 160 : 23 137 160 257 512 568 620 623
 166 : 166 296 433
 170 : 31 44 61 109 170 292
 171 : 77 171 410 440 500
 179 : 179 182 229 290 371 417 483 635
 197 : 197 408 543
 199 : 11 45 199 200 450
 201 : 32 33 79 143 144 201 230 268 459 525 609 614 616
 235 : 235 236
 237 : 237
 238 : 238 309
 242 : 38 53 242 243 263 683
 245 : 245 250 271 285 601 627
 248 : 141 155 231 247 248 344 442 690
 262 : 262
 265 : 265 317 393 594 595 695
 266 : 42 52 261 266
 267 : 2 34 105 128 131 198 267 370 484 591 598 698
 270 : 246 270 424 437 689
 273 : 273 274 275 336 532 633 679
 282 : 282 407 444 574 624
 293 : 260 293 435 436 528 567 584 629
 300 : 214 256 280 300 665
 301 : 47 106 301 328 346 355 431 547 583 652 658
 318 : 318
 323 : 323
 329 : 329
 330 : 48 330 531 585
 334 : 334 389 576 592 637
 335 : 335
 337 : 337
 338 : 117 338 552
 339 : 75 151 188 213 252 339 640
 347 : 15 347
 350 : 43 350 415 460 511 520
 351 : 8 65 66 351 676
 352 : 12 183 244 352 465 499
 353 : 259 279 353
 357 : 284 357 470
 362 : 362
 372 : 372
 381 : 361 381 498
 387 : 100 209 313 387 463 550 668
 390 : 281 379 390
 392 : 202 203 310 359 391 392 454 497 638
 397 : 287 314 397 694
 403 : 40 403
 404 : 218 253 377 404 478 479 502 549 684
 406 : 142 327 406 421 422
 409 : 396 409 589 669 681
 411 : 91 251 388 411
 412 : 3 152 311 312 412 587
 426 : 426 473
 448 : 448
 452 : 50 74 134 212 240 416 423 452 453
 455 : 455
 458 : 458 508 613
 461 : 19 24 360 441 461
 462 : 462
 467 : 210 305 349 467 599 612
 472 : 108 113 302 472 687 691
 475 : 475
 477 : 135 175 211 216 222 269 298 306 380 427 445 477 565 580
 489 : 125 164 241 249 489 578 586 608 682
 491 : 14 94 299 491 645 696
 495 : 90 168 464 471 495 496 692
 506 : 114 223 234 307 348 382 505 506 521 557
 507 : 204 308 368 507
 510 : 173 510 524
 513 : 376 513
 515 : 95 102 120 322 378 425 447 451 488 514 515 536 544 644
 516 : 189 516 522
 517 : 89 228 291 401 457 504 517 554 657
 518 : 316 518
 519 : 158 469 519
 529 : 4 129 169 295 384 529 603 643
 530 : 332 530 653
 534 : 121 136 207 345 534 571 647
 556 : 30 556
 561 : 67 439 494 503 560 561
 562 : 99 193 220 562 563 569 570 636 648
 564 : 564 575
 566 : 60 162 163 342 354 405 526 566
 572 : 22 112 174 394 572 667
 573 : 195 573
 577 : 153 190 577 619
 588 : 167 176 588
 597 : 28 146 288 474 480 597
 606 : 224 258 551 606 607
 610 : 7 69 156 264 539 610 634
 611 : 191 527 611
 621 : 111 217 356 419 537 621 622
 625 : 178 548 625
 626 : 165 626
 632 : 92 631 632
 649 : 649
 651 : 36 81 85 185 232 233 363 434 559 618 646 651 697
 660 : 25 83 225 660
 670 : 18 68 116 366 545 670 693
 671 : 180 276 333 367 438 546 581 593 671 678 686
 680 : 157 430 666 680
 685 : 73 255 283 443 685
 699 : 699
SOLUTION:
  Value: -3063.000000
  Assigns: 0 1 267 412 529 5 82 610 351 82 57 199 352 133 491 347 17 17 670 461 20 20 572 160 461 660 26 86 597 20 556 170 201 201 267 87 651 37 242 39 403 150 266 350 170 199 133 301 330 107 452 51 266 242 54 194 56 57 26 59 566 170 86 63 63 351 351 561 670 610 70 70 107 685 452 339 76 171 133 201 80 651 82 660 84 651 86 87 150 517 495 411 632 54 491 515 96 96 138 562 387 101 515 57 86 267 301 107 472 170 87 621 572 472 506 87 670 338 118 119 515 534 86 54 124 489 150 147 267 529 130 267 133 133 452 477 534 160 138 139 140 248 406 201 201 107 597 147 147 149 150 339 412 577 54 248 610 680 519 159 160 63 566 566 489 626 166 588 495 529 170 171 84 510 572 477 588 20 625 179 671 133 179 352 118 651 86 140 339 516 577 611 101 562 194 573 86 197 267 199 199 201 392 392 507 87 150 534 150 387 467 477 452 339 300 101 477 621 404 133 562 119 477 506 606 660 130 149 517 179 201 248 651 651 506 235 235 237 238 86 452 489 242 242 352 245 270 248 248 489 245 411 339 404 0 685 300 160 606 353 293 266 262 242 610 265 266 267 201 477 270 245 150 273 273 273 671 86 86 353 300 390 282 685 357 245 133 397 597 119 179 517 170 293 84 529 166 59 477 491 300 301 472 96 82 467 477 506 507 238 392 412 412 387 397 133 316 265 318 17 54 139 515 323 133 138 159 406 301 329 330 140 530 671 334 335 273 337 338 339 96 17 566 86 248 534 301 347 506 467 350 351 352 353 566 301 621 357 133 392 461 381 362 651 57 107 670 671 507 56 267 179 372 107 147 86 513 404 515 390 477 381 506 54 529 26 159 387 411 334 390 392 392 265 572 101 409 397 84 17 59 517 118 403 404 566 406 282 197 409 171 411 412 159 54 350 452 179 138 621 133 406 406 452 270 515 426 477 80 107 680 301 107 166 651 293 293 270 671 561 171 461 248 685 282 477 149 515 448 26 199 515 452 452 392 455 96 517 458 201 350 461 462 387 495 352 96 467 150 519 357 495 472 426 597 475 150 477 404 404 597 149 54 179 267 82 87 118 515 489 86 491 57 20 561 495 495 392 381 352 171 96 404 561 517 506 506 507 458 101 510 350 160 513 515 515 516 517 316 519 350 506 516 82 510 201 566 611 293 529 530 330 273 39 534 80 515 621 150 610 107 59 87 197 515 670 671 301 625 404 387 606 338 17 517 138 556 506 150 651 561 561 562 562 575 477 566 293 160 562 562 534 572 573 282 575 334 577 489 138 477 671 133 301 293 330 489 412 588 409 87 267 334 671 265 265 26 597 267 467 150 245 130 529 107 107 606 606 489 201 610 611 467 458 201 118 201 20 651 577 160 621 621 160 282 625 626 245 150 293 96 632 632 273 610 179 562 334 392 138 339 150 138 529 515 491 651 534 562 649 118 651 301 530 82 96 54 517 301 133 660 39 82 82 86 300 680 572 387 409 670 671 87 20 133 96 351 82 671 273 680 409 489 242 404 685 671 472 133 270 248 472 495 670 397 265 491 651 267 699 
  Facilities: 140
 0 : 0 254
 1 : 1
 5 : 5
 17 : 16 17 319 341 399 553
 20 : 20 21 29 177 493 617 673
 26 : 26 58 385 449 596
 37 : 37
 39 : 39 533 661
 51 : 51
 54 : 54 93 123 154 320 383 414 482 656
 56 : 56 369
 57 : 10 57 103 364 492
 59 : 59 297 400 541
 63 : 63 64 161
 70 : 70 71
 76 : 76
 80 : 80 428 535
 82 : 6 9 82 304 485 523 654 662 663 677
 84 : 84 172 294 398
 86 : 27 62 86 104 122 186 196 239 277 278 343 375 490 664
 87 : 35 87 110 115 205 486 542 590 672
 96 : 96 97 303 340 456 466 501 630 655 675
 101 : 101 192 215 395 509
 107 : 49 72 107 145 365 373 429 432 540 604 605
 118 : 118 184 402 487 615 650
 119 : 119 221 289
 124 : 124
 130 : 130 226 602
 133 : 13 46 78 132 133 181 219 286 315 324 358 420 582 659 674 688
 138 : 98 138 325 418 555 579 639 642
 139 : 139 321
 140 : 140 187 331
 147 : 127 147 148 374
 149 : 149 227 446 481
 150 : 41 88 126 150 206 208 272 468 476 538 558 600 628 641
 159 : 159 326 386 413
 160 : 23 137 160 257 512 568 620 623
 166 : 166 296 433
 170 : 31 44 61 109 170 292
 171 : 77 171 410 440 500
 179 : 179 182 229 290 371 417 483 635
 194 : 55 194
 197 : 197 408 543
 199 : 11 45 199 200 450
 201 : 32 33 79 143 144 201 230 268 459 525 609 614 616
 235 : 235 236
 237 : 237
 238 : 238 309
 242 : 38 53 242 243 263 683
 245 : 245 250 271 285 601 627
 248 : 141 155 231 247 248 344 442 690
 262 : 262
 265 : 265 317 393 594 595 695
 266 : 42 52 261 266
 267 : 2 34 105 128 131 198 267 370 484 591 598 698
 270 : 246 270 424 437 689
 273 : 273 274 275 336 532 633 679
 282 : 282 407 444 574 624
 293 : 260 293 435 436 528 567 584 629
 300 : 214 256 280 300 665
 301 : 47 106 301 328 346 355 431 547 583 652 658
 316 : 316 518
 318 : 318
 323 : 323
 329 : 329
 330 : 48 330 531 585
 334 : 334 389 576 592 637
 335 : 335
 337 : 337
 338 : 117 338 552
 339 : 75 151 188 213 252 339 640
 347 : 15 347
 350 : 43 350 415 460 511 520
 351 : 8 65 66 351 676
 352 : 12 183 244 352 465 499
 353 : 259 279 353
 357 : 284 357 470
 362 : 362
 372 : 372
 381 : 361 381 498
 387 : 100 209 313 387 463 550 668
 390 : 281 379 390
 392 : 202 203 310 359 391 392 454 497 638
 397 : 287 314 397 694
 403 : 40 403
 404 : 218 253 377 404 478 479 502 549 684
 406 : 142 327 406 421 422
 409 : 396 409 589 669 681
 411 : 91 251 388 411
 412 : 3 152 311 312 412 587
 426 : 426 473
 448 : 448
 452 : 50 74 134 212 240 416 423 452 453
 455 : 455
 458 : 458 508 613
 461 : 19 24 360 441 461
 462 : 462
 467 : 210 305 349 467 599 612
 472 : 108 113 302 472 687 691
 475 : 475
 477 : 135 175 211 216 222 269 298 306 380 427 445 477 565 580
 489 : 125 164 241 249 489 578 586 608 682
 491 : 14 94 299 491 645 696
 495 : 90 168 464 471 495 496 692
 506 : 114 223 234 307 348 382 505 506 521 557
 507 : 204 308 368 507
 510 : 173 510 524
 513 : 376 513
 515 : 95 102 120 322 378 425 447 451 488 514 515 536 544 644
 516 : 189 516 522
 517 : 89 228 291 401 457 504 517 554 657
 519 : 158 469 519
 529 : 4 129 169 295 384 529 603 643
 530 : 332 530 653
 534 : 121 136 207 345 534 571 647
 556 : 30 556
 561 : 67 439 494 503 560 561
 562 : 99 193 220 562 563 569 570 636 648
 566 : 60 162 163 342 354 405 526 566
 572 : 22 112 174 394 572 667
 573 : 195 573
 575 : 564 575
 577 : 153 190 577 619
 588 : 167 176 588
 597 : 28 146 288 474 480 597
 606 : 224 258 551 606 607
 610 : 7 69 156 264 539 610 634
 611 : 191 527 611
 621 : 111 217 356 419 537 621 622
 625 : 178 548 625
 626 : 165 626
 632 : 92 631 632
 649 : 649
 651 : 36 81 85 185 232 233 363 434 559 618 646 651 697
 660 : 25 83 225 660
 670 : 18 68 116 366 545 670 693
 671 : 180 276 333 367 438 546 581 593 671 678 686
 680 : 157 430 666 680
 685 : 73 255 283 443 685
 699 : 699
SOLUTION:
  Value: -3063.000000
  Assigns: 0 1 267 412 529 5 82 610 351 82 57 199 352 133 491 347 17 17 670 461 20 20 572 160 461 660 26 86 597 20 556 170 201 201 267 87 651 37 242 39 40 150 266 350 170 199 133 301 330 107 452 51 266 242 54 194 56 57 26 400 566 170 86 63 63 351 351 561 670 610 70 70 107 685 452 339 76 171 133 201 80 651 82 660 172 651 86 87 150 517 495 411 632 54 491 515 96 96 138 562 387 101 515 57 86 267 301 107 472 170 87 621 572 472 506 87 670 338 118 119 515 534 86 54 124 489 150 147 267 529 130 267 133 133 452 477 534 160 138 139 140 248 406 201 201 107 597 147 147 149 150 339 412 577 54 248 610 680 519 159 160 63 566 566 489 626 166 588 495 529 170 171 172 510 572 477 588 20 625 179 671 133 179 352 118 651 86 140 339 516 577 611 101 562 194 195 86 197 267 199 199 201 392 392 507 87 150 534 150 387 467 477 452 339 300 101 477 621 404 133 562 119 477 506 606 660 130 149 517 179 201 248 651 651 506 235 235 237 309 86 452 489 242 242 352 245 270 248 248 489 245 411 339 404 0 685 300 160 606 353 293 266 262 242 610 265 266 267 201 477 270 245 150 273 273 273 671 86 86 353 300 390 282 685 357 245 133 397 597 119 179 517 170 293 172 529 166 566 477 491 300 301 472 96 82 467 477 506 507 309 392 412 412 387 397 133 316 265 318 17 54 139 515 323 133 138 159 406 301 329 330 140 530 671 334 335 273 337 338 339 96 17 566 86 248 534 301 347 506 467 350 351 352 353 566 301 621 357 133 392 461 381 362 651 57 107 670 671 507 56 267 179 372 107 147 86 513 404 515 390 477 381 506 54 529 26 159 387 411 334 390 392 392 265 572 101 409 397 172 17 400 517 118 40 404 566 406 282 197 409 171 411 412 159 54 350 452 179 138 621 133 406 406 452 270 515 426 477 80 107 680 301 107 166 651 293 293 270 671 561 171 461 248 685 282 477 149 515 448 26 199 515 452 452 392 455 96 517 458 201 350 461 462 387 495 352 96 467 150 519 357 495 472 426 597 475 150 477 404 404 597 149 54 179 267 82 87 118 515 489 86 491 57 20 561 495 495 392 381 352 171 96 404 561 517 506 506 507 458 101 510 350 160 513 515 515 516 517 316 519 350 506 516 82 510 201 566 611 293 529 530 330 273 39 534 80 515 621 150 610 107 400 87 197 515 670 671 301 625 404 387 606 338 17 517 138 556 506 150 651 561 561 562 562 575 477 566 293 160 562 562 534 572 195 282 575 334 577 489 138 477 671 133 301 293 330 489 412 588 409 87 267 334 671 265 265 26 597 267 467 150 245 130 529 107 107 606 606 489 201 610 611 467 458 201 118 201 20 651 577 160 621 621 160 282 625 626 245 150 293 96 632 632 273 610 179 562 334 392 138 339 150 138 529 515 491 651 534 562 649 118 651 301 530 82 96 54 517 301 133 660 39 82 82 86 300 680 572 387 409 670 671 87 20 133 96 351 82 671 273 680 409 489 242 404 685 671 472 133 270 248 472 495 670 397 265 491 651 267 699 
  Facilities: 140
 0 : 0 254
 1 : 1
 5 : 5
 17 : 16 17 319 341 399 553
 20 : 20 21 29 177 493 617 673
 26 : 26 58 385 449 596
 37 : 37
 39 : 39 533 661
 40 : 40 403
 51 : 51
 54 : 54 93 123 154 320 383 414 482 656
 56 : 56 369
 57 : 10 57 103 364 492
 63 : 63 64 161
 70 : 70 71
 76 : 76
 80 : 80 428 535
 82 : 6 9 82 304 485 523 654 662 663 677
 86 : 27 62 86 104 122 186 196 239 277 278 343 375 490 664
 87 : 35 87 110 115 205 486 542 590 672
 96 : 96 97 303 340 456 466 501 630 655 675
 101 : 101 192 215 395 509
 107 : 49 72 107 145 365 373 429 432 540 604 605
 118 : 118 184 402 487 615 650
 119 : 119 221 289
 124 : 124
 130 : 130 226 602
 133 : 13 46 78 132 133 181 219 286 315 324 358 420 582 659 674 688
 138 : 98 138 325 418 555 579 639 642
 139 : 139 321
 140 : 140 187 331
 147 : 127 147 148 374
 149 : 149 227 446 481
 150 : 41 88 126 150 206 208 272 468 476 538 558 600 628 641
 159 : 159 326 386 413
 160 : 23 137 160 257 512 568 620 623
 166 : 166 296 433
 170 : 31 44 61 109 170 292
 171 : 77 171 410 440 500
 172 : 84 172 294 398
 179 : 179 182 229 290 371 417 483 635
 194 : 55 194
 195 : 195 573
 197 : 197 408 543
 199 : 11 45 199 200 450
 201 : 32 33 79 143 144 201 230 268 459 525 609 614 616
 235 : 235 236
 237 : 237
 242 : 38 53 242 243 263 683
 245 : 245 250 271 285 601 627
 248 : 141 155 231 247 248 344 442 690
 262 : 262
 265 : 265 317 393 594 595 695
 266 : 42 52 261 266
 267 : 2 34 105 128 131 198 267 370 484 591 598 698
 270 : 246 270 424 437 689
 273 : 273 274 275 336 532 633 679
 282 : 282 407 444 574 624
 293 : 260 293 435 436 528 567 584 629
 300 : 214 256 280 300 665
 301 : 47 106 301 328 346 355 431 547 583 652 658
 309 : 238 309
 316 : 316 518
 318 : 318
 323 : 323
 329 : 329
 330 : 48 330 531 585
 334 : 334 389 576 592 637
 335 : 335
 337 : 337
 338 : 117 338 552
 339 : 75 151 188 213 252 339 640
 347 : 15 347
 350 : 43 350 415 460 511 520
 351 : 8 65 66 351 676
 352 : 12 183 244 352 465 499
 353 : 259 279 353
 357 : 284 357 470
 362 : 362
 372 : 372
 381 : 361 381 498
 387 : 100 209 313 387 463 550 668
 390 : 281 379 390
 392 : 202 203 310 359 391 392 454 497 638
 397 : 287 314 397 694
 400 : 59 400 541
 404 : 218 253 377 404 478 479 502 549 684
 406 : 142 327 406 421 422
 409 : 396 409 589 669 681
 411 : 91 251 388 411
 412 : 3 152 311 312 412 587
 426 : 426 473
 448 : 448
 452 : 50 74 134 212 240 416 423 452 453
 455 : 455
 458 : 458 508 613
 461 : 19 24 360 441 461
 462 : 462
 467 : 210 305 349 467 599 612
 472 : 108 113 302 472 687 691
 475 : 475
 477 : 135 175 211 216 222 269 298 306 380 427 445 477 565 580
 489 : 125 164 241 249 489 578 586 608 682
 491 : 14 94 299 491 645 696
 495 : 90 168 464 471 495 496 692
 506 : 114 223 234 307 348 382 505 506 521 557
 507 : 204 308 368 507
 510 : 173 510 524
 513 : 376 513
 515 : 95 102 120 322 378 425 447 451 488 514 515 536 544 644
 516 : 189 516 522
 517 : 89 228 291 401 457 504 517 554 657
 519 : 158 469 519
 529 : 4 129 169 295 384 529 603 643
 530 : 332 530 653
 534 : 121 136 207 345 534 571 647
 556 : 30 556
 561 : 67 439 494 503 560 561
 562 : 99 193 220 562 563 569 570 636 648
 566 : 60 162 163 297 342 354 405 526 566
 572 : 22 112 174 394 572 667
 575 : 564 575
 577 : 153 190 577 619
 588 : 167 176 588
 597 : 28 146 288 474 480 597
 606 : 224 258 551 606 607
 610 : 7 69 156 264 539 610 634
 611 : 191 527 611
 621 : 111 217 356 419 537 621 622
 625 : 178 548 625
 626 : 165 626
 632 : 92 631 632
 649 : 649
 651 : 36 81 85 185 232 233 363 434 559 618 646 651 697
 660 : 25 83 225 660
 670 : 18 68 116 366 545 670 693
 671 : 180 276 333 367 438 546 581 593 671 678 686
 680 : 157 430 666 680
 685 : 73 255 283 443 685
 699 : 699
SOLUTION:
  Value: -3063.000000
  Assigns: 0 1 267 412 529 5 82 610 351 82 57 199 352 133 491 347 17 17 670 461 20 20 572 160 461 660 26 86 597 20 556 170 201 201 267 87 651 37 242 39 40 150 266 350 170 199 133 301 330 107 452 51 266 242 54 194 56 57 26 59 566 170 86 86 86 351 351 561 670 610 70 70 107 685 452 339 76 171 133 201 80 651 82 660 84 651 86 87 150 517 495 411 632 54 491 515 96 96 138 562 387 101 515 57 86 267 301 107 472 170 87 621 572 472 506 87 670 338 118 119 515 534 86 54 124 489 150 147 267 529 130 267 133 133 452 477 534 160 138 321 140 248 406 201 201 107 597 147 147 149 150 339 412 577 54 248 610 680 519 159 160 86 566 566 489 626 166 588 495 529 170 171 84 510 572 477 588 20 625 179 671 133 179 352 118 651 86 140 339 516 577 611 101 562 194 195 86 197 267 199 199 201 392 392 507 87 150 534 150 387 467 477 452 339 300 101 477 621 404 133 562 119 477 506 606 660 130 149 517 179 201 248 651 651 506 236 236 237 309 86 452 489 242 242 352 245 270 248 248 489 245 411 339 404 0 685 300 160 606 353 293 266 262 242 610 265 266 267 201 477 270 245 150 273 273 273 671 86 86 353 300 390 282 685 357 245 133 397 597 119 179 517 170 293 84 529 166 59 477 491 300 301 472 96 82 467 477 506 507 309 392 412 412 387 397 133 316 265 318 17 54 321 515 323 133 138 159 406 301 329 330 140 461 671 334 335 273 337 338 339 96 17 566 86 248 534 301 347 506 467 350 351 352 353 566 301 621 357 133 392 461 381 362 651 57 107 670 671 507 56 267 179 372 107 147 86 513 404 515 390 477 381 506 54 529 26 159 387 411 334 390 392 392 265 572 101 409 397 84 17 59 517 118 40 404 566 406 282 197 409 171 411 412 159 54 350 452 179 138 621 133 406 406 452 270 515 426 477 80 107 680 301 107 166 651 293 293 270 671 561 171 461 248 685 282 477 149 515 448 26 199 515 452 452 392 455 96 517 458 201 350 461 462 387 495 352 96 467 150 519 357 495 472 426 597 475 150 477 404 404 597 149 54 179 267 82 87 118 515 489 86 491 57 20 561 495 495 392 381 352 171 96 404 561 517 506 506 507 458 101 510 350 160 513 515 515 516 517 316 519 350 506 516 82 510 201 566 611 293 529 461 330 273 39 534 80 515 621 150 610 107 59 87 197 515 670 671 301 625 404 387 606 338 17 517 138 556 506 150 651 561 561 562 562 564 477 566 293 160 562 562 534 572 195 282 564 334 577 489 138 477 671 133 301 293 330 489 412 588 409 87 267 334 671 265 265 26 597 267 467 150 245 130 529 107 107 606 606 489 201 610 611 467 458 201 118 201 20 651 577 160 621 621 160 282 625 626 245 150 293 96 632 632 273 610 179 562 334 392 138 339 150 138 529 515 491 651 534 562 649 118 651 301 653 82 96 54 517 301 133 660 39 82 82 86 300 680 572 387 409 670 671 87 20 133 96 351 677 671 273 680 409 489 242 404 685 671 472 133 270 248 472 495 670 397 265 491 651 267 699 
  Facilities: 140
 0 : 0 254
 1 : 1
 5 : 5
 17 : 16 17 319 341 399 553
 20 : 20 21 29 177 493 617 673
 26 : 26 58 385 449 596
 37 : 37
 39 : 39 533 661
 40 : 40 403
 51 : 51
 54 : 54 93 123 154 320 383 414 482 656
 56 : 56 369
 57 : 10 57 103 364 492
 59 : 59 297 400 541
 70 : 70 71
 76 : 76
 80 : 80 428 535
 82 : 6 9 82 304 485 523 654 662 663
 84 : 84 172 294 398
 86 : 27 62 63 64 86 104 122 161 186 196 239 277 278 343 375 490 664
 87 : 35 87 110 115 205 486 542 590 672
 96 : 96 97 303 340 456 466 501 630 655 675
 101 : 101 192 215 395 509
 107 : 49 72 107 145 365 373 429 432 540 604 605
 118 : 118 184 402 487 615 650
 119 : 119 221 289
 124 : 124
 130 : 130 226 602
 133 : 13 46 78 132 133 181 219 286 315 324 358 420 582 659 674 688
 138 : 98 138 325 418 555 579 639 642
 140 : 140 187 331
 147 : 127 147 148 374
 149 : 149 227 446 481
 150 : 41 88 126 150 206 208 272 468 476 538 558 600 628 641
 159 : 159 326 386 413
 160 : 23 137 160 257 512 568 620 623
 166 : 166 296 433
 170 : 31 44 61 109 170 292
 171 : 77 171 410 440 500
 179 : 179 182 229 290 371 417 483 635
 194 : 55 194
 195 : 195 573
 197 : 197 408 543
 199 : 11 45 199 200 450
 201 : 32 33 79 143 144 201 230 268 459 525 609 614 616
 236 : 235 236
 237 : 237
 242 : 38 53 242 243 263 683
 245 : 245 250 271 285 601 627
 248 : 141 155 231 247 248 344 442 690
 262 : 262
 265 : 265 317 393 594 595 695
 266 : 42 52 261 266
 267 : 2 34 105 128 131 198 267 370 484 591 598 698
 270 : 246 270 424 437 689
 273 : 273 274 275 336 532 633 679
 282 : 282 407 444 574 624
 293 : 260 293 435 436 528 567 584 629
 300 : 214 256 280 300 665
 301 : 47 106 301 328 346 355 431 547 583 652 658
 309 : 238 309
 316 : 316 518
 318 : 318
 321 : 139 321
 323 : 323
 329 : 329
 330 : 48 330 531 585
 334 : 334 389 576 592 637
 335 : 335
 337 : 337
 338 : 117 338 552
 339 : 75 151 188 213 252 339 640
 347 : 15 347
 350 : 43 350 415 460 511 520
 351 : 8 65 66 351 676
 352 : 12 183 244 352 465 499
 353 : 259 279 353
 357 : 284 357 470
 362 : 362
 372 : 372
 381 : 361 381 498
 387 : 100 209 313 387 463 550 668
 390 : 281 379 390
 392 : 202 203 310 359 391 392 454 497 638
 397 : 287 314 397 694
 404 : 218 253 377 404 478 479 502 549 684
 406 : 142 327 406 421 422
 409 : 396 409 589 669 681
 411 : 91 251 388 411
 412 : 3 152 311 312 412 587
 426 : 426 473
 448 : 448
 452 : 50 74 134 212 240 416 423 452 453
 455 : 455
 458 : 458 508 613
 461 : 19 24 332 360 441 461 530
 462 : 462
 467 : 210 305 349 467 599 612
 472 : 108 113 302 472 687 691
 475 : 475
 477 : 135 175 211 216 222 269 298 306 380 427 445 477 565 580
 489 : 125 164 241 249 489 578 586 608 682
 491 : 14 94 299 491 645 696
 495 : 90 168 464 471 495 496 692
 506 : 114 223 234 307 348 382 505 506 521 557
 507 : 204 308 368 507
 510 : 173 510 524
 513 : 376 513
 515 : 95 102 120 322 378 425 447 451 488 514 515 536 544 644
 516 : 189 516 522
 517 : 89 228 291 401 457 504 517 554 657
 519 : 158 469 519
 529 : 4 129 169 295 384 529 603 643
 534 : 121 136 207 345 534 571 647
 556 : 30 556
 561 : 67 439 494 503 560 561
 562 : 99 193 220 562 563 569 570 636 648
 564 : 564 575
 566 : 60 162 163 342 354 405 526 566
 572 : 22 112 174 394 572 667
 577 : 153 190 577 619
 588 : 167 176 588
 597 : 28 146 288 474 480 597
 606 : 224 258 551 606 607
 610 : 7 69 156 264 539 610 634
 611 : 191 527 611
 621 : 111 217 356 419 537 621 622
 625 : 178 548 625
 626 : 165 626
 632 : 92 631 632
 649 : 649
 651 : 36 81 85 185 232 233 363 434 559 618 646 651 697
 653 : 653
 660 : 25 83 225 660
 670 : 18 68 116 366 545 670 693
 671 : 180 276 333 367 438 546 581 593 671 678 686
 677 : 677
 680 : 157 430 666 680
 685 : 73 255 283 443 685
 699 : 699
SOLUTION:
  Value: -3063.000000
  Assigns: 0 1 267 412 529 5 82 610 351 82 57 199 352 133 491 347 17 17 670 461 20 20 572 160 461 660 26 86 597 20 556 170 201 201 267 87 651 37 242 39 403 150 266 350 170 199 133 301 330 107 452 51 266 242 54 194 56 57 26 400 566 170 86 86 86 351 351 561 670 610 70 70 107 685 452 339 76 171 133 201 80 651 82 660 172 651 86 87 150 517 495 411 632 54 491 515 96 96 138 562 387 101 515 57 86 267 301 107 472 170 87 621 572 472 506 87 670 338 118 119 515 534 86 54 124 489 150 147 267 529 130 267 133 133 452 477 534 160 138 321 140 248 406 201 201 107 597 147 147 149 150 339 412 577 54 248 610 680 519 159 160 86 566 566 489 626 166 588 495 529 170 171 172 510 572 477 588 20 625 179 671 133 179 352 118 651 86 140 339 516 577 611 101 562 194 573 86 197 267 199 199 201 392 392 507 87 150 534 150 387 467 477 452 339 300 101 477 621 404 133 562 119 477 506 606 660 130 149 517 179 201 248 651 651 506 236 236 237 238 86 452 489 242 242 352 245 270 248 248 489 245 411 339 404 0 685 300 160 606 353 293 266 262 242 610 265 266 267 201 477 270 245 150 273 273 273 671 86 86 353 300 390 282 685 357 245 133 397 597 119 179 517 170 293 172 529 166 566 477 491 300 301 472 96 82 467 477 506 507 238 392 412 412 387 397 133 316 265 318 17 54 321 515 323 133 138 159 406 301 329 330 140 461 671 334 335 273 337 338 339 96 17 566 86 248 534 301 347 506 467 350 351 352 353 566 301 621 357 133 392 461 381 362 651 57 107 670 671 507 56 267 179 372 107 147 86 513 404 515 390 477 381 506 54 529 26 159 387 411 334 390 392 392 265 572 101 409 397 172 17 400 517 118 403 404 566 406 282 197 409 171 411 412 159 54 350 452 179 138 621 133 406 406 452 270 515 426 477 80 107 680 301 107 166 651 293 293 270 671 561 171 461 248 685 282 477 149 515 448 26 199 515 452 452 392 455 96 517 458 201 350 461 462 387 495 352 96 467 150 519 357 495 472 426 597 475 150 477 404 404 597 149 54 179 267 82 87 118 515 489 86 491 57 20 561 495 495 392 381 352 171 96 404 561 517 506 506 507 458 101 510 350 160 513 515 515 516 517 316 519 350 506 516 82 510 201 566 611 293 529 461 330 273 39 534 80 515 621 150 610 107 400 87 197 515 670 671 301 625 404 387 606 338 17 517 138 556 506 150 651 561 561 562 562 564 477 566 293 160 562 562 534 572 573 282 564 334 577 489 138 477 671 133 301 293 330 489 412 588 409 87 267 334 671 265 265 26 597 267 467 150 245 130 529 107 107 606 606 489 201 610 611 467 458 201 118 201 20 651 577 160 621 621 160 282 625 626 245 150 293 96 632 632 273 610 179 562 334 392 138 339 150 138 529 515 491 651 534 562 649 118 651 301 653 82 96 54 517 301 133 660 39 82 82 86 300 680 572 387 409 670 671 87 20 133 96 351 677 671 273 680 409 489 242 404 685 671 472 133 270 248 472 495 670 397 265 491 651 267 699 
  Facilities: 140
 0 : 0 254
 1 : 1
 5 : 5
 17 : 16 17 319 341 399 553
 20 : 20 21 29 177 493 617 673
 26 : 26 58 385 449 596
 37 : 37
 39 : 39 533 661
 51 : 51
 54 : 54 93 123 154 320 383 414 482 656
 56 : 56 369
 57 : 10 57 103 364 492
 70 : 70 71
 76 : 76
 80 : 80 428 535
 82 : 6 9 82 304 485 523 654 662 663
 86 : 27 62 63 64 86 104 122 161 186 196 239 277 278 343 375 490 664
 87 : 35 87 110 115 205 486 542 590 672
 96 : 96 97 303 340 456 466 501 630 655 675
 101 : 101 192 215 395 509
 107 : 49 72 107 145 365 373 429 432 540 604 605
 118 : 118 184 402 487 615 650
 119 : 119 221 289
 124 : 124
 130 : 130 226 602
 133 : 13 46 78 132 133 181 219 286 315 324 358 420 582 659 674 688
 138 : 98 138 325 418 555 579 639 642
 140 : 140 187 331
 147 : 127 147 148 374
 149 : 149 227 446 481
 150 : 41 88 126 150 206 208 272 468 476 538 558 600 628 641
 159 : 159 326 386 413
 160 : 23 137 160 257 512 568 620 623
 166 : 166 296 433
 170 : 31 44 61 109 170 292
 171 : 77 171 410 440 500
 172 : 84 172 294 398
 179 : 179 182 229 290 371 417 483 635
 194 : 55 194
 197 : 197 408 543
 199 : 11 45 199 200 450
 201 : 32 33 79 143 144 201 230 268 459 525 609 614 616
 236 : 235 236
 237 : 237
 238 : 238 309
 242 : 38 53 242 243 263 683
 245 : 245 250 271 285 601 627
 248 : 141 155 231 247 248 344 442 690
 262 : 262
 265 : 265 317 393 594 595 695
 266 : 42 52 261 266
 267 : 2 34 105 128 131 198 267 370 484 591 598 698
 270 : 246 270 424 437 689
 273 : 273 274 275 336 532 633 679
 282 : 282 407 444 574 624
 293 : 260 293 435 436 528 567 584 629
 300 : 214 256 280 300 665
 301 : 47 106 301 328 346 355 431 547 583 652 658
 316 : 316 518
 318 : 318
 321 : 139 321
 323 : 323
 329 : 329
 330 : 48 330 531 585
 334 : 334 389 576 592 637
 335 : 335
 337 : 337
 338 : 117 338 552
 339 : 75 151 188 213 252 339 640
 347 : 15 347
 350 : 43 350 415 460 511 520
 351 : 8 65 66 351 676
 352 : 12 183 244 352 465 499
 353 : 259 279 353
 357 : 284 357 470
 362 : 362
 372 : 372
 381 : 361 381 498
 387 : 100 209 313 387 463 550 668
 390 : 281 379 390
 392 : 202 203 310 359 391 392 454 497 638
 397 : 287 314 397 694
 400 : 59 400 541
 403 : 40 403
 404 : 218 253 377 404 478 479 502 549 684
 406 : 142 327 406 421 422
 409 : 396 409 589 669 681
 411 : 91 251 388 411
 412 : 3 152 311 312 412 587
 426 : 426 473
 448 : 448
 452 : 50 74 134 212 240 416 423 452 453
 455 : 455
 458 : 458 508 613
 461 : 19 24 332 360 441 461 530
 462 : 462
 467 : 210 305 349 467 599 612
 472 : 108 113 302 472 687 691
 475 : 475
 477 : 135 175 211 216 222 269 298 306 380 427 445 477 565 580
 489 : 125 164 241 249 489 578 586 608 682
 491 : 14 94 299 491 645 696
 495 : 90 168 464 471 495 496 692
 506 : 114 223 234 307 348 382 505 506 521 557
 507 : 204 308 368 507
 510 : 173 510 524
 513 : 376 513
 515 : 95 102 120 322 378 425 447 451 488 514 515 536 544 644
 516 : 189 516 522
 517 : 89 228 291 401 457 504 517 554 657
 519 : 158 469 519
 529 : 4 129 169 295 384 529 603 643
 534 : 121 136 207 345 534 571 647
 556 : 30 556
 561 : 67 439 494 503 560 561
 562 : 99 193 220 562 563 569 570 636 648
 564 : 564 575
 566 : 60 162 163 297 342 354 405 526 566
 572 : 22 112 174 394 572 667
 573 : 195 573
 577 : 153 190 577 619
 588 : 167 176 588
 597 : 28 146 288 474 480 597
 606 : 224 258 551 606 607
 610 : 7 69 156 264 539 610 634
 611 : 191 527 611
 621 : 111 217 356 419 537 621 622
 625 : 178 548 625
 626 : 165 626
 632 : 92 631 632
 649 : 649
 651 : 36 81 85 185 232 233 363 434 559 618 646 651 697
 653 : 653
 660 : 25 83 225 660
 670 : 18 68 116 366 545 670 693
 671 : 180 276 333 367 438 546 581 593 671 678 686
 677 : 677
 680 : 157 430 666 680
 685 : 73 255 283 443 685
 699 : 699
SOLUTION:
  Value: -3063.000000
  Assigns: 0 1 267 412 529 5 82 610 351 82 57 199 352 133 491 15 17 17 670 461 20 20 572 160 461 660 26 86 597 20 556 170 201 201 267 87 651 37 242 39 40 150 266 350 170 199 133 301 330 107 452 51 266 242 54 55 56 57 26 400 566 170 86 86 86 351 351 561 670 610 70 70 107 685 452 339 76 171 133 201 80 651 82 660 84 651 86 87 150 517 495 411 632 54 491 515 96 96 138 562 387 101 515 57 86 267 301 107 472 170 87 621 572 472 506 87 670 338 118 119 515 534 86 54 124 489 150 147 267 529 130 267 133 133 452 477 534 160 138 139 140 248 406 201 201 107 597 147 147 149 150 339 412 577 54 248 610 680 519 159 160 86 566 566 489 626 166 588 495 529 170 171 84 510 572 477 588 20 625 179 671 133 179 352 118 651 86 140 339 516 577 611 101 562 55 573 86 197 267 199 199 201 392 392 507 87 150 534 150 387 467 477 452 339 300 101 477 621 404 133 562 119 477 506 606 660 130 149 517 179 201 248 651 651 506 235 235 237 309 86 452 489 242 242 352 245 270 248 248 489 245 411 339 404 0 685 300 160 606 353 293 266 262 242 610 265 266 267 201 477 270 245 150 273 273 273 671 86 86 353 300 390 282 685 357 245 133 397 597 119 179 517 170 293 84 529 166 566 477 491 300 301 472 96 82 467 477 506 507 309 392 412 412 387 397 133 316 265 318 17 54 139 515 323 133 138 159 406 301 329 330 140 461 671 334 335 273 337 338 339 96 17 566 86 248 534 301 15 506 467 350 351 352 353 566 301 621 357 133 392 461 381 362 651 57 107 670 671 507 56 267 179 372 107 147 86 513 404 515 390 477 381 506 54 529 26 159 387 411 334 390 392 392 265 572 101 409 397 84 17 400 517 118 40 404 566 406 282 197 409 171 411 412 159 54 350 452 179 138 621 133 406 406 452 270 515 426 477 80 107 680 301 107 166 651 293 293 270 671 561 171 461 248 685 282 477 149 515 448 26 199 515 452 452 392 455 96 517 458 201 350 461 462 387 495 352 96 467 150 519 357 495 472 426 597 475 150 477 404 404 597 149 54 179 267 82 87 118 515 489 86 491 57 20 561 495 495 392 381 352 171 96 404 561 517 506 506 507 458 101 510 350 160 513 515 515 516 517 316 519 350 506 516 82 510 201 566 611 293 529 461 330 273 39 534 80 515 621 150 610 107 400 87 197 515 670 671 301 625 404 387 606 338 17 517 138 556 506 150 651 561 561 562 562 575 477 566 293 160 562 562 534 572 573 282 575 334 577 489 138 477 671 133 301 293 330 489 412 588 409 87 267 334 671 265 265 26 597 267 467 150 245 130 529 107 107 606 606 489 201 610 611 467 458 201 118 201 20 651 577 160 621 621 160 282 625 626 245 150 293 96 632 632 273 610 179 562 334 392 138 339 150 138 529 515 491 651 534 562 649 118 651 301 653 82 96 54 517 301 133 660 39 82 82 86 300 680 572 387 409 670 671 87 20 133 96 351 677 671 273 680 409 489 242 404 685 671 472 133 270 248 472 495 670 397 265 491 651 267 699 
  Facilities: 140
 0 : 0 254
 1 : 1
 5 : 5
 15 : 15 347
 17 : 16 17 319 341 399 553
 20 : 20 21 29 177 493 617 673
 26 : 26 58 385 449 596
 37 : 37
 39 : 39 533 661
 40 : 40 403
 51 : 51
 54 : 54 93 123 154 320 383 414 482 656
 55 : 55 194
 56 : 56 369
 57 : 10 57 103 364 492
 70 : 70 71
 76 : 76
 80 : 80 428 535
 82 : 6 9 82 304 485 523 654 662 663
 84 : 84 172 294 398
 86 : 27 62 63 64 86 104 122 161 186 196 239 277 278 343 375 490 664
 87 : 35 87 110 115 205 486 542 590 672
 96 : 96 97 303 340 456 466 501 630 655 675
 101 : 101 192 215 395 509
 107 : 49 72 107 145 365 373 429 432 540 604 605
 118 : 118 184 402 487 615 650
 119 : 119 221 289
 124 : 124
 130 : 130 226 602
 133 : 13 46 78 132 133 181 219 286 315 324 358 420 582 659 674 688
 138 : 98 138 325 418 555 579 639 642
 139 : 139 321
 140 : 140 187 331
 147 : 127 147 148 374
 149 : 149 227 446 481
 150 : 41 88 126 150 206 208 272 468 476 538 558 600 628 641
 159 : 159 326 386 413
 160 : 23 137 160 257 512 568 620 623
 166 : 166 296 433
 170 : 31 44 61 109 170 292
 171 : 77 171 410 440 500
 179 : 179 182 229 290 371 417 483 635
 197 : 197 408 543
 199 : 11 45 199 200 450
 201 : 32 33 79 143 144 201 230 268 459 525 609 614 616
 235 : 235 236
 237 : 237
 242 : 38 53 242 243 263 683
 245 : 245 250 271 285 601 627
 248 : 141 155 231 247 248 344 442 690
 262 : 262
 265 : 265 317 393 594 595 695
 266 : 42 52 261 266
 267 : 2 34 105 128 131 198 267 370 484 591 598 698
 270 : 246 270 424 437 689
 273 : 273 274 275 336 532 633 679
 282 : 282 407 444 574 624
 293 : 260 293 435 436 528 567 584 629
 300 : 214 256 280 300 665
 301 : 47 106 301 328 346 355 431 547 583 652 658
 309 : 238 309
 316 : 316 518
 318 : 318
 323 : 323
 329 : 329
 330 : 48 330 531 585
 334 : 334 389 576 592 637
 335 : 335
 337 : 337
 338 : 117 338 552
 339 : 75 151 188 213 252 339 640
 350 : 43 350 415 460 511 520
 351 : 8 65 66 351 676
 352 : 12 183 244 352 465 499
 353 : 259 279 353
 357 : 284 357 470
 362 : 362
 372 : 372
 381 : 361 381 498
 387 : 100 209 313 387 463 550 668
 390 : 281 379 390
 392 : 202 203 310 359 391 392 454 497 638
 397 : 287 314 397 694
 400 : 59 400 541
 404 : 218 253 377 404 478 479 502 549 684
 406 : 142 327 406 421 422
 409 : 396 409 589 669 681
 411 : 91 251 388 411
 412 : 3 152 311 312 412 587
 426 : 426 473
 448 : 448
 452 : 50 74 134 212 240 416 423 452 453
 455 : 455
 458 : 458 508 613
 461 : 19 24 332 360 441 461 530
 462 : 462
 467 : 210 305 349 467 599 612
 472 : 108 113 302 472 687 691
 475 : 475
 477 : 135 175 211 216 222 269 298 306 380 427 445 477 565 580
 489 : 125 164 241 249 489 578 586 608 682
 491 : 14 94 299 491 645 696
 495 : 90 168 464 471 495 496 692
 506 : 114 223 234 307 348 382 505 506 521 557
 507 : 204 308 368 507
 510 : 173 510 524
 513 : 376 513
 515 : 95 102 120 322 378 425 447 451 488 514 515 536 544 644
 516 : 189 516 522
 517 : 89 228 291 401 457 504 517 554 657
 519 : 158 469 519
 529 : 4 129 169 295 384 529 603 643
 534 : 121 136 207 345 534 571 647
 556 : 30 556
 561 : 67 439 494 503 560 561
 562 : 99 193 220 562 563 569 570 636 648
 566 : 60 162 163 297 342 354 405 526 566
 572 : 22 112 174 394 572 667
 573 : 195 573
 575 : 564 575
 577 : 153 190 577 619
 588 : 167 176 588
 597 : 28 146 288 474 480 597
 606 : 224 258 551 606 607
 610 : 7 69 156 264 539 610 634
 611 : 191 527 611
 621 : 111 217 356 419 537 621 622
 625 : 178 548 625
 626 : 165 626
 632 : 92 631 632
 649 : 649
 651 : 36 81 85 185 232 233 363 434 559 618 646 651 697
 653 : 653
 660 : 25 83 225 660
 670 : 18 68 116 366 545 670 693
 671 : 180 276 333 367 438 546 581 593 671 678 686
 677 : 677
 680 : 157 430 666 680
 685 : 73 255 283 443 685
 699 : 699
SOLUTION:
  Value: -3063.000000
  Assigns: 0 1 267 412 529 5 82 610 351 82 57 199 352 133 491 15 17 17 670 461 20 20 572 160 461 660 26 86 597 20 556 170 201 201 267 87 651 37 242 39 40 150 266 350 170 199 133 301 330 107 452 51 266 242 54 194 56 57 26 400 566 170 86 86 86 351 351 561 670 610 71 71 107 685 452 339 76 171 133 201 80 651 82 660 172 651 86 87 150 517 495 411 632 54 491 515 96 96 138 562 387 101 515 57 86 267 301 107 472 170 87 621 572 472 506 87 670 338 118 119 515 534 86 54 124 489 150 147 267 529 130 267 133 133 452 477 534 160 138 139 140 248 406 201 201 107 597 147 147 149 150 339 412 577 54 248 610 680 519 159 160 86 566 566 489 626 166 588 495 529 170 171 172 510 572 477 588 20 625 179 671 133 179 352 118 651 86 140 339 516 577 611 101 562 194 195 86 197 267 199 199 201 392 392 507 87 150 534 150 387 467 477 452 339 300 101 477 621 404 133 562 119 477 506 606 660 130 149 517 179 201 248 651 651 506 236 236 237 309 86 452 489 242 242 352 245 270 248 248 489 245 411 339 404 0 685 300 160 606 353 293 266 262 242 610 265 266 267 201 477 270 245 150 273 273 273 671 86 86 353 300 390 282 685 357 245 133 397 597 119 179 517 170 293 172 529 166 566 477 491 300 301 472 96 82 467 477 506 507 309 392 412 412 387 397 133 316 265 318 17 54 139 515 323 133 138 159 406 301 329 330 140 530 671 334 335 273 337 338 339 96 17 566 86 248 534 301 15 506 467 350 351 352 353 566 301 621 357 133 392 461 381 362 651 57 107 670 671 507 56 267 179 372 107 147 86 513 404 515 390 477 381 506 54 529 26 159 387 411 334 390 392 392 265 572 101 409 397 172 17 400 517 118 40 404 566 406 282 197 409 171 411 412 159 54 350 452 179 138 621 133 406 406 452 270 515 426 477 80 107 680 301 107 166 651 293 293 270 671 561 171 461 248 685 282 477 149 515 448 26 199 515 452 452 392 455 96 517 458 201 350 461 462 387 495 352 96 467 150 519 357 495 472 426 597 475 150 477 404 404 597 149 54 179 267 82 87 118 515 489 86 491 57 20 561 495 495 392 381 352 171 96 404 561 517 506 506 507 458 101 510 350 160 513 515 515 516 517 316 519 350 506 516 82 510 201 566 611 293 529 530 330 273 39 534 80 515 621 150 610 107 400 87 197 515 670 671 301 625 404 387 606 338 17 517 138 556 506 150 651 561 561 562 562 575 477 566 293 160 562 562 534 572 195 282 575 334 577 489 138 477 671 133 301 293 330 489 412 588 409 87 267 334 671 265 265 26 597 267 467 150 245 130 529 107 107 606 606 489 201 610 611 467 458 201 118 201 20 651 577 160 621 621 160 282 625 626 245 150 293 96 632 632 273 610 179 562 334 392 138 339 150 138 529 515 491 651 534 562 649 118 651 301 530 82 96 54 517 301 133 660 39 82 82 86 300 680 572 387 409 670 671 87 20 133 96 351 677 671 273 680 409 489 242 404 685 671 472 133 270 248 472 495 670 397 265 491 651 267 699 
  Facilities: 140
 0 : 0 254
 1 : 1
 5 : 5
 15 : 15 347
 17 : 16 17 319 341 399 553
 20 : 20 21 29 177 493 617 673
 26 : 26 58 385 449 596
 37 : 37
 39 : 39 533 661
 40 : 40 403
 51 : 51
 54 : 54 93 123 154 320 383 414 482 656
 56 : 56 369
 57 : 10 57 103 364 492
 71 : 70 71
 76 : 76
 80 : 80 428 535
 82 : 6 9 82 304 485 523 654 662 663
 86 : 27 62 63 64 86 104 122 161 186 196 239 277 278 343 375 490 664
 87 : 35 87 110 115 205 486 542 590 672
 96 : 96 97 303 340 456 466 501 630 655 675
 101 : 101 192 215 395 509
 107 : 49 72 107 145 365 373 429 432 540 604 605
 118 : 118 184 402 487 615 650
 119 : 119 221 289
 124 : 124
 130 : 130 226 602
 133 : 13 46 78 132 133 181 219 286 315 324 358 420 582 659 674 688
 138 : 98 138 325 418 555 579 639 642
 139 : 139 321
 140 : 140 187 331
 147 : 127 147 148 374
 149 : 149 227 446 481
 150 : 41 88 126 150 206 208 272 468 476 538 558 600 628 641
 159 : 159 326 386 413
 160 : 23 137 160 257 512 568 620 623
 166 : 166 296 433
 170 : 31 44 61 109 170 292
 171 : 77 171 410 440 500
 172 : 84 172 294 398
 179 : 179 182 229 290 371 417 483 635
 194 : 55 194
 195 : 195 573
 197 : 197 408 543
 199 : 11 45 199 200 450
 201 : 32 33 79 143 144 201 230 268 459 525 609 614 616
 236 : 235 236
 237 : 237
 242 : 38 53 242 243 263 683
 245 : 245 250 271 285 601 627
 248 : 141 155 231 247 248 344 442 690
 262 : 262
 265 : 265 317 393 594 595 695
 266 : 42 52 261 266
 267 : 2 34 105 128 131 198 267 370 484 591 598 698
 270 : 246 270 424 437 689
 273 : 273 274 275 336 532 633 679
 282 : 282 407 444 574 624
 293 : 260 293 435 436 528 567 584 629
 300 : 214 256 280 300 665
 301 : 47 106 301 328 346 355 431 547 583 652 658
 309 : 238 309
 316 : 316 518
 318 : 318
 323 : 323
 329 : 329
 330 : 48 330 531 585
 334 : 334 389 576 592 637
 335 : 335
 337 : 337
 338 : 117 338 552
 339 : 75 151 188 213 252 339 640
 350 : 43 350 415 460 511 520
 351 : 8 65 66 351 676
 352 : 12 183 244 352 465 499
 353 : 259 279 353
 357 : 284 357 470
 362 : 362
 372 : 372
 381 : 361 381 498
 387 : 100 209 313 387 463 550 668
 390 : 281 379 390
 392 : 202 203 310 359 391 392 454 497 638
 397 : 287 314 397 694
 400 : 59 400 541
 404 : 218 253 377 404 478 479 502 549 684
 406 : 142 327 406 421 422
 409 : 396 409 589 669 681
 411 : 91 251 388 411
 412 : 3 152 311 312 412 587
 426 : 426 473
 448 : 448
 452 : 50 74 134 212 240 416 423 452 453
 455 : 455
 458 : 458 508 613
 461 : 19 24 360 441 461
 462 : 462
 467 : 210 305 349 467 599 612
 472 : 108 113 302 472 687 691
 475 : 475
 477 : 135 175 211 216 222 269 298 306 380 427 445 477 565 580
 489 : 125 164 241 249 489 578 586 608 682
 491 : 14 94 299 491 645 696
 495 : 90 168 464 471 495 496 692
 506 : 114 223 234 307 348 382 505 506 521 557
 507 : 204 308 368 507
 510 : 173 510 524
 513 : 376 513
 515 : 95 102 120 322 378 425 447 451 488 514 515 536 544 644
 516 : 189 516 522
 517 : 89 228 291 401 457 504 517 554 657
 519 : 158 469 519
 529 : 4 129 169 295 384 529 603 643
 530 : 332 530 653
 534 : 121 136 207 345 534 571 647
 556 : 30 556
 561 : 67 439 494 503 560 561
 562 : 99 193 220 562 563 569 570 636 648
 566 : 60 162 163 297 342 354 405 526 566
 572 : 22 112 174 394 572 667
 575 : 564 575
 577 : 153 190 577 619
 588 : 167 176 588
 597 : 28 146 288 474 480 597
 606 : 224 258 551 606 607
 610 : 7 69 156 264 539 610 634
 611 : 191 527 611
 621 : 111 217 356 419 537 621 622
 625 : 178 548 625
 626 : 165 626
 632 : 92 631 632
 649 : 649
 651 : 36 81 85 185 232 233 363 434 559 618 646 651 697
 660 : 25 83 225 660
 670 : 18 68 116 366 545 670 693
 671 : 180 276 333 367 438 546 581 593 671 678 686
 677 : 677
 680 : 157 430 666 680
 685 : 73 255 283 443 685
 699 : 699
SOLUTION:
  Value: -3063.000000
  Assigns: 0 1 267 412 529 5 82 610 351 82 57 199 352 133 491 347 17 17 670 461 20 20 572 160 461 660 26 86 597 20 556 170 201 201 267 87 651 37 242 39 40 150 266 350 170 199 133 301 330 107 452 51 266 242 54 55 56 57 26 59 566 170 86 86 86 351 351 561 670 610 70 70 107 685 452 339 76 171 133 201 80 651 82 660 84 651 86 87 150 517 495 411 632 54 491 515 96 96 138 562 387 101 515 57 86 267 301 107 472 170 87 621 572 472 506 87 670 338 118 119 515 534 86 54 124 489 150 147 267 529 130 267 133 133 452 477 534 160 138 139 140 248 406 201 201 107 597 147 147 149 150 339 412 577 54 248 610 680 519 159 160 86 566 566 489 626 166 588 495 529 170 171 84 510 572 477 588 20 625 179 671 133 179 352 118 651 86 140 339 516 577 611 101 562 55 573 86 197 267 199 199 201 392 392 507 87 150 534 150 387 467 477 452 339 300 101 477 621 404 133 562 119 477 506 606 660 130 149 517 179 201 248 651 651 506 236 236 237 309 86 452 489 242 242 352 245 270 248 248 489 245 411 339 404 0 685 300 160 606 353 293 266 262 242 610 265 266 267 201 477 270 245 150 273 273 273 671 86 86 353 300 390 282 685 357 245 133 397 597 119 179 517 170 293 84 529 166 59 477 491 300 301 472 96 82 467 477 506 507 309 392 412 412 387 397 133 518 265 318 17 54 139 515 323 133 138 159 406 301 329 330 140 530 671 334 335 273 337 338 339 96 17 566 86 248 534 301 347 506 467 350 351 352 353 566 301 621 357 133 392 461 381 362 651 57 107 670 671 507 56 267 179 372 107 147 86 513 404 515 390 477 381 506 54 529 26 159 387 411 334 390 392 392 265 572 101 409 397 84 17 59 517 118 40 404 566 406 282 197 409 171 411 412 159 54 350 452 179 138 621 133 406 406 452 270 515 426 477 80 107 680 301 107 166 651 293 293 270 671 561 171 461 248 685 282 477 149 515 448 26 199 515 452 452 392 455 96 517 458 201 350 461 462 387 495 352 96 467 150 519 357 495 472 426 597 475 150 477 404 404 597 149 54 179 267 82 87 118 515 489 86 491 57 20 561 495 495 392 381 352 171 96 404 561 517 506 506 507 458 101 510 350 160 513 515 515 516 517 518 519 350 506 516 82 510 201 566 611 293 529 530 330 273 39 534 80 515 621 150 610 107 59 87 197 515 670 671 301 625 404 387 606 338 17 517 138 556 506 150 651 561 561 562 562 564 477 566 293 160 562 562 534 572 573 282 564 334 577 489 138 477 671 133 301 293 330 489 412 588 409 87 267 334 671 265 265 26 597 267 467 150 245 130 529 107 107 606 606 489 201 610 611 467 458 201 118 201 20 651 577 160 621 621 160 282 625 626 245 150 293 96 632 632 273 610 179 562 334 392 138 339 150 138 529 515 491 651 534 562 649 118 651 301 530 82 96 54 517 301 133 660 39 82 82 86 300 680 572 387 409 670 671 87 20 133 96 351 677 671 273 680 409 489 242 404 685 671 472 133 270 248 472 495 670 397 265 491 651 267 699 
  Facilities: 140
 0 : 0 254
 1 : 1
 5 : 5
 17 : 16 17 319 341 399 553
 20 : 20 21 29 177 493 617 673
 26 : 26 58 385 449 596
 37 : 37
 39 : 39 533 661
 40 : 40 403
 51 : 51
 54 : 54 93 123 154 320 383 414 482 656
 55 : 55 194
 56 : 56 369
 57 : 10 57 103 364 492
 59 : 59 297 400 541
 70 : 70 71
 76 : 76
 80 : 80 428 535
 82 : 6 9 82 304 485 523 654 662 663
 84 : 84 172 294 398
 86 : 27 62 63 64 86 104 122 161 186 196 239 277 278 343 375 490 664
 87 : 35 87 110 115 205 486 542 590 672
 96 : 96 97 303 340 456 466 501 630 655 675
 101 : 101 192 215 395 509
 107 : 49 72 107 145 365 373 429 432 540 604 605
 118 : 118 184 402 487 615 650
 119 : 119 221 289
 124 : 124
 130 : 130 226 602
 133 : 13 46 78 132 133 181 219 286 315 324 358 420 582 659 674 688
 138 : 98 138 325 418 555 579 639 642
 139 : 139 321
 140 : 140 187 331
 147 : 127 147 148 374
 149 : 149 227 446 481
 150 : 41 88 126 150 206 208 272 468 476 538 558 600 628 641
 159 : 159 326 386 413
 160 : 23 137 160 257 512 568 620 623
 166 : 166 296 433
 170 : 31 44 61 109 170 292
 171 : 77 171 410 440 500
 179 : 179 182 229 290 371 417 483 635
 197 : 197 408 543
 199 : 11 45 199 200 450
 201 : 32 33 79 143 144 201 230 268 459 525 609 614 616
 236 : 235 236
 237 : 237
 242 : 38 53 242 243 263 683
 245 : 245 250 271 285 601 627
 248 : 141 155 231 247 248 344 442 690
 262 : 262
 265 : 265 317 393 594 595 695
 266 : 42 52 261 266
 267 : 2 34 105 128 131 198 267 370 484 591 598 698
 270 : 246 270 424 437 689
 273 : 273 274 275 336 532 633 679
 282 : 282 407 444 574 624
 293 : 260 293 435 436 528 567 584 629
 300 : 214 256 280 300 665
 301 : 47 106 301 328 346 355 431 547 583 652 658
 309 : 238 309
 318 : 318
 323 : 323
 329 : 329
 330 : 48 330 531 585
 334 : 334 389 576 592 637
 335 : 335
 337 : 337
 338 : 117 338 552
 339 : 75 151 188 213 252 339 640
 347 : 15 347
 350 : 43 350 415 460 511 520
 351 : 8 65 66 351 676
 352 : 12 183 244 352 465 499
 353 : 259 279 353
 357 : 284 357 470
 362 : 362
 372 : 372
 381 : 361 381 498
 387 : 100 209 313 387 463 550 668
 390 : 281 379 390
 392 : 202 203 310 359 391 392 454 497 638
 397 : 287 314 397 694
 404 : 218 253 377 404 478 479 502 549 684
 406 : 142 327 406 421 422
 409 : 396 409 589 669 681
 411 : 91 251 388 411
 412 : 3 152 311 312 412 587
 426 : 426 473
 448 : 448
 452 : 50 74 134 212 240 416 423 452 453
 455 : 455
 458 : 458 508 613
 461 : 19 24 360 441 461
 462 : 462
 467 : 210 305 349 467 599 612
 472 : 108 113 302 472 687 691
 475 : 475
 477 : 135 175 211 216 222 269 298 306 380 427 445 477 565 580
 489 : 125 164 241 249 489 578 586 608 682
 491 : 14 94 299 491 645 696
 495 : 90 168 464 471 495 496 692
 506 : 114 223 234 307 348 382 505 506 521 557
 507 : 204 308 368 507
 510 : 173 510 524
 513 : 376 513
 515 : 95 102 120 322 378 425 447 451 488 514 515 536 544 644
 516 : 189 516 522
 517 : 89 228 291 401 457 504 517 554 657
 518 : 316 518
 519 : 158 469 519
 529 : 4 129 169 295 384 529 603 643
 530 : 332 530 653
 534 : 121 136 207 345 534 571 647
 556 : 30 556
 561 : 67 439 494 503 560 561
 562 : 99 193 220 562 563 569 570 636 648
 564 : 564 575
 566 : 60 162 163 342 354 405 526 566
 572 : 22 112 174 394 572 667
 573 : 195 573
 577 : 153 190 577 619
 588 : 167 176 588
 597 : 28 146 288 474 480 597
 606 : 224 258 551 606 607
 610 : 7 69 156 264 539 610 634
 611 : 191 527 611
 621 : 111 217 356 419 537 621 622
 625 : 178 548 625
 626 : 165 626
 632 : 92 631 632
 649 : 649
 651 : 36 81 85 185 232 233 363 434 559 618 646 651 697
 660 : 25 83 225 660
 670 : 18 68 116 366 545 670 693
 671 : 180 276 333 367 438 546 581 593 671 678 686
 677 : 677
 680 : 157 430 666 680
 685 : 73 255 283 443 685
 699 : 699
