# Time: 1024.439941
# Elapsed: 319.114166
# Input_file: splp/Chess/1734ChessS.txt
# Pool_size: 200
# Iterations: 40
# Final_solutions: 7565
# Vision_range: 400
# Reduction_mode: REDUCTION_DISPERSE
# Dissimilitude: DISSIM_HAUSDORFF
# Facility_dist: FDISMODE_SUMOFDELTAS
SOLUTION:
  Value: -57199.000000
  Assigns: 143 134 134 134 137 137 137 140 140 140 143 143 24 24 27 27 27 30 30 30 33 33 33 24 24 24 27 27 27 30 30 30 33 33 33 36 36 36 27 27 27 30 30 30 56 56 33 36 36 62 62 62 65 65 65 56 56 56 70 36 83 62 62 62 65 65 65 56 56 70 83 70 83 62 62 62 65 65 65 92 92 70 70 70 83 96 99 99 99 102 102 92 92 92 83 83 96 96 99 99 99 102 102 92 92 92 117 96 96 96 99 99 99 102 102 102 117 117 117 96 143 134 134 134 137 137 137 140 117 117 143 143 143 134 134 134 137 137 137 140 140 140 143 143 
  Facilities: 19
 24 : 12 13 23 24 25
 27 : 14 15 16 26 27 28 38 39 40
 30 : 17 18 19 29 30 31 41 42 43
 33 : 20 21 22 32 33 34 46
 36 : 35 36 37 47 48 59
 56 : 44 45 55 56 57 67 68
 62 : 49 50 51 61 62 63 73 74 75
 65 : 52 53 54 64 65 66 76 77 78
 70 : 58 69 71 81 82 83
 83 : 60 70 72 84 94 95
 92 : 79 80 91 92 93 103 104 105
 96 : 85 96 97 107 108 109 119
 99 : 86 87 88 98 99 100 110 111 112
 102 : 89 90 101 102 113 114 115
 117 : 106 116 117 118 128 129
 134 : 1 2 3 121 122 123 133 134 135
 137 : 4 5 6 124 125 126 136 137 138
 140 : 7 8 9 127 139 140 141
 143 : 0 10 11 120 130 131 132 142 143
SOLUTION:
  Value: -60196.000000
  Assigns: 143 134 134 134 137 137 137 140 140 140 143 143 24 24 27 27 27 30 30 30 33 33 33 24 24 24 27 27 27 30 43 30 33 33 33 36 36 36 27 27 27 30 30 30 43 33 33 36 36 62 62 62 65 65 43 43 43 70 70 36 83 62 62 62 65 65 65 79 79 70 83 70 83 62 62 62 65 65 79 92 92 70 70 70 83 96 99 99 99 102 79 92 92 92 83 83 96 96 99 99 99 102 102 92 92 92 117 96 96 96 99 99 99 102 102 102 117 117 117 96 143 134 134 134 137 137 137 140 117 117 143 143 143 134 134 134 137 137 137 140 140 140 143 143 
  Facilities: 20
 24 : 12 13 23 24 25
 27 : 14 15 16 26 27 28 38 39 40
 30 : 17 18 19 29 31 41 42 43
 33 : 20 21 22 32 33 34 45 46
 36 : 35 36 37 47 48 59
 43 : 30 44 54 55 56
 62 : 49 50 51 61 62 63 73 74 75
 65 : 52 53 64 65 66 76 77
 70 : 57 58 69 71 81 82 83
 79 : 67 68 78 90
 83 : 60 70 72 84 94 95
 92 : 79 80 91 92 93 103 104 105
 96 : 85 96 97 107 108 109 119
 99 : 86 87 88 98 99 100 110 111 112
 102 : 89 101 102 113 114 115
 117 : 106 116 117 118 128 129
 134 : 1 2 3 121 122 123 133 134 135
 137 : 4 5 6 124 125 126 136 137 138
 140 : 7 8 9 127 139 140 141
 143 : 0 10 11 120 130 131 132 142 143
SOLUTION:
  Value: -63180.000000
  Assigns: 0 0 135 135 135 18 18 18 141 141 141 0 0 0 27 27 27 18 29 18 33 33 33 0 36 36 27 27 27 18 18 18 33 33 33 36 36 36 27 50 29 29 29 56 56 56 33 58 36 50 50 50 64 64 66 56 56 56 58 36 83 50 50 64 64 66 66 56 56 58 83 58 83 86 86 86 64 64 66 92 92 92 83 83 83 86 86 86 101 101 101 92 92 92 83 83 119 86 110 110 101 101 101 92 92 92 119 119 119 110 110 110 101 101 101 126 117 117 119 119 119 110 110 135 135 126 126 126 117 117 141 119 0 0 135 135 135 126 126 126 141 141 141 0 
  Facilities: 21
 0 : 0 1 11 12 13 23 132 133 143
 18 : 5 6 7 17 19 29 30 31
 27 : 14 15 16 26 27 28 38
 29 : 18 40 41 42
 33 : 20 21 22 32 33 34 46
 36 : 24 25 35 36 37 48 59
 50 : 39 49 50 51 61 62
 56 : 43 44 45 55 56 57 67 68
 58 : 47 58 69 71
 64 : 52 53 63 64 76 77
 66 : 54 65 66 78
 83 : 60 70 72 82 83 84 94 95
 86 : 73 74 75 85 86 87 97
 92 : 79 80 81 91 92 93 103 104 105
 101 : 88 89 90 100 101 102 112 113 114
 110 : 98 99 109 110 111 121 122
 117 : 116 117 128 129
 119 : 96 106 107 108 118 119 120 131
 126 : 115 125 126 127 137 138 139
 135 : 2 3 4 123 124 134 135 136
 141 : 8 9 10 130 140 141 142
SOLUTION:
  Value: -66174.000000
  Assigns: 0 0 135 135 135 18 18 18 141 141 141 0 24 0 27 27 27 18 29 18 33 33 33 24 24 24 27 27 27 18 18 18 33 33 33 24 24 50 27 50 29 29 29 56 56 56 33 58 61 50 50 50 64 64 66 56 56 56 58 58 83 61 50 64 64 66 66 56 56 58 83 58 83 86 61 86 64 64 66 92 92 92 83 83 83 86 86 86 101 101 101 92 92 92 83 83 119 86 110 110 101 101 101 92 92 92 119 119 119 110 110 110 101 101 101 126 117 117 119 119 119 110 110 135 135 126 126 126 117 117 141 119 0 0 135 135 135 126 126 126 141 141 141 0 
  Facilities: 22
 0 : 0 1 11 13 132 133 143
 18 : 5 6 7 17 19 29 30 31
 24 : 12 23 24 25 35 36
 27 : 14 15 16 26 27 28 38
 29 : 18 40 41 42
 33 : 20 21 22 32 33 34 46
 50 : 37 39 49 50 51 62
 56 : 43 44 45 55 56 57 67 68
 58 : 47 58 59 69 71
 61 : 48 61 74
 64 : 52 53 63 64 76 77
 66 : 54 65 66 78
 83 : 60 70 72 82 83 84 94 95
 86 : 73 75 85 86 87 97
 92 : 79 80 81 91 92 93 103 104 105
 101 : 88 89 90 100 101 102 112 113 114
 110 : 98 99 109 110 111 121 122
 117 : 116 117 128 129
 119 : 96 106 107 108 118 119 120 131
 126 : 115 125 126 127 137 138 139
 135 : 2 3 4 123 124 134 135 136
 141 : 8 9 10 130 140 141 142
SOLUTION:
  Value: -69162.000000
  Assigns: 143 134 134 134 137 137 137 20 8 8 23 23 25 25 27 27 27 30 30 30 8 20 23 23 23 25 25 27 27 30 30 30 20 20 23 23 25 36 27 27 27 30 30 30 56 56 58 58 36 62 62 62 64 64 66 56 56 56 58 36 83 62 62 64 64 66 66 56 56 58 83 58 83 62 62 64 64 64 66 92 92 92 83 83 83 96 98 98 101 101 101 92 92 92 83 83 96 98 98 98 101 101 101 92 92 92 117 96 96 98 98 98 101 101 101 126 117 117 117 120 120 120 134 134 137 126 137 126 117 117 143 143 143 120 134 134 137 126 137 8 8 8 143 120 
  Facilities: 23
 8 : 8 9 20 139 140 141
 20 : 7 21 32 33
 23 : 10 11 22 23 24 34 35
 25 : 12 13 25 26 36
 27 : 14 15 16 27 28 38 39 40
 30 : 17 18 19 29 30 31 41 42 43
 36 : 37 48 59
 56 : 44 45 55 56 57 67 68
 58 : 46 47 58 69 71
 62 : 49 50 51 61 62 73 74
 64 : 52 53 63 64 75 76 77
 66 : 54 65 66 78
 83 : 60 70 72 82 83 84 94 95
 92 : 79 80 81 91 92 93 103 104 105
 96 : 85 96 107 108
 98 : 86 87 97 98 99 109 110 111
 101 : 88 89 90 100 101 102 112 113 114
 117 : 106 116 117 118 128 129
 120 : 119 120 121 133 143
 126 : 115 125 127 137
 134 : 1 2 3 122 123 134 135
 137 : 4 5 6 124 126 136 138
 143 : 0 130 131 132 142
SOLUTION:
  Value: -72158.000000
  Assigns: 143 134 134 134 4 18 7 140 7 140 143 143 24 24 27 27 27 18 18 18 33 33 33 24 24 24 27 27 27 18 18 18 33 33 33 36 36 36 27 50 53 53 53 56 56 56 33 36 36 50 50 50 65 65 53 56 56 56 70 36 83 50 50 50 53 65 65 56 56 70 83 70 83 86 86 86 65 65 65 92 92 70 70 70 83 86 86 86 101 101 101 92 92 92 83 83 108 108 86 112 112 101 101 92 92 92 117 108 108 108 123 123 101 101 101 126 117 117 117 108 108 134 134 134 112 126 126 126 117 117 143 143 143 134 123 4 123 126 7 140 140 140 143 143 
  Facilities: 24
 4 : 4 135
 7 : 6 8 138
 18 : 5 17 18 19 29 30 31
 24 : 12 13 23 24 25
 27 : 14 15 16 26 27 28 38
 33 : 20 21 22 32 33 34 46
 36 : 35 36 37 47 48 59
 50 : 39 49 50 51 61 62 63
 53 : 40 41 42 54 64
 56 : 43 44 45 55 56 57 67 68
 65 : 52 53 65 66 76 77 78
 70 : 58 69 71 81 82 83
 83 : 60 70 72 84 94 95
 86 : 73 74 75 85 86 87 98
 92 : 79 80 91 92 93 103 104 105
 101 : 88 89 90 101 102 112 113 114
 108 : 96 97 107 108 109 119 120
 112 : 99 100 124
 117 : 106 116 117 118 128 129
 123 : 110 111 134 136
 126 : 115 125 126 127 137
 134 : 1 2 3 121 122 123 133
 140 : 7 9 139 140 141
 143 : 0 10 11 130 131 132 142 143
SOLUTION:
  Value: -72184.000000
  Assigns: 143 134 134 134 5 18 18 140 140 140 143 23 25 25 27 27 27 18 29 18 33 33 23 23 36 25 25 27 27 18 18 18 33 33 33 36 25 36 27 27 29 29 29 56 56 56 33 36 36 61 61 64 64 64 55 55 56 56 70 36 61 61 61 64 64 64 79 79 79 70 70 70 61 61 61 64 64 90 79 92 92 70 70 70 96 96 99 99 99 90 79 90 105 92 105 96 96 96 99 99 99 114 114 114 92 92 105 96 96 96 99 123 99 114 114 114 105 105 105 96 143 134 134 134 123 114 114 114 140 140 143 143 143 134 123 134 123 5 5 140 140 140 143 143 
  Facilities: 24
 5 : 4 137 138
 18 : 5 6 17 19 29 30 31
 23 : 11 22 23
 25 : 12 13 25 26 36
 27 : 14 15 16 27 28 38 39
 29 : 18 40 41 42
 33 : 20 21 32 33 34 46
 36 : 24 35 37 47 48 59
 55 : 54 55
 56 : 43 44 45 56 57
 61 : 49 50 60 61 62 72 73 74
 64 : 51 52 53 63 64 65 75 76
 70 : 58 69 70 71 81 82 83
 79 : 66 67 68 78 90
 90 : 77 89 91
 92 : 79 80 93 104 105
 96 : 84 85 95 96 97 107 108 109 119
 99 : 86 87 88 98 99 100 110 112
 105 : 92 94 106 116 117 118
 114 : 101 102 103 113 114 115 125 126 127
 123 : 111 124 134 136
 134 : 1 2 3 121 122 123 133 135
 140 : 7 8 9 128 129 139 140 141
 143 : 0 10 120 130 131 132 142 143
SOLUTION:
  Value: -75152.000000
  Assigns: 11 134 134 134 137 137 137 8 8 8 11 11 25 25 27 27 27 30 30 30 8 8 33 11 36 38 25 27 27 30 30 30 33 33 33 36 25 36 27 27 53 53 53 30 56 56 33 36 36 38 38 38 64 64 67 67 56 56 70 36 83 73 73 64 53 64 53 56 56 70 83 70 83 84 73 64 64 64 67 92 92 70 70 70 83 73 73 99 101 101 101 92 92 92 83 83 84 84 99 99 99 101 115 115 115 92 117 84 120 120 99 99 99 101 115 126 117 117 117 120 120 120 134 134 137 126 137 126 117 117 117 120 11 120 134 134 137 126 137 8 8 8 11 120 
  Facilities: 25
 8 : 7 8 9 20 21 139 140 141
 11 : 0 10 11 23 132 142
 25 : 12 13 26 36
 27 : 14 15 16 27 28 38 39
 30 : 17 18 19 29 30 31 43
 33 : 22 32 33 34 46
 36 : 24 35 37 47 48 59
 38 : 25 49 50 51
 53 : 40 41 42 64 66
 56 : 44 45 56 57 67 68
 64 : 52 53 63 65 75 76 77
 67 : 54 55 78
 70 : 58 69 71 81 82 83
 73 : 61 62 74 85 86
 83 : 60 70 72 84 94 95
 84 : 73 96 97 107
 92 : 79 80 91 92 93 105
 99 : 87 98 99 100 110 111 112
 101 : 88 89 90 101 113
 115 : 102 103 104 114
 117 : 106 116 117 118 128 129 130
 120 : 108 109 119 120 121 131 133 143
 126 : 115 125 127 137
 134 : 1 2 3 122 123 134 135
 137 : 4 5 6 124 126 136 138
SOLUTION:
  Value: -78143.000000
  Assigns: 143 2 2 2 137 137 137 20 8 8 23 23 25 25 27 27 27 30 30 30 8 20 23 23 23 38 25 27 27 30 43 30 43 20 23 23 25 38 27 27 27 30 30 30 56 56 58 58 61 38 38 38 64 64 43 56 56 56 58 58 83 61 74 64 64 64 79 56 79 58 83 58 83 85 61 64 64 89 89 92 92 94 94 94 83 85 74 74 89 89 79 92 92 92 83 83 85 85 85 111 89 89 89 92 92 92 94 94 120 120 111 111 111 126 126 126 117 117 117 120 120 120 111 111 111 126 137 126 117 117 143 143 143 2 2 2 137 126 137 8 8 8 143 120 
  Facilities: 26
 2 : 1 2 3 133 134 135
 8 : 8 9 20 139 140 141
 20 : 7 21 33
 23 : 10 11 22 23 24 34 35
 25 : 12 13 26 36
 27 : 14 15 16 27 28 38 39 40
 30 : 17 18 19 29 31 41 42 43
 38 : 25 37 49 50 51
 43 : 30 32 54
 56 : 44 45 55 56 57 67
 58 : 46 47 58 59 69 71
 61 : 48 61 74
 64 : 52 53 63 64 65 75 76
 74 : 62 86 87
 79 : 66 68 90
 83 : 60 70 72 84 94 95
 85 : 73 85 96 97 98
 89 : 77 78 88 89 100 101 102
 92 : 79 80 91 92 93 103 104 105
 94 : 81 82 83 106 107
 111 : 99 110 111 112 122 123 124
 117 : 116 117 118 128 129
 120 : 108 109 119 120 121 143
 126 : 113 114 115 125 127 137
 137 : 4 5 6 126 136 138
 143 : 0 130 131 132 142
SOLUTION:
  Value: -78148.000000
  Assigns: 11 134 134 134 137 137 137 8 8 8 11 11 25 25 27 27 27 30 30 30 8 8 33 11 36 38 25 27 27 30 30 30 33 33 33 36 25 36 27 27 53 53 53 30 56 56 33 36 36 38 38 38 64 64 67 67 56 56 70 36 83 73 73 64 53 64 53 56 79 70 83 70 83 84 73 64 64 90 79 92 92 70 70 70 83 73 73 99 99 90 79 90 92 92 83 83 84 84 99 99 99 90 115 115 115 92 117 84 120 120 99 99 99 126 115 126 117 117 117 120 120 120 134 134 137 126 137 126 117 117 117 120 11 120 134 134 137 126 137 8 8 8 11 120 
  Facilities: 26
 8 : 7 8 9 20 21 139 140 141
 11 : 0 10 11 23 132 142
 25 : 12 13 26 36
 27 : 14 15 16 27 28 38 39
 30 : 17 18 19 29 30 31 43
 33 : 22 32 33 34 46
 36 : 24 35 37 47 48 59
 38 : 25 49 50 51
 53 : 40 41 42 64 66
 56 : 44 45 56 57 67
 64 : 52 53 63 65 75 76
 67 : 54 55
 70 : 58 69 71 81 82 83
 73 : 61 62 74 85 86
 79 : 68 78 90
 83 : 60 70 72 84 94 95
 84 : 73 96 97 107
 90 : 77 89 91 101
 92 : 79 80 92 93 105
 99 : 87 88 98 99 100 110 111 112
 115 : 102 103 104 114
 117 : 106 116 117 118 128 129 130
 120 : 108 109 119 120 121 131 133 143
 126 : 113 115 125 127 137
 134 : 1 2 3 122 123 134 135
 137 : 4 5 6 124 126 136 138
