# Time: 818.309998
# Elapsed: 228.894333
# Input_file: splp/Chess/834ChessS.txt
# Pool_size: 200
# Iterations: 36
# Final_solutions: 6897
# Vision_range: 400
# Reduction_mode: REDUCTION_DISPERSE
# Dissimilitude: DISSIM_HAUSDORFF
# Facility_dist: FDISMODE_SUMOFDELTAS
SOLUTION:
  Value: -54210.000000
  Assigns: 1 1 1 4 4 4 139 139 139 10 10 10 1 1 1 4 4 4 31 31 31 10 10 10 37 37 37 40 40 40 31 31 31 46 46 46 37 37 37 40 40 40 31 31 31 46 46 46 37 37 37 64 40 64 67 67 67 46 46 46 73 73 73 64 64 64 67 67 67 82 82 82 73 73 73 87 87 90 90 90 67 82 82 82 73 73 87 87 87 90 90 90 103 82 82 82 109 109 109 87 87 90 90 103 103 118 118 118 109 109 109 124 124 124 103 103 103 118 118 118 109 109 109 124 124 124 139 139 139 118 118 118 1 1 1 4 124 124 139 139 139 10 10 10 
  Facilities: 18
 1 : 0 1 2 12 13 14 132 133 134
 4 : 3 4 5 15 16 17 135
 10 : 9 10 11 21 22 23 141 142 143
 31 : 18 19 20 30 31 32 42 43 44
 37 : 24 25 26 36 37 38 48 49 50
 40 : 27 28 29 39 40 41 52
 46 : 33 34 35 45 46 47 57 58 59
 64 : 51 53 63 64 65
 67 : 54 55 56 66 67 68 80
 73 : 60 61 62 72 73 74 84 85
 82 : 69 70 71 81 82 83 93 94 95
 87 : 75 76 86 87 88 99 100
 90 : 77 78 79 89 90 91 101 102
 103 : 92 103 104 114 115 116
 109 : 96 97 98 108 109 110 120 121 122
 118 : 105 106 107 117 118 119 129 130 131
 124 : 111 112 113 123 124 125 136 137
 139 : 6 7 8 126 127 128 138 139 140
SOLUTION:
  Value: -57200.000000
  Assigns: 1 1 1 15 15 17 139 139 139 10 10 10 1 1 1 15 15 17 17 31 31 10 10 10 37 37 37 15 17 17 17 31 31 46 46 46 37 37 37 52 52 52 31 31 31 46 46 46 37 37 37 52 52 52 67 67 67 46 46 46 73 73 73 52 52 52 67 67 67 82 82 82 73 73 73 87 87 90 90 90 67 82 82 82 73 73 87 87 87 90 90 90 103 82 82 82 109 109 87 87 87 90 90 103 103 118 118 118 109 109 109 123 123 124 103 103 103 118 118 118 109 109 123 123 124 124 139 139 139 118 118 118 1 1 123 124 124 124 139 139 139 10 10 10 
  Facilities: 19
 1 : 0 1 2 12 13 14 132 133
 10 : 9 10 11 21 22 23 141 142 143
 15 : 3 4 15 16 27
 17 : 5 17 18 28 29 30
 31 : 19 20 31 32 42 43 44
 37 : 24 25 26 36 37 38 48 49 50
 46 : 33 34 35 45 46 47 57 58 59
 52 : 39 40 41 51 52 53 63 64 65
 67 : 54 55 56 66 67 68 80
 73 : 60 61 62 72 73 74 84 85
 82 : 69 70 71 81 82 83 93 94 95
 87 : 75 76 86 87 88 98 99 100
 90 : 77 78 79 89 90 91 101 102
 103 : 92 103 104 114 115 116
 109 : 96 97 108 109 110 120 121
 118 : 105 106 107 117 118 119 129 130 131
 123 : 111 112 122 123 134
 124 : 113 124 125 135 136 137
 139 : 6 7 8 126 127 128 138 139 140
SOLUTION:
  Value: -60191.000000
  Assigns: 1 1 1 15 15 17 139 139 139 10 10 10 1 1 1 15 15 17 17 31 31 10 10 10 37 37 37 15 17 17 17 31 31 46 46 46 37 37 37 52 52 52 31 31 56 56 46 46 37 37 37 52 52 66 66 56 56 56 46 46 73 73 73 52 52 52 66 56 56 56 82 82 73 73 73 87 87 66 90 90 92 82 82 82 73 73 87 87 87 90 90 90 92 92 82 82 109 109 109 87 87 90 90 90 92 118 118 118 109 109 109 124 124 124 115 115 115 118 118 118 109 109 109 124 124 124 139 139 115 118 118 118 1 1 1 124 124 124 139 139 139 10 10 10 
  Facilities: 20
 1 : 0 1 2 12 13 14 132 133 134
 10 : 9 10 11 21 22 23 141 142 143
 15 : 3 4 15 16 27
 17 : 5 17 18 28 29 30
 31 : 19 20 31 32 42 43
 37 : 24 25 26 36 37 38 48 49 50
 46 : 33 34 35 46 47 58 59
 52 : 39 40 41 51 52 63 64 65
 56 : 44 45 55 56 57 67 68 69
 66 : 53 54 66 77
 73 : 60 61 62 72 73 74 84 85
 82 : 70 71 81 82 83 94 95
 87 : 75 76 86 87 88 99 100
 90 : 78 79 89 90 91 101 102 103
 92 : 80 92 93 104
 109 : 96 97 98 108 109 110 120 121 122
 115 : 114 115 116 128
 118 : 105 106 107 117 118 119 129 130 131
 124 : 111 112 113 123 124 125 135 136 137
 139 : 6 7 8 126 127 138 139 140
SOLUTION:
  Value: -63185.000000
  Assigns: 1 1 1 15 15 17 139 139 139 10 10 10 1 1 1 15 15 17 17 31 31 10 10 10 37 37 37 15 17 17 17 31 31 46 46 46 37 37 37 52 52 52 31 31 56 56 46 46 37 37 37 52 52 66 66 56 56 56 46 46 83 73 73 52 52 52 66 56 56 56 83 83 73 73 73 87 87 66 90 90 92 92 83 83 73 96 87 87 87 90 90 90 92 92 83 83 109 109 109 87 87 90 90 90 92 118 118 96 109 109 109 124 124 124 115 115 115 118 118 118 109 109 109 124 124 124 139 139 115 118 118 118 1 1 1 124 124 124 139 139 139 10 10 10 
  Facilities: 21
 1 : 0 1 2 12 13 14 132 133 134
 10 : 9 10 11 21 22 23 141 142 143
 15 : 3 4 15 16 27
 17 : 5 17 18 28 29 30
 31 : 19 20 31 32 42 43
 37 : 24 25 26 36 37 38 48 49 50
 46 : 33 34 35 46 47 58 59
 52 : 39 40 41 51 52 63 64 65
 56 : 44 45 55 56 57 67 68 69
 66 : 53 54 66 77
 73 : 61 62 72 73 74 84
 83 : 60 70 71 82 83 94 95
 87 : 75 76 86 87 88 99 100
 90 : 78 79 89 90 91 101 102 103
 92 : 80 81 92 93 104
 96 : 85 107
 109 : 96 97 98 108 109 110 120 121 122
 115 : 114 115 116 128
 118 : 105 106 117 118 119 129 130 131
 124 : 111 112 113 123 124 125 135 136 137
 139 : 6 7 8 126 127 138 139 140
SOLUTION:
  Value: -66174.000000
  Assigns: 1 1 1 16 16 17 139 139 139 140 10 10 1 1 1 16 17 17 17 32 32 32 10 10 37 37 37 16 17 16 17 32 32 46 46 46 37 37 37 52 53 53 53 32 32 46 46 46 37 37 37 52 52 53 53 67 67 46 46 46 73 73 73 52 53 53 53 67 67 82 82 82 73 73 73 87 87 90 90 90 67 82 82 82 73 73 87 87 87 90 90 90 103 82 82 82 109 109 87 87 87 90 90 103 103 118 118 118 109 109 109 123 123 124 103 103 103 118 118 118 109 109 123 123 124 124 139 140 140 118 118 118 1 1 123 124 124 124 139 140 139 140 10 132 
  Facilities: 22
 1 : 0 1 2 12 13 14 132 133
 10 : 10 11 22 23 142
 16 : 3 4 15 27 29
 17 : 5 16 17 18 28 30
 32 : 19 20 21 31 32 43 44
 37 : 24 25 26 36 37 38 48 49 50
 46 : 33 34 35 45 46 47 57 58 59
 52 : 39 51 52 63
 53 : 40 41 42 53 54 64 65 66
 67 : 55 56 67 68 80
 73 : 60 61 62 72 73 74 84 85
 82 : 69 70 71 81 82 83 93 94 95
 87 : 75 76 86 87 88 98 99 100
 90 : 77 78 79 89 90 91 101 102
 103 : 92 103 104 114 115 116
 109 : 96 97 108 109 110 120 121
 118 : 105 106 107 117 118 119 129 130 131
 123 : 111 112 122 123 134
 124 : 113 124 125 135 136 137
 132 : 143
 139 : 6 7 8 126 138 140
 140 : 9 127 128 139 141
SOLUTION:
  Value: -66185.000000
  Assigns: 1 1 1 16 16 6 139 139 139 10 10 10 1 1 1 16 16 6 6 6 32 10 10 10 37 37 37 16 16 42 42 42 32 46 46 46 37 37 37 50 53 53 53 32 32 46 46 46 61 61 37 50 53 42 53 42 68 68 46 46 61 50 50 50 53 53 53 68 68 82 82 82 61 61 61 87 87 90 90 90 68 82 95 82 95 98 87 87 87 90 90 90 103 82 82 82 95 109 109 87 87 90 90 103 103 118 95 95 109 109 98 98 124 124 103 103 103 118 118 118 109 109 109 124 124 124 139 139 139 118 118 118 1 1 1 124 124 124 139 6 139 10 10 10 
  Facilities: 22
 1 : 0 1 2 12 13 14 132 133 134
 6 : 5 17 18 19 139
 10 : 9 10 11 21 22 23 141 142 143
 16 : 3 4 15 16 27 28
 32 : 20 32 43 44
 37 : 24 25 26 36 37 38 50
 42 : 29 30 31 53 55
 46 : 33 34 35 45 46 47 58 59
 50 : 39 51 61 62 63
 53 : 40 41 42 52 54 64 65 66
 61 : 48 49 60 72 73 74
 68 : 56 57 67 68 80
 82 : 69 70 71 81 83 93 94 95
 87 : 75 76 86 87 88 99 100
 90 : 77 78 79 89 90 91 101 102
 95 : 82 84 96 106 107
 98 : 85 110 111
 103 : 92 103 104 114 115 116
 109 : 97 98 108 109 120 121 122
 118 : 105 117 118 119 129 130 131
 124 : 112 113 123 124 125 135 136 137
 139 : 6 7 8 126 127 128 138 140
SOLUTION:
  Value: -69170.000000
  Assigns: 1 1 1 15 15 6 139 139 139 10 10 10 1 1 1 15 15 6 6 6 31 10 10 10 37 37 37 15 40 40 31 31 31 46 46 46 37 37 37 40 53 53 53 31 31 46 46 46 59 37 37 51 40 40 53 67 67 46 59 59 59 74 51 74 53 53 53 67 67 82 82 82 84 74 74 87 87 90 90 90 67 82 82 82 84 74 74 87 87 90 90 90 92 82 82 84 109 109 109 87 87 90 90 90 92 118 118 84 109 109 109 124 124 124 115 115 115 118 118 118 109 109 109 124 124 124 139 139 115 118 118 118 1 1 1 124 124 124 139 6 139 10 10 10 
  Facilities: 23
 1 : 0 1 2 12 13 14 132 133 134
 6 : 5 17 18 19 139
 10 : 9 10 11 21 22 23 141 142 143
 15 : 3 4 15 16 27
 31 : 20 30 31 32 43 44
 37 : 24 25 26 36 37 38 49 50
 40 : 28 29 39 52 53
 46 : 33 34 35 45 46 47 57
 51 : 51 62
 53 : 40 41 42 54 64 65 66
 59 : 48 58 59 60
 67 : 55 56 67 68 80
 74 : 61 63 73 74 85 86
 82 : 69 70 71 81 82 83 93 94
 84 : 72 84 95 107
 87 : 75 76 87 88 99 100
 90 : 77 78 79 89 90 91 101 102 103
 92 : 92 104
 109 : 96 97 98 108 109 110 120 121 122
 115 : 114 115 116 128
 118 : 105 106 117 118 119 129 130 131
 124 : 111 112 113 123 124 125 135 136 137
 139 : 6 7 8 126 127 138 140
SOLUTION:
  Value: -69185.000000
  Assigns: 1 1 1 16 16 6 139 139 139 10 10 10 1 1 1 16 16 6 6 6 32 10 10 10 37 37 37 16 16 42 42 42 32 46 46 46 37 37 37 50 53 53 53 55 32 46 46 46 60 60 37 50 53 42 53 42 68 68 46 60 60 50 50 50 53 53 53 55 55 82 82 82 60 60 87 87 87 90 90 90 68 82 95 60 95 98 87 87 87 90 90 90 103 82 82 82 95 109 109 87 87 90 90 103 103 118 95 95 109 109 98 98 124 124 103 103 103 118 118 118 109 109 109 124 124 124 139 139 139 118 118 118 1 1 1 124 124 124 139 6 139 10 10 10 
  Facilities: 23
 1 : 0 1 2 12 13 14 132 133 134
 6 : 5 17 18 19 139
 10 : 9 10 11 21 22 23 141 142 143
 16 : 3 4 15 16 27 28
 32 : 20 32 44
 37 : 24 25 26 36 37 38 50
 42 : 29 30 31 53 55
 46 : 33 34 35 45 46 47 58
 50 : 39 51 61 62 63
 53 : 40 41 42 52 54 64 65 66
 55 : 43 67 68
 60 : 48 49 59 60 72 73 83
 68 : 56 57 80
 82 : 69 70 71 81 93 94 95
 87 : 74 75 76 86 87 88 99 100
 90 : 77 78 79 89 90 91 101 102
 95 : 82 84 96 106 107
 98 : 85 110 111
 103 : 92 103 104 114 115 116
 109 : 97 98 108 109 120 121 122
 118 : 105 117 118 119 129 130 131
 124 : 112 113 123 124 125 135 136 137
 139 : 6 7 8 126 127 128 138 140
SOLUTION:
  Value: -72157.000000
  Assigns: 1 1 1 15 15 17 139 139 139 10 10 10 1 1 1 15 15 17 17 32 32 32 10 10 37 37 37 15 17 40 17 32 32 32 47 47 37 37 37 40 53 53 53 32 32 56 47 47 60 60 37 64 40 64 53 56 56 56 47 47 60 73 73 64 53 53 53 56 81 56 81 60 73 73 73 87 87 90 90 90 92 81 81 60 73 96 87 87 87 101 90 90 92 81 81 96 109 109 87 87 87 101 90 90 92 118 118 96 109 109 109 124 124 101 101 128 128 118 118 118 109 109 109 124 124 124 139 139 128 118 118 118 1 1 1 124 124 124 139 128 139 128 10 10 
  Facilities: 24
 1 : 0 1 2 12 13 14 132 133 134
 10 : 9 10 11 22 23 142 143
 15 : 3 4 15 16 27
 17 : 5 17 18 28 30
 32 : 19 20 21 31 32 33 43 44
 37 : 24 25 26 36 37 38 50
 40 : 29 39 52
 47 : 34 35 46 47 58 59
 53 : 40 41 42 54 64 65 66
 56 : 45 55 56 57 67 69
 60 : 48 49 60 71 83
 64 : 51 53 63
 73 : 61 62 72 73 74 84
 81 : 68 70 81 82 93 94
 87 : 75 76 86 87 88 98 99 100
 90 : 77 78 79 90 91 102 103
 92 : 80 92 104
 96 : 85 95 107
 101 : 89 101 113 114
 109 : 96 97 108 109 110 120 121 122
 118 : 105 106 117 118 119 129 130 131
 124 : 111 112 123 124 125 135 136 137
 128 : 115 116 128 139 141
 139 : 6 7 8 126 127 138 140
SOLUTION:
  Value: -72159.000000
  Assigns: 1 1 1 15 15 6 139 139 139 10 10 10 1 1 1 15 15 6 6 6 32 32 10 10 37 37 37 15 40 40 42 42 32 46 46 46 37 37 37 40 53 53 53 32 32 46 46 46 59 37 37 51 40 42 53 42 67 46 59 59 59 74 51 74 53 53 53 67 67 82 82 82 84 74 74 87 87 90 90 90 67 82 82 82 84 74 74 87 87 90 90 90 92 82 82 84 109 109 109 87 87 90 90 90 92 118 118 84 109 109 109 124 124 124 115 115 115 118 118 118 109 109 109 124 124 124 139 139 115 118 118 118 1 1 1 124 124 124 139 6 139 10 10 10 
  Facilities: 24
 1 : 0 1 2 12 13 14 132 133 134
 6 : 5 17 18 19 139
 10 : 9 10 11 22 23 141 142 143
 15 : 3 4 15 16 27
 32 : 20 21 32 43 44
 37 : 24 25 26 36 37 38 49 50
 40 : 28 29 39 52
 42 : 30 31 53 55
 46 : 33 34 35 45 46 47 57
 51 : 51 62
 53 : 40 41 42 54 64 65 66
 59 : 48 58 59 60
 67 : 56 67 68 80
 74 : 61 63 73 74 85 86
 82 : 69 70 71 81 82 83 93 94
 84 : 72 84 95 107
 87 : 75 76 87 88 99 100
 90 : 77 78 79 89 90 91 101 102 103
 92 : 92 104
 109 : 96 97 98 108 109 110 120 121 122
 115 : 114 115 116 128
 118 : 105 106 117 118 119 129 130 131
 124 : 111 112 113 123 124 125 135 136 137
 139 : 6 7 8 126 127 138 140
