# Time: 5861.409668
# Elapsed: 2047.712036
# Input_file: splp/KoerkelGhosh-sym/250/a/gs250a-3
# Pool_size: 400
# Iterations: 42
# Final_solutions: 14961
# Vision_range: 600
# Reduction_mode: REDUCTION_DISPERSE
# Dissimilitude: DISSIM_HAUSDORFF
# Facility_dist: FDISMODE_SUMOFDELTAS
SOLUTION:
  Value: -258002.000000
  Assigns: 133 90 176 136 143 198 173 173 176 228 220 106 175 59 228 171 130 220 198 219 32 215 136 138 59 105 68 51 175 143 105 63 63 212 66 93 228 70 68 175 63 59 93 165 51 220 212 176 138 133 68 219 70 93 165 32 63 203 215 143 105 136 203 32 59 130 70 81 130 51 66 133 106 32 68 70 171 102 212 143 32 228 105 70 138 219 175 90 68 215 102 220 90 203 165 90 176 219 133 165 220 133 173 70 228 228 130 130 105 102 68 70 70 143 136 59 93 219 176 68 90 138 175 66 165 70 106 136 215 143 106 228 219 133 143 171 198 136 215 228 176 212 171 59 173 102 93 173 81 138 68 175 51 228 106 59 105 138 102 133 68 81 63 70 70 220 102 130 130 176 102 66 215 102 106 175 220 143 136 143 102 133 105 203 51 105 228 165 138 51 138 138 198 63 215 106 66 106 173 59 90 51 51 93 130 70 198 138 63 81 136 212 106 175 171 138 63 220 102 51 165 66 93 90 165 165 173 173 81 173 130 212 215 93 212 165 219 220 66 66 63 70 106 198 138 59 143 176 198 68 
  Facilities: 30
 32 : 20 55 63 73 80
 51 : 27 44 69 152 184 189 201 202 219
 59 : 13 24 41 64 115 143 155 199 245
 63 : 31 32 40 56 162 193 208 216 240
 66 : 34 70 123 171 196 221 238 239
 68 : 26 38 50 74 88 110 119 150 160 249
 70 : 37 52 66 75 83 103 111 112 125 163 164 205 241
 81 : 67 148 161 209 228
 90 : 1 87 92 95 120 200 223
 93 : 35 42 53 116 146 203 222 233
 102 : 77 90 109 145 158 166 170 173 180 218
 105 : 25 30 60 82 108 156 182 185
 106 : 11 72 126 130 154 174 195 197 212 242
 130 : 16 65 68 106 107 167 168 204 230
 133 : 0 49 71 98 101 133 159 181
 136 : 3 22 61 114 127 137 178 210
 138 : 23 48 84 121 149 157 188 190 191 207 215 244
 143 : 4 29 59 79 113 129 134 177 179 246
 165 : 43 54 94 99 124 187 220 224 225 235
 171 : 15 76 135 142 214
 173 : 6 7 102 144 147 198 226 227 229
 175 : 12 28 39 86 122 151 175 213
 176 : 2 8 47 96 118 140 169 247
 198 : 5 18 136 192 206 243 248
 203 : 57 62 93 183
 212 : 33 46 78 141 211 231 234
 215 : 21 58 89 128 138 172 194 232
 219 : 19 51 85 97 117 132 236
 220 : 10 17 45 91 100 165 176 217 237
 228 : 9 14 36 81 104 105 131 139 153 186
SOLUTION:
  Value: -258019.000000
  Assigns: 133 90 176 136 143 198 173 173 176 228 220 106 175 59 228 171 130 220 198 219 173 215 136 138 59 105 68 51 175 143 105 63 63 212 66 93 228 70 68 175 63 59 93 165 51 220 212 176 138 133 68 219 70 93 165 203 63 203 215 143 105 136 203 59 59 130 70 81 130 51 66 133 106 81 68 70 171 102 212 143 81 228 105 70 138 219 175 90 68 215 102 220 90 203 165 90 176 219 133 165 220 133 173 70 228 228 130 130 105 102 68 70 70 143 136 59 93 219 176 68 90 138 175 66 165 70 106 136 215 143 106 228 219 133 143 171 198 136 215 228 176 212 171 59 173 102 93 173 81 138 68 175 51 228 106 59 105 138 102 133 68 81 63 70 70 220 102 130 130 176 102 66 215 102 106 175 220 143 136 143 102 133 105 203 51 105 228 165 138 51 138 138 198 63 215 106 66 106 173 59 90 51 51 93 130 70 198 138 63 81 136 212 106 175 171 138 63 220 102 51 165 66 93 90 165 165 173 173 81 173 130 212 215 93 212 165 219 220 66 66 63 70 106 198 138 59 143 176 198 68 
  Facilities: 29
 51 : 27 44 69 152 184 189 201 202 219
 59 : 13 24 41 63 64 115 143 155 199 245
 63 : 31 32 40 56 162 193 208 216 240
 66 : 34 70 123 171 196 221 238 239
 68 : 26 38 50 74 88 110 119 150 160 249
 70 : 37 52 66 75 83 103 111 112 125 163 164 205 241
 81 : 67 73 80 148 161 209 228
 90 : 1 87 92 95 120 200 223
 93 : 35 42 53 116 146 203 222 233
 102 : 77 90 109 145 158 166 170 173 180 218
 105 : 25 30 60 82 108 156 182 185
 106 : 11 72 126 130 154 174 195 197 212 242
 130 : 16 65 68 106 107 167 168 204 230
 133 : 0 49 71 98 101 133 159 181
 136 : 3 22 61 114 127 137 178 210
 138 : 23 48 84 121 149 157 188 190 191 207 215 244
 143 : 4 29 59 79 113 129 134 177 179 246
 165 : 43 54 94 99 124 187 220 224 225 235
 171 : 15 76 135 142 214
 173 : 6 7 20 102 144 147 198 226 227 229
 175 : 12 28 39 86 122 151 175 213
 176 : 2 8 47 96 118 140 169 247
 198 : 5 18 136 192 206 243 248
 203 : 55 57 62 93 183
 212 : 33 46 78 141 211 231 234
 215 : 21 58 89 128 138 172 194 232
 219 : 19 51 85 97 117 132 236
 220 : 10 17 45 91 100 165 176 217 237
 228 : 9 14 36 81 104 105 131 139 153 186
SOLUTION:
  Value: -258054.000000
  Assigns: 133 136 176 136 143 198 173 173 176 228 220 106 175 59 228 171 130 220 198 219 173 215 136 138 59 105 68 51 175 143 105 63 63 212 66 93 228 70 68 175 63 59 93 165 51 220 212 176 138 133 68 219 70 93 165 203 63 203 215 143 105 136 203 59 59 130 70 81 130 51 66 133 106 81 68 70 171 102 212 143 81 228 105 70 138 219 175 228 68 215 102 220 175 203 165 228 176 219 133 165 220 133 173 70 228 228 130 130 105 102 68 70 70 143 136 59 93 219 176 68 81 138 175 66 165 70 106 136 215 143 106 228 219 133 143 171 198 136 215 228 176 212 171 59 173 102 93 173 81 138 68 175 51 228 106 59 105 138 102 133 68 81 63 70 70 220 102 130 130 176 102 66 215 102 106 175 220 143 136 143 102 133 105 203 51 105 228 165 138 51 138 138 198 63 215 106 66 106 173 59 173 51 51 93 130 70 198 138 63 81 136 212 106 175 171 138 63 220 102 51 165 66 93 133 165 165 173 173 81 173 130 212 215 93 212 165 219 220 66 66 63 70 106 198 138 59 143 176 198 68 
  Facilities: 28
 51 : 27 44 69 152 184 189 201 202 219
 59 : 13 24 41 63 64 115 143 155 199 245
 63 : 31 32 40 56 162 193 208 216 240
 66 : 34 70 123 171 196 221 238 239
 68 : 26 38 50 74 88 110 119 150 160 249
 70 : 37 52 66 75 83 103 111 112 125 163 164 205 241
 81 : 67 73 80 120 148 161 209 228
 93 : 35 42 53 116 146 203 222 233
 102 : 77 90 109 145 158 166 170 173 180 218
 105 : 25 30 60 82 108 156 182 185
 106 : 11 72 126 130 154 174 195 197 212 242
 130 : 16 65 68 106 107 167 168 204 230
 133 : 0 49 71 98 101 133 159 181 223
 136 : 1 3 22 61 114 127 137 178 210
 138 : 23 48 84 121 149 157 188 190 191 207 215 244
 143 : 4 29 59 79 113 129 134 177 179 246
 165 : 43 54 94 99 124 187 220 224 225 235
 171 : 15 76 135 142 214
 173 : 6 7 20 102 144 147 198 200 226 227 229
 175 : 12 28 39 86 92 122 151 175 213
 176 : 2 8 47 96 118 140 169 247
 198 : 5 18 136 192 206 243 248
 203 : 55 57 62 93 183
 212 : 33 46 78 141 211 231 234
 215 : 21 58 89 128 138 172 194 232
 219 : 19 51 85 97 117 132 236
 220 : 10 17 45 91 100 165 176 217 237
 228 : 9 14 36 81 87 95 104 105 131 139 153 186
SOLUTION:
  Value: -258064.000000
  Assigns: 133 35 176 136 143 178 173 173 176 228 178 106 175 59 228 171 130 220 198 219 32 215 136 138 59 105 68 51 175 143 105 63 63 212 66 93 35 70 68 175 63 59 93 165 51 220 212 176 138 178 68 219 70 93 165 32 63 203 215 143 105 136 203 32 59 130 70 81 26 51 66 133 106 32 68 35 171 102 212 143 32 228 105 70 138 219 175 228 68 215 102 220 175 203 26 26 176 219 133 165 178 133 173 26 228 228 130 130 105 102 68 70 70 143 136 59 93 219 176 68 81 138 175 66 165 70 106 136 215 143 106 228 219 133 143 171 178 136 215 228 176 212 171 59 173 102 93 178 81 138 68 175 51 228 106 59 105 138 102 26 68 81 63 70 70 220 102 130 130 176 102 66 215 102 106 175 220 143 136 143 35 133 105 203 26 105 228 165 138 178 138 138 198 63 215 106 66 106 173 59 178 51 51 93 130 70 198 138 63 81 136 212 106 175 171 138 63 220 102 51 165 66 93 133 165 165 173 178 81 173 130 212 215 93 212 165 219 220 66 66 63 70 35 198 138 59 143 176 198 68 
  Facilities: 32
 26 : 68 94 95 103 159 184
 32 : 20 55 63 73 80
 35 : 1 36 75 180 242
 51 : 27 44 69 152 201 202 219
 59 : 13 24 41 64 115 143 155 199 245
 63 : 31 32 40 56 162 193 208 216 240
 66 : 34 70 123 171 196 221 238 239
 68 : 26 38 50 74 88 110 119 150 160 249
 70 : 37 52 66 83 111 112 125 163 164 205 241
 81 : 67 120 148 161 209 228
 93 : 35 42 53 116 146 203 222 233
 102 : 77 90 109 145 158 166 170 173 218
 105 : 25 30 60 82 108 156 182 185
 106 : 11 72 126 130 154 174 195 197 212
 130 : 16 65 106 107 167 168 204 230
 133 : 0 71 98 101 133 181 223
 136 : 3 22 61 114 127 137 178 210
 138 : 23 48 84 121 149 157 188 190 191 207 215 244
 143 : 4 29 59 79 113 129 134 177 179 246
 165 : 43 54 99 124 187 220 224 225 235
 171 : 15 76 135 142 214
 173 : 6 7 102 144 198 226 229
 175 : 12 28 39 86 92 122 151 175 213
 176 : 2 8 47 96 118 140 169 247
 178 : 5 10 49 100 136 147 189 200 227
 198 : 18 192 206 243 248
 203 : 57 62 93 183
 212 : 33 46 78 141 211 231 234
 215 : 21 58 89 128 138 172 194 232
 219 : 19 51 85 97 117 132 236
 220 : 17 45 91 165 176 217 237
 228 : 9 14 81 87 104 105 131 139 153 186
SOLUTION:
  Value: -258070.000000
  Assigns: 133 35 176 136 143 178 173 173 176 228 178 106 175 59 228 171 130 220 198 219 32 215 136 138 59 105 68 51 175 143 105 63 63 212 66 93 35 70 68 175 63 59 93 165 51 220 212 176 138 178 68 219 70 93 165 32 63 203 215 143 105 136 203 32 59 130 70 81 130 51 66 133 106 32 68 35 171 102 212 143 32 228 105 70 138 219 175 228 68 215 102 220 175 203 165 228 176 219 133 165 178 133 173 70 228 228 130 130 105 102 68 70 70 143 136 59 93 219 176 68 81 138 175 66 165 70 106 136 215 143 106 228 219 133 143 171 178 136 215 228 176 212 171 59 173 102 93 178 81 138 68 175 51 228 106 59 105 138 102 133 68 81 63 70 70 220 102 130 130 176 102 66 215 102 106 175 220 143 136 143 35 133 105 203 51 105 228 165 138 178 138 138 198 63 215 106 66 106 173 59 178 51 51 93 130 70 198 138 63 81 136 212 106 175 171 138 63 220 102 51 165 66 93 133 165 165 173 178 81 173 130 212 215 93 212 165 219 220 66 66 63 70 35 198 138 59 143 176 198 68 
  Facilities: 31
 32 : 20 55 63 73 80
 35 : 1 36 75 180 242
 51 : 27 44 69 152 184 201 202 219
 59 : 13 24 41 64 115 143 155 199 245
 63 : 31 32 40 56 162 193 208 216 240
 66 : 34 70 123 171 196 221 238 239
 68 : 26 38 50 74 88 110 119 150 160 249
 70 : 37 52 66 83 103 111 112 125 163 164 205 241
 81 : 67 120 148 161 209 228
 93 : 35 42 53 116 146 203 222 233
 102 : 77 90 109 145 158 166 170 173 218
 105 : 25 30 60 82 108 156 182 185
 106 : 11 72 126 130 154 174 195 197 212
 130 : 16 65 68 106 107 167 168 204 230
 133 : 0 71 98 101 133 159 181 223
 136 : 3 22 61 114 127 137 178 210
 138 : 23 48 84 121 149 157 188 190 191 207 215 244
 143 : 4 29 59 79 113 129 134 177 179 246
 165 : 43 54 94 99 124 187 220 224 225 235
 171 : 15 76 135 142 214
 173 : 6 7 102 144 198 226 229
 175 : 12 28 39 86 92 122 151 175 213
 176 : 2 8 47 96 118 140 169 247
 178 : 5 10 49 100 136 147 189 200 227
 198 : 18 192 206 243 248
 203 : 57 62 93 183
 212 : 33 46 78 141 211 231 234
 215 : 21 58 89 128 138 172 194 232
 219 : 19 51 85 97 117 132 236
 220 : 17 45 91 165 176 217 237
 228 : 9 14 81 87 95 104 105 131 139 153 186
SOLUTION:
  Value: -258076.000000
  Assigns: 133 35 176 136 143 198 173 173 176 228 220 106 175 59 228 171 130 220 198 219 32 215 136 138 59 105 68 51 175 143 105 63 63 212 66 93 35 70 68 175 63 59 93 165 51 220 212 176 138 133 68 219 70 93 165 32 63 203 215 143 105 136 203 32 59 130 70 81 130 51 66 133 106 32 68 35 171 102 212 143 32 228 105 70 138 219 175 228 68 215 102 220 175 203 165 228 176 219 133 165 220 133 173 70 228 228 130 130 105 102 68 70 70 143 136 59 93 219 176 68 81 138 175 66 165 70 106 136 215 143 106 228 219 133 143 171 198 136 215 228 176 212 171 59 173 102 93 173 81 138 68 175 51 228 106 59 105 138 102 133 68 81 63 70 70 220 102 130 130 176 102 66 215 102 106 175 220 143 136 143 35 133 105 203 51 105 228 165 138 51 138 138 198 63 215 106 66 106 173 59 173 51 51 93 130 70 198 138 63 81 136 212 106 175 171 138 63 220 102 51 165 66 93 133 165 165 173 173 81 173 130 212 215 93 212 165 219 220 66 66 63 70 35 198 138 59 143 176 198 68 
  Facilities: 30
 32 : 20 55 63 73 80
 35 : 1 36 75 180 242
 51 : 27 44 69 152 184 189 201 202 219
 59 : 13 24 41 64 115 143 155 199 245
 63 : 31 32 40 56 162 193 208 216 240
 66 : 34 70 123 171 196 221 238 239
 68 : 26 38 50 74 88 110 119 150 160 249
 70 : 37 52 66 83 103 111 112 125 163 164 205 241
 81 : 67 120 148 161 209 228
 93 : 35 42 53 116 146 203 222 233
 102 : 77 90 109 145 158 166 170 173 218
 105 : 25 30 60 82 108 156 182 185
 106 : 11 72 126 130 154 174 195 197 212
 130 : 16 65 68 106 107 167 168 204 230
 133 : 0 49 71 98 101 133 159 181 223
 136 : 3 22 61 114 127 137 178 210
 138 : 23 48 84 121 149 157 188 190 191 207 215 244
 143 : 4 29 59 79 113 129 134 177 179 246
 165 : 43 54 94 99 124 187 220 224 225 235
 171 : 15 76 135 142 214
 173 : 6 7 102 144 147 198 200 226 227 229
 175 : 12 28 39 86 92 122 151 175 213
 176 : 2 8 47 96 118 140 169 247
 198 : 5 18 136 192 206 243 248
 203 : 57 62 93 183
 212 : 33 46 78 141 211 231 234
 215 : 21 58 89 128 138 172 194 232
 219 : 19 51 85 97 117 132 236
 220 : 10 17 45 91 100 165 176 217 237
 228 : 9 14 81 87 95 104 105 131 139 153 186
SOLUTION:
  Value: -258085.000000
  Assigns: 133 90 176 136 145 246 173 173 176 228 109 109 109 59 228 171 137 220 33 109 32 145 136 36 59 137 68 189 175 109 90 137 131 36 233 36 33 70 68 175 106 59 93 165 196 37 196 176 138 133 68 189 70 93 165 32 196 176 215 143 145 136 133 32 59 130 70 143 130 90 37 133 106 32 196 36 37 36 189 143 32 228 37 70 138 145 175 90 33 215 215 220 90 233 165 37 56 37 33 165 220 133 145 70 228 145 130 131 145 145 68 70 70 143 109 59 93 106 176 68 90 138 175 33 165 233 106 136 215 143 106 228 33 133 143 171 143 136 215 228 145 233 171 59 173 109 93 173 137 138 68 175 56 56 106 131 56 138 36 233 68 36 136 70 70 220 189 130 130 176 145 143 215 228 106 175 220 143 189 143 228 133 137 109 145 36 228 56 138 189 138 138 171 175 215 106 56 106 173 59 90 143 220 93 130 70 196 137 33 131 189 131 33 131 171 138 70 220 68 145 165 246 93 90 165 131 233 173 131 173 233 106 215 93 233 165 131 220 220 196 33 70 196 130 138 59 143 176 143 68 
  Facilities: 32
 32 : 20 55 63 73 80
 33 : 18 36 88 98 123 132 208 212 240
 36 : 23 33 35 75 77 158 161 185
 37 : 45 70 76 82 95 97
 56 : 96 152 153 156 187 196
 59 : 13 24 41 64 115 143 199 245
 68 : 26 38 50 110 119 150 160 218 249
 70 : 37 52 66 83 103 111 112 163 164 205 216 241
 90 : 1 30 69 87 92 120 200 223
 93 : 42 53 116 146 203 222 233
 106 : 40 72 117 126 130 154 174 195 197 231
 109 : 10 11 12 19 29 114 145 183
 130 : 65 68 106 167 168 204 243
 131 : 32 107 155 209 211 213 225 228 236
 133 : 0 49 62 71 101 133 181
 136 : 3 22 61 127 137 162
 137 : 16 25 31 148 182 207
 138 : 48 84 121 149 157 188 190 191 215 244
 143 : 59 67 79 113 129 134 136 171 177 179 201 246 248
 145 : 4 21 60 85 102 105 108 109 140 170 184 219
 165 : 43 54 94 99 124 220 224 235
 171 : 15 135 142 192 214
 173 : 6 7 144 147 198 227 229
 175 : 28 39 86 122 151 175 193
 176 : 2 8 47 57 118 169 247
 189 : 27 51 78 166 178 189 210
 196 : 44 46 56 74 206 239 242
 215 : 58 89 90 128 138 172 194 232
 220 : 17 91 100 165 176 202 217 237 238
 228 : 9 14 81 104 131 139 173 180 186
 233 : 34 93 125 141 159 226 230 234
 246 : 5 221
SOLUTION:
  Value: -258088.000000
  Assigns: 133 90 176 136 145 246 173 173 176 228 109 109 109 59 228 171 130 220 33 109 32 145 136 36 59 165 68 189 175 109 90 189 131 36 233 36 33 70 68 175 106 59 93 165 196 37 196 176 138 133 68 189 70 93 165 32 196 176 215 143 145 136 133 32 59 130 70 143 130 90 37 133 106 32 196 36 37 36 189 143 32 228 37 70 138 145 175 90 33 215 215 220 90 233 165 37 56 37 33 165 220 133 145 70 228 145 130 131 145 145 68 70 70 143 109 59 93 106 176 68 90 138 175 33 165 233 106 136 215 143 106 228 33 133 143 171 143 136 215 228 145 233 171 59 173 109 93 173 109 138 68 175 56 56 106 131 56 138 36 233 68 36 136 70 70 220 189 130 130 176 145 143 215 228 106 175 220 143 189 143 228 133 246 109 145 36 228 56 138 189 138 138 171 175 215 106 56 106 173 59 90 143 220 93 130 70 196 138 33 131 189 131 33 131 171 138 70 220 68 145 165 246 93 90 165 131 233 173 131 173 233 106 215 93 233 165 131 220 220 196 33 70 196 130 138 59 143 176 143 68 
  Facilities: 31
 32 : 20 55 63 73 80
 33 : 18 36 88 98 123 132 208 212 240
 36 : 23 33 35 75 77 158 161 185
 37 : 45 70 76 82 95 97
 56 : 96 152 153 156 187 196
 59 : 13 24 41 64 115 143 199 245
 68 : 26 38 50 110 119 150 160 218 249
 70 : 37 52 66 83 103 111 112 163 164 205 216 241
 90 : 1 30 69 87 92 120 200 223
 93 : 42 53 116 146 203 222 233
 106 : 40 72 117 126 130 154 174 195 197 231
 109 : 10 11 12 19 29 114 145 148 183
 130 : 16 65 68 106 167 168 204 243
 131 : 32 107 155 209 211 213 225 228 236
 133 : 0 49 62 71 101 133 181
 136 : 3 22 61 127 137 162
 138 : 48 84 121 149 157 188 190 191 207 215 244
 143 : 59 67 79 113 129 134 136 171 177 179 201 246 248
 145 : 4 21 60 85 102 105 108 109 140 170 184 219
 165 : 25 43 54 94 99 124 220 224 235
 171 : 15 135 142 192 214
 173 : 6 7 144 147 198 227 229
 175 : 28 39 86 122 151 175 193
 176 : 2 8 47 57 118 169 247
 189 : 27 31 51 78 166 178 189 210
 196 : 44 46 56 74 206 239 242
 215 : 58 89 90 128 138 172 194 232
 220 : 17 91 100 165 176 202 217 237 238
 228 : 9 14 81 104 131 139 173 180 186
 233 : 34 93 125 141 159 226 230 234
 246 : 5 182 221
SOLUTION:
  Value: -258091.000000
  Assigns: 133 35 176 136 143 198 173 173 176 228 220 106 175 59 228 171 130 220 198 219 32 215 136 138 59 105 68 51 175 143 105 63 63 212 66 93 35 70 68 175 63 59 93 165 51 220 212 176 138 133 68 219 70 93 165 32 63 176 215 143 105 136 63 32 59 130 70 81 130 51 66 133 106 32 68 35 171 102 212 143 32 228 105 70 138 219 175 228 68 215 102 220 175 35 165 228 176 219 133 165 220 133 173 70 228 228 130 130 105 102 68 70 70 143 136 59 93 219 176 68 81 138 175 66 165 70 106 136 215 143 106 228 219 133 143 171 198 136 215 228 176 212 171 59 173 102 93 173 81 138 68 175 51 228 106 59 105 138 102 133 68 81 63 70 70 220 102 130 130 176 102 66 215 102 106 175 220 143 136 143 35 133 105 175 51 105 228 165 138 51 138 138 198 63 215 106 66 106 173 59 173 51 51 93 130 70 198 138 63 81 136 212 106 175 171 138 63 220 102 51 165 66 93 133 165 165 173 173 81 173 130 212 215 93 212 165 219 220 66 66 63 70 35 198 138 59 143 176 198 68 
  Facilities: 29
 32 : 20 55 63 73 80
 35 : 1 36 75 93 180 242
 51 : 27 44 69 152 184 189 201 202 219
 59 : 13 24 41 64 115 143 155 199 245
 63 : 31 32 40 56 62 162 193 208 216 240
 66 : 34 70 123 171 196 221 238 239
 68 : 26 38 50 74 88 110 119 150 160 249
 70 : 37 52 66 83 103 111 112 125 163 164 205 241
 81 : 67 120 148 161 209 228
 93 : 35 42 53 116 146 203 222 233
 102 : 77 90 109 145 158 166 170 173 218
 105 : 25 30 60 82 108 156 182 185
 106 : 11 72 126 130 154 174 195 197 212
 130 : 16 65 68 106 107 167 168 204 230
 133 : 0 49 71 98 101 133 159 181 223
 136 : 3 22 61 114 127 137 178 210
 138 : 23 48 84 121 149 157 188 190 191 207 215 244
 143 : 4 29 59 79 113 129 134 177 179 246
 165 : 43 54 94 99 124 187 220 224 225 235
 171 : 15 76 135 142 214
 173 : 6 7 102 144 147 198 200 226 227 229
 175 : 12 28 39 86 92 122 151 175 183 213
 176 : 2 8 47 57 96 118 140 169 247
 198 : 5 18 136 192 206 243 248
 212 : 33 46 78 141 211 231 234
 215 : 21 58 89 128 138 172 194 232
 219 : 19 51 85 97 117 132 236
 220 : 10 17 45 91 100 165 176 217 237
 228 : 9 14 81 87 95 104 105 131 139 153 186
SOLUTION:
  Value: -258092.000000
  Assigns: 133 98 178 247 145 178 175 51 209 228 178 54 175 222 232 171 130 228 33 219 145 145 228 36 59 165 68 51 175 143 54 247 50 36 133 36 33 70 68 175 227 59 93 222 51 232 212 50 138 178 68 219 70 93 165 203 98 203 228 143 145 143 203 59 59 130 70 81 50 51 37 133 247 81 222 36 37 36 212 143 33 228 37 98 138 54 175 228 247 232 37 37 175 203 165 37 145 219 33 165 178 133 145 70 228 145 130 190 145 145 209 70 70 143 209 59 93 219 219 68 222 138 175 33 165 209 165 50 81 143 68 209 219 98 143 171 178 247 190 228 145 212 171 59 212 219 247 178 81 138 68 175 51 228 54 59 190 138 36 33 68 81 98 70 98 54 219 130 130 209 222 98 227 227 54 175 247 143 227 143 54 133 37 203 145 36 228 165 138 178 138 227 50 54 232 228 209 130 50 59 178 51 51 93 232 70 36 190 33 81 165 227 247 175 171 138 190 36 68 51 165 219 93 133 165 165 232 178 81 190 130 212 37 93 212 209 219 232 33 98 33 70 222 130 138 59 143 212 143 68 
  Facilities: 31
 33 : 18 36 80 98 123 159 208 238 240
 36 : 23 33 35 75 77 158 185 206 217
 37 : 70 76 82 90 91 95 182 232
 50 : 32 47 68 127 192 198
 51 : 7 27 44 69 152 201 202 219
 54 : 11 30 85 154 165 174 180 193
 59 : 24 41 63 64 115 143 155 199 245
 68 : 26 38 50 119 130 150 160 218 249
 70 : 37 52 66 103 111 112 163 205 241
 81 : 67 73 128 148 161 209 228
 93 : 42 53 116 203 222 233
 98 : 1 56 83 133 162 164 171 239
 130 : 16 65 106 167 168 197 230 243
 133 : 0 34 71 101 181 223
 138 : 48 84 121 149 157 188 190 215 244
 143 : 29 59 61 79 113 129 134 177 179 246 248
 145 : 4 20 21 60 96 102 105 108 109 140 184
 165 : 25 54 94 99 124 126 187 210 220 224 225
 171 : 15 135 142 214
 175 : 6 12 28 39 86 92 122 151 175 213
 178 : 2 5 10 49 100 136 147 189 200 227
 190 : 107 138 156 207 216 229
 203 : 55 57 62 93 183
 209 : 8 110 114 125 131 169 196 235
 212 : 46 78 141 144 231 234 247
 219 : 19 51 97 117 118 132 145 166 221 236
 222 : 13 43 74 120 170 242
 227 : 40 172 173 178 191 211
 228 : 9 17 22 58 81 87 104 139 153 186 195
 232 : 14 45 89 194 204 226 237
 247 : 3 31 72 88 137 146 176 212
