# Time: 1685.449951
# Elapsed: 588.961182
# Input_file: splp/GapB/531GapBS.txt
# Pool_size: 400
# Iterations: 37
# Final_solutions: 14100
# Vision_range: 600
# Reduction_mode: REDUCTION_DISPERSE
# Dissimilitude: DISSIM_MSE
# Facility_dist: FDISMODE_MINDIST
SOLUTION:
  Value: -54103.000000
  Assigns: 32 88 39 29 39 33 32 39 32 79 73 29 18 58 78 18 84 32 73 79 32 79 22 89 29 78 14 22 10 55 55 73 33 78 55 73 10 55 73 32 14 29 89 39 33 18 59 10 22 58 59 79 18 18 73 72 10 88 10 33 88 10 73 18 78 29 59 88 73 84 29 29 58 32 89 32 29 55 10 84 32 55 79 88 14 79 59 39 89 72 78 72 18 58 59 72 39 72 10 89 
  Facilities: 18
 10 : 28 36 47 56 58 61 78 98
 14 : 26 40 84
 18 : 12 15 45 52 53 63 92
 22 : 22 27 48
 29 : 3 11 24 41 65 70 71 76
 32 : 0 6 8 17 20 39 73 75 80
 33 : 5 32 44 59
 39 : 2 4 7 43 87 96
 55 : 29 30 34 37 77 81
 58 : 13 49 72 93
 59 : 46 50 66 86 94
 72 : 55 89 91 95 97
 73 : 10 18 31 35 38 54 62 68
 78 : 14 25 33 64 90
 79 : 9 19 21 51 82 85
 84 : 16 69 79
 88 : 1 57 60 67 83
 89 : 23 42 74 88 99
SOLUTION:
  Value: -69161.000000
  Assigns: 17 0 49 31 31 0 91 34 36 6 91 0 8 30 81 81 42 44 3 81 84 31 34 89 41 78 63 36 77 55 55 8 36 78 55 36 8 55 57 84 42 6 89 63 77 31 84 49 42 49 42 70 3 63 57 17 81 78 17 70 3 34 34 0 78 81 31 78 31 84 49 57 44 30 89 30 17 34 42 84 3 41 78 44 3 36 81 17 89 3 78 44 30 42 36 0 81 77 42 89 
  Facilities: 23
 0 : 1 5 11 63 95
 3 : 18 52 60 80 84 89
 6 : 9 41
 8 : 12 31 36
 17 : 0 55 58 76 87
 30 : 13 73 75 92
 31 : 3 4 21 45 66 68
 34 : 7 22 61 62 77
 36 : 8 27 32 35 85 94
 41 : 24 81
 42 : 16 40 48 50 78 93 98
 44 : 17 72 83 91
 49 : 2 47 49 70
 55 : 29 30 34 37
 57 : 38 54 71
 63 : 26 43 53
 70 : 51 59
 77 : 28 44 97
 78 : 25 33 57 64 67 82 90
 81 : 14 15 19 56 65 86 96
 84 : 20 39 46 69 79
 89 : 23 42 74 88 99
 91 : 6 10
SOLUTION:
  Value: -72152.000000
  Assigns: 17 88 49 31 31 99 93 17 85 6 91 36 8 9 49 47 42 44 3 47 77 12 85 93 91 9 12 36 77 70 12 2 93 8 9 36 8 12 99 41 42 6 89 31 47 31 2 49 42 49 42 41 3 85 2 17 12 88 17 70 3 8 41 0 9 99 31 88 99 41 49 85 44 44 89 47 17 12 42 93 3 41 93 88 9 36 85 47 89 3 8 2 47 93 36 0 89 77 12 89 
  Facilities: 24
 0 : 63 95
 2 : 31 46 54 91
 3 : 18 52 60 80 89
 6 : 9 41
 8 : 12 33 36 61 90
 9 : 13 25 34 64 84
 12 : 21 26 30 37 56 77 98
 17 : 0 7 55 58 76
 30 :
 31 : 3 4 43 45 66
 36 : 11 27 35 85 94
 41 : 39 51 62 69 81
 42 : 16 40 48 50 78
 44 : 17 72 73
 47 : 15 19 44 75 87 92
 49 : 2 14 47 49 70
 70 : 29 59
 77 : 20 28 97
 85 : 8 22 53 71 86
 88 : 1 57 67 83
 89 : 42 74 88 96 99
 91 : 10 24
 93 : 6 23 32 79 82 93
 99 : 5 38 65 68
SOLUTION:
  Value: -72154.000000
  Assigns: 17 88 49 31 31 0 91 34 47 6 95 36 95 9 49 47 35 44 3 47 84 12 34 89 41 9 12 36 77 95 12 8 36 8 9 36 8 12 44 84 42 6 89 31 47 31 84 49 42 49 42 70 3 9 47 17 12 88 17 70 3 34 34 0 9 30 31 88 31 84 49 95 44 30 89 47 17 34 42 84 3 41 77 88 95 95 35 17 89 3 8 44 47 42 36 0 89 77 12 89 
  Facilities: 24
 0 : 5 63 95
 3 : 18 52 60 80 89
 6 : 9 41
 8 : 31 33 36 90
 9 : 13 25 34 53 64
 12 : 21 26 30 37 56 98
 17 : 0 55 58 76 87
 30 : 65 73
 31 : 3 4 43 45 66 68
 34 : 7 22 61 62 77
 35 : 16 86
 36 : 11 27 32 35 94
 41 : 24 81
 42 : 40 48 50 78 93
 44 : 17 38 72 91
 47 : 8 15 19 44 54 75 92
 49 : 2 14 47 49 70
 70 : 51 59
 77 : 28 82 97
 84 : 20 39 46 69 79
 88 : 1 57 67 83
 89 : 23 42 74 88 96 99
 91 : 6
 95 : 10 12 29 71 84 85
SOLUTION:
  Value: -75139.000000
  Assigns: 17 0 39 31 39 99 91 39 85 6 91 36 8 9 78 47 42 44 3 47 84 12 85 89 91 78 12 36 10 70 12 8 36 78 9 36 10 12 99 84 42 6 89 31 47 39 84 10 42 49 42 41 3 85 47 17 10 78 17 70 3 8 41 0 78 99 31 78 99 84 49 85 44 44 89 47 17 12 42 84 3 41 78 44 9 36 85 39 89 3 78 44 47 42 36 0 39 77 10 89 
  Facilities: 25
 0 : 1 63 95
 3 : 18 52 60 80 89
 6 : 9 41
 8 : 12 31 61
 9 : 13 34 84
 10 : 28 36 47 56 98
 12 : 21 26 30 37 77
 17 : 0 55 58 76
 30 :
 31 : 3 43 66
 36 : 11 27 32 35 85 94
 39 : 2 4 7 45 87 96
 41 : 51 62 81
 42 : 16 40 48 50 78 93
 44 : 17 72 73 83 91
 47 : 15 19 44 54 75 92
 49 : 49 70
 70 : 29 59
 77 : 97
 78 : 14 25 33 57 64 67 82 90
 84 : 20 39 46 69 79
 85 : 8 22 53 71 86
 89 : 23 42 74 88 99
 91 : 6 10 24
 99 : 5 38 65 68
SOLUTION:
  Value: -75145.000000
  Assigns: 17 0 39 5 39 99 93 39 47 6 25 0 8 9 78 47 35 90 93 47 77 12 25 93 41 78 12 36 77 70 12 8 93 78 9 36 5 12 99 41 42 6 30 76 47 5 66 90 42 99 42 70 70 9 47 17 12 78 17 70 47 8 25 0 78 99 76 76 99 41 66 5 44 44 90 47 17 66 76 93 66 41 78 66 9 36 35 39 5 91 78 44 47 93 90 0 39 77 12 93 
  Facilities: 25
 0 : 1 11 63 95
 5 : 3 36 45 71 88
 6 : 9 41
 8 : 12 31 61
 9 : 13 34 53 84
 12 : 21 26 30 37 56 98
 17 : 0 55 58 76
 25 : 10 22 62
 30 : 42
 35 : 16 86
 36 : 27 35 85
 39 : 2 4 7 87 96
 41 : 24 39 69 81
 42 : 40 48 50
 44 : 72 73 91
 47 : 8 15 19 44 54 60 75 92
 66 : 46 70 77 80 83
 70 : 29 51 52 59
 76 : 43 66 67 78
 77 : 20 28 97
 78 : 14 25 33 57 64 82 90
 90 : 17 47 74 94
 91 : 89
 93 : 6 18 23 32 79 93 99
 99 : 5 38 49 65 68
SOLUTION:
  Value: -75150.000000
  Assigns: 17 88 49 31 31 33 91 34 85 6 25 0 8 9 49 47 42 44 3 47 84 12 25 89 91 9 12 36 77 70 12 8 33 8 9 36 8 12 44 84 42 6 89 31 47 31 84 49 42 49 42 70 3 85 47 17 12 88 17 70 3 34 34 0 9 91 31 88 31 84 49 85 44 44 89 47 17 34 42 84 3 41 33 88 9 36 85 47 89 3 25 44 47 42 36 0 89 77 12 89 
  Facilities: 25
 0 : 11 63 95
 3 : 18 52 60 80 89
 6 : 9 41
 8 : 12 31 33 36
 9 : 13 25 34 64 84
 12 : 21 26 30 37 56 98
 17 : 0 55 58 76
 25 : 10 22 90
 30 :
 31 : 3 4 43 45 66 68
 33 : 5 32 82
 34 : 7 61 62 77
 36 : 27 35 85 94
 41 : 81
 42 : 16 40 48 50 78 93
 44 : 17 38 72 73 91
 47 : 15 19 44 54 75 87 92
 49 : 2 14 47 49 70
 70 : 29 51 59
 77 : 28 97
 84 : 20 39 46 69 79
 85 : 8 53 71 86
 88 : 1 57 67 83
 89 : 23 42 74 88 96 99
 91 : 6 24 65
SOLUTION:
  Value: -75151.000000
  Assigns: 17 0 49 48 26 48 91 34 85 6 73 0 8 9 49 47 35 44 73 47 77 12 85 89 91 48 12 36 77 70 12 73 36 8 9 73 8 12 73 41 42 6 89 76 47 49 66 49 42 49 42 70 70 85 73 17 12 48 17 70 47 34 34 0 9 48 76 76 73 41 66 85 44 44 89 47 17 66 76 26 66 41 77 66 9 36 85 47 89 91 8 44 47 42 36 0 89 77 26 89 
  Facilities: 25
 0 : 1 11 63 95
 6 : 9 41
 8 : 12 33 36 90
 9 : 13 34 64 84
 12 : 21 26 30 37 56
 17 : 0 55 58 76
 26 : 4 79 98
 30 :
 34 : 7 61 62
 35 : 16
 36 : 27 32 85 94
 41 : 39 69 81
 42 : 40 48 50 93
 44 : 17 72 73 91
 47 : 15 19 44 60 75 87 92
 48 : 3 5 25 57 65
 49 : 2 14 45 47 49
 66 : 46 70 77 80 83
 70 : 29 51 52 59
 73 : 10 18 31 35 38 54 68
 76 : 43 66 67 78
 77 : 20 28 82 97
 85 : 8 22 53 71 86
 89 : 23 42 74 88 96 99
 91 : 6 24 89
SOLUTION:
  Value: -75152.000000
  Assigns: 17 88 49 31 31 0 91 17 85 6 25 0 8 30 49 47 35 44 3 47 84 12 25 89 91 41 12 36 77 70 12 8 82 8 82 36 8 12 57 84 42 6 89 31 47 31 84 49 42 49 42 41 3 85 57 17 12 88 17 70 3 8 41 0 57 57 31 88 31 84 49 85 44 44 89 47 17 25 42 84 3 41 77 88 3 36 85 47 89 3 25 44 47 42 36 0 89 77 12 89 
  Facilities: 25
 0 : 5 11 63 95
 3 : 18 52 60 80 84 89
 6 : 9 41
 8 : 12 31 33 36 61
 12 : 21 26 30 37 56 98
 17 : 0 7 55 58 76
 25 : 10 22 77 90
 30 : 13
 31 : 3 4 43 45 66 68
 35 : 16
 36 : 27 35 85 94
 41 : 25 51 62 81
 42 : 40 48 50 78 93
 44 : 17 72 73 91
 47 : 15 19 44 75 87 92
 49 : 2 14 47 49 70
 57 : 38 54 64 65
 70 : 29 59
 77 : 28 82 97
 82 : 32 34
 84 : 20 39 46 69 79
 85 : 8 53 71 86
 88 : 1 57 67 83
 89 : 23 42 74 88 96 99
 91 : 6 24
SOLUTION:
  Value: -75156.000000
  Assigns: 17 88 49 5 5 99 91 63 47 6 73 36 8 9 81 81 42 44 28 81 77 99 34 37 91 22 63 36 77 70 77 73 37 8 9 73 5 22 73 41 42 6 30 63 47 5 22 49 22 99 28 41 70 9 73 17 81 88 17 70 88 34 34 0 9 99 28 88 73 41 49 5 44 28 37 47 17 34 42 28 37 41 28 88 9 36 81 37 5 91 8 44 47 42 63 0 81 77 42 70 
  Facilities: 25
 0 : 63 95
 5 : 3 4 36 45 71 88
 6 : 9 41
 8 : 12 33 90
 9 : 13 34 53 64 84
 17 : 0 55 58 76
 22 : 25 37 46 48
 28 : 18 50 66 73 79 82
 30 : 42
 34 : 22 61 62 77
 36 : 11 27 85
 37 : 23 32 74 80 87
 41 : 39 51 69 81
 42 : 16 40 78 93 98
 44 : 17 72 91
 47 : 8 44 75 92
 49 : 2 47 70
 63 : 7 26 43 94
 70 : 29 52 59 99
 73 : 10 31 35 38 54 68
 77 : 20 28 30 97
 81 : 14 15 19 56 86 96
 88 : 1 57 60 67 83
 91 : 6 24 89
 99 : 5 21 49 65
