# Time: 78.879997
# Elapsed: 43.130810
# Input_file: splp/KoerkelGhosh-asym/250/c/ga250c-2
# Pool_size: 400
# Iterations: 6
# Final_solutions: 1469
# Vision_range: 600
# Reduction_mode: REDUCTION_DISPERSE
# Dissimilitude: DISSIM_MSE
# Facility_dist: FDISMODE_SUMOFDELTAS
SOLUTION:
  Value: -330728.000000
  Assigns: 44 87 98 54 87 98 44 87 54 54 87 54 54 44 98 87 54 98 87 87 87 54 54 98 98 98 98 98 98 44 87 98 87 54 98 54 87 44 87 98 87 98 87 54 54 44 87 54 54 54 54 87 98 87 98 44 98 87 54 54 44 98 44 98 44 87 54 44 98 44 98 54 98 98 87 98 87 98 44 87 54 54 54 87 87 44 54 98 44 54 44 44 87 87 44 87 98 98 87 44 54 87 98 87 87 98 44 54 54 98 54 54 87 54 44 87 54 44 98 87 98 87 87 54 87 54 98 54 54 54 98 54 54 98 98 44 98 87 87 44 54 87 44 87 98 54 98 44 54 44 98 44 98 98 98 54 98 54 54 98 44 87 44 54 54 98 98 98 98 44 54 54 87 54 54 44 87 98 44 44 44 54 98 87 98 98 54 87 54 44 87 54 98 87 87 98 87 44 87 54 98 54 98 44 54 54 54 44 54 98 87 54 54 87 98 98 87 54 87 87 54 98 54 54 87 54 44 87 44 87 54 54 98 44 54 98 44 98 98 87 54 54 54 98 54 87 87 98 87 98 
  Facilities: 4
 44 : 0 6 13 29 37 45 55 60 62 64 67 69 78 85 88 90 91 94 99 106 114 117 135 139 142 147 149 151 160 162 169 175 178 179 180 189 197 203 207 226 228 233 236
 54 : 3 8 9 11 12 16 21 22 33 35 43 44 47 48 49 50 58 59 66 71 80 81 82 86 89 100 107 108 110 111 113 116 123 125 127 128 129 131 132 140 145 148 155 157 158 163 164 170 171 173 174 181 186 188 191 199 201 204 205 206 208 211 212 217 220 222 223 225 230 231 234 240 241 242 244
 87 : 1 4 7 10 15 18 19 20 30 32 36 38 40 42 46 51 53 57 65 74 76 79 83 84 92 93 95 98 101 103 104 112 115 119 121 122 124 137 138 141 143 161 172 176 183 187 190 193 194 196 198 210 213 216 218 219 224 227 229 239 245 246 248
 98 : 2 5 14 17 23 24 25 26 27 28 31 34 39 41 52 54 56 61 63 68 70 72 73 75 77 87 96 97 102 105 109 118 120 126 130 133 134 136 144 146 150 152 153 154 156 159 165 166 167 168 177 182 184 185 192 195 200 202 209 214 215 221 232 235 237 238 243 247 249
SOLUTION:
  Value: -331177.000000
  Assigns: 234 102 102 54 102 239 234 234 54 239 54 54 54 239 102 239 54 102 54 54 234 54 239 239 102 234 234 54 54 239 239 239 239 239 239 239 239 234 54 102 54 234 102 54 54 234 102 239 54 54 234 102 234 102 102 239 234 54 234 54 234 234 54 102 234 102 234 102 239 234 102 54 234 234 239 239 239 234 102 102 54 102 102 239 102 239 234 234 239 54 239 54 102 234 102 54 239 234 102 102 54 54 102 54 102 234 239 102 102 54 54 234 102 54 54 234 54 239 234 102 102 102 234 54 234 239 54 234 54 54 239 54 239 102 234 102 102 102 234 239 54 234 102 239 102 54 239 239 54 239 54 234 102 102 239 54 234 54 54 234 102 234 102 54 54 239 234 239 239 234 54 54 239 54 234 234 234 239 54 102 234 54 239 239 54 102 54 102 54 102 239 102 102 234 234 102 54 234 234 234 54 234 234 234 54 54 239 102 54 102 102 54 54 234 239 239 102 234 54 54 54 54 54 234 54 239 239 102 102 102 54 102 234 239 102 234 102 239 239 234 54 102 54 54 234 234 239 54 102 234 
  Facilities: 4
 54 : 3 8 10 11 12 16 18 19 21 27 28 38 40 43 44 48 49 57 59 62 71 80 89 91 95 100 101 103 109 110 113 114 116 123 126 128 129 131 140 145 148 150 155 157 158 163 164 170 171 173 178 181 184 186 188 196 200 204 205 208 211 212 218 219 220 221 222 224 230 240 242 243 247
 102 : 1 2 4 14 17 24 39 42 46 51 53 54 63 65 67 70 78 79 81 82 84 92 94 98 99 102 104 107 108 112 119 120 121 133 135 136 137 142 144 152 153 160 162 179 185 187 189 191 192 195 207 209 210 216 227 228 229 231 234 236 241 248
 234 : 0 6 7 20 25 26 37 41 45 50 52 56 58 60 61 64 66 69 72 73 77 86 87 93 97 105 111 115 118 122 124 127 134 138 141 151 156 159 161 166 169 174 175 176 180 193 194 197 198 199 201 202 203 213 217 223 232 235 239 244 245 249
 239 : 5 9 13 15 22 23 29 30 31 32 33 34 35 36 47 55 68 74 75 76 83 85 88 90 96 106 117 125 130 132 139 143 146 147 149 154 165 167 168 172 177 182 183 190 206 214 215 225 226 233 237 238 246
SOLUTION:
  Value: -331215.000000
  Assigns: 87 87 98 54 87 98 54 87 54 54 87 54 54 54 98 87 54 98 87 87 87 54 54 98 98 98 98 98 98 98 87 98 87 54 98 54 87 98 87 98 87 98 87 54 54 54 87 54 54 54 54 87 98 87 98 54 98 87 54 54 54 98 54 98 54 87 54 98 98 98 98 54 98 98 87 98 87 98 54 87 54 54 54 87 87 98 54 98 54 54 98 98 87 87 87 87 98 98 87 87 54 87 98 87 87 98 87 54 54 98 54 54 87 54 54 87 54 54 98 87 98 87 87 54 87 54 98 54 54 54 98 54 54 98 98 98 98 87 87 98 54 87 87 87 98 54 98 98 54 54 98 54 98 98 98 54 98 54 54 98 87 87 87 54 54 98 98 98 98 87 54 54 87 54 54 87 87 98 87 98 98 54 98 87 98 98 54 87 54 87 87 54 98 87 87 98 87 54 87 54 98 54 98 87 54 54 54 54 54 98 87 54 54 87 98 98 87 54 87 87 54 98 54 54 87 54 98 87 54 87 54 54 98 87 54 98 98 98 98 87 54 54 54 98 54 87 87 98 87 98 
  Facilities: 3
 54 : 3 6 8 9 11 12 13 16 21 22 33 35 43 44 45 47 48 49 50 55 58 59 60 62 64 66 71 78 80 81 82 86 88 89 100 107 108 110 111 113 114 116 117 123 125 127 128 129 131 132 140 145 148 149 151 155 157 158 163 164 170 171 173 174 181 186 188 191 197 199 201 204 205 206 207 208 211 212 217 220 222 223 225 228 230 231 234 240 241 242 244
 87 : 0 1 4 7 10 15 18 19 20 30 32 36 38 40 42 46 51 53 57 65 74 76 79 83 84 92 93 94 95 98 99 101 103 104 106 112 115 119 121 122 124 137 138 141 142 143 160 161 162 169 172 175 176 178 183 187 189 190 193 194 196 198 203 210 213 216 218 219 224 227 229 233 239 245 246 248
 98 : 2 5 14 17 23 24 25 26 27 28 29 31 34 37 39 41 52 54 56 61 63 67 68 69 70 72 73 75 77 85 87 90 91 96 97 102 105 109 118 120 126 130 133 134 135 136 139 144 146 147 150 152 153 154 156 159 165 166 167 168 177 179 180 182 184 185 192 195 200 202 209 214 215 221 226 232 235 236 237 238 243 247 249
SOLUTION:
  Value: -331646.000000
  Assigns: 188 102 102 54 63 188 63 188 54 54 54 54 54 63 102 102 188 188 54 63 188 54 63 102 102 63 188 54 188 102 188 63 188 102 63 54 102 188 54 102 63 63 102 54 54 102 102 188 54 54 54 102 188 188 102 54 188 54 102 54 63 102 54 102 188 102 54 102 102 102 102 54 63 63 63 188 63 188 63 102 63 63 102 188 102 63 188 54 54 54 188 54 102 188 102 54 63 54 63 63 54 54 102 188 188 63 102 102 102 54 54 54 102 54 54 63 188 63 63 63 102 102 188 54 188 63 63 63 54 63 54 54 188 102 188 102 102 102 63 54 54 188 102 188 63 54 188 54 54 63 54 102 102 102 63 54 188 54 54 188 188 54 188 54 54 54 63 54 63 63 54 54 63 54 188 188 63 188 63 63 188 54 102 54 54 102 63 102 54 102 63 102 102 188 188 102 63 188 63 54 188 102 188 102 54 54 54 102 188 102 102 54 54 63 102 188 102 54 54 54 63 63 54 188 188 188 54 188 102 63 54 102 188 188 102 63 102 63 63 188 188 102 54 54 54 102 54 54 102 63 
  Facilities: 4
 54 : 3 8 9 10 11 12 18 21 27 35 38 43 44 48 49 50 55 57 59 62 66 71 87 88 89 91 95 97 100 101 109 110 111 113 114 123 128 130 131 139 140 145 147 148 150 155 157 158 161 163 164 165 167 170 171 173 181 183 184 188 199 204 205 206 211 212 217 218 219 222 226 230 242 243 244 246 247
 63 : 4 6 13 19 22 25 31 34 40 41 60 72 73 74 76 78 80 81 85 96 98 99 105 115 117 118 119 125 126 127 129 138 144 149 154 166 168 169 172 176 178 179 186 190 196 198 213 220 221 229 235 237 238 249
 102 : 1 2 14 15 23 24 29 33 36 39 42 45 46 51 54 58 61 63 65 67 68 69 70 79 82 84 92 94 102 106 107 108 112 120 121 133 135 136 137 142 151 152 153 182 185 187 189 191 192 195 201 203 207 209 210 214 216 228 231 234 236 241 245 248
 188 : 0 5 7 16 17 20 26 28 30 32 37 47 52 53 56 64 75 77 83 86 90 93 103 104 116 122 124 132 134 141 143 146 156 159 160 162 174 175 177 180 193 194 197 200 202 208 215 223 224 225 227 232 233 239 240
SOLUTION:
  Value: -331800.000000
  Assigns: 181 87 215 54 87 181 215 87 54 181 87 54 54 181 54 87 181 215 215 215 87 54 54 54 181 215 87 54 215 215 87 181 87 181 87 54 215 215 87 181 87 215 181 54 54 181 87 181 54 54 54 181 181 87 215 181 54 87 54 54 181 181 215 215 54 87 54 215 215 181 54 181 181 87 87 215 87 181 181 87 54 181 181 87 87 54 215 181 181 54 181 87 181 181 87 87 181 181 87 87 54 87 87 87 181 215 215 181 181 54 181 54 215 181 54 87 54 54 215 87 54 87 181 54 87 181 181 54 54 54 87 54 54 181 87 181 215 215 87 54 54 87 87 87 215 215 215 54 54 181 54 215 87 87 181 54 181 54 215 215 181 87 215 54 54 54 181 54 181 181 54 54 87 54 215 87 87 181 215 215 215 54 215 87 54 181 54 87 54 215 87 54 181 87 87 215 87 181 215 215 215 215 181 215 215 54 54 215 54 87 87 54 215 215 215 181 87 54 87 87 54 215 54 54 87 54 54 87 181 87 54 215 181 181 54 215 181 215 215 87 181 181 54 87 54 87 87 54 87 181 
  Facilities: 4
 54 : 3 8 11 12 14 21 22 23 27 35 43 44 48 49 50 56 58 59 64 66 70 80 85 89 100 109 111 114 116 117 120 123 127 128 129 131 132 139 140 147 148 150 155 157 163 164 165 167 170 171 173 181 184 186 188 191 205 206 208 211 217 220 222 223 225 226 230 234 242 244 247
 87 : 1 4 7 10 15 20 26 30 32 34 38 40 46 53 57 65 73 74 76 79 83 84 91 94 95 98 99 101 102 103 115 119 121 124 130 134 138 141 142 143 152 153 161 172 175 176 183 187 190 193 194 196 209 210 216 218 219 224 227 229 239 243 245 246 248
 181 : 0 5 9 13 16 24 31 33 39 42 45 47 51 52 55 60 61 69 71 72 77 78 81 82 87 88 90 92 93 96 97 104 107 108 110 113 122 125 126 133 135 149 154 156 160 166 168 169 177 185 192 197 202 215 228 232 233 236 240 241 249
 215 : 2 6 17 18 19 25 28 29 36 37 41 54 62 63 67 68 75 86 105 106 112 118 136 137 144 145 146 151 158 159 162 174 178 179 180 182 189 195 198 199 200 201 203 204 207 212 213 214 221 231 235 237 238
SOLUTION:
  Value: -332472.000000
  Assigns: 190 87 190 210 87 210 210 87 54 54 87 54 54 190 54 87 54 210 87 87 87 54 190 54 190 210 190 54 54 190 87 210 87 54 210 54 190 190 87 210 87 210 87 54 54 190 87 210 54 54 190 190 190 87 210 54 54 87 210 54 210 190 54 190 190 190 190 190 190 210 210 54 190 87 87 87 87 210 54 87 54 210 210 87 87 210 210 54 54 190 190 190 87 87 87 87 190 190 190 87 54 87 210 87 190 190 210 210 210 54 190 54 87 54 54 87 54 190 87 190 54 87 210 54 210 54 190 54 54 54 87 54 210 190 87 87 210 87 87 210 54 87 87 87 210 54 210 190 210 210 210 210 87 87 210 54 210 54 54 190 210 87 210 54 54 54 210 54 190 87 54 54 87 54 54 87 87 54 210 210 210 190 190 87 54 87 54 210 54 190 87 54 190 87 87 210 87 210 210 210 210 210 190 190 54 54 54 210 54 87 190 210 54 210 190 190 87 54 87 87 210 87 190 210 87 210 54 87 210 87 54 190 190 87 190 87 210 210 54 190 190 54 54 87 54 87 210 54 87 210 
  Facilities: 4
 54 : 8 9 11 12 14 16 21 23 27 28 33 35 43 44 48 49 55 56 59 62 71 78 80 87 88 100 109 111 113 114 116 120 123 125 127 128 129 131 140 145 155 157 158 163 164 165 167 170 171 173 174 177 184 186 188 191 204 205 206 208 212 217 226 230 238 241 242 244 247
 87 : 1 4 7 10 15 18 19 20 30 32 38 40 42 46 53 57 73 74 75 76 79 83 84 92 93 94 95 99 101 103 112 115 118 121 130 134 135 137 138 141 142 143 152 153 161 169 172 175 176 183 185 190 193 194 196 209 216 218 219 221 224 227 229 233 235 243 245 248
 190 : 0 2 13 22 24 26 29 36 37 45 50 51 52 61 63 64 65 66 67 68 72 89 90 91 96 97 98 104 105 110 117 119 126 133 147 159 168 181 182 189 192 202 203 210 214 215 222 231 232 234 239 240
 210 : 3 5 6 17 25 31 34 39 41 47 54 58 60 69 70 77 81 82 85 86 102 106 107 108 122 124 132 136 139 144 146 148 149 150 151 154 156 160 162 166 178 179 180 187 195 197 198 199 200 201 207 211 213 220 223 225 228 236 237 246 249
SOLUTION:
  Value: -332807.000000
  Assigns: 234 102 102 54 102 102 234 234 54 54 54 54 54 54 102 102 54 102 54 54 234 54 54 102 102 234 234 54 54 102 234 54 234 102 102 54 234 234 54 102 54 234 102 54 54 234 102 54 54 54 234 102 234 102 102 54 234 54 234 54 234 234 54 102 234 102 234 102 102 234 102 54 234 234 234 234 102 234 102 102 54 102 102 234 102 54 234 234 54 54 234 54 102 234 102 54 234 234 102 102 54 54 102 54 102 234 102 102 102 54 54 234 102 54 54 234 54 54 234 102 102 102 234 54 234 54 54 234 54 54 54 54 54 102 234 102 102 102 234 54 54 234 102 234 102 54 102 54 54 54 54 234 102 102 234 54 234 54 54 234 102 234 102 54 54 54 234 54 54 234 54 54 234 54 234 234 234 54 54 102 234 54 102 234 54 102 54 102 54 102 54 102 102 234 234 102 54 234 234 234 54 234 234 234 54 54 234 102 54 102 102 54 54 234 234 234 102 234 54 54 54 54 54 234 54 54 54 102 102 102 54 102 234 54 102 234 102 102 102 234 54 102 54 54 234 234 54 54 102 234 
  Facilities: 3
 54 : 3 8 9 10 11 12 13 16 18 19 21 22 27 28 31 35 38 40 43 44 47 48 49 55 57 59 62 71 80 85 88 89 91 95 100 101 103 109 110 113 114 116 117 123 125 126 128 129 130 131 132 139 140 145 147 148 149 150 155 157 158 163 164 165 167 168 170 171 173 177 178 181 184 186 188 190 196 200 204 205 208 211 212 218 219 220 221 222 224 225 226 230 233 240 242 243 246 247
 102 : 1 2 4 5 14 15 17 23 24 29 33 34 39 42 46 51 53 54 63 65 67 68 70 76 78 79 81 82 84 92 94 98 99 102 104 106 107 108 112 119 120 121 133 135 136 137 142 144 146 152 153 160 162 179 182 185 187 189 191 192 195 207 209 210 216 227 228 229 231 234 236 237 238 241 248
 234 : 0 6 7 20 25 26 30 32 36 37 41 45 50 52 56 58 60 61 64 66 69 72 73 74 75 77 83 86 87 90 93 96 97 105 111 115 118 122 124 127 134 138 141 143 151 154 156 159 161 166 169 172 174 175 176 180 183 193 194 197 198 199 201 202 203 206 213 214 215 217 223 232 235 239 244 245 249
SOLUTION:
  Value: -332932.000000
  Assigns: 59 102 102 54 102 152 54 152 54 54 54 54 54 59 102 152 152 59 54 54 152 54 59 152 102 152 152 54 54 102 59 54 59 152 59 54 59 59 54 102 54 152 102 54 54 152 102 59 54 54 59 102 59 152 102 54 54 54 152 54 59 102 59 152 152 102 54 102 152 152 102 54 59 152 59 59 59 102 102 102 54 152 102 152 102 54 54 54 54 54 152 54 102 59 102 152 59 54 59 152 54 54 102 152 152 152 102 102 59 59 54 59 102 152 54 59 59 59 59 152 102 102 59 59 59 152 54 59 54 54 54 54 59 102 152 102 102 102 59 54 54 54 102 59 102 54 59 59 152 152 152 102 102 152 59 54 152 152 59 59 102 152 102 54 54 59 59 54 152 59 54 54 152 54 152 152 59 54 152 152 152 152 59 152 54 152 54 102 54 102 59 102 102 152 59 102 59 102 152 152 59 59 59 59 54 54 54 102 59 102 102 54 54 59 102 59 152 59 54 54 54 59 54 54 54 54 54 59 102 59 54 102 59 54 102 59 102 102 102 54 54 102 59 54 54 59 54 54 102 152 
  Facilities: 4
 54 : 3 6 8 9 10 11 12 18 19 21 27 28 31 35 38 40 43 44 48 49 55 56 57 59 66 71 80 85 86 87 88 89 91 97 100 101 110 114 126 128 129 130 131 139 140 141 145 155 163 164 167 170 171 173 177 184 186 188 204 205 206 211 212 218 219 220 222 223 224 225 226 230 233 239 240 243 244 246 247
 59 : 0 13 17 22 30 32 34 36 37 47 50 52 60 62 72 74 75 76 93 96 98 108 109 111 115 116 117 118 122 123 124 127 132 138 143 146 147 154 158 159 165 166 169 176 182 190 194 196 200 201 202 203 208 213 215 217 221 227 229 232 235 242 245
 102 : 1 2 4 14 24 29 39 42 46 51 54 61 65 67 70 77 78 79 82 84 92 94 102 106 107 112 120 121 133 135 136 137 142 144 151 152 160 162 187 189 191 192 195 197 207 209 210 214 228 231 234 236 237 238 241 248
 152 : 5 7 15 16 20 23 25 26 33 41 45 53 58 63 64 68 69 73 81 83 90 95 99 103 104 105 113 119 125 134 148 149 150 153 156 157 161 168 172 174 175 178 179 180 181 183 185 193 198 199 216 249
SOLUTION:
  Value: -332934.000000
  Assigns: 52 52 215 54 52 239 52 52 54 239 52 54 54 239 54 239 54 215 215 215 54 54 239 239 215 215 215 54 52 239 239 239 239 239 52 239 215 215 54 239 54 52 52 54 54 52 52 239 54 54 54 52 239 215 215 239 239 54 54 54 52 52 215 52 52 52 54 215 215 215 52 52 52 215 52 239 239 52 215 239 54 52 52 239 52 239 215 54 239 54 239 54 52 215 52 52 239 54 215 54 54 54 239 54 52 215 215 54 52 54 54 54 215 52 54 215 54 52 215 52 239 239 239 54 52 239 215 52 54 54 239 54 239 52 52 52 215 215 239 52 54 54 215 239 52 215 239 239 54 239 52 239 239 239 52 54 52 54 215 215 215 52 52 54 54 239 239 239 239 215 54 52 239 54 215 52 215 215 215 215 52 52 239 239 54 52 54 52 54 215 239 54 239 52 52 215 54 52 215 215 215 215 239 215 215 54 239 215 54 52 215 54 215 215 52 52 54 54 215 54 54 215 52 54 54 239 239 215 52 215 54 239 52 239 52 215 215 52 239 54 52 239 54 54 54 215 239 54 52 52 
  Facilities: 4
 52 : 0 1 4 6 7 10 28 34 41 42 45 46 51 60 61 63 64 65 70 71 72 74 77 81 82 84 92 94 95 104 108 113 117 119 124 127 133 134 135 139 144 150 154 156 161 162 171 175 180 181 185 187 193 194 197 209 214 215 222 228 232 234 237 240 248 249
 54 : 3 8 11 12 14 16 20 21 27 38 40 43 44 48 49 50 57 58 59 66 80 87 89 91 97 99 100 101 103 107 109 110 111 114 116 123 128 129 131 140 141 148 155 157 163 164 170 173 184 186 188 191 196 205 208 211 216 217 219 220 223 224 230 239 242 243 244 247
 215 : 2 17 18 19 24 25 26 36 37 53 54 62 67 68 69 73 78 86 93 98 105 106 112 115 118 126 136 137 142 145 158 159 160 169 174 176 177 178 179 189 195 198 199 200 201 203 204 207 210 212 213 218 221 227 229 235 236 245
 239 : 5 9 13 15 22 23 29 30 31 32 33 35 39 47 52 55 56 75 76 79 83 85 88 90 96 102 120 121 122 125 130 132 138 143 146 147 149 151 152 153 165 166 167 168 172 182 183 190 192 202 206 225 226 231 233 238 241 246
SOLUTION:
  Value: -333221.000000
  Assigns: 82 82 215 54 54 145 215 145 54 82 145 54 54 145 54 215 54 215 215 215 145 54 145 54 82 215 82 54 145 82 145 215 54 54 82 54 215 215 145 145 145 215 82 145 54 145 82 54 54 54 54 82 145 145 215 82 82 54 54 54 145 82 215 215 54 82 54 215 145 145 82 54 215 82 215 215 82 145 82 145 54 215 82 82 145 54 215 82 145 145 82 82 82 82 82 82 145 54 82 54 54 54 145 54 82 215 215 54 54 54 82 145 215 54 54 215 82 82 215 82 54 145 145 54 145 215 215 54 54 54 215 54 82 82 145 145 215 215 145 145 54 82 215 145 145 215 82 54 54 215 82 82 145 145 215 54 82 54 215 215 145 82 82 54 54 54 82 82 145 82 145 145 145 54 215 145 82 215 215 82 145 145 215 82 54 82 54 145 54 215 145 54 145 82 82 145 54 145 215 215 82 145 215 215 215 54 145 215 82 82 215 54 215 215 215 82 54 54 215 54 54 215 54 54 145 54 82 145 82 145 54 82 145 54 82 145 145 145 82 145 82 82 54 145 54 82 82 54 82 82 
  Facilities: 4
 54 : 3 4 8 11 12 14 16 21 23 27 32 33 35 44 47 48 49 50 57 58 59 64 66 71 80 85 97 99 100 101 103 107 108 109 113 114 120 123 127 128 129 131 140 147 148 155 157 163 164 165 173 184 186 188 191 196 205 211 216 217 219 220 222 223 225 230 233 242 244 247
 82 : 0 1 9 24 26 29 34 42 46 51 55 56 61 65 70 73 76 78 82 83 87 90 91 92 93 94 95 98 104 110 116 117 119 132 133 141 146 150 151 156 161 162 166 167 169 176 179 183 185 193 194 200 208 209 215 226 228 231 234 238 240 241 245 246 248 249
 145 : 5 7 10 13 20 22 28 30 38 39 40 43 45 52 53 60 68 69 77 79 84 88 89 96 102 111 121 122 124 134 135 138 139 143 144 152 153 160 168 170 171 172 175 180 181 187 190 192 195 197 201 206 224 227 229 232 235 236 237 239 243
 215 : 2 6 15 17 18 19 25 31 36 37 41 54 62 63 67 72 74 75 81 86 105 106 112 115 118 125 126 130 136 137 142 145 149 154 158 159 174 177 178 182 189 198 199 202 203 204 207 210 212 213 214 218 221
