# Time: 251980.500000
# Elapsed: 49365.871094
# Input_file: splp/KoerkelGhosh-sym/750/a/gs750a-4
# Pool_size: 400
# Iterations: 100
# Final_solutions: 37407
# Vision_range: 600
# Reduction_mode: REDUCTION_DISPERSE
# Dissimilitude: DISSIM_MSE
# Facility_dist: FDISMODE_MINDIST
SOLUTION:
  Value: -763973.000000
  Assigns: 286 290 268 650 260 189 668 290 353 331 138 227 164 505 521 178 290 79 155 260 135 721 178 433 206 721 189 114 164 545 535 293 580 135 655 293 213 23 668 545 293 293 438 476 293 340 343 340 206 474 433 545 213 571 196 331 138 343 286 290 521 79 242 206 114 116 155 206 94 144 360 343 23 242 535 144 472 557 535 196 145 546 472 268 116 15 106 94 639 650 521 571 242 353 695 546 650 720 497 521 694 695 114 286 535 545 360 571 242 474 260 343 293 138 650 326 535 15 535 145 580 546 15 213 326 94 265 694 720 546 206 260 720 11 438 326 138 721 748 6 94 411 23 476 331 360 11 438 639 304 268 15 505 577 748 655 535 213 145 720 748 145 545 438 304 178 650 135 497 79 701 353 557 472 472 545 144 145 474 748 535 472 535 106 135 94 189 189 326 694 150 521 106 720 571 577 79 521 260 650 171 655 227 411 353 114 546 268 116 639 290 655 189 286 433 353 260 171 260 94 213 79 557 720 11 497 748 242 720 639 286 145 23 11 476 668 265 242 293 353 748 497 227 650 15 135 655 94 150 695 290 189 138 535 293 748 189 144 290 748 639 171 505 304 557 304 720 189 150 433 545 694 535 15 242 23 474 290 6 138 178 748 694 138 15 265 213 213 366 138 438 343 293 497 213 353 106 11 694 265 326 268 521 155 265 116 505 150 304 411 189 331 135 694 144 472 206 145 164 155 546 286 433 11 476 340 135 206 144 331 694 353 144 293 411 206 171 650 79 639 150 138 290 701 748 178 164 577 155 114 366 268 293 171 116 438 366 144 155 701 106 213 650 150 94 155 505 79 366 6 106 293 472 135 438 178 293 304 196 196 438 694 150 433 138 304 242 476 505 171 164 497 6 6 213 366 521 286 655 242 150 144 497 331 497 546 580 265 15 326 260 720 331 353 580 366 326 331 116 304 340 476 668 114 721 116 474 290 138 521 11 655 164 106 695 720 171 331 290 178 535 695 411 196 546 265 150 144 521 521 114 340 694 472 557 189 557 343 721 360 545 171 155 472 340 196 639 474 189 340 260 655 353 476 178 580 476 571 150 748 580 340 268 145 189 571 331 721 326 580 411 164 331 366 545 639 304 293 23 668 268 360 577 476 557 366 155 11 557 304 135 286 265 438 145 411 639 178 535 476 694 474 6 79 505 6 557 23 144 340 721 474 655 164 79 116 577 433 213 6 720 505 571 286 6 171 206 189 639 340 213 286 206 189 227 178 721 695 144 353 701 721 196 265 106 196 304 135 196 546 557 286 206 135 577 331 116 242 106 15 748 164 94 721 340 343 116 326 721 639 106 639 360 213 6 577 227 472 94 535 472 571 79 227 353 268 472 340 11 360 114 476 145 79 145 655 343 23 286 196 164 433 260 721 189 720 411 694 94 6 114 171 748 497 472 360 497 144 178 260 213 580 189 366 748 116 694 343 94 535 720 150 545 476 265 155 106 577 721 206 114 227 145 79 331 206 668 655 6 701 138 655 171 546 135 150 155 497 433 360 650 94 145 721 150 557 116 748 720 497 135 721 144 476 189 557 293 701 505 213 343 290 150 433 505 701 11 11 94 571 353 580 655 474 438 23 438 23 94 155 650 497 114 268 521 353 15 476 721 286 150 227 721 242 353 326 360 353 196 521 178 474 720 290 571 360 472 655 580 721 
  Facilities: 64
 6 : 139 278 369 392 393 522 525 539 544 594 629 668
 11 : 133 146 224 233 297 323 430 507 608 706 707
 15 : 85 117 122 151 244 273 284 408 579 726
 23 : 37 72 142 232 275 498 527 617 715 717
 79 : 17 61 169 196 221 338 367 523 534 602 613 663
 94 : 68 87 125 140 185 219 247 364 582 598 628 648 681 708 718
 106 : 86 183 192 296 360 370 433 564 578 590 656
 114 : 27 64 102 205 349 423 450 610 630 660 722
 116 : 65 84 208 305 354 418 425 535 576 586 645 686
 135 : 20 33 167 184 245 312 326 373 510 567 573 674 690
 138 : 10 56 113 136 252 279 283 289 341 384 428 670
 144 : 69 75 176 257 314 328 332 357 401 447 528 558 637 692
 145 : 80 119 158 161 177 231 317 483 514 612 614 662 682
 150 : 190 248 268 307 340 363 382 400 446 478 651 675 684 702 730
 155 : 18 66 303 319 348 358 365 462 506 655 676 719
 164 : 12 28 318 346 390 432 491 533 581 620
 171 : 200 217 261 336 353 389 436 461 545 631 672
 178 : 15 22 165 280 345 375 439 474 517 555 638 740
 189 : 5 26 186 187 212 251 256 267 310 455 468 484 547 553 624 642 694
 196 : 54 79 378 379 443 465 562 565 568 619 738
 206 : 24 48 63 67 130 316 327 335 546 552 572 659 665
 213 : 36 52 123 157 220 286 287 294 361 394 538 550 593 640 699
 227 : 11 202 242 554 596 603 661 731
 242 : 62 73 92 108 227 237 274 386 399 577 733
 260 : 4 19 110 131 198 216 218 410 470 622 639
 265 : 126 236 285 299 304 407 445 512 563 654
 268 : 2 83 150 207 301 351 482 500 605 723
 286 : 0 58 103 213 230 321 397 511 543 551 571 618 729
 290 : 1 7 16 59 210 250 258 277 342 427 438 701 743
 293 : 31 35 40 41 44 112 238 254 292 333 352 371 376 497 696
 304 : 149 164 263 265 308 377 385 419 496 509 566
 326 : 115 124 135 188 300 409 416 488 587 735
 331 : 9 55 144 311 329 403 412 417 437 486 492 575 664
 340 : 45 47 325 420 451 464 469 481 529 549 584 607
 343 : 46 57 71 111 291 457 585 616 647 700
 353 : 8 93 171 204 215 239 295 331 413 472 559 604 710 725 734 737
 360 : 70 106 145 459 501 592 609 635 679 736 745
 366 : 288 350 356 368 395 415 493 505 643
 411 : 141 203 309 334 442 490 515 626
 433 : 23 50 214 269 322 383 537 621 678 703
 438 : 42 134 147 163 290 355 374 380 513 714 716
 472 : 76 82 173 174 181 315 372 453 463 597 600 606 634 746
 474 : 49 109 178 276 426 467 521 531 713 741
 476 : 43 143 234 324 387 421 473 476 503 519 611 653 693 727
 497 : 98 168 225 241 293 391 402 404 633 636 677 689 721
 505 : 13 152 262 306 366 388 524 541 698 704
 521 : 14 60 90 99 191 197 302 396 429 448 449 724 739
 535 : 30 74 78 104 116 118 156 180 182 253 272 440 518 599 649
 545 : 29 39 51 105 162 175 270 460 494 652
 546 : 81 95 121 129 206 320 405 444 569 673
 557 : 77 172 222 264 454 456 504 508 526 570 685 695
 571 : 53 91 107 194 477 485 542 601 709 744
 577 : 153 195 347 502 536 574 595 657
 580 : 32 120 406 414 475 480 489 641 711 748
 639 : 88 148 209 229 260 339 466 495 516 548 589 591
 650 : 3 89 96 114 166 199 243 337 362 680 720
 655 : 34 155 201 211 246 398 431 471 532 615 667 671 712 747
 668 : 6 38 235 422 499 666
 694 : 100 127 189 271 282 298 313 330 381 452 520 627 646
 695 : 94 101 249 434 441 557
 701 : 170 343 359 560 669 697 705
 720 : 97 128 132 159 193 223 228 266 411 435 540 625 650 688 742
 721 : 21 25 137 424 458 487 530 556 561 583 588 623 658 683 691 728 732 749
 748 : 138 154 160 179 226 240 255 259 281 344 479 580 632 644 687
SOLUTION:
  Value: -763980.000000
  Assigns: 286 303 268 650 188 189 668 720 353 331 138 665 164 505 521 122 176 387 155 237 449 721 178 433 206 506 189 114 164 624 535 442 522 6 655 665 213 23 668 545 293 738 178 476 293 340 25 340 2 476 433 545 213 571 521 303 138 343 708 106 303 176 557 206 176 738 176 206 94 144 360 343 122 303 535 144 472 665 535 506 145 546 472 738 116 672 106 94 639 650 521 571 522 353 708 352 650 665 506 521 665 303 114 286 535 545 433 571 665 380 433 343 293 138 650 326 535 535 535 145 206 546 188 213 326 94 265 668 720 546 206 449 720 11 6 326 138 721 122 6 94 411 237 476 176 360 738 672 639 265 268 23 505 577 748 655 535 672 145 506 624 145 352 655 738 178 650 178 176 449 701 353 557 472 472 545 144 145 145 748 122 472 535 106 122 94 188 189 122 708 150 521 106 720 442 577 738 521 380 352 178 655 639 411 353 114 665 268 122 639 624 655 189 286 433 353 155 720 387 94 213 545 557 720 11 353 748 11 720 624 286 145 23 11 476 738 265 557 293 353 506 738 237 650 721 506 655 94 150 506 624 189 138 535 293 748 189 144 748 748 639 352 505 650 624 176 720 189 150 433 545 189 535 326 178 23 522 94 6 138 303 748 340 138 114 265 213 122 522 138 701 343 293 352 213 353 106 11 176 708 303 268 521 442 265 116 505 2 738 411 189 331 6 665 442 472 237 145 164 155 546 286 433 11 476 340 188 206 144 331 2 353 144 293 411 387 380 650 522 639 150 138 6 449 748 178 188 708 352 114 6 268 293 472 116 122 188 144 155 701 106 213 650 150 94 155 505 387 122 6 106 293 472 188 2 178 293 546 387 352 672 188 25 433 138 122 380 476 505 522 164 472 122 6 213 506 521 176 655 353 150 387 2 331 557 546 624 265 433 326 665 442 331 353 433 708 326 331 116 144 387 176 668 114 721 116 265 293 138 521 11 655 164 106 122 720 624 331 380 178 535 237 411 449 546 265 150 144 521 521 114 188 748 472 557 189 557 708 721 522 176 639 155 472 340 650 442 303 189 340 380 442 353 476 178 545 387 571 672 352 411 340 268 145 189 571 331 721 326 2 411 164 331 380 442 639 506 293 23 668 268 360 577 624 557 639 25 672 557 206 2 286 449 164 145 411 639 178 535 476 546 449 6 188 505 6 557 23 144 340 721 672 188 506 331 116 577 433 213 6 672 505 571 286 387 176 206 189 639 340 122 286 206 2 577 178 639 237 144 353 25 721 213 265 106 268 188 624 387 546 557 286 206 708 577 331 116 237 106 449 748 164 94 721 352 343 116 326 380 639 106 639 360 213 380 577 738 472 94 535 472 571 442 122 353 268 472 340 11 360 738 476 303 94 145 655 343 23 286 122 522 433 708 721 189 720 411 176 94 6 114 535 748 701 472 360 665 144 178 505 213 2 189 237 748 116 571 665 94 535 720 150 545 476 265 155 106 577 721 206 114 708 145 360 331 206 668 655 6 701 138 655 380 546 352 150 155 738 433 360 650 94 25 449 150 557 672 748 720 442 387 721 144 476 189 557 293 701 505 213 343 343 150 433 505 701 380 11 94 571 353 352 655 237 303 23 387 23 94 155 650 25 114 268 521 353 188 476 721 387 150 352 721 176 353 326 360 353 164 521 178 237 380 237 672 360 472 2 665 721 
  Facilities: 66
 2 : 48 307 330 374 402 489 510 553 641 747
 6 : 33 134 139 278 312 342 350 369 393 522 525 539 629 668
 11 : 133 224 227 233 297 323 430 608 707
 23 : 37 151 232 275 498 527 617 715 717
 25 : 46 382 506 560 682 721
 94 : 68 87 125 140 185 219 247 277 364 582 598 613 628 648 681 708 718
 106 : 59 86 183 192 296 360 370 433 564 578 590 656
 114 : 27 102 205 284 349 423 450 630 660 722
 116 : 84 305 354 418 425 535 576 586 645
 122 : 15 72 138 180 184 188 208 287 355 368 385 392 434 550 603 619
 138 : 10 56 113 136 252 279 283 289 341 384 428 670
 144 : 69 75 176 257 328 332 357 419 447 528 558 637 692
 145 : 80 119 158 161 177 178 231 317 483 514 614 662
 150 : 190 248 268 340 363 400 446 651 675 684 702 730
 155 : 18 216 319 358 365 462 655 676 719
 164 : 12 28 318 390 432 491 513 581 738
 176 : 16 61 64 66 144 168 265 298 397 421 460 545 627 733
 178 : 22 42 165 167 200 274 345 375 439 474 517 555 638 740
 188 : 4 122 186 326 346 356 373 381 451 523 532 566 726
 189 : 5 26 187 212 251 256 267 271 310 455 468 484 547 624 642 694
 206 : 24 63 67 120 130 327 509 546 552 572 659 665
 213 : 36 52 123 220 286 294 361 394 538 562 593 640 699
 237 : 19 142 242 316 441 557 577 643 713 741 743
 265 : 126 149 236 285 304 407 426 445 563 654
 268 : 2 150 207 301 351 482 500 565 605 723
 286 : 0 103 213 230 321 511 543 551 571 618
 293 : 40 44 112 238 254 292 333 352 371 376 427 497 696
 303 : 1 55 60 73 101 280 300 467 612 714
 326 : 115 124 135 273 409 416 488 587 735
 331 : 9 311 329 403 412 417 437 486 492 534 575 664
 340 : 45 47 282 325 464 469 481 529 549 607
 343 : 57 71 111 291 585 616 700 701
 352 : 95 162 199 261 293 348 379 479 584 674 711 731
 353 : 8 93 171 204 215 225 239 295 331 399 413 472 559 604 710 725 734 737
 360 : 70 145 501 592 609 635 663 679 736 745
 380 : 109 198 336 386 438 470 493 588 594 672 706 742
 387 : 17 218 335 367 378 401 420 476 544 568 690 716 729
 411 : 141 203 309 334 442 480 490 515 626
 433 : 23 50 106 110 214 269 322 383 408 414 537 621 678 703
 442 : 31 194 303 314 411 466 471 494 602 689
 449 : 20 131 169 343 443 512 521 579 683
 472 : 76 82 173 174 181 315 353 372 391 453 463 597 600 606 634 746
 476 : 43 49 143 234 324 387 473 519 611 653 693 727
 505 : 13 152 262 306 366 388 524 541 639 698 704
 506 : 25 79 98 159 240 245 249 395 496 533
 521 : 14 54 90 99 191 197 302 396 429 448 449 724 739
 522 : 32 92 276 288 338 389 459 620
 535 : 30 74 78 104 116 117 118 156 182 253 272 440 518 599 631 649
 545 : 39 51 105 175 221 270 475 652
 546 : 81 121 129 320 377 405 444 520 569 673
 557 : 62 172 222 237 404 454 456 504 508 526 570 685 695
 571 : 53 91 107 477 485 542 601 646 709
 577 : 153 195 502 536 554 574 595 657
 624 : 29 160 210 229 250 264 406 436 503 567
 639 : 88 148 202 209 260 339 461 495 505 516 548 556 589 591
 650 : 3 89 96 114 166 243 263 337 362 465 680 720
 655 : 34 155 163 201 211 246 398 431 615 667 671 712
 665 : 11 35 77 97 100 108 206 313 410 636 647 748
 668 : 6 38 127 422 499 666
 672 : 85 147 157 380 478 507 531 540 686 744
 701 : 170 290 359 633 669 697 705
 708 : 58 94 189 299 347 415 457 573 622 661
 720 : 7 128 132 193 217 223 228 266 435 625 650 688
 721 : 21 137 244 424 458 487 530 561 583 623 658 691 728 732 749
 738 : 41 65 83 146 164 196 235 241 308 596 610 677
 748 : 154 179 226 255 258 259 281 344 452 580 632 644 687
SOLUTION:
  Value: -763988.000000
  Assigns: 367 173 150 650 260 189 668 720 353 331 668 227 164 505 521 122 691 26 739 260 449 721 178 293 206 721 189 352 416 624 691 442 33 173 655 565 213 33 668 545 293 293 178 476 293 173 343 23 449 350 401 545 213 293 521 331 178 343 286 350 521 396 354 206 557 116 122 206 94 144 173 343 122 242 411 144 472 350 668 367 145 353 472 416 116 354 26 94 639 650 521 471 242 353 565 352 650 720 331 108 694 205 227 286 222 545 572 33 242 401 260 343 293 475 650 326 354 173 367 210 206 122 15 213 326 94 265 694 720 227 206 449 720 572 350 326 655 721 122 240 94 411 396 476 401 442 521 94 639 265 442 15 505 205 655 655 739 213 145 173 624 26 352 565 173 178 650 354 624 449 572 353 557 472 472 354 144 145 345 691 122 472 352 240 122 94 475 189 122 694 150 521 150 720 442 222 565 521 260 352 178 691 227 411 353 189 572 396 122 205 624 655 189 286 352 353 260 565 260 94 213 545 557 739 739 353 213 242 720 624 286 145 23 739 476 668 265 242 293 353 240 286 108 354 15 205 655 94 150 565 624 189 401 164 293 639 189 144 205 545 639 352 505 650 624 286 720 189 150 396 545 694 475 15 242 23 367 240 6 26 178 401 367 210 15 265 213 122 144 222 210 343 293 352 213 353 33 240 694 265 326 545 521 442 265 116 505 471 145 411 189 331 6 694 442 472 206 145 164 367 471 286 475 15 476 240 416 206 144 331 694 353 144 739 411 206 205 650 572 639 26 23 471 449 475 178 164 352 352 150 240 449 293 472 210 122 565 144 345 293 145 213 650 354 94 471 505 108 122 6 122 33 472 720 343 178 293 354 396 352 354 33 396 471 210 122 242 401 505 739 164 472 122 6 213 691 521 286 655 242 150 144 565 331 557 411 624 265 15 326 260 442 331 353 367 350 326 331 116 565 350 476 668 222 721 116 265 293 205 521 691 655 173 23 122 475 475 331 345 260 721 720 471 449 293 265 150 144 521 521 572 416 694 472 557 189 210 343 721 472 471 26 108 26 150 401 442 345 189 720 260 442 173 476 178 416 476 572 416 352 411 416 691 145 189 416 331 721 326 739 411 222 331 565 442 639 150 293 23 668 655 476 15 624 557 639 240 227 557 475 691 286 401 164 416 411 345 178 26 108 694 396 6 173 505 6 557 23 144 345 721 205 655 164 331 116 240 173 213 6 565 505 416 286 6 475 206 189 639 242 122 286 206 205 227 178 639 222 144 108 350 721 213 265 367 94 26 624 442 471 557 401 206 15 416 331 116 242 345 15 475 471 94 721 352 343 116 108 721 639 210 639 739 213 6 210 227 205 94 739 565 227 442 227 353 26 472 401 173 694 545 476 145 94 145 655 471 23 286 401 164 164 260 721 210 720 411 694 26 6 721 345 545 108 472 108 396 144 691 260 213 240 189 350 354 116 694 343 94 505 720 150 545 396 265 471 416 331 721 206 691 227 145 260 331 206 668 655 6 240 475 655 108 350 352 416 668 108 691 6 650 94 145 449 150 173 116 691 720 442 33 721 144 476 189 557 293 545 505 213 343 343 150 521 345 353 326 476 94 401 353 352 655 396 545 23 33 23 94 227 650 691 164 326 521 353 15 476 721 286 150 352 721 350 353 326 367 353 164 521 178 210 345 331 210 572 472 655 210 354 
  Facilities: 63
 6 : 278 312 369 393 522 525 539 544 594 629 668 679
 15 : 122 151 244 273 284 323 408 502 573 579 726
 23 : 47 232 275 341 433 498 527 617 715 717
 26 : 17 86 161 279 340 461 463 518 566 605 628
 33 : 32 37 107 296 371 381 690 716
 94 : 68 87 125 140 147 185 219 247 364 565 582 598 613 648 681 708 718
 108 : 99 242 367 462 519 559 587 633 635 672 677
 116 : 65 84 305 418 425 535 576 586 645 686
 122 : 15 66 72 121 138 180 184 188 208 287 355 368 370 385 392 434 550
 144 : 69 75 176 257 288 328 332 357 401 447 528 558 637 692
 145 : 80 158 177 231 308 317 360 483 612 614 662 682
 150 : 2 190 192 248 268 349 400 446 464 496 651 684 702 730
 164 : 12 253 318 346 390 513 533 620 621 722 738
 173 : 1 33 45 70 117 159 164 432 472 523 537 608 685
 178 : 22 42 56 165 200 280 345 375 474 517 555 740
 189 : 5 26 187 205 212 251 256 267 310 455 468 484 547 642 694
 205 : 101 153 209 245 258 336 428 531 553 597
 206 : 24 63 67 120 130 316 327 335 546 552 572 659 665
 210 : 119 283 290 354 384 456 590 595 624 741 744 748
 213 : 36 52 123 157 220 226 286 294 361 394 538 562 593 640 699
 222 : 104 195 289 423 491 557
 227 : 11 102 129 202 507 554 596 601 603 661 719
 240 : 139 183 240 277 297 325 350 506 536 641 669
 242 : 73 92 108 227 237 274 386 399 549 577
 260 : 4 19 110 198 216 218 410 439 470 622 639 663
 265 : 126 149 236 285 299 304 407 426 445 563 654
 286 : 58 103 213 230 241 265 321 397 511 543 551 618 729
 293 : 23 40 41 44 53 112 238 254 292 352 359 376 427 444 497 696
 326 : 115 124 135 300 409 416 488 706 723 735
 331 : 9 55 98 311 329 403 412 417 437 486 492 534 575 657 664 743
 343 : 46 57 71 111 291 374 457 585 647 700 701
 345 : 178 358 438 467 516 529 578 631 704 742
 350 : 49 59 77 134 415 420 560 643 673 733
 352 : 27 95 162 182 199 214 261 293 347 348 379 479 584 674 711 731
 353 : 8 81 93 171 204 215 225 239 295 331 413 604 705 710 725 734 737
 354 : 62 85 116 167 175 243 363 377 380 644 749
 367 : 0 79 118 276 282 319 414 564 736
 396 : 61 142 207 269 378 382 521 636 653 713
 401 : 50 109 144 252 281 387 465 512 571 607 619 709
 411 : 74 141 203 309 334 405 480 490 515 626
 416 : 28 83 326 451 475 478 481 485 514 542 574 656 675
 442 : 31 145 150 194 303 314 411 466 471 494 568 602 689
 449 : 20 48 131 169 343 351 443 683
 471 : 91 307 320 342 365 383 442 460 569 581 616 655
 472 : 76 82 173 174 181 315 353 372 391 453 459 606 634 746
 475 : 113 186 272 322 344 435 436 509 545 580 670
 476 : 43 143 234 324 421 473 476 501 611 693 707 727
 505 : 13 152 262 306 366 388 524 541 649 698
 521 : 14 54 60 90 146 191 197 302 396 429 448 449 703 724 739
 545 : 39 51 105 221 259 270 301 610 632 652 697 714
 557 : 64 172 222 404 454 504 508 526 570 695
 565 : 35 94 163 196 217 249 356 402 419 493 540 600
 572 : 106 133 170 206 338 450 477 745
 624 : 29 160 168 210 229 250 264 406 503 567
 639 : 88 148 255 260 339 495 505 548 556 589 591
 650 : 3 89 96 114 166 263 337 362 680 720
 655 : 34 136 154 155 211 246 398 431 500 532 615 667 671 712 747
 668 : 6 10 38 78 235 422 499 666 676
 691 : 16 30 179 201 395 430 482 510 638 660 678 687 721
 694 : 100 127 189 271 298 313 330 452 520 609 627 646
 720 : 7 97 128 132 193 228 266 373 441 469 625 650 688
 721 : 21 25 137 424 440 458 487 530 561 583 588 623 630 658 691 728 732
 739 : 18 156 223 224 233 333 389 489 592 599
SOLUTION:
  Value: -763992.000000
  Assigns: 367 112 268 522 106 189 522 326 353 331 138 536 164 718 521 273 655 387 155 237 135 721 529 433 535 721 189 114 164 545 230 529 522 135 655 112 213 23 577 545 293 293 293 476 293 340 343 340 2 476 433 545 213 293 521 331 138 343 639 106 521 396 557 458 114 116 155 521 94 144 666 343 23 701 230 144 472 557 535 367 145 546 472 268 116 612 106 230 639 651 521 535 522 353 718 546 112 387 331 334 694 536 3 237 535 545 433 612 367 529 433 343 293 138 3 326 535 535 230 273 112 546 550 213 326 94 265 694 720 546 616 529 720 11 265 326 138 721 56 589 94 411 237 476 331 612 11 94 639 304 268 23 666 577 748 655 535 213 145 720 748 145 458 655 304 155 171 135 589 476 701 353 557 472 49 545 144 145 396 748 535 472 535 106 135 94 3 189 326 694 577 521 106 720 334 577 3 521 550 612 171 655 536 411 353 114 546 396 116 639 748 655 189 550 433 651 334 171 387 94 213 545 557 720 11 353 748 11 720 666 651 145 23 11 476 273 265 557 293 353 536 3 237 106 536 135 655 94 230 701 458 189 138 535 293 748 189 144 748 748 639 171 458 304 387 304 720 189 521 433 545 550 535 326 411 23 522 666 3 138 273 748 367 138 114 265 230 213 522 138 701 343 293 112 213 353 106 11 112 265 612 56 521 612 265 116 550 2 304 411 189 331 135 694 589 56 237 145 164 367 546 334 433 651 476 340 135 23 144 273 2 230 144 293 411 387 171 577 522 639 529 138 3 616 748 529 164 577 155 114 49 268 718 171 116 230 612 144 155 701 106 213 550 56 94 155 589 387 56 340 106 612 472 135 2 550 293 304 387 550 353 694 396 433 138 304 112 476 718 522 164 472 367 56 213 616 521 612 655 458 164 387 2 331 557 546 273 265 433 326 56 720 331 353 367 550 326 331 116 304 387 3 701 114 721 116 265 293 367 3 11 655 164 106 106 56 171 331 326 589 535 237 411 273 546 265 701 144 521 521 114 536 694 3 557 189 557 343 721 522 230 171 155 472 340 304 639 666 189 340 536 616 353 476 521 545 387 458 666 748 411 340 268 145 189 616 331 721 326 2 411 616 331 589 545 639 304 293 23 535 268 476 577 651 557 639 155 11 557 304 135 3 265 164 536 411 616 616 535 476 694 396 3 106 529 589 557 230 144 340 721 589 655 164 49 116 577 433 213 49 49 135 550 49 387 171 521 56 639 340 213 529 396 2 577 387 3 237 144 353 666 721 213 612 367 268 304 135 387 546 557 458 106 135 529 331 116 536 106 340 616 164 94 721 340 343 116 326 721 639 230 639 11 213 334 577 49 472 94 535 458 135 230 230 112 268 472 340 11 694 651 476 145 94 145 655 343 23 112 112 164 433 694 721 396 720 666 694 94 651 612 171 748 701 472 304 396 144 49 589 213 2 189 237 748 116 694 343 94 535 3 230 545 396 265 155 106 112 721 3 589 49 145 651 331 748 340 655 666 701 138 655 171 546 135 230 155 718 433 718 589 94 145 721 49 557 116 230 720 112 135 721 144 476 189 557 293 701 135 213 343 343 49 433 651 701 11 11 94 49 353 748 655 396 545 230 387 23 94 273 411 458 114 268 521 612 112 476 721 387 396 144 721 589 353 326 367 3 589 521 666 237 720 237 536 106 472 2 138 721 
  Facilities: 64
 2 : 48 307 330 374 402 489 553 641 747
 3 : 102 114 186 196 241 278 342 421 429 453 511 522 556 650 659 737
 11 : 133 146 224 227 233 297 430 507 592 608 706 707
 23 : 37 72 151 232 275 327 498 617 717
 49 : 174 350 534 539 540 543 596 638 661 684 702 709
 56 : 138 301 315 363 368 393 410 435 547
 94 : 68 125 140 147 185 219 247 364 582 598 613 628 648 681 708 718
 106 : 4 59 86 183 192 243 296 360 370 433 434 523 572 578 656 745
 112 : 1 35 96 120 293 298 386 604 618 619 657 689 726
 114 : 27 64 205 284 349 423 450 722
 116 : 65 84 208 305 354 418 425 535 576 586 645 686
 135 : 20 33 167 184 245 312 326 373 510 541 567 573 601 674 690 698
 138 : 10 56 113 136 252 279 283 289 341 384 670 748
 144 : 69 75 176 257 328 332 357 447 528 558 637 692 731
 145 : 80 158 161 177 231 317 483 612 614 662 682
 155 : 18 66 165 348 358 365 462 506 655 676
 164 : 12 28 318 346 390 400 432 513 533 581 620
 171 : 166 200 217 261 336 353 436 461 545 631 672
 189 : 5 26 187 212 251 256 267 310 455 468 484 642 694
 213 : 36 52 123 157 220 287 294 361 394 538 550 562 593 640 699
 230 : 30 74 87 118 248 286 331 355 460 527 590 602 603 651 675 687 715
 237 : 19 103 142 242 316 441 557 643 741 743
 265 : 126 134 236 285 299 304 407 426 445 512 654
 268 : 2 83 150 351 482 500 565 605 723
 273 : 15 119 235 280 329 406 443 719
 293 : 40 41 42 44 53 112 238 254 292 333 376 427 497 696
 304 : 149 164 263 265 308 377 385 419 465 496 509 566 635
 326 : 7 115 124 135 188 273 409 416 438 488 587 735
 331 : 9 55 98 144 311 403 412 417 437 486 492 575 664
 334 : 99 194 216 321 594
 340 : 45 47 325 369 464 469 481 529 549 579 584 607 666
 343 : 46 57 71 111 291 457 585 616 647 700 701
 353 : 8 93 171 204 225 239 295 380 413 472 559 710 734
 367 : 0 79 108 282 319 392 414 428 564 736
 387 : 17 97 218 264 335 367 378 401 420 476 544 555 568 716 729
 396 : 61 178 207 382 521 552 624 636 653 713 730
 411 : 141 203 274 309 334 442 480 490 515 720
 433 : 23 50 106 110 214 269 322 383 408 537 621 678 703
 458 : 63 162 250 262 399 477 571 600 721
 472 : 76 82 173 181 372 391 463 597 606 634 746
 476 : 43 49 143 169 234 324 387 473 501 519 611 693 727
 521 : 14 54 60 67 90 191 197 268 302 396 448 449 474 546 724 739
 522 : 3 6 32 92 276 288 338 389 459
 529 : 22 31 109 131 340 345 524 551 574
 535 : 24 78 91 104 116 117 156 180 182 253 272 440 499 518 599 649
 536 : 11 101 202 240 244 451 470 514 577 744
 545 : 29 39 51 105 175 221 270 475 494 652 714
 546 : 81 95 121 129 206 320 405 444 569 673
 550 : 122 198 213 271 306 362 375 379 415 542
 557 : 62 77 172 222 237 404 454 456 504 508 526 570 685 695
 577 : 38 153 190 195 337 347 502 536 554 595
 589 : 139 168 314 366 439 493 525 531 639 660 680 733 738
 612 : 85 107 145 199 300 303 356 371 397 563 630 725
 616 : 130 343 395 471 485 491 516 517 580
 639 : 58 88 148 209 260 339 466 495 505 548 589 591
 651 : 89 215 230 323 503 610 629 663 704
 655 : 16 34 155 163 201 211 246 398 431 532 615 667 671 712
 666 : 70 152 229 277 467 478 560 626 668 740
 694 : 100 127 189 313 381 452 520 609 622 627 646
 701 : 73 170 249 290 359 422 446 633 669 697 705
 718 : 13 94 352 388 677 679
 720 : 128 132 159 193 223 228 266 411 625 688 742
 721 : 21 25 137 424 458 487 530 561 583 588 623 658 683 691 728 732 749
 748 : 154 160 179 210 226 255 258 259 281 344 479 632 644 665 711
SOLUTION:
  Value: -763994.000000
  Assigns: 80 80 268 114 106 189 668 720 353 331 138 665 164 602 521 122 691 79 155 265 135 721 529 433 535 721 189 114 164 545 691 529 691 135 655 665 213 23 668 545 293 293 293 476 293 340 25 340 449 648 433 545 1 293 521 331 138 80 286 1 521 79 354 458 640 116 122 521 94 144 666 458 122 242 535 144 472 665 535 602 145 353 472 268 116 672 106 94 639 354 521 535 242 353 648 352 79 665 497 521 694 354 3 286 535 545 433 3 242 529 433 331 293 257 3 242 535 535 535 145 668 122 171 213 458 94 265 694 720 458 695 449 720 11 147 640 138 721 122 257 94 411 23 476 257 80 11 672 639 304 268 23 147 147 655 655 535 213 145 147 145 145 458 655 304 155 668 135 497 79 691 353 557 472 257 354 144 145 145 691 122 472 535 106 122 94 3 189 122 694 79 521 106 720 404 458 79 521 433 352 171 691 536 411 353 114 665 268 122 639 354 655 189 286 433 353 155 171 387 94 213 79 557 720 11 497 213 242 720 666 286 145 23 11 476 668 265 242 293 353 536 3 449 354 536 135 655 94 80 695 458 648 138 535 293 639 189 144 640 545 639 171 458 304 640 304 720 189 352 433 545 694 535 94 242 23 648 648 3 138 114 404 694 138 114 265 213 122 665 138 1 602 293 497 213 640 106 11 602 1 1 268 521 155 265 116 691 497 304 411 189 331 135 665 80 472 665 404 164 155 189 286 433 11 476 340 135 23 144 1 694 353 144 293 411 387 171 458 79 639 529 138 3 449 304 529 640 352 352 114 80 268 293 171 116 122 387 144 155 171 106 213 1 354 94 155 640 387 122 257 106 293 472 135 80 1 293 304 387 352 672 694 25 433 138 122 242 476 640 171 164 497 122 497 213 691 521 648 655 242 164 387 497 331 497 411 171 265 433 286 665 720 331 353 404 720 695 331 116 147 387 3 668 114 721 116 265 293 138 3 11 655 164 106 695 720 171 331 147 529 535 695 411 449 293 80 665 144 521 521 114 257 694 3 557 189 557 433 721 472 672 257 155 472 340 304 672 666 189 340 536 655 353 476 521 545 387 458 666 352 147 340 691 145 189 3 331 721 640 147 411 164 331 602 545 639 304 293 23 668 268 476 257 476 557 639 25 672 557 304 135 286 449 164 536 411 354 695 535 476 694 449 3 79 529 476 557 23 144 340 721 672 655 164 79 116 691 433 213 695 672 135 411 286 387 171 521 189 639 340 122 286 80 189 242 387 3 695 144 353 25 1 213 265 1 268 304 135 387 138 557 286 106 135 529 331 116 536 106 449 80 164 94 721 352 331 116 648 721 639 106 639 11 213 648 536 404 602 94 535 458 135 79 122 353 268 472 340 11 694 114 476 145 79 145 655 242 23 286 122 164 433 694 721 189 720 666 694 94 144 114 171 545 497 472 304 497 144 691 25 213 3 189 293 665 116 694 665 94 535 3 648 545 640 265 155 106 404 721 3 691 257 145 79 331 11 668 655 666 116 138 655 147 602 352 11 155 497 691 1 25 94 25 449 695 557 672 691 720 497 135 721 144 257 189 557 293 545 135 213 145 80 122 433 147 353 11 11 94 242 353 352 655 535 545 23 387 23 94 155 648 25 114 268 521 257 648 476 721 387 354 352 721 80 353 189 145 3 164 171 666 25 720 331 672 106 472 655 665 354 
  Facilities: 63
 1 : 52 59 290 299 300 329 362 375 561 564 679
 3 : 102 107 114 186 241 278 342 421 429 453 485 522 556 641 650 659 737
 11 : 133 146 224 233 297 323 430 592 608 665 675 706 707
 23 : 37 142 151 232 275 327 498 527 617 715 717
 25 : 46 382 506 560 639 680 682 721 741
 79 : 17 61 96 169 190 196 221 338 523 534 602 613 663
 80 : 0 1 57 145 248 314 350 374 445 552 580 701 733
 94 : 68 87 125 140 185 219 247 273 364 582 598 628 648 681 708 718
 106 : 4 86 183 192 296 360 370 433 572 578 590 656 745
 114 : 3 27 205 280 284 349 423 450 610 630 722
 116 : 65 84 305 354 418 425 535 576 586 645 669
 122 : 15 66 72 121 138 180 184 188 208 287 355 368 385 392 550 603 619 702
 135 : 20 33 167 245 312 326 373 510 541 567 573 601 690 698
 138 : 10 56 136 252 279 283 289 341 384 428 569 670
 144 : 69 75 176 257 328 332 357 447 528 558 629 637 692
 145 : 80 119 158 160 161 177 178 231 483 612 614 662 700 736
 147 : 134 152 153 159 419 438 480 489 672 704
 155 : 18 165 216 303 319 358 365 462 655 676 719
 164 : 12 28 318 390 400 432 491 513 533 581 620 738
 171 : 122 200 217 261 336 353 359 389 406 436 545 631 739
 189 : 5 26 187 212 256 267 310 320 455 468 484 547 553 624 642 694 735
 213 : 36 123 157 220 226 286 294 361 394 538 562 593 640 699
 242 : 73 92 108 115 227 237 274 386 399 554 616 709
 257 : 113 139 144 174 369 451 461 502 661 693 725
 265 : 19 126 236 285 304 407 426 563 654
 268 : 2 83 150 207 301 351 500 565 605 723
 286 : 58 103 213 230 321 409 511 543 551 571 618
 293 : 40 41 42 44 53 112 238 254 292 333 352 371 376 427 444 497 643 696
 304 : 149 164 263 265 308 344 377 465 496 509 566 635
 331 : 9 55 111 311 403 412 417 437 486 492 575 585 664 743
 340 : 45 47 325 464 469 481 529 549 607
 352 : 95 199 268 347 348 379 479 584 674 711 731
 353 : 8 81 93 171 204 215 239 331 413 472 559 604 705 710 734
 354 : 62 89 101 175 210 243 363 516 730 749
 387 : 218 335 356 367 378 401 420 476 544 555 568 716 729
 404 : 194 281 317 414 596 657
 411 : 141 203 309 334 405 442 490 515 542
 433 : 23 50 106 110 198 214 269 322 383 408 457 537 621 703
 449 : 48 131 242 343 443 512 521 579 683
 458 : 63 71 124 129 162 195 250 262 337 477 600
 472 : 76 82 173 181 315 372 459 463 606 634 746
 476 : 43 143 234 324 387 473 501 503 519 525 611 727
 497 : 98 168 225 293 307 391 393 402 404 633 636 677 689
 521 : 14 54 60 67 90 99 191 197 302 396 448 449 474 546 724
 529 : 22 31 109 340 345 439 524 574
 535 : 24 74 78 91 104 116 117 118 156 182 253 272 440 518 599 649 713
 536 : 202 240 244 470 514 577 595
 545 : 29 39 51 105 259 270 475 494 632 652 697 714
 557 : 172 222 454 456 504 508 526 570 685 695
 602 : 13 79 291 298 493 597 673
 639 : 88 148 209 255 260 339 495 505 548 589 591
 640 : 64 135 258 264 295 346 366 388 488 653
 648 : 49 94 251 276 277 397 587 594 651 720 726
 655 : 34 154 155 163 211 246 398 431 471 532 615 667 671 712 747
 665 : 11 35 77 97 206 288 313 316 410 446 644 647 748
 666 : 70 229 467 478 626 668 740
 668 : 6 38 120 166 235 422 499 666
 672 : 85 147 380 460 466 507 531 540 686 744
 691 : 16 30 32 170 179 201 306 395 482 536 638 660 678 687
 694 : 100 127 189 271 282 330 381 452 520 609 622 627 646
 695 : 130 249 416 434 441 517 539 557 684
 720 : 7 128 132 193 223 228 266 411 415 435 625 688 742
 721 : 21 25 137 424 458 487 530 583 588 623 658 691 728 732
SOLUTION:
  Value: -763994.000000
  Assigns: 80 80 268 114 260 189 668 720 353 331 138 665 122 602 521 122 655 79 389 260 135 721 529 433 535 721 189 114 282 398 535 529 580 135 655 665 213 23 668 640 293 293 322 511 293 340 25 340 282 476 433 616 213 293 521 331 138 80 286 511 521 79 242 458 640 116 122 345 94 144 511 458 122 242 535 144 472 665 535 602 145 550 472 268 116 612 340 511 615 345 521 535 242 353 80 690 79 665 497 521 665 690 114 286 535 550 433 612 242 529 260 331 293 257 668 242 535 535 535 145 580 122 550 213 550 94 572 668 720 458 616 529 690 572 438 690 138 721 122 6 94 411 23 476 257 612 521 438 639 304 268 23 30 135 748 655 535 213 145 282 748 145 458 438 304 23 668 135 497 79 572 353 557 472 257 345 144 145 345 748 122 472 535 150 122 94 511 189 122 80 150 521 322 720 615 458 79 521 260 612 511 655 536 411 353 114 572 268 122 639 748 655 189 286 433 353 260 720 260 94 213 79 557 720 398 497 748 242 720 30 286 145 23 30 476 668 433 242 293 353 536 497 616 150 536 511 655 94 150 615 458 189 138 535 511 748 189 144 640 748 639 30 458 304 640 304 720 189 150 433 536 550 535 94 242 23 602 690 6 138 690 748 340 138 114 286 213 122 665 282 438 602 293 497 213 640 602 286 602 550 612 389 521 612 398 116 550 150 304 411 189 331 135 665 80 472 665 145 602 458 189 286 433 690 476 340 135 23 144 331 665 353 144 293 411 322 322 458 79 639 529 138 6 616 748 529 640 398 521 114 80 268 293 472 116 122 612 144 345 293 145 213 550 150 94 322 640 282 122 6 122 612 472 135 438 550 293 304 615 550 438 550 25 433 138 122 242 476 640 122 572 497 122 6 213 616 521 612 655 242 150 144 497 331 497 411 580 114 433 286 665 720 331 353 580 30 144 331 116 304 536 476 668 114 721 116 398 293 138 521 398 655 580 322 122 720 389 331 345 322 535 720 411 398 293 80 150 144 521 521 572 257 748 472 557 189 557 433 721 472 30 257 268 472 150 398 639 345 189 340 260 616 353 476 521 580 476 572 612 748 580 340 268 145 189 616 331 721 640 580 411 616 331 602 615 639 304 293 23 668 268 476 257 476 557 639 25 389 557 304 135 286 30 438 536 411 345 257 535 476 398 268 389 79 529 6 557 23 144 345 721 331 655 476 282 116 612 433 213 6 720 135 550 286 6 286 521 189 639 340 122 286 80 189 242 138 639 257 389 353 25 721 213 612 304 268 304 135 612 138 557 286 286 135 529 322 116 536 345 602 616 615 94 721 340 331 116 511 721 639 150 639 145 213 6 536 389 602 94 535 458 135 79 122 353 268 472 340 612 30 114 476 145 79 615 655 580 23 286 122 340 433 260 721 189 720 411 345 690 6 612 345 748 497 472 304 497 144 572 260 213 580 189 293 748 116 458 665 94 535 720 150 144 640 720 398 398 389 721 433 114 257 398 79 331 748 668 655 6 30 138 655 398 690 640 150 668 497 433 6 25 94 25 721 150 557 116 748 720 497 135 721 144 257 189 557 293 389 135 213 145 80 150 433 345 353 411 458 94 322 353 580 655 535 438 30 438 23 94 23 411 25 114 268 521 612 572 476 721 286 150 615 721 80 353 189 389 690 433 389 322 25 345 331 536 572 472 655 580 721 
  Facilities: 61
 6 : 139 278 342 369 393 525 539 544 594 629 668 679
 23 : 37 142 151 165 232 275 327 498 527 617 717 719
 25 : 46 382 506 560 680 682 721 741
 30 : 152 229 233 261 415 460 512 609 669 715
 79 : 17 61 96 169 196 221 338 523 602 613 663
 80 : 0 1 57 94 189 314 350 445 552 701 733
 94 : 68 125 140 185 219 247 273 364 582 598 648 681 708 718
 114 : 3 27 102 205 284 349 407 423 610 660 722
 116 : 65 84 305 354 418 425 535 576 586 645 686
 122 : 12 15 66 72 121 138 180 184 188 208 287 355 368 370 385 389 392 434 550 603 619
 135 : 20 33 153 167 312 326 373 510 541 567 573 601 690 698
 138 : 10 56 136 252 279 283 341 384 428 555 569 670
 144 : 69 75 176 257 328 332 357 401 416 447 528 637 652 692
 145 : 80 119 158 161 177 231 317 360 483 592 612 700
 150 : 183 190 243 248 268 307 363 400 446 464 590 651 675 684 702 730
 189 : 5 26 187 212 251 256 267 310 320 455 468 484 547 553 624 642 694 735
 213 : 36 52 123 157 220 286 294 361 394 538 562 593 640 699
 242 : 62 73 92 108 115 227 237 274 386 399 554
 257 : 113 144 174 451 461 502 517 557 661 693
 260 : 4 19 110 198 216 218 470 622 639
 268 : 2 83 150 207 351 462 482 500 521 565 605 723
 282 : 28 48 159 289 367 534
 286 : 58 103 213 230 285 297 321 409 511 543 545 551 571 572 618 729
 293 : 40 41 44 53 112 238 292 333 352 359 376 427 444 497 643 696
 304 : 149 164 263 265 308 377 419 496 509 564 566 635
 322 : 42 192 335 336 365 433 439 575 709 740
 331 : 9 55 111 311 329 403 412 417 437 486 492 531 585 664 743
 340 : 45 47 86 282 325 469 481 549 584 607 620
 345 : 67 89 175 178 358 438 467 516 529 578 627 631 704 742
 353 : 8 93 171 204 215 239 331 413 472 559 604 705 710 734
 389 : 18 301 436 507 522 558 596 657 697 736 739
 398 : 29 224 304 347 426 430 443 465 520 655 656 662 672
 411 : 141 203 309 334 405 442 490 515 626 706 720
 433 : 23 50 106 214 236 269 322 383 408 457 537 621 659 678 703 738
 438 : 134 147 163 290 374 380 513 714 716
 458 : 63 71 129 162 195 250 262 319 337 600 646 707
 472 : 76 82 173 181 315 353 372 453 459 463 606 634 746
 476 : 49 143 234 324 387 421 473 476 501 503 519 533 611 727
 497 : 98 168 225 241 293 391 402 404 633 636 677 689
 511 : 43 59 70 87 186 200 245 254 587
 521 : 14 54 60 90 99 146 191 197 302 348 396 429 448 449 474 546 724
 529 : 22 31 109 131 340 345 524 574
 535 : 24 30 74 78 91 104 116 117 118 156 182 253 272 440 518 599 649 713
 536 : 202 240 244 270 420 514 577 595 744
 550 : 81 105 122 124 271 299 306 362 375 379 381 542
 557 : 172 222 454 456 504 508 526 570 685 695
 572 : 126 133 170 206 390 450 477 638 726 745
 580 : 32 120 406 414 432 475 480 489 616 641 711 748
 602 : 13 79 276 291 296 298 318 493 579 597
 612 : 85 107 145 199 300 303 356 371 397 478 536 563 568 608 630 725
 615 : 88 194 249 378 494 581 614 731
 616 : 51 130 242 343 395 471 485 491 580
 639 : 148 209 260 339 466 495 505 548 556 589 591
 640 : 39 64 258 264 295 346 366 388 488 653 674
 655 : 16 34 155 201 211 246 398 431 532 615 667 671 712 747
 665 : 11 35 77 97 100 288 313 316 330 410 647
 668 : 6 38 114 127 166 235 422 499 666 676
 690 : 95 101 132 135 277 280 323 628 673 737
 720 : 7 128 193 217 223 228 266 411 435 441 540 625 650 654 688
 721 : 21 25 137 424 458 487 530 561 583 588 623 658 683 691 728 732 749
 748 : 154 160 179 210 226 255 259 281 344 452 479 632 644 665 687
SOLUTION:
  Value: -764000.000000
  Assigns: 80 80 268 650 260 189 668 720 353 116 138 227 164 226 521 122 176 387 94 260 449 721 650 433 535 721 189 176 416 624 535 442 71 6 655 293 106 226 668 640 293 738 322 511 293 340 25 340 449 476 433 416 147 293 521 303 138 343 286 511 303 176 121 340 640 738 176 521 94 144 511 343 122 242 121 144 472 557 535 121 189 546 472 738 116 672 416 511 577 650 521 535 242 353 147 546 650 387 322 36 286 303 227 286 535 550 433 511 242 664 260 343 293 437 650 242 535 535 535 22 668 546 550 550 550 94 265 668 720 546 695 449 720 11 147 640 138 721 122 6 94 437 23 476 176 80 738 672 22 265 268 23 147 577 748 655 535 672 701 147 624 265 122 655 738 437 650 71 176 449 701 353 557 472 472 226 144 695 22 748 122 472 535 106 122 94 511 189 122 80 577 36 322 720 442 577 738 521 260 650 511 655 227 322 353 189 24 268 122 71 624 655 24 286 433 353 260 720 387 94 387 664 557 720 11 353 748 11 720 624 286 25 23 664 476 738 265 242 293 353 748 738 227 650 721 511 655 94 80 36 624 664 138 535 22 748 189 144 22 748 437 577 121 695 640 176 720 189 521 433 664 550 535 71 242 23 80 94 6 138 303 748 340 138 521 265 511 122 80 138 701 343 226 23 121 640 106 11 176 265 303 437 521 442 265 116 550 94 738 23 189 22 6 416 442 472 343 227 164 22 546 286 433 11 476 340 416 36 144 416 189 437 144 293 176 387 322 650 189 71 720 138 226 71 748 71 640 577 227 24 80 268 293 472 116 122 387 293 71 701 106 25 650 546 94 322 640 387 122 71 106 322 472 664 343 550 293 546 387 550 672 22 25 226 138 122 242 476 640 122 164 472 122 6 22 303 521 176 655 242 164 387 80 122 557 546 624 265 433 437 260 442 121 353 433 550 695 624 116 147 387 176 668 226 721 116 265 293 138 121 11 655 437 106 695 720 36 260 147 71 535 695 303 449 546 80 701 144 521 521 71 416 748 472 557 189 557 343 71 472 176 242 268 472 340 650 442 303 189 340 260 442 353 476 521 416 387 24 672 748 664 416 268 738 189 416 640 721 640 147 521 164 472 36 442 701 226 293 23 668 268 476 577 624 557 701 25 672 557 36 147 286 449 164 416 437 437 695 535 476 546 449 6 106 24 6 557 23 144 340 721 672 655 226 511 116 577 433 720 6 672 416 550 286 387 176 121 189 22 340 122 286 80 189 227 387 721 695 71 353 25 721 557 265 106 268 116 624 387 546 226 286 106 521 416 322 116 242 106 449 748 164 94 721 664 121 116 511 721 738 106 322 11 94 6 577 227 511 94 535 472 227 442 227 353 268 24 340 11 738 738 476 303 94 550 655 343 23 286 122 164 433 260 721 189 720 22 176 94 6 721 535 748 701 472 106 535 144 24 260 189 121 189 24 748 116 265 343 94 535 720 260 144 640 265 6 106 577 721 433 23 227 655 260 720 748 668 655 6 701 138 655 147 546 640 416 668 738 433 6 650 94 25 449 695 557 672 748 71 442 387 721 144 476 189 557 293 701 22 511 343 80 24 433 147 701 11 11 94 322 353 640 655 535 303 23 387 23 94 227 650 25 550 268 521 353 437 476 721 387 226 24 721 80 353 189 36 353 164 521 121 25 720 121 672 106 472 655 226 721 
  Facilities: 61
 6 : 33 139 278 312 393 522 525 539 594 629 655 668 679
 11 : 133 224 227 297 323 430 592 608 706 707
 22 : 119 148 178 254 258 311 319 381 394 548 626 698
 23 : 142 151 232 275 293 309 498 527 617 660 715 717
 24 : 206 212 349 477 524 606 638 643 702 731
 25 : 46 231 361 382 506 560 682 721 741
 36 : 99 191 249 327 436 493 509 736
 71 : 32 167 209 273 339 343 345 358 369 439 450 458 558 688
 80 : 0 1 145 189 248 276 288 350 402 445 552 701 733
 94 : 18 68 125 140 185 219 247 277 307 364 582 593 598 613 628 648 681 708 718
 106 : 36 183 296 360 370 433 523 564 572 578 590 635 656 745
 116 : 9 84 305 354 418 425 535 566 576 586 645
 121 : 62 74 79 262 294 412 429 546 585 641 740 743
 122 : 15 72 138 162 180 184 188 208 287 355 368 385 389 392 403 550 619
 138 : 10 56 136 252 279 283 289 341 384 428 670
 144 : 69 75 176 257 328 332 447 528 637 652 692
 147 : 52 94 134 152 159 419 438 489 510 672 704
 164 : 12 318 390 400 491 513 581 620 738
 176 : 16 27 61 66 144 168 265 298 334 397 421 460 545 627
 189 : 5 26 80 187 205 256 267 310 330 338 455 468 484 547 553 624 640 642 694 735
 226 : 13 37 175 292 342 383 423 496 533 570 730 748
 227 : 11 102 202 242 317 348 554 596 601 603 661 719
 242 : 73 92 108 115 237 274 386 399 461 577
 260 : 4 19 110 198 216 410 437 470 622 639 651 663
 265 : 126 149 161 236 285 299 304 407 426 563 646 654
 268 : 2 150 207 351 462 482 500 565 605 723
 286 : 58 100 103 213 230 321 511 543 551 571 618
 293 : 35 40 44 53 112 238 333 352 357 376 427 497 696
 303 : 55 60 101 280 300 395 442 467 612 714
 322 : 42 98 192 203 336 365 371 575 591 709
 340 : 45 47 63 282 325 464 469 529 549 607
 343 : 57 71 111 291 316 374 457 616 647 700
 353 : 8 93 171 204 215 225 239 413 472 559 604 710 725 734 737
 387 : 17 97 218 220 335 356 367 378 401 420 476 544 555 568 690 716 729
 416 : 28 51 86 313 326 329 451 475 481 485 514 541 574 675
 433 : 23 50 106 214 269 322 408 414 537 621 659 678 703
 437 : 113 141 165 260 301 331 409 432 515 516 726
 442 : 31 194 303 314 411 466 471 494 602 689
 449 : 20 48 131 169 443 512 521 579 683
 472 : 76 82 173 174 181 315 353 372 391 453 459 463 492 600 634 746
 476 : 49 143 234 324 387 473 501 519 611 693 727
 511 : 43 59 70 87 107 186 200 245 286 534 587 597 699
 521 : 14 54 67 90 197 268 284 302 396 448 449 474 490 573 724 739
 535 : 24 30 78 91 104 116 117 118 156 182 253 272 440 518 599 631 636 649 713
 546 : 81 95 121 129 320 363 377 405 444 520 569 673
 550 : 105 122 123 124 271 306 375 379 415 542 614 722
 557 : 77 172 222 404 454 456 504 508 526 562 685 695
 577 : 88 153 190 195 261 347 502 536 595 657
 624 : 29 160 210 229 250 406 417 503 567
 640 : 39 64 135 264 295 346 366 388 486 488 653 674 711
 650 : 3 22 89 96 114 166 199 243 337 362 465 680 720
 655 : 34 155 163 201 211 246 398 431 532 615 662 667 671 712 747
 664 : 109 221 233 251 270 373 480 584
 668 : 6 38 120 127 422 499 666 676
 672 : 85 147 157 380 478 507 531 540 686 744
 695 : 130 177 263 416 434 441 517 557 684
 701 : 158 170 290 359 446 495 505 633 669 697 705
 720 : 7 128 132 193 217 223 228 266 340 435 538 625 650 664 742
 721 : 21 25 137 244 424 487 530 556 561 583 588 623 630 658 691 728 732 749
 738 : 41 65 83 146 164 196 235 241 308 483 589 609 610 677
 748 : 154 179 226 240 255 259 281 344 452 479 580 632 644 665 687
SOLUTION:
  Value: -764010.000000
  Assigns: 80 80 268 511 260 189 668 720 353 331 138 227 164 718 521 398 176 79 653 260 135 653 178 433 206 721 189 176 496 398 535 293 71 135 655 665 213 23 668 545 293 293 438 511 293 340 298 340 206 474 433 545 213 293 521 331 138 80 286 511 521 176 242 458 176 116 176 206 94 144 511 458 23 242 535 144 472 665 535 367 145 546 472 268 116 612 106 511 639 474 521 535 242 353 718 546 79 665 653 521 665 653 227 286 535 545 433 612 242 474 260 331 293 138 668 326 535 535 367 145 112 546 550 213 326 94 178 668 720 546 206 260 720 298 438 326 138 721 653 6 94 411 23 476 176 612 521 438 639 304 268 23 665 298 748 655 535 213 145 720 748 145 458 438 304 178 668 135 176 79 701 353 557 472 526 545 298 145 474 748 535 472 535 106 135 94 511 189 326 80 150 521 106 720 496 458 79 521 260 612 171 655 227 411 353 526 398 268 526 71 748 655 189 286 433 353 260 171 260 94 213 79 557 720 398 353 748 242 720 639 286 145 23 298 476 668 433 242 293 353 718 286 227 106 721 511 655 94 150 701 458 189 138 535 511 748 189 144 748 748 639 171 438 304 557 304 720 189 150 433 545 550 535 71 242 23 367 526 6 138 178 748 367 138 521 286 213 71 665 138 438 227 545 112 213 353 106 286 176 550 612 496 521 612 398 116 550 150 304 411 189 331 135 665 80 472 665 145 164 367 546 286 433 526 476 340 135 206 144 331 665 353 144 293 411 206 171 298 79 639 150 138 6 71 748 178 164 398 526 150 80 268 718 171 116 438 612 144 71 701 106 213 550 150 94 653 260 189 612 71 106 612 472 135 438 178 293 304 496 550 438 550 71 433 138 304 112 476 718 171 164 526 6 6 213 438 521 176 655 458 150 144 80 331 557 546 171 718 433 326 665 720 331 353 367 550 326 331 116 304 340 176 668 298 721 116 474 293 367 521 398 655 164 106 106 720 171 331 326 653 535 720 411 398 546 80 150 144 521 521 71 340 748 472 557 189 557 433 71 472 176 171 268 472 340 398 526 474 189 340 260 655 353 476 178 545 653 458 612 748 411 340 268 145 189 546 331 721 326 653 411 164 331 298 545 639 304 293 23 668 268 476 150 476 557 639 496 227 557 304 135 286 526 438 145 411 639 178 535 476 398 474 6 526 550 6 557 23 144 340 721 474 655 164 511 116 612 433 213 6 720 135 550 286 6 171 206 189 639 340 213 286 206 189 227 178 639 526 71 353 701 721 213 612 367 268 304 135 612 546 557 286 206 135 178 331 116 242 106 653 748 164 176 721 340 331 116 511 721 639 106 639 526 213 6 748 227 511 94 535 458 135 79 227 112 268 472 340 612 227 545 476 145 79 145 655 242 23 286 112 164 433 260 721 189 720 411 176 94 6 612 171 748 701 472 304 665 144 178 260 213 550 189 293 748 116 458 665 94 535 720 150 545 476 720 398 106 112 721 206 496 227 398 653 331 206 668 655 6 701 138 655 171 546 135 150 668 718 433 718 655 94 145 721 150 557 116 748 71 112 135 721 144 476 189 557 293 701 653 213 176 80 150 433 668 701 326 458 94 242 353 748 655 474 438 23 438 23 94 227 411 458 550 268 521 612 112 476 721 286 150 227 721 80 353 326 367 353 164 521 178 474 720 331 526 106 472 655 665 721 
  Facilities: 62
 6 : 139 278 342 392 393 522 525 539 544 594 629 668
 23 : 37 72 142 151 232 275 498 527 617 715 717
 71 : 32 209 273 287 343 358 369 382 450 458 558 688
 79 : 17 96 169 196 221 338 602 613
 80 : 0 1 57 189 314 350 402 445 701 733
 94 : 68 125 140 185 219 247 364 598 628 648 681 708 718
 106 : 86 183 192 243 296 360 370 433 434 578 590 656 745
 112 : 120 293 386 604 619 657 689 726
 116 : 65 84 305 354 418 425 535 576 586 645 686
 135 : 20 33 167 184 312 326 373 510 541 567 573 601 674 690
 138 : 10 56 113 136 252 279 283 289 341 384 670
 144 : 69 75 257 328 332 357 401 447 528 637 692
 145 : 80 119 158 161 177 231 317 483 514 612 614 682
 150 : 190 248 268 307 340 349 363 400 446 502 651 675 684 702 730
 164 : 12 318 346 390 432 491 533 581 620 738
 171 : 200 217 261 336 353 389 406 436 461 545 631 672
 176 : 16 27 61 64 66 144 168 298 397 421 460 582 627 700
 178 : 22 126 165 280 345 375 474 517 555 574 638 740
 189 : 5 26 187 212 251 256 267 310 367 455 468 484 547 553 624 642 694
 206 : 24 48 67 130 327 335 546 552 572 659 665
 213 : 36 52 123 157 220 286 294 361 394 538 550 562 593 640 699
 227 : 11 102 202 242 291 507 554 596 603 609 661 719 731
 242 : 62 73 92 108 227 237 274 577 616 709
 260 : 4 19 110 131 198 216 218 366 470 622 639
 268 : 2 83 150 207 351 462 482 500 565 605 723
 286 : 58 103 213 230 241 285 297 321 511 543 551 571 618 729
 293 : 31 40 41 44 53 112 238 333 376 427 497 643 696
 298 : 46 133 153 176 233 337 423 493
 304 : 149 164 263 265 308 377 385 419 496 509 566 635
 326 : 115 124 135 188 409 416 438 488 706 735
 331 : 9 55 111 311 329 403 412 417 437 486 492 575 585 664 743
 340 : 45 47 325 420 451 464 469 481 529 549 584 607
 353 : 8 93 171 204 215 225 239 295 331 413 472 559 710 734 737
 367 : 79 118 276 282 319 414 428 564 736
 398 : 15 29 206 224 304 347 430 443 465 520 655 662
 411 : 141 203 309 334 442 480 490 515 626 720
 433 : 23 50 106 214 236 269 322 383 408 457 537 621 678 703
 438 : 42 134 147 163 262 290 355 374 380 395 513 714 716
 458 : 63 71 162 195 250 399 477 600 646 707 721
 472 : 76 82 173 181 315 372 453 459 463 606 634 746
 474 : 49 89 109 178 426 467 521 531 713 741
 476 : 143 234 324 387 473 501 503 519 611 653 693 727
 496 : 28 194 301 378 506 660
 511 : 3 43 59 70 87 186 245 254 534 587 597
 521 : 14 54 60 90 99 146 191 197 284 302 396 429 448 449 724 739
 526 : 174 205 208 277 323 348 391 466 512 523 557 592 744
 535 : 30 74 78 91 104 116 117 156 180 182 253 272 440 518 599 649
 545 : 39 51 105 175 270 292 475 494 610 652
 546 : 81 95 121 129 320 405 444 485 569 673
 550 : 122 271 299 306 362 379 381 415 524 542 641 722
 557 : 172 222 264 404 454 456 504 508 526 570 685 695
 612 : 85 107 145 199 300 303 356 368 371 478 536 563 568 608 630 725
 639 : 88 148 229 260 339 495 505 516 548 556 589 591
 653 : 18 21 98 101 138 365 439 476 489 579 663 698
 655 : 34 155 201 211 246 398 431 471 532 615 667 671 680 712 747
 665 : 35 77 97 100 152 288 313 316 330 410 636 647 748
 668 : 6 38 114 127 166 235 422 499 666 676 704
 701 : 170 249 359 560 633 669 697 705
 718 : 13 94 240 352 388 407 677 679
 720 : 7 128 132 159 193 223 228 266 411 435 441 540 625 650 654 742
 721 : 25 137 244 424 487 530 561 583 588 623 658 683 691 728 732 749
 748 : 154 160 179 210 226 255 258 259 281 344 452 479 580 595 632 644 687 711
SOLUTION:
  Value: -764011.000000
  Assigns: 367 173 553 650 260 189 668 326 353 331 138 665 164 602 521 122 691 26 155 260 135 721 529 293 206 721 189 114 635 398 691 529 691 135 655 565 213 728 668 545 293 738 438 476 293 173 565 720 206 476 398 545 213 571 521 331 138 411 286 475 521 396 242 206 114 738 122 206 94 144 173 345 122 242 411 144 472 665 668 602 145 546 472 738 116 15 26 94 639 650 521 571 242 353 565 546 650 665 331 521 665 205 114 286 635 545 635 571 242 529 260 331 293 257 650 326 257 173 367 145 206 546 15 213 326 94 265 668 720 546 206 529 720 635 438 326 138 721 122 240 94 411 237 476 257 150 738 438 639 265 145 15 30 205 655 655 691 213 145 173 145 26 122 438 738 155 650 135 655 476 701 353 557 472 257 345 144 145 345 691 122 472 345 240 122 94 189 189 122 26 150 521 553 720 571 206 565 521 260 650 728 691 639 411 353 553 398 396 122 205 15 655 189 286 114 353 260 565 260 94 213 545 557 720 398 353 213 242 720 30 286 145 23 30 476 738 265 242 293 353 240 738 237 650 15 205 655 94 150 565 367 189 138 164 293 639 189 144 205 545 639 30 438 650 557 286 720 189 150 396 545 635 475 15 242 23 367 240 6 26 30 668 367 138 15 265 213 122 665 138 438 602 293 23 213 353 602 240 602 265 326 545 521 155 265 116 691 150 738 411 189 331 135 665 144 472 237 635 164 367 546 286 475 15 476 240 135 206 144 331 665 353 144 293 411 206 205 650 189 639 529 138 6 701 475 529 164 398 155 114 240 602 293 472 116 122 565 144 155 701 635 213 650 150 94 155 260 189 122 6 122 293 472 135 438 476 293 546 396 635 438 213 396 367 138 122 242 476 553 122 164 472 122 6 213 691 521 728 655 242 150 144 565 331 557 546 135 265 15 326 665 720 331 353 367 30 326 331 116 565 206 476 668 114 721 116 265 293 205 521 398 655 173 23 122 475 475 331 345 260 728 237 411 398 546 265 150 144 521 521 114 257 398 472 557 189 557 155 721 472 30 257 155 26 150 398 639 345 189 114 260 655 173 476 521 545 476 571 150 475 411 237 691 145 189 571 331 721 326 553 411 164 331 602 545 639 150 293 23 668 655 476 257 476 557 639 240 728 557 475 135 286 30 438 553 411 345 257 26 476 398 396 6 173 529 6 557 23 144 345 721 205 655 728 331 116 240 173 213 6 565 135 571 286 6 475 206 189 639 242 122 286 553 205 242 553 639 237 144 353 701 721 213 265 367 94 26 135 639 546 557 286 206 135 529 331 116 237 345 15 475 164 94 721 475 331 116 326 721 639 150 639 145 213 6 257 738 602 94 639 565 571 345 728 353 26 472 398 173 30 738 476 145 94 145 655 242 23 286 122 164 164 260 721 396 720 411 650 26 6 114 345 545 701 472 237 396 144 691 260 213 240 189 237 665 116 571 665 94 553 720 150 545 396 265 398 398 331 721 206 691 257 398 260 331 206 668 655 6 240 138 553 398 546 135 150 155 738 691 6 650 94 145 721 150 173 116 691 720 553 135 721 144 257 189 557 293 701 135 213 145 728 150 521 345 701 326 476 94 571 353 240 655 396 438 23 438 23 94 155 650 728 114 635 521 257 15 476 721 286 150 553 721 242 353 326 367 353 164 521 472 237 345 237 571 553 472 655 665 721 
  Facilities: 62
 6 : 278 342 369 393 522 525 539 544 594 629 668 679
 15 : 85 122 151 210 244 273 284 323 408 579 726
 23 : 232 275 293 433 498 527 617 715 717
 26 : 17 86 161 189 279 463 518 566 605 628
 30 : 152 229 233 261 280 415 460 512 609
 94 : 68 87 125 140 185 219 247 364 565 582 598 613 648 681 708 718
 114 : 27 64 102 214 349 423 450 469 630 722
 116 : 84 305 354 418 425 535 576 586 645 686
 122 : 15 66 72 138 162 180 184 188 208 287 355 368 370 385 389 392 434 550 619
 135 : 20 33 167 312 326 373 406 510 541 567 573 674 690 698
 138 : 10 56 136 252 283 289 341 384 670
 144 : 69 75 176 257 314 328 332 357 401 447 528 558 637 692
 145 : 80 119 150 158 160 177 231 483 592 612 614 682 700
 150 : 145 190 248 268 307 363 400 446 464 478 496 590 651 675 684 702 730
 155 : 18 165 303 348 358 365 457 462 676 719
 164 : 12 253 318 346 390 491 581 620 621 738
 173 : 1 45 70 117 159 432 472 523 537 608 685
 189 : 5 26 186 187 212 251 256 267 310 338 367 455 468 484 547 642 694
 205 : 101 153 209 245 258 336 428 531 553
 206 : 24 48 63 67 120 130 195 327 335 420 546 572 659 665
 213 : 36 52 123 157 220 226 286 294 361 381 394 538 562 593 640 699
 237 : 142 242 316 441 481 557 577 635 643 741 743
 240 : 139 183 240 277 297 325 350 506 536 641 669 711
 242 : 62 73 92 108 227 237 274 386 399 549 554 616 733
 257 : 113 116 144 174 451 461 502 517 595 661 693 725
 260 : 4 19 110 198 216 218 366 439 470 622 639 663
 265 : 126 149 236 285 299 304 407 426 445 563 654
 286 : 58 103 213 230 265 321 511 543 551 571 618 729
 293 : 23 40 44 112 238 254 292 333 352 371 376 427 497 696
 326 : 7 115 124 135 300 409 416 488 587 706 735
 331 : 9 55 98 111 311 329 403 412 417 437 486 492 534 575 585 657 664
 345 : 71 175 178 182 438 467 516 529 578 602 631 704 742
 353 : 8 93 171 204 215 225 239 295 331 413 559 604 710 734 737
 367 : 0 118 250 276 282 319 383 414 564 736
 396 : 61 207 269 378 382 521 624 636 653 713
 398 : 29 50 206 224 347 430 443 452 465 520 607 655 656 662 672
 411 : 57 74 141 203 309 334 442 480 490 515 626
 438 : 42 134 147 163 262 290 374 380 513 714 716
 472 : 76 82 173 181 315 353 372 391 453 459 606 634 740 746
 475 : 59 272 322 344 435 436 479 509 545 580 584
 476 : 43 49 143 169 234 324 375 387 421 473 476 501 503 519 611 707 727
 521 : 14 54 60 90 99 191 197 302 396 429 448 449 474 703 724 739
 529 : 22 31 109 131 340 345 524 574
 545 : 39 51 105 221 259 270 301 475 494 632 652
 546 : 81 95 121 129 320 377 405 444 569 673
 553 : 2 192 205 388 489 514 552 555 649 671 689 731 745
 557 : 172 222 264 404 454 456 504 508 526 570 695
 565 : 35 46 94 196 217 249 356 402 419 540 600
 571 : 53 91 107 194 477 485 542 601 646 709 744
 602 : 13 79 291 296 298 351 493 597
 635 : 28 104 106 133 271 317 360 379 723
 639 : 88 148 202 255 260 339 466 495 505 548 556 568 589 591 599
 650 : 3 89 96 114 166 199 243 263 337 362 627 680 720
 655 : 34 154 155 168 211 246 398 431 471 500 532 615 667 712 747
 665 : 11 77 97 100 288 313 330 410 644 647 748
 668 : 6 38 78 127 281 422 499 666
 691 : 16 30 32 156 179 201 306 395 482 638 660 678 687
 701 : 170 343 359 560 633 697 705
 720 : 47 128 132 193 223 228 266 411 625 650 688
 721 : 21 25 137 424 458 487 530 561 583 588 623 658 683 691 728 732 749
 728 : 37 200 397 440 507 533 603 701 721
 738 : 41 65 83 146 164 235 241 308 596 610 677
SOLUTION:
  Value: -764012.000000
  Assigns: 367 112 268 114 188 189 668 720 106 331 138 665 164 718 521 122 691 79 155 237 449 721 529 433 638 721 189 114 164 545 691 529 691 294 655 665 213 728 668 545 293 293 293 476 293 340 343 340 449 638 433 545 213 571 521 331 138 343 639 106 521 79 354 188 114 116 122 521 94 144 666 343 122 701 411 144 472 665 49 367 145 294 472 268 116 354 106 94 639 354 521 571 237 164 718 352 79 665 331 521 694 354 3 237 475 545 433 571 367 529 433 343 293 138 3 326 354 294 367 145 112 122 188 213 326 94 265 694 720 701 533 449 720 11 147 326 138 721 122 589 94 411 237 476 331 559 11 94 639 304 268 23 147 577 655 655 533 213 638 147 145 145 352 655 304 155 188 354 589 79 701 122 557 472 49 354 144 145 638 691 122 472 352 106 122 94 188 189 122 694 577 521 106 720 571 577 79 521 559 352 728 691 639 411 638 114 665 268 122 639 354 655 189 294 433 79 155 666 387 94 213 79 399 720 11 294 533 11 720 666 331 145 23 11 476 668 265 557 293 340 718 3 399 354 721 559 655 94 268 701 367 189 138 164 293 639 189 144 293 545 639 352 354 304 387 304 720 294 352 433 545 694 475 326 294 23 367 666 3 138 559 533 367 138 114 265 213 122 665 138 701 343 545 352 213 49 106 11 112 265 326 268 521 155 399 116 691 94 304 411 189 331 399 665 589 472 237 145 164 367 189 399 433 11 476 340 188 23 144 331 694 144 144 293 411 387 521 577 79 639 529 138 3 449 475 529 188 577 352 114 49 268 718 472 116 122 188 144 155 701 106 213 294 354 94 155 294 387 122 340 106 293 472 559 343 476 293 304 387 352 354 188 294 433 138 122 112 476 718 122 164 472 122 589 213 691 521 728 655 304 164 387 354 331 557 237 533 265 433 326 665 720 331 293 367 720 326 331 559 147 387 3 668 114 721 116 265 293 367 3 11 655 164 106 122 475 475 331 147 589 728 237 411 449 293 265 665 144 521 521 114 188 694 3 557 189 557 343 399 472 399 639 155 472 340 304 639 666 189 340 475 655 559 476 521 545 387 571 666 352 147 340 691 145 189 571 331 721 326 147 411 164 331 589 545 639 304 293 23 668 268 476 577 476 557 639 533 728 557 475 147 3 449 164 145 411 354 399 557 476 694 449 3 188 529 589 557 23 144 340 721 589 188 728 49 116 577 433 213 49 49 294 571 49 387 475 521 189 639 340 122 529 188 189 577 387 3 237 559 472 559 721 213 265 367 268 304 49 387 138 557 237 106 521 529 331 533 237 106 449 475 164 94 721 352 343 116 326 721 639 106 639 11 213 399 577 638 472 94 639 472 571 79 728 112 268 472 340 11 294 114 476 145 79 145 655 343 23 112 122 164 433 694 721 189 720 666 694 94 144 114 728 545 701 472 304 665 144 691 589 213 3 189 237 399 116 694 665 94 147 3 476 545 476 265 155 106 112 721 3 589 49 145 79 331 11 668 655 666 701 138 655 147 265 352 11 155 718 691 718 589 94 145 449 49 557 116 691 720 112 387 638 144 476 189 557 293 701 268 213 343 728 49 433 147 701 11 11 94 571 533 352 655 237 545 294 387 23 94 155 411 728 114 268 521 112 112 476 721 387 354 352 721 589 138 326 367 3 589 294 666 237 720 237 571 106 472 655 665 354 
  Facilities: 63
 3 : 102 114 241 278 342 421 429 453 511 522 556 641 650 659 737
 11 : 133 146 224 227 233 297 323 430 592 608 665 675 706 707
 23 : 151 232 275 327 498 527 617 717
 49 : 78 174 295 350 534 539 540 543 567 661 684 702
 79 : 17 61 96 169 196 215 221 338 602 613 663
 94 : 68 87 125 140 147 185 219 247 307 364 582 598 628 648 681 708 718
 106 : 8 59 86 183 192 296 360 370 433 572 578 590 656 745
 112 : 1 120 298 386 604 618 657 689 725 726
 114 : 3 27 64 205 284 349 423 450 610 630 722
 116 : 65 84 305 354 425 535 586 645 686
 122 : 15 66 72 121 138 171 180 184 188 208 287 355 368 385 389 392 434 550 619
 138 : 10 56 113 136 252 279 283 289 341 384 569 670 734
 144 : 69 75 176 257 328 331 332 357 447 528 629 637 692
 145 : 80 119 160 161 177 231 317 483 514 612 614 662 682
 147 : 134 152 159 419 438 480 489 510 649 672 704
 155 : 18 165 216 303 358 365 462 655 676 719
 164 : 12 28 93 253 318 390 400 432 491 513 581 620
 188 : 4 63 122 166 186 326 346 356 381 451 523 532 552
 189 : 5 26 187 212 251 256 310 320 455 468 484 547 553 624 642 694
 213 : 36 52 123 157 220 286 294 361 394 538 562 593 640 699
 237 : 19 92 103 142 316 405 441 557 571 577 643 713 741 743
 265 : 126 236 285 299 407 426 445 563 654 673
 268 : 2 83 150 207 248 301 351 500 565 605 698 723
 293 : 40 41 42 44 112 238 254 258 333 371 376 413 427 444 497 696
 294 : 33 81 117 213 225 267 274 362 366 382 541 609 715 739
 304 : 149 164 263 265 308 377 399 465 496 566 635
 326 : 115 124 135 273 300 409 416 488 587 735
 331 : 9 55 98 144 230 311 329 403 412 417 437 486 492 575 664
 340 : 45 47 239 325 369 464 469 481 529 549 607
 343 : 46 57 71 111 291 374 457 585 616 700
 352 : 95 162 182 199 261 268 293 348 379 479 584 674 711 731
 354 : 62 85 89 101 116 167 175 210 243 262 363 380 402 516 730 749
 367 : 0 79 108 118 250 276 282 319 414 428 564 736
 387 : 218 264 335 367 378 401 420 476 544 555 568 690 716 729
 399 : 222 242 304 312 321 458 460 517 594 644
 411 : 74 141 203 309 334 442 490 515 720
 433 : 23 50 106 110 214 269 322 383 408 537 621 703
 449 : 20 48 131 343 443 512 521 579 683
 472 : 76 82 173 181 315 353 372 391 459 463 559 597 600 606 634 746
 475 : 104 272 344 435 436 470 509 545 580
 476 : 43 143 234 324 375 387 473 501 503 519 611 651 653 693 727
 521 : 14 54 60 67 90 99 191 197 302 336 396 448 449 474 546 573 724
 529 : 22 31 109 340 345 524 551 574
 533 : 130 156 226 281 406 506 576 710
 545 : 29 39 51 105 259 270 292 475 494 632 652 714
 557 : 172 237 404 454 456 504 508 518 526 570 685 695
 559 : 145 198 245 280 373 418 472 558 560
 571 : 53 91 107 194 477 485 542 601 709 744
 577 : 153 190 195 337 347 502 536 554 595
 589 : 139 168 314 393 439 493 525 531 639 660 680 733 738
 638 : 24 49 158 178 204 596 691
 639 : 58 88 148 202 209 255 260 339 461 466 495 505 548 589 591 599
 655 : 34 154 155 163 211 246 398 431 471 615 667 671 712 747
 665 : 11 35 77 97 206 288 313 410 446 636 647 748
 666 : 70 217 229 277 467 478 626 668 740
 668 : 6 38 235 422 499 666
 691 : 16 30 32 179 201 306 395 482 638 678 687
 694 : 100 127 189 271 330 452 520 622 627 646
 701 : 73 129 170 249 290 359 633 669 697 705
 718 : 13 94 240 352 388 677 679
 720 : 7 128 132 193 223 228 266 411 415 625 688 742
 721 : 21 25 137 244 424 487 530 561 583 588 623 658 728 732
 728 : 37 200 397 440 507 533 603 631 701 721
