# Time: 275.289978
# Elapsed: 170.778458
# Input_file: splp/CLSC/3133GapCS.txt
# Pool_size: 200
# Iterations: 21
# Final_solutions: 3900
# Vision_range: 400
# Reduction_mode: REDUCTION_DISPERSE
# Dissimilitude: DISSIM_CLIENTDELTA
SOLUTION:
  Value: -45127.000000
  Assigns: 51 97 97 5 1 7 5 9 56 7 5 56 97 7 81 29 1 14 81 96 9 36 96 22 51 21 29 1 21 5 9 7 81 7 9 1 21 29 51 81 36 97 36 7 81 51 96 14 36 7 97 56 88 29 56 5 9 56 96 9 96 81 22 22 9 88 96 96 96 1 96 56 81 81 29 81 21 29 1 5 56 14 1 36 36 22 21 51 88 9 21 14 51 22 21 51 21 14 22 22 
  Facilities: 15
 1 : 4 16 27 35 69 78 82
 5 : 3 6 10 29 55 79
 7 : 5 9 13 31 33 43 49
 9 : 7 20 30 34 56 59 64 89
 14 : 17 47 81 91 97
 21 : 25 28 36 76 86 90 94 96
 22 : 23 62 63 85 93 98 99
 29 : 15 26 37 53 74 77
 36 : 21 40 42 48 83 84
 51 : 0 24 38 45 87 92 95
 56 : 8 11 51 54 57 71 80
 81 : 14 18 32 39 44 61 72 73 75
 88 : 52 65 88
 96 : 19 22 46 58 60 66 67 68 70
 97 : 1 2 12 41 50
SOLUTION:
  Value: -48111.000000
  Assigns: 68 71 75 75 44 52 31 75 38 68 43 44 31 94 81 44 52 31 52 96 43 25 96 54 52 82 68 52 38 44 43 75 81 71 68 10 10 94 44 81 44 96 68 10 81 94 96 38 75 52 10 75 10 31 94 52 68 77 96 52 10 81 94 31 54 25 96 96 96 25 96 31 81 81 71 81 68 54 75 75 25 25 82 77 71 68 10 25 54 38 54 38 77 25 94 77 77 54 82 54 
  Facilities: 16
 10 : 35 36 43 50 52 60 86
 25 : 21 65 69 80 81 87 93
 31 : 6 12 17 53 63 71
 38 : 8 28 47 89 91
 43 : 10 20 30
 44 : 4 11 15 29 38 40
 52 : 5 16 18 24 27 49 55 59
 54 : 23 64 77 88 90 97 99
 68 : 0 9 26 34 42 56 76 85
 71 : 1 33 74 84
 75 : 2 3 7 31 48 51 78 79
 77 : 57 83 92 95 96
 81 : 14 32 39 44 61 72 73 75
 82 : 25 82 98
 94 : 13 37 45 54 62 94
 96 : 19 22 41 46 58 66 67 68 70
SOLUTION:
  Value: -51096.000000
  Assigns: 68 97 97 95 30 52 64 2 59 92 70 3 97 10 95 30 30 92 52 96 95 25 96 54 52 3 68 92 70 2 59 30 64 2 68 10 10 92 95 83 83 97 68 10 59 30 96 83 83 52 97 70 10 92 30 52 30 25 96 52 10 3 59 12 54 95 96 96 96 70 70 3 59 64 2 59 83 59 83 95 70 25 97 2 3 68 10 25 54 12 54 70 12 25 12 12 70 54 54 54 
  Facilities: 17
 2 : 7 29 33 74 83
 3 : 11 25 61 71 84
 10 : 13 35 36 43 52 60 86
 12 : 63 89 92 94 95
 25 : 21 57 81 87 93
 30 : 4 15 16 31 45 54 56
 52 : 5 18 24 49 55 59
 54 : 23 64 88 90 97 98 99
 59 : 8 30 44 62 72 75 77
 64 : 6 32 73
 68 : 0 26 34 42 85
 70 : 10 28 51 69 70 80 91 96
 83 : 39 40 47 48 76 78
 92 : 9 17 27 37 53
 95 : 3 14 20 38 65 79
 96 : 19 22 46 58 66 67 68
 97 : 1 2 12 41 50 82
SOLUTION:
  Value: -51098.000000
  Assigns: 4 71 11 4 85 52 31 57 56 83 93 56 31 84 84 93 52 14 52 31 57 35 4 54 52 60 85 52 57 35 84 62 84 71 84 35 10 84 60 83 83 4 71 10 11 85 10 83 83 52 10 56 10 31 56 52 35 56 11 52 10 62 62 31 54 35 4 71 62 93 62 56 71 10 71 85 83 57 83 56 56 14 93 57 4 62 10 60 54 14 54 14 60 11 60 60 54 54 54 54 
  Facilities: 17
 4 : 0 3 22 41 66 84
 10 : 36 43 46 50 52 60 73 86
 11 : 2 44 58 93
 14 : 17 81 89 91
 31 : 6 12 19 53 63
 35 : 21 29 35 56 65
 52 : 5 16 18 24 27 49 55 59
 54 : 23 64 88 90 96 97 98 99
 56 : 8 11 51 54 57 71 79 80
 57 : 7 20 28 77 83
 60 : 25 38 87 92 94 95
 62 : 31 61 62 68 70 85
 71 : 1 33 42 67 72 74
 83 : 9 39 40 47 48 76 78
 84 : 13 14 30 32 34 37
 85 : 4 26 45 75
 93 : 10 15 69 82
SOLUTION:
  Value: -51100.000000
  Assigns: 68 36 91 95 13 52 31 34 45 68 91 68 47 47 11 52 52 76 52 31 95 36 96 76 6 21 68 52 21 91 6 34 45 91 68 13 21 47 95 45 36 34 68 6 11 45 96 13 36 52 31 89 52 31 13 52 68 98 34 52 98 98 95 47 31 95 96 96 96 11 96 89 21 6 45 76 21 34 34 95 89 6 89 36 89 68 76 89 98 6 21 47 76 11 21 98 21 89 76 47 
  Facilities: 17
 6 : 24 30 43 73 81 89
 11 : 14 44 69 93
 13 : 4 35 47 54
 21 : 25 28 36 72 76 90 94 96
 31 : 6 19 50 53 64
 34 : 7 31 41 58 77 78
 36 : 1 21 40 48 83
 45 : 8 32 39 45 74
 47 : 12 13 37 63 91 99
 52 : 5 15 16 18 27 49 52 55 59
 68 : 0 9 11 26 34 42 56 85
 76 : 17 23 75 86 92 98
 89 : 51 71 80 82 84 87 97
 91 : 2 10 29 33
 95 : 3 20 38 62 65 79
 96 : 22 46 66 67 68 70
 98 : 57 60 61 88 95
SOLUTION:
  Value: -51102.000000
  Assigns: 2 97 97 98 69 69 38 2 38 37 93 3 97 94 17 93 69 76 97 96 9 69 96 76 37 69 3 98 38 2 9 49 49 65 9 2 21 94 65 93 69 97 49 65 63 94 17 49 38 17 97 17 69 38 94 65 9 49 96 9 98 98 94 37 9 37 96 96 38 93 97 3 21 63 2 76 3 38 93 94 63 98 93 2 3 94 76 63 98 9 21 38 76 63 21 98 21 37 76 63 
  Facilities: 17
 2 : 0 7 29 35 74 83
 3 : 11 26 71 76 84
 9 : 20 30 34 56 59 64 89
 17 : 14 46 49 51
 21 : 36 72 90 94 96
 37 : 9 24 63 65 97
 38 : 6 8 28 48 53 68 77 91
 49 : 31 32 42 47 57
 63 : 44 73 80 87 93 99
 65 : 33 38 43 55
 69 : 4 5 16 21 25 40 52
 76 : 17 23 75 86 92 98
 93 : 10 15 39 69 78 82
 94 : 13 37 45 54 62 79 85
 96 : 19 22 58 66 67
 97 : 1 2 12 18 41 50 70
 98 : 3 27 60 61 81 88 95
SOLUTION:
  Value: -51103.000000
  Assigns: 68 90 97 95 1 52 38 3 38 68 91 3 97 94 95 52 52 48 52 96 95 25 96 54 6 3 68 52 38 20 6 91 81 91 68 1 20 94 95 48 91 97 68 6 81 94 96 38 38 52 97 20 52 38 94 52 68 25 96 52 20 81 94 90 54 95 96 96 96 1 96 3 81 6 20 81 3 54 3 95 25 6 1 90 3 94 3 25 54 38 54 38 48 25 94 90 54 54 48 54 
  Facilities: 17
 1 : 4 35 69 82
 3 : 7 11 25 71 76 78 84 86
 6 : 24 30 43 73 81
 20 : 29 36 51 60 74
 25 : 21 57 80 87 93
 38 : 6 8 28 47 48 53 89 91
 48 : 17 39 92 98
 52 : 5 15 16 18 27 49 52 55 59
 54 : 23 64 77 88 90 96 97 99
 68 : 0 9 26 34 42 56
 81 : 32 44 61 72 75
 90 : 1 63 83 95
 91 : 10 31 33 40
 94 : 13 37 45 54 62 85 94
 95 : 3 14 20 38 65 79
 96 : 19 22 46 58 66 67 68 70
 97 : 2 12 41 50
SOLUTION:
  Value: -51103.000000
  Assigns: 51 90 29 95 69 69 5 57 95 83 5 5 47 47 95 29 69 57 47 96 9 69 96 54 6 69 29 90 57 49 9 49 49 6 9 29 5 29 51 83 83 96 49 6 63 51 96 83 83 67 83 89 69 29 9 5 9 49 96 9 96 49 95 47 9 95 96 96 96 63 96 89 67 63 29 57 83 57 83 5 63 6 89 90 89 67 9 63 54 9 54 47 51 63 90 90 47 54 90 63 
  Facilities: 17
 5 : 6 10 11 36 55 79
 6 : 24 33 43 81
 9 : 20 30 34 54 56 59 64 86 89
 29 : 2 15 26 35 37 53 74
 47 : 12 13 18 63 91 96
 49 : 29 31 32 42 57 61
 51 : 0 38 45 92
 54 : 23 88 90 97
 57 : 7 17 28 75 77
 63 : 44 69 73 80 87 93 99
 67 : 49 72 85
 69 : 4 5 16 21 25 52
 83 : 9 39 40 47 48 50 76 78
 89 : 51 71 82 84
 90 : 1 27 83 94 95 98
 95 : 3 8 14 62 65
 96 : 19 22 41 46 58 60 66 67 68 70
SOLUTION:
  Value: -51104.000000
  Assigns: 68 97 97 98 30 52 31 57 56 68 93 56 97 32 35 30 30 78 52 31 57 35 60 54 52 21 68 52 57 16 78 32 58 58 68 35 58 35 30 58 16 97 68 57 58 30 78 93 56 52 97 56 52 31 30 35 30 56 78 52 98 98 78 31 54 35 32 16 58 93 97 31 21 78 32 16 21 57 93 68 56 98 93 57 16 68 78 60 54 58 54 58 60 21 60 98 21 54 54 54 
  Facilities: 17
 16 : 29 40 67 75 84
 21 : 25 72 76 93 96
 30 : 4 15 16 38 45 54 56
 31 : 6 19 53 63 71
 32 : 13 31 66 74
 35 : 14 21 35 37 55 65
 52 : 5 18 24 27 49 52 59
 54 : 23 64 88 90 97 98 99
 56 : 8 11 48 51 57 80
 57 : 7 20 28 43 77 83
 58 : 32 33 36 39 44 68 89 91
 60 : 22 87 92 94
 68 : 0 9 26 34 42 79 85
 78 : 17 30 46 58 62 73 86
 93 : 10 47 69 78 82
 97 : 1 2 12 41 50 70
 98 : 3 60 61 81 95
SOLUTION:
  Value: -51104.000000
  Assigns: 53 90 74 95 85 69 38 74 38 78 93 3 49 85 95 93 69 78 58 85 95 69 49 54 90 69 85 90 38 20 78 49 49 65 53 13 58 69 95 58 69 13 49 65 63 85 78 49 38 85 78 20 69 13 13 65 20 49 78 74 53 85 78 90 54 95 20 13 58 93 53 3 90 63 20 85 3 54 3 95 63 74 93 90 3 74 78 63 54 38 54 58 53 63 90 90 53 54 90 54 
  Facilities: 17
 3 : 11 71 76 78 84
 13 : 35 41 53 54 67
 20 : 29 51 56 66 74
 38 : 6 8 28 48 89
 49 : 12 22 31 32 42 47 57
 53 : 0 34 60 70 92 96
 54 : 23 64 77 88 90 97 99
 58 : 18 36 39 68 91
 63 : 44 73 80 87 93
 65 : 33 43 55
 69 : 5 16 21 25 37 40 52
 74 : 2 7 59 81 85
 78 : 9 17 30 46 50 58 62 86
 85 : 4 13 19 26 45 49 61 75
 90 : 1 24 27 63 72 83 94 95 98
 93 : 10 15 69 82
 95 : 3 14 20 38 65 79
