# Time: 954.609985
# Elapsed: 510.394989
# Input_file: splp/GapB/1631GapBS.txt
# Pool_size: 200
# Iterations: 42
# Final_solutions: 8100
# Vision_range: 400
# Reduction_mode: REDUCTION_DISPERSE
# Dissimilitude: DISSIM_HAUSDORFF
# Facility_dist: FDISMODE_MINDIST
SOLUTION:
  Value: -51139.000000
  Assigns: 4 77 36 15 77 71 72 42 71 15 42 78 25 88 71 72 99 22 90 78 4 3 81 36 78 72 90 78 72 91 91 25 81 91 78 81 77 42 81 98 72 25 78 36 91 36 3 4 98 90 42 81 4 3 99 71 4 77 90 3 42 4 36 99 36 88 42 22 36 71 15 90 81 77 72 91 4 78 22 25 90 99 15 3 42 3 91 99 4 15 15 72 90 25 4 88 72 25 15 22 
  Facilities: 17
 3 : 21 46 53 59 83 85
 4 : 0 20 47 52 56 61 76 88 94
 15 : 3 9 70 82 89 90 98
 22 : 17 67 78 99
 25 : 12 31 41 79 93 97
 36 : 2 23 43 45 62 64 68
 42 : 7 10 37 50 60 66 84
 71 : 5 8 14 55 69
 72 : 6 15 25 28 40 74 91 96
 77 : 1 4 36 57 73
 78 : 11 19 24 27 34 42 77
 81 : 22 32 35 38 51 72
 88 : 13 65 95
 90 : 18 26 49 58 71 80 92
 91 : 29 30 33 44 75 86
 98 : 39 48
 99 : 16 54 63 81 87
SOLUTION:
  Value: -63135.000000
  Assigns: 1 77 57 37 77 71 49 71 37 2 57 75 75 88 71 49 76 22 2 78 57 3 1 34 2 6 19 78 79 23 6 62 23 76 78 49 49 6 3 44 37 44 78 79 34 22 3 6 62 79 78 44 75 3 62 76 79 77 37 70 6 75 79 79 34 88 88 6 44 71 75 57 19 77 23 76 49 78 22 3 23 1 1 3 62 3 57 1 44 34 34 75 44 37 23 76 2 62 70 62 
  Facilities: 21
 1 : 0 22 81 82 87
 2 : 9 18 24 96
 3 : 21 38 46 53 79 83 85
 6 : 25 30 37 47 60 67
 19 : 26 72
 22 : 17 45 78
 23 : 29 32 74 80 94
 34 : 23 44 64 89 90
 37 : 3 8 40 58 93
 44 : 39 41 51 68 88 92
 49 : 6 15 35 36 76
 57 : 2 10 20 71 86
 62 : 31 48 54 84 97 99
 70 : 59 98
 71 : 5 7 14 69
 75 : 11 12 52 61 70 91
 76 : 16 33 55 75 95
 77 : 1 4 57 73
 78 : 19 27 34 42 50 77
 79 : 28 43 49 56 62 63
 88 : 13 65 66
SOLUTION:
  Value: -69140.000000
  Assigns: 12 15 65 28 22 71 49 71 71 15 13 20 15 88 71 45 76 22 76 28 67 3 81 34 55 6 12 95 88 81 8 63 81 76 78 49 49 6 81 44 95 44 78 20 34 8 3 6 8 12 78 44 44 71 12 65 13 49 49 3 6 71 12 63 34 88 88 6 44 71 15 13 81 20 63 76 49 78 67 13 28 28 15 3 67 3 49 55 44 15 15 13 44 28 65 76 8 65 20 12 
  Facilities: 23
 3 : 21 46 59 83 85
 6 : 25 37 47 60 67
 8 : 30 45 48 96
 12 : 0 26 49 54 62 99
 13 : 10 56 71 79 91
 15 : 1 9 12 70 82 89 90
 20 : 11 43 73 98
 22 : 4 17
 28 : 3 19 80 81 93
 34 : 23 44 64
 44 : 39 41 51 52 68 88 92
 45 : 15
 49 : 6 35 36 57 58 76 86
 55 : 24 87
 63 : 31 63 74
 65 : 2 55 94 97
 67 : 20 78 84
 71 : 5 7 8 14 53 61 69
 76 : 16 18 33 75 95
 78 : 34 42 50 77
 81 : 22 29 32 38 72
 88 : 13 28 65 66
 95 : 27 40
SOLUTION:
  Value: -72142.000000
  Assigns: 12 94 65 15 22 71 49 71 71 15 13 20 15 88 71 45 76 22 76 78 67 3 81 34 55 6 12 95 88 81 8 63 81 76 78 49 49 6 81 44 95 44 78 20 34 8 3 6 8 12 78 44 44 71 12 65 13 49 49 3 6 71 12 63 34 88 88 6 44 71 15 13 81 20 63 76 49 78 67 13 15 1 15 3 67 3 49 55 44 15 15 13 44 94 65 76 8 65 20 12 
  Facilities: 24
 1 : 81
 3 : 21 46 59 83 85
 6 : 25 37 47 60 67
 8 : 30 45 48 96
 12 : 0 26 49 54 62 99
 13 : 10 56 71 79 91
 15 : 3 9 12 70 80 82 89 90
 20 : 11 43 73 98
 22 : 4 17
 34 : 23 44 64
 44 : 39 41 51 52 68 88 92
 45 : 15
 49 : 6 35 36 57 58 76 86
 55 : 24 87
 63 : 31 63 74
 65 : 2 55 94 97
 67 : 20 78 84
 71 : 5 7 8 14 53 61 69
 76 : 16 18 33 75 95
 78 : 19 34 42 50 77
 81 : 22 29 32 38 72
 88 : 13 28 65 66
 94 : 1 93
 95 : 27 40
SOLUTION:
  Value: -84108.000000
  Assigns: 12 94 57 37 80 6 49 93 37 15 57 20 25 88 80 49 76 93 76 78 67 3 81 36 82 6 12 78 88 81 8 25 81 76 78 49 49 6 81 98 37 25 78 20 34 8 3 6 57 12 78 43 82 93 12 76 94 77 37 3 6 43 12 63 34 80 88 6 36 93 43 57 43 67 63 43 49 78 8 25 15 51 15 3 80 3 57 55 63 15 15 51 3 37 55 76 8 25 20 43 
  Facilities: 28
 3 : 21 46 59 83 85 92
 6 : 5 25 37 47 60 67
 8 : 30 45 78 96
 12 : 0 26 49 54 62
 15 : 9 80 82 89 90
 20 : 11 43 98
 22 :
 25 : 12 31 41 79 97
 34 : 44 64
 36 : 23 68
 37 : 3 8 40 58 93
 43 : 51 61 70 72 75 99
 49 : 6 15 35 36 76
 51 : 81 91
 55 : 87 94
 57 : 2 10 48 71 86
 63 : 63 74 88
 67 : 20 73
 76 : 16 18 33 55 95
 77 : 57
 78 : 19 27 34 42 50 77
 80 : 4 14 65 84
 81 : 22 29 32 38
 82 : 24 52
 88 : 13 28 66
 93 : 7 17 53 69
 94 : 1 56
 98 : 39
SOLUTION:
  Value: -96107.000000
  Assigns: 12 94 57 37 80 75 49 66 37 15 57 20 15 88 80 45 76 53 10 78 67 3 81 36 82 10 12 41 88 81 1 63 81 76 78 49 56 10 81 98 37 41 78 20 34 36 3 37 62 12 78 75 75 93 62 53 94 77 37 3 41 56 12 63 34 80 88 22 36 93 66 57 81 20 56 76 49 78 67 41 15 1 15 3 80 3 57 55 63 15 15 56 3 37 55 76 53 62 20 62 
  Facilities: 32
 1 : 30 81
 3 : 21 46 59 83 85 92
 10 : 18 25 37
 12 : 0 26 49 62
 15 : 9 12 80 82 89 90
 20 : 11 43 73 98
 22 : 67
 34 : 44 64
 36 : 23 45 68
 37 : 3 8 40 47 58 93
 41 : 27 41 60 79
 45 : 15
 49 : 6 35 76
 53 : 17 55 96
 55 : 87 94
 56 : 36 61 74 91
 57 : 2 10 71 86
 62 : 48 54 97 99
 63 : 31 63 88
 66 : 7 70
 67 : 20 78
 75 : 5 51 52
 76 : 16 33 75 95
 77 : 57
 78 : 19 34 42 50 77
 80 : 4 14 65 84
 81 : 22 29 32 38 72
 82 : 24
 88 : 13 28 66
 93 : 53 69
 94 : 1 56
 98 : 39
SOLUTION:
  Value: -102107.000000
  Assigns: 12 94 36 37 80 75 72 66 37 15 10 20 15 88 80 72 76 93 10 78 67 3 81 36 35 10 12 41 72 81 41 63 81 76 78 49 56 10 81 44 37 44 35 20 34 36 3 37 62 12 7 44 75 93 62 76 94 77 37 3 41 56 12 63 34 80 88 22 36 18 66 66 7 20 56 76 49 78 67 41 15 35 15 3 80 3 49 55 63 15 15 51 44 7 55 76 72 62 20 62 
  Facilities: 34
 3 : 21 46 59 83 85
 7 : 50 72 93
 10 : 10 18 25 37
 12 : 0 26 49 62
 15 : 9 12 80 82 89 90
 18 : 69
 20 : 11 43 73 98
 22 : 67
 34 : 44 64
 35 : 24 42 81
 36 : 2 23 45 68
 37 : 3 8 40 47 58
 41 : 27 30 60 79
 44 : 39 41 51 92
 45 :
 49 : 35 76 86
 51 : 91
 55 : 87 94
 56 : 36 61 74
 62 : 48 54 97 99
 63 : 31 63 88
 66 : 7 70 71
 67 : 20 78
 72 : 6 15 28 96
 75 : 5 52
 76 : 16 33 55 75 95
 77 : 57
 78 : 19 34 77
 80 : 4 14 65 84
 81 : 22 29 32 38
 82 :
 88 : 13 66
 93 : 17 53
 94 : 1 56
SOLUTION:
  Value: -102195.000000
  Assigns: 4 15 36 15 22 71 72 42 71 15 42 78 25 88 71 72 99 22 90 78 4 3 81 36 78 72 90 78 72 91 91 25 81 91 78 81 36 42 81 98 72 25 78 36 91 36 3 4 98 90 42 81 4 3 99 71 4 42 90 3 42 4 36 99 36 88 42 22 36 71 15 90 81 4 72 91 4 78 22 25 90 99 15 3 42 3 91 99 4 15 15 72 90 25 4 88 72 25 15 22 
  Facilities: 16
 3 : 21 46 53 59 83 85
 4 : 0 20 47 52 56 61 73 76 88 94
 15 : 1 3 9 70 82 89 90 98
 22 : 4 17 67 78 99
 25 : 12 31 41 79 93 97
 36 : 2 23 36 43 45 62 64 68
 42 : 7 10 37 50 57 60 66 84
 71 : 5 8 14 55 69
 72 : 6 15 25 28 40 74 91 96
 78 : 11 19 24 27 34 42 77
 81 : 22 32 35 38 51 72
 88 : 13 65 95
 90 : 18 26 49 58 71 80 92
 91 : 29 30 33 44 75 86
 98 : 39 48
 99 : 16 54 63 81 87
SOLUTION:
  Value: -111091.000000
  Assigns: 12 94 57 37 80 71 72 66 37 15 57 20 15 88 80 72 76 93 10 28 67 3 81 36 35 10 12 41 72 81 6 63 81 76 89 49 18 10 81 44 37 44 35 20 34 36 3 6 62 12 89 44 75 93 62 76 94 77 37 3 6 56 12 63 34 80 88 6 36 18 18 57 7 20 56 76 49 93 67 89 28 35 15 3 80 3 57 45 63 15 15 51 44 7 67 89 72 62 20 62 
  Facilities: 37
 3 : 21 46 59 83 85
 6 : 30 47 60 67
 7 : 72 93
 10 : 18 25 37
 12 : 0 26 49 62
 15 : 9 12 82 89 90
 18 : 36 69 70
 20 : 11 43 73 98
 22 :
 28 : 19 80
 34 : 44 64
 35 : 24 42 81
 36 : 23 45 68
 37 : 3 8 40 58
 41 : 27
 44 : 39 41 51 92
 45 : 87
 49 : 35 76
 51 : 91
 56 : 61 74
 57 : 2 10 71 86
 62 : 48 54 97 99
 63 : 31 63 88
 66 : 7
 67 : 20 78 94
 71 : 5
 72 : 6 15 28 96
 75 : 52
 76 : 16 33 55 75
 77 : 57
 80 : 4 14 65 84
 81 : 22 29 32 38
 82 :
 88 : 13 66
 89 : 34 50 79 95
 93 : 17 53 77
 94 : 1 56
SOLUTION:
  Value: -114189.000000
  Assigns: 1 77 57 37 77 71 49 71 37 2 57 75 75 88 71 49 76 22 2 78 57 3 1 34 2 6 19 78 79 23 6 62 23 76 78 49 49 6 3 76 37 19 78 79 34 22 3 6 62 79 78 75 75 3 62 76 79 77 37 70 6 75 79 79 34 88 88 6 77 71 75 57 19 77 23 76 49 78 22 3 23 1 1 3 62 3 57 1 75 34 34 75 3 37 23 76 2 62 70 62 
  Facilities: 20
 1 : 0 22 81 82 87
 2 : 9 18 24 96
 3 : 21 38 46 53 79 83 85 92
 6 : 25 30 37 47 60 67
 19 : 26 41 72
 22 : 17 45 78
 23 : 29 32 74 80 94
 34 : 23 44 64 89 90
 37 : 3 8 40 58 93
 49 : 6 15 35 36 76
 57 : 2 10 20 71 86
 62 : 31 48 54 84 97 99
 70 : 59 98
 71 : 5 7 14 69
 75 : 11 12 51 52 61 70 88 91
 76 : 16 33 39 55 75 95
 77 : 1 4 57 68 73
 78 : 19 27 34 42 50 77
 79 : 28 43 49 56 62 63
 88 : 13 65 66
