# Time: 541.309998
# Elapsed: 203.516495
# Input_file: splp/GapB/2131GapBS.txt
# Pool_size: 200
# Iterations: 31
# Final_solutions: 5900
# Vision_range: 400
# Reduction_mode: REDUCTION_DISPERSE
# Dissimilitude: DISSIM_HAUSDORFF
# Facility_dist: FDISMODE_MINDIST
SOLUTION:
  Value: -48130.000000
  Assigns: 47 24 98 3 4 98 59 87 38 68 68 96 24 96 2 59 44 54 44 54 59 95 3 44 87 48 48 47 44 38 96 2 95 48 87 95 95 98 47 50 4 87 48 50 59 68 50 38 3 38 2 2 59 44 48 4 4 44 54 24 38 48 4 54 96 38 87 50 3 54 95 24 98 95 3 98 54 38 98 59 47 96 54 95 4 98 48 98 48 68 96 4 4 95 96 96 3 24 24 96 
  Facilities: 16
 2 : 14 31 50 51
 3 : 3 22 48 68 74 96
 4 : 4 40 55 56 62 84 91 92
 24 : 1 12 59 71 97 98
 38 : 8 29 47 49 60 65 77
 44 : 16 18 23 28 53 57
 47 : 0 27 38 80
 48 : 25 26 33 42 54 61 86 88
 50 : 39 43 46 67
 54 : 17 19 58 63 69 76 82
 59 : 6 15 20 44 52 79
 68 : 9 10 45 89
 87 : 7 24 34 41 66
 95 : 21 32 35 36 70 73 83 93
 96 : 11 13 30 64 81 90 94 95 99
 98 : 2 5 37 72 75 78 85 87
SOLUTION:
  Value: -51152.000000
  Assigns: 65 64 65 62 29 80 88 62 86 64 65 86 22 86 2 13 29 80 25 88 32 25 3 29 25 65 45 26 45 88 26 2 2 22 88 26 6 45 2 6 2 62 6 86 64 32 88 13 45 45 64 2 26 80 13 65 62 14 6 62 25 13 6 88 62 2 14 45 3 13 13 88 86 14 3 25 32 65 26 29 45 14 6 80 25 6 64 86 3 14 22 32 32 14 25 6 3 29 80 86 
  Facilities: 17
 2 : 14 31 32 38 40 51 65
 3 : 22 68 74 88 96
 6 : 36 39 42 58 62 82 85 95
 13 : 15 47 54 61 69 70
 14 : 57 66 73 81 89 93
 22 : 12 33 90
 25 : 18 21 24 60 75 84 94
 26 : 27 30 35 52 78
 29 : 4 16 23 79 97
 32 : 20 45 76 91 92
 45 : 26 28 37 48 49 67 80
 62 : 3 7 41 56 59 64
 64 : 1 9 44 50 86
 65 : 0 2 10 25 55 77
 80 : 5 17 53 83 98
 86 : 8 11 13 43 72 87 99
 88 : 6 19 29 34 46 63 71
SOLUTION:
  Value: -54128.000000
  Assigns: 40 24 42 3 42 52 38 49 10 68 49 96 24 96 2 54 10 46 40 54 83 26 3 83 40 48 48 26 42 38 26 2 49 52 52 42 49 50 52 50 4 48 48 50 46 68 50 38 3 38 2 2 83 49 46 4 46 83 54 24 52 48 4 54 83 83 10 50 3 54 52 24 46 26 3 83 54 38 96 3 24 96 54 49 4 50 48 10 48 68 96 83 10 10 96 96 3 24 24 96 
  Facilities: 18
 2 : 14 31 50 51
 3 : 3 22 48 68 74 79 96
 4 : 40 55 62 84
 10 : 8 16 66 87 92 93
 24 : 1 12 59 71 80 97 98
 26 : 21 27 30 73
 38 : 6 29 47 49 77
 40 : 0 18 24
 42 : 2 4 28 35
 46 : 17 44 54 56 72
 48 : 25 26 41 42 61 86 88
 49 : 7 10 32 36 53 83
 50 : 37 39 43 46 67 85
 52 : 5 33 34 38 60 70
 54 : 15 19 58 63 69 76 82
 68 : 9 45 89
 83 : 20 23 52 57 64 65 75 91
 96 : 11 13 78 81 90 94 95 99
SOLUTION:
  Value: -57136.000000
  Assigns: 65 24 65 62 42 9 59 62 22 85 65 96 24 96 2 59 32 77 13 51 59 77 3 77 9 9 45 85 42 24 96 2 51 22 6 42 6 45 2 6 2 62 6 85 59 32 77 13 45 45 62 2 59 51 13 31 62 22 6 24 31 13 6 32 96 2 56 45 3 85 13 24 9 77 3 85 51 65 96 31 45 96 6 51 56 6 9 56 3 31 96 32 32 22 96 56 3 9 6 96 
  Facilities: 19
 2 : 14 31 38 40 51 65
 3 : 22 68 74 88 96
 6 : 34 36 39 42 58 62 82 85 98
 9 : 5 24 25 72 86 97
 13 : 18 47 54 61 70
 22 : 8 33 57 93
 24 : 1 12 29 59 71
 31 : 55 60 79 89
 32 : 16 45 63 91 92
 42 : 4 28 35
 45 : 26 37 48 49 67 80
 51 : 19 32 53 76 83
 56 : 66 84 87 95
 59 : 6 15 20 44 52
 62 : 3 7 41 50 56
 65 : 0 2 10 77
 77 : 17 21 23 46 73
 85 : 9 27 43 69 75
 96 : 11 13 30 64 78 81 90 94 99
SOLUTION:
  Value: -57140.000000
  Assigns: 97 24 42 3 42 9 78 0 81 68 68 81 24 97 2 46 89 46 78 51 89 26 3 81 9 9 0 26 76 24 26 2 51 19 6 42 6 76 2 50 19 89 6 50 46 68 50 76 3 76 97 2 26 89 76 78 46 22 0 24 46 76 6 46 0 2 97 97 3 9 42 24 46 26 3 19 51 9 46 3 22 0 22 51 89 81 9 19 76 68 22 76 19 81 51 6 19 78 6 0 
  Facilities: 19
 0 : 7 26 58 64 81 99
 2 : 14 31 38 51 65
 3 : 3 22 48 68 74 79
 6 : 34 36 42 62 95 98
 9 : 5 24 25 69 77 86
 19 : 33 40 75 87 92 96
 22 : 57 80 82 90
 24 : 1 12 29 59 71
 26 : 21 27 30 52 73
 42 : 2 4 35 70
 46 : 15 17 44 56 60 63 72 78
 50 : 39 43 46
 51 : 19 32 76 83 94
 68 : 9 10 45 89
 76 : 28 37 47 49 54 61 88 91
 78 : 6 18 55 97
 81 : 8 11 23 85 93
 89 : 16 20 41 53 84
 97 : 0 13 50 66 67
SOLUTION:
  Value: -57144.000000
  Assigns: 97 24 42 3 42 9 78 0 86 68 68 86 24 97 2 46 32 46 78 51 89 26 3 26 9 9 0 26 76 24 26 2 51 22 6 42 6 76 2 50 2 89 6 50 46 68 50 76 3 76 97 2 26 89 76 78 46 22 0 24 46 76 6 32 0 2 97 97 3 9 42 24 46 26 3 50 51 9 46 3 22 0 22 51 89 6 9 86 76 68 22 76 32 22 51 6 3 78 6 86 
  Facilities: 19
 0 : 7 26 58 64 81
 2 : 14 31 38 40 51 65
 3 : 3 22 48 68 74 79 96
 6 : 34 36 42 62 85 95 98
 9 : 5 24 25 69 77 86
 22 : 33 57 80 82 90 93
 24 : 1 12 29 59 71
 26 : 21 23 27 30 52 73
 32 : 16 63 92
 42 : 2 4 35 70
 46 : 15 17 44 56 60 72 78
 50 : 39 43 46 75
 51 : 19 32 76 83 94
 68 : 9 10 45 89
 76 : 28 37 47 49 54 61 88 91
 78 : 6 18 55 97
 86 : 8 11 87 99
 89 : 20 41 53 84
 97 : 0 13 50 66 67
SOLUTION:
  Value: -57145.000000
  Assigns: 65 24 39 3 42 46 38 42 38 75 39 60 24 77 77 54 32 39 75 54 32 77 39 77 25 65 48 14 42 38 89 2 60 48 6 42 6 60 2 50 24 89 6 50 46 32 77 38 3 38 2 2 32 89 46 65 46 14 54 24 38 48 6 54 89 38 14 50 3 54 42 24 46 14 3 25 54 65 46 75 24 14 54 75 25 6 48 39 48 14 25 89 32 14 25 6 75 24 25 60 
  Facilities: 19
 2 : 31 38 50 51
 3 : 3 48 68 74
 6 : 34 36 42 62 85 95
 14 : 27 57 66 73 81 89 93
 24 : 1 12 40 59 71 80 97
 25 : 24 75 84 90 94 98
 32 : 16 20 45 52 92
 38 : 6 8 29 47 49 60 65
 39 : 2 10 17 22 87
 42 : 4 7 28 35 70
 46 : 5 44 54 56 72 78
 48 : 26 33 61 86 88
 50 : 39 43 67
 54 : 15 19 58 63 69 76 82
 60 : 11 32 37 99
 65 : 0 25 55 77
 75 : 9 18 79 83 96
 77 : 13 14 21 23 46
 89 : 30 41 53 64 91
SOLUTION:
  Value: -57146.000000
  Assigns: 65 24 65 62 42 9 78 62 22 78 65 96 24 96 2 13 32 77 78 51 32 77 3 77 9 9 45 85 42 24 78 2 51 22 6 42 6 45 2 6 2 62 6 85 77 32 77 13 45 45 62 2 62 51 13 31 62 22 6 24 31 13 6 32 96 2 56 45 3 85 13 24 9 77 3 85 51 65 96 31 45 96 6 51 56 6 9 56 3 31 96 32 32 22 96 56 3 9 6 96 
  Facilities: 19
 2 : 14 31 38 40 51 65
 3 : 22 68 74 88 96
 6 : 34 36 39 42 58 62 82 85 98
 9 : 5 24 25 72 86 97
 13 : 15 47 54 61 70
 22 : 8 33 57 93
 24 : 1 12 29 59 71
 31 : 55 60 79 89
 32 : 16 20 45 63 91 92
 42 : 4 28 35
 45 : 26 37 48 49 67 80
 51 : 19 32 53 76 83
 56 : 66 84 87 95
 62 : 3 7 41 50 52 56
 65 : 0 2 10 77
 77 : 17 21 23 44 46 73
 78 : 6 9 18 30
 85 : 27 43 69 75
 96 : 11 13 64 78 81 90 94 99
SOLUTION:
  Value: -57147.000000
  Assigns: 65 24 42 38 42 52 35 42 97 68 68 96 24 96 91 54 83 68 97 54 5 95 42 83 23 65 48 26 42 5 35 65 95 48 52 42 63 63 52 91 24 48 48 48 42 68 35 38 54 38 97 91 23 91 48 63 91 83 54 23 38 48 83 54 83 38 97 97 5 54 52 24 65 95 56 83 54 65 96 52 24 96 54 95 56 63 48 23 48 68 96 83 5 95 96 56 23 91 42 96 
  Facilities: 19
 5 : 20 29 68 92
 23 : 24 52 59 87 96
 24 : 1 12 40 71 80
 26 : 27
 35 : 6 30 46
 38 : 3 47 49 60 65
 42 : 2 4 7 22 28 35 44 98
 48 : 26 33 41 42 43 54 61 86 88
 52 : 5 34 38 70 79
 54 : 15 19 48 58 63 69 76 82
 56 : 74 84 95
 63 : 36 37 55 85
 65 : 0 25 31 72 77
 68 : 9 10 17 45 89
 83 : 16 23 57 62 64 75 91
 91 : 14 39 51 53 56 97
 95 : 21 32 73 83 93
 96 : 11 13 78 81 90 94 99
 97 : 8 18 50 66 67
SOLUTION:
  Value: -57152.000000
  Assigns: 97 24 42 3 42 9 78 0 81 68 68 81 24 97 2 46 32 46 79 32 32 26 3 81 9 9 0 26 76 24 26 2 0 22 6 42 6 76 2 50 2 79 6 50 46 68 50 76 3 76 97 2 26 79 76 67 46 22 0 24 46 76 6 32 0 2 97 97 3 9 42 24 46 26 3 50 32 9 46 3 22 0 22 79 79 81 9 67 76 68 67 76 32 81 9 6 81 78 6 0 
  Facilities: 19
 0 : 7 26 32 58 64 81 99
 2 : 14 31 38 40 51 65
 3 : 3 22 48 68 74 79
 6 : 34 36 42 62 95 98
 9 : 5 24 25 69 77 86 94
 22 : 33 57 80 82
 24 : 1 12 29 59 71
 26 : 21 27 30 52 73
 32 : 16 19 20 63 76 92
 42 : 2 4 35 70
 46 : 15 17 44 56 60 72 78
 50 : 39 43 46 75
 67 : 55 87 90
 68 : 9 10 45 89
 76 : 28 37 47 49 54 61 88 91
 78 : 6 97
 79 : 18 41 53 83 84
 81 : 8 11 23 85 93 96
 97 : 0 13 50 66 67
