# Time: 2.060000
# Elapsed: 0.554436
# Input_file: splp/Euclid/211EuclS.txt
# Pool_size: 400
# Iterations: 15
# Final_solutions: 4908
# Vision_range: 0
# Reduction_mode: REDUCTION_BESTS
SOLUTION:
  Value: -99423.000000
  Assigns: 9 55 55 7 4 20 96 7 4 9 4 81 79 94 9 20 96 21 58 58 20 21 96 94 79 94 4 81 93 21 94 7 20 7 55 58 93 81 96 20 46 4 55 55 9 4 46 55 55 9 46 21 46 58 93 55 81 81 58 20 81 58 20 46 58 94 20 4 9 94 46 96 9 46 55 4 9 79 7 79 9 81 58 21 20 96 94 21 79 7 46 79 96 93 94 79 96 4 20 58 
  Facilities: 13
 4 : 4 8 10 26 41 45 67 75 97
 7 : 3 7 31 33 78 89
 9 : 0 9 14 44 49 68 72 76 80
 20 : 5 15 20 32 39 59 62 66 84 98
 21 : 17 21 29 51 83 87
 46 : 40 46 50 52 63 70 73 90
 55 : 1 2 34 42 43 47 48 55 74
 58 : 18 19 35 53 58 61 64 82 99
 79 : 12 24 77 79 88 91 95
 81 : 11 27 37 56 57 60 81
 93 : 28 36 54 93
 94 : 13 23 25 30 65 69 86 94
 96 : 6 16 22 38 71 85 92 96
SOLUTION:
  Value: -99424.000000
  Assigns: 9 55 55 7 4 20 96 7 4 9 4 81 79 94 9 20 96 21 18 18 20 21 96 94 79 94 4 81 93 21 94 7 20 7 55 18 93 81 96 20 46 4 55 55 9 4 46 55 55 9 46 21 46 18 93 55 81 81 18 20 81 18 20 46 18 94 20 4 9 94 46 96 9 46 55 4 9 79 7 79 9 81 18 21 20 96 94 21 79 7 46 79 96 93 94 79 96 4 20 18 
  Facilities: 13
 4 : 4 8 10 26 41 45 67 75 97
 7 : 3 7 31 33 78 89
 9 : 0 9 14 44 49 68 72 76 80
 18 : 18 19 35 53 58 61 64 82 99
 20 : 5 15 20 32 39 59 62 66 84 98
 21 : 17 21 29 51 83 87
 46 : 40 46 50 52 63 70 73 90
 55 : 1 2 34 42 43 47 48 55 74
 79 : 12 24 77 79 88 91 95
 81 : 11 27 37 56 57 60 81
 93 : 28 36 54 93
 94 : 13 23 25 30 65 69 86 94
 96 : 6 16 22 38 71 85 92 96
SOLUTION:
  Value: -99477.000000
  Assigns: 9 55 55 7 4 20 96 7 4 9 4 81 88 94 9 20 96 21 58 58 20 21 96 94 88 94 4 81 93 21 94 7 20 7 55 58 93 81 96 20 46 4 55 55 9 4 46 55 55 9 46 21 46 58 93 55 81 81 58 20 81 58 20 46 58 94 20 4 9 94 46 96 9 46 55 4 9 88 7 88 9 81 58 21 20 96 94 21 88 7 46 88 96 93 94 88 96 4 20 58 
  Facilities: 13
 4 : 4 8 10 26 41 45 67 75 97
 7 : 3 7 31 33 78 89
 9 : 0 9 14 44 49 68 72 76 80
 20 : 5 15 20 32 39 59 62 66 84 98
 21 : 17 21 29 51 83 87
 46 : 40 46 50 52 63 70 73 90
 55 : 1 2 34 42 43 47 48 55 74
 58 : 18 19 35 53 58 61 64 82 99
 81 : 11 27 37 56 57 60 81
 88 : 12 24 77 79 88 91 95
 93 : 28 36 54 93
 94 : 13 23 25 30 65 69 86 94
 96 : 6 16 22 38 71 85 92 96
SOLUTION:
  Value: -99478.000000
  Assigns: 9 55 55 7 4 20 96 7 4 9 4 81 88 94 9 20 96 21 18 18 20 21 96 94 88 94 4 81 93 21 94 7 20 7 55 18 93 81 96 20 46 4 55 55 9 4 46 55 55 9 46 21 46 18 93 55 81 81 18 20 81 18 20 46 18 94 20 4 9 94 46 96 9 46 55 4 9 88 7 88 9 81 18 21 20 96 94 21 88 7 46 88 96 93 94 88 96 4 20 18 
  Facilities: 13
 4 : 4 8 10 26 41 45 67 75 97
 7 : 3 7 31 33 78 89
 9 : 0 9 14 44 49 68 72 76 80
 18 : 18 19 35 53 58 61 64 82 99
 20 : 5 15 20 32 39 59 62 66 84 98
 21 : 17 21 29 51 83 87
 46 : 40 46 50 52 63 70 73 90
 55 : 1 2 34 42 43 47 48 55 74
 81 : 11 27 37 56 57 60 81
 88 : 12 24 77 79 88 91 95
 93 : 28 36 54 93
 94 : 13 23 25 30 65 69 86 94
 96 : 6 16 22 38 71 85 92 96
SOLUTION:
  Value: -99599.000000
  Assigns: 9 55 55 7 4 20 96 7 4 9 4 81 79 94 9 20 96 21 58 58 20 21 96 94 79 94 4 81 20 21 94 7 20 7 55 58 54 81 96 20 46 4 55 55 9 4 46 55 55 9 46 21 46 58 54 55 81 81 58 20 81 58 20 46 58 94 20 4 9 94 46 96 9 46 55 4 9 79 7 79 9 81 58 21 20 96 94 21 79 7 46 79 96 54 94 79 96 4 20 58 
  Facilities: 13
 4 : 4 8 10 26 41 45 67 75 97
 7 : 3 7 31 33 78 89
 9 : 0 9 14 44 49 68 72 76 80
 20 : 5 15 20 28 32 39 59 62 66 84 98
 21 : 17 21 29 51 83 87
 46 : 40 46 50 52 63 70 73 90
 54 : 36 54 93
 55 : 1 2 34 42 43 47 48 55 74
 58 : 18 19 35 53 58 61 64 82 99
 79 : 12 24 77 79 88 91 95
 81 : 11 27 37 56 57 60 81
 94 : 13 23 25 30 65 69 86 94
 96 : 6 16 22 38 71 85 92 96
SOLUTION:
  Value: -99600.000000
  Assigns: 9 55 55 7 4 20 96 7 4 9 4 81 79 94 9 20 96 21 18 18 20 21 96 94 79 94 4 81 20 21 94 7 20 7 55 18 54 81 96 20 46 4 55 55 9 4 46 55 55 9 46 21 46 18 54 55 81 81 18 20 81 18 20 46 18 94 20 4 9 94 46 96 9 46 55 4 9 79 7 79 9 81 18 21 20 96 94 21 79 7 46 79 96 54 94 79 96 4 20 18 
  Facilities: 13
 4 : 4 8 10 26 41 45 67 75 97
 7 : 3 7 31 33 78 89
 9 : 0 9 14 44 49 68 72 76 80
 18 : 18 19 35 53 58 61 64 82 99
 20 : 5 15 20 28 32 39 59 62 66 84 98
 21 : 17 21 29 51 83 87
 46 : 40 46 50 52 63 70 73 90
 54 : 36 54 93
 55 : 1 2 34 42 43 47 48 55 74
 79 : 12 24 77 79 88 91 95
 81 : 11 27 37 56 57 60 81
 94 : 13 23 25 30 65 69 86 94
 96 : 6 16 22 38 71 85 92 96
SOLUTION:
  Value: -99605.000000
  Assigns: 9 55 55 7 4 20 96 7 4 9 4 81 79 13 9 20 96 21 58 58 20 21 96 13 79 13 4 81 93 21 13 7 20 7 55 58 93 81 96 20 46 4 55 55 9 4 46 55 55 9 46 21 46 58 93 55 81 81 58 20 81 58 20 46 58 13 20 4 9 46 46 96 9 46 55 4 9 79 7 79 9 81 58 21 20 96 46 21 79 7 46 79 96 93 13 79 96 4 20 58 
  Facilities: 13
 4 : 4 8 10 26 41 45 67 75 97
 7 : 3 7 31 33 78 89
 9 : 0 9 14 44 49 68 72 76 80
 13 : 13 23 25 30 65 94
 20 : 5 15 20 32 39 59 62 66 84 98
 21 : 17 21 29 51 83 87
 46 : 40 46 50 52 63 69 70 73 86 90
 55 : 1 2 34 42 43 47 48 55 74
 58 : 18 19 35 53 58 61 64 82 99
 79 : 12 24 77 79 88 91 95
 81 : 11 27 37 56 57 60 81
 93 : 28 36 54 93
 96 : 6 16 22 38 71 85 92 96
SOLUTION:
  Value: -99606.000000
  Assigns: 9 55 55 7 4 20 96 7 4 9 4 81 79 13 9 20 96 21 18 18 20 21 96 13 79 13 4 81 93 21 13 7 20 7 55 18 93 81 96 20 46 4 55 55 9 4 46 55 55 9 46 21 46 18 93 55 81 81 18 20 81 18 20 46 18 13 20 4 9 46 46 96 9 46 55 4 9 79 7 79 9 81 18 21 20 96 46 21 79 7 46 79 96 93 13 79 96 4 20 18 
  Facilities: 13
 4 : 4 8 10 26 41 45 67 75 97
 7 : 3 7 31 33 78 89
 9 : 0 9 14 44 49 68 72 76 80
 13 : 13 23 25 30 65 94
 18 : 18 19 35 53 58 61 64 82 99
 20 : 5 15 20 32 39 59 62 66 84 98
 21 : 17 21 29 51 83 87
 46 : 40 46 50 52 63 69 70 73 86 90
 55 : 1 2 34 42 43 47 48 55 74
 79 : 12 24 77 79 88 91 95
 81 : 11 27 37 56 57 60 81
 93 : 28 36 54 93
 96 : 6 16 22 38 71 85 92 96
SOLUTION:
  Value: -99616.000000
  Assigns: 9 55 55 7 67 20 96 7 67 9 67 81 79 94 9 20 96 21 58 58 20 21 96 94 79 94 67 81 93 21 94 7 20 7 55 58 93 81 96 20 46 67 55 55 9 67 46 55 55 9 46 21 46 58 93 55 81 81 58 20 81 58 20 46 58 94 20 67 9 94 46 96 9 46 55 94 9 79 7 79 9 81 58 21 20 96 94 21 79 7 46 79 96 93 94 79 96 67 20 58 
  Facilities: 13
 7 : 3 7 31 33 78 89
 9 : 0 9 14 44 49 68 72 76 80
 20 : 5 15 20 32 39 59 62 66 84 98
 21 : 17 21 29 51 83 87
 46 : 40 46 50 52 63 70 73 90
 55 : 1 2 34 42 43 47 48 55 74
 58 : 18 19 35 53 58 61 64 82 99
 67 : 4 8 10 26 41 45 67 97
 79 : 12 24 77 79 88 91 95
 81 : 11 27 37 56 57 60 81
 93 : 28 36 54 93
 94 : 13 23 25 30 65 69 75 86 94
 96 : 6 16 22 38 71 85 92 96
SOLUTION:
  Value: -99617.000000
  Assigns: 9 55 55 7 67 20 96 7 67 9 67 81 79 94 9 20 96 21 18 18 20 21 96 94 79 94 67 81 93 21 94 7 20 7 55 18 93 81 96 20 46 67 55 55 9 67 46 55 55 9 46 21 46 18 93 55 81 81 18 20 81 18 20 46 18 94 20 67 9 94 46 96 9 46 55 94 9 79 7 79 9 81 18 21 20 96 94 21 79 7 46 79 96 93 94 79 96 67 20 18 
  Facilities: 13
 7 : 3 7 31 33 78 89
 9 : 0 9 14 44 49 68 72 76 80
 18 : 18 19 35 53 58 61 64 82 99
 20 : 5 15 20 32 39 59 62 66 84 98
 21 : 17 21 29 51 83 87
 46 : 40 46 50 52 63 70 73 90
 55 : 1 2 34 42 43 47 48 55 74
 67 : 4 8 10 26 41 45 67 97
 79 : 12 24 77 79 88 91 95
 81 : 11 27 37 56 57 60 81
 93 : 28 36 54 93
 94 : 13 23 25 30 65 69 75 86 94
 96 : 6 16 22 38 71 85 92 96
