# Time: 2.300000
# Elapsed: 0.580815
# Input_file: splp/Euclid/2711EuclS.txt
# Pool_size: 400
# Iterations: 16
# Final_solutions: 5332
# Vision_range: 0
# Reduction_mode: REDUCTION_BESTS
SOLUTION:
  Value: -94554.000000
  Assigns: 82 93 24 29 8 27 47 82 8 93 24 57 8 82 24 69 40 30 69 21 40 21 21 82 24 47 95 27 69 29 30 81 93 30 57 27 40 47 57 93 40 69 95 29 82 27 30 47 24 40 27 82 47 27 82 81 57 57 82 81 69 82 57 24 82 30 81 8 40 69 69 69 57 40 95 81 93 47 8 29 27 81 82 95 93 57 29 47 82 57 8 40 57 93 82 95 27 29 57 30 
  Facilities: 14
 8 : 4 8 12 67 78 90
 21 : 19 21 22
 24 : 2 10 14 24 48 63
 27 : 5 27 35 45 50 53 80 96
 29 : 3 29 43 79 86 97
 30 : 17 30 33 46 65 99
 40 : 16 20 36 40 49 68 73 91
 47 : 6 25 37 47 52 77 87
 57 : 11 34 38 56 57 62 72 85 89 92 98
 69 : 15 18 28 41 60 69 70 71
 81 : 31 55 59 66 75 81
 82 : 0 7 13 23 44 51 54 58 61 64 82 88 94
 93 : 1 9 32 39 76 84 93
 95 : 26 42 74 83 95
SOLUTION:
  Value: -94595.000000
  Assigns: 82 93 24 29 67 27 47 82 67 93 24 57 21 82 24 69 40 67 69 21 40 21 21 82 24 47 95 27 69 29 30 81 93 30 57 27 40 47 57 93 40 69 95 29 82 27 30 47 24 40 27 82 47 27 82 81 57 57 82 81 69 82 57 24 82 30 81 67 40 69 69 69 57 40 95 81 93 47 67 29 27 81 82 95 93 57 29 47 82 57 67 40 57 93 82 95 27 29 57 30 
  Facilities: 14
 21 : 12 19 21 22
 24 : 2 10 14 24 48 63
 27 : 5 27 35 45 50 53 80 96
 29 : 3 29 43 79 86 97
 30 : 30 33 46 65 99
 40 : 16 20 36 40 49 68 73 91
 47 : 6 25 37 47 52 77 87
 57 : 11 34 38 56 57 62 72 85 89 92 98
 67 : 4 8 17 67 78 90
 69 : 15 18 28 41 60 69 70 71
 81 : 31 55 59 66 75 81
 82 : 0 7 13 23 44 51 54 58 61 64 82 88 94
 93 : 1 9 32 39 76 84 93
 95 : 26 42 74 83 95
SOLUTION:
  Value: -94630.000000
  Assigns: 82 93 24 29 8 27 47 82 8 93 24 57 8 82 24 69 40 30 69 19 40 19 19 82 24 47 95 27 69 29 30 81 93 30 57 27 40 47 57 93 40 69 95 29 82 27 30 47 24 40 27 82 47 27 82 81 57 57 82 81 69 82 57 24 82 30 81 8 40 69 69 69 57 40 95 81 93 47 8 29 27 81 82 95 93 57 29 47 82 57 8 40 57 93 82 95 27 29 57 30 
  Facilities: 14
 8 : 4 8 12 67 78 90
 19 : 19 21 22
 24 : 2 10 14 24 48 63
 27 : 5 27 35 45 50 53 80 96
 29 : 3 29 43 79 86 97
 30 : 17 30 33 46 65 99
 40 : 16 20 36 40 49 68 73 91
 47 : 6 25 37 47 52 77 87
 57 : 11 34 38 56 57 62 72 85 89 92 98
 69 : 15 18 28 41 60 69 70 71
 81 : 31 55 59 66 75 81
 82 : 0 7 13 23 44 51 54 58 61 64 82 88 94
 93 : 1 9 32 39 76 84 93
 95 : 26 42 74 83 95
SOLUTION:
  Value: -94661.000000
  Assigns: 82 93 63 29 67 27 47 82 67 93 99 57 21 82 63 69 40 67 69 21 40 21 21 82 63 47 95 27 69 29 99 81 93 99 57 27 40 47 57 93 40 69 95 29 82 27 99 47 63 40 27 82 47 27 82 81 57 57 82 81 69 82 57 63 82 63 81 67 40 69 69 69 57 40 95 81 93 47 67 29 27 81 82 95 93 57 29 47 82 57 67 40 57 93 82 95 27 29 57 99 
  Facilities: 14
 21 : 12 19 21 22
 27 : 5 27 35 45 50 53 80 96
 29 : 3 29 43 79 86 97
 40 : 16 20 36 40 49 68 73 91
 47 : 6 25 37 47 52 77 87
 57 : 11 34 38 56 57 62 72 85 89 92 98
 63 : 2 14 24 48 63 65
 67 : 4 8 17 67 78 90
 69 : 15 18 28 41 60 69 70 71
 81 : 31 55 59 66 75 81
 82 : 0 7 13 23 44 51 54 58 61 64 82 88 94
 93 : 1 9 32 39 76 84 93
 95 : 26 42 74 83 95
 99 : 10 30 33 46 99
SOLUTION:
  Value: -94683.000000
  Assigns: 82 93 24 29 67 27 77 82 67 93 24 57 21 82 24 69 40 67 69 21 40 21 21 82 24 77 95 27 69 29 30 81 93 30 57 27 40 77 57 93 40 69 95 29 82 27 30 77 24 40 27 82 77 27 82 81 57 57 82 81 69 82 57 24 82 30 81 67 40 69 69 69 57 40 95 81 93 77 67 29 27 81 82 95 93 57 29 77 82 57 67 40 57 93 82 95 27 29 57 30 
  Facilities: 14
 21 : 12 19 21 22
 24 : 2 10 14 24 48 63
 27 : 5 27 35 45 50 53 80 96
 29 : 3 29 43 79 86 97
 30 : 30 33 46 65 99
 40 : 16 20 36 40 49 68 73 91
 57 : 11 34 38 56 57 62 72 85 89 92 98
 67 : 4 8 17 67 78 90
 69 : 15 18 28 41 60 69 70 71
 77 : 6 25 37 47 52 77 87
 81 : 31 55 59 66 75 81
 82 : 0 7 13 23 44 51 54 58 61 64 82 88 94
 93 : 1 9 32 39 76 84 93
 95 : 26 42 74 83 95
SOLUTION:
  Value: -94693.000000
  Assigns: 82 93 24 29 67 27 37 82 67 37 24 57 21 82 24 69 40 67 69 21 40 21 21 82 24 37 95 27 69 29 30 81 93 30 57 27 40 37 57 93 40 69 95 29 82 27 30 37 24 40 27 82 37 27 82 81 57 57 82 81 69 82 57 24 82 30 81 67 40 69 69 69 57 40 95 81 93 37 67 29 27 81 82 95 93 57 29 37 82 57 67 40 57 93 82 95 27 29 57 30 
  Facilities: 14
 21 : 12 19 21 22
 24 : 2 10 14 24 48 63
 27 : 5 27 35 45 50 53 80 96
 29 : 3 29 43 79 86 97
 30 : 30 33 46 65 99
 37 : 6 9 25 37 47 52 77 87
 40 : 16 20 36 40 49 68 73 91
 57 : 11 34 38 56 57 62 72 85 89 92 98
 67 : 4 8 17 67 78 90
 69 : 15 18 28 41 60 69 70 71
 81 : 31 55 59 66 75 81
 82 : 0 7 13 23 44 51 54 58 61 64 82 88 94
 93 : 1 32 39 76 84 93
 95 : 26 42 74 83 95
SOLUTION:
  Value: -94719.000000
  Assigns: 82 93 24 29 67 27 47 82 67 93 99 57 21 82 24 69 40 67 69 21 40 21 21 82 24 47 95 27 69 29 99 81 93 99 57 27 40 47 57 93 40 69 95 29 82 27 99 47 24 40 27 82 47 27 82 81 57 57 82 81 69 82 57 24 82 99 81 67 40 69 69 69 57 40 95 81 93 47 67 29 27 81 82 95 93 57 29 47 82 57 67 40 57 93 82 95 27 29 57 99 
  Facilities: 14
 21 : 12 19 21 22
 24 : 2 14 24 48 63
 27 : 5 27 35 45 50 53 80 96
 29 : 3 29 43 79 86 97
 40 : 16 20 36 40 49 68 73 91
 47 : 6 25 37 47 52 77 87
 57 : 11 34 38 56 57 62 72 85 89 92 98
 67 : 4 8 17 67 78 90
 69 : 15 18 28 41 60 69 70 71
 81 : 31 55 59 66 75 81
 82 : 0 7 13 23 44 51 54 58 61 64 82 88 94
 93 : 1 9 32 39 76 84 93
 95 : 26 42 74 83 95
 99 : 10 30 33 46 65 99
SOLUTION:
  Value: -94746.000000
  Assigns: 82 93 24 29 67 35 47 82 67 93 24 57 21 82 24 69 40 67 69 21 40 21 21 82 24 47 95 35 69 29 30 81 93 30 57 35 40 47 57 93 40 69 95 29 82 50 30 47 24 40 50 82 47 35 82 81 57 57 82 81 69 82 57 24 82 50 81 67 40 69 69 69 57 40 95 81 93 47 67 29 35 81 82 95 93 57 29 47 82 57 67 40 57 93 82 95 35 29 57 30 
  Facilities: 15
 21 : 12 19 21 22
 24 : 2 10 14 24 48 63
 29 : 3 29 43 79 86 97
 30 : 30 33 46 99
 35 : 5 27 35 53 80 96
 40 : 16 20 36 40 49 68 73 91
 47 : 6 25 37 47 52 77 87
 50 : 45 50 65
 57 : 11 34 38 56 57 62 72 85 89 92 98
 67 : 4 8 17 67 78 90
 69 : 15 18 28 41 60 69 70 71
 81 : 31 55 59 66 75 81
 82 : 0 7 13 23 44 51 54 58 61 64 82 88 94
 93 : 1 9 32 39 76 84 93
 95 : 26 42 74 83 95
SOLUTION:
  Value: -94749.000000
  Assigns: 82 93 63 29 67 27 77 82 67 93 99 57 21 82 63 69 40 67 69 21 40 21 21 82 63 77 95 27 69 29 99 81 93 99 57 27 40 77 57 93 40 69 95 29 82 27 99 77 63 40 27 82 77 27 82 81 57 57 82 81 69 82 57 63 82 63 81 67 40 69 69 69 57 40 95 81 93 77 67 29 27 81 82 95 93 57 29 77 82 57 67 40 57 93 82 95 27 29 57 99 
  Facilities: 14
 21 : 12 19 21 22
 27 : 5 27 35 45 50 53 80 96
 29 : 3 29 43 79 86 97
 40 : 16 20 36 40 49 68 73 91
 57 : 11 34 38 56 57 62 72 85 89 92 98
 63 : 2 14 24 48 63 65
 67 : 4 8 17 67 78 90
 69 : 15 18 28 41 60 69 70 71
 77 : 6 25 37 47 52 77 87
 81 : 31 55 59 66 75 81
 82 : 0 7 13 23 44 51 54 58 61 64 82 88 94
 93 : 1 9 32 39 76 84 93
 95 : 26 42 74 83 95
 99 : 10 30 33 46 99
SOLUTION:
  Value: -94750.000000
  Assigns: 82 93 2 29 67 27 47 82 67 93 2 57 21 82 2 69 40 67 69 21 40 21 21 82 2 47 95 27 69 29 30 81 93 30 57 27 40 47 57 93 40 69 95 29 82 27 30 47 2 40 27 82 47 27 82 81 57 57 82 81 69 82 57 2 82 30 81 67 40 69 69 69 57 40 95 81 93 47 67 29 27 81 82 95 93 57 29 47 82 57 67 40 57 93 82 95 27 29 57 30 
  Facilities: 14
 2 : 2 10 14 24 48 63
 21 : 12 19 21 22
 27 : 5 27 35 45 50 53 80 96
 29 : 3 29 43 79 86 97
 30 : 30 33 46 65 99
 40 : 16 20 36 40 49 68 73 91
 47 : 6 25 37 47 52 77 87
 57 : 11 34 38 56 57 62 72 85 89 92 98
 67 : 4 8 17 67 78 90
 69 : 15 18 28 41 60 69 70 71
 81 : 31 55 59 66 75 81
 82 : 0 7 13 23 44 51 54 58 61 64 82 88 94
 93 : 1 9 32 39 76 84 93
 95 : 26 42 74 83 95
