# Time: 4.250000
# Elapsed: 1.767497
# Input_file: splp/GapB/1431GapBS.txt
# Pool_size: 400
# Iterations: 37
# Final_solutions: 14089
# Vision_range: 0
# Reduction_mode: REDUCTION_RANDOM
SOLUTION:
  Value: -75136.000000
  Assigns: 79 34 86 40 70 52 70 43 79 61 15 75 98 88 70 57 4 4 43 40 9 79 42 31 88 42 61 79 57 75 42 86 90 15 70 31 9 40 4 86 75 88 57 31 46 34 50 97 49 31 42 34 38 99 15 79 49 90 49 31 49 4 79 10 70 99 75 57 88 98 46 40 40 97 46 46 57 88 70 4 52 57 9 31 43 31 70 49 97 34 98 38 9 38 42 99 61 15 50 57 
  Facilities: 25
 4 : 16 17 38 61 79
 9 : 20 36 82 92
 10 : 63
 15 : 10 33 54 97
 31 : 23 35 43 49 59 83 85
 34 : 1 45 51 89
 38 : 52 91 93
 40 : 3 19 37 71 72
 42 : 22 25 30 50 94
 43 : 7 18 84
 46 : 44 70 74 75
 49 : 48 56 58 60 87
 50 : 46 98
 52 : 5 80
 57 : 15 28 42 67 76 81 99
 61 : 9 26 96
 70 : 4 6 14 34 64 78 86
 75 : 11 29 40 66
 79 : 0 8 21 27 55 62
 86 : 2 31 39
 88 : 13 24 41 68 77
 90 : 32 57
 97 : 47 73 88
 98 : 12 69 90
 99 : 53 65 95
SOLUTION:
  Value: -78087.000000
  Assigns: 8 71 86 40 96 11 34 91 79 14 15 19 91 62 60 12 91 8 87 19 67 62 76 60 26 60 91 79 19 67 30 87 87 15 71 60 67 40 40 26 89 96 86 91 60 34 76 71 11 86 14 19 76 11 15 5 13 87 12 36 14 30 79 40 92 5 12 60 12 8 92 40 13 96 30 86 30 71 15 86 62 79 91 96 89 11 5 26 96 34 14 14 92 13 71 8 65 60 96 65 
  Facilities: 26
 5 : 55 65 86
 8 : 0 17 69 95
 11 : 5 48 53 85
 12 : 15 58 66 68
 13 : 56 72 93
 14 : 9 50 60 90 91
 15 : 10 33 54 78
 19 : 11 19 28 51
 26 : 24 39 87
 30 : 30 61 74 76
 34 : 6 45 89
 36 : 59
 40 : 3 37 38 63 71
 60 : 14 23 25 35 44 67 97
 62 : 13 21 80
 65 : 96 99
 67 : 20 29 36
 71 : 1 34 47 77 94
 76 : 22 46 52
 79 : 8 27 62 81
 86 : 2 42 49 75 79
 87 : 18 31 32 57
 89 : 40 84
 91 : 7 12 16 26 43 82
 92 : 64 70 92
 96 : 4 41 73 83 88 98
SOLUTION:
  Value: -78108.000000
  Assigns: 82 2 21 35 68 52 70 43 98 14 31 62 98 62 70 12 35 18 43 76 35 53 76 60 88 2 59 42 97 68 42 21 18 59 70 31 42 31 21 38 53 53 21 31 46 41 59 97 35 70 14 43 38 59 43 53 41 2 12 59 18 68 53 31 82 99 12 68 12 98 46 98 35 97 46 46 17 88 70 21 52 18 35 59 82 31 70 82 97 21 14 14 59 82 35 99 98 60 41 2 
  Facilities: 26
 2 : 1 25 57 99
 12 : 15 58 66 68
 14 : 9 50 90 91
 17 : 76
 18 : 17 32 60 81
 21 : 2 31 38 42 79 89
 31 : 10 35 37 43 63 85
 35 : 3 16 20 48 72 82 94
 38 : 39 52
 41 : 45 56 98
 42 : 27 30 36
 43 : 7 18 51 54
 46 : 44 70 74 75
 52 : 5 80
 53 : 21 40 41 55 62
 59 : 26 33 46 53 59 83 92
 60 : 23 97
 62 : 11 13
 68 : 4 29 61 67
 70 : 6 14 34 49 78 86
 76 : 19 22
 82 : 0 64 84 87 93
 88 : 24 77
 97 : 28 47 73 88
 98 : 8 12 69 71 96
 99 : 65 95
SOLUTION:
  Value: -81098.000000
  Assigns: 9 24 64 40 27 27 95 15 37 95 15 47 95 85 47 18 21 37 42 89 81 83 42 89 26 81 27 42 97 55 24 64 18 15 83 81 9 40 37 26 89 27 9 9 18 3 3 97 11 47 42 84 97 18 15 47 64 2 52 84 18 11 37 40 11 9 23 95 88 27 23 40 40 3 83 2 24 88 95 21 52 18 83 55 89 11 51 26 55 95 3 89 23 21 42 51 26 64 83 2 
  Facilities: 27
 2 : 57 75 99
 3 : 45 46 73 90
 9 : 0 36 42 43 65
 11 : 48 61 64 85
 15 : 7 10 33 54
 18 : 15 32 44 53 60 81
 21 : 16 79 93
 23 : 66 70 92
 24 : 1 30 76
 26 : 24 39 87 96
 27 : 4 5 26 41 69
 37 : 8 17 38 62
 40 : 3 37 63 71 72
 42 : 18 22 27 50 94
 47 : 11 14 49 55
 51 : 86 95
 52 : 58 80
 55 : 29 83 88
 64 : 2 31 56 97
 81 : 20 25 35
 83 : 21 34 74 82 98
 84 : 51 59
 85 : 13
 88 : 68 77
 89 : 19 23 40 84 91
 95 : 6 9 12 67 78 89
 97 : 28 47 52
SOLUTION:
  Value: -81114.000000
  Assigns: 56 71 64 89 22 53 44 33 79 87 22 44 32 76 49 57 28 4 43 89 87 53 76 89 26 33 32 79 22 17 22 64 87 42 44 56 65 32 4 26 89 53 57 26 22 13 76 16 33 79 42 43 33 16 64 5 64 87 92 74 49 4 53 16 92 76 65 57 56 33 92 98 13 74 65 32 33 13 53 4 44 28 71 74 64 49 5 26 74 64 98 89 44 13 76 13 65 64 16 17 
  Facilities: 27
 4 : 17 38 61 79
 5 : 55 86
 13 : 45 72 77 93 95
 16 : 47 53 63 98
 17 : 29 99
 22 : 4 10 28 30 44
 26 : 24 39 43 87
 28 : 16 81
 32 : 12 26 37 75
 33 : 7 25 48 52 69 76
 42 : 33 50
 43 : 18 51
 44 : 6 11 34 80 92
 49 : 14 60 85
 53 : 5 21 41 62 78
 56 : 0 35 68
 57 : 15 42 67
 64 : 2 31 54 56 84 89 97
 65 : 36 66 74 96
 71 : 1 82
 74 : 59 73 83 88
 76 : 13 22 46 65 94
 79 : 8 27 49
 87 : 9 20 32 57
 89 : 3 19 23 40 91
 92 : 58 64 70
 98 : 71 90
SOLUTION:
  Value: -81116.000000
  Assigns: 79 71 64 89 22 53 44 33 79 87 22 44 32 76 49 57 28 37 43 89 87 53 76 89 26 33 32 79 22 17 22 64 87 42 44 4 65 32 4 26 89 53 57 26 22 13 76 16 33 79 42 43 33 16 64 5 64 87 92 74 49 4 53 16 92 76 65 57 37 33 92 98 13 74 65 32 33 13 53 4 44 28 71 74 64 49 5 26 74 64 98 89 44 13 76 13 65 64 16 17 
  Facilities: 27
 4 : 35 38 61 79
 5 : 55 86
 13 : 45 72 77 93 95
 16 : 47 53 63 98
 17 : 29 99
 22 : 4 10 28 30 44
 26 : 24 39 43 87
 28 : 16 81
 32 : 12 26 37 75
 33 : 7 25 48 52 69 76
 37 : 17 68
 42 : 33 50
 43 : 18 51
 44 : 6 11 34 80 92
 49 : 14 60 85
 53 : 5 21 41 62 78
 57 : 15 42 67
 64 : 2 31 54 56 84 89 97
 65 : 36 66 74 96
 71 : 1 82
 74 : 59 73 83 88
 76 : 13 22 46 65 94
 79 : 0 8 27 49
 87 : 9 20 32 57
 89 : 3 19 23 40 91
 92 : 58 64 70
 98 : 71 90
SOLUTION:
  Value: -81117.000000
  Assigns: 79 24 64 89 22 53 44 33 79 87 22 44 32 76 49 57 28 4 43 89 24 53 76 89 26 33 32 79 22 17 22 64 87 42 44 4 65 32 4 26 89 53 57 26 22 13 76 10 33 79 42 43 33 16 64 5 64 87 92 74 49 4 53 16 92 76 65 24 10 33 92 98 13 74 65 32 33 13 53 4 44 28 89 74 64 49 5 26 74 64 98 89 44 13 76 13 65 64 16 17 
  Facilities: 27
 4 : 17 35 38 61 79
 5 : 55 86
 10 : 47 68
 13 : 45 72 77 93 95
 16 : 53 63 98
 17 : 29 99
 22 : 4 10 28 30 44
 24 : 1 20 67
 26 : 24 39 43 87
 28 : 16 81
 32 : 12 26 37 75
 33 : 7 25 48 52 69 76
 42 : 33 50
 43 : 18 51
 44 : 6 11 34 80 92
 49 : 14 60 85
 53 : 5 21 41 62 78
 57 : 15 42
 64 : 2 31 54 56 84 89 97
 65 : 36 66 74 96
 74 : 59 73 83 88
 76 : 13 22 46 65 94
 79 : 0 8 27 49
 87 : 9 32 57
 89 : 3 19 23 40 82 91
 92 : 58 64 70
 98 : 71 90
SOLUTION:
  Value: -84101.000000
  Assigns: 82 24 86 25 19 53 95 66 37 95 36 19 98 85 1 57 20 37 90 19 24 53 76 68 1 95 36 36 57 80 24 86 18 59 44 18 80 20 37 20 53 53 57 19 18 3 59 10 11 86 25 66 76 59 53 66 20 90 92 59 49 19 53 10 82 76 75 68 11 24 92 98 37 80 66 1 57 92 95 85 44 18 10 59 82 11 90 82 80 95 98 85 59 82 76 25 98 20 80 57 
  Facilities: 28
 1 : 14 24 75
 3 : 45
 10 : 47 63 82
 11 : 48 68 85
 18 : 32 35 44 81
 19 : 4 11 19 43 61
 20 : 16 37 39 56 97
 24 : 1 20 30 69
 25 : 3 50 95
 36 : 10 26 27
 37 : 8 17 38 72
 44 : 34 80
 49 : 60
 53 : 5 21 40 41 54 62
 57 : 15 28 42 76 99
 59 : 33 46 53 59 83 92
 66 : 7 51 55 74
 68 : 23 67
 75 : 66
 76 : 22 52 65 94
 80 : 29 36 73 88 98
 82 : 0 64 84 87 93
 85 : 13 79 91
 86 : 2 31 49
 90 : 18 57 86
 92 : 58 70 77
 95 : 6 9 25 78 89
 98 : 12 71 90 96
SOLUTION:
  Value: -84109.000000
  Assigns: 8 71 64 62 22 53 44 33 79 87 22 44 26 76 22 57 58 8 43 76 58 53 76 77 26 33 51 79 22 80 22 64 87 42 44 56 65 86 4 26 53 53 86 26 22 13 76 97 33 86 42 43 33 16 64 22 64 87 43 65 97 58 53 16 58 76 65 57 56 33 79 58 13 80 65 58 33 13 53 85 44 85 55 55 64 62 51 26 97 64 43 85 44 58 76 8 65 64 80 57 
  Facilities: 28
 4 : 38
 8 : 0 17 95
 13 : 45 72 77
 16 : 53 63
 22 : 4 10 14 28 30 44 55
 26 : 12 24 39 43 87
 33 : 7 25 48 52 69 76
 42 : 33 50
 43 : 18 51 58 90
 44 : 6 11 34 80 92
 51 : 26 86
 53 : 5 21 40 41 62 78
 55 : 82 83
 56 : 35 68
 57 : 15 67 99
 58 : 16 20 61 64 71 75 93
 62 : 3 85
 64 : 2 31 54 56 84 89 97
 65 : 36 59 66 74 96
 71 : 1
 76 : 13 19 22 46 65 94
 77 : 23
 79 : 8 27 70
 80 : 29 73 98
 85 : 79 81 91
 86 : 37 42 49
 87 : 9 32 57
 97 : 47 60 88
SOLUTION:
  Value: -87085.000000
  Assigns: 8 1 64 25 19 53 44 91 79 87 22 19 91 76 1 32 91 8 87 83 58 53 76 48 26 33 91 79 22 25 63 64 87 42 44 4 65 73 4 26 53 53 63 91 22 13 76 97 33 97 25 19 33 16 64 22 64 87 25 74 97 58 53 16 58 76 65 48 63 33 79 58 13 74 1 58 33 13 53 4 44 79 91 74 64 62 90 26 97 64 73 63 44 58 76 8 65 64 83 65 
  Facilities: 29
 1 : 1 14 74
 4 : 35 38 79
 8 : 0 17 95
 13 : 45 72 77
 16 : 53 63
 19 : 4 11 51
 22 : 10 28 44 55
 25 : 3 29 50 58
 26 : 24 39 87
 32 : 15
 33 : 25 48 52 69 76
 42 : 33
 44 : 6 34 80 92
 48 : 23 67
 53 : 5 21 40 41 62 78
 58 : 20 61 64 71 75 93
 62 : 85
 63 : 30 42 68 91
 64 : 2 31 54 56 84 89 97
 65 : 36 66 96 99
 73 : 37 90
 74 : 59 73 83
 76 : 13 22 46 65 94
 79 : 8 27 70 81
 83 : 19 98
 87 : 9 18 32 57
 90 : 86
 91 : 7 12 16 26 43 82
 97 : 47 49 60 88
