# Time: 8784.669922
# Elapsed: 869.742859
# Input_file: pmedian/pmed/pmed8.txt
# Pool_size: 400
# Iterations: 20
# Final_solutions: 7800
# Vision_range: 600
# Reduction_mode: REDUCTION_DISPERSE
# Dissimilitude: DISSIM_CLIENTDELTA
SOLUTION:
  Value: -4472.000000
  Assigns: 166 82 3 3 3 118 166 166 166 145 113 12 12 118 166 83 83 132 129 129 145 145 166 145 138 83 98 83 178 116 166 166 83 166 34 129 113 34 113 113 113 188 83 34 126 118 118 118 118 129 188 188 126 129 113 132 34 98 83 82 3 69 166 118 144 144 188 145 69 69 69 12 83 132 132 83 83 3 132 12 166 82 82 83 83 166 166 83 83 83 83 166 145 145 34 34 166 98 98 145 166 129 12 12 12 126 113 12 83 3 188 113 113 113 166 83 116 116 118 118 113 83 113 113 132 126 126 126 129 129 83 83 132 132 98 98 34 34 138 83 166 166 118 144 144 145 132 138 113 118 113 83 98 98 98 34 12 166 166 82 118 166 82 178 166 83 166 166 145 145 113 132 83 166 116 138 138 166 178 178 69 118 12 12 12 129 118 113 188 188 116 193 193 193 166 83 126 69 188 166 
  Facilities: 20
 3 : 2 3 4 60 77 109
 12 : 11 12 71 79 102 103 104 107 156 182 183 184
 34 : 34 37 43 56 94 95 136 137 155
 69 : 61 68 69 70 180 197
 82 : 1 59 81 82 159 162
 83 : 15 16 25 27 32 42 58 72 75 76 83 84 87 88 89 90 108 115 121 130 131 139 151 165 172 195
 98 : 26 57 97 98 134 135 152 153 154
 113 : 10 36 38 39 40 54 106 111 112 113 120 122 123 148 150 170 187
 116 : 29 116 117 174 190
 118 : 5 13 45 46 47 48 63 118 119 142 149 160 181 186
 126 : 44 52 105 125 126 127 196
 129 : 18 19 35 49 53 101 128 129 185
 132 : 17 55 73 74 78 124 132 133 146 171
 138 : 24 138 147 175 176
 144 : 64 65 143 144
 145 : 9 20 21 23 67 92 93 99 145 168 169
 166 : 0 6 7 8 14 22 30 31 33 62 80 85 86 91 96 100 114 140 141 157 158 161 164 166 167 173 177 194 199
 178 : 28 163 178 179
 188 : 41 50 51 66 110 188 189 198
 193 : 191 192 193
SOLUTION:
  Value: -4606.000000
  Assigns: 166 82 3 3 3 118 166 166 166 145 113 12 12 118 166 83 83 132 129 129 145 145 166 145 83 83 98 83 178 116 166 166 83 166 34 129 113 34 113 113 113 188 83 34 126 118 118 118 118 129 188 188 126 129 113 132 34 98 83 82 3 69 166 118 144 144 188 145 69 69 69 12 83 132 132 83 83 3 132 12 166 82 82 83 83 166 166 83 83 83 83 166 145 145 34 34 166 98 98 145 166 129 12 12 12 126 113 12 83 3 188 113 113 113 166 83 116 116 118 118 113 83 113 113 132 126 126 126 129 129 83 83 132 132 98 98 34 34 83 83 166 166 118 144 144 145 132 83 113 118 113 83 98 98 98 34 12 166 166 82 118 166 82 178 166 83 166 166 145 145 113 132 83 166 116 166 166 166 178 178 69 118 12 12 12 129 118 113 188 188 116 193 193 193 166 83 126 69 188 166 
  Facilities: 19
 3 : 2 3 4 60 77 109
 12 : 11 12 71 79 102 103 104 107 156 182 183 184
 34 : 34 37 43 56 94 95 136 137 155
 69 : 61 68 69 70 180 197
 82 : 1 59 81 82 159 162
 83 : 15 16 24 25 27 32 42 58 72 75 76 83 84 87 88 89 90 108 115 121 130 131 138 139 147 151 165 172 195
 98 : 26 57 97 98 134 135 152 153 154
 113 : 10 36 38 39 40 54 106 111 112 113 120 122 123 148 150 170 187
 116 : 29 116 117 174 190
 118 : 5 13 45 46 47 48 63 118 119 142 149 160 181 186
 126 : 44 52 105 125 126 127 196
 129 : 18 19 35 49 53 101 128 129 185
 132 : 17 55 73 74 78 124 132 133 146 171
 144 : 64 65 143 144
 145 : 9 20 21 23 67 92 93 99 145 168 169
 166 : 0 6 7 8 14 22 30 31 33 62 80 85 86 91 96 100 114 140 141 157 158 161 164 166 167 173 175 176 177 194 199
 178 : 28 163 178 179
 188 : 41 50 51 66 110 188 189 198
 193 : 191 192 193
SOLUTION:
  Value: -4654.000000
  Assigns: 166 113 166 153 69 118 166 166 166 145 113 103 103 118 166 75 75 17 129 129 41 145 166 145 138 75 153 127 178 116 166 166 75 166 95 129 113 95 113 156 113 41 127 95 127 118 118 118 118 129 41 41 113 129 113 166 95 41 75 133 41 69 166 118 144 144 133 145 69 69 69 103 75 133 133 75 75 153 133 103 166 133 118 75 75 166 166 75 75 127 75 166 145 145 95 95 166 153 153 145 166 129 103 103 103 127 41 103 75 41 41 113 113 113 166 75 116 116 118 118 113 75 113 113 133 127 127 127 129 129 75 75 133 133 153 153 95 95 138 75 166 127 118 144 144 145 113 138 113 118 113 75 153 153 153 95 156 166 166 118 118 118 118 178 166 75 166 166 145 145 113 166 75 166 133 138 138 166 178 178 69 118 103 103 103 129 118 113 41 41 116 193 193 193 166 75 127 69 133 166 
  Facilities: 20
 17 : 17
 41 : 20 41 50 51 57 60 106 109 110 188 189
 69 : 4 61 68 69 70 180 197
 75 : 15 16 25 32 58 72 75 76 83 84 87 88 90 108 115 121 130 131 139 151 165 172 195
 95 : 34 37 43 56 94 95 136 137 155
 103 : 11 12 71 79 102 103 104 107 182 183 184
 113 : 1 10 36 38 40 52 54 111 112 113 120 122 123 146 148 150 170 187
 116 : 29 116 117 190
 118 : 5 13 45 46 47 48 63 82 118 119 142 149 159 160 161 162 181 186
 127 : 27 42 44 89 105 125 126 127 141 196
 129 : 18 19 35 49 53 101 128 129 185
 133 : 59 66 73 74 78 81 124 132 133 174 198
 138 : 24 138 147 175 176
 144 : 64 65 143 144
 145 : 9 21 23 67 92 93 99 145 168 169
 153 : 3 26 77 97 98 134 135 152 153 154
 156 : 39 156
 166 : 0 2 6 7 8 14 22 30 31 33 55 62 80 85 86 91 96 100 114 140 157 158 164 166 167 171 173 177 194 199
 178 : 28 163 178 179
 193 : 191 192 193
SOLUTION:
  Value: -4693.000000
  Assigns: 166 128 177 153 69 118 166 166 166 145 113 103 103 118 177 83 83 132 128 128 41 145 166 145 83 83 153 83 163 166 166 166 83 166 94 128 113 94 113 113 113 41 83 94 126 45 118 118 118 128 188 188 126 128 113 132 41 41 83 132 41 177 177 118 65 65 188 145 69 69 69 103 83 132 132 83 83 153 132 103 166 132 118 83 83 177 177 83 83 83 83 166 145 145 94 94 166 153 153 145 166 128 103 103 103 126 41 103 83 41 41 113 113 113 166 83 118 118 118 118 113 83 113 113 132 126 126 126 128 128 83 83 132 132 153 153 94 94 83 83 177 166 118 65 65 145 132 83 113 118 113 83 153 153 153 94 103 166 166 118 118 118 118 163 177 83 166 166 145 145 113 132 83 166 188 176 176 177 163 163 69 118 103 103 103 83 118 113 188 188 118 192 192 192 166 83 126 69 188 166 
  Facilities: 20
 41 : 20 41 56 57 60 106 109 110
 45 : 45
 65 : 64 65 143 144
 69 : 4 68 69 70 180 197
 83 : 15 16 24 25 27 32 42 58 72 75 76 83 84 87 88 89 90 108 115 121 130 131 138 139 147 151 165 172 185 195
 94 : 34 37 43 94 95 136 137 155
 103 : 11 12 71 79 102 103 104 107 156 182 183 184
 113 : 10 36 38 39 40 54 111 112 113 120 122 123 148 150 170 187
 118 : 5 13 46 47 48 63 82 116 117 118 119 142 149 159 160 161 162 181 186 190
 126 : 44 52 105 125 126 127 196
 128 : 1 18 19 35 49 53 101 128 129
 132 : 17 55 59 73 74 78 81 124 132 133 146 171
 145 : 9 21 23 67 92 93 99 145 168 169
 153 : 3 26 77 97 98 134 135 152 153 154
 163 : 28 163 178 179
 166 : 0 6 7 8 22 29 30 31 33 80 91 96 100 114 141 157 158 166 167 173 194 199
 176 : 175 176
 177 : 2 14 61 62 85 86 140 164 177
 188 : 50 51 66 174 188 189 198
 192 : 191 192 193
SOLUTION:
  Value: -4697.000000
  Assigns: 166 162 140 153 69 118 166 166 166 99 113 118 79 118 140 140 83 132 129 129 41 99 166 99 83 83 153 83 28 28 166 166 83 166 95 129 113 95 113 28 113 41 83 95 162 45 118 118 118 129 41 56 113 129 113 132 56 56 83 162 41 140 140 118 65 65 198 99 69 69 69 79 83 132 132 83 83 153 132 79 166 162 162 83 83 140 140 83 83 83 83 166 28 28 95 95 166 153 153 99 99 129 79 79 79 132 41 79 83 41 41 113 113 113 166 83 28 118 118 118 113 83 113 113 132 79 79 83 129 129 83 83 132 132 153 153 95 95 83 140 140 166 118 65 65 99 132 83 113 118 113 83 153 153 153 95 79 166 166 162 118 118 162 28 140 83 166 166 99 99 28 132 198 166 198 166 140 140 28 28 69 118 79 79 79 129 118 113 41 41 28 192 192 192 99 83 79 69 198 198 
  Facilities: 20
 28 : 28 29 39 92 93 116 163 170 178 179 190
 41 : 20 41 50 60 106 109 110 188 189
 45 : 45
 56 : 51 56 57
 65 : 64 65 143 144
 69 : 4 68 69 70 180 197
 79 : 12 71 79 102 103 104 107 125 126 156 182 183 184 196
 83 : 16 24 25 27 32 42 58 72 75 76 83 84 87 88 89 90 108 115 121 127 130 131 138 147 151 165 195
 95 : 34 37 43 94 95 136 137 155
 99 : 9 21 23 67 99 100 145 168 169 194
 113 : 10 36 38 40 52 54 111 112 113 120 122 123 148 150 187
 118 : 5 11 13 46 47 48 63 117 118 119 142 149 160 161 181 186
 129 : 18 19 35 49 53 101 128 129 185
 132 : 17 55 73 74 78 105 124 132 133 146 171
 140 : 2 14 15 61 62 85 86 139 140 164 176 177
 153 : 3 26 77 97 98 134 135 152 153 154
 162 : 1 44 59 81 82 159 162
 166 : 0 6 7 8 22 30 31 33 80 91 96 114 141 157 158 166 167 173 175
 192 : 191 192 193
 198 : 66 172 174 198 199
SOLUTION:
  Value: -4704.000000
  Assigns: 166 113 166 153 69 118 166 166 166 145 113 103 103 118 166 75 75 132 129 129 41 145 166 145 75 75 153 127 178 178 166 166 75 166 94 129 113 94 113 113 113 41 127 94 127 45 118 118 118 129 41 41 113 129 113 132 41 41 75 132 41 69 166 118 65 65 132 145 69 69 69 103 75 132 132 75 75 153 132 103 166 132 118 75 75 166 166 75 75 127 75 166 145 145 94 94 166 153 153 145 166 129 103 103 103 127 41 103 75 41 41 113 113 113 166 75 118 118 118 118 113 75 113 113 132 127 127 127 129 129 75 75 132 132 153 153 94 94 175 75 166 127 118 65 65 145 132 175 113 118 113 75 153 153 153 94 103 166 166 118 118 166 118 178 166 75 166 166 145 145 113 132 172 166 127 175 175 166 178 178 69 181 103 103 103 129 118 113 41 41 118 192 192 192 166 75 127 69 172 166 
  Facilities: 20
 41 : 20 41 50 51 56 57 60 106 109 110 188 189
 45 : 45
 65 : 64 65 143 144
 69 : 4 61 68 69 70 180 197
 75 : 15 16 24 25 32 58 72 75 76 83 84 87 88 90 108 115 121 130 131 139 151 165 195
 94 : 34 37 43 94 95 136 137 155
 103 : 11 12 71 79 102 103 104 107 156 182 183 184
 113 : 1 10 36 38 39 40 52 54 111 112 113 120 122 123 148 150 170 187
 118 : 5 13 46 47 48 63 82 116 117 118 119 142 149 159 160 162 186 190
 127 : 27 42 44 89 105 125 126 127 141 174 196
 129 : 18 19 35 49 53 101 128 129 185
 132 : 17 55 59 66 73 74 78 81 124 132 133 146 171
 145 : 9 21 23 67 92 93 99 145 168 169
 153 : 3 26 77 97 98 134 135 152 153 154
 166 : 0 2 6 7 8 14 22 30 31 33 62 80 85 86 91 96 100 114 140 157 158 161 164 166 167 173 177 194 199
 172 : 172 198
 175 : 138 147 175 176
 178 : 28 29 163 178 179
 181 : 181
 192 : 191 192 193
SOLUTION:
  Value: -4705.000000
  Assigns: 166 128 77 77 77 113 166 166 166 28 113 12 12 132 177 83 83 132 128 128 41 28 166 145 24 24 153 83 28 28 166 166 83 166 95 128 113 95 113 28 113 41 83 95 126 24 24 24 12 128 41 56 126 128 113 132 56 56 83 132 77 177 177 64 64 64 198 145 177 177 77 12 83 132 132 83 83 77 132 12 166 132 160 83 83 177 177 83 83 83 83 166 28 28 95 95 166 153 153 145 166 128 12 12 12 126 41 12 83 41 41 113 113 113 166 83 28 128 160 113 113 83 113 113 132 126 126 126 128 128 83 83 132 132 153 153 95 95 24 83 177 166 160 12 64 145 132 24 113 113 113 83 153 153 153 95 12 166 166 160 160 160 160 28 177 83 166 166 145 145 28 132 198 166 198 24 177 177 28 28 177 160 12 12 12 24 113 113 41 41 28 193 193 193 166 83 126 166 198 198 
  Facilities: 20
 12 : 11 12 48 71 79 102 103 104 107 143 156 182 183 184
 24 : 24 25 45 46 47 138 147 175 185
 28 : 9 21 28 29 39 92 93 116 163 170 178 179 190
 41 : 20 41 50 106 109 110 188 189
 56 : 51 56 57
 64 : 63 64 65 144
 77 : 2 3 4 60 70 77
 83 : 15 16 27 32 42 58 72 75 76 83 84 87 88 89 90 108 115 121 130 131 139 151 165 195
 95 : 34 37 43 94 95 136 137 155
 113 : 5 10 36 38 40 54 111 112 113 119 120 122 123 148 149 150 186 187
 126 : 44 52 105 125 126 127 196
 128 : 1 18 19 35 49 53 101 117 128 129
 132 : 13 17 55 59 73 74 78 81 124 132 133 146 171
 145 : 23 67 99 145 168 169
 153 : 26 97 98 134 135 152 153 154
 160 : 82 118 142 159 160 161 162 181
 166 : 0 6 7 8 22 30 31 33 80 91 96 100 114 141 157 158 166 167 173 194 197
 177 : 14 61 62 68 69 85 86 140 164 176 177 180
 193 : 191 192 193
 198 : 66 172 174 198 199
SOLUTION:
  Value: -4706.000000
  Assigns: 166 3 3 3 3 118 166 166 166 145 113 12 12 118 133 83 83 83 101 101 41 145 166 145 83 83 98 83 179 117 166 166 83 166 95 101 113 137 113 113 113 41 83 95 126 118 118 118 118 101 41 41 126 101 113 166 95 98 83 133 3 180 166 64 64 64 133 137 180 180 180 12 83 133 133 83 83 3 133 12 166 133 118 83 83 166 166 83 83 83 83 166 145 145 95 95 166 98 98 145 166 101 12 12 12 126 41 12 83 41 41 113 113 113 166 83 117 117 118 118 113 83 113 113 133 126 126 126 101 101 83 83 133 133 98 98 95 137 83 83 166 166 118 12 64 145 113 83 113 118 113 83 98 98 98 95 12 166 166 118 118 166 118 179 166 83 166 166 145 145 113 166 83 166 117 176 176 166 179 179 180 180 12 12 12 101 118 113 41 41 117 193 193 193 166 83 126 180 133 166 
  Facilities: 20
 3 : 1 2 3 4 60 77
 12 : 11 12 71 79 102 103 104 107 143 156 182 183 184
 41 : 20 41 50 51 106 109 110 188 189
 64 : 63 64 65 144
 83 : 15 16 17 24 25 27 32 42 58 72 75 76 83 84 87 88 89 90 108 115 121 130 131 138 139 147 151 165 172 195
 95 : 34 43 56 94 95 136 155
 98 : 26 57 97 98 134 135 152 153 154
 101 : 18 19 35 49 53 101 128 129 185
 113 : 10 36 38 39 40 54 111 112 113 120 122 123 146 148 150 170 187
 117 : 29 116 117 174 190
 118 : 5 13 45 46 47 48 82 118 119 142 149 159 160 162 186
 126 : 44 52 105 125 126 127 196
 133 : 14 59 66 73 74 78 81 124 132 133 198
 137 : 37 67 137
 145 : 9 21 23 92 93 99 145 168 169
 166 : 0 6 7 8 22 30 31 33 55 62 80 85 86 91 96 100 114 140 141 157 158 161 164 166 167 171 173 177 194 199
 176 : 175 176
 179 : 28 163 178 179
 180 : 61 68 69 70 180 181 197
 193 : 191 192 193
SOLUTION:
  Value: -4709.000000
  Assigns: 166 128 177 153 69 118 166 166 166 28 113 12 12 118 177 75 75 132 128 128 41 28 166 28 75 75 153 75 28 28 166 166 75 166 34 128 113 34 113 28 113 41 75 34 166 45 118 118 118 128 41 41 113 128 113 132 34 41 75 159 41 177 177 118 65 65 132 34 69 69 69 12 75 132 132 75 75 153 132 12 166 159 159 75 75 177 177 75 75 75 75 166 28 28 34 34 166 153 153 28 166 128 12 12 12 12 41 12 75 41 41 113 113 113 166 75 28 118 118 118 113 75 113 113 132 166 12 75 128 128 75 75 132 132 153 153 34 34 175 177 177 166 118 65 65 28 132 175 113 118 113 75 153 153 153 34 12 166 166 159 118 166 159 28 177 75 166 166 41 128 28 132 172 166 12 175 175 177 28 28 69 181 12 12 12 75 118 113 41 41 28 192 192 192 166 75 12 69 172 166 
  Facilities: 20
 12 : 11 12 71 79 102 103 104 105 107 126 156 174 182 183 184 196
 28 : 9 21 23 28 29 39 92 93 99 116 145 163 170 178 179 190
 34 : 34 37 43 56 67 94 95 136 137 155
 41 : 20 41 50 51 57 60 106 109 110 168 188 189
 45 : 45
 65 : 64 65 143 144
 69 : 4 68 69 70 180 197
 75 : 15 16 24 25 27 32 42 58 72 75 76 83 84 87 88 89 90 108 115 121 127 130 131 151 165 185 195
 113 : 10 36 38 40 52 54 111 112 113 120 122 123 148 150 187
 118 : 5 13 46 47 48 63 117 118 119 142 149 160 186
 128 : 1 18 19 35 49 53 101 128 129 169
 132 : 17 55 66 73 74 78 124 132 133 146 171
 153 : 3 26 77 97 98 134 135 152 153 154
 159 : 59 81 82 159 162
 166 : 0 6 7 8 22 30 31 33 44 80 91 96 100 114 125 141 157 158 161 166 167 173 194 199
 172 : 172 198
 175 : 138 147 175 176
 177 : 2 14 61 62 85 86 139 140 164 177
 181 : 181
 192 : 191 192 193
SOLUTION:
  Value: -4709.000000
  Assigns: 166 2 2 2 69 118 166 166 166 145 113 12 12 118 166 83 83 132 129 129 145 145 166 145 83 83 98 83 178 2 166 166 83 166 94 129 113 94 113 113 113 188 83 94 166 45 118 118 118 129 188 188 113 129 113 132 98 98 83 132 2 69 166 118 65 65 188 145 69 69 69 12 83 132 132 83 2 2 132 12 166 132 118 83 83 166 166 83 83 83 83 166 145 145 94 94 166 98 98 145 166 129 12 12 12 12 113 12 83 2 2 113 113 113 166 83 2 2 118 118 113 83 113 113 132 166 12 83 129 129 83 83 132 132 98 98 94 94 175 83 166 166 118 65 65 145 132 175 113 118 113 83 98 98 98 94 12 166 166 118 118 166 118 178 166 83 166 166 145 2 113 132 172 166 12 175 175 166 178 178 69 181 12 12 12 129 118 113 188 188 2 192 192 192 166 83 12 69 172 166 
  Facilities: 20
 2 : 1 2 3 29 60 76 77 109 110 116 117 169 190
 12 : 11 12 71 79 102 103 104 105 107 126 156 174 182 183 184 196
 45 : 45
 65 : 64 65 143 144
 69 : 4 61 68 69 70 180 197
 83 : 15 16 24 25 27 32 42 58 72 75 83 84 87 88 89 90 108 115 121 127 130 131 139 151 165 195
 94 : 34 37 43 94 95 136 137 155
 98 : 26 56 57 97 98 134 135 152 153 154
 113 : 10 36 38 39 40 52 54 106 111 112 113 120 122 123 148 150 170 187
 118 : 5 13 46 47 48 63 82 118 119 142 149 159 160 162 186
 129 : 18 19 35 49 53 101 128 129 185
 132 : 17 55 59 73 74 78 81 124 132 133 146 171
 145 : 9 20 21 23 67 92 93 99 145 168
 166 : 0 6 7 8 14 22 30 31 33 44 62 80 85 86 91 96 100 114 125 140 141 157 158 161 164 166 167 173 177 194 199
 172 : 172 198
 175 : 138 147 175 176
 178 : 28 163 178 179
 181 : 181
 188 : 41 50 51 66 188 189
 192 : 191 192 193
