# Time: 15.800000
# Elapsed: 5.062461
# Input_file: splp/GapB/1531GapBS.txt
# Pool_size: 1000
# Iterations: 40
# Final_solutions: 38100
# Vision_range: 0
# Reduction_mode: REDUCTION_RANDOM
SOLUTION:
  Value: -72134.000000
  Assigns: 32 61 89 79 24 62 36 89 26 32 29 14 19 42 56 42 61 24 32 42 62 29 75 97 26 29 62 97 89 80 36 40 75 19 88 56 26 40 80 42 29 40 45 75 97 36 40 86 24 80 11 40 24 97 24 61 19 68 32 56 68 56 45 29 88 3 11 61 11 11 80 86 86 61 61 29 88 79 2 32 42 3 2 11 45 97 36 24 75 68 42 68 26 86 61 40 14 86 3 3 
  Facilities: 24
 2 : 78 82
 3 : 65 81 98 99
 11 : 50 66 68 69 83
 14 : 11 96
 19 : 12 33 56
 24 : 4 17 48 52 54 87
 26 : 8 24 36 92
 29 : 10 21 25 40 63 75
 32 : 0 9 18 58 79
 36 : 6 30 45 86
 40 : 31 37 41 46 51 95
 42 : 13 15 19 39 80 90
 45 : 42 62 84
 56 : 14 35 59 61
 61 : 1 16 55 67 73 74 94
 62 : 5 20 26
 68 : 57 60 89 91
 75 : 22 32 43 88
 79 : 3 77
 80 : 29 38 49 70
 86 : 47 71 72 93 97
 88 : 34 64 76
 89 : 2 7 28
 97 : 23 27 44 53 85
SOLUTION:
  Value: -81097.000000
  Assigns: 8 33 8 13 68 91 76 12 60 34 76 25 83 97 41 34 60 25 8 33 83 76 25 97 8 13 37 97 25 80 31 17 28 76 12 80 26 76 80 4 49 13 30 30 30 26 81 8 14 37 88 41 49 97 31 76 76 49 49 60 68 12 26 31 49 12 83 31 31 4 80 86 86 14 83 14 83 17 4 31 91 78 31 30 41 97 78 28 13 60 33 13 83 86 81 25 14 86 83 60 
  Facilities: 27
 4 : 39 69 78
 8 : 0 2 18 24 47
 12 : 7 34 61 65
 13 : 3 25 41 88 91
 14 : 48 73 75 96
 17 : 31 77
 25 : 11 17 22 28 95
 26 : 36 45 62
 28 : 32 87
 30 : 42 43 44 83
 31 : 30 54 63 67 68 79 82
 33 : 1 19 90
 34 : 9 15
 37 : 26 49
 41 : 14 51 84
 49 : 40 52 57 58 64
 60 : 8 16 59 89 99
 68 : 4 60
 76 : 6 10 21 33 37 55 56
 78 : 81 86
 80 : 29 35 38 70
 81 : 46 94
 83 : 12 20 66 74 76 92 98
 86 : 71 72 93 97
 88 : 50
 91 : 5 80
 97 : 13 23 27 53 85
SOLUTION:
  Value: -81107.000000
  Assigns: 95 90 89 43 68 10 16 89 44 16 16 34 55 10 41 34 94 62 43 82 41 52 55 52 26 21 10 62 67 41 77 17 15 67 68 91 26 77 91 62 49 82 94 55 91 26 90 86 62 55 82 41 52 43 43 94 3 49 89 44 16 49 94 62 49 3 43 94 21 43 82 15 86 79 61 79 16 79 17 44 91 3 16 95 41 94 10 67 77 68 16 68 34 86 77 67 62 86 3 3 
  Facilities: 27
 3 : 56 65 81 98 99
 10 : 5 13 26 86
 15 : 32 71
 16 : 6 9 10 60 76 82 90
 17 : 31 78
 21 : 25 68
 26 : 24 36 45
 34 : 11 15 92
 41 : 14 20 29 51 84
 43 : 3 18 53 54 66 69
 44 : 8 59 79
 49 : 40 57 61 64
 52 : 21 23 52
 55 : 12 22 43 49
 61 : 74
 62 : 17 27 39 48 63 96
 67 : 28 33 87 95
 68 : 4 34 89 91
 77 : 30 37 88 94
 79 : 73 75 77
 82 : 19 41 50 70
 86 : 47 72 93 97
 89 : 2 7 58
 90 : 1 46
 91 : 35 38 44 80
 94 : 16 42 55 62 67 85
 95 : 0 83
SOLUTION:
  Value: -81114.000000
  Assigns: 95 67 8 43 68 10 36 12 65 78 18 57 83 10 41 92 67 78 43 50 41 65 0 52 96 88 10 92 18 41 36 91 88 65 12 91 43 19 50 36 70 96 74 35 91 36 57 8 78 35 11 41 52 43 43 11 19 68 52 65 68 12 11 88 96 12 83 92 11 43 18 65 8 92 74 70 88 11 0 70 91 43 43 95 41 70 18 67 78 68 70 85 83 65 91 57 18 35 83 50 
  Facilities: 27
 0 : 22 78
 8 : 2 47 72
 10 : 5 13 26
 11 : 50 55 62 68 77
 12 : 7 34 61 65
 18 : 10 28 70 86 96
 19 : 37 56
 35 : 43 49 97
 36 : 6 30 39 45
 41 : 14 20 29 51 84
 43 : 3 18 36 53 54 69 81 82
 50 : 19 38 99
 52 : 23 52 58
 57 : 11 46 95
 65 : 8 21 33 59 71 93
 67 : 1 16 87
 68 : 4 57 60 89
 70 : 40 75 79 85 90
 74 : 42 74
 78 : 9 17 48 88
 83 : 12 66 92 98
 85 : 91
 88 : 25 32 63 76
 91 : 31 35 44 80 94
 92 : 15 27 67 73
 95 : 0 83
 96 : 24 41 64
SOLUTION:
  Value: -84089.000000
  Assigns: 95 63 7 63 34 72 76 12 26 51 29 25 83 44 63 34 94 25 72 50 83 76 82 7 26 29 51 44 25 63 34 38 27 76 12 91 26 76 50 44 25 27 21 71 91 26 40 51 78 72 11 12 44 7 51 94 76 39 82 44 21 12 94 27 69 82 83 94 11 11 82 82 86 39 83 29 83 38 51 40 91 78 58 95 71 72 78 71 78 21 21 86 83 86 7 25 29 86 83 50 
  Facilities: 28
 7 : 2 23 53 94
 11 : 50 68 69
 12 : 7 34 51 61
 21 : 42 60 89 90
 25 : 11 17 28 40 95
 26 : 8 24 36 45
 27 : 32 41 63
 29 : 10 25 75 96
 34 : 4 15 30
 38 : 31 77
 39 : 57 73
 40 : 46 79
 44 : 13 27 39 52 59
 50 : 19 38 99
 51 : 9 26 47 54 78
 58 : 82
 63 : 1 3 14 29
 69 : 64
 71 : 43 84 87
 72 : 5 18 49 85
 76 : 6 21 33 37 56
 78 : 48 81 86 88
 82 : 22 58 65 70 71
 83 : 12 20 66 74 76 92 98
 86 : 72 91 93 97
 91 : 35 44 80
 94 : 16 55 62 67
 95 : 0 83
SOLUTION:
  Value: -84096.000000
  Assigns: 6 61 7 79 68 62 1 58 44 51 18 81 81 44 20 1 61 62 69 73 62 51 74 97 96 88 1 97 18 80 20 6 20 96 96 80 26 49 74 44 49 96 74 71 97 20 18 51 62 37 11 96 1 7 51 61 54 7 6 44 73 49 26 37 1 20 11 61 11 11 37 86 86 61 61 79 88 79 1 44 22 54 58 74 71 97 18 97 54 20 6 68 26 86 7 51 62 86 54 22 
  Facilities: 28
 1 : 6 15 26 52 64 78
 6 : 0 31 58 90
 7 : 2 53 57 94
 11 : 50 66 68 69
 18 : 10 28 46 86
 20 : 14 30 32 45 65 89
 22 : 80 99
 26 : 36 62 92
 37 : 49 63 70
 44 : 8 13 39 59 79
 49 : 37 40 61
 51 : 9 21 47 54 95
 54 : 56 81 88 98
 58 : 7 82
 61 : 1 16 55 67 73 74
 62 : 5 17 20 48 96
 68 : 4 91
 69 : 18
 71 : 43 84
 73 : 19 60
 74 : 22 38 42 83
 79 : 3 75 77
 80 : 29 35
 81 : 11 12
 86 : 71 72 93 97
 88 : 25 76
 96 : 24 33 34 41 51
 97 : 23 27 44 85 87
SOLUTION:
  Value: -84097.000000
  Assigns: 6 61 7 79 68 62 1 58 44 51 18 81 81 44 20 1 61 62 69 73 62 51 74 97 96 88 1 97 18 80 20 6 20 96 96 80 26 49 74 44 49 96 74 71 97 20 18 51 78 37 11 96 1 7 51 61 79 7 6 44 73 49 26 37 1 20 11 61 11 11 37 86 86 61 61 79 88 79 1 44 22 78 58 74 71 97 18 97 78 20 6 68 26 86 7 51 62 86 44 22 
  Facilities: 28
 1 : 6 15 26 52 64 78
 6 : 0 31 58 90
 7 : 2 53 57 94
 11 : 50 66 68 69
 18 : 10 28 46 86
 20 : 14 30 32 45 65 89
 22 : 80 99
 26 : 36 62 92
 37 : 49 63 70
 44 : 8 13 39 59 79 98
 49 : 37 40 61
 51 : 9 21 47 54 95
 58 : 7 82
 61 : 1 16 55 67 73 74
 62 : 5 17 20 96
 68 : 4 91
 69 : 18
 71 : 43 84
 73 : 19 60
 74 : 22 38 42 83
 78 : 48 81 88
 79 : 3 56 75 77
 80 : 29 35
 81 : 11 12
 86 : 71 72 93 97
 88 : 25 76
 96 : 24 33 34 41 51
 97 : 23 27 44 85 87
SOLUTION:
  Value: -84098.000000
  Assigns: 32 90 89 13 30 50 77 59 65 51 18 25 55 42 41 50 61 25 32 50 41 65 0 59 96 13 51 22 18 41 59 17 25 65 96 56 59 77 50 42 25 96 30 55 30 89 90 51 89 55 18 41 0 50 51 61 3 39 89 56 22 56 56 90 96 3 83 61 82 55 18 82 86 61 61 42 83 17 51 32 22 3 30 30 41 39 18 71 13 41 42 13 83 65 81 25 18 86 3 22 
  Facilities: 28
 0 : 22 52
 3 : 56 65 81 98
 13 : 3 25 88 91
 17 : 31 77
 18 : 10 28 50 70 86 96
 22 : 27 60 80 99
 25 : 11 17 32 40 95
 30 : 4 42 44 82 83
 32 : 0 18 79
 39 : 57 85
 41 : 14 20 29 51 84 89
 42 : 13 39 75 90
 50 : 5 15 19 38 53
 51 : 9 26 47 54 78
 55 : 12 43 49 69
 56 : 35 59 61 62
 59 : 7 23 30 36
 61 : 16 55 67 73 74
 65 : 8 21 33 93
 71 : 87
 77 : 6 37
 81 : 94
 82 : 68 71
 83 : 66 76 92
 86 : 72 97
 89 : 2 45 48 58
 90 : 1 46 63
 96 : 24 34 41 64
SOLUTION:
  Value: -84101.000000
  Assigns: 32 90 89 13 7 27 77 59 65 51 18 25 55 42 41 42 94 25 32 42 41 65 0 59 96 13 51 22 18 41 59 81 27 65 96 56 59 77 74 42 25 96 94 55 96 89 90 51 89 55 18 41 64 7 51 94 3 39 89 56 22 56 94 27 96 3 64 94 11 11 18 65 3 39 74 42 64 11 51 32 22 3 85 74 41 39 18 71 13 41 42 13 71 65 81 25 18 32 3 22 
  Facilities: 28
 0 : 22
 3 : 56 65 72 81 98
 7 : 4 53
 11 : 68 69 77
 13 : 3 25 88 91
 18 : 10 28 50 70 86 96
 22 : 27 60 80 99
 25 : 11 17 40 95
 27 : 5 32 63
 32 : 0 18 79 97
 39 : 57 73 85
 41 : 14 20 29 51 84 89
 42 : 13 15 19 39 75 90
 51 : 9 26 47 54 78
 55 : 12 43 49
 56 : 35 59 61
 59 : 7 23 30 36
 64 : 52 66 76
 65 : 8 21 33 71 93
 71 : 87 92
 74 : 38 74 83
 77 : 6 37
 81 : 31 94
 85 : 82
 89 : 2 45 48 58
 90 : 1 46
 94 : 16 42 55 62 67
 96 : 24 34 41 44 64
SOLUTION:
  Value: -84104.000000
  Assigns: 9 67 46 79 4 62 1 71 26 51 18 46 81 44 18 1 67 62 46 50 62 51 82 87 26 54 1 87 18 68 57 17 28 87 22 64 26 46 50 62 4 54 30 30 30 26 57 51 23 28 18 23 44 23 51 94 54 64 82 44 22 22 94 27 1 87 64 94 82 4 18 82 86 79 18 46 79 79 4 87 22 54 30 30 71 17 18 28 46 9 30 28 26 86 81 57 62 86 54 22 
  Facilities: 28
 1 : 6 15 26 64
 4 : 4 40 69 78
 9 : 0 89
 17 : 31 85
 18 : 10 14 28 50 70 74 86
 22 : 34 60 61 80 99
 23 : 48 51 53
 26 : 8 24 36 45 92
 27 : 63
 28 : 32 49 87 91
 30 : 42 43 44 82 83 90
 44 : 13 52 59
 46 : 2 11 18 37 75 88
 50 : 19 38
 51 : 9 21 47 54
 54 : 25 41 56 81 98
 57 : 30 46 95
 62 : 5 17 20 39 96
 64 : 35 57 66
 67 : 1 16
 68 : 29
 71 : 7 84
 79 : 3 73 76 77
 81 : 12 94
 82 : 22 58 68 71
 86 : 72 93 97
 87 : 23 27 33 65 79
 94 : 55 62 67
