# Time: 3.990000
# Elapsed: 1.720690
# Input_file: splp/PCodes/1234PCodesS.txt
# Pool_size: 400
# Iterations: 20
# Final_solutions: 7328
# Vision_range: 0
# Reduction_mode: REDUCTION_BESTS
SOLUTION:
  Value: -51214.000000
  Assigns: 1 1 10 1 36 1 22 71 10 25 10 10 76 29 10 47 80 25 22 51 22 29 22 22 56 25 10 25 29 29 22 29 36 1 98 51 36 36 36 47 56 105 10 47 36 47 47 47 56 51 51 51 36 117 22 51 56 25 56 51 56 29 126 47 80 1 98 71 76 71 71 71 76 105 10 91 76 76 76 71 80 80 80 91 80 117 22 71 80 91 91 91 76 29 126 91 98 105 98 98 36 117 98 71 105 105 98 105 76 105 126 47 80 117 98 51 117 117 126 117 56 105 126 91 126 117 126 126 
  Facilities: 17
 1 : 0 1 3 5 33 65
 10 : 2 8 10 11 14 26 42 74
 22 : 6 18 20 22 23 30 54 86
 25 : 9 17 25 27 57
 29 : 13 21 28 29 31 61 93
 36 : 4 32 36 37 38 44 52 100
 47 : 15 39 43 45 46 47 63 111
 51 : 19 35 49 50 51 55 59 115
 56 : 24 40 48 56 58 60 120
 71 : 7 67 69 70 71 79 87 103
 76 : 12 68 72 76 77 78 92 108
 80 : 16 64 80 81 82 84 88 112
 91 : 75 83 89 90 91 95 123
 98 : 34 66 96 98 99 102 106 114
 105 : 41 73 97 104 105 107 109 121
 117 : 53 85 101 113 116 117 119 125
 126 : 62 94 110 118 122 124 126 127
SOLUTION:
  Value: -51219.000000
  Assigns: 32 5 10 67 5 5 22 5 10 25 10 10 76 5 10 47 80 25 22 51 22 5 22 22 25 25 10 25 60 25 22 95 32 32 98 51 32 5 102 47 32 105 10 47 60 47 47 47 32 51 51 51 60 117 22 51 60 25 122 51 60 60 60 47 80 67 98 67 76 5 102 67 76 105 10 67 76 76 76 95 80 80 80 67 80 117 22 95 80 25 122 95 76 95 95 95 98 105 98 98 102 117 98 102 105 105 98 105 76 105 102 47 80 117 98 51 117 117 102 117 122 105 122 122 60 117 122 95 
  Facilities: 17
 5 : 1 4 5 7 13 21 37 69
 10 : 2 8 10 11 14 26 42 74
 22 : 6 18 20 22 23 30 54 86
 25 : 9 17 24 25 27 29 57 89
 32 : 0 32 33 36 40 48
 47 : 15 39 43 45 46 47 63 111
 51 : 19 35 49 50 51 55 59 115
 60 : 28 44 52 56 60 61 62 124
 67 : 3 65 67 71 75 83
 76 : 12 68 72 76 77 78 92 108
 80 : 16 64 80 81 82 84 88 112
 95 : 31 79 87 91 93 94 95 127
 98 : 34 66 96 98 99 102 106 114
 102 : 38 70 100 103 110 118
 105 : 41 73 97 104 105 107 109 121
 117 : 53 85 101 113 116 117 119 125
 122 : 58 90 120 122 123 126
SOLUTION:
  Value: -51220.000000
  Assigns: 4 33 10 19 4 4 4 71 10 73 10 10 4 29 10 47 80 19 19 19 4 29 54 19 56 29 10 19 29 29 94 63 33 33 98 33 4 33 54 47 56 33 10 47 108 47 47 63 56 33 54 19 54 117 54 63 56 56 56 63 56 63 63 47 80 73 98 71 4 71 71 71 73 73 10 73 108 73 94 71 80 80 80 19 80 117 94 71 80 73 94 123 94 29 94 94 98 33 98 98 108 117 98 71 108 73 98 123 108 108 108 47 80 117 98 123 117 117 54 117 56 123 123 123 108 117 94 63 
  Facilities: 17
 4 : 0 4 5 6 12 20 36 68
 10 : 2 8 10 11 14 26 42 74
 19 : 3 17 18 19 23 27 51 83
 29 : 13 21 25 28 29 93
 33 : 1 32 33 35 37 41 49 97
 47 : 15 39 43 45 46 63 111
 54 : 22 38 50 52 54 118
 56 : 24 40 48 56 57 58 60 120
 63 : 31 47 55 59 61 62 127
 71 : 7 67 69 70 71 79 87 103
 73 : 9 65 72 73 75 77 89 105
 80 : 16 64 80 81 82 84 88 112
 94 : 30 78 86 90 92 94 95 126
 98 : 34 66 96 98 99 102 106 114
 108 : 44 76 100 104 108 109 110 124
 117 : 53 85 101 113 116 117 119 125
 123 : 91 107 115 121 122 123
SOLUTION:
  Value: -51222.000000
  Assigns: 64 5 10 35 5 5 22 5 10 25 10 10 44 5 10 79 48 25 22 83 22 5 22 22 25 25 10 25 92 25 22 63 48 35 35 99 44 5 102 35 44 105 10 35 44 44 44 63 48 48 48 35 48 117 22 63 48 25 122 63 44 63 63 63 64 64 64 99 64 5 102 79 64 105 10 79 92 79 79 79 64 83 83 83 92 117 22 83 92 25 122 83 92 92 92 79 64 99 99 99 102 117 102 99 105 105 122 105 44 105 102 79 48 117 122 99 117 117 102 117 122 105 122 122 92 117 122 63 
  Facilities: 17
 5 : 1 4 5 7 13 21 37 69
 10 : 2 8 10 11 14 26 42 74
 22 : 6 18 20 22 23 30 54 86
 25 : 9 17 24 25 27 29 57 89
 35 : 3 33 34 39 43 51
 44 : 12 36 40 44 45 46 60 108
 48 : 16 32 48 49 50 52 56 112
 63 : 31 47 55 59 61 62 63 127
 64 : 0 64 65 66 68 72 80 96
 79 : 15 71 75 77 78 79 95 111
 83 : 19 81 82 83 87 91
 92 : 28 76 84 88 92 93 94 124
 99 : 35 67 97 98 99 103 115
 102 : 38 70 100 102 110 118
 105 : 41 73 104 105 107 109 121
 117 : 53 85 101 113 116 117 119 125
 122 : 58 90 106 114 120 122 123 126
SOLUTION:
  Value: -51222.000000
  Assigns: 64 5 10 35 5 5 22 5 10 25 10 10 44 5 10 79 48 25 22 83 22 5 22 22 25 25 10 25 92 25 22 63 48 35 98 35 44 5 102 35 44 105 10 35 44 44 44 63 48 48 48 35 48 117 22 63 48 25 122 63 44 63 63 63 64 64 98 83 64 5 102 79 64 105 10 79 92 79 79 79 64 83 83 83 92 117 22 83 92 25 122 83 92 92 92 79 98 105 98 98 102 117 98 102 105 105 98 105 44 105 102 79 48 117 98 83 117 117 102 117 122 105 122 122 92 117 122 63 
  Facilities: 17
 5 : 1 4 5 7 13 21 37 69
 10 : 2 8 10 11 14 26 42 74
 22 : 6 18 20 22 23 30 54 86
 25 : 9 17 24 25 27 29 57 89
 35 : 3 33 35 39 43 51
 44 : 12 36 40 44 45 46 60 108
 48 : 16 32 48 49 50 52 56 112
 63 : 31 47 55 59 61 62 63 127
 64 : 0 64 65 68 72 80
 79 : 15 71 75 77 78 79 95 111
 83 : 19 67 81 82 83 87 91 115
 92 : 28 76 84 88 92 93 94 124
 98 : 34 66 96 98 99 102 106 114
 102 : 38 70 100 103 110 118
 105 : 41 73 97 104 105 107 109 121
 117 : 53 85 101 113 116 117 119 125
 122 : 58 90 120 122 123 126
SOLUTION:
  Value: -54211.000000
  Assigns: 4 33 10 19 4 4 4 71 10 25 10 10 4 29 10 47 80 25 19 19 4 29 54 19 56 25 10 19 60 29 94 29 33 33 98 33 4 33 54 47 56 33 10 47 60 47 47 47 56 33 54 19 60 117 54 54 60 25 56 123 60 60 60 47 80 73 98 71 4 71 71 71 73 73 10 73 108 73 94 71 80 80 80 19 80 117 94 71 80 73 94 123 94 29 94 94 98 33 98 98 108 117 98 71 108 73 98 123 108 108 108 47 80 117 98 123 117 117 54 117 56 123 123 123 108 117 94 123 
  Facilities: 18
 4 : 0 4 5 6 12 20 36 68
 10 : 2 8 10 11 14 26 42 74
 19 : 3 18 19 23 27 51 83
 25 : 9 17 25 57
 29 : 13 21 29 31 93
 33 : 1 32 33 35 37 41 49 97
 47 : 15 39 43 45 46 47 63 111
 54 : 22 38 50 54 55 118
 56 : 24 40 48 58 120
 60 : 28 44 52 56 60 61 62
 71 : 7 67 69 70 71 79 87 103
 73 : 65 72 73 75 77 89 105
 80 : 16 64 80 81 82 84 88 112
 94 : 30 78 86 90 92 94 95 126
 98 : 34 66 96 98 99 102 106 114
 108 : 76 100 104 108 109 110 124
 117 : 53 85 101 113 116 117 119 125
 123 : 59 91 107 115 121 122 123 127
SOLUTION:
  Value: -54216.000000
  Assigns: 1 1 10 1 68 1 22 39 10 25 10 10 44 29 10 79 48 25 22 83 22 29 22 22 25 25 10 59 29 29 22 63 48 1 98 39 44 39 39 39 44 105 10 59 44 44 44 63 48 48 48 59 48 117 22 63 48 25 59 59 44 63 63 59 68 1 98 83 68 68 68 79 88 105 10 79 68 79 79 79 88 83 83 83 68 117 22 83 88 88 88 83 88 29 126 79 98 105 98 98 68 117 98 39 105 105 98 105 44 105 126 79 48 117 98 83 117 117 126 117 88 105 126 59 126 117 126 63 
  Facilities: 18
 1 : 0 1 3 5 33 65
 10 : 2 8 10 11 14 26 42 74
 22 : 6 18 20 22 23 30 54 86
 25 : 9 17 24 25 57
 29 : 13 21 28 29 93
 39 : 7 35 37 38 39 103
 44 : 12 36 40 44 45 46 60 108
 48 : 16 32 48 49 50 52 56 112
 59 : 27 43 51 58 59 63 123
 63 : 31 47 55 61 62 127
 68 : 4 64 68 69 70 76 84 100
 79 : 15 71 75 77 78 79 95 111
 83 : 19 67 81 82 83 87 91 115
 88 : 72 80 88 89 90 92 120
 98 : 34 66 96 98 99 102 106 114
 105 : 41 73 97 104 105 107 109 121
 117 : 53 85 101 113 116 117 119 125
 126 : 94 110 118 122 124 126
SOLUTION:
  Value: -54218.000000
  Assigns: 4 33 10 67 4 4 4 71 10 25 10 10 4 77 10 47 80 25 50 23 4 23 23 23 25 25 10 25 60 25 94 23 33 33 98 33 4 33 102 47 104 33 10 47 60 47 47 47 50 33 50 50 60 117 50 23 60 25 50 123 60 60 60 47 80 67 98 71 4 71 102 71 104 77 10 67 77 77 94 71 80 80 80 67 80 117 94 71 80 25 94 123 94 77 94 94 98 33 98 98 102 117 98 71 104 104 98 123 104 77 102 47 80 117 98 123 117 117 102 117 104 123 123 123 60 117 94 123 
  Facilities: 18
 4 : 0 4 5 6 12 20 36 68
 10 : 2 8 10 11 14 26 42 74
 23 : 19 21 22 23 31 55
 25 : 9 17 24 25 27 29 57 89
 33 : 1 32 33 35 37 41 49 97
 47 : 15 39 43 45 46 47 63 111
 50 : 18 48 50 51 54 58
 60 : 28 44 52 56 60 61 62 124
 67 : 3 65 75 83
 71 : 7 67 69 71 79 87 103
 77 : 13 73 76 77 93 109
 80 : 16 64 80 81 82 84 88 112
 94 : 30 78 86 90 92 94 95 126
 98 : 34 66 96 98 99 102 106 114
 102 : 38 70 100 110 118
 104 : 40 72 104 105 108 120
 117 : 53 85 101 113 116 117 119 125
 123 : 59 91 107 115 121 122 123 127
SOLUTION:
  Value: -54219.000000
  Assigns: 64 5 18 11 5 69 38 5 40 11 11 11 28 5 78 11 18 49 18 18 28 5 18 87 28 89 18 11 28 28 28 63 40 49 38 99 38 5 38 38 40 40 40 11 40 109 38 63 49 49 18 49 116 49 38 63 40 49 122 63 28 63 63 63 64 64 82 99 69 69 78 69 64 89 78 11 78 109 78 78 64 89 82 82 116 69 87 87 89 89 82 89 28 89 78 87 64 99 99 99 116 109 38 99 40 109 122 99 109 109 78 109 116 49 82 99 116 116 116 87 122 89 122 122 116 109 122 63 
  Facilities: 18
 5 : 1 4 7 13 21 37
 11 : 3 9 10 11 15 27 43 75
 18 : 2 16 18 19 22 26 50
 28 : 12 20 24 28 29 30 60 92
 38 : 6 34 36 38 39 46 54 102
 40 : 8 32 40 41 42 44 56 104
 49 : 17 33 48 49 51 53 57 113
 63 : 31 47 55 59 61 62 63 127
 64 : 0 64 65 72 80 96
 69 : 5 68 69 71 85
 78 : 14 70 74 76 78 79 94 110
 82 : 66 82 83 90 114
 87 : 23 86 87 95 119
 89 : 25 73 81 88 89 91 93 121
 99 : 35 67 97 98 99 103 107 115
 109 : 45 77 101 105 108 109 111 125
 116 : 52 84 100 112 116 117 118 124
 122 : 58 106 120 122 123 126
SOLUTION:
  Value: -54227.000000
  Assigns: 64 5 10 19 5 5 38 5 10 25 10 10 28 5 10 79 48 25 19 19 28 5 86 19 25 25 10 19 28 25 28 63 48 41 38 99 38 5 38 38 41 41 10 41 108 41 38 63 48 48 48 19 48 117 38 63 48 25 122 63 28 63 63 63 64 64 64 99 64 5 86 79 64 89 10 79 108 79 79 79 64 89 86 19 92 117 86 86 89 89 122 89 92 89 92 79 64 99 99 99 108 117 38 99 108 41 122 99 108 108 108 79 48 117 122 99 117 117 86 117 122 89 122 122 108 117 122 63 
  Facilities: 18
 5 : 1 4 5 7 13 21 37 69
 10 : 2 8 10 11 14 26 42 74
 19 : 3 18 19 23 27 51 83
 25 : 9 17 24 25 29 57
 28 : 12 20 28 30 60
 38 : 6 34 36 38 39 46 54 102
 41 : 33 40 41 43 45 105
 48 : 16 32 48 49 50 52 56 112
 63 : 31 47 55 59 61 62 63 127
 64 : 0 64 65 66 68 72 80 96
 79 : 15 71 75 77 78 79 95 111
 86 : 22 70 82 86 87 118
 89 : 73 81 88 89 91 93 121
 92 : 84 92 94
 99 : 35 67 97 98 99 103 107 115
 108 : 44 76 100 104 108 109 110 124
 117 : 53 85 101 113 116 117 119 125
 122 : 58 90 106 114 120 122 123 126
