# Time: 282.849976
# Elapsed: 124.343552
# Input_file: splp/ORLIB/ORLIB-cap/120/cap122.txt
# Pool_size: 400
# Iterations: 38
# Final_solutions: 14196
# Vision_range: 600
# Reduction_mode: REDUCTION_DISPERSE
# Dissimilitude: DISSIM_HAUSDORFF
# Facility_dist: FDISMODE_MINDIST
SOLUTION:
  Value: -852762.875000
  Assigns: 24 24 5 36 24 5 33 12 24 24 10 22 12 5 14 24 10 22 10 14 10 14 22 5 24 22 26 22 22 5 5 22 5 33 24 24 36 12 45 36 22 10 24 14 44 45 45 14 36 24 
  Facilities: 11
 5 : 2 5 13 23 29 30 32
 10 : 10 16 18 20 41
 12 : 7 12 37
 14 : 14 19 21 43 47
 22 : 11 17 22 25 27 28 31 40
 24 : 0 1 4 8 9 15 24 34 35 42 49
 26 : 26
 33 : 6 33
 36 : 3 36 39 48
 44 : 44
 45 : 38 45 46
SOLUTION:
  Value: -853419.137500
  Assigns: 24 24 5 36 24 5 33 12 46 24 10 22 12 5 14 24 10 22 10 14 10 14 22 5 24 22 26 22 22 5 5 22 5 33 24 24 36 12 46 36 22 10 24 14 44 46 46 14 36 24 
  Facilities: 11
 5 : 2 5 13 23 29 30 32
 10 : 10 16 18 20 41
 12 : 7 12 37
 14 : 14 19 21 43 47
 22 : 11 17 22 25 27 28 31 40
 24 : 0 1 4 9 15 24 34 35 42 49
 26 : 26
 33 : 6 33
 36 : 3 36 39 48
 44 : 44
 46 : 8 38 45 46
SOLUTION:
  Value: -853782.812500
  Assigns: 24 24 5 36 24 5 33 12 24 24 10 22 12 5 24 24 10 22 10 24 10 5 22 5 24 22 26 22 22 5 5 22 5 33 24 24 36 12 45 36 22 10 24 24 44 45 45 24 36 24 
  Facilities: 10
 5 : 2 5 13 21 23 29 30 32
 10 : 10 16 18 20 41
 12 : 7 12 37
 22 : 11 17 22 25 27 28 31 40
 24 : 0 1 4 8 9 14 15 19 24 34 35 42 43 47 49
 26 : 26
 33 : 6 33
 36 : 3 36 39 48
 44 : 44
 45 : 38 45 46
SOLUTION:
  Value: -854439.075000
  Assigns: 24 24 5 36 24 5 33 12 46 24 10 22 12 5 24 24 10 22 10 24 10 5 22 5 24 22 26 22 22 5 5 22 5 33 24 24 36 12 46 36 22 10 24 24 44 46 46 24 36 24 
  Facilities: 10
 5 : 2 5 13 21 23 29 30 32
 10 : 10 16 18 20 41
 12 : 7 12 37
 22 : 11 17 22 25 27 28 31 40
 24 : 0 1 4 9 14 15 19 24 34 35 42 43 47 49
 26 : 26
 33 : 6 33
 36 : 3 36 39 48
 44 : 44
 46 : 8 38 45 46
SOLUTION:
  Value: -855328.675000
  Assigns: 24 24 5 36 24 5 33 12 24 24 10 22 12 5 14 24 10 22 10 14 10 14 22 5 24 22 26 22 22 5 5 22 5 33 24 24 36 12 38 36 22 10 24 14 44 38 38 14 36 24 
  Facilities: 11
 5 : 2 5 13 23 29 30 32
 10 : 10 16 18 20 41
 12 : 7 12 37
 14 : 14 19 21 43 47
 22 : 11 17 22 25 27 28 31 40
 24 : 0 1 4 8 9 15 24 34 35 42 49
 26 : 26
 33 : 6 33
 36 : 3 36 39 48
 38 : 38 45 46
 44 : 44
SOLUTION:
  Value: -855797.862500
  Assigns: 24 24 5 36 24 5 33 22 24 24 10 22 22 5 24 24 10 22 10 24 10 5 22 5 24 22 26 22 22 5 5 22 5 33 24 24 36 22 45 36 22 10 24 24 44 45 45 24 36 24 
  Facilities: 9
 5 : 2 5 13 21 23 29 30 32
 10 : 10 16 18 20 41
 22 : 7 11 12 17 22 25 27 28 31 37 40
 24 : 0 1 4 8 9 14 15 19 24 34 35 42 43 47 49
 26 : 26
 33 : 6 33
 36 : 3 36 39 48
 44 : 44
 45 : 38 45 46
SOLUTION:
  Value: -856348.612500
  Assigns: 24 24 5 36 24 5 33 12 24 24 10 22 12 5 24 24 10 22 10 24 10 5 22 5 24 22 26 22 22 5 5 22 5 33 24 24 36 12 38 36 22 10 24 24 44 38 38 24 36 24 
  Facilities: 10
 5 : 2 5 13 21 23 29 30 32
 10 : 10 16 18 20 41
 12 : 7 12 37
 22 : 11 17 22 25 27 28 31 40
 24 : 0 1 4 8 9 14 15 19 24 34 35 42 43 47 49
 26 : 26
 33 : 6 33
 36 : 3 36 39 48
 38 : 38 45 46
 44 : 44
SOLUTION:
  Value: -856454.125000
  Assigns: 24 24 5 36 24 5 33 22 46 24 10 22 22 5 24 24 10 22 10 24 10 5 22 5 24 22 26 22 22 5 5 22 5 33 24 24 36 22 46 36 22 10 24 24 44 46 46 24 36 24 
  Facilities: 9
 5 : 2 5 13 21 23 29 30 32
 10 : 10 16 18 20 41
 22 : 7 11 12 17 22 25 27 28 31 37 40
 24 : 0 1 4 9 14 15 19 24 34 35 42 43 47 49
 26 : 26
 33 : 6 33
 36 : 3 36 39 48
 44 : 44
 46 : 8 38 45 46
SOLUTION:
  Value: -858363.662500
  Assigns: 24 24 5 36 24 5 33 22 24 24 10 22 22 5 24 24 10 22 10 24 10 5 22 5 24 22 26 22 22 5 5 22 5 33 24 24 36 22 38 36 22 10 24 24 44 38 38 24 36 24 
  Facilities: 9
 5 : 2 5 13 21 23 29 30 32
 10 : 10 16 18 20 41
 22 : 7 11 12 17 22 25 27 28 31 37 40
 24 : 0 1 4 8 9 14 15 19 24 34 35 42 43 47 49
 26 : 26
 33 : 6 33
 36 : 3 36 39 48
 38 : 38 45 46
 44 : 44
SOLUTION:
  Value: -859344.262500
  Assigns: 24 24 5 36 24 5 33 22 24 24 22 22 22 5 24 24 24 22 22 24 22 5 22 5 24 22 26 22 22 5 5 22 5 33 24 24 36 22 45 36 22 22 24 24 44 45 45 24 36 24 
  Facilities: 8
 5 : 2 5 13 21 23 29 30 32
 22 : 7 10 11 12 17 18 20 22 25 27 28 31 37 40 41
 24 : 0 1 4 8 9 14 15 16 19 24 34 35 42 43 47 49
 26 : 26
 33 : 6 33
 36 : 3 36 39 48
 44 : 44
 45 : 38 45 46
