# Time: 4776.000000
# Elapsed: 378.261353
# Input_file: splp/KoerkelGhosh-sym/750/a/gs750a-3
# Pool_size: 1000
# Iterations: 64
# Final_solutions: 6431
# Vision_range: 0
# Reduction_mode: REDUCTION_BESTS
SOLUTION:
  Value: -763804.000000
  Assigns: 499 709 366 244 21 521 21 65 611 582 356 290 170 373 499 296 745 356 21 356 457 408 244 486 316 703 676 191 316 263 280 356 509 714 192 560 187 608 170 521 229 688 170 191 263 205 510 285 285 453 157 743 714 561 192 457 187 704 21 499 457 561 483 205 366 483 205 560 21 249 462 611 714 359 688 408 268 285 676 560 743 157 499 714 704 486 457 353 353 249 285 676 290 316 28 191 359 28 293 65 366 701 293 286 521 134 157 561 462 611 285 65 457 65 714 293 704 703 408 170 509 373 373 388 65 701 453 608 486 316 709 134 359 296 499 453 192 499 611 280 116 205 704 268 745 366 229 353 192 187 63 703 290 464 296 205 464 676 373 134 65 631 28 631 464 170 509 353 296 229 509 195 499 688 205 249 499 704 676 709 611 28 714 5 263 157 268 356 561 611 676 462 244 714 703 676 560 28 116 462 611 28 28 192 745 63 704 388 316 316 285 65 373 263 280 709 195 192 249 486 260 21 286 561 63 249 205 408 676 453 316 510 457 560 359 499 701 631 701 676 561 462 28 249 192 608 743 249 483 709 688 293 134 195 464 260 356 316 353 134 709 157 290 170 286 464 170 704 244 170 453 561 499 608 561 486 701 509 457 286 195 263 464 483 244 462 703 608 263 688 462 285 582 229 703 170 745 510 287 408 486 286 714 608 709 509 457 701 631 285 187 191 462 191 5 316 28 280 170 560 195 244 260 366 170 366 457 611 287 5 286 462 5 170 464 676 373 205 388 244 453 356 366 631 457 260 703 249 509 359 353 366 703 676 483 464 28 249 287 373 195 63 704 464 521 745 486 268 483 521 205 316 453 510 408 191 608 290 408 408 359 296 453 408 249 688 280 260 229 509 63 5 28 280 287 701 743 464 631 65 462 65 483 187 688 561 244 195 703 560 457 263 521 388 631 187 560 229 260 608 561 676 170 280 21 65 65 286 293 191 356 170 510 483 187 263 286 373 611 366 388 229 631 195 286 453 116 353 709 280 192 296 709 229 134 195 287 268 356 408 21 244 290 373 316 286 293 373 388 21 260 191 5 260 5 287 560 582 65 134 286 263 65 65 244 510 366 21 462 205 561 356 453 701 359 631 510 187 356 134 290 157 359 249 521 521 703 704 290 170 373 290 353 195 28 521 287 263 561 296 373 5 486 521 63 561 293 65 290 5 582 244 191 704 268 582 65 353 453 157 280 521 486 28 453 353 366 157 560 116 359 286 116 192 63 521 464 353 510 157 457 714 703 116 356 510 688 21 453 63 63 510 296 745 631 290 187 244 290 388 260 65 285 191 688 745 260 745 187 134 263 709 28 296 703 157 509 268 170 21 316 745 631 457 709 293 486 356 287 366 462 486 157 296 290 388 486 509 408 116 608 293 743 280 582 366 260 296 486 388 483 510 268 486 560 676 191 743 510 65 116 462 582 280 293 582 359 65 611 116 157 356 316 268 408 483 293 688 704 704 260 486 170 116 21 285 688 356 388 229 714 561 561 249 359 285 353 268 229 65 287 170 611 21 462 63 353 268 285 65 408 356 745 260 192 249 510 5 187 280 170 457 170 408 116 582 116 296 743 260 187 714 688 205 561 268 611 287 608 63 453 116 244 157 373 608 462 714 359 263 631 701 714 192 191 268 187 714 229 631 486 457 453 290 356 296 631 192 709 63 
  Facilities: 60
 5 : 183 314 329 332 391 472 474 521 529 697
 21 : 4 6 18 58 68 221 424 460 469 487 567 599 664 683
 28 : 94 97 162 181 197 201 202 242 316 356 392 514 543 592
 63 : 150 205 224 361 390 524 554 569 570 685 719 749
 65 : 7 99 111 113 124 160 211 399 401 425 426 478 482 483 527 536 581 639 647 679 689
 116 : 140 198 446 549 552 563 619 640 649 663 704 706 721
 134 : 105 131 159 252 259 454 479 499 589
 157 : 50 81 106 185 261 501 539 547 559 595 612 650 723
 170 : 12 38 42 119 165 263 266 269 295 318 324 333 422 431 509 598 662 681 700 702
 187 : 36 56 149 310 403 415 434 497 576 588 698 710 736
 191 : 27 43 95 311 313 375 429 471 532 583 636 734
 192 : 34 54 136 148 203 217 244 450 553 694 733 747
 195 : 171 216 253 280 320 360 407 443 455 513
 205 : 45 63 66 141 155 174 226 337 370 489 713
 229 : 40 146 169 293 388 417 441 453 669 678 738
 244 : 3 22 192 268 284 321 339 406 461 484 531 577 722
 249 : 69 89 175 218 225 243 247 347 357 384 503 673 695
 260 : 220 255 322 345 387 418 470 473 580 586 626 660 693 709
 263 : 29 44 184 213 281 288 411 435 481 517 590 729
 268 : 76 143 186 367 457 534 597 632 653 677 687 715 735
 280 : 30 139 214 317 386 393 423 449 540 623 643 699
 285 : 47 48 77 90 110 210 291 309 582 665 675 688
 286 : 103 222 264 279 301 330 427 436 444 465 480 551
 287 : 298 328 358 394 456 475 516 608 680 717
 290 : 11 92 152 262 377 462 500 508 511 528 575 578 614 743
 293 : 98 102 115 251 428 466 526 605 621 644 656
 296 : 15 133 154 168 381 451 519 572 593 613 627 707 745
 316 : 24 28 93 129 208 209 230 257 315 371 464 600 652
 353 : 87 88 147 167 258 350 447 512 537 545 557 676 686
 356 : 10 17 19 31 187 256 341 430 458 491 498 564 607 651 667 691 744
 359 : 73 96 132 234 349 380 494 502 550 646 674 728
 366 : 2 64 100 145 323 325 342 351 439 486 546 609 625
 373 : 13 121 122 158 212 336 359 437 463 467 510 520 724
 388 : 123 207 338 413 440 468 579 615 629 668
 408 : 21 75 118 227 299 374 378 379 383 459 618 654 690 703
 453 : 49 126 135 229 270 340 372 382 445 492 538 544 568 720 742
 457 : 20 55 60 86 112 232 278 306 326 344 410 560 603 701 741
 462 : 70 108 191 199 241 285 290 312 331 400 488 610 641 684 726
 464 : 153 156 164 254 265 282 334 355 363 397 556
 483 : 62 65 248 283 354 368 402 433 630 655
 486 : 23 85 128 219 275 300 366 522 542 606 611 616 628 633 661 740
 499 : 0 14 59 82 134 137 172 176 235 272
 509 : 32 120 166 170 277 305 348 389 596 617
 510 : 46 231 297 373 432 485 496 558 565 571 631 638 696
 521 : 5 39 104 364 369 412 504 505 515 523 541 555
 560 : 35 67 79 196 233 319 409 416 476 548 634
 561 : 53 61 107 188 223 240 271 274 405 420 490 518 525 671 672 714
 582 : 9 292 477 530 535 624 642 645 705
 608 : 37 127 245 273 287 303 376 419 620 718 725
 611 : 8 71 109 138 180 189 200 327 438 648 682 716
 631 : 161 163 237 308 343 398 414 442 495 574 602 730 739 746
 676 : 26 78 91 157 178 190 195 228 239 335 353 421 635
 688 : 41 74 173 250 289 385 404 566 584 657 666 712
 701 : 101 125 236 238 276 307 395 493 731
 703 : 25 117 151 194 286 294 346 352 408 506 562 594
 704 : 57 84 116 142 177 206 267 362 507 533 658 659
 709 : 1 130 179 215 249 260 304 448 452 591 604 748
 714 : 33 52 72 83 114 182 193 302 561 670 711 727 732 737
 743 : 51 80 246 396 622 637 708
 745 : 16 144 204 296 365 573 585 587 601 692
SOLUTION:
  Value: -763806.000000
  Assigns: 499 709 366 244 21 521 21 65 611 582 356 290 170 373 499 296 745 356 21 356 457 408 244 486 316 703 676 191 316 263 280 356 509 714 192 560 170 608 170 521 229 688 170 191 263 205 510 285 285 453 157 743 714 561 192 457 134 704 21 499 457 561 483 205 366 483 205 560 21 249 462 611 714 359 688 408 268 285 676 560 743 157 499 714 704 486 457 353 353 249 285 676 290 316 28 191 359 28 293 65 366 701 293 286 521 134 157 561 462 611 285 65 457 65 714 293 704 703 408 170 509 373 373 388 65 701 453 608 486 316 709 134 359 296 499 453 192 499 611 280 116 205 704 268 745 366 229 353 192 457 63 703 290 464 296 205 464 676 373 134 65 631 28 631 464 170 509 353 296 229 509 195 499 688 205 249 499 704 676 709 611 28 714 5 263 157 268 356 561 611 676 462 244 714 703 676 560 28 116 462 611 28 28 192 745 63 704 388 316 316 285 65 373 263 280 709 195 192 249 486 260 21 286 561 63 249 205 408 676 453 316 510 457 560 359 499 701 631 701 676 561 462 28 249 192 608 743 249 483 709 688 293 134 195 464 260 356 316 353 134 709 157 290 170 286 464 170 704 244 170 453 561 499 608 561 486 701 509 457 286 195 263 464 483 244 462 703 608 263 688 462 285 582 229 703 170 745 510 287 408 486 286 714 608 709 509 457 701 631 285 28 191 462 191 5 316 28 280 170 560 195 244 260 366 170 366 457 611 287 5 286 462 5 170 464 676 373 205 388 244 453 356 366 631 457 260 703 249 509 359 353 366 703 676 483 464 28 249 287 373 195 63 704 464 521 745 486 268 483 521 205 316 453 510 408 191 608 290 408 408 359 296 453 408 249 688 280 260 229 509 63 5 28 280 287 701 743 464 631 65 462 65 483 249 688 561 244 195 703 560 457 263 521 388 631 157 560 229 260 608 561 676 170 280 21 65 65 286 293 191 356 170 510 483 63 263 286 373 611 366 388 229 631 195 286 453 116 353 709 280 192 296 709 229 134 195 287 268 356 408 21 244 290 373 316 286 293 373 388 21 260 191 5 260 5 287 560 582 65 134 286 263 65 65 244 510 366 21 462 205 561 356 453 701 359 631 510 316 356 134 290 157 359 249 521 521 703 704 290 170 373 290 353 195 28 521 287 263 561 296 373 5 486 521 63 561 293 65 290 5 582 244 191 704 268 582 65 353 453 157 280 521 486 28 453 353 366 157 560 116 359 286 116 192 63 521 464 353 510 157 457 714 703 116 356 510 688 21 453 63 63 510 296 745 631 290 709 244 290 388 260 65 285 191 688 745 260 745 249 134 263 709 28 296 703 157 509 268 170 21 316 745 631 457 709 293 486 356 287 366 462 486 157 296 290 388 486 509 408 116 608 293 743 280 582 366 260 296 486 388 483 510 268 486 560 676 191 743 510 65 116 462 582 280 293 582 359 65 611 116 157 356 316 268 408 483 293 688 704 704 260 486 170 116 21 285 688 356 388 229 714 561 561 249 359 285 353 268 229 65 287 170 611 21 462 63 353 268 285 65 408 356 745 260 192 249 510 5 205 280 170 457 170 408 116 582 116 296 743 260 244 714 688 205 561 268 611 287 608 63 453 116 244 157 373 608 462 714 359 263 631 701 714 192 191 268 134 714 229 631 486 457 453 290 356 296 631 192 709 63 
  Facilities: 59
 5 : 183 314 329 332 391 472 474 521 529 697
 21 : 4 6 18 58 68 221 424 460 469 487 567 599 664 683
 28 : 94 97 162 181 197 201 202 242 310 316 356 392 514 543 592
 63 : 150 205 224 361 390 434 524 554 569 570 685 719 749
 65 : 7 99 111 113 124 160 211 399 401 425 426 478 482 483 527 536 581 639 647 679 689
 116 : 140 198 446 549 552 563 619 640 649 663 704 706 721
 134 : 56 105 131 159 252 259 454 479 499 589 736
 157 : 50 81 106 185 261 415 501 539 547 559 595 612 650 723
 170 : 12 36 38 42 119 165 263 266 269 295 318 324 333 422 431 509 598 662 681 700 702
 191 : 27 43 95 311 313 375 429 471 532 583 636 734
 192 : 34 54 136 148 203 217 244 450 553 694 733 747
 195 : 171 216 253 280 320 360 407 443 455 513
 205 : 45 63 66 141 155 174 226 337 370 489 698 713
 229 : 40 146 169 293 388 417 441 453 669 678 738
 244 : 3 22 192 268 284 321 339 406 461 484 531 577 710 722
 249 : 69 89 175 218 225 243 247 347 357 384 403 503 588 673 695
 260 : 220 255 322 345 387 418 470 473 580 586 626 660 693 709
 263 : 29 44 184 213 281 288 411 435 481 517 590 729
 268 : 76 143 186 367 457 534 597 632 653 677 687 715 735
 280 : 30 139 214 317 386 393 423 449 540 623 643 699
 285 : 47 48 77 90 110 210 291 309 582 665 675 688
 286 : 103 222 264 279 301 330 427 436 444 465 480 551
 287 : 298 328 358 394 456 475 516 608 680 717
 290 : 11 92 152 262 377 462 500 508 511 528 575 578 614 743
 293 : 98 102 115 251 428 466 526 605 621 644 656
 296 : 15 133 154 168 381 451 519 572 593 613 627 707 745
 316 : 24 28 93 129 208 209 230 257 315 371 464 497 600 652
 353 : 87 88 147 167 258 350 447 512 537 545 557 676 686
 356 : 10 17 19 31 187 256 341 430 458 491 498 564 607 651 667 691 744
 359 : 73 96 132 234 349 380 494 502 550 646 674 728
 366 : 2 64 100 145 323 325 342 351 439 486 546 609 625
 373 : 13 121 122 158 212 336 359 437 463 467 510 520 724
 388 : 123 207 338 413 440 468 579 615 629 668
 408 : 21 75 118 227 299 374 378 379 383 459 618 654 690 703
 453 : 49 126 135 229 270 340 372 382 445 492 538 544 568 720 742
 457 : 20 55 60 86 112 149 232 278 306 326 344 410 560 603 701 741
 462 : 70 108 191 199 241 285 290 312 331 400 488 610 641 684 726
 464 : 153 156 164 254 265 282 334 355 363 397 556
 483 : 62 65 248 283 354 368 402 433 630 655
 486 : 23 85 128 219 275 300 366 522 542 606 611 616 628 633 661 740
 499 : 0 14 59 82 134 137 172 176 235 272
 509 : 32 120 166 170 277 305 348 389 596 617
 510 : 46 231 297 373 432 485 496 558 565 571 631 638 696
 521 : 5 39 104 364 369 412 504 505 515 523 541 555
 560 : 35 67 79 196 233 319 409 416 476 548 634
 561 : 53 61 107 188 223 240 271 274 405 420 490 518 525 671 672 714
 582 : 9 292 477 530 535 624 642 645 705
 608 : 37 127 245 273 287 303 376 419 620 718 725
 611 : 8 71 109 138 180 189 200 327 438 648 682 716
 631 : 161 163 237 308 343 398 414 442 495 574 602 730 739 746
 676 : 26 78 91 157 178 190 195 228 239 335 353 421 635
 688 : 41 74 173 250 289 385 404 566 584 657 666 712
 701 : 101 125 236 238 276 307 395 493 731
 703 : 25 117 151 194 286 294 346 352 408 506 562 594
 704 : 57 84 116 142 177 206 267 362 507 533 658 659
 709 : 1 130 179 215 249 260 304 448 452 576 591 604 748
 714 : 33 52 72 83 114 182 193 302 561 670 711 727 732 737
 743 : 51 80 246 396 622 637 708
 745 : 16 144 204 296 365 573 585 587 601 692
SOLUTION:
  Value: -763806.000000
  Assigns: 499 709 366 244 21 521 21 65 611 582 356 290 170 373 499 296 743 356 21 356 457 408 244 486 316 703 285 191 316 263 280 356 509 714 606 560 170 608 170 521 229 688 170 191 263 205 510 285 285 453 157 743 714 561 192 457 134 704 21 499 457 561 483 205 366 483 205 560 21 249 462 611 714 359 688 408 268 285 462 560 743 157 499 714 704 486 457 353 353 606 285 606 290 316 28 191 359 28 293 65 366 701 293 286 330 134 157 561 462 611 285 65 457 65 714 330 704 703 408 170 509 373 373 388 65 701 453 608 486 316 709 134 359 296 499 453 192 499 611 280 116 205 704 268 116 366 229 353 192 457 63 703 290 464 296 205 464 703 373 134 65 631 28 631 464 170 509 353 606 229 509 195 499 688 205 249 499 704 170 709 611 28 714 63 263 157 268 356 561 611 611 462 244 714 703 280 560 28 116 462 611 28 28 192 743 63 704 388 316 316 285 65 373 263 280 709 195 192 249 486 260 21 286 561 63 249 205 408 296 453 316 510 457 560 359 499 701 631 701 330 561 462 28 249 192 608 743 249 483 709 688 293 134 195 464 260 356 316 353 134 709 157 290 170 286 464 170 704 244 170 453 561 499 608 561 486 701 509 457 286 195 263 464 483 244 462 330 608 263 688 462 285 582 229 703 170 330 510 287 408 486 286 606 608 709 509 457 701 631 285 28 191 462 191 356 316 28 280 170 560 195 244 260 366 170 366 457 611 287 134 286 462 356 170 464 606 373 205 388 244 453 356 366 631 457 260 703 249 509 359 353 366 703 63 483 330 28 249 287 373 195 63 704 464 521 287 486 268 483 521 205 316 453 510 408 191 608 290 408 408 359 296 453 408 249 688 280 260 229 509 63 268 28 280 287 701 743 464 631 65 462 65 483 249 688 561 244 195 703 560 457 263 521 388 631 157 560 229 260 608 561 134 170 280 21 65 65 286 293 191 356 170 510 483 63 263 286 373 611 366 388 229 631 195 286 453 116 353 709 280 192 296 709 229 134 195 287 268 356 408 21 244 290 373 316 286 293 373 388 21 260 191 486 260 330 287 560 582 65 134 286 263 65 65 244 510 606 21 462 205 561 356 453 701 359 631 510 316 388 134 290 157 359 249 521 521 703 704 290 170 373 290 353 195 28 521 287 263 561 296 373 330 486 521 63 561 293 65 290 195 582 244 608 704 268 582 65 353 453 157 280 521 486 28 453 353 366 157 560 116 359 286 116 192 63 521 464 353 510 157 457 714 703 116 356 510 688 21 453 63 606 510 296 330 631 290 709 244 290 388 260 65 285 191 688 606 260 330 249 134 263 709 28 296 703 157 509 268 170 21 316 353 631 457 709 293 486 356 287 366 330 486 157 296 290 388 486 509 408 116 608 293 743 280 582 366 260 296 486 388 483 510 268 486 560 499 191 743 510 65 116 462 582 280 330 582 359 65 611 116 157 356 316 268 408 483 293 688 704 704 260 486 170 116 21 285 688 356 388 229 714 561 561 249 359 330 353 268 229 65 287 170 611 21 462 63 353 268 285 65 408 356 743 260 192 249 510 703 205 280 170 457 170 408 116 582 116 296 743 260 244 714 688 205 561 268 611 287 608 63 453 116 244 157 373 608 462 714 359 263 631 701 714 192 191 268 134 714 229 631 486 457 330 290 356 296 631 192 709 63 
  Facilities: 58
 21 : 4 6 18 58 68 221 424 460 469 487 567 599 664 683
 28 : 94 97 162 181 197 201 202 242 310 316 356 392 514 543 592
 63 : 150 183 205 224 353 361 390 434 524 554 569 685 719 749
 65 : 7 99 111 113 124 160 211 399 401 425 426 478 482 483 527 536 581 639 647 679 689
 116 : 140 144 198 446 549 552 563 619 640 649 663 704 706 721
 134 : 56 105 131 159 252 259 329 421 454 479 499 589 736
 157 : 50 81 106 185 261 415 501 539 547 559 595 612 650 723
 170 : 12 36 38 42 119 165 178 263 266 269 295 318 324 333 422 431 509 598 662 681 700 702
 191 : 27 43 95 311 313 375 429 471 583 636 734
 192 : 54 136 148 203 217 244 450 553 694 733 747
 195 : 171 216 253 280 320 360 407 443 455 513 529
 205 : 45 63 66 141 155 174 226 337 370 489 698 713
 229 : 40 146 169 293 388 417 441 453 669 678 738
 244 : 3 22 192 268 284 321 339 406 461 484 531 577 710 722
 249 : 69 175 218 225 243 247 347 357 384 403 503 588 673 695
 260 : 220 255 322 345 387 418 470 473 580 586 626 660 693 709
 263 : 29 44 184 213 281 288 411 435 481 517 590 729
 268 : 76 143 186 367 391 457 534 597 632 653 677 687 715 735
 280 : 30 139 195 214 317 386 393 423 449 540 623 643 699
 285 : 26 47 48 77 90 110 210 291 309 582 665 688
 286 : 103 222 264 279 301 330 427 436 444 465 480 551
 287 : 298 328 358 365 394 456 475 516 608 680 717
 290 : 11 92 152 262 377 462 500 508 511 528 575 578 614 743
 293 : 98 102 251 428 466 526 605 621 656
 296 : 15 133 154 228 381 451 519 572 593 613 627 707 745
 316 : 24 28 93 129 208 209 230 257 315 371 464 497 600 652
 330 : 104 115 239 286 296 355 474 521 573 587 610 644 675 742
 353 : 87 88 147 167 258 350 447 512 537 545 557 601 676 686
 356 : 10 17 19 31 187 256 314 332 341 430 458 491 564 607 651 667 691 744
 359 : 73 96 132 234 349 380 494 502 550 646 674 728
 366 : 2 64 100 145 323 325 342 351 439 546 609 625
 373 : 13 121 122 158 212 336 359 437 463 467 510 520 724
 388 : 123 207 338 413 440 468 498 579 615 629 668
 408 : 21 75 118 227 299 374 378 379 383 459 618 654 690 703
 453 : 49 126 135 229 270 340 372 382 445 492 538 544 568 720
 457 : 20 55 60 86 112 149 232 278 306 326 344 410 560 603 701 741
 462 : 70 78 108 191 199 241 285 290 312 331 400 488 641 684 726
 464 : 153 156 164 254 265 282 334 363 397 556
 483 : 62 65 248 283 354 368 402 433 630 655
 486 : 23 85 128 219 275 300 366 472 522 542 606 611 616 628 633 661 740
 499 : 0 14 59 82 134 137 172 176 235 272 635
 509 : 32 120 166 170 277 305 348 389 596 617
 510 : 46 231 297 373 432 485 496 558 565 571 631 638 696
 521 : 5 39 364 369 412 504 505 515 523 541 555
 560 : 35 67 79 196 233 319 409 416 476 548 634
 561 : 53 61 107 188 223 240 271 274 405 420 490 518 525 671 672 714
 582 : 9 292 477 530 535 624 642 645 705
 606 : 34 89 91 168 302 335 486 570 585
 608 : 37 127 245 273 287 303 376 419 532 620 718 725
 611 : 8 71 109 138 180 189 190 200 327 438 648 682 716
 631 : 161 163 237 308 343 398 414 442 495 574 602 730 739 746
 688 : 41 74 173 250 289 385 404 566 584 657 666 712
 701 : 101 125 236 238 276 307 395 493 731
 703 : 25 117 151 157 194 294 346 352 408 506 562 594 697
 704 : 57 84 116 142 177 206 267 362 507 533 658 659
 709 : 1 130 179 215 249 260 304 448 452 576 591 604 748
 714 : 33 52 72 83 114 182 193 561 670 711 727 732 737
 743 : 16 51 80 204 246 396 622 637 692 708
SOLUTION:
  Value: -763806.000000
  Assigns: 499 709 366 244 21 697 21 65 697 582 356 290 170 373 499 296 743 356 21 356 457 408 244 486 316 703 285 191 316 457 280 356 509 714 192 560 170 608 170 521 229 688 170 191 330 205 510 285 285 453 157 743 714 561 192 457 134 582 21 499 457 561 483 205 366 483 205 560 21 249 462 611 714 359 688 408 268 285 462 560 743 157 499 71 631 486 457 71 353 249 285 366 290 316 28 191 359 28 293 65 366 582 293 286 330 134 157 561 462 611 285 65 457 65 714 330 483 703 408 170 509 373 373 388 71 596 453 608 486 316 80 134 359 80 499 453 192 499 611 280 116 205 192 80 116 366 229 353 192 457 63 703 290 464 296 205 464 703 373 134 65 631 28 631 464 170 509 353 296 229 509 195 499 688 205 249 499 499 170 709 611 28 714 63 134 157 268 356 561 611 611 462 244 714 703 280 560 28 116 462 611 28 28 192 743 63 63 388 71 316 285 65 373 596 280 709 195 192 249 486 260 21 286 561 63 249 205 408 296 453 316 510 457 560 359 499 71 631 509 596 561 462 28 249 192 608 743 249 483 709 688 293 134 596 464 260 356 316 353 134 709 157 290 170 286 464 170 596 244 170 453 561 499 608 561 486 285 509 457 286 195 191 464 483 244 462 330 608 80 688 462 285 582 229 703 170 330 510 287 408 486 286 714 608 709 509 457 80 631 285 28 191 462 191 356 316 28 280 170 560 195 244 260 366 170 366 457 611 287 134 286 462 356 170 464 596 373 205 388 244 453 71 366 631 457 260 703 249 509 359 353 366 703 63 483 330 28 249 71 697 195 63 71 464 521 287 486 268 483 521 205 316 453 510 408 191 608 290 408 408 359 296 453 408 249 688 280 260 229 71 63 268 28 280 287 134 743 464 631 65 462 65 483 249 688 561 244 71 703 560 457 286 521 388 631 71 560 229 260 608 561 134 170 280 21 65 65 286 293 191 356 170 510 483 63 191 286 373 611 366 388 229 631 195 286 453 116 353 709 280 192 296 709 229 134 195 287 268 356 80 21 244 290 373 316 286 293 373 388 71 260 191 486 260 330 287 560 582 65 134 286 462 65 65 244 510 366 21 462 205 561 356 453 596 359 631 510 316 388 134 290 157 359 697 521 521 703 608 290 170 373 290 353 195 28 521 287 280 561 296 373 330 486 521 63 561 293 65 290 195 582 244 608 249 268 582 65 353 453 157 280 521 486 28 453 353 366 157 560 697 359 286 116 192 63 521 464 353 80 157 457 714 703 116 356 510 688 21 453 63 63 510 296 330 631 290 709 244 290 388 260 65 285 191 688 697 260 330 249 134 596 709 28 596 703 80 509 268 170 21 316 71 631 457 709 293 486 356 287 366 330 71 157 296 290 388 486 509 408 116 608 293 743 280 582 366 260 596 596 388 483 510 268 486 560 499 191 743 510 65 116 462 582 280 330 582 359 65 611 116 157 356 316 80 408 483 293 80 453 499 260 486 170 116 21 285 688 356 388 229 714 561 561 249 359 330 353 268 229 65 287 170 611 21 462 63 353 268 285 65 408 356 743 260 192 249 510 703 205 280 170 457 170 408 116 582 116 296 743 260 71 714 688 205 561 268 611 287 80 697 71 116 244 157 373 608 462 714 359 330 631 268 714 192 191 268 134 714 229 631 486 457 330 290 356 296 631 192 709 63 
  Facilities: 58
 21 : 4 6 18 58 68 221 424 460 487 567 599 664 683
 28 : 94 97 162 181 197 201 202 242 310 316 356 392 514 543 592
 63 : 150 183 205 206 224 353 361 390 434 524 554 569 570 685 749
 65 : 7 99 111 113 160 211 399 401 425 426 478 482 483 527 536 581 639 647 679 689
 71 : 83 87 124 208 236 341 358 362 389 407 415 469 601 611 710 720
 80 : 130 133 143 288 307 459 558 595 653 657 718
 116 : 140 144 198 446 552 563 619 640 649 663 704 706 721
 134 : 56 105 131 159 184 252 259 329 395 421 454 479 499 589 736
 157 : 50 81 106 185 261 501 539 547 559 612 650 723
 170 : 12 36 38 42 119 165 178 263 266 269 295 318 324 333 422 431 509 598 662 681 700 702
 191 : 27 43 95 281 311 313 375 429 435 471 583 636 734
 192 : 34 54 136 142 148 203 217 244 450 553 694 733 747
 195 : 171 216 280 320 360 443 455 513 529
 205 : 45 63 66 141 155 174 226 337 370 489 698 713
 229 : 40 146 169 293 388 417 441 453 669 678 738
 244 : 3 22 192 268 284 321 339 406 461 484 531 577 722
 249 : 69 89 175 218 225 243 247 347 357 384 403 533 588 673 695
 260 : 220 255 322 345 387 418 470 473 580 586 626 660 693 709
 268 : 76 186 367 391 457 534 597 632 677 687 715 731 735
 280 : 30 139 195 214 317 386 393 423 449 517 540 623 643 699
 285 : 26 47 48 77 90 110 210 276 291 309 582 665 688
 286 : 103 222 264 279 301 330 411 427 436 444 465 480 551
 287 : 298 328 365 394 456 475 516 608 680 717
 290 : 11 92 152 262 377 462 500 508 511 528 575 578 614 743
 293 : 98 102 251 428 466 526 605 621 656
 296 : 15 154 168 228 381 451 519 572 613 707 745
 316 : 24 28 93 129 209 230 257 315 371 464 497 600 652
 330 : 44 104 115 286 296 355 474 521 573 587 610 644 675 729 742
 353 : 88 147 167 258 350 447 512 537 545 557 676 686
 356 : 10 17 19 31 187 256 314 332 430 458 491 564 607 651 667 691 744
 359 : 73 96 132 234 349 380 494 502 550 646 674 728
 366 : 2 64 91 100 145 323 325 342 351 439 486 546 609 625
 373 : 13 121 122 158 212 336 437 463 467 510 520 724
 388 : 123 207 338 413 440 468 498 579 615 629 668
 408 : 21 75 118 227 299 374 378 379 383 618 654 690 703
 453 : 49 126 135 229 270 340 372 382 445 492 538 544 568 658
 457 : 20 29 55 60 86 112 149 232 278 306 326 344 410 560 603 701 741
 462 : 70 78 108 191 199 241 285 290 312 331 400 481 488 641 684 726
 464 : 153 156 164 254 265 282 334 363 397 556
 483 : 62 65 116 248 283 354 368 402 433 630 655
 486 : 23 85 128 219 275 300 366 472 522 542 606 616 633 661 740
 499 : 0 14 59 82 134 137 172 176 177 235 272 635 659
 509 : 32 120 166 170 238 277 305 348 596 617
 510 : 46 231 297 373 432 485 496 565 571 631 638 696
 521 : 39 364 369 412 504 505 515 523 541 555
 560 : 35 67 79 196 233 319 409 416 476 548 634
 561 : 53 61 107 188 223 240 271 274 405 420 490 518 525 671 672 714
 582 : 9 57 101 292 477 530 535 624 642 645 705
 596 : 125 213 239 253 267 335 493 590 593 627 628
 608 : 37 127 245 273 287 303 376 419 507 532 620 725
 611 : 71 109 138 180 189 190 200 327 438 648 682 716
 631 : 84 161 163 237 308 343 398 414 442 495 574 602 730 739 746
 688 : 41 74 173 250 289 385 404 566 584 666 712
 697 : 5 8 359 503 549 585 719
 703 : 25 117 151 157 194 294 346 352 408 506 562 594 697
 709 : 1 179 215 249 260 304 448 452 576 591 604 748
 714 : 33 52 72 114 182 193 302 561 670 711 727 732 737
 743 : 16 51 80 204 246 396 622 637 692 708
SOLUTION:
  Value: -763807.000000
  Assigns: 499 709 366 244 21 697 21 65 697 582 356 290 170 373 499 296 743 356 21 356 457 408 244 486 316 703 676 191 316 263 280 356 509 714 192 560 170 608 170 521 229 688 170 191 263 205 510 285 285 453 157 743 714 561 192 457 134 704 21 499 457 561 483 205 366 483 205 560 21 249 462 611 714 359 688 408 268 285 676 560 743 157 499 714 704 486 457 353 353 249 285 676 290 316 28 191 359 28 293 65 366 701 293 286 330 134 157 561 462 611 285 65 457 65 714 330 704 703 408 170 509 373 373 388 65 701 453 608 486 316 709 134 359 296 499 453 192 499 611 280 116 205 704 268 116 366 229 353 192 457 63 703 290 464 296 205 464 676 373 134 65 631 28 631 464 170 509 353 296 229 509 195 499 688 205 249 499 704 676 709 611 28 714 63 263 157 268 356 561 611 676 462 244 714 703 676 560 28 116 462 611 28 28 192 743 63 704 388 316 316 285 65 373 263 280 709 195 192 249 486 260 21 286 561 63 249 205 408 676 453 316 510 457 560 359 499 701 631 701 330 561 462 28 249 192 608 743 249 483 709 688 293 134 195 464 260 356 316 353 134 709 157 290 170 286 464 170 704 244 170 453 561 499 608 561 486 701 509 457 286 195 263 464 483 244 462 330 608 263 688 462 285 582 229 703 170 330 510 287 408 486 286 714 608 709 509 457 701 631 285 28 191 462 191 356 316 28 280 170 560 195 244 260 366 170 366 457 611 287 134 286 462 356 170 464 676 373 205 388 244 453 356 366 631 457 260 703 249 509 359 353 366 703 676 483 330 28 249 287 697 195 63 704 464 521 287 486 268 483 521 205 316 453 510 408 191 608 290 408 408 359 296 453 408 249 688 280 260 229 509 63 268 28 280 287 701 743 464 631 65 462 65 483 249 688 561 244 195 703 560 457 263 521 388 631 157 560 229 260 608 561 676 170 280 21 65 65 286 293 191 356 170 510 483 63 263 286 373 611 366 388 229 631 195 286 453 116 353 709 280 192 296 709 229 134 195 287 268 356 408 21 244 290 373 316 286 293 373 388 21 260 191 486 260 330 287 560 582 65 134 286 263 65 65 244 510 366 21 462 205 561 356 453 701 359 631 510 316 356 134 290 157 359 697 521 521 703 704 290 170 373 290 353 195 28 521 287 263 561 296 373 330 486 521 63 561 293 65 290 195 582 244 608 704 268 582 65 353 453 157 280 521 486 28 453 353 366 157 560 697 359 286 116 192 63 521 464 353 510 157 457 714 703 116 356 510 688 21 453 63 63 510 296 330 631 290 709 244 290 388 260 65 285 191 688 697 260 330 249 134 263 709 28 296 703 157 509 268 170 21 316 353 631 457 709 293 486 356 287 366 330 486 157 296 290 388 486 509 408 116 608 293 743 280 582 366 260 296 486 388 483 510 268 486 560 676 191 743 510 65 116 462 582 280 330 582 359 65 611 116 157 356 316 268 408 483 293 688 704 704 260 486 170 116 21 285 688 356 388 229 714 561 561 249 359 330 353 268 229 65 287 170 611 21 462 63 353 268 285 65 408 356 743 260 192 249 510 703 205 280 170 457 170 408 116 582 116 296 743 260 244 714 688 205 561 268 611 287 608 697 453 116 244 157 373 608 462 714 359 263 631 701 714 192 191 268 134 714 229 631 486 457 330 290 356 296 631 192 709 63 
  Facilities: 59
 21 : 4 6 18 58 68 221 424 460 469 487 567 599 664 683
 28 : 94 97 162 181 197 201 202 242 310 316 356 392 514 543 592
 63 : 150 183 205 224 361 390 434 524 554 569 570 685 749
 65 : 7 99 111 113 124 160 211 399 401 425 426 478 482 483 527 536 581 639 647 679 689
 116 : 140 144 198 446 552 563 619 640 649 663 704 706 721
 134 : 56 105 131 159 252 259 329 454 479 499 589 736
 157 : 50 81 106 185 261 415 501 539 547 559 595 612 650 723
 170 : 12 36 38 42 119 165 263 266 269 295 318 324 333 422 431 509 598 662 681 700 702
 191 : 27 43 95 311 313 375 429 471 583 636 734
 192 : 34 54 136 148 203 217 244 450 553 694 733 747
 195 : 171 216 253 280 320 360 407 443 455 513 529
 205 : 45 63 66 141 155 174 226 337 370 489 698 713
 229 : 40 146 169 293 388 417 441 453 669 678 738
 244 : 3 22 192 268 284 321 339 406 461 484 531 577 710 722
 249 : 69 89 175 218 225 243 247 347 357 384 403 588 673 695
 260 : 220 255 322 345 387 418 470 473 580 586 626 660 693 709
 263 : 29 44 184 213 281 288 411 435 481 517 590 729
 268 : 76 143 186 367 391 457 534 597 632 653 677 687 715 735
 280 : 30 139 214 317 386 393 423 449 540 623 643 699
 285 : 47 48 77 90 110 210 291 309 582 665 688
 286 : 103 222 264 279 301 330 427 436 444 465 480 551
 287 : 298 328 358 365 394 456 475 516 608 680 717
 290 : 11 92 152 262 377 462 500 508 511 528 575 578 614 743
 293 : 98 102 251 428 466 526 605 621 656
 296 : 15 133 154 168 381 451 519 572 593 613 627 707 745
 316 : 24 28 93 129 208 209 230 257 315 371 464 497 600 652
 330 : 104 115 239 286 296 355 474 521 573 587 610 644 675 742
 353 : 87 88 147 167 258 350 447 512 537 545 557 601 676 686
 356 : 10 17 19 31 187 256 314 332 341 430 458 491 498 564 607 651 667 691 744
 359 : 73 96 132 234 349 380 494 502 550 646 674 728
 366 : 2 64 100 145 323 325 342 351 439 486 546 609 625
 373 : 13 121 122 158 212 336 437 463 467 510 520 724
 388 : 123 207 338 413 440 468 579 615 629 668
 408 : 21 75 118 227 299 374 378 379 383 459 618 654 690 703
 453 : 49 126 135 229 270 340 372 382 445 492 538 544 568 720
 457 : 20 55 60 86 112 149 232 278 306 326 344 410 560 603 701 741
 462 : 70 108 191 199 241 285 290 312 331 400 488 641 684 726
 464 : 153 156 164 254 265 282 334 363 397 556
 483 : 62 65 248 283 354 368 402 433 630 655
 486 : 23 85 128 219 275 300 366 472 522 542 606 611 616 628 633 661 740
 499 : 0 14 59 82 134 137 172 176 235 272
 509 : 32 120 166 170 277 305 348 389 596 617
 510 : 46 231 297 373 432 485 496 558 565 571 631 638 696
 521 : 39 364 369 412 504 505 515 523 541 555
 560 : 35 67 79 196 233 319 409 416 476 548 634
 561 : 53 61 107 188 223 240 271 274 405 420 490 518 525 671 672 714
 582 : 9 292 477 530 535 624 642 645 705
 608 : 37 127 245 273 287 303 376 419 532 620 718 725
 611 : 71 109 138 180 189 200 327 438 648 682 716
 631 : 161 163 237 308 343 398 414 442 495 574 602 730 739 746
 676 : 26 78 91 157 178 190 195 228 335 353 421 635
 688 : 41 74 173 250 289 385 404 566 584 657 666 712
 697 : 5 8 359 503 549 585 719
 701 : 101 125 236 238 276 307 395 493 731
 703 : 25 117 151 194 294 346 352 408 506 562 594 697
 704 : 57 84 116 142 177 206 267 362 507 533 658 659
 709 : 1 130 179 215 249 260 304 448 452 576 591 604 748
 714 : 33 52 72 83 114 182 193 302 561 670 711 727 732 737
 743 : 16 51 80 204 246 396 622 637 692 708
SOLUTION:
  Value: -763808.000000
  Assigns: 499 709 366 244 21 697 21 65 697 582 356 290 170 373 499 296 743 356 21 356 457 408 244 486 316 703 285 191 316 457 280 356 509 714 192 560 170 294 170 521 229 688 170 191 330 205 510 285 285 453 294 743 714 561 192 457 134 582 21 499 457 561 483 205 366 483 205 560 294 249 462 611 714 359 688 408 268 285 462 560 743 157 499 71 631 486 457 71 353 249 285 366 290 316 28 191 294 28 293 65 366 582 293 286 330 134 157 561 462 611 285 65 457 65 714 330 483 703 408 170 509 373 373 388 71 596 453 608 486 316 80 134 359 80 499 453 192 499 611 280 116 205 192 80 116 366 229 353 192 457 63 703 290 464 296 205 464 703 373 134 65 631 28 631 464 170 509 353 296 229 509 195 499 688 205 249 499 499 170 709 611 28 714 63 134 157 268 356 561 611 611 462 244 714 703 280 560 28 116 462 611 28 28 192 743 63 63 388 71 316 285 65 373 596 280 709 195 192 249 486 260 21 286 561 63 249 205 408 296 453 316 510 457 560 359 499 71 631 509 596 561 462 28 249 192 608 743 249 483 709 688 293 134 596 464 260 356 316 353 134 709 157 290 170 286 464 170 596 244 170 453 561 499 608 561 486 285 509 457 286 195 191 464 483 244 462 330 608 80 688 462 285 582 229 703 170 330 510 287 408 486 286 714 294 709 509 457 80 631 285 28 191 462 191 356 316 28 280 170 560 195 244 260 366 170 366 457 611 287 134 286 462 356 170 464 596 373 205 388 244 453 71 366 631 457 260 703 249 509 359 353 366 703 63 483 330 28 249 71 697 195 63 71 464 521 287 486 268 483 521 205 316 453 510 408 191 608 290 408 408 359 296 453 408 249 688 280 260 229 71 63 268 28 280 287 134 743 464 631 65 462 65 483 249 688 561 244 71 703 560 457 286 521 388 631 71 560 229 260 608 561 294 170 280 21 65 65 286 293 191 356 170 510 483 63 191 286 373 611 366 388 229 631 195 286 453 116 353 709 280 192 296 709 229 134 195 287 268 356 80 21 244 290 373 316 286 293 373 388 71 260 191 486 260 330 287 560 582 65 134 286 462 65 65 244 510 366 21 462 205 561 356 453 596 359 631 510 316 388 134 290 157 359 697 521 521 703 294 290 170 373 290 353 195 28 521 287 280 561 294 373 330 486 521 63 561 293 65 290 195 582 244 608 249 268 582 65 353 453 157 294 521 486 28 453 353 366 157 560 697 359 286 116 192 63 521 464 353 80 157 457 714 703 116 356 510 688 21 453 63 63 510 296 330 631 290 709 244 290 388 260 65 285 191 688 697 260 330 249 134 596 709 28 596 703 80 509 268 170 21 316 71 631 457 709 293 486 356 287 366 330 71 157 296 290 388 486 509 408 116 608 293 743 280 582 366 260 596 596 388 483 510 268 486 560 499 191 743 510 65 116 294 582 280 330 582 359 65 611 116 157 356 316 80 408 483 293 80 453 499 260 486 170 116 21 285 688 356 388 229 714 561 561 249 359 330 353 268 229 65 287 170 611 21 462 294 353 268 285 65 408 356 743 260 192 249 510 703 205 280 170 457 170 408 116 582 116 296 743 260 71 714 688 205 561 268 611 287 80 697 71 116 244 157 373 608 462 714 294 294 631 268 714 192 191 268 134 714 229 631 486 457 330 290 356 296 631 192 709 63 
  Facilities: 59
 21 : 4 6 18 58 221 424 460 487 567 599 664 683
 28 : 94 97 162 181 197 201 202 242 310 316 356 392 514 543 592
 63 : 150 183 205 206 224 353 361 390 434 524 554 569 570 749
 65 : 7 99 111 113 160 211 399 401 425 426 478 482 483 527 536 581 639 647 679 689
 71 : 83 87 124 208 236 341 358 362 389 407 415 469 601 611 710 720
 80 : 130 133 143 288 307 459 558 595 653 657 718
 116 : 140 144 198 446 552 563 619 640 649 663 704 706 721
 134 : 56 105 131 159 184 252 259 329 395 454 479 499 589 736
 157 : 81 106 185 261 501 539 547 559 612 650 723
 170 : 12 36 38 42 119 165 178 263 266 269 295 318 324 333 422 431 509 598 662 681 700 702
 191 : 27 43 95 281 311 313 375 429 435 471 583 636 734
 192 : 34 54 136 142 148 203 217 244 450 553 694 733 747
 195 : 171 216 280 320 360 443 455 513 529
 205 : 45 63 66 141 155 174 226 337 370 489 698 713
 229 : 40 146 169 293 388 417 441 453 669 678 738
 244 : 3 22 192 268 284 321 339 406 461 484 531 577 722
 249 : 69 89 175 218 225 243 247 347 357 384 403 533 588 673 695
 260 : 220 255 322 345 387 418 470 473 580 586 626 660 693 709
 268 : 76 186 367 391 457 534 597 632 677 687 715 731 735
 280 : 30 139 195 214 317 386 393 423 449 517 623 643 699
 285 : 26 47 48 77 90 110 210 276 291 309 582 665 688
 286 : 103 222 264 279 301 330 411 427 436 444 465 480 551
 287 : 298 328 365 394 456 475 516 608 680 717
 290 : 11 92 152 262 377 462 500 508 511 528 575 578 614 743
 293 : 98 102 251 428 466 526 605 621 656
 294 : 37 50 68 96 303 421 507 519 540 641 685 728 729
 296 : 15 154 168 228 381 451 572 613 707 745
 316 : 24 28 93 129 209 230 257 315 371 464 497 600 652
 330 : 44 104 115 286 296 355 474 521 573 587 610 644 675 742
 353 : 88 147 167 258 350 447 512 537 545 557 676 686
 356 : 10 17 19 31 187 256 314 332 430 458 491 564 607 651 667 691 744
 359 : 73 132 234 349 380 494 502 550 646 674
 366 : 2 64 91 100 145 323 325 342 351 439 486 546 609 625
 373 : 13 121 122 158 212 336 437 463 467 510 520 724
 388 : 123 207 338 413 440 468 498 579 615 629 668
 408 : 21 75 118 227 299 374 378 379 383 618 654 690 703
 453 : 49 126 135 229 270 340 372 382 445 492 538 544 568 658
 457 : 20 29 55 60 86 112 149 232 278 306 326 344 410 560 603 701 741
 462 : 70 78 108 191 199 241 285 290 312 331 400 481 488 684 726
 464 : 153 156 164 254 265 282 334 363 397 556
 483 : 62 65 116 248 283 354 368 402 433 630 655
 486 : 23 85 128 219 275 300 366 472 522 542 606 616 633 661 740
 499 : 0 14 59 82 134 137 172 176 177 235 272 635 659
 509 : 32 120 166 170 238 277 305 348 596 617
 510 : 46 231 297 373 432 485 496 565 571 631 638 696
 521 : 39 364 369 412 504 505 515 523 541 555
 560 : 35 67 79 196 233 319 409 416 476 548 634
 561 : 53 61 107 188 223 240 271 274 405 420 490 518 525 671 672 714
 582 : 9 57 101 292 477 530 535 624 642 645 705
 596 : 125 213 239 253 267 335 493 590 593 627 628
 608 : 127 245 273 287 376 419 532 620 725
 611 : 71 109 138 180 189 190 200 327 438 648 682 716
 631 : 84 161 163 237 308 343 398 414 442 495 574 602 730 739 746
 688 : 41 74 173 250 289 385 404 566 584 666 712
 697 : 5 8 359 503 549 585 719
 703 : 25 117 151 157 194 294 346 352 408 506 562 594 697
 709 : 1 179 215 249 260 304 448 452 576 591 604 748
 714 : 33 52 72 114 182 193 302 561 670 711 727 732 737
 743 : 16 51 80 204 246 396 622 637 692 708
SOLUTION:
  Value: -763811.000000
  Assigns: 499 709 366 244 21 697 21 65 697 582 356 290 170 373 499 296 743 356 21 356 457 408 244 486 316 703 285 191 316 457 280 356 509 714 192 560 170 294 170 521 229 688 170 191 330 205 510 285 285 453 294 743 714 561 192 457 134 582 21 499 457 561 483 205 366 483 205 560 294 249 462 611 714 359 688 408 268 285 462 560 743 157 499 71 660 486 457 71 353 660 285 366 290 316 28 191 294 28 293 65 366 660 293 286 330 134 157 561 462 611 285 65 457 65 714 330 483 703 408 170 509 373 373 388 71 596 453 608 486 316 80 134 359 80 499 453 192 499 611 280 116 205 192 80 116 366 229 353 192 457 63 703 290 464 660 205 464 703 373 134 65 631 28 631 464 170 509 353 296 229 509 195 499 688 205 249 499 499 170 709 611 28 714 63 134 157 268 356 561 611 611 462 244 714 703 280 560 28 116 462 611 28 28 192 743 63 63 388 71 316 285 65 373 596 280 709 195 192 249 486 260 21 286 561 63 249 205 408 296 453 316 510 457 560 359 499 71 631 509 596 561 462 28 249 192 608 743 249 483 709 688 293 134 596 464 260 356 316 353 134 709 157 290 170 286 464 170 596 244 170 453 561 499 608 561 486 285 509 457 286 195 191 464 660 244 462 330 608 80 688 462 285 582 229 703 170 330 510 287 408 486 286 714 294 709 509 457 80 631 285 28 191 462 191 356 316 28 280 170 560 195 244 260 366 170 366 457 611 287 134 286 462 356 170 464 596 373 205 388 244 453 71 366 631 457 260 703 249 509 359 353 366 660 63 483 330 28 249 71 697 195 63 71 464 521 287 486 268 483 521 205 316 453 510 408 191 608 290 408 660 359 296 453 408 249 688 280 260 229 71 63 268 28 280 287 134 743 464 631 65 462 65 483 249 688 561 244 71 703 560 457 286 521 388 631 71 560 229 260 608 561 294 170 280 21 65 65 286 293 191 356 170 510 483 63 191 286 373 611 366 388 229 631 195 286 453 116 353 709 280 192 296 709 229 134 195 287 268 356 80 21 244 290 373 316 286 293 373 388 71 260 191 486 260 330 287 560 582 65 134 286 462 65 65 244 510 366 21 462 205 561 356 453 596 359 631 510 316 356 134 290 157 359 697 521 521 703 294 290 170 373 290 353 195 28 521 287 280 561 294 373 330 486 521 63 561 293 65 290 195 582 244 660 249 268 582 65 353 453 157 294 521 486 28 453 353 366 157 560 697 359 286 116 192 63 521 464 353 80 157 457 714 703 116 356 510 688 21 453 63 63 510 296 330 631 290 709 244 290 388 260 65 285 191 688 697 260 330 249 134 596 709 28 596 703 80 509 268 170 21 316 71 631 457 709 293 486 356 287 366 330 71 157 296 290 388 486 509 408 116 608 293 743 280 582 366 260 596 596 388 483 510 268 486 560 499 191 743 510 65 116 294 582 280 330 582 359 65 611 116 157 356 316 80 408 483 293 80 453 499 260 486 170 116 21 285 688 356 388 229 714 561 561 249 359 330 353 268 229 65 287 170 611 21 462 294 353 268 285 65 408 356 743 260 192 249 510 703 205 280 170 457 170 408 116 582 116 296 743 260 71 714 688 205 561 268 611 287 80 697 71 116 244 157 373 608 462 714 294 294 631 268 714 192 191 268 134 714 229 631 486 457 330 290 356 296 631 192 709 63 
  Facilities: 60
 21 : 4 6 18 58 221 424 460 487 567 599 664 683
 28 : 94 97 162 181 197 201 202 242 310 316 356 392 514 543 592
 63 : 150 183 205 206 224 353 361 390 434 524 554 569 570 749
 65 : 7 99 111 113 160 211 399 401 425 426 478 482 483 527 536 581 639 647 679 689
 71 : 83 87 124 208 236 341 358 362 389 407 415 469 601 611 710 720
 80 : 130 133 143 288 307 459 558 595 653 657 718
 116 : 140 144 198 446 552 563 619 640 649 663 704 706 721
 134 : 56 105 131 159 184 252 259 329 395 454 479 499 589 736
 157 : 81 106 185 261 501 539 547 559 612 650 723
 170 : 12 36 38 42 119 165 178 263 266 269 295 318 324 333 422 431 509 598 662 681 700 702
 191 : 27 43 95 281 311 313 375 429 435 471 583 636 734
 192 : 34 54 136 142 148 203 217 244 450 553 694 733 747
 195 : 171 216 280 320 360 443 455 513 529
 205 : 45 63 66 141 155 174 226 337 370 489 698 713
 229 : 40 146 169 293 388 417 441 453 669 678 738
 244 : 3 22 192 268 284 321 339 406 461 484 531 577 722
 249 : 69 175 218 225 243 247 347 357 384 403 533 588 673 695
 260 : 220 255 322 345 387 418 470 473 580 586 626 660 693 709
 268 : 76 186 367 391 457 534 597 632 677 687 715 731 735
 280 : 30 139 195 214 317 386 393 423 449 517 623 643 699
 285 : 26 47 48 77 90 110 210 276 291 309 582 665 688
 286 : 103 222 264 279 301 330 411 427 436 444 465 480 551
 287 : 298 328 365 394 456 475 516 608 680 717
 290 : 11 92 152 262 377 462 500 508 511 528 575 578 614 743
 293 : 98 102 251 428 466 526 605 621 656
 294 : 37 50 68 96 303 421 507 519 540 641 685 728 729
 296 : 15 168 228 381 451 572 613 707 745
 316 : 24 28 93 129 209 230 257 315 371 464 497 600 652
 330 : 44 104 115 286 296 355 474 521 573 587 610 644 675 742
 353 : 88 147 167 258 350 447 512 537 545 557 676 686
 356 : 10 17 19 31 187 256 314 332 430 458 491 498 564 607 651 667 691 744
 359 : 73 132 234 349 380 494 502 550 646 674
 366 : 2 64 91 100 145 323 325 342 351 439 486 546 609 625
 373 : 13 121 122 158 212 336 437 463 467 510 520 724
 388 : 123 207 338 413 440 468 579 615 629 668
 408 : 21 75 118 227 299 374 378 383 618 654 690 703
 453 : 49 126 135 229 270 340 372 382 445 492 538 544 568 658
 457 : 20 29 55 60 86 112 149 232 278 306 326 344 410 560 603 701 741
 462 : 70 78 108 191 199 241 285 290 312 331 400 481 488 684 726
 464 : 153 156 164 254 265 282 334 363 397 556
 483 : 62 65 116 248 354 368 402 433 630 655
 486 : 23 85 128 219 275 300 366 472 522 542 606 616 633 661 740
 499 : 0 14 59 82 134 137 172 176 177 235 272 635 659
 509 : 32 120 166 170 238 277 305 348 596 617
 510 : 46 231 297 373 432 485 496 565 571 631 638 696
 521 : 39 364 369 412 504 505 515 523 541 555
 560 : 35 67 79 196 233 319 409 416 476 548 634
 561 : 53 61 107 188 223 240 271 274 405 420 490 518 525 671 672 714
 582 : 9 57 292 477 530 535 624 642 645 705
 596 : 125 213 239 253 267 335 493 590 593 627 628
 608 : 127 245 273 287 376 419 620 725
 611 : 71 109 138 180 189 190 200 327 438 648 682 716
 631 : 161 163 237 308 343 398 414 442 495 574 602 730 739 746
 660 : 84 89 101 154 283 352 379 532
 688 : 41 74 173 250 289 385 404 566 584 666 712
 697 : 5 8 359 503 549 585 719
 703 : 25 117 151 157 194 294 346 408 506 562 594 697
 709 : 1 179 215 249 260 304 448 452 576 591 604 748
 714 : 33 52 72 114 182 193 302 561 670 711 727 732 737
 743 : 16 51 80 204 246 396 622 637 692 708
SOLUTION:
  Value: -763813.000000
  Assigns: 499 709 366 244 21 521 21 65 611 582 356 290 170 373 499 296 743 356 21 356 457 408 244 486 316 703 285 191 316 457 280 356 509 714 192 560 170 608 170 349 229 688 170 191 330 205 510 285 285 453 157 743 714 561 192 457 134 704 21 499 457 561 483 205 366 483 205 560 21 249 462 611 714 359 688 408 268 285 462 560 743 157 499 714 704 486 457 353 353 249 285 366 290 316 28 191 359 28 293 65 366 582 293 286 330 134 411 561 462 611 285 65 457 65 714 330 704 703 408 170 509 373 373 388 65 596 453 608 486 316 80 134 359 80 499 453 192 499 611 280 116 205 704 80 116 366 229 353 192 457 63 703 290 464 296 205 464 703 373 349 65 631 28 631 464 170 509 353 296 229 509 195 499 688 205 249 499 704 170 709 611 28 714 63 134 157 268 356 561 611 611 462 244 714 703 280 560 28 116 462 611 28 28 192 743 63 704 388 316 316 285 65 373 596 280 709 195 192 249 486 260 21 286 561 63 249 205 408 296 453 316 510 457 560 359 349 411 631 509 596 561 462 28 249 192 608 743 249 483 709 688 293 134 596 464 260 356 316 353 134 709 157 290 411 286 464 170 704 244 170 453 561 499 608 561 486 349 509 457 286 195 191 464 483 244 462 330 608 80 688 462 285 582 229 703 170 330 510 287 408 486 286 714 608 709 509 457 80 631 285 28 191 462 191 356 316 28 280 170 560 195 244 260 349 170 366 457 611 287 134 286 462 356 170 464 596 373 205 388 244 453 356 366 631 457 260 703 249 509 359 353 366 411 63 483 330 28 249 287 349 195 63 704 464 521 287 349 268 483 521 205 316 453 510 408 191 608 290 408 349 359 296 453 408 249 688 280 260 229 509 63 268 28 280 287 134 743 464 631 65 462 65 483 249 688 561 244 195 703 560 457 286 521 388 631 157 349 229 260 608 561 134 170 280 21 65 65 286 293 191 356 170 510 483 63 191 286 373 611 366 388 229 631 195 286 453 116 353 709 280 192 296 709 229 134 195 287 268 356 80 411 244 290 373 316 286 293 373 388 21 260 191 486 260 330 287 560 582 65 134 286 462 65 65 244 510 366 21 462 205 561 356 453 596 359 631 510 349 356 134 290 157 411 249 521 521 703 704 290 170 373 290 353 195 28 521 287 280 561 296 373 330 486 521 349 561 293 65 290 195 582 244 608 704 268 582 65 353 453 157 280 521 486 28 453 353 366 157 560 411 359 286 116 192 63 521 464 353 80 157 457 714 703 116 356 510 688 21 453 349 63 510 296 330 631 290 709 244 290 388 260 65 285 191 688 349 260 330 249 134 596 709 28 596 703 80 509 268 170 21 316 596 631 457 709 293 486 356 287 366 330 486 157 296 290 388 486 509 408 116 608 293 743 280 582 366 260 596 596 388 483 510 268 486 560 499 191 743 510 65 116 462 582 280 330 582 359 65 611 116 157 356 316 80 408 483 293 80 704 704 260 486 170 116 21 285 688 356 388 229 714 561 561 249 359 330 353 268 229 65 287 170 611 21 462 63 353 268 285 65 408 356 743 260 192 249 510 703 205 280 170 457 170 408 116 582 116 296 743 260 244 714 688 205 561 268 611 287 80 63 453 116 244 157 373 608 462 714 359 411 631 268 714 192 191 268 134 714 229 631 486 457 330 290 356 296 631 192 709 63 
  Facilities: 59
 21 : 4 6 18 58 68 221 424 469 487 567 599 664 683
 28 : 94 97 162 181 197 201 202 242 310 316 356 392 514 543 592
 63 : 150 183 205 224 353 361 390 434 554 570 685 719 749
 65 : 7 99 111 113 124 160 211 399 401 425 426 478 482 483 527 536 581 639 647 679 689
 80 : 130 133 143 288 307 459 558 595 653 657 718
 116 : 140 144 198 446 552 563 619 640 649 663 704 706 721
 134 : 56 105 131 184 252 259 329 395 421 454 479 499 589 736
 157 : 50 81 185 261 415 501 539 547 559 612 650 723
 170 : 12 36 38 42 119 165 178 266 269 295 318 324 333 422 431 509 598 662 681 700 702
 191 : 27 43 95 281 311 313 375 429 435 471 583 636 734
 192 : 34 54 136 148 203 217 244 450 553 694 733 747
 195 : 171 216 280 320 360 407 443 455 513 529
 205 : 45 63 66 141 155 174 226 337 370 489 698 713
 229 : 40 146 169 293 388 417 441 453 669 678 738
 244 : 3 22 192 268 284 321 339 406 461 484 531 577 710 722
 249 : 69 89 175 218 225 243 247 347 357 384 403 503 588 673 695
 260 : 220 255 322 345 387 418 470 473 580 586 626 660 693 709
 268 : 76 186 367 391 457 534 597 632 677 687 715 731 735
 280 : 30 139 195 214 317 386 393 423 449 517 540 623 643 699
 285 : 26 47 48 77 90 110 210 291 309 582 665 688
 286 : 103 222 264 279 301 330 411 427 436 444 465 480 551
 287 : 298 328 358 365 394 456 475 516 608 680 717
 290 : 11 92 152 262 377 462 500 508 511 528 575 578 614 743
 293 : 98 102 251 428 466 526 605 621 656
 296 : 15 154 168 228 381 451 519 572 613 707 745
 316 : 24 28 93 129 208 209 230 257 315 371 464 600 652
 330 : 44 104 115 286 296 355 474 521 573 587 610 644 675 742
 349 : 39 159 235 276 323 359 366 379 416 497 524 569 585
 353 : 87 88 147 167 258 350 447 512 537 545 557 676 686
 356 : 10 17 19 31 187 256 314 332 341 430 458 491 498 564 607 651 667 691 744
 359 : 73 96 132 234 349 380 494 550 646 674 728
 366 : 2 64 91 100 145 325 342 351 439 486 546 609 625
 373 : 13 121 122 158 212 336 437 463 467 510 520 724
 388 : 123 207 338 413 440 468 579 615 629 668
 408 : 21 75 118 227 299 374 378 383 618 654 690 703
 411 : 106 236 263 352 460 502 549 729
 453 : 49 126 135 229 270 340 372 382 445 492 538 544 568 720
 457 : 20 29 55 60 86 112 149 232 278 306 326 344 410 560 603 701 741
 462 : 70 78 108 191 199 241 285 290 312 331 400 481 488 641 684 726
 464 : 153 156 164 254 265 282 334 363 397 556
 483 : 62 65 248 283 354 368 402 433 630 655
 486 : 23 85 128 219 275 300 472 522 542 606 611 616 633 661 740
 499 : 0 14 59 82 134 137 172 176 272 635
 509 : 32 120 166 170 238 277 305 348 389 596 617
 510 : 46 231 297 373 432 485 496 565 571 631 638 696
 521 : 5 364 369 412 504 505 515 523 541 555
 560 : 35 67 79 196 233 319 409 476 548 634
 561 : 53 61 107 188 223 240 271 274 405 420 490 518 525 671 672 714
 582 : 9 101 292 477 530 535 624 642 645 705
 596 : 125 213 239 253 335 493 590 593 601 627 628
 608 : 37 127 245 273 287 303 376 419 532 620 725
 611 : 8 71 109 138 180 189 190 200 327 438 648 682 716
 631 : 161 163 237 308 343 398 414 442 495 574 602 730 739 746
 688 : 41 74 173 250 289 385 404 566 584 666 712
 703 : 25 117 151 157 194 294 346 408 506 562 594 697
 704 : 57 84 116 142 177 206 267 362 507 533 658 659
 709 : 1 179 215 249 260 304 448 452 576 591 604 748
 714 : 33 52 72 83 114 182 193 302 561 670 711 727 732 737
 743 : 16 51 80 204 246 396 622 637 692 708
SOLUTION:
  Value: -763815.000000
  Assigns: 499 521 663 244 21 391 21 65 611 582 356 628 170 373 499 296 743 356 21 356 457 553 244 486 316 703 285 191 316 457 280 356 509 714 645 560 170 626 170 521 229 688 336 663 330 134 628 285 285 132 384 743 714 303 663 457 134 704 21 499 457 561 483 353 384 483 395 560 21 249 462 611 714 645 688 483 268 285 462 628 626 157 628 663 704 486 457 353 353 303 285 386 628 316 28 395 359 28 464 65 285 582 286 286 330 134 157 391 391 611 285 65 457 65 714 330 663 703 704 628 509 373 373 388 65 663 170 608 486 316 80 134 359 80 499 553 388 499 611 553 116 663 704 80 626 229 229 353 353 457 395 703 384 464 296 483 464 703 373 134 65 391 28 631 464 170 509 353 386 229 509 553 499 688 391 249 499 704 170 457 611 28 714 5 134 157 268 356 561 611 553 384 244 714 703 280 560 28 116 462 611 28 28 316 743 45 704 388 316 316 285 65 373 287 280 391 714 628 249 486 260 21 286 561 290 249 5 462 395 388 316 386 457 663 359 499 303 631 509 330 561 462 28 249 244 608 743 249 483 384 688 553 134 582 464 260 356 316 353 134 626 157 290 170 286 464 170 704 244 170 395 561 499 608 561 486 336 509 457 286 386 191 464 483 244 462 330 608 80 688 462 285 582 45 303 170 330 290 287 388 486 286 395 608 303 645 457 80 631 285 28 191 462 191 5 316 28 280 170 560 45 244 260 395 170 21 457 611 287 5 286 336 5 170 464 45 373 645 388 244 462 356 626 631 457 260 703 249 509 359 353 384 703 645 483 330 28 249 287 132 553 509 704 464 521 287 486 268 483 521 132 316 65 336 663 191 608 336 285 132 359 296 611 628 249 688 280 260 229 395 132 5 28 384 287 628 743 464 386 65 462 65 483 303 688 561 244 303 703 560 457 286 521 388 631 157 560 229 260 608 386 386 170 280 21 65 65 286 132 191 356 132 553 483 553 191 286 373 611 626 386 229 631 628 286 561 116 353 582 280 290 296 663 229 134 582 287 268 356 80 386 244 290 373 316 286 626 373 388 391 260 191 5 260 330 287 560 582 65 134 286 462 65 65 244 395 611 21 462 336 561 356 285 330 359 631 134 316 356 134 290 157 359 249 521 521 703 704 290 170 373 290 353 303 28 521 287 626 561 296 373 330 486 521 626 561 45 45 290 5 582 391 608 704 268 582 336 353 290 157 386 521 486 28 45 353 395 157 560 45 359 286 116 582 645 521 464 353 384 157 457 714 703 116 356 608 688 21 704 626 80 285 296 330 132 290 303 244 626 388 260 628 553 191 688 395 260 330 395 134 386 229 28 296 703 80 509 268 170 21 384 384 631 457 582 388 486 356 287 303 330 486 157 296 290 388 486 509 395 116 608 249 743 384 582 285 260 391 395 388 483 28 268 486 560 499 191 743 553 65 553 384 582 280 330 582 645 65 611 116 157 356 316 80 336 395 21 80 704 704 260 486 170 116 21 285 688 356 395 229 714 561 561 249 359 330 353 268 229 65 287 170 611 21 462 645 353 268 285 65 608 356 743 395 499 249 132 5 336 280 170 457 170 286 116 582 116 296 553 260 244 714 688 663 561 384 663 287 80 553 611 116 132 157 373 608 462 714 359 395 631 268 714 132 386 268 134 714 229 631 486 457 330 290 356 296 631 560 663 45 
  Facilities: 60
 5 : 183 226 314 329 332 391 472 529 697
 21 : 4 6 18 58 68 221 325 424 487 567 599 656 664 683
 28 : 94 97 162 181 197 201 202 242 310 316 356 392 514 543 592 631
 45 : 205 293 320 335 526 527 544 549 749
 65 : 7 99 111 113 124 160 211 372 399 401 425 426 478 482 483 639 647 679 689
 80 : 130 133 143 288 307 459 570 595 653 657 718
 116 : 140 198 446 552 563 619 649 663 704 706 721
 132 : 49 359 370 379 390 428 431 574 696 722 733
 134 : 45 56 105 131 159 184 252 259 454 479 496 499 589 736
 157 : 81 106 185 261 415 501 539 547 559 612 650 723
 170 : 12 36 38 126 165 178 263 266 269 295 318 324 333 422 509 598 662 681 700 702
 191 : 27 281 311 313 375 429 435 471 583 636
 229 : 40 145 146 169 388 417 441 453 591 669 678 738
 244 : 3 22 192 244 268 284 321 339 406 461 484 577 710
 249 : 69 175 218 225 243 247 347 357 384 503 621 673 695
 260 : 220 255 322 345 387 418 470 473 580 586 626 660 709
 268 : 76 186 367 457 534 597 632 677 687 731 735
 280 : 30 195 214 317 386 423 449 643 699
 285 : 26 47 48 77 90 100 110 210 291 309 378 492 571 625 665 688
 286 : 102 103 222 264 279 301 330 411 427 436 444 465 480 551 703
 287 : 213 298 328 358 365 394 456 475 516 608 680 717
 290 : 224 262 297 450 462 500 508 511 528 538 575 614 743
 296 : 15 154 381 451 519 572 593 613 707 745
 303 : 53 89 236 294 304 403 407 513 576 609
 316 : 24 28 93 129 203 208 209 230 257 315 371 464 497 652
 330 : 44 104 115 239 286 296 355 474 493 521 573 587 610 644 675 742
 336 : 42 276 331 373 377 489 536 654 698
 353 : 63 87 88 147 148 167 258 350 447 512 537 545 557 676 686
 356 : 10 17 19 31 187 256 341 430 458 491 498 564 607 651 667 691 744
 359 : 96 132 234 349 380 494 502 550 674 728
 373 : 13 121 122 158 212 336 437 463 467 510 520 724
 384 : 50 64 152 191 249 351 393 558 600 601 623 641 715
 386 : 91 168 231 280 398 420 421 440 460 540 590 734
 388 : 123 136 207 229 299 338 413 468 579 605 615 629
 391 : 5 107 108 161 174 215 469 531 627
 395 : 66 95 150 228 270 302 323 389 485 546 585 588 618 628 655 668 693 729
 457 : 20 29 55 60 86 112 149 179 232 278 306 326 344 410 560 603 701 741
 462 : 70 78 199 227 241 285 290 312 340 400 481 488 684 726
 464 : 98 153 156 164 254 265 282 334 363 397 556
 483 : 62 65 75 155 248 283 354 368 402 433 630
 486 : 23 85 128 219 275 300 366 522 542 606 611 616 633 661 740
 499 : 0 14 59 134 137 172 176 235 272 635 694
 509 : 32 120 166 170 238 277 348 361 596 617
 521 : 1 39 364 369 412 504 505 515 523 541 555
 553 : 21 135 139 171 190 251 360 432 434 582 638 640 708 719
 560 : 35 67 196 319 409 416 476 548 634 747
 561 : 61 188 223 240 271 274 405 445 490 518 525 671 672 714
 582 : 9 101 253 292 448 455 477 530 535 553 604 624 642 645 705
 608 : 127 245 273 287 303 376 419 532 565 620 690 725
 611 : 8 71 109 138 180 189 200 327 382 438 486 648 682 720
 626 : 37 80 144 260 342 439 466 517 524 569 578
 628 : 11 46 79 82 92 119 217 383 395 443 581
 631 : 163 237 308 343 414 442 495 602 730 739 746
 645 : 34 73 305 337 353 554 646 685
 663 : 2 43 54 83 116 125 141 233 374 452 713 716 748
 688 : 41 74 173 250 289 385 404 566 584 666 712
 703 : 25 117 151 157 194 346 352 408 506 562 594
 704 : 57 84 118 142 177 206 267 362 507 533 568 658 659
 714 : 33 52 72 114 182 193 216 561 670 711 727 732 737
 743 : 16 51 204 246 396 622 637 692
SOLUTION:
  Value: -763823.000000
  Assigns: 499 720 70 509 21 391 21 65 611 582 356 74 170 373 499 731 745 356 21 708 457 408 676 486 708 703 676 191 181 720 395 356 509 714 192 560 170 608 170 521 229 688 54 191 561 134 561 708 218 118 384 181 714 303 192 457 595 704 21 499 457 561 483 727 384 483 395 560 21 249 462 720 714 720 688 408 611 688 676 560 595 157 386 218 704 486 457 353 353 303 595 676 731 560 28 395 359 28 595 708 521 701 286 286 595 134 157 391 391 611 134 65 457 65 714 395 704 703 408 170 509 373 373 70 65 701 170 608 486 395 80 134 359 80 499 553 192 499 727 553 116 720 704 80 745 708 229 353 192 457 395 703 384 464 353 483 464 676 708 134 65 391 118 181 464 103 509 353 386 229 509 553 499 688 391 249 499 720 676 457 611 28 714 5 134 157 118 356 561 611 676 384 553 714 703 676 560 118 116 462 611 28 28 192 745 45 704 608 509 731 391 181 373 287 286 391 731 192 249 486 54 21 286 561 290 249 118 408 676 714 395 386 457 560 359 499 701 181 701 74 561 462 28 249 192 608 181 249 483 384 688 553 727 582 464 731 356 560 353 134 103 157 290 170 286 464 170 704 457 170 395 561 499 608 561 486 118 509 457 286 386 191 464 483 561 462 103 608 80 688 462 509 582 45 303 595 745 290 287 408 486 286 395 608 303 595 457 80 303 290 28 191 462 191 5 483 28 116 170 560 45 54 181 395 170 21 457 611 287 5 286 462 5 170 464 676 373 582 191 74 462 356 708 191 218 521 703 249 509 359 353 384 703 676 483 720 28 249 287 132 553 192 704 464 521 745 486 701 483 521 54 303 65 384 408 191 608 290 408 132 359 70 611 408 249 70 181 384 229 395 132 5 28 384 287 595 384 464 386 65 462 65 483 303 688 561 303 303 118 560 727 286 521 134 118 218 560 229 54 608 386 386 170 727 118 65 65 286 132 191 356 132 553 483 553 191 286 373 611 70 386 229 553 70 286 595 727 353 708 731 708 54 408 229 134 103 287 560 74 80 386 373 290 373 218 286 70 373 80 391 181 191 5 727 74 287 560 582 65 134 286 181 65 65 218 395 611 21 462 384 561 103 287 701 359 720 134 218 356 134 290 157 359 249 521 521 703 704 290 170 373 290 353 303 28 521 287 745 561 54 373 5 486 521 218 561 45 45 290 5 582 391 103 704 676 582 65 353 290 157 386 521 486 28 45 353 395 157 560 45 359 286 116 192 54 521 464 353 384 70 457 714 118 116 356 595 118 21 704 218 80 290 727 745 132 290 303 720 290 65 731 65 553 191 688 745 5 745 395 134 386 731 28 290 703 80 509 595 170 21 181 745 134 457 582 103 486 356 287 303 462 720 157 74 290 181 486 509 395 116 608 249 395 74 582 391 80 391 395 408 483 28 229 486 560 676 191 701 553 65 553 384 582 5 54 582 359 65 611 116 157 356 290 80 408 395 727 80 704 704 457 486 170 116 21 727 688 356 395 229 714 561 561 249 359 727 353 704 229 65 287 708 611 21 462 290 353 509 74 65 727 356 745 395 192 249 132 5 727 731 170 731 170 408 118 582 116 720 553 249 457 714 688 118 561 384 611 287 731 553 611 116 132 157 373 608 462 714 359 395 116 701 714 132 386 727 134 714 229 595 486 457 70 290 356 290 287 192 74 45 
  Facilities: 61
 5 : 183 314 329 332 391 472 521 529 586 643 697
 21 : 4 6 18 58 68 221 325 487 567 599 664 683
 28 : 94 97 181 201 202 242 310 316 356 392 514 543 592 631
 45 : 205 293 320 526 527 544 549 749
 54 : 42 220 321 370 418 451 519 554 644
 65 : 7 111 113 124 160 372 399 401 425 426 478 482 483 536 579 581 639 647 679 689
 70 : 2 123 381 385 439 443 466 559 742
 74 : 11 239 339 458 474 613 623 688 748
 80 : 130 133 143 288 307 459 468 570 595 626 653 657
 103 : 165 260 286 455 491 532 605
 116 : 140 198 317 552 563 619 649 663 706 721 730
 118 : 49 162 186 197 226 276 408 414 424 562 566 704 713
 132 : 359 379 390 428 431 574 696 722 733
 134 : 45 105 110 131 159 184 259 413 454 479 496 499 589 602 736
 157 : 81 106 185 261 501 539 547 612 650 723
 170 : 12 36 38 119 126 263 266 269 318 324 333 422 509 598 662 700 702
 181 : 28 51 163 211 237 246 322 386 470 481 600 615
 191 : 27 43 281 311 313 338 343 375 429 435 471 583 636
 192 : 34 54 136 148 203 217 244 361 553 694 747
 218 : 48 83 344 415 464 484 497 524 569
 229 : 40 146 169 388 417 441 453 632 669 678 738
 249 : 69 175 218 225 243 247 347 357 384 503 621 673 695 709
 286 : 102 103 214 222 264 279 301 330 411 427 436 444 465 480 551
 287 : 213 298 328 358 394 456 475 492 516 608 680 717 746
 290 : 224 262 297 309 377 462 500 508 511 528 538 571 575 578 593 614 652 685 743 745
 303 : 53 89 294 304 308 371 403 406 407 513 576 609
 353 : 87 88 147 154 167 258 350 447 512 537 545 557 676 686
 356 : 10 17 31 187 256 341 430 498 564 607 651 667 691 744
 359 : 96 132 234 349 380 494 502 550 646 674 728
 373 : 13 121 122 212 336 437 461 463 467 510 520 724
 384 : 50 64 152 191 249 351 373 387 393 396 489 558 641 715
 386 : 82 168 231 280 398 420 421 440 460 540 590 734
 391 : 5 107 108 161 174 210 215 469 531 625 627
 395 : 30 66 95 115 129 150 230 270 302 323 389 485 546 588 618 622 628 655 668 693 729
 408 : 21 75 118 227 299 374 378 383 452 629 654 703
 457 : 20 55 60 86 112 149 179 232 268 278 306 326 560 603 660 710 741
 462 : 70 199 241 285 290 312 331 340 400 488 610 684 726
 464 : 153 156 164 254 265 282 334 363 397 556
 483 : 62 65 155 248 283 315 354 368 402 433 630
 486 : 23 85 128 219 275 300 366 522 542 606 616 633 661 740
 499 : 0 14 59 134 137 172 176 235 272
 509 : 3 32 120 166 170 208 277 291 348 596 617 687
 521 : 39 100 345 364 369 412 504 505 515 523 541 555
 553 : 135 139 171 192 251 360 432 434 442 582 638 640 708 719
 560 : 35 67 79 93 196 233 257 319 409 416 457 476 548 634
 561 : 44 46 61 188 223 240 271 274 284 405 490 518 525 671 672 714
 582 : 9 253 292 337 477 530 535 604 624 642 645 705
 595 : 56 80 90 98 104 295 305 395 445 565 597 739
 608 : 37 127 207 245 273 287 303 376 419 620 725
 611 : 8 76 109 180 189 200 327 382 438 486 648 682 716 720
 676 : 22 26 78 91 157 178 190 195 228 335 353 534 635
 688 : 41 74 77 173 250 289 404 584 666 712
 701 : 101 125 236 238 367 493 637 731
 703 : 25 117 151 194 346 352 506 594
 704 : 57 84 116 142 206 267 362 507 533 568 658 659 677
 708 : 19 24 47 99 145 158 342 448 450 681
 714 : 33 52 72 114 182 193 229 561 670 711 727 732 737
 720 : 1 29 71 73 141 177 355 495 577 611 707
 727 : 63 138 252 410 423 446 473 572 656 665 675 690 698 735
 731 : 15 92 209 216 255 449 580 591 699 701 718
 745 : 16 144 204 296 365 517 573 585 587 601 692
