# Time: 108.129997
# Elapsed: 58.828503
# Input_file: splp/Euclid/2611EuclS.txt
# Pool_size: 200
# Iterations: 19
# Final_solutions: 3402
# Vision_range: 400
# Reduction_mode: REDUCTION_DISPERSE
# Dissimilitude: DISSIM_MSE
# Facility_dist: FDISMODE_SUMOFDELTAS
SOLUTION:
  Value: -98734.000000
  Assigns: 36 57 26 57 81 26 82 84 82 19 36 57 36 81 26 81 57 17 84 19 60 36 84 26 82 57 26 17 36 80 84 17 26 19 60 81 36 60 26 39 60 80 36 39 26 80 39 80 36 80 82 26 36 80 84 81 84 57 39 84 60 81 81 17 57 26 17 17 84 39 17 81 82 39 82 81 26 84 82 80 80 81 82 39 84 19 84 80 57 60 84 39 39 80 36 36 84 60 19 57 
  Facilities: 11
 17 : 17 27 31 63 66 67 70
 19 : 9 19 33 85 98
 26 : 2 5 14 23 26 32 38 44 51 65 76
 36 : 0 10 12 21 28 36 42 48 52 94 95
 39 : 39 43 46 58 69 73 83 91 92
 57 : 1 3 11 16 25 57 64 88 99
 60 : 20 34 37 40 60 89 97
 80 : 29 41 45 47 49 53 79 80 87 93
 81 : 4 13 15 35 55 61 62 71 75 81
 82 : 6 8 24 50 72 74 78 82
 84 : 7 18 22 30 54 56 59 68 77 84 86 90 96
SOLUTION:
  Value: -98817.000000
  Assigns: 95 11 5 11 15 5 78 90 78 19 95 11 95 15 14 15 11 66 90 19 60 95 90 14 78 11 14 66 95 29 90 66 14 19 40 15 95 60 14 39 40 29 95 39 5 29 39 29 95 29 78 14 95 29 90 15 90 11 39 90 60 15 15 66 11 5 66 66 90 39 66 15 78 39 78 15 14 90 78 29 29 15 78 39 90 40 90 29 11 60 90 39 39 29 95 95 90 60 19 11 
  Facilities: 13
 5 : 2 5 44 65
 11 : 1 3 11 16 25 57 64 88 99
 14 : 14 23 26 32 38 51 76
 15 : 4 13 15 35 55 61 62 71 75 81
 19 : 9 19 33 98
 29 : 29 41 45 47 49 53 79 80 87 93
 39 : 39 43 46 58 69 73 83 91 92
 40 : 34 40 85
 60 : 20 37 60 89 97
 66 : 17 27 31 63 66 67 70
 78 : 6 8 24 50 72 74 78 82
 90 : 7 18 22 30 54 56 59 68 77 84 86 90 96
 95 : 0 10 12 21 28 36 42 48 52 94 95
SOLUTION:
  Value: -98932.000000
  Assigns: 95 11 5 11 15 5 78 90 78 19 95 11 95 15 14 15 11 66 90 19 40 95 90 14 78 11 14 66 95 29 90 66 14 19 40 15 95 40 14 39 40 29 95 39 5 29 39 29 95 29 78 14 95 29 90 15 90 11 39 90 40 15 15 66 11 5 66 66 90 39 66 15 78 39 78 15 14 90 78 29 29 15 78 39 90 40 90 29 11 11 90 39 39 29 95 95 90 11 19 11 
  Facilities: 12
 5 : 2 5 44 65
 11 : 1 3 11 16 25 57 64 88 89 97 99
 14 : 14 23 26 32 38 51 76
 15 : 4 13 15 35 55 61 62 71 75 81
 19 : 9 19 33 98
 29 : 29 41 45 47 49 53 79 80 87 93
 39 : 39 43 46 58 69 73 83 91 92
 40 : 20 34 37 40 60 85
 66 : 17 27 31 63 66 67 70
 78 : 6 8 24 50 72 74 78 82
 90 : 7 18 22 30 54 56 59 68 77 84 86 90 96
 95 : 0 10 12 21 28 36 42 48 52 94 95
SOLUTION:
  Value: -98961.000000
  Assigns: 95 11 65 11 4 65 82 90 82 19 95 11 95 4 14 4 11 31 90 19 60 31 90 14 74 11 14 31 31 79 90 31 14 19 60 61 95 60 14 91 60 79 95 91 65 65 91 79 95 79 82 14 95 79 74 4 90 11 91 90 60 61 61 79 11 65 31 79 90 91 31 61 82 91 74 61 14 90 82 79 79 4 82 91 90 19 74 79 11 60 90 91 91 79 95 95 90 60 19 11 
  Facilities: 14
 4 : 4 13 15 55 81
 11 : 1 3 11 16 25 57 64 88 99
 14 : 14 23 26 32 38 51 76
 19 : 9 19 33 85 98
 31 : 17 21 27 28 31 66 70
 60 : 20 34 37 40 60 89 97
 61 : 35 61 62 71 75
 65 : 2 5 44 45 65
 74 : 24 54 74 86
 79 : 29 41 47 49 53 63 67 79 80 87 93
 82 : 6 8 50 72 78 82
 90 : 7 18 22 30 56 59 68 77 84 90 96
 91 : 39 43 46 58 69 73 83 91 92
 95 : 0 10 12 36 42 48 52 94 95
SOLUTION:
  Value: -99068.000000
  Assigns: 95 1 44 1 81 44 82 90 82 33 95 1 95 81 51 81 90 63 90 33 37 27 90 51 82 1 44 27 27 80 90 27 44 33 37 81 95 37 51 69 37 51 95 92 44 44 92 80 95 80 82 51 95 80 27 81 90 1 69 90 37 81 81 63 1 44 63 63 90 69 27 63 82 69 82 81 51 90 82 80 80 81 82 92 90 69 90 80 1 37 90 92 92 80 92 95 90 37 69 1 
  Facilities: 14
 1 : 1 3 11 25 57 64 88 99
 27 : 21 27 28 31 54 70
 33 : 9 19 33
 37 : 20 34 37 40 60 89 97
 44 : 2 5 26 32 44 45 65
 51 : 14 23 38 41 51 76
 63 : 17 63 66 67 71
 69 : 39 58 69 73 85 98
 80 : 29 47 49 53 79 80 87 93
 81 : 4 13 15 35 55 61 62 75 81
 82 : 6 8 24 50 72 74 78 82
 90 : 7 16 18 22 30 56 59 68 77 84 86 90 96
 92 : 43 46 83 91 92 94
 95 : 0 10 12 36 42 48 52 95
SOLUTION:
  Value: -99073.000000
  Assigns: 12 57 26 57 81 26 72 84 72 19 12 57 12 81 26 81 96 31 96 19 60 31 96 26 72 57 26 31 31 79 84 31 26 19 60 81 12 60 26 91 60 79 12 91 26 26 91 79 12 79 72 26 12 79 84 81 84 57 12 84 60 81 81 79 57 26 31 79 84 91 31 81 72 91 72 81 26 96 72 79 79 81 72 91 84 19 84 79 57 60 84 91 91 79 12 12 96 60 19 57 
  Facilities: 12
 12 : 0 10 12 36 42 48 52 58 94 95
 19 : 9 19 33 85 98
 26 : 2 5 14 23 26 32 38 44 45 51 65 76
 31 : 17 21 27 28 31 66 70
 57 : 1 3 11 25 57 64 88 99
 60 : 20 34 37 40 60 89 97
 72 : 6 8 24 50 72 74 78 82
 79 : 29 41 47 49 53 63 67 79 80 87 93
 81 : 4 13 15 35 55 61 62 71 75 81
 84 : 7 30 54 56 59 68 84 86 90
 91 : 39 43 46 69 73 83 91 92
 96 : 16 18 22 77 96
SOLUTION:
  Value: -99211.000000
  Assigns: 95 1 44 1 81 44 82 90 82 33 95 1 95 81 51 81 90 63 90 33 37 27 90 51 82 1 44 27 27 80 90 27 44 33 37 81 95 37 51 69 37 51 95 69 44 44 51 80 95 80 82 51 95 80 27 81 90 1 69 90 37 81 81 63 1 44 63 63 90 69 27 63 82 69 82 81 51 90 82 80 80 81 82 69 90 69 90 80 1 37 90 69 69 80 95 95 90 37 69 1 
  Facilities: 13
 1 : 1 3 11 25 57 64 88 99
 27 : 21 27 28 31 54 70
 33 : 9 19 33
 37 : 20 34 37 40 60 89 97
 44 : 2 5 26 32 44 45 65
 51 : 14 23 38 41 46 51 76
 63 : 17 63 66 67 71
 69 : 39 43 58 69 73 83 85 91 92 98
 80 : 29 47 49 53 79 80 87 93
 81 : 4 13 15 35 55 61 62 75 81
 82 : 6 8 24 50 72 74 78 82
 90 : 7 16 18 22 30 56 59 68 77 84 86 90 96
 95 : 0 10 12 36 42 48 52 94 95
SOLUTION:
  Value: -99305.000000
  Assigns: 95 11 65 11 61 65 82 90 82 19 95 11 95 61 14 61 11 31 90 19 60 31 90 14 74 11 14 31 31 79 90 31 14 19 60 61 95 60 14 91 60 79 95 91 65 65 91 79 95 79 82 14 95 79 74 61 90 11 91 90 60 61 61 79 11 65 31 79 90 91 31 61 82 91 74 61 14 90 82 79 79 61 82 91 90 19 74 79 11 60 90 91 91 79 95 95 90 60 19 11 
  Facilities: 13
 11 : 1 3 11 16 25 57 64 88 99
 14 : 14 23 26 32 38 51 76
 19 : 9 19 33 85 98
 31 : 17 21 27 28 31 66 70
 60 : 20 34 37 40 60 89 97
 61 : 4 13 15 35 55 61 62 71 75 81
 65 : 2 5 44 45 65
 74 : 24 54 74 86
 79 : 29 41 47 49 53 63 67 79 80 87 93
 82 : 6 8 50 72 78 82
 90 : 7 18 22 30 56 59 68 77 84 90 96
 91 : 39 43 46 58 69 73 83 91 92
 95 : 0 10 12 36 42 48 52 94 95
SOLUTION:
  Value: -99309.000000
  Assigns: 12 11 44 11 75 44 82 90 82 19 12 11 12 75 14 75 11 17 68 19 60 68 90 14 82 11 14 17 17 80 90 17 44 19 60 75 12 60 14 39 60 46 12 39 44 44 46 80 12 80 82 14 12 80 68 75 90 11 12 90 60 75 75 17 11 44 17 17 68 39 17 75 82 39 82 75 14 90 82 80 80 75 82 39 68 19 68 80 11 60 90 39 46 80 46 12 90 60 19 11 
  Facilities: 14
 11 : 1 3 11 16 25 57 64 88 99
 12 : 0 10 12 36 42 48 52 58 95
 14 : 14 23 26 38 51 76
 17 : 17 27 28 31 63 66 67 70
 19 : 9 19 33 85 98
 39 : 39 43 69 73 83 91
 44 : 2 5 32 44 45 65
 46 : 41 46 92 94
 60 : 20 34 37 40 60 89 97
 68 : 18 21 54 68 84 86
 75 : 4 13 15 35 55 61 62 71 75 81
 80 : 29 47 49 53 79 80 87 93
 82 : 6 8 24 50 72 74 78 82
 90 : 7 22 30 56 59 77 90 96
SOLUTION:
  Value: -99331.000000
  Assigns: 42 57 44 57 4 44 82 90 82 9 31 57 42 4 14 4 57 31 90 9 40 31 90 14 82 57 14 31 31 80 90 31 44 9 40 35 42 40 14 91 40 80 42 91 44 44 91 80 42 80 82 14 42 80 90 4 90 57 42 90 40 35 35 80 57 44 31 80 90 91 31 35 82 91 82 35 14 90 82 80 80 4 82 91 90 40 90 80 90 57 90 91 91 80 42 42 90 57 91 57 
  Facilities: 13
 4 : 4 13 15 55 81
 9 : 9 19 33
 14 : 14 23 26 38 51 76
 31 : 10 17 21 27 28 31 66 70
 35 : 35 61 62 71 75
 40 : 20 34 37 40 60 85
 42 : 0 12 36 42 48 52 58 94 95
 44 : 2 5 32 44 45 65
 57 : 1 3 11 16 25 57 64 89 97 99
 80 : 29 41 47 49 53 63 67 79 80 87 93
 82 : 6 8 24 50 72 74 78 82
 90 : 7 18 22 30 54 56 59 68 77 84 86 88 90 96
 91 : 39 43 46 69 73 83 91 92 98
