# Time: 61.880001
# Elapsed: 19.662476
# Input_file: pmedian/pmed/pmed1.txt
# Pool_size: 200
# Iterations: 5
# Final_solutions: 900
# Vision_range: 400
# Reduction_mode: REDUCTION_DISPERSE
# Dissimilitude: DISSIM_HAUSDORFF
# Facility_dist: FDISMODE_SUMOFDELTAS
SOLUTION:
  Value: -5843.000000
  Assigns: 25 25 6 6 6 6 6 6 6 12 12 12 12 12 12 12 12 12 6 6 6 6 25 25 25 25 6 25 25 12 25 25 90 90 6 6 12 12 6 12 12 12 12 12 6 6 12 25 6 6 6 6 6 12 12 12 12 12 6 6 6 6 64 64 64 64 64 6 12 12 12 12 12 90 90 90 90 90 90 6 12 12 12 12 12 12 90 90 90 90 90 90 6 64 25 6 64 25 25 25 
  Facilities: 5
 6 : 2 3 4 5 6 7 8 18 19 20 21 26 34 35 38 44 45 48 49 50 51 52 58 59 60 61 67 79 92 95
 12 : 9 10 11 12 13 14 15 16 17 29 36 37 39 40 41 42 43 46 53 54 55 56 57 68 69 70 71 72 80 81 82 83 84 85
 25 : 0 1 22 23 24 25 27 28 30 31 47 94 97 98 99
 64 : 62 63 64 65 66 93 96
 90 : 32 33 73 74 75 76 77 78 86 87 88 89 90 91
SOLUTION:
  Value: -5891.000000
  Assigns: 3 3 3 3 6 6 6 6 98 12 12 12 12 12 12 12 12 12 6 6 6 6 98 98 98 98 3 98 98 12 98 98 3 3 6 6 12 12 6 12 12 12 12 12 3 3 12 98 3 3 6 6 6 12 12 12 12 12 6 6 6 6 6 6 6 3 3 3 12 3 3 3 3 90 90 90 90 90 90 6 12 12 98 12 12 12 90 90 90 90 90 90 6 90 3 6 98 98 98 98 
  Facilities: 5
 3 : 0 1 2 3 26 32 33 44 45 48 49 65 66 67 69 70 71 72 94
 6 : 4 5 6 7 18 19 20 21 34 35 38 50 51 52 58 59 60 61 62 63 64 79 92 95
 12 : 9 10 11 12 13 14 15 16 17 29 36 37 39 40 41 42 43 46 53 54 55 56 57 68 80 81 83 84 85
 90 : 73 74 75 76 77 78 86 87 88 89 90 91 93
 98 : 8 22 23 24 25 27 28 30 31 47 82 96 97 98 99
SOLUTION:
  Value: -5998.000000
  Assigns: 3 3 3 3 6 6 6 6 6 12 12 12 12 12 12 12 12 12 6 6 6 6 3 3 3 3 3 3 3 12 12 3 3 3 6 6 12 12 6 12 12 12 12 12 3 3 12 3 3 3 6 6 6 12 12 12 12 12 6 6 6 6 64 64 64 64 64 3 12 3 3 3 3 90 90 90 90 90 90 6 12 12 12 12 12 12 90 90 90 90 90 90 6 64 3 6 64 3 3 3 
  Facilities: 5
 3 : 0 1 2 3 22 23 24 25 26 27 28 31 32 33 44 45 47 48 49 67 69 70 71 72 94 97 98 99
 6 : 4 5 6 7 8 18 19 20 21 34 35 38 50 51 52 58 59 60 61 79 92 95
 12 : 9 10 11 12 13 14 15 16 17 29 30 36 37 39 40 41 42 43 46 53 54 55 56 57 68 80 81 82 83 84 85
 64 : 62 63 64 65 66 93 96
 90 : 73 74 75 76 77 78 86 87 88 89 90 91
SOLUTION:
  Value: -6012.000000
  Assigns: 3 3 3 3 6 6 6 6 98 12 12 12 12 12 12 12 12 12 6 6 6 6 98 98 98 98 3 98 98 12 98 98 3 3 6 6 12 12 6 12 12 12 12 12 3 3 12 98 3 3 6 6 6 12 12 12 12 12 6 6 6 6 64 64 64 64 64 3 12 3 3 3 3 3 6 12 12 3 3 6 12 12 98 12 12 12 3 3 3 3 3 6 6 64 3 6 98 98 98 98 
  Facilities: 5
 3 : 0 1 2 3 26 32 33 44 45 48 49 67 69 70 71 72 73 77 78 86 87 88 89 90 94
 6 : 4 5 6 7 18 19 20 21 34 35 38 50 51 52 58 59 60 61 74 79 91 92 95
 12 : 9 10 11 12 13 14 15 16 17 29 36 37 39 40 41 42 43 46 53 54 55 56 57 68 75 76 80 81 83 84 85
 64 : 62 63 64 65 66 93
 98 : 8 22 23 24 25 27 28 30 31 47 82 96 97 98 99
SOLUTION:
  Value: -6037.000000
  Assigns: 25 25 6 6 6 6 6 6 6 12 12 12 12 12 12 12 12 12 6 6 6 6 25 25 25 25 6 25 25 12 25 25 90 90 6 6 12 12 6 12 12 12 12 12 6 6 12 96 6 6 6 6 6 12 12 12 12 12 6 6 6 6 6 6 6 96 96 6 12 12 12 12 12 90 90 90 90 90 90 6 12 12 12 12 12 12 90 90 90 90 90 90 6 90 25 96 96 96 25 25 
  Facilities: 5
 6 : 2 3 4 5 6 7 8 18 19 20 21 26 34 35 38 44 45 48 49 50 51 52 58 59 60 61 62 63 64 67 79 92
 12 : 9 10 11 12 13 14 15 16 17 29 36 37 39 40 41 42 43 46 53 54 55 56 57 68 69 70 71 72 80 81 82 83 84 85
 25 : 0 1 22 23 24 25 27 28 30 31 94 98 99
 90 : 32 33 73 74 75 76 77 78 86 87 88 89 90 91 93
 96 : 47 65 66 95 96 97
SOLUTION:
  Value: -6076.000000
  Assigns: 3 3 3 3 6 6 6 6 98 36 36 36 12 12 12 36 12 36 6 6 36 6 98 98 98 98 3 98 98 12 98 98 3 3 6 36 36 36 36 12 12 12 12 36 3 3 12 98 3 3 6 6 6 12 12 12 12 12 6 6 6 6 6 6 6 3 3 3 12 3 3 3 3 3 6 12 12 3 3 6 36 36 36 12 12 12 3 3 3 3 3 6 6 3 36 6 98 98 98 98 
  Facilities: 5
 3 : 0 1 2 3 26 32 33 44 45 48 49 65 66 67 69 70 71 72 73 77 78 86 87 88 89 90 93
 6 : 4 5 6 7 18 19 21 34 50 51 52 58 59 60 61 62 63 64 74 79 91 92 95
 12 : 12 13 14 16 29 39 40 41 42 46 53 54 55 56 57 68 75 76 83 84 85
 36 : 9 10 11 15 17 20 35 36 37 38 43 80 81 82 94
 98 : 8 22 23 24 25 27 28 30 31 47 96 97 98 99
SOLUTION:
  Value: -6118.000000
  Assigns: 25 25 6 6 6 6 6 6 6 12 12 12 12 12 12 12 12 12 6 6 6 6 25 25 25 25 6 25 25 12 25 25 90 90 6 6 12 12 6 12 12 12 12 12 6 46 46 46 6 6 6 6 6 12 12 12 12 12 6 6 6 6 6 6 6 6 6 6 12 12 12 12 12 90 90 90 90 90 90 6 12 12 12 12 12 12 90 90 90 90 90 90 6 90 25 6 25 25 25 25 
  Facilities: 5
 6 : 2 3 4 5 6 7 8 18 19 20 21 26 34 35 38 44 48 49 50 51 52 58 59 60 61 62 63 64 65 66 67 79 92 95
 12 : 9 10 11 12 13 14 15 16 17 29 36 37 39 40 41 42 43 53 54 55 56 57 68 69 70 71 72 80 81 82 83 84 85
 25 : 0 1 22 23 24 25 27 28 30 31 94 96 97 98 99
 46 : 45 46 47
 90 : 32 33 73 74 75 76 77 78 86 87 88 89 90 91 93
SOLUTION:
  Value: -6169.000000
  Assigns: 25 25 6 6 6 6 6 6 6 12 12 12 12 12 12 12 12 12 6 6 6 6 25 25 25 25 6 25 25 12 25 25 90 90 6 6 12 12 39 39 12 12 12 12 6 6 12 25 6 6 6 6 6 39 12 12 12 12 6 6 6 6 6 6 6 6 6 6 12 12 12 12 12 90 90 90 90 90 90 6 12 12 12 12 12 12 90 90 90 90 90 90 6 90 25 6 25 25 25 25 
  Facilities: 5
 6 : 2 3 4 5 6 7 8 18 19 20 21 26 34 35 44 45 48 49 50 51 52 58 59 60 61 62 63 64 65 66 67 79 92 95
 12 : 9 10 11 12 13 14 15 16 17 29 36 37 40 41 42 43 46 54 55 56 57 68 69 70 71 72 80 81 82 83 84 85
 25 : 0 1 22 23 24 25 27 28 30 31 47 94 96 97 98 99
 39 : 38 39 53
 90 : 32 33 73 74 75 76 77 78 86 87 88 89 90 91 93
SOLUTION:
  Value: -6194.000000
  Assigns: 3 3 3 3 6 6 6 6 6 12 12 12 12 12 12 12 12 12 6 6 6 6 3 3 3 3 3 3 3 12 12 3 3 3 6 6 12 12 6 12 12 12 12 12 3 3 12 96 3 3 6 6 6 12 12 12 12 12 6 6 6 6 6 6 6 96 96 3 12 3 3 3 3 90 90 90 90 90 90 6 12 12 12 12 12 12 90 90 90 90 90 90 6 90 3 96 96 96 3 3 
  Facilities: 5
 3 : 0 1 2 3 22 23 24 25 26 27 28 31 32 33 44 45 48 49 67 69 70 71 72 94 98 99
 6 : 4 5 6 7 8 18 19 20 21 34 35 38 50 51 52 58 59 60 61 62 63 64 79 92
 12 : 9 10 11 12 13 14 15 16 17 29 30 36 37 39 40 41 42 43 46 53 54 55 56 57 68 80 81 82 83 84 85
 90 : 73 74 75 76 77 78 86 87 88 89 90 91 93
 96 : 47 65 66 95 96 97
SOLUTION:
  Value: -6215.000000
  Assigns: 3 3 3 3 6 6 6 6 6 12 12 12 12 12 12 12 12 12 6 6 6 6 3 3 3 3 3 3 3 12 12 3 3 3 6 6 12 12 6 12 12 12 12 12 3 46 46 46 3 3 6 6 6 12 12 12 12 12 6 6 6 6 6 6 6 3 3 3 12 3 3 3 3 90 90 90 90 90 90 6 12 12 12 12 12 12 90 90 90 90 90 90 6 90 3 6 3 3 3 3 
  Facilities: 5
 3 : 0 1 2 3 22 23 24 25 26 27 28 31 32 33 44 48 49 65 66 67 69 70 71 72 94 96 97 98 99
 6 : 4 5 6 7 8 18 19 20 21 34 35 38 50 51 52 58 59 60 61 62 63 64 79 92 95
 12 : 9 10 11 12 13 14 15 16 17 29 30 36 37 39 40 41 42 43 53 54 55 56 57 68 80 81 82 83 84 85
 46 : 45 46 47
 90 : 73 74 75 76 77 78 86 87 88 89 90 91 93
