# Time: 68797.492188
# Elapsed: 4519.739258
# Input_file: splp/KoerkelGhosh-asym/750/a/ga750a-2
# Pool_size: 1000
# Iterations: 100
# Final_solutions: 93307
# Vision_range: 0
# Reduction_mode: REDUCTION_RANDOM
SOLUTION:
  Value: -763636.000000
  Assigns: 282 437 182 718 437 109 13 153 13 454 672 210 509 428 549 358 490 179 428 113 709 210 315 356 718 109 538 153 643 44 206 549 182 446 236 683 643 446 109 446 709 432 351 233 125 721 318 210 210 721 153 125 446 422 182 119 153 538 358 182 258 125 234 446 57 39 167 386 446 288 179 119 721 529 300 454 374 149 318 318 358 683 641 295 446 549 57 149 233 529 426 358 44 381 386 672 581 167 119 549 39 527 295 509 509 381 57 236 644 206 179 109 581 641 641 709 159 315 490 258 538 580 182 718 282 108 709 549 374 386 538 318 428 446 109 149 490 179 509 39 374 44 490 39 446 287 300 159 182 210 143 580 446 17 167 258 113 644 143 44 538 101 238 153 643 108 490 210 236 109 644 386 454 17 17 233 39 13 39 153 422 315 683 287 426 101 386 381 490 282 13 538 490 428 318 643 315 210 428 351 238 386 108 428 432 580 454 426 159 527 149 538 490 422 234 39 358 351 538 644 113 428 13 143 234 426 643 119 282 356 549 206 381 288 288 437 236 538 13 44 125 153 351 509 709 108 549 351 358 538 287 529 446 206 374 718 549 149 258 233 238 143 356 113 234 672 432 287 428 108 182 432 644 234 386 446 288 288 351 643 709 179 581 125 580 210 509 143 109 125 149 490 318 109 437 282 432 295 538 57 437 182 143 234 709 182 490 422 437 236 282 549 182 432 386 287 295 288 641 17 108 236 101 641 672 149 580 386 258 529 153 210 581 374 428 641 282 210 432 238 258 538 159 549 643 644 206 300 315 315 356 300 125 529 167 238 386 672 39 236 672 101 351 454 179 206 318 236 233 234 236 13 672 210 490 57 233 236 258 233 108 374 446 644 300 108 57 236 13 300 721 288 167 490 153 683 167 236 358 644 179 538 644 641 167 721 153 149 17 374 683 718 381 238 643 381 206 109 437 318 381 683 643 282 356 295 143 167 527 57 580 234 529 315 236 549 287 236 490 386 318 358 210 287 381 315 721 454 179 125 432 432 549 580 718 17 159 315 351 315 581 641 233 358 125 318 44 44 287 39 44 432 233 236 108 159 358 709 721 356 288 709 386 143 167 182 437 17 721 119 538 234 119 119 238 426 374 167 683 13 113 356 381 538 149 358 374 153 143 153 300 529 108 381 159 13 644 422 509 287 641 125 527 109 13 386 57 282 529 446 358 258 721 428 109 119 721 683 509 437 509 549 422 282 374 101 318 672 374 288 358 57 422 282 206 295 108 282 108 300 182 358 683 233 113 356 236 527 709 422 527 454 529 206 490 44 159 300 641 57 422 236 300 234 358 549 125 238 509 580 109 57 233 490 258 315 538 113 318 672 282 454 236 351 709 300 149 709 509 206 282 109 159 39 125 644 683 295 527 101 709 315 721 426 179 426 119 549 113 236 644 113 258 381 109 101 125 446 454 44 39 381 454 288 17 210 119 529 437 381 39 437 381 581 39 236 643 426 44 351 108 351 119 287 529 44 428 672 386 315 529 718 580 17 538 109 683 432 167 206 233 182 101 358 125 210 644 258 287 233 315 17 234 300 381 358 44 300 233 238 454 109 13 44 527 529 233 315 581 108 374 490 721 358 718 374 358 182 167 44 426 509 109 159 238 454 236 287 643 351 426 238 527 295 643 709 113 295 529 644 351 454 358 210 300 581 351 683 125 113 
  Facilities: 61
 13 : 6 8 177 190 222 238 371 388 499 515 524 702
 17 : 153 173 174 319 408 455 487 644 673 691
 39 : 65 100 139 143 176 178 215 358 469 613 640 650 654
 44 : 29 92 141 159 239 466 467 470 575 639 658 665 696 703 719
 57 : 64 86 106 299 375 386 429 526 551 579 591
 101 : 161 185 322 361 545 619 635 682
 108 : 125 165 202 245 269 320 380 385 474 512 556 558 660 709
 109 : 5 25 38 111 134 169 288 293 417 523 534 590 611 634 675 701 722
 113 : 19 156 220 263 500 564 597 628 631 736 749
 119 : 55 71 98 227 489 492 493 535 626 646 662
 125 : 44 51 61 240 283 289 352 449 464 521 586 614 636 684 748
 143 : 150 158 223 261 287 302 426 483 508
 149 : 77 87 135 210 257 290 325 407 504 606
 153 : 7 27 50 56 163 179 241 330 394 406 507 509
 159 : 116 147 208 342 456 475 514 576 612 723
 167 : 66 97 154 354 392 396 404 427 484 497 678 718
 179 : 17 70 110 137 281 364 400 448 624
 182 : 2 32 54 59 122 148 270 301 305 312 485 560 681 717
 206 : 30 109 231 253 346 365 416 554 573 609 679
 210 : 11 21 47 48 149 167 197 285 331 337 373 442 645 685 743
 233 : 43 88 175 259 368 376 379 462 472 563 592 680 689 698 706
 234 : 62 214 224 264 273 303 369 431 491 583 692
 236 : 34 107 168 236 309 321 359 367 370 377 387 397 434 437 473 566 581 602 629 655 726
 238 : 162 200 260 339 355 413 494 587 699 724 731
 258 : 60 119 155 258 328 340 378 531 594 632 687
 282 : 0 124 189 228 295 310 336 423 527 543 553 557 600 610
 287 : 145 183 250 267 315 436 443 468 519 663 688 727
 288 : 69 233 234 276 277 317 391 480 549 643
 295 : 83 102 297 316 425 555 617 733 737
 300 : 74 146 347 351 384 389 510 559 577 582 605 693 697 744
 315 : 22 117 181 196 348 349 433 445 457 459 595 621 669 690 707
 318 : 46 78 79 131 194 292 366 419 440 465 546 598
 351 : 42 199 217 242 247 278 362 458 603 659 661 729 740 746
 356 : 23 229 262 350 424 479 501 565
 358 : 15 58 80 91 216 248 398 441 463 476 505 530 550 561 584 683 695 713 716 742
 374 : 76 128 140 254 333 381 409 496 506 544 548 710 715
 381 : 93 105 187 232 412 415 420 444 502 513 633 641 649 652 694
 386 : 67 94 129 171 186 201 274 314 327 356 439 482 525 668
 422 : 53 180 213 307 517 542 552 569 580
 426 : 90 184 207 225 495 623 625 657 720 730
 428 : 13 18 132 193 198 203 221 268 334 533 666
 432 : 41 204 266 271 296 313 338 450 451 471 677
 437 : 1 4 235 294 300 308 418 486 539 648 651
 446 : 33 37 39 52 63 68 84 133 144 152 252 275 382 529 637
 454 : 9 75 172 206 363 447 571 601 638 642 700 725 741
 490 : 16 118 136 142 166 188 192 212 291 306 374 393 438 574 593 711
 509 : 12 103 104 138 243 286 518 538 540 588 608 721
 527 : 101 209 428 522 567 570 618 704 732
 529 : 73 89 251 329 353 432 511 528 572 647 664 670 705 738
 538 : 26 57 120 130 160 191 211 218 237 249 298 341 401 490 503 596 674
 549 : 14 31 85 99 127 230 246 256 311 343 435 452 541 585 627
 580 : 121 151 205 284 326 430 453 589 672
 581 : 96 112 282 332 460 653 708 745
 641 : 82 113 114 318 323 335 403 461 520 578
 643 : 28 36 164 195 226 279 344 414 422 656 728 734
 644 : 108 157 170 219 272 345 383 399 402 516 615 630 686 739
 672 : 10 95 265 324 357 360 372 547 599 667
 683 : 35 81 182 395 410 421 498 537 562 616 676 747
 709 : 20 40 115 126 244 280 304 477 481 568 604 607 620 735
 718 : 3 24 123 255 411 454 671 714
 721 : 45 49 72 390 405 446 478 488 532 536 622 712
SOLUTION:
  Value: -763641.000000
  Assigns: 282 153 182 573 437 213 13 153 13 454 672 210 509 580 549 358 490 179 315 113 709 210 315 672 581 589 538 153 643 44 213 549 182 446 236 683 643 446 109 446 709 711 351 233 125 203 318 210 210 721 153 125 446 422 182 119 153 538 358 182 258 125 234 446 57 39 426 386 446 288 179 119 721 529 300 454 374 149 318 318 358 683 641 295 446 711 57 149 233 529 426 262 44 149 386 672 581 167 119 549 39 527 295 509 509 113 57 236 644 119 179 109 581 641 641 709 159 315 490 258 538 580 182 589 282 108 709 549 374 711 538 318 213 446 109 454 490 179 509 39 374 44 490 39 446 287 300 159 182 213 143 580 446 589 167 258 113 644 143 44 538 426 238 153 643 422 490 210 236 109 644 386 454 17 17 233 39 13 39 153 422 315 287 287 426 295 203 167 490 282 13 538 490 589 318 643 315 210 589 351 238 386 108 262 432 580 454 426 159 527 149 538 490 422 234 39 358 213 562 644 113 17 709 143 234 426 643 119 203 351 549 203 426 288 288 437 236 538 13 44 125 153 351 509 573 108 549 351 358 538 287 529 446 562 573 262 549 149 258 233 238 143 644 113 234 672 432 287 295 108 182 432 644 234 386 446 288 288 351 643 709 179 581 125 580 210 509 143 109 125 149 490 318 109 437 562 432 295 538 57 437 182 143 234 709 182 490 573 437 236 573 549 182 432 386 287 295 288 641 17 573 236 149 641 672 149 580 386 258 529 153 210 581 374 143 641 262 210 432 238 258 538 159 549 643 644 562 300 315 315 203 300 125 529 167 238 386 672 39 236 672 426 351 454 179 295 562 236 573 234 213 13 672 210 490 57 233 236 258 233 562 374 446 125 300 108 57 236 13 300 711 288 167 490 153 683 167 236 358 644 179 538 644 641 167 721 153 149 17 374 262 562 581 238 643 426 589 109 437 318 262 683 643 282 589 295 143 167 527 57 580 234 529 315 236 549 287 236 490 386 318 358 210 287 454 315 721 262 711 125 432 432 203 580 119 17 159 315 351 315 581 641 233 358 125 318 44 44 287 39 44 432 233 236 108 159 358 709 721 109 288 709 562 143 167 182 437 589 721 119 538 234 119 119 238 426 374 167 683 13 113 562 641 538 149 358 374 153 143 153 562 529 108 213 159 13 644 422 509 287 641 125 527 109 143 386 57 282 529 446 358 258 213 167 109 119 721 262 509 437 509 549 422 282 374 562 318 672 374 288 358 57 422 282 490 295 108 282 108 300 182 711 683 233 113 351 236 527 711 422 527 454 529 374 490 44 159 300 641 57 422 711 300 234 358 549 125 238 509 580 109 57 318 490 258 262 538 113 318 672 282 454 236 351 709 300 149 709 509 44 282 203 159 39 125 644 683 295 527 262 709 315 721 426 179 426 119 549 113 236 454 113 258 210 109 589 125 446 454 44 39 143 454 288 213 210 119 529 437 262 39 437 287 581 39 236 643 426 44 351 108 351 119 287 529 44 153 672 386 315 529 589 580 17 538 109 683 432 167 711 233 182 374 358 125 210 644 258 287 233 315 17 234 300 527 358 44 300 233 238 454 109 13 44 527 711 233 315 581 562 374 490 721 358 238 374 358 182 167 262 262 509 109 159 238 454 236 287 643 351 426 238 527 295 643 709 113 295 529 644 351 454 358 210 562 581 351 683 125 113 
  Facilities: 62
 13 : 6 8 177 190 238 371 388 499 515 702
 17 : 173 174 221 319 408 455 673 691
 39 : 65 100 139 143 176 178 215 358 469 613 640 650 654
 44 : 29 92 141 159 239 466 467 470 575 609 639 658 665 696 703
 57 : 64 86 106 299 375 386 429 526 551 579 591
 108 : 125 202 245 269 385 474 512 556 558 660
 109 : 38 111 134 169 288 293 417 479 523 534 590 634 675 701 722
 113 : 19 105 156 220 263 500 564 597 628 631 736 749
 119 : 55 71 98 109 227 454 489 492 493 535 626 646 662
 125 : 44 51 61 240 283 289 352 383 449 464 521 586 614 636 684 748
 143 : 150 158 223 261 287 302 334 426 483 508 524 641
 149 : 77 87 93 210 257 290 322 325 407 504 606
 153 : 1 7 27 50 56 163 179 241 330 394 406 507 509 666
 159 : 116 147 208 342 456 475 514 576 612 723
 167 : 97 154 187 354 392 396 404 427 484 497 533 678 718
 179 : 17 70 110 137 281 364 400 624
 182 : 2 32 54 59 122 148 270 301 305 312 485 560 681 717
 203 : 45 186 228 231 350 452 611
 210 : 11 21 47 48 167 197 285 331 337 373 442 633 645 685 743
 213 : 5 30 132 149 217 370 513 532 644
 233 : 43 88 175 259 376 379 462 472 563 680 689 698 706
 234 : 62 214 224 264 273 303 369 431 491 583 692
 236 : 34 107 168 236 309 321 359 367 377 387 397 434 437 473 566 602 629 655 726
 238 : 162 200 260 339 355 413 494 587 699 714 724 731
 258 : 60 119 155 258 328 340 378 531 594 632 687
 262 : 91 203 255 336 410 420 447 537 595 619 649 719 720
 282 : 0 124 189 423 527 543 553 557 600 610
 287 : 145 182 183 250 267 315 436 443 468 519 652 663 688 727
 288 : 69 233 234 276 277 317 391 480 549 643
 295 : 83 102 185 268 297 316 365 425 555 617 733 737
 300 : 74 146 347 351 384 389 559 577 582 605 693 697
 315 : 18 22 117 181 196 348 349 433 445 457 459 621 669 690 707
 318 : 46 78 79 131 194 292 419 440 465 546 592 598
 351 : 42 199 229 242 247 278 362 458 565 603 659 661 729 740 746
 358 : 15 58 80 216 248 398 441 463 476 505 530 550 584 683 695 713 716 742
 374 : 76 128 140 333 381 409 496 506 544 548 573 682 710 715
 386 : 67 94 171 201 274 314 327 356 439 525 668
 422 : 53 165 180 213 517 542 552 569 580
 426 : 66 90 161 184 207 225 232 361 415 495 623 625 657 730
 432 : 204 266 271 296 313 338 450 451 471 677
 437 : 4 235 294 300 308 418 486 539 648 651
 446 : 33 37 39 52 63 68 84 133 144 152 252 275 382 529 637
 454 : 9 75 135 172 206 363 444 571 601 630 638 642 700 725 741
 490 : 16 118 136 142 166 188 192 212 291 306 374 393 438 554 574 593 711
 509 : 12 103 104 138 243 286 518 538 540 588 608 721
 527 : 101 209 428 522 567 570 618 694 704 732
 529 : 73 89 251 329 353 432 511 528 572 647 664 670 738
 538 : 26 57 120 130 160 191 211 237 249 298 341 401 490 503 596 674
 549 : 14 31 99 127 230 246 256 311 343 435 541 585 627
 562 : 218 253 295 346 366 380 411 482 501 510 545 709 744
 573 : 3 244 254 307 310 320 368
 580 : 13 121 151 205 284 326 430 453 589 672
 581 : 24 96 112 282 332 412 460 653 708 745
 589 : 25 123 153 193 198 416 424 487 635 671
 641 : 82 113 114 318 323 335 403 461 502 520 578
 643 : 28 36 164 195 226 279 344 414 422 656 728 734
 644 : 108 157 170 219 262 272 345 399 402 516 615 686 739
 672 : 10 23 95 265 324 357 360 372 547 599 667
 683 : 35 81 395 421 498 562 616 676 747
 709 : 20 40 115 126 222 280 304 477 481 604 607 620 735
 711 : 41 85 129 390 448 561 568 581 679 705
 721 : 49 72 405 446 478 488 536 622 712
SOLUTION:
  Value: -763659.000000
  Assigns: 282 153 182 573 288 589 13 153 13 109 236 210 375 428 549 636 29 179 428 513 285 210 288 356 581 589 538 153 643 169 206 549 182 446 236 285 730 446 109 446 300 432 375 233 125 130 318 210 210 356 153 125 446 318 182 119 153 538 358 182 258 169 234 446 57 39 426 386 446 288 179 119 573 529 300 381 374 285 318 285 358 683 386 295 446 549 57 318 233 529 426 167 130 381 386 468 581 167 119 549 39 527 295 446 706 381 233 236 644 206 179 109 581 130 236 490 159 562 490 258 285 580 285 29 542 108 119 513 374 513 538 318 428 446 109 542 490 179 435 39 374 730 490 29 446 287 300 159 182 210 143 580 446 589 167 258 236 169 143 79 285 426 238 153 643 108 7 375 236 109 644 386 386 318 71 233 39 13 39 153 169 57 287 287 426 513 386 381 490 282 13 542 490 428 318 643 549 210 589 706 238 386 108 428 432 513 143 426 159 7 287 538 490 542 510 39 358 573 562 644 282 428 13 143 285 426 643 119 282 356 549 206 426 288 288 130 236 538 13 285 435 153 153 130 573 108 285 446 358 538 287 529 446 206 706 130 549 285 258 375 238 143 356 71 234 79 432 285 428 108 182 432 644 234 386 446 288 288 730 643 643 179 581 125 580 71 636 143 109 125 468 490 71 109 28 562 432 7 538 57 513 182 143 234 730 182 490 573 167 79 573 549 468 432 386 287 295 288 109 510 573 236 169 28 375 683 580 386 258 529 153 210 581 374 428 706 282 71 432 238 258 538 706 549 643 644 206 300 375 29 356 300 125 529 468 238 386 435 39 236 636 426 318 285 28 206 562 236 573 234 236 13 490 210 7 57 233 236 258 233 562 374 446 125 300 108 57 236 13 300 238 288 167 490 153 683 167 236 435 644 179 513 644 468 167 153 153 490 636 374 683 562 381 130 643 513 206 109 71 318 381 542 643 282 589 295 143 167 527 57 580 234 529 513 236 549 287 236 490 386 29 468 210 287 381 79 29 683 169 636 432 432 549 580 119 7 159 7 428 636 581 233 233 358 125 318 589 730 287 39 79 432 233 236 108 159 29 468 28 356 510 318 562 143 167 182 130 589 386 169 730 234 119 119 238 426 375 468 683 13 182 562 381 538 7 358 374 153 143 153 562 529 7 381 159 13 510 167 510 287 130 125 527 109 29 386 57 282 529 468 358 258 375 428 109 119 510 683 636 285 730 549 375 510 374 29 318 381 374 288 358 130 130 282 206 295 108 282 108 300 182 358 28 233 236 356 236 527 706 7 527 182 529 169 490 39 159 300 295 57 589 542 300 234 7 29 125 79 513 580 109 57 233 490 258 435 538 538 318 375 282 542 236 428 108 300 169 643 730 206 282 542 159 39 125 71 683 295 527 71 706 513 580 426 179 426 7 706 542 236 644 426 258 381 109 589 542 446 71 513 39 381 125 288 28 210 119 529 644 468 375 318 287 581 39 236 643 426 182 29 108 71 119 287 529 706 428 513 386 79 529 589 580 233 538 109 683 432 167 206 7 182 374 358 125 210 375 258 287 233 542 238 234 300 381 358 538 300 233 29 529 109 13 573 527 542 233 375 581 562 374 490 159 358 375 374 358 182 167 513 426 234 109 435 238 206 236 287 643 295 426 238 527 295 643 29 79 295 529 130 109 159 358 210 562 581 285 468 7 7 
  Facilities: 65
 7 : 166 209 297 374 455 457 504 512 569 584 626 680 748 749
 13 : 6 8 177 190 222 238 371 388 499 515 702
 28 : 294 323 364 478 562 644
 29 : 16 123 143 349 440 446 476 524 545 585 659 699 735
 39 : 65 100 139 176 178 215 358 469 575 613 640 654
 57 : 64 86 181 299 375 386 429 526 579 591
 71 : 174 263 285 292 337 418 615 619 638 661
 79 : 159 265 309 445 470 587 669 736
 108 : 125 165 202 245 269 385 474 556 558 604 660
 109 : 9 38 111 134 169 288 293 318 417 523 534 590 634 675 701 722 740
 119 : 55 71 98 126 227 454 492 493 535 646 662
 125 : 44 51 283 289 352 383 464 521 586 614 642 684
 130 : 45 92 113 235 243 255 413 486 520 551 552 739
 143 : 150 158 206 223 261 287 302 426 483 508
 153 : 1 7 27 50 56 163 179 241 242 330 394 405 406 507 509
 159 : 116 147 208 456 475 514 576 612 712 741
 167 : 91 97 154 308 392 396 404 427 484 517 678 718
 169 : 29 61 157 180 322 448 489 573 606
 179 : 17 70 110 137 281 400 624
 182 : 2 32 54 59 148 270 301 305 485 500 560 571 658 681 717
 206 : 30 109 231 253 346 365 416 554 609 679 725
 210 : 11 21 47 48 149 197 331 373 442 645 685 743
 233 : 43 88 106 175 376 379 461 462 472 563 592 673 689 698 706
 234 : 62 264 273 303 369 431 491 583 692 721
 236 : 10 34 107 114 156 168 236 321 359 367 370 377 387 397 434 437 473 564 566 602 629 655 726
 238 : 162 200 260 339 355 390 494 691 724 731
 258 : 60 119 155 258 328 340 378 531 594 632 687
 282 : 0 189 220 228 336 423 527 553 557 600 610
 285 : 20 35 77 79 120 122 160 224 239 246 257 267 363 539 746
 287 : 145 182 183 210 250 315 436 443 468 519 652 663 688 727
 288 : 4 22 69 233 234 276 277 317 391 549 643
 295 : 83 102 316 425 555 578 617 729 733 737
 300 : 40 74 146 347 351 384 389 559 577 582 605 693 697
 318 : 46 53 78 87 131 173 194 362 419 465 481 546 598 651
 356 : 23 49 229 262 350 479 565
 358 : 58 80 216 248 463 505 530 550 561 683 695 713 716 742
 374 : 76 128 140 333 381 409 506 544 548 682 710 715
 375 : 12 42 167 259 324 348 496 532 542 599 650 686 707 714
 381 : 75 93 105 187 412 420 444 502 513 547 633 641 694
 386 : 67 82 94 171 172 186 201 274 314 327 356 439 488 525 668
 426 : 66 90 161 184 207 225 232 361 495 623 625 631 657 720 730
 428 : 13 18 132 193 203 221 268 334 458 533 603 666
 432 : 41 204 266 271 296 313 338 450 451 471 677
 435 : 138 240 357 398 595 723
 446 : 33 37 39 52 63 68 84 103 133 144 152 247 252 275 382 637
 468 : 95 290 312 354 403 441 477 497 529 649 747
 490 : 115 118 136 142 188 192 212 291 306 372 393 407 438 574 593 711
 510 : 214 319 480 516 518 536 543
 513 : 19 127 129 185 205 300 401 415 433 588 621 639 667 719
 527 : 101 428 522 567 570 618 704 732
 529 : 73 89 251 329 353 432 511 528 572 647 664 670 700 738
 538 : 26 57 130 211 237 249 298 341 503 596 597 674 696
 542 : 124 135 191 213 421 581 601 611 628 636 690 705
 549 : 14 31 85 99 196 230 256 311 343 435 452 541
 562 : 117 218 295 366 380 411 482 501 510 709 744
 573 : 3 72 217 244 307 310 320 368 703
 580 : 121 151 284 326 430 453 589 622 672
 581 : 24 96 112 282 332 460 653 708 745
 589 : 5 25 153 198 424 466 487 580 635 671
 636 : 15 286 360 408 449 459 538
 643 : 28 164 195 226 279 280 344 414 422 607 656 728 734
 644 : 108 170 219 272 345 399 402 630 648
 683 : 81 325 395 410 447 498 537 616 676
 706 : 104 199 254 335 342 568 620 627 665
 730 : 36 141 278 304 467 490 540 608
SOLUTION:
  Value: -763660.000000
  Assigns: 282 437 182 138 437 589 13 153 13 454 672 210 509 580 549 358 490 179 315 113 709 210 315 672 581 589 538 153 643 44 206 549 182 446 236 683 643 446 109 138 709 711 351 233 125 721 318 210 210 721 153 125 446 422 182 119 153 538 358 182 258 125 234 446 57 39 167 386 446 288 179 119 721 529 300 454 374 149 318 318 358 683 641 295 446 711 57 149 233 529 138 358 44 381 386 672 581 167 119 549 563 527 563 509 509 381 233 236 644 206 179 109 581 641 641 709 159 315 490 258 538 580 182 589 282 108 709 549 374 711 538 318 683 446 109 454 490 179 509 39 374 44 490 39 446 287 300 159 182 210 143 580 446 589 167 258 113 644 143 44 538 101 238 295 643 108 490 210 236 109 644 386 454 17 17 233 563 13 39 153 422 315 683 287 490 101 386 381 490 282 13 538 490 589 318 643 315 210 589 351 238 386 108 39 432 580 454 563 159 527 149 538 490 422 234 39 358 351 562 644 113 17 709 143 234 44 643 119 282 351 549 206 381 288 288 437 236 538 13 44 125 153 351 509 709 108 549 351 358 538 287 529 446 206 374 563 549 149 258 233 238 143 563 113 234 672 432 287 295 108 182 432 644 234 386 446 288 288 351 643 709 179 581 125 580 210 509 143 109 125 149 490 318 109 437 562 432 295 538 57 437 182 143 234 709 182 490 422 437 236 282 549 182 432 386 287 295 288 641 17 108 563 101 641 672 149 580 386 258 529 153 210 581 374 143 641 282 210 432 238 258 138 159 549 643 644 206 300 315 315 138 300 125 529 167 238 386 672 39 236 672 101 351 454 179 206 562 236 233 234 236 13 672 210 490 57 233 236 258 233 562 374 446 644 300 108 57 236 13 300 711 288 167 490 153 683 167 236 138 563 179 538 644 641 167 721 153 149 17 374 683 562 381 238 643 381 206 109 437 318 381 683 643 282 589 295 143 167 527 138 580 234 529 315 236 549 287 236 490 386 318 358 210 287 381 138 721 683 711 538 432 432 549 580 119 17 159 315 351 315 581 641 233 358 125 318 44 44 287 39 44 432 233 236 108 159 358 709 721 109 288 709 562 143 167 182 437 589 721 119 138 234 119 119 101 643 374 167 683 13 113 562 381 538 149 358 374 153 143 153 562 529 108 381 159 13 644 422 509 287 138 125 527 109 143 386 57 282 529 138 358 138 721 167 109 119 721 683 509 437 509 549 422 282 374 101 318 672 374 288 358 57 422 282 206 295 108 282 108 300 182 711 683 233 113 351 236 527 711 422 527 454 529 206 490 44 159 300 641 57 422 711 300 234 358 549 125 238 509 580 109 57 233 490 258 315 538 113 318 672 282 454 236 351 709 300 149 709 509 206 282 109 159 39 125 563 683 295 527 101 709 315 721 490 179 490 119 549 113 236 644 113 258 381 109 589 125 446 454 44 39 381 454 288 17 210 119 529 437 381 39 437 381 581 39 236 643 563 44 351 108 351 119 287 529 44 101 672 386 315 529 589 580 17 538 109 683 432 167 711 233 182 101 358 125 210 644 258 287 233 315 17 234 300 381 358 44 300 233 238 454 109 13 44 527 711 233 315 581 562 374 490 721 358 238 374 358 182 167 44 422 509 109 159 238 454 236 287 643 351 288 238 527 295 643 709 113 295 529 644 351 454 358 210 562 581 351 683 125 113 
  Facilities: 62
 13 : 6 8 177 190 238 371 388 499 515 702
 17 : 173 174 221 319 408 455 644 673 691
 39 : 65 139 143 178 203 215 358 469 613 640 650 654
 44 : 29 92 141 159 225 239 466 467 470 575 639 658 665 696 703 719
 57 : 64 86 299 375 386 526 551 579 591
 101 : 161 185 322 361 494 545 619 666 682
 108 : 125 165 202 245 269 320 385 474 512 556 558 660
 109 : 38 111 134 169 288 293 417 479 523 534 590 611 634 675 701 722
 113 : 19 156 220 263 500 564 597 628 631 736 749
 119 : 55 71 98 227 454 489 492 493 535 626 646 662
 125 : 44 51 61 240 283 289 352 464 521 586 614 636 684 748
 138 : 3 39 90 341 350 398 429 445 490 520 529 531
 143 : 150 158 223 261 287 302 334 426 483 508 524
 149 : 77 87 210 257 290 325 407 504 606
 153 : 7 27 50 56 179 241 330 394 406 507 509
 159 : 116 147 208 342 456 475 514 576 612 723
 167 : 66 97 154 354 392 396 404 427 484 497 533 678 718
 179 : 17 70 110 137 281 364 400 624
 182 : 2 32 54 59 122 148 270 301 305 312 485 560 681 717
 206 : 30 109 231 253 346 365 416 554 573 609
 210 : 11 21 47 48 149 167 197 285 331 337 373 442 645 685 743
 233 : 43 88 106 175 259 368 376 379 462 472 563 592 680 689 698 706
 234 : 62 214 224 264 273 303 369 431 491 583 692
 236 : 34 107 168 236 309 359 367 370 377 387 397 434 437 473 566 602 629 655 726
 238 : 162 200 260 339 355 413 587 699 714 724 731
 258 : 60 119 155 258 328 340 378 594 632 687
 282 : 0 124 189 228 310 336 423 527 543 553 557 600 610
 287 : 145 183 250 267 315 436 443 468 519 663 688 727
 288 : 69 233 234 276 277 317 391 480 549 643 730
 295 : 83 163 268 297 316 425 555 617 733 737
 300 : 74 146 347 351 384 389 559 577 582 605 693 697
 315 : 18 22 117 181 196 348 349 433 457 459 595 621 669 690 707
 318 : 46 78 79 131 194 292 419 440 465 546 598
 351 : 42 199 217 229 242 247 278 362 458 565 603 659 661 729 740 746
 358 : 15 58 80 91 216 248 441 463 476 505 530 550 584 683 695 713 716 742
 374 : 76 128 140 254 333 381 409 496 506 544 548 710 715
 381 : 93 105 187 232 412 415 420 444 502 513 633 641 649 652 694
 386 : 67 94 171 186 201 274 314 327 356 439 525 668
 422 : 53 180 213 307 517 542 552 569 580 720
 432 : 204 266 271 296 313 338 450 451 471 677
 437 : 1 4 235 294 300 308 418 486 539 648 651
 446 : 33 37 52 63 68 84 133 144 152 252 275 382 637
 454 : 9 75 135 172 206 363 571 601 638 642 700 725 741
 490 : 16 118 136 142 166 184 188 192 212 291 306 374 393 438 574 593 623 625 711
 509 : 12 103 104 138 243 286 518 538 540 588 608 721
 527 : 101 209 428 522 567 570 618 704 732
 529 : 73 89 251 329 353 432 511 528 572 647 664 670 738
 538 : 26 57 120 130 160 191 211 237 249 298 401 449 503 596 674
 549 : 14 31 99 127 230 246 256 311 343 435 452 541 585 627
 562 : 218 295 366 380 411 482 501 510 709 744
 563 : 100 102 176 207 255 262 321 399 615 657
 580 : 13 121 151 205 284 326 430 453 589 672
 581 : 24 96 112 282 332 460 653 708 745
 589 : 5 25 123 153 193 198 424 487 635 671
 641 : 82 113 114 318 323 335 403 461 578
 643 : 28 36 164 195 226 279 344 414 422 495 656 728 734
 644 : 108 157 170 219 272 345 383 402 516 630 686 739
 672 : 10 23 95 265 324 357 360 372 547 599 667
 683 : 35 81 132 182 395 410 421 447 498 537 562 616 676 747
 709 : 20 40 115 126 222 244 280 304 477 481 604 607 620 735
 711 : 41 85 129 390 448 561 568 581 679 705
 721 : 45 49 72 405 446 478 488 532 536 622 712
SOLUTION:
  Value: -763663.000000
  Assigns: 282 153 182 573 226 589 13 153 13 109 236 210 375 428 549 358 29 179 428 113 285 210 315 356 581 589 538 153 643 169 206 549 182 446 236 103 730 446 109 446 300 432 375 233 125 130 318 210 210 356 153 125 446 318 182 119 153 538 358 182 258 169 234 446 226 39 426 386 446 288 179 119 573 529 300 381 374 103 318 285 358 683 386 295 446 549 57 103 233 529 130 167 130 381 386 468 581 167 119 549 39 527 295 446 706 381 233 236 644 206 179 109 581 130 236 490 159 315 490 258 285 580 285 103 282 108 119 513 374 103 538 318 428 446 109 103 250 179 590 39 374 730 490 29 446 287 300 103 182 210 143 580 590 103 167 258 113 169 143 590 285 426 238 153 643 108 7 375 236 109 644 386 386 226 71 233 39 13 39 153 169 315 287 287 426 513 386 381 490 282 13 538 490 428 318 643 315 210 589 706 238 386 108 428 432 513 143 426 159 7 287 538 490 226 510 39 358 573 538 644 113 428 13 143 285 426 643 119 282 356 549 206 426 288 288 130 236 538 13 285 125 153 153 130 573 108 285 446 358 226 287 529 446 206 706 130 549 285 258 375 238 143 356 71 234 513 432 285 428 108 182 432 644 234 386 446 288 288 730 643 643 179 581 125 580 71 513 143 109 125 468 490 71 103 103 282 432 7 538 57 513 182 143 234 730 182 490 573 167 236 573 549 468 432 386 287 295 288 109 510 573 236 169 28 375 683 580 386 258 529 153 210 581 374 428 706 282 71 432 238 258 538 103 549 643 644 206 250 315 29 356 300 125 529 468 238 386 103 39 236 250 426 318 285 28 206 318 236 573 234 236 13 490 210 7 57 233 236 258 233 226 374 446 125 590 108 57 236 13 300 238 288 167 490 153 683 167 236 590 644 179 513 644 468 167 153 153 490 590 103 683 529 381 130 643 513 206 109 71 318 381 683 643 282 589 295 143 103 527 57 580 234 529 315 236 159 287 236 490 386 29 468 210 287 381 315 226 250 169 125 432 432 549 580 119 7 159 315 428 315 581 233 233 358 125 318 589 730 287 39 130 432 233 236 108 159 29 468 28 356 510 250 386 143 167 182 130 589 386 169 730 234 119 119 238 426 375 468 683 13 113 103 381 538 7 358 374 153 143 153 300 529 103 381 159 13 510 167 510 287 130 125 527 109 29 386 103 282 529 468 358 258 375 428 109 119 510 683 315 285 730 549 375 510 29 29 318 381 374 288 358 130 130 282 206 295 108 282 108 300 182 358 28 233 113 356 236 527 706 7 527 182 529 169 103 39 159 300 295 57 589 236 300 234 7 29 125 238 513 580 109 57 233 490 258 315 538 113 318 375 282 109 236 428 108 300 169 643 730 206 282 109 159 39 125 71 683 295 527 71 706 513 103 426 179 426 7 706 113 236 644 113 258 381 109 589 125 446 71 250 39 381 125 288 28 210 119 529 250 468 375 318 287 581 39 236 643 426 182 250 108 71 119 287 529 706 428 513 386 315 529 589 580 233 538 109 683 432 167 206 7 182 590 358 125 210 375 258 287 233 315 238 234 300 381 358 538 300 233 29 529 109 13 573 527 529 233 315 581 108 374 490 159 358 375 374 358 182 167 513 426 234 109 159 238 206 236 287 643 295 426 238 527 295 643 29 113 295 226 130 109 159 358 210 300 581 285 468 7 7 
  Facilities: 66
 7 : 166 209 297 374 455 504 569 584 626 680 748 749
 13 : 6 8 177 190 222 238 371 388 499 515 702
 28 : 323 364 478 562 644
 29 : 16 143 349 440 476 524 544 545 585 699 735
 39 : 65 100 139 176 178 215 358 469 575 613 640 654
 57 : 86 299 375 386 429 579 591
 71 : 174 263 285 292 337 418 615 619 638 661
 103 : 35 77 87 123 129 135 147 153 293 294 342 357 409 427 501 512 526 574 622
 108 : 125 165 202 245 269 385 474 556 558 604 660 709
 109 : 9 38 111 134 169 288 318 417 523 534 590 601 611 634 675 701 722 740
 113 : 19 156 220 500 564 597 628 631 736
 119 : 55 71 98 126 227 454 492 493 535 646 662
 125 : 44 51 240 283 289 352 383 449 464 521 586 614 636 642 684
 130 : 45 90 92 113 235 243 255 413 470 486 520 551 552 739
 143 : 150 158 206 223 261 287 302 426 483 508
 153 : 1 7 27 50 56 163 179 241 242 330 394 405 406 507 509
 159 : 116 208 435 456 475 514 576 612 712 723 741
 167 : 91 97 154 308 392 396 404 484 517 678 718
 169 : 29 61 157 180 322 448 489 573 606
 179 : 17 70 110 137 281 400 624
 182 : 2 32 54 59 148 270 301 305 485 560 571 658 681 717
 206 : 30 109 231 253 346 365 416 554 609 679 725
 210 : 11 21 47 48 149 197 331 373 442 645 685 743
 226 : 4 64 173 213 249 380 446 738
 233 : 43 88 106 175 376 379 461 462 472 563 592 673 689 698 706
 234 : 62 264 273 303 369 431 491 583 692 721
 236 : 10 34 107 114 168 236 309 321 359 367 370 377 387 397 434 437 473 566 581 602 629 655 726
 238 : 162 200 260 339 355 390 494 587 691 724 731
 250 : 136 347 360 447 481 639 648 659
 258 : 60 119 155 258 328 340 378 531 594 632 687
 282 : 0 124 189 228 295 336 423 527 553 557 600 610
 285 : 20 79 120 122 160 224 239 246 257 267 363 539 746
 287 : 145 182 183 210 250 315 436 443 468 519 652 663 688 727
 288 : 69 233 234 276 277 317 391 549 643
 295 : 83 102 316 425 555 578 617 729 733 737
 300 : 40 74 146 351 389 510 559 577 582 605 693 697 744
 315 : 22 117 181 196 348 433 445 457 459 538 595 669 690 707
 318 : 46 53 78 131 194 362 366 419 465 546 598 651
 356 : 23 49 229 262 350 479 565
 358 : 15 58 80 216 248 463 505 530 550 561 683 695 713 716 742
 374 : 76 128 140 333 381 506 548 710 715
 375 : 12 42 167 259 324 496 532 542 599 650 686 714
 381 : 75 93 105 187 412 420 444 502 513 547 633 641 694
 386 : 67 82 94 171 172 186 201 274 314 327 356 439 482 488 525 668
 426 : 66 161 184 207 225 232 361 495 623 625 657 720 730
 428 : 13 18 132 193 203 221 268 334 458 533 603 666
 432 : 41 204 266 271 296 313 338 450 451 471 677
 446 : 33 37 39 52 63 68 84 103 133 144 247 252 275 382 637
 468 : 95 290 312 354 403 441 477 497 529 649 747
 490 : 115 118 142 188 192 212 291 306 372 393 407 438 593 711
 510 : 214 319 480 516 518 536 543
 513 : 127 185 205 265 286 300 401 415 588 621 667 719
 527 : 101 428 522 567 570 618 704 732
 529 : 73 89 251 329 353 411 432 511 528 572 647 664 670 700 705
 538 : 26 57 130 191 211 218 237 298 341 503 596 674 696
 549 : 14 31 85 99 230 256 311 343 452 541
 573 : 3 72 217 244 307 310 320 368 703
 580 : 121 151 284 326 430 453 589 672
 581 : 24 96 112 282 332 460 653 708 745
 589 : 5 25 198 424 466 487 580 635 671
 590 : 138 152 159 384 398 408 682
 643 : 28 164 195 226 279 280 344 414 422 607 656 728 734
 644 : 108 170 219 272 345 399 402 630
 683 : 81 325 395 410 421 498 537 616 676
 706 : 104 199 254 335 568 620 627 665
 730 : 36 141 278 304 467 490 540 608
SOLUTION:
  Value: -763664.000000
  Assigns: 0 479 182 361 248 109 13 153 13 469 293 210 375 428 295 636 490 109 614 113 556 210 561 561 0 361 538 385 643 169 561 556 182 479 236 103 643 535 109 533 533 533 351 262 469 479 318 210 210 742 153 368 361 524 182 119 153 538 358 182 258 169 315 468 742 153 562 0 169 288 169 119 258 529 300 454 374 103 318 318 358 683 248 295 524 614 236 103 358 529 614 262 44 381 742 468 375 561 119 101 385 527 556 361 706 381 119 236 644 614 293 109 143 17 0 490 469 315 490 258 538 169 182 103 282 631 119 385 374 103 538 318 428 198 109 103 340 469 469 340 374 293 490 248 113 87 300 103 182 631 143 529 113 103 153 258 113 169 143 479 614 101 533 295 643 262 385 375 236 109 644 358 454 17 17 490 0 13 631 153 169 315 535 287 490 101 385 381 490 282 13 538 490 479 318 643 315 210 0 706 315 87 562 428 469 340 454 361 479 527 561 538 490 556 293 103 358 351 562 644 113 428 293 143 479 44 643 119 282 351 614 643 381 535 288 385 368 538 13 44 182 153 351 644 636 198 631 351 358 538 287 529 631 87 706 262 556 282 258 361 13 143 533 113 535 683 432 533 428 169 182 432 644 198 561 385 556 288 351 643 643 432 248 295 479 385 636 143 109 524 468 490 318 103 103 562 432 295 538 293 385 182 143 375 368 182 490 0 101 236 282 535 468 432 282 287 295 288 109 17 198 236 169 533 375 683 0 340 258 529 153 524 533 374 428 706 262 210 432 248 258 538 103 381 643 644 562 368 315 315 87 300 631 0 468 143 368 103 538 236 636 101 351 368 340 479 562 236 198 368 236 13 490 210 490 524 561 293 258 340 562 374 358 644 300 17 198 236 631 300 479 288 535 490 153 683 469 236 358 644 631 538 644 468 428 153 153 490 17 103 262 562 381 153 643 469 469 109 282 318 381 683 643 282 636 295 143 103 527 614 236 432 529 315 236 561 287 236 490 87 318 468 210 287 381 614 340 262 169 636 432 432 469 432 119 17 262 315 351 636 561 469 87 358 368 318 44 44 287 683 44 361 293 236 282 535 524 198 340 109 293 318 198 143 479 182 524 17 375 169 533 706 248 119 101 643 375 468 683 13 113 103 381 538 742 358 374 153 143 153 293 529 103 381 293 13 556 87 198 368 293 361 527 109 143 198 103 282 529 468 358 258 375 428 109 119 631 262 636 479 361 524 375 469 374 101 318 293 374 288 358 282 614 282 490 295 614 282 428 300 293 358 248 182 113 351 524 527 706 0 527 742 529 169 103 44 340 300 295 119 44 236 300 113 358 293 454 524 614 533 109 614 318 87 258 262 87 248 318 375 282 454 236 351 236 524 524 643 535 44 282 631 119 533 368 742 683 295 527 262 706 293 631 262 432 561 119 706 113 236 454 113 258 381 109 340 533 258 454 44 318 381 454 288 556 210 119 529 535 262 375 44 287 101 368 236 368 368 44 351 556 351 119 287 529 706 428 535 340 315 293 535 385 17 538 109 683 432 706 182 361 182 101 358 87 210 375 258 287 432 315 17 109 300 381 358 742 300 101 469 454 109 13 44 87 556 561 361 248 562 374 490 468 742 375 374 358 182 198 262 262 561 109 524 742 454 236 287 643 351 385 614 527 295 643 636 385 295 529 644 631 454 358 210 562 381 351 468 288 524 
  Facilities: 61
 0 : 0 24 67 114 176 198 307 326 353 569
 13 : 6 8 177 190 238 260 371 499 515 702
 17 : 113 173 174 319 385 408 455 487 673 691
 44 : 92 225 239 466 467 470 575 580 609 639 651 658 703
 87 : 145 201 253 350 439 462 517 593 596 684 704
 101 : 99 161 185 308 361 494 545 653 682 698
 103 : 35 77 87 123 129 135 147 153 215 293 294 342 357 409 427 501 512 526 574
 109 : 5 17 38 111 134 169 288 318 417 479 523 534 590 634 675 692 701 722
 113 : 19 144 152 156 220 263 500 564 583 628 631
 119 : 55 71 98 106 126 227 454 493 535 579 612 626 646 662
 143 : 112 150 158 223 261 287 302 355 426 483 508 524
 153 : 7 50 56 65 154 179 241 330 394 405 406 413 507 509
 169 : 29 61 68 70 121 157 180 269 322 448 489 573
 182 : 2 32 54 59 122 148 240 270 301 305 485 563 679 681 717
 198 : 133 245 273 320 368 386 477 482 518 525 718
 210 : 11 21 47 48 197 337 373 442 645 685 743
 236 : 34 86 107 168 309 321 359 367 370 387 397 430 434 437 473 581 602 604 629 655 726
 248 : 4 82 143 282 339 492 562 597 708
 258 : 60 72 119 155 258 328 340 378 531 594 632 637 687
 262 : 43 91 165 255 336 410 447 456 537 595 619 623 649 719 720
 282 : 124 189 228 257 310 314 418 423 474 527 551 553 557 600 610
 287 : 183 250 315 436 443 468 652 663 688 727
 288 : 69 234 277 317 391 549 643 748
 293 : 10 110 141 214 222 299 377 472 480 510 514 520 547 560 585 621 670
 295 : 14 83 163 283 297 316 425 555 578 617 733 737
 300 : 74 146 351 384 389 559 577 582 693 697
 315 : 62 117 181 196 200 348 349 433 457 669 690
 318 : 46 78 79 131 194 292 419 440 465 481 546 592 598 640
 340 : 136 139 205 327 364 379 446 478 576 635 668
 351 : 42 217 229 242 247 278 362 458 565 603 659 661 729 746
 358 : 58 80 88 171 216 248 382 398 463 505 530 550 561 584 683 695 716 742
 361 : 3 25 52 103 207 259 471 521 540 680 707
 368 : 51 236 304 347 356 363 369 464 519 614 654 656 657
 374 : 76 128 140 333 381 506 544 548 710 715
 375 : 12 96 167 303 324 488 496 532 542 599 650 686 714
 381 : 93 105 187 232 343 412 420 444 502 513 633 641 694 745
 385 : 27 100 127 166 186 235 275 285 300 672 730 736
 428 : 13 132 203 221 268 334 404 533 558 666
 432 : 266 271 281 296 313 338 431 450 451 453 624 677 689
 454 : 75 172 206 586 601 630 638 642 700 725 741
 468 : 63 95 290 312 354 403 441 497 529 712 747
 469 : 9 44 116 137 138 204 396 415 416 452 461 543 699
 479 : 1 33 45 159 193 208 224 284 365 390 484 539
 490 : 16 115 118 142 175 184 188 192 212 291 306 372 374 393 407 438 554 711
 524 : 53 84 289 331 375 476 486 541 566 587 605 606 723 749
 527 : 101 209 428 522 567 570 618 732
 529 : 73 89 151 251 329 432 511 528 572 647 664 738
 533 : 39 40 41 162 262 267 323 332 490 589 613 636
 535 : 37 182 233 264 311 392 475 608 648 667 671
 538 : 26 57 120 130 191 211 237 249 298 341 358 401 503 674
 556 : 20 31 102 213 256 276 516 644 660 705
 561 : 22 23 30 97 210 274 376 435 460 625 706 721
 562 : 66 202 218 295 346 366 380 411 709 744
 614 : 18 85 90 109 160 230 429 445 552 556 588 591 731
 631 : 125 149 178 246 252 352 388 400 536 611 622 740
 636 : 15 244 286 360 424 449 459 538 735
 643 : 28 36 164 195 226 231 279 280 344 414 422 495 607 728 734
 644 : 108 170 219 243 272 345 383 399 402 739
 683 : 81 265 325 395 421 469 498 616 676
 706 : 104 199 254 335 491 568 620 627 665 678
 742 : 49 64 94 504 571 615 696 713 724
SOLUTION:
  Value: -763665.000000
  Assigns: 282 153 182 138 694 109 13 153 13 109 236 210 509 428 549 358 490 179 428 513 709 210 67 358 581 109 538 274 643 399 206 549 182 504 274 103 643 328 109 138 709 432 351 233 13 485 318 210 210 721 153 67 399 318 182 119 153 538 358 182 258 119 234 426 57 39 167 386 380 67 179 119 721 529 300 485 374 149 318 318 358 57 641 295 509 549 57 149 233 529 138 167 44 381 386 67 581 167 119 549 274 527 295 509 509 381 233 236 644 206 179 109 581 641 641 709 328 315 490 258 538 580 182 103 542 108 709 513 374 103 538 318 428 163 109 542 250 179 509 39 374 44 490 274 694 287 300 103 182 210 143 580 504 103 167 258 236 644 143 44 538 426 238 295 643 108 490 210 236 109 644 386 386 318 67 233 39 13 39 153 513 315 287 287 426 513 386 274 490 282 13 328 490 428 318 643 315 210 694 67 238 386 108 428 432 513 143 426 381 527 149 538 490 542 504 39 358 351 538 644 282 428 709 143 234 426 643 119 282 351 549 206 381 288 288 138 236 538 13 44 182 153 351 509 513 108 549 351 358 538 287 529 580 206 374 399 549 149 258 233 238 143 380 542 234 513 432 287 428 108 504 432 644 234 386 485 288 288 351 643 274 179 581 295 580 210 509 143 109 163 149 490 318 103 103 282 432 295 538 57 513 182 143 234 709 182 490 399 167 485 282 549 182 432 504 287 295 288 641 709 108 236 149 641 380 149 580 386 258 529 153 210 581 374 428 641 282 210 432 238 258 138 103 549 643 644 206 250 315 315 138 300 274 529 167 238 386 103 39 236 250 426 351 282 179 206 318 236 380 234 236 13 274 210 490 57 328 236 258 233 67 374 274 644 300 108 57 236 13 300 721 288 167 490 153 485 167 236 138 644 179 513 644 641 167 721 153 149 328 103 287 274 381 238 643 513 206 109 380 399 381 542 643 282 163 295 328 167 527 138 580 234 529 315 236 549 287 236 490 386 721 358 210 287 381 138 721 250 179 163 432 432 549 580 119 143 167 315 351 315 581 641 233 358 328 318 44 44 287 39 44 432 233 236 108 643 358 709 721 109 288 709 386 143 274 182 504 399 721 67 138 399 119 119 238 426 374 167 485 13 274 103 381 399 149 485 374 153 143 153 300 529 103 381 163 13 644 167 509 287 138 250 527 109 143 386 103 282 529 138 358 138 721 428 109 119 721 432 509 549 509 549 163 380 374 694 318 380 374 288 358 57 274 694 206 295 485 282 108 300 182 358 381 233 380 351 236 527 709 206 527 328 529 542 103 163 295 300 641 57 44 542 300 234 163 549 580 238 509 580 109 57 163 490 694 315 694 538 318 274 282 542 236 351 709 300 149 709 509 206 282 542 513 39 399 485 581 295 527 504 709 513 721 426 179 426 119 549 542 236 644 426 258 381 109 380 542 258 163 250 39 381 57 288 39 210 119 529 250 381 39 44 381 581 39 236 485 426 44 351 108 351 119 287 529 44 428 513 386 504 529 103 580 399 538 109 138 432 167 206 233 182 374 358 138 210 644 258 287 233 315 238 234 300 381 358 44 300 233 238 529 109 13 44 527 542 233 315 581 108 374 490 721 358 238 374 358 182 167 44 426 509 109 67 238 206 236 287 643 351 426 238 527 295 643 709 67 295 694 67 351 380 358 210 300 485 504 163 380 399 
  Facilities: 62
 13 : 6 8 44 177 190 238 371 388 499 515 702
 39 : 65 139 176 178 215 358 469 613 640 644 650 654
 44 : 92 141 159 239 466 467 470 580 651 658 665 696 703 719
 57 : 64 81 86 299 375 386 551 579 591 642
 67 : 22 51 69 95 174 199 380 489 723 736 739
 103 : 35 123 129 147 153 293 294 342 357 409 501 512 526 574 671
 108 : 125 165 202 245 269 320 385 474 558 660 709
 109 : 5 9 25 38 111 134 169 288 417 479 523 534 590 634 675 701 722
 119 : 55 61 71 98 227 454 492 493 535 626 646 662
 138 : 3 39 90 235 341 350 398 429 445 490 520 529 531 676 684
 143 : 150 158 206 223 261 287 302 455 483 508 524
 149 : 77 87 210 257 290 322 325 407 504 606
 153 : 1 7 50 56 179 241 330 394 406 507 509
 163 : 133 289 424 449 514 542 575 584 592 638 747
 167 : 66 91 97 154 308 354 392 396 404 427 456 497 517 678 718
 179 : 17 70 110 137 281 364 400 448 624
 182 : 2 32 54 59 122 148 240 301 305 312 485 560 681 717
 206 : 30 109 231 253 346 365 416 554 569 609 679 725
 210 : 11 21 47 48 149 167 197 285 331 337 373 442 645 685 743
 233 : 43 88 106 175 259 379 462 472 563 680 689 698 706
 234 : 62 224 264 273 303 369 431 583 692
 236 : 10 107 156 168 236 321 359 367 370 377 387 397 434 437 473 566 602 629 655 726
 238 : 162 200 260 339 355 413 494 587 691 699 714 724 731
 250 : 136 347 360 447 521 639 648
 258 : 60 119 155 258 328 340 378 632 637 687
 274 : 27 34 100 143 187 280 352 372 382 411 484 500 552 599
 282 : 0 189 220 228 295 310 336 363 423 527 557 600 610
 287 : 145 182 183 250 267 315 410 436 443 468 519 663 688 727
 288 : 233 234 276 277 317 391 480 549 643
 295 : 83 102 163 283 297 316 425 555 576 617 733 737
 300 : 74 146 351 384 389 510 559 577 582 605 693 697 744
 315 : 117 181 196 348 349 433 457 459 595 690 707
 318 : 46 53 78 79 131 173 194 292 366 465 546 598
 328 : 37 116 191 376 408 426 464 571
 351 : 42 217 229 242 247 278 362 458 565 603 659 661 729 740
 358 : 15 23 58 80 216 248 441 463 476 530 550 561 683 695 713 716 742
 374 : 76 128 140 254 333 381 496 506 544 548 682 710 715
 380 : 68 262 324 368 418 543 547 564 635 741 748
 381 : 93 105 208 232 412 420 444 502 513 562 633 641 649 652 694
 386 : 67 94 171 172 186 201 274 327 356 439 482 525 668
 399 : 29 52 255 307 419 487 491 503 614 673 749
 426 : 63 161 184 207 225 361 495 623 625 631 657 720 730
 428 : 13 18 132 193 203 221 268 334 533 666
 432 : 41 204 266 271 296 313 338 450 451 471 537 677
 485 : 45 75 275 309 395 498 505 556 615 656 745
 490 : 16 118 142 166 188 192 212 291 306 374 393 438 593 711
 504 : 33 152 214 270 314 486 619 669 746
 509 : 12 84 103 104 138 243 286 518 538 540 588 608 721
 513 : 19 127 180 185 205 244 265 300 401 415 612 621 667
 527 : 101 209 428 522 567 570 618 704 732
 529 : 73 89 251 329 353 432 511 528 572 647 664 670 700
 538 : 26 57 120 130 160 211 218 237 249 298 597 674
 542 : 124 135 213 263 421 573 581 601 611 628 636 705
 549 : 14 31 85 99 230 246 256 311 343 435 452 539 541 585 627
 580 : 121 151 252 284 326 430 453 586 589 672
 581 : 24 96 112 282 332 460 616 653 708
 641 : 82 113 114 318 323 335 403 461 578
 643 : 28 36 164 195 226 279 344 414 422 475 728 734
 644 : 108 157 170 219 272 345 383 399 402 516 630 686
 694 : 4 144 198 545 553 594 596 738
 709 : 20 40 115 126 222 304 319 477 481 568 604 607 620 735
 721 : 49 72 390 405 440 446 478 488 532 536 622 712
SOLUTION:
  Value: -763669.000000
  Assigns: 282 153 182 573 694 589 13 153 13 469 236 210 70 428 517 358 490 109 428 513 709 210 67 356 581 589 538 153 549 169 206 549 182 446 236 285 70 446 109 446 709 432 473 233 469 130 318 210 210 356 153 67 446 70 182 119 153 538 358 182 258 169 234 446 57 39 426 386 446 67 169 119 573 529 300 517 374 285 318 285 358 683 386 295 446 549 57 318 233 529 130 167 130 381 386 468 581 167 119 549 39 57 70 446 188 381 233 236 644 206 70 109 581 130 236 709 159 315 490 258 285 580 285 589 542 631 709 513 374 513 538 318 428 446 109 542 250 469 469 517 188 730 490 7 694 287 300 159 182 631 549 72 446 589 167 473 236 169 7 28 538 517 72 153 70 108 7 210 236 109 644 386 386 318 67 233 39 13 39 153 169 315 287 287 426 513 386 381 490 282 13 328 490 428 318 72 315 210 589 67 238 386 108 428 432 513 72 426 159 7 287 538 490 542 234 39 358 573 473 644 282 428 709 730 285 426 517 119 473 356 549 206 426 288 288 130 236 538 13 285 182 153 517 130 573 108 285 446 358 538 287 529 446 206 188 130 549 285 258 233 238 57 356 71 234 513 432 285 428 108 72 432 644 234 386 446 288 288 730 631 709 517 581 295 580 71 513 549 517 730 468 490 71 109 28 282 432 7 538 57 513 182 386 234 709 182 490 573 167 236 573 549 468 432 386 287 295 288 109 473 573 236 169 28 295 683 580 386 258 529 153 210 581 374 428 683 282 71 432 238 258 538 159 473 356 644 206 250 315 315 356 300 631 529 72 238 386 473 39 236 250 426 318 285 28 206 318 236 573 234 236 13 490 210 7 57 328 236 258 233 67 709 446 644 300 108 57 236 631 300 238 288 167 490 153 683 469 236 72 644 631 513 644 468 573 70 153 490 188 374 683 529 381 130 130 469 206 109 71 318 381 542 233 282 589 295 328 167 188 517 580 234 573 315 236 159 287 236 490 386 318 468 210 287 381 328 167 250 169 694 432 432 549 580 119 7 159 315 428 315 581 469 233 358 328 318 72 730 287 39 469 432 233 236 108 159 358 709 28 356 288 709 386 469 167 182 130 589 386 169 730 234 119 119 238 426 374 468 683 13 182 356 381 538 7 358 374 153 206 153 300 529 7 381 159 13 644 167 57 287 130 250 631 109 13 386 57 282 529 468 358 258 473 428 109 119 631 683 315 285 730 473 328 469 374 694 318 381 374 288 358 130 130 694 206 295 288 282 108 473 182 358 28 233 236 356 236 428 709 7 328 328 529 169 490 39 159 300 517 57 589 542 300 234 7 549 473 238 513 580 109 57 233 490 694 315 694 631 70 517 282 542 236 428 709 300 169 709 730 206 282 542 159 39 39 71 683 295 709 71 709 513 631 188 432 426 7 549 542 236 644 473 258 381 109 589 542 446 71 250 39 381 517 288 28 210 119 529 250 468 39 318 287 581 39 236 188 426 182 250 108 71 119 287 529 730 428 513 386 315 529 589 580 233 538 109 683 432 167 206 7 182 374 188 72 72 513 258 287 233 315 238 234 300 381 358 538 300 233 238 529 72 13 573 473 70 233 315 581 108 374 490 159 358 238 374 358 182 167 513 70 234 109 67 238 206 236 287 381 295 426 238 70 295 469 709 67 295 694 130 631 159 358 210 300 581 285 468 7 7 
  Facilities: 65
 7 : 143 158 166 209 297 374 455 504 512 569 584 626 680 748 749
 13 : 6 8 177 190 238 371 499 515 524 702
 28 : 159 294 323 364 478 562 644
 39 : 65 100 176 178 215 358 469 575 613 614 640 650 654
 57 : 64 86 101 261 299 375 386 518 526 579 591
 67 : 22 51 69 174 199 380 723 736
 70 : 12 36 53 102 110 164 405 598 705 720 732
 71 : 263 285 292 337 418 615 619 638 661
 72 : 151 162 195 206 270 354 398 466 684 685 701
 108 : 165 202 245 269 385 474 558 660 709
 109 : 17 38 111 134 169 293 318 417 523 534 590 634 675 722
 119 : 55 71 98 227 454 492 493 535 646 662
 130 : 45 90 92 113 235 243 255 413 414 486 520 551 552 739
 153 : 1 7 27 50 56 163 179 241 330 394 406 507 509
 159 : 116 147 208 342 435 456 475 514 576 612 712 741
 167 : 91 97 154 308 392 427 446 484 517 678 718
 169 : 29 61 70 157 180 322 448 489 573 606
 182 : 2 32 54 59 148 240 301 305 485 500 560 658 681 717
 188 : 104 140 254 408 428 623 656 683
 206 : 30 109 231 253 346 365 416 508 554 609 679 725
 210 : 11 21 47 48 167 197 331 373 442 645 743
 233 : 43 88 106 175 259 379 422 462 472 563 592 673 689 698 706
 234 : 62 214 264 273 303 369 431 491 583 692 721
 236 : 10 34 107 114 156 168 236 309 321 359 367 370 377 387 397 434 437 473 564 566 602 629 655 726
 238 : 200 260 339 355 390 494 587 691 699 714 724 731
 250 : 136 347 360 447 521 639 648 659
 258 : 60 119 258 328 340 378 531 632 687
 282 : 0 189 220 295 336 423 527 557 600 610
 285 : 35 77 79 120 122 224 239 246 257 267 363 539 746
 287 : 145 182 183 210 250 315 436 443 468 519 652 663 688 727
 288 : 233 234 276 277 317 391 480 549 556 643
 295 : 83 283 316 324 425 555 617 729 733 737
 300 : 74 146 351 384 389 510 577 582 605 693 697 744
 315 : 117 181 196 348 349 433 457 459 538 595 669 690 707
 318 : 46 78 87 131 173 194 362 366 419 440 465 546 651
 328 : 191 376 426 445 464 542 570 571
 356 : 23 49 229 262 344 350 479 501 565
 358 : 15 58 80 216 248 463 476 505 530 550 561 695 713 716 742
 374 : 76 128 333 409 496 506 544 548 682 710 715
 381 : 93 105 187 412 420 444 502 513 547 633 641 694 728
 386 : 67 82 94 171 172 186 201 274 302 314 327 356 439 482 488 525 668
 426 : 66 184 207 225 232 361 495 625 657 730
 428 : 13 18 132 193 203 221 268 334 458 533 567 603 666
 432 : 41 204 266 271 296 313 338 450 451 471 624 677
 446 : 33 37 39 52 63 68 84 103 133 152 247 252 275 382 637
 468 : 95 290 312 403 441 497 529 649 747
 469 : 9 44 137 138 396 415 461 470 483 543 734
 473 : 42 155 218 228 319 343 357 532 541 559 586 631 704
 490 : 16 118 142 188 192 212 291 306 372 393 407 438 574 593 711
 513 : 19 127 129 185 205 265 286 300 401 588 621 667 686 719
 517 : 14 75 139 161 226 242 281 288 429 578 599 642
 529 : 73 89 251 329 353 411 511 528 572 647 664 670 700
 538 : 26 57 130 160 211 237 249 298 341 503 674 696
 542 : 124 135 213 421 581 601 611 628 636
 549 : 28 31 85 99 150 230 256 287 311 452 585 627
 573 : 3 72 217 244 307 310 320 368 404 432 703
 580 : 121 284 326 430 453 589 672
 581 : 24 96 112 282 332 460 653 708 745
 589 : 5 25 123 153 198 424 487 580 635 671
 631 : 125 149 279 352 388 400 522 536 597 622 740
 644 : 108 170 219 272 345 383 399 402 516 630
 683 : 81 325 335 395 410 498 537 616 676
 694 : 4 144 449 545 553 594 596 738
 709 : 20 40 115 126 222 280 304 381 477 481 568 604 607 618 620 735
 730 : 141 223 278 289 467 490 540 608 665
SOLUTION:
  Value: -763670.000000
  Assigns: 282 153 182 573 248 109 13 153 13 109 423 210 509 428 549 358 490 179 428 328 709 210 67 356 581 109 538 153 643 169 206 549 182 446 236 103 643 446 109 446 709 432 380 233 13 130 318 210 210 721 153 67 446 318 182 119 153 538 358 182 258 169 234 446 57 39 167 386 380 67 179 119 721 529 300 381 374 103 318 285 358 683 248 295 446 549 57 103 233 529 130 167 44 381 386 67 581 167 119 549 39 527 295 509 509 381 233 236 644 206 179 109 581 130 641 709 328 315 490 258 285 580 285 103 542 108 709 549 374 103 538 318 428 446 109 542 250 179 509 39 374 44 490 248 446 287 300 103 182 210 143 580 446 103 167 258 236 169 143 44 538 426 238 153 643 108 490 210 236 109 644 386 386 318 67 233 39 13 39 153 169 315 287 287 426 295 386 381 490 282 13 328 490 428 318 643 315 210 428 67 238 386 108 428 432 580 143 426 381 527 287 538 490 542 234 39 358 573 538 644 282 428 709 143 285 426 643 119 282 356 549 206 381 288 288 130 236 538 13 44 182 153 153 509 573 108 285 248 423 538 287 529 446 206 573 130 549 285 258 233 238 143 356 542 234 683 432 285 428 108 182 432 644 234 386 446 288 288 234 643 709 423 581 295 580 210 509 143 109 163 287 490 318 103 103 282 432 295 538 57 328 182 143 234 709 182 490 573 167 236 573 549 182 432 386 287 295 288 641 709 573 236 169 641 380 683 580 386 258 529 153 210 581 374 428 641 282 210 432 248 258 538 103 549 643 644 206 250 315 315 356 300 287 529 167 238 386 103 39 236 250 426 318 285 179 206 318 236 380 234 236 13 490 210 490 57 328 236 258 233 67 374 446 644 300 108 57 236 13 300 721 288 167 490 153 683 167 236 423 644 179 538 644 641 167 721 153 490 328 103 683 529 381 130 643 381 206 109 380 318 381 542 643 282 163 295 328 167 527 57 580 234 529 315 236 549 287 236 490 386 721 358 210 287 381 328 721 250 169 163 432 432 549 580 119 143 167 315 428 315 581 641 233 358 328 318 44 44 287 39 44 432 233 236 108 643 358 709 721 356 288 709 386 143 167 182 130 206 721 169 538 234 248 119 238 426 374 167 683 13 182 103 381 538 380 358 374 153 143 153 300 529 103 381 163 13 644 167 509 287 130 250 527 109 143 386 103 282 529 446 358 258 721 428 109 119 721 683 509 285 509 549 163 380 374 143 318 380 374 288 358 57 130 282 206 295 108 282 108 300 182 358 248 233 380 356 423 527 709 206 527 328 529 169 103 163 295 300 641 57 44 542 300 234 163 549 580 238 509 580 109 57 163 490 258 315 538 248 318 426 282 542 236 428 709 300 169 709 509 206 282 542 119 39 39 644 683 295 527 103 709 315 721 426 179 426 119 549 542 236 644 426 258 381 109 380 542 446 163 250 39 381 57 288 423 210 119 529 250 381 39 44 381 581 39 236 643 426 44 250 108 509 119 287 529 44 428 287 386 315 529 103 580 233 538 109 683 432 167 206 233 182 374 358 248 210 644 258 287 233 315 238 234 300 381 358 44 300 233 238 529 109 13 44 527 423 233 315 581 108 374 423 721 358 238 374 358 182 167 44 426 509 109 67 238 206 236 287 643 295 426 238 527 295 643 709 67 295 529 130 109 380 358 210 300 581 285 163 380 423 
  Facilities: 62
 13 : 6 8 44 177 190 238 371 388 499 515 702
 39 : 65 100 139 176 178 215 358 469 613 614 640 650 654
 44 : 92 141 159 239 466 467 470 580 651 658 665 696 703 719
 57 : 64 86 299 375 386 429 551 579 591 642
 67 : 22 51 69 95 174 199 380 723 736
 103 : 35 77 87 123 129 147 153 293 294 342 357 409 501 512 526 574 619 671
 108 : 125 165 202 245 269 385 474 556 558 660 709
 109 : 5 9 25 38 111 134 169 288 417 523 534 590 634 675 701 722 740
 119 : 55 71 98 227 454 493 535 612 626 646 662
 130 : 45 90 113 235 255 413 486 520 552 739
 143 : 150 158 206 223 261 287 302 455 483 508 524 545
 153 : 1 7 27 50 56 163 179 241 242 330 394 406 507 509
 163 : 289 424 449 514 542 575 584 592 638 747
 167 : 66 91 97 154 308 354 392 396 404 427 456 484 497 517 678 718
 169 : 29 61 157 180 322 448 489 573 606
 179 : 17 70 110 137 364 400 624
 182 : 2 32 54 59 148 240 270 301 305 312 485 500 560 681 717
 206 : 30 109 231 253 346 365 416 487 554 569 609 679 725
 210 : 11 21 47 48 149 167 197 285 331 337 373 442 645 685 743
 233 : 43 88 106 175 259 379 462 472 563 673 680 689 698 706
 234 : 62 214 264 273 278 303 369 431 491 583 692
 236 : 34 107 156 168 236 309 321 359 367 370 377 387 397 434 437 473 602 629 655 726
 238 : 162 200 260 355 494 587 691 699 714 724 731
 248 : 4 82 143 247 339 492 562 597 684
 250 : 136 347 360 447 521 639 648 659
 258 : 60 119 155 258 328 340 378 531 594 632 687
 282 : 0 189 220 228 295 336 423 527 553 557 600 610
 285 : 79 120 122 224 246 257 267 363 539 746
 287 : 145 182 183 210 250 290 315 352 436 443 468 519 663 667 688 727
 288 : 233 234 276 277 317 391 480 549 643
 295 : 83 102 185 283 297 316 425 555 576 617 729 733 737
 300 : 74 146 351 384 389 510 559 577 582 605 693 697 744
 315 : 117 181 196 348 349 433 457 459 595 621 669 690 707
 318 : 46 53 78 131 173 194 292 362 366 419 465 546 598
 328 : 19 116 191 300 376 408 426 445 464 571
 356 : 23 229 262 350 479 565
 358 : 15 58 80 216 441 463 476 505 530 550 561 683 695 713 716 742
 374 : 76 128 140 333 381 496 506 544 548 682 710 715
 380 : 42 68 324 368 418 504 543 547 564 635 741 748
 381 : 75 93 105 187 208 232 412 415 420 444 502 513 633 641 649 652 694
 386 : 67 94 171 172 186 201 274 314 327 356 439 482 525 668
 423 : 10 248 281 398 566 644 705 711 749
 426 : 161 184 207 225 361 495 599 623 625 631 657 720 730
 428 : 13 18 132 193 198 203 221 268 334 458 533 603 666
 432 : 41 204 266 271 296 313 338 450 451 471 677
 446 : 33 37 39 52 63 84 133 144 152 252 275 382 529 637
 490 : 16 118 142 166 188 192 212 291 306 372 374 393 407 438 593
 509 : 12 103 104 138 243 286 518 538 540 588 608 661 721
 527 : 101 209 428 522 567 570 618 704 732
 529 : 73 89 251 329 353 411 432 511 528 572 647 664 670 700 738
 538 : 26 57 130 160 211 218 237 249 298 341 401 490 503 596 674
 542 : 124 135 213 263 421 581 601 611 628 636
 549 : 14 31 85 99 127 230 256 311 343 435 452 541 585 627
 573 : 3 217 244 254 307 310 320
 580 : 121 151 205 284 326 430 453 586 589 672
 581 : 24 96 112 282 332 460 653 708 745
 641 : 114 318 323 335 403 461 578
 643 : 28 36 164 195 226 279 344 414 422 475 656 728 734
 644 : 108 170 219 272 345 383 399 402 516 615 630 686
 683 : 81 265 325 395 410 498 537 616 676
 709 : 20 40 115 126 222 280 304 319 477 481 568 604 607 620 735
 721 : 49 72 390 405 440 446 478 488 532 536 622 712
SOLUTION:
  Value: -763671.000000
  Assigns: 591 153 233 573 694 109 13 153 13 469 236 210 375 428 517 358 490 109 428 113 709 210 288 356 506 109 538 153 549 591 206 549 469 446 236 683 730 446 109 556 709 432 375 233 469 130 318 358 210 356 153 517 446 318 113 119 153 538 358 273 258 169 517 446 347 39 167 386 446 288 169 119 573 506 300 517 374 273 318 318 358 683 386 295 446 549 328 318 233 529 130 101 130 381 386 468 375 77 119 549 484 273 273 446 484 381 233 236 562 206 318 109 236 130 77 709 159 562 490 258 538 580 201 347 506 631 709 549 374 201 538 318 428 446 109 39 250 469 469 517 374 730 490 7 694 287 300 159 250 631 549 72 446 7 167 258 113 169 7 28 506 101 72 153 219 282 7 375 236 109 347 386 484 318 591 233 39 13 39 153 169 250 287 287 426 231 506 381 490 282 13 328 490 428 318 72 517 210 694 591 347 386 562 428 432 580 72 426 159 7 287 484 490 556 300 39 358 573 562 347 113 428 13 730 591 426 517 119 282 356 201 206 381 288 288 130 236 538 13 219 77 153 517 130 573 347 631 347 358 538 287 529 446 206 573 130 549 591 258 375 13 591 77 231 273 683 432 287 428 169 72 432 231 287 386 446 556 288 730 631 709 517 250 295 580 210 556 549 517 730 468 490 318 109 28 562 432 7 538 219 328 432 386 375 709 130 490 573 101 219 573 549 468 432 386 287 295 288 109 77 573 236 169 28 375 273 580 386 258 529 153 210 484 374 428 3 282 201 432 591 258 538 159 549 356 219 206 250 375 591 356 300 631 529 72 347 347 113 39 236 250 101 231 484 28 206 562 236 573 556 236 13 490 210 7 356 328 236 258 233 562 709 446 7 300 517 3 236 631 300 591 288 167 490 153 683 469 236 72 231 631 538 3 468 573 153 153 490 347 374 219 562 381 130 130 469 206 109 219 318 381 683 233 282 356 295 328 167 77 517 580 432 573 153 236 549 287 236 490 386 318 468 210 287 381 328 167 250 169 694 432 77 549 580 119 7 159 7 428 506 206 469 233 358 328 318 72 730 287 39 77 432 233 236 282 159 201 709 28 273 288 709 562 469 167 233 231 206 386 169 730 484 119 119 101 426 375 468 683 13 113 562 381 538 7 358 374 153 206 153 562 529 7 381 159 13 556 167 3 287 201 250 631 109 13 386 72 282 529 468 358 258 375 428 109 119 631 231 101 549 730 549 375 469 374 101 273 381 374 591 347 130 130 694 206 295 556 219 428 300 347 358 28 233 113 356 236 428 77 7 231 328 529 169 77 39 159 300 517 231 3 591 300 113 7 549 580 231 347 580 109 101 318 3 694 506 694 113 318 517 282 219 236 428 709 300 169 709 730 206 282 631 159 39 231 347 683 295 709 101 709 72 631 426 432 426 7 549 113 3 347 113 258 381 109 101 167 446 484 250 39 381 517 77 556 210 77 273 250 468 375 318 381 101 39 236 77 426 573 250 556 219 484 287 529 730 428 231 386 39 529 591 580 233 538 109 683 484 167 206 7 231 101 358 231 72 375 258 287 233 709 113 109 300 381 358 538 300 233 469 529 72 13 506 549 201 233 375 356 562 374 490 159 358 375 374 358 273 167 386 426 77 109 159 347 206 236 287 381 295 426 549 169 295 469 709 113 295 694 130 347 159 358 210 562 273 201 468 7 7 
  Facilities: 63
 3 : 335 386 402 518 580 593 629
 7 : 143 153 158 166 209 297 374 383 455 457 504 512 569 584 626 680 748 749
 13 : 6 8 177 190 222 238 260 371 499 515 524 702
 28 : 159 294 323 364 478 562
 39 : 65 135 176 178 215 358 469 575 613 640 654 669
 72 : 151 162 195 206 270 354 398 466 526 621 685 701
 77 : 97 114 240 262 319 428 451 470 568 574 643 646 656 721
 101 : 91 161 308 361 494 538 545 591 619 635 653 682
 109 : 5 17 25 38 111 134 169 293 318 417 523 534 590 634 675 692 722
 113 : 19 54 156 220 357 500 564 583 597 628 631 691 736
 119 : 55 71 98 227 454 492 493 535
 130 : 45 90 92 113 235 243 255 305 413 414 551 552 739
 153 : 1 7 27 50 56 163 179 241 330 394 405 406 433 507 509
 159 : 116 147 208 342 456 475 514 576 612 712 723 741
 167 : 66 154 392 427 446 484 517 636 678 718
 169 : 61 70 157 180 269 322 448 489 573 606 732
 201 : 122 129 230 337 476 520 705 746
 206 : 30 109 231 253 346 365 416 460 487 508 554 609 679 725
 210 : 11 21 48 197 285 331 373 442 645 743
 219 : 164 239 299 309 345 410 418 557 601 661
 231 : 185 263 272 362 399 486 537 570 579 587 614 667 681 684
 233 : 2 43 88 106 175 379 422 462 472 485 563 673 689 698 706
 236 : 10 34 107 112 168 236 321 359 367 370 377 387 397 434 437 473 566 602 655 726
 250 : 136 148 181 282 347 360 447 521 639 648 659
 258 : 60 119 155 258 328 340 378 531 632 687
 273 : 59 77 101 102 264 325 479 546 647 717 745
 282 : 165 189 228 336 423 474 527 600 610
 287 : 145 182 183 210 250 267 273 315 436 443 468 519 663 688 727
 288 : 22 69 233 234 277 317 391 480
 295 : 83 283 316 425 555 617 729 733 737
 300 : 74 146 214 351 384 389 559 577 582 605 693 697
 318 : 46 53 78 79 87 110 131 173 194 292 419 440 465 592 598 651
 328 : 86 191 300 376 426 445 464 571
 347 : 64 123 170 200 219 245 247 355 356 408 550 560 588 615 630 724 740
 356 : 23 49 229 344 350 375 424 565 708
 358 : 15 47 58 80 216 248 463 505 530 561 683 695 713 716 742
 374 : 76 128 140 333 409 506 544 548 710 715
 375 : 12 42 96 167 259 303 324 348 496 532 542 650 686 707 714
 381 : 93 105 187 232 412 420 444 502 513 547 633 641 652 694 728
 386 : 67 82 94 171 201 274 302 314 327 439 488 525 668 719
 426 : 184 207 225 495 623 625 657 720 730
 428 : 13 18 132 193 203 221 268 334 458 533 558 567 603 666
 432 : 41 204 266 271 296 301 313 338 431 450 471 624
 446 : 33 37 52 63 68 84 103 133 152 252 275 382 637
 468 : 95 290 312 403 441 497 529 649 747
 469 : 9 32 44 137 138 396 415 461 483 543 699 734
 484 : 100 104 172 211 332 363 491 638 662 677
 490 : 16 118 142 188 192 212 291 306 372 393 407 438 711
 506 : 24 73 124 160 186 459 595 703
 517 : 14 51 62 75 139 196 226 242 281 288 385 429 578 599 642
 529 : 89 251 329 353 511 528 572 664 670 700
 538 : 26 57 120 130 237 249 298 341 401 503 674 696
 549 : 28 31 85 99 127 150 256 287 311 343 435 452 539 541 585 627 704 731
 556 : 39 213 276 286 369 516 556 644 660
 562 : 108 117 202 218 295 366 380 411 482 501 510 709 744
 573 : 3 72 217 244 254 307 310 320 368 404 432 658
 580 : 121 205 284 326 430 453 586 589 672
 591 : 0 29 174 199 224 257 261 339 349 390 549 581 671
 631 : 125 149 246 279 352 388 400 522 536 611 622
 683 : 35 81 265 395 421 498 616 676
 694 : 4 144 198 449 553 594 596 738
 709 : 20 40 115 126 280 304 381 477 481 604 607 618 620 690 735
 730 : 36 141 223 278 289 467 490 540 608 665
