# Time: 213.990005
# Elapsed: 89.156769
# Input_file: splp/CLSC/733GapCS.txt
# Pool_size: 200
# Iterations: 20
# Final_solutions: 3685
# Vision_range: 400
# Reduction_mode: REDUCTION_DISPERSE
# Dissimilitude: DISSIM_MSE
# Facility_dist: FDISMODE_SUMOFDELTAS
SOLUTION:
  Value: -42167.000000
  Assigns: 13 13 66 6 40 13 29 58 61 21 13 40 6 66 58 85 81 93 58 40 38 85 93 36 85 38 58 93 81 93 81 61 66 58 13 58 93 66 60 36 13 58 21 93 36 36 85 29 66 61 38 66 60 21 66 58 40 93 40 29 36 13 61 81 81 36 21 85 58 13 13 93 6 40 13 21 36 40 85 81 40 40 61 29 60 38 81 38 81 6 60 36 61 40 21 6 6 6 6 29 
  Facilities: 14
 6 : 3 12 72 89 95 96 97 98
 13 : 0 1 5 10 34 40 61 69 70 74
 21 : 9 42 53 66 75 94
 29 : 6 47 59 83 99
 36 : 23 39 44 45 60 65 76 91
 38 : 20 25 50 85 87
 40 : 4 11 19 56 58 73 77 80 81 93
 58 : 7 14 18 26 33 35 41 55 68
 60 : 38 52 84 90
 61 : 8 31 49 62 82 92
 66 : 2 13 32 37 48 51 54
 81 : 16 28 30 63 64 79 86 88
 85 : 15 21 24 46 67 78
 93 : 17 22 27 29 36 43 57 71
SOLUTION:
  Value: -45123.000000
  Assigns: 41 53 69 18 35 53 31 95 90 11 28 75 69 95 90 28 90 65 95 90 35 31 1 41 75 18 69 42 28 75 75 53 41 28 35 53 69 11 18 65 41 31 31 42 53 65 75 75 95 41 31 28 89 1 1 95 65 28 11 65 95 41 65 28 1 35 42 41 1 90 69 1 53 35 42 65 11 41 1 11 1 69 28 28 42 95 90 18 95 11 42 18 89 42 35 89 89 89 89 69 
  Facilities: 15
 1 : 22 53 54 64 68 71 78 80
 11 : 9 37 58 76 79 89
 18 : 3 25 38 87 91
 28 : 10 15 28 33 51 57 63 82 83
 31 : 6 21 41 42 50
 35 : 4 20 34 65 73 94
 41 : 0 23 32 40 49 61 67 77
 42 : 27 43 66 74 84 90 93
 53 : 1 5 31 35 44 72
 65 : 17 39 45 56 59 62 75
 69 : 2 12 26 36 70 81 99
 75 : 11 24 29 30 46 47
 89 : 52 92 95 96 97 98
 90 : 8 14 16 19 69 86
 95 : 7 13 18 48 55 60 85 88
SOLUTION:
  Value: -45126.000000
  Assigns: 79 54 69 48 35 17 45 48 79 48 54 68 69 35 90 45 90 10 32 90 35 2 17 41 68 2 32 64 2 2 45 45 32 32 35 79 54 64 48 91 41 48 35 79 2 68 48 45 45 10 91 10 32 90 64 79 90 45 2 54 48 41 54 45 32 35 17 41 48 48 69 2 10 35 32 64 64 41 64 64 79 69 32 64 91 10 90 69 91 10 17 35 54 10 35 54 2 17 2 69 
  Facilities: 15
 2 : 21 25 28 29 44 58 71 96 98
 10 : 17 49 51 72 85 89 93
 17 : 5 22 66 90 97
 32 : 18 26 32 33 52 64 74 82
 35 : 4 13 20 34 42 65 73 91 94
 41 : 23 40 61 67 77
 45 : 6 15 30 31 47 48 57 63
 48 : 3 7 9 38 41 46 60 68 69
 54 : 1 10 36 59 62 92 95
 64 : 27 37 54 75 76 78 79 83
 68 : 11 24 45
 69 : 2 12 70 81 87 99
 79 : 0 8 35 43 55 80
 90 : 14 16 19 53 56 86
 91 : 39 50 84 88
SOLUTION:
  Value: -45128.000000
  Assigns: 79 92 5 98 88 88 5 24 79 16 28 16 60 92 88 28 26 16 74 5 79 2 16 26 71 5 92 92 28 2 16 91 88 28 5 79 91 24 60 26 71 26 92 79 2 79 26 88 5 5 91 5 60 71 50 79 16 28 2 98 5 71 92 28 5 24 28 50 92 98 98 2 92 24 74 74 16 79 26 71 79 26 71 28 88 98 24 50 91 71 60 71 98 24 50 50 2 88 2 88 
  Facilities: 15
 2 : 21 29 44 58 71 96 98
 5 : 2 6 19 25 34 48 49 51 60 64
 16 : 9 11 17 22 30 56 76
 24 : 7 37 65 73 86 93
 26 : 16 23 39 41 46 78 81
 28 : 10 15 28 33 57 63 66 83
 50 : 54 67 87 94 95
 60 : 12 38 52 90
 71 : 24 40 53 61 79 82 89 91
 74 : 18 74 75
 79 : 0 8 20 35 43 45 55 77 80
 88 : 4 5 14 32 47 84 97 99
 91 : 31 36 50 88
 92 : 1 13 26 27 42 62 68 72
 98 : 3 59 69 70 85 92
SOLUTION:
  Value: -45128.000000
  Assigns: 57 53 64 98 40 53 95 95 60 71 57 40 60 95 71 53 81 93 95 95 35 85 93 41 71 9 9 93 81 93 81 53 41 9 35 53 93 64 9 53 71 57 35 93 53 41 85 64 95 57 57 98 89 71 64 95 40 93 40 98 95 41 57 81 81 35 9 41 89 98 98 93 53 35 53 64 64 41 85 64 40 40 71 64 60 98 81 57 95 71 60 71 89 40 35 89 89 89 89 89 
  Facilities: 15
 9 : 25 26 33 38 66
 35 : 20 34 42 65 73 94
 40 : 4 11 56 58 80 81 93
 41 : 23 32 45 61 67 77
 53 : 1 5 15 31 35 39 44 72 74
 57 : 0 10 41 49 50 62 87
 60 : 8 12 84 90
 64 : 2 37 47 54 75 76 79 83
 71 : 9 14 24 40 53 82 89 91
 81 : 16 28 30 63 64 86
 85 : 21 46 78
 89 : 52 68 92 95 96 97 98 99
 93 : 17 22 27 29 36 43 57 71
 95 : 6 7 13 18 19 48 55 60 88
 98 : 3 51 59 69 70 85
SOLUTION:
  Value: -45129.000000
  Assigns: 57 57 64 48 35 8 45 72 90 48 57 75 75 72 90 45 90 65 75 90 35 2 1 65 75 45 37 64 2 2 75 45 72 8 35 63 8 64 48 65 48 48 35 45 2 65 75 45 45 57 37 37 89 1 64 65 65 45 2 65 48 72 65 45 1 35 37 90 48 48 37 2 72 35 63 65 64 8 1 64 1 63 8 64 35 57 90 8 8 90 89 35 89 37 35 89 37 89 2 2 
  Facilities: 15
 1 : 22 53 64 78 80
 2 : 21 28 29 44 58 71 98 99
 8 : 5 33 36 77 82 87 88
 35 : 4 20 34 42 65 73 84 91 94
 37 : 26 50 51 66 70 93 96
 45 : 6 15 25 31 43 47 48 57 63
 48 : 3 9 38 40 41 60 68 69
 57 : 0 1 10 49 85
 63 : 35 74 81
 64 : 2 27 37 54 76 79 83
 65 : 17 23 39 45 55 56 59 62 75
 72 : 7 13 32 61 72
 75 : 11 12 18 24 30 46
 89 : 52 90 92 95 97
 90 : 8 14 16 19 67 86 89
SOLUTION:
  Value: -45129.000000
  Assigns: 0 0 69 48 35 8 31 48 3 48 54 3 69 35 62 3 90 65 31 90 35 2 76 65 62 2 69 42 2 2 3 8 76 8 35 31 54 76 48 65 48 48 62 42 2 65 62 10 76 10 31 10 62 8 76 65 65 10 2 65 48 0 54 62 65 35 42 90 48 48 69 2 10 35 42 65 62 8 0 76 8 69 8 76 42 10 90 8 8 10 42 35 54 10 35 54 2 76 2 69 
  Facilities: 15
 0 : 0 1 61 78
 2 : 21 25 28 29 44 58 71 96 98
 3 : 8 11 15 30
 8 : 5 31 33 53 77 80 82 87 88
 10 : 47 49 51 57 72 85 89 93
 31 : 6 18 35 50
 35 : 4 13 20 34 65 73 91 94
 42 : 27 43 66 74 84 90
 48 : 3 7 9 38 40 41 60 68 69
 54 : 10 36 62 92 95
 62 : 14 24 42 46 52 63 76
 65 : 17 23 39 45 55 56 59 64 75
 69 : 2 12 26 70 81 99
 76 : 22 32 37 48 54 79 83 97
 90 : 16 19 67 86
SOLUTION:
  Value: -45129.000000
  Assigns: 79 0 69 48 35 8 31 48 79 48 84 84 69 35 84 85 81 65 31 0 35 2 76 65 31 2 69 31 81 2 81 8 76 8 35 79 69 76 48 65 48 48 31 79 2 65 85 10 76 10 31 10 89 84 76 65 65 10 2 65 48 0 65 81 81 35 81 85 48 48 69 2 10 35 84 65 89 8 0 81 79 69 8 76 84 10 81 8 81 10 89 35 89 10 35 89 2 76 2 69 
  Facilities: 15
 0 : 1 19 61 78
 2 : 21 25 29 44 58 71 96 98
 8 : 5 31 33 77 82 87
 10 : 47 49 51 57 72 85 89 93
 31 : 6 18 24 27 42 50
 35 : 4 13 20 34 65 73 91 94
 48 : 3 7 9 38 40 41 60 68 69
 65 : 17 23 39 45 55 56 59 62 75
 69 : 2 12 26 36 70 81 99
 76 : 22 32 37 48 54 83 97
 79 : 0 8 35 43 80
 81 : 16 28 30 63 64 66 79 86 88
 84 : 10 11 14 53 74 84
 85 : 15 46 67
 89 : 52 76 90 92 95
SOLUTION:
  Value: -45132.000000
  Assigns: 52 13 64 52 51 13 95 95 79 71 13 52 9 95 71 52 39 39 95 14 39 2 79 9 71 2 9 14 2 2 14 91 14 9 13 39 91 64 9 91 71 44 9 79 2 79 39 64 95 39 91 98 39 71 64 95 51 52 2 98 95 71 52 44 51 44 9 50 44 13 13 2 44 14 13 64 64 79 64 64 79 91 71 64 91 98 51 50 91 71 98 71 98 98 51 50 2 51 2 2 
  Facilities: 15
 2 : 21 25 28 29 44 58 71 96 98 99
 9 : 12 23 26 33 38 42 66
 13 : 1 5 10 34 69 70 74
 14 : 19 27 30 32 73
 39 : 16 17 20 35 46 49 52
 44 : 41 63 65 68 72
 50 : 67 87 95
 51 : 4 56 64 86 94 97
 52 : 0 3 11 15 57 62
 64 : 2 37 47 54 75 76 78 79 83
 71 : 9 14 24 40 53 61 82 89 91
 79 : 8 22 43 45 77 80
 91 : 31 36 39 50 81 84 88
 95 : 6 7 13 18 48 55 60
 98 : 51 59 85 90 92 93
SOLUTION:
  Value: -45133.000000
  Assigns: 52 53 69 52 38 53 29 46 52 16 16 16 69 35 58 52 26 16 58 20 46 29 16 41 16 38 58 42 81 20 81 53 41 58 35 53 69 20 7 26 41 46 35 42 53 41 26 29 52 7 38 7 7 46 38 58 16 52 46 29 52 46 52 81 81 35 42 41 58 42 69 29 53 35 42 46 16 41 26 81 20 69 26 29 42 38 81 38 81 20 42 20 38 42 35 29 42 29 69 69 
  Facilities: 15
 7 : 38 49 51 52
 16 : 9 10 11 17 22 24 56 76
 20 : 19 29 37 80 89 91
 26 : 16 39 46 78 82
 29 : 6 21 47 59 71 83 95 97
 35 : 13 34 42 65 73 94
 38 : 4 25 50 54 85 87 92
 41 : 23 32 40 45 67 77
 42 : 27 43 66 69 74 84 90 93 96
 46 : 7 20 41 53 58 61 75
 52 : 0 3 8 15 48 57 60 62
 53 : 1 5 31 35 44 72
 58 : 14 18 26 33 55 68
 69 : 2 12 36 70 81 98 99
 81 : 28 30 63 64 79 86 88
