# Time: 19914.878906
# Elapsed: 3566.853027
# Input_file: pmedianlarge/plarge/pmed34.txt
# Pool_size: 50
# Iterations: 140
# Final_solutions: 7000
# Vision_range: 100
# Reduction_mode: REDUCTION_DISPERSE
# Dissimilitude: DISSIM_CLIENTDELTA
SOLUTION:
  Value: -3068.000000
  Assigns: 0 1 267 412 603 5 82 610 65 82 57 199 352 324 491 347 17 17 670 461 20 20 572 160 461 660 26 375 597 20 556 170 268 268 267 115 81 37 263 39 403 150 266 350 170 46 46 601 330 107 452 51 266 263 54 194 56 57 26 400 61 61 239 239 239 65 65 603 670 610 70 70 107 685 452 698 76 171 324 268 80 81 82 660 84 81 239 115 150 517 90 90 632 54 491 515 96 96 138 563 387 101 515 57 375 243 301 107 472 170 115 621 572 472 506 115 670 338 184 301 515 534 239 54 124 125 150 147 267 603 375 267 315 315 452 477 534 698 138 139 140 155 406 392 392 107 597 147 147 81 150 640 412 577 54 155 610 680 519 159 160 239 566 566 334 184 166 239 495 603 170 171 84 173 324 477 184 20 625 563 671 315 563 352 184 81 239 140 640 61 698 611 101 563 194 195 375 197 267 199 199 268 392 392 507 115 150 534 150 387 467 477 452 640 300 544 477 324 404 46 437 273 477 506 606 660 375 81 517 268 392 690 81 81 506 235 235 237 238 239 452 601 263 243 352 601 437 690 690 601 601 61 698 404 0 685 300 160 606 353 293 266 262 263 610 265 266 267 268 477 437 267 150 273 273 273 671 239 239 353 300 390 507 685 357 601 46 397 597 467 563 517 170 293 84 670 166 566 477 491 300 301 472 96 82 467 477 506 507 238 392 412 412 387 397 315 518 265 318 17 54 139 515 323 324 138 159 406 301 404 330 140 530 671 334 335 273 337 338 640 96 17 566 375 690 534 301 347 506 467 350 65 352 353 566 301 621 357 39 392 461 381 362 81 57 586 243 671 507 56 267 544 372 107 147 375 397 404 515 390 477 381 506 54 603 26 159 387 140 334 390 392 392 265 572 101 409 397 84 17 400 517 46 403 404 566 406 698 197 409 171 640 412 159 54 350 452 563 138 621 315 406 406 452 424 515 473 477 80 107 680 301 107 166 81 293 293 437 671 561 171 461 690 685 515 477 81 515 448 26 46 515 452 452 392 51 96 517 458 392 350 461 462 387 495 352 96 467 150 519 357 90 472 473 597 475 150 477 404 404 597 81 54 563 267 82 115 184 515 125 239 491 57 268 561 495 495 392 381 352 171 96 404 561 517 506 506 507 458 101 510 350 160 397 515 515 375 517 518 519 350 506 375 82 510 268 437 611 293 603 530 330 273 39 534 80 515 621 150 610 107 400 115 197 544 670 671 601 625 404 387 606 338 17 517 138 556 506 150 81 561 561 563 563 564 477 566 293 160 563 563 534 572 195 507 564 334 577 125 138 477 671 46 301 293 586 586 412 239 409 115 267 334 671 265 265 26 597 267 467 150 601 375 603 107 107 606 606 125 268 610 611 467 458 268 46 268 20 81 577 155 621 621 160 698 625 184 601 150 293 96 632 632 273 610 563 563 334 392 138 640 150 138 603 515 491 81 534 563 649 184 81 301 530 82 96 54 517 301 315 660 39 184 82 239 300 680 572 387 409 670 671 115 20 315 96 65 677 671 273 680 409 125 263 404 685 671 472 685 424 690 472 495 670 397 265 491 81 698 699 
  Facilities: 140
 0 : 0 254
 1 : 1
 5 : 5
 17 : 16 17 319 341 399 553
 20 : 20 21 29 177 617 673
 26 : 26 58 385 449 596
 37 : 37
 39 : 39 358 533 661
 46 : 45 46 219 286 402 450 582 615
 51 : 51 455
 54 : 54 93 123 154 320 383 414 482 656
 56 : 56 369
 57 : 10 57 103 364 492
 61 : 60 61 189 251
 65 : 8 65 66 351 676
 70 : 70 71
 76 : 76
 80 : 80 428 535
 81 : 36 81 85 149 185 227 232 233 363 434 446 481 559 618 646 651 697
 82 : 6 9 82 304 485 523 654 663
 84 : 84 172 294 398
 90 : 90 91 471
 96 : 96 97 303 340 456 466 501 630 655 675
 101 : 101 192 395 509
 107 : 49 72 107 145 373 429 432 540 604 605
 115 : 35 87 110 115 205 486 542 590 672
 124 : 124
 125 : 125 489 578 608 682
 138 : 98 138 325 418 555 579 639 642
 139 : 139 321
 140 : 140 187 331 388
 147 : 127 147 148 374
 150 : 41 88 126 150 206 208 272 468 476 538 558 600 628 641
 155 : 141 155 620
 159 : 159 326 386 413
 160 : 23 160 257 512 568 623
 166 : 166 296 433
 170 : 31 44 109 170 292
 171 : 77 171 410 440 500
 173 : 173
 184 : 118 165 176 184 487 626 650 662
 194 : 55 194
 195 : 195 573
 197 : 197 408 543
 199 : 11 199 200
 235 : 235 236
 237 : 237
 238 : 238 309
 239 : 62 63 64 86 122 161 167 186 239 277 278 490 588 664
 243 : 105 243 366
 262 : 262
 263 : 38 53 242 263 683
 265 : 265 317 393 594 595 695
 266 : 42 52 261 266
 267 : 2 34 128 131 198 267 271 370 484 591 598
 268 : 32 33 79 201 229 268 493 525 609 614 616
 273 : 221 273 274 275 336 532 633 679
 293 : 260 293 435 436 528 567 584 629
 300 : 214 256 280 300 665
 301 : 106 119 301 328 346 355 431 583 652 658
 315 : 132 133 181 315 420 659 674
 318 : 318
 323 : 323
 324 : 13 78 174 217 324
 330 : 48 330 531
 334 : 164 334 389 576 592 637
 335 : 335
 337 : 337
 338 : 117 338 552
 347 : 15 347
 350 : 43 350 415 460 511 520
 352 : 12 183 244 352 465 499
 353 : 259 279 353
 357 : 284 357 470
 362 : 362
 372 : 372
 375 : 27 104 130 196 226 343 375 516 522 602
 381 : 361 381 498
 387 : 100 209 313 387 463 550 668
 390 : 281 379 390
 392 : 143 144 202 203 230 310 359 391 392 454 459 497 638
 397 : 287 314 376 397 513 694
 400 : 59 400 541
 403 : 40 403
 404 : 218 253 329 377 404 478 479 502 549 684
 406 : 142 327 406 421 422
 409 : 396 409 589 669 681
 412 : 3 152 311 312 412 587
 424 : 424 689
 437 : 220 246 270 437 526
 448 : 448
 452 : 50 74 134 212 240 416 423 452 453
 458 : 458 508 613
 461 : 19 24 360 441 461
 462 : 462
 467 : 210 289 305 349 467 599 612
 472 : 108 113 302 472 687 691
 473 : 426 473
 475 : 475
 477 : 135 175 211 216 222 269 298 306 380 427 445 477 565 580
 491 : 14 94 299 491 645 696
 495 : 168 464 495 496 692
 506 : 114 223 234 307 348 382 505 506 521 557
 507 : 204 282 308 368 507 574
 510 : 510 524
 515 : 95 102 120 322 378 425 444 447 451 488 514 515 536 644
 517 : 89 228 291 401 457 504 517 554 657
 518 : 316 518
 519 : 158 469 519
 530 : 332 530 653
 534 : 121 136 207 345 534 571 647
 544 : 215 371 544
 556 : 30 556
 561 : 439 494 503 560 561
 563 : 99 179 182 193 290 417 483 562 563 569 570 635 636 648
 564 : 564 575
 566 : 162 163 297 342 354 405 566
 572 : 22 112 394 572 667
 577 : 153 577 619
 586 : 365 585 586
 597 : 28 146 288 474 480 597
 601 : 47 241 245 249 250 285 547 601 627
 603 : 4 67 129 169 384 529 603 643
 606 : 224 258 551 606 607
 610 : 7 69 156 264 539 610 634
 611 : 191 527 611
 621 : 111 356 419 537 621 622
 625 : 178 548 625
 632 : 92 631 632
 640 : 151 188 213 339 411 640
 649 : 649
 660 : 25 83 225 660
 670 : 18 68 116 295 545 670 693
 671 : 180 276 333 367 438 546 581 593 671 678 686
 677 : 677
 680 : 157 430 666 680
 685 : 73 255 283 443 685 688
 690 : 231 247 248 344 442 690
 698 : 75 137 190 252 407 624 698
 699 : 699
SOLUTION:
  Value: -3075.000000
  Assigns: 254 1 267 412 129 5 82 610 8 82 57 199 352 133 94 347 17 17 670 441 20 20 572 160 441 225 26 27 597 20 556 170 201 201 267 115 651 37 263 39 403 150 266 350 170 199 133 301 330 107 8 455 266 263 54 194 56 57 26 59 566 170 27 64 64 8 8 129 670 610 70 70 107 685 452 698 76 171 537 201 80 651 82 225 84 651 27 115 150 517 90 90 632 54 94 515 96 96 138 563 387 101 515 57 27 243 301 107 472 170 115 537 572 472 223 115 670 117 118 301 515 534 64 54 124 489 150 147 267 129 130 267 133 133 452 211 534 698 138 321 140 248 406 201 201 107 597 147 147 149 150 640 412 577 54 248 610 680 519 159 160 64 566 566 489 118 166 588 495 129 170 171 84 510 572 357 588 20 625 563 671 133 563 352 118 651 27 140 640 516 698 611 101 563 194 195 27 197 267 199 199 201 392 392 507 115 150 534 150 387 599 211 452 640 300 544 211 537 404 133 563 273 223 223 606 225 130 149 517 563 201 248 651 651 382 236 236 237 309 27 452 489 263 243 352 627 270 248 248 489 454 251 698 404 254 685 300 160 606 353 293 266 262 263 610 265 266 267 201 211 270 627 150 273 273 273 671 27 27 353 300 390 507 685 357 627 133 397 597 211 563 517 170 293 84 129 166 59 211 94 300 301 472 96 82 599 211 117 507 309 454 412 412 387 397 133 316 265 318 17 54 321 515 323 537 138 159 406 301 329 330 140 530 671 334 335 273 337 552 640 96 17 566 27 248 534 301 347 223 599 350 8 352 353 566 301 537 357 133 392 441 381 362 651 57 107 243 671 507 56 267 544 372 107 147 27 376 404 515 390 211 381 382 54 129 8 159 387 140 334 390 392 392 265 572 101 409 397 84 17 59 517 118 403 404 566 406 698 197 409 171 640 412 159 54 350 452 563 138 537 133 406 406 452 270 515 454 211 80 107 680 301 107 166 651 293 293 270 671 561 171 441 248 685 515 211 149 515 448 26 199 515 452 452 454 455 96 517 458 201 350 441 462 387 495 352 96 599 150 519 357 90 472 454 597 475 150 211 404 404 597 149 54 563 267 82 115 118 515 489 27 94 57 20 561 495 495 392 381 352 171 96 404 561 517 223 223 507 458 101 510 350 160 376 515 515 516 517 316 519 350 223 516 82 510 201 566 611 293 129 530 330 273 39 534 80 515 537 150 610 107 59 115 197 544 670 671 301 625 404 387 606 552 17 517 138 556 223 150 651 561 561 563 563 575 211 566 293 160 563 563 534 572 195 507 575 334 577 489 138 225 671 133 301 293 330 489 412 588 409 115 267 334 671 265 265 26 597 267 599 150 301 130 129 107 107 606 606 489 201 610 611 211 458 201 118 201 20 651 577 160 537 537 160 698 625 627 627 150 293 96 632 632 273 610 563 563 334 392 138 640 150 138 129 515 94 651 534 563 248 118 651 301 530 82 96 54 517 301 133 225 39 82 82 27 300 680 572 387 409 670 671 115 20 133 96 627 82 671 273 680 409 489 263 404 685 671 472 133 270 248 472 495 670 397 265 94 651 698 699 
  Facilities: 140
 1 : 1
 5 : 5
 8 : 8 50 65 66 351 385
 17 : 16 17 319 341 399 553
 20 : 20 21 29 177 493 617 673
 26 : 26 58 449 596
 27 : 27 62 86 104 186 196 239 277 278 343 375 490 664
 37 : 37
 39 : 39 533 661
 54 : 54 93 123 154 320 383 414 482 656
 56 : 56 369
 57 : 10 57 103 364 492
 59 : 59 297 400 541
 64 : 63 64 122 161
 70 : 70 71
 76 : 76
 80 : 80 428 535
 82 : 6 9 82 304 485 523 654 662 663 677
 84 : 84 172 294 398
 90 : 90 91 471
 94 : 14 94 299 491 645 696
 96 : 96 97 303 340 456 466 501 630 655 675
 101 : 101 192 395 509
 107 : 49 72 107 145 365 373 429 432 540 604 605
 115 : 35 87 110 115 205 486 542 590 672
 117 : 117 307
 118 : 118 165 184 402 487 615 650
 124 : 124
 129 : 4 67 129 169 295 384 529 603 643
 130 : 130 226 602
 133 : 13 46 132 133 181 219 286 315 358 420 582 659 674 688
 138 : 98 138 325 418 555 579 639 642
 140 : 140 187 331 388
 147 : 127 147 148 374
 149 : 149 227 446 481
 150 : 41 88 126 150 206 208 272 468 476 538 558 600 628 641
 159 : 159 326 386 413
 160 : 23 160 257 512 568 620 623
 166 : 166 296 433
 170 : 31 44 61 109 170 292
 171 : 77 171 410 440 500
 194 : 55 194
 195 : 195 573
 197 : 197 408 543
 199 : 11 45 199 200 450
 201 : 32 33 79 143 144 201 230 268 459 525 609 614 616
 211 : 135 211 216 269 289 298 306 380 427 445 477 565 612
 223 : 114 222 223 348 505 506 521 557
 225 : 25 83 225 580 660
 236 : 235 236
 237 : 237
 243 : 105 243 366
 248 : 141 155 231 247 248 344 442 649 690
 251 : 251
 254 : 0 254
 262 : 262
 263 : 38 53 242 263 683
 265 : 265 317 393 594 595 695
 266 : 42 52 261 266
 267 : 2 34 128 131 198 267 370 484 591 598
 270 : 246 270 424 437 689
 273 : 221 273 274 275 336 532 633 679
 293 : 260 293 435 436 528 567 584 629
 300 : 214 256 280 300 665
 301 : 47 106 119 301 328 346 355 431 547 583 601 652 658
 309 : 238 309
 316 : 316 518
 318 : 318
 321 : 139 321
 323 : 323
 329 : 329
 330 : 48 330 531 585
 334 : 334 389 576 592 637
 335 : 335
 337 : 337
 347 : 15 347
 350 : 43 350 415 460 511 520
 352 : 12 183 244 352 465 499
 353 : 259 279 353
 357 : 175 284 357 470
 362 : 362
 372 : 372
 376 : 376 513
 381 : 361 381 498
 382 : 234 382
 387 : 100 209 313 387 463 550 668
 390 : 281 379 390
 392 : 202 203 359 391 392 497 638
 397 : 287 314 397 694
 403 : 40 403
 404 : 218 253 377 404 478 479 502 549 684
 406 : 142 327 406 421 422
 409 : 396 409 589 669 681
 412 : 3 152 311 312 412 587
 441 : 19 24 360 441 461
 448 : 448
 452 : 74 134 212 240 416 423 452 453
 454 : 250 310 426 454 473
 455 : 51 455
 458 : 458 508 613
 462 : 462
 472 : 108 113 302 472 687 691
 475 : 475
 489 : 125 164 241 249 489 578 586 608 682
 495 : 168 464 495 496 692
 507 : 204 282 308 368 507 574
 510 : 173 510 524
 515 : 95 102 120 322 378 425 444 447 451 488 514 515 536 644
 516 : 189 516 522
 517 : 89 228 291 401 457 504 517 554 657
 519 : 158 469 519
 530 : 332 530 653
 534 : 121 136 207 345 534 571 647
 537 : 78 111 217 324 356 419 537 621 622
 544 : 215 371 544
 552 : 338 552
 556 : 30 556
 561 : 439 494 503 560 561
 563 : 99 179 182 193 220 229 290 417 483 562 563 569 570 635 636 648
 566 : 60 162 163 342 354 405 526 566
 572 : 22 112 174 394 572 667
 575 : 564 575
 577 : 153 577 619
 588 : 167 176 588
 597 : 28 146 288 474 480 597
 599 : 210 305 349 467 599
 606 : 224 258 551 606 607
 610 : 7 69 156 264 539 610 634
 611 : 191 527 611
 625 : 178 548 625
 627 : 245 271 285 626 627 676
 632 : 92 631 632
 640 : 151 188 213 339 411 640
 651 : 36 81 85 185 232 233 363 434 559 618 646 651 697
 670 : 18 68 116 545 670 693
 671 : 180 276 333 367 438 546 581 593 671 678 686
 680 : 157 430 666 680
 685 : 73 255 283 443 685
 698 : 75 137 190 252 407 624 698
 699 : 699
SOLUTION:
  Value: -3076.000000
  Assigns: 0 1 267 412 129 5 82 610 351 82 57 199 352 324 491 347 17 17 670 441 20 20 572 623 441 660 449 27 597 20 30 170 201 201 267 115 81 37 263 39 403 150 266 350 170 199 46 301 48 107 452 51 266 425 54 194 56 57 477 400 61 61 27 64 64 351 351 129 670 610 70 70 107 685 452 339 76 171 324 201 80 81 82 660 84 81 27 115 150 517 91 91 632 54 491 536 96 96 138 562 387 101 102 57 27 243 301 107 472 170 115 356 572 472 506 115 670 338 184 612 425 534 64 54 124 489 150 147 267 129 130 267 133 133 452 477 534 623 138 102 140 248 406 201 201 107 597 147 147 81 150 339 412 577 54 248 610 680 519 159 623 64 612 566 489 184 166 27 495 129 170 171 84 173 324 477 184 20 625 179 671 133 179 352 184 81 27 140 339 61 577 611 101 562 194 195 27 197 267 199 199 201 392 392 507 115 150 534 150 387 599 477 452 339 300 101 477 324 404 46 437 273 477 506 606 660 130 81 517 179 201 248 81 81 506 235 235 237 238 27 452 489 263 243 352 627 437 248 248 489 454 61 339 404 0 685 300 623 606 353 293 266 262 263 610 265 266 267 201 477 437 627 150 273 273 273 671 27 27 353 300 390 282 685 357 627 46 397 597 612 179 517 170 293 84 129 166 566 477 491 300 301 472 96 82 612 477 506 507 238 454 412 412 387 397 133 518 265 318 17 54 102 536 323 324 138 159 406 301 404 612 140 530 671 334 335 273 337 338 339 96 17 566 27 248 534 301 347 506 599 350 351 352 353 566 301 356 357 133 392 441 381 362 81 57 586 243 671 507 56 267 179 352 107 147 27 397 404 102 390 477 381 506 54 129 449 159 387 140 334 390 392 392 265 572 101 409 397 84 17 400 517 46 403 404 566 406 282 197 409 171 91 412 159 54 350 452 179 138 356 133 406 406 452 424 425 454 477 80 107 680 301 107 166 81 293 293 437 671 561 171 441 248 685 282 477 81 536 448 449 199 102 452 452 454 51 96 517 458 201 350 441 462 387 495 352 96 599 150 519 357 495 472 454 597 475 150 477 404 404 597 81 54 179 267 82 115 184 17 489 27 491 57 20 561 495 495 392 381 352 171 96 404 561 517 506 506 507 458 101 524 350 623 397 536 536 27 517 518 519 350 506 27 82 524 201 437 611 293 129 530 324 273 39 534 80 536 356 150 610 107 400 115 197 536 670 671 301 625 404 387 606 338 17 517 138 30 506 150 81 561 561 562 562 575 477 566 293 623 562 562 534 572 195 282 575 334 577 489 138 477 671 46 301 293 586 586 412 27 409 115 267 334 671 265 265 449 597 267 599 150 301 130 129 107 107 606 606 489 201 610 611 612 458 201 46 201 20 81 577 623 356 356 623 282 625 627 627 150 293 96 632 632 273 610 179 562 334 392 138 339 150 138 129 102 491 81 534 562 248 184 81 301 530 82 96 54 517 301 133 660 39 184 82 27 300 680 572 387 409 670 671 115 20 133 96 351 677 671 273 680 409 489 263 404 685 671 472 133 424 248 472 495 670 397 265 491 81 267 699 
  Facilities: 140
 0 : 0 254
 1 : 1
 5 : 5
 17 : 16 17 319 341 399 488 553
 20 : 20 21 29 177 493 617 673
 27 : 27 62 86 104 167 186 196 239 277 278 343 375 490 516 522 588 664
 30 : 30 556
 37 : 37
 39 : 39 533 661
 46 : 46 219 286 402 582 615
 48 : 48
 51 : 51 455
 54 : 54 93 123 154 320 383 414 482 656
 56 : 56 369
 57 : 10 57 103 364 492
 61 : 60 61 189 251
 64 : 63 64 122 161
 70 : 70 71
 76 : 76
 80 : 80 428 535
 81 : 36 81 85 149 185 227 232 233 363 434 446 481 559 618 646 651 697
 82 : 6 9 82 304 485 523 654 663
 84 : 84 172 294 398
 91 : 90 91 411
 96 : 96 97 303 340 456 466 501 630 655 675
 101 : 101 192 215 395 509
 102 : 102 139 321 378 451 644
 107 : 49 72 107 145 373 429 432 540 604 605
 115 : 35 87 110 115 205 486 542 590 672
 124 : 124
 129 : 4 67 129 169 295 384 529 603 643
 130 : 130 226 602
 133 : 132 133 181 315 358 420 659 674 688
 138 : 98 138 325 418 555 579 639 642
 140 : 140 187 331 388
 147 : 127 147 148 374
 150 : 41 88 126 150 206 208 272 468 476 538 558 600 628 641
 159 : 159 326 386 413
 166 : 166 296 433
 170 : 31 44 109 170 292
 171 : 77 171 410 440 500
 173 : 173
 179 : 179 182 229 290 371 417 483 635
 184 : 118 165 176 184 487 650 662
 194 : 55 194
 195 : 195 573
 197 : 197 408 543
 199 : 11 45 199 200 450
 201 : 32 33 79 143 144 201 230 268 459 525 609 614 616
 235 : 235 236
 237 : 237
 238 : 238 309
 243 : 105 243 366
 248 : 141 155 231 247 248 344 442 649 690
 262 : 262
 263 : 38 242 263 683
 265 : 265 317 393 594 595 695
 266 : 42 52 261 266
 267 : 2 34 128 131 198 267 370 484 591 598 698
 273 : 221 273 274 275 336 532 633 679
 282 : 282 407 444 574 624
 293 : 260 293 435 436 528 567 584 629
 300 : 214 256 280 300 665
 301 : 47 106 301 328 346 355 431 547 583 601 652 658
 318 : 318
 323 : 323
 324 : 13 78 174 217 324 531
 334 : 334 389 576 592 637
 335 : 335
 337 : 337
 338 : 117 338 552
 339 : 75 151 188 213 252 339 640
 347 : 15 347
 350 : 43 350 415 460 511 520
 351 : 8 65 66 351 676
 352 : 12 183 244 352 372 465 499
 353 : 259 279 353
 356 : 111 356 419 537 621 622
 357 : 284 357 470
 362 : 362
 381 : 361 381 498
 387 : 100 209 313 387 463 550 668
 390 : 281 379 390
 392 : 202 203 359 391 392 497 638
 397 : 287 314 376 397 513 694
 400 : 59 400 541
 403 : 40 403
 404 : 218 253 329 377 404 478 479 502 549 684
 406 : 142 327 406 421 422
 409 : 396 409 589 669 681
 412 : 3 152 311 312 412 587
 424 : 424 689
 425 : 53 120 425
 437 : 220 246 270 437 526
 441 : 19 24 360 441 461
 448 : 448
 449 : 26 385 449 596
 452 : 50 74 134 212 240 416 423 452 453
 454 : 250 310 426 454 473
 458 : 458 508 613
 462 : 462
 472 : 108 113 302 472 687 691
 475 : 475
 477 : 58 135 175 211 216 222 269 298 306 380 427 445 477 565 580
 489 : 125 164 241 249 489 578 608 682
 491 : 14 94 299 491 645 696
 495 : 168 464 471 495 496 692
 506 : 114 223 234 307 348 382 505 506 521 557
 507 : 204 308 368 507
 517 : 89 228 291 401 457 504 517 554 657
 518 : 316 518
 519 : 158 469 519
 524 : 510 524
 530 : 332 530 653
 534 : 121 136 207 345 534 571 647
 536 : 95 322 447 514 515 536 544
 561 : 439 494 503 560 561
 562 : 99 193 562 563 569 570 636 648
 566 : 163 297 342 354 405 566
 572 : 22 112 394 572 667
 575 : 564 575
 577 : 153 190 577 619
 586 : 365 585 586
 597 : 28 146 288 474 480 597
 599 : 210 349 467 599
 606 : 224 258 551 606 607
 610 : 7 69 156 264 539 610 634
 611 : 191 527 611
 612 : 119 162 289 305 330 612
 623 : 23 137 160 257 512 568 620 623
 625 : 178 548 625
 627 : 245 271 285 626 627
 632 : 92 631 632
 660 : 25 83 225 660
 670 : 18 68 116 545 670 693
 671 : 180 276 333 367 438 546 581 593 671 678 686
 677 : 677
 680 : 157 430 666 680
 685 : 73 255 283 443 685
 699 : 699
SOLUTION:
  Value: -3076.000000
  Assigns: 0 1 267 412 129 5 82 610 351 82 57 199 352 133 491 347 17 17 670 441 20 20 572 160 441 660 26 86 597 20 556 170 201 201 267 115 81 37 242 39 403 600 266 350 170 199 46 601 48 107 452 51 266 242 54 194 56 57 26 400 566 170 86 86 86 351 351 129 670 610 70 70 107 685 452 339 76 171 217 201 80 81 82 660 84 81 86 115 600 517 495 411 632 54 491 515 96 96 138 563 387 101 515 57 86 267 301 107 472 170 115 111 572 472 506 115 670 338 184 612 515 534 86 54 124 489 600 147 267 129 130 267 133 133 452 477 534 160 138 139 331 248 406 201 201 107 597 147 147 81 600 339 412 577 54 248 610 680 519 159 160 86 612 566 489 184 166 86 495 129 170 171 84 173 572 477 184 20 625 563 671 133 563 352 184 81 86 331 339 516 577 611 101 563 194 573 86 197 267 199 199 201 392 392 507 115 600 534 600 387 599 477 452 339 300 544 477 217 404 46 437 273 477 506 606 660 130 81 517 563 201 231 81 81 506 235 235 237 309 86 452 489 242 242 352 601 437 248 248 489 601 411 339 404 0 685 300 160 606 353 293 266 262 242 610 265 266 267 201 477 437 267 600 273 273 273 671 86 86 353 300 390 282 685 357 601 46 397 597 612 563 517 170 293 84 129 166 566 477 491 300 301 472 96 82 612 477 506 507 309 392 412 412 387 397 133 518 265 318 17 54 139 515 323 217 138 159 406 301 404 612 331 530 671 334 335 273 337 338 339 96 17 566 86 248 534 301 347 506 599 350 351 352 353 566 301 217 357 133 392 441 381 362 81 57 586 670 671 507 56 267 544 352 107 147 86 376 404 515 390 477 381 506 54 129 26 159 387 411 334 390 392 392 265 572 101 409 397 84 17 400 517 46 403 404 566 406 282 197 409 171 411 412 159 54 350 452 563 138 111 133 406 406 452 424 515 473 477 80 107 680 301 107 166 81 293 293 437 671 561 171 441 248 685 282 477 81 515 448 26 199 515 452 452 392 51 96 517 458 201 350 441 462 387 495 352 96 599 600 519 357 495 472 473 597 475 331 477 404 404 597 81 54 563 267 82 115 184 515 489 86 491 57 20 561 495 495 392 381 352 171 96 404 561 517 506 506 507 458 101 524 350 160 376 515 515 516 517 518 519 350 506 516 82 524 201 437 611 293 129 530 217 273 39 534 80 515 217 600 610 107 400 115 197 544 670 671 601 625 404 387 606 338 17 517 138 556 506 600 81 561 561 563 563 564 477 566 293 160 563 563 534 572 573 282 564 334 577 489 138 477 671 46 301 293 586 586 412 86 409 115 267 334 671 265 265 26 597 267 599 600 601 130 129 107 107 606 606 489 201 610 611 612 458 201 46 201 20 81 577 160 217 217 160 282 625 184 601 517 293 96 632 632 273 610 563 563 334 392 138 339 641 138 129 515 491 81 534 563 649 184 81 301 530 82 96 54 517 301 133 660 39 184 82 86 300 680 572 387 409 670 671 115 20 133 96 351 82 671 273 680 409 489 242 404 685 671 472 133 424 248 472 495 670 397 265 491 81 267 699 
  Facilities: 140
 0 : 0 254
 1 : 1
 5 : 5
 17 : 16 17 319 341 399 553
 20 : 20 21 29 177 493 617 673
 26 : 26 58 385 449 596
 37 : 37
 39 : 39 533 661
 46 : 46 219 286 402 582 615
 48 : 48
 51 : 51 455
 54 : 54 93 123 154 320 383 414 482 656
 56 : 56 369
 57 : 10 57 103 364 492
 70 : 70 71
 76 : 76
 80 : 80 428 535
 81 : 36 81 85 149 185 227 232 233 363 434 446 481 559 618 646 651 697
 82 : 6 9 82 304 485 523 654 663 677
 84 : 84 172 294 398
 86 : 27 62 63 64 86 104 122 161 167 186 196 239 277 278 343 375 490 588 664
 96 : 96 97 303 340 456 466 501 630 655 675
 101 : 101 192 395 509
 107 : 49 72 107 145 373 429 432 540 604 605
 111 : 111 419
 115 : 35 87 110 115 205 486 542 590 672
 124 : 124
 129 : 4 67 129 169 295 384 529 603 643
 130 : 130 226 602
 133 : 13 132 133 181 315 358 420 659 674 688
 138 : 98 138 325 418 555 579 639 642
 139 : 139 321
 147 : 127 147 148 374
 159 : 159 326 386 413
 160 : 23 137 160 257 512 568 620 623
 166 : 166 296 433
 170 : 31 44 61 109 170 292
 171 : 77 171 410 440 500
 173 : 173
 184 : 118 165 176 184 487 626 650 662
 194 : 55 194
 197 : 197 408 543
 199 : 11 45 199 200 450
 201 : 32 33 79 143 144 201 230 268 459 525 609 614 616
 217 : 78 217 324 356 531 537 621 622
 231 : 231
 235 : 235 236
 237 : 237
 242 : 38 53 242 243 263 683
 248 : 141 155 247 248 344 442 690
 262 : 262
 265 : 265 317 393 594 595 695
 266 : 42 52 261 266
 267 : 2 34 105 128 131 198 267 271 370 484 591 598 698
 273 : 221 273 274 275 336 532 633 679
 282 : 282 407 444 574 624
 293 : 260 293 435 436 528 567 584 629
 300 : 214 256 280 300 665
 301 : 106 301 328 346 355 431 583 652 658
 309 : 238 309
 318 : 318
 323 : 323
 331 : 140 187 331 476
 334 : 334 389 576 592 637
 335 : 335
 337 : 337
 338 : 117 338 552
 339 : 75 151 188 213 252 339 640
 347 : 15 347
 350 : 43 350 415 460 511 520
 351 : 8 65 66 351 676
 352 : 12 183 244 352 372 465 499
 353 : 259 279 353
 357 : 284 357 470
 362 : 362
 376 : 376 513
 381 : 361 381 498
 387 : 100 209 313 387 463 550 668
 390 : 281 379 390
 392 : 202 203 310 359 391 392 454 497 638
 397 : 287 314 397 694
 400 : 59 400 541
 403 : 40 403
 404 : 218 253 329 377 404 478 479 502 549 684
 406 : 142 327 406 421 422
 409 : 396 409 589 669 681
 411 : 91 251 388 411
 412 : 3 152 311 312 412 587
 424 : 424 689
 437 : 220 246 270 437 526
 441 : 19 24 360 441 461
 448 : 448
 452 : 50 74 134 212 240 416 423 452 453
 458 : 458 508 613
 462 : 462
 472 : 108 113 302 472 687 691
 473 : 426 473
 475 : 475
 477 : 135 175 211 216 222 269 298 306 380 427 445 477 565 580
 489 : 125 164 241 249 489 578 608 682
 491 : 14 94 299 491 645 696
 495 : 90 168 464 471 495 496 692
 506 : 114 223 234 307 348 382 505 506 521 557
 507 : 204 308 368 507
 515 : 95 102 120 322 378 425 447 451 488 514 515 536 644
 516 : 189 516 522
 517 : 89 228 291 401 457 504 517 554 628 657
 518 : 316 518
 519 : 158 469 519
 524 : 510 524
 530 : 332 530 653
 534 : 121 136 207 345 534 571 647
 544 : 215 371 544
 556 : 30 556
 561 : 439 494 503 560 561
 563 : 99 179 182 193 229 290 417 483 562 563 569 570 635 636 648
 564 : 564 575
 566 : 60 163 297 342 354 405 566
 572 : 22 112 174 394 572 667
 573 : 195 573
 577 : 153 190 577 619
 586 : 365 585 586
 597 : 28 146 288 474 480 597
 599 : 210 349 467 599
 600 : 41 88 126 150 206 208 272 468 538 558 600
 601 : 47 245 250 285 547 601 627
 606 : 224 258 551 606 607
 610 : 7 69 156 264 539 610 634
 611 : 191 527 611
 612 : 119 162 289 305 330 612
 625 : 178 548 625
 632 : 92 631 632
 641 : 641
 649 : 649
 660 : 25 83 225 660
 670 : 18 68 116 366 545 670 693
 671 : 180 276 333 367 438 546 581 593 671 678 686
 680 : 157 430 666 680
 685 : 73 255 283 443 685
 699 : 699
SOLUTION:
  Value: -3079.000000
  Assigns: 0 1 326 412 129 5 82 610 65 82 57 199 352 324 491 347 17 17 670 441 20 20 572 160 441 225 26 27 597 20 556 170 201 201 267 115 81 37 263 39 403 150 52 350 170 46 46 601 330 107 452 455 52 425 54 194 369 57 26 400 566 170 27 27 27 65 65 129 670 610 70 70 107 443 452 698 76 171 324 201 80 81 82 225 84 434 27 115 150 517 495 411 632 54 491 171 96 96 138 563 387 472 378 57 27 243 301 107 472 170 115 356 572 472 223 115 670 117 184 301 425 534 27 54 124 489 150 147 267 129 130 267 315 315 452 427 534 698 138 378 331 248 406 201 201 107 597 147 147 81 150 640 412 577 54 248 610 680 519 326 160 161 566 566 489 184 166 27 495 129 170 171 84 173 324 357 184 20 625 563 671 315 563 352 184 81 27 331 640 516 698 611 192 563 194 573 27 197 267 199 199 201 392 392 507 115 150 534 150 387 599 427 452 640 300 544 427 324 404 46 437 273 223 223 688 225 130 81 517 563 201 248 81 434 234 235 235 237 309 27 452 489 263 243 352 601 437 248 248 489 601 411 698 404 0 223 300 443 606 353 293 52 262 263 263 265 52 267 201 427 437 267 150 273 273 273 671 27 27 353 300 390 507 688 357 601 46 397 597 427 563 517 170 293 84 129 166 566 427 491 300 301 472 96 82 427 427 117 507 309 392 412 412 387 397 315 316 265 318 17 54 378 378 323 324 138 326 406 301 404 330 331 530 671 334 335 273 337 552 640 96 17 566 27 248 534 301 347 223 599 350 65 352 353 566 301 356 357 39 392 441 381 362 434 57 107 243 671 507 369 267 544 352 107 147 27 427 404 378 390 378 381 234 54 129 26 326 387 411 334 390 392 392 265 572 65 409 397 84 17 400 517 46 403 404 566 406 698 197 409 171 411 412 326 54 350 452 563 138 356 315 378 406 452 689 425 473 427 80 107 680 301 107 166 434 293 293 437 671 561 171 441 248 443 378 427 81 378 448 26 46 378 452 452 392 455 96 517 458 201 350 441 462 387 495 352 96 599 150 519 357 495 472 473 597 475 331 427 404 404 597 81 54 563 267 82 115 184 17 489 27 491 57 20 561 495 495 392 381 352 171 96 404 561 517 223 223 507 458 472 524 350 160 397 378 378 516 517 316 519 350 223 516 82 524 201 437 611 293 129 530 330 273 39 534 80 378 356 150 610 107 400 115 197 544 670 671 601 625 404 387 606 552 17 517 138 556 223 150 434 561 561 563 563 575 427 566 293 160 563 563 534 572 573 507 575 334 577 489 138 225 443 46 301 293 330 489 412 27 409 115 267 334 671 265 265 26 597 267 599 150 601 130 129 107 107 606 606 489 201 610 611 427 458 201 46 201 20 434 577 160 356 356 160 698 625 184 601 150 293 96 632 632 326 610 563 563 334 392 138 640 150 138 129 378 491 434 534 563 248 184 81 301 530 82 96 54 517 301 315 225 39 184 82 27 300 680 572 387 409 670 671 115 20 315 96 65 82 671 273 680 409 489 263 404 443 671 472 688 689 248 472 495 670 397 265 491 434 698 699 
  Facilities: 140
 0 : 0 254
 1 : 1
 5 : 5
 17 : 16 17 319 341 399 488 553
 20 : 20 21 29 177 493 617 673
 26 : 26 58 385 449 596
 27 : 27 62 63 64 86 104 122 167 186 196 239 277 278 343 375 490 588 664
 37 : 37
 39 : 39 358 533 661
 46 : 45 46 219 286 402 450 582 615
 52 : 42 52 261 266
 54 : 54 93 123 154 320 383 414 482 656
 57 : 10 57 103 364 492
 65 : 8 65 66 351 395 676
 70 : 70 71
 76 : 76
 80 : 80 428 535
 81 : 36 81 149 185 227 232 446 481 651
 82 : 6 9 82 304 485 523 654 663 677
 84 : 84 172 294 398
 96 : 96 97 303 340 456 466 501 630 655 675
 107 : 49 72 107 145 365 373 429 432 540 604 605
 115 : 35 87 110 115 205 486 542 590 672
 117 : 117 307
 124 : 124
 129 : 4 67 129 169 295 384 529 603 643
 130 : 130 226 602
 138 : 98 138 325 418 555 579 639 642
 147 : 127 147 148 374
 150 : 41 88 126 150 206 208 272 468 538 558 600 628 641
 160 : 23 160 512 568 620 623
 161 : 161
 166 : 166 296 433
 170 : 31 44 61 109 170 292
 171 : 77 95 171 410 440 500
 173 : 173
 184 : 118 165 176 184 487 626 650 662
 192 : 192
 194 : 55 194
 197 : 197 408 543
 199 : 11 199 200
 201 : 32 33 79 143 144 201 230 268 459 525 609 614 616
 223 : 114 222 223 255 348 505 506 521 557
 225 : 25 83 225 580 660
 234 : 234 382
 235 : 235 236
 237 : 237
 243 : 105 243 366
 248 : 141 155 231 247 248 344 442 649 690
 262 : 262
 263 : 38 242 263 264 683
 265 : 265 317 393 594 595 695
 267 : 34 128 131 198 267 271 370 484 591 598
 273 : 221 273 274 275 336 532 679
 293 : 260 293 435 436 528 567 584 629
 300 : 214 256 280 300 665
 301 : 106 119 301 328 346 355 431 583 652 658
 309 : 238 309
 315 : 132 133 181 315 420 659 674
 316 : 316 518
 318 : 318
 323 : 323
 324 : 13 78 174 217 324
 326 : 2 159 326 386 413 633
 330 : 48 330 531 585
 331 : 140 187 331 476
 334 : 334 389 576 592 637
 335 : 335
 337 : 337
 347 : 15 347
 350 : 43 350 415 460 511 520
 352 : 12 183 244 352 372 465 499
 353 : 259 279 353
 356 : 111 356 419 537 621 622
 357 : 175 284 357 470
 362 : 362
 369 : 56 369
 378 : 102 139 321 322 378 380 421 444 447 451 514 515 536 644
 381 : 361 381 498
 387 : 100 209 313 387 463 550 668
 390 : 281 379 390
 392 : 202 203 310 359 391 392 454 497 638
 397 : 287 314 397 513 694
 400 : 59 400 541
 403 : 40 403
 404 : 218 253 329 377 404 478 479 502 549 684
 406 : 142 327 406 422
 409 : 396 409 589 669 681
 411 : 91 251 388 411
 412 : 3 152 311 312 412 587
 425 : 53 120 425
 427 : 135 211 216 269 289 298 305 306 376 427 445 477 565 612
 434 : 85 233 363 434 559 618 646 697
 437 : 220 246 270 437 526
 441 : 19 24 360 441 461
 443 : 73 257 443 581 685
 448 : 448
 452 : 50 74 134 212 240 416 423 452 453
 455 : 51 455
 458 : 458 508 613
 462 : 462
 472 : 101 108 113 302 472 509 687 691
 473 : 426 473
 475 : 475
 489 : 125 164 241 249 489 578 586 608 682
 491 : 14 94 299 491 645 696
 495 : 90 168 464 471 495 496 692
 507 : 204 282 308 368 507 574
 516 : 189 516 522
 517 : 89 228 291 401 457 504 517 554 657
 519 : 158 469 519
 524 : 510 524
 530 : 332 530 653
 534 : 121 136 207 345 534 571 647
 544 : 215 371 544
 552 : 338 552
 556 : 30 556
 561 : 439 494 503 560 561
 563 : 99 179 182 193 229 290 417 483 562 563 569 570 635 636 648
 566 : 60 162 163 297 342 354 405 566
 572 : 22 112 394 572 667
 573 : 195 573
 575 : 564 575
 577 : 153 577 619
 597 : 28 146 288 474 480 597
 599 : 210 349 467 599
 601 : 47 245 250 285 547 601 627
 606 : 258 551 606 607
 610 : 7 69 156 539 610 634
 611 : 191 527 611
 625 : 178 548 625
 632 : 92 631 632
 640 : 151 188 213 339 640
 670 : 18 68 116 545 670 693
 671 : 180 276 333 367 438 546 593 671 678 686
 680 : 157 430 666 680
 688 : 224 283 688
 689 : 424 689
 698 : 75 137 190 252 407 624 698
 699 : 699
SOLUTION:
  Value: -3082.000000
  Assigns: 254 1 267 408 129 5 82 610 8 82 57 199 352 133 491 347 17 17 670 441 20 20 572 160 441 225 26 86 597 20 556 170 201 201 267 115 651 37 242 39 40 150 266 350 170 46 46 601 330 107 8 455 266 425 54 55 56 57 26 400 566 170 86 86 86 8 8 129 670 610 70 70 107 685 452 698 76 171 217 201 80 651 82 225 172 651 86 115 150 517 90 90 632 54 491 171 96 96 138 563 387 101 378 57 86 267 301 107 472 170 115 356 572 472 223 115 670 117 184 301 425 534 86 54 124 608 150 147 267 129 130 267 133 133 452 211 534 698 138 378 140 248 406 201 201 107 597 147 147 651 150 640 311 577 54 248 610 680 519 159 160 86 566 566 334 184 166 86 495 129 170 171 172 510 217 357 184 20 625 563 671 133 563 352 184 651 86 140 640 516 698 611 101 563 55 573 86 408 267 199 199 201 392 392 507 115 150 534 150 387 599 211 452 640 300 544 211 217 377 46 563 679 223 223 606 225 130 679 517 563 201 248 651 651 234 236 236 237 309 86 452 608 242 242 352 601 270 248 248 608 601 251 698 377 254 685 300 160 606 353 293 266 262 242 610 265 266 267 201 211 270 267 150 679 274 274 671 86 86 353 300 390 507 685 357 601 46 397 597 211 291 291 170 293 172 129 166 566 211 491 300 301 302 96 82 599 211 117 507 309 392 311 311 387 397 133 518 265 318 17 54 378 378 323 217 138 159 406 301 329 330 140 530 671 334 335 679 337 552 640 96 17 566 86 248 534 301 347 223 599 350 8 352 353 566 301 356 357 133 392 441 381 362 651 57 107 670 671 507 56 267 544 352 107 147 86 513 377 378 390 211 381 234 54 129 8 159 387 140 334 390 392 392 265 572 101 409 397 172 17 400 517 46 40 377 566 406 698 408 409 171 640 311 159 54 350 452 563 138 356 133 378 406 452 270 425 473 211 80 107 680 301 107 166 651 293 293 270 671 561 171 441 248 685 378 211 651 378 448 26 46 378 452 452 392 455 96 517 458 201 350 441 462 387 495 352 96 599 150 519 357 90 472 473 597 475 150 211 377 377 597 651 54 291 267 82 115 184 17 608 86 491 57 20 561 495 495 392 381 352 171 96 377 561 291 223 223 507 458 101 510 350 160 513 378 378 516 517 518 519 350 223 516 82 510 201 566 611 293 129 530 330 679 39 534 80 378 356 150 610 107 400 115 408 544 670 671 601 625 377 387 606 552 17 517 138 556 223 150 651 561 561 563 563 575 211 566 293 160 563 563 534 572 573 507 575 334 577 608 138 225 671 46 301 293 330 608 311 86 409 115 267 334 671 265 265 26 597 267 599 150 601 130 129 107 107 606 606 608 201 610 611 211 458 201 46 201 20 651 577 160 356 356 160 698 625 184 601 150 293 96 632 632 274 610 563 563 334 392 138 640 150 138 129 378 491 651 534 563 248 184 651 301 530 82 96 54 517 301 133 225 39 184 82 86 300 680 572 387 409 670 671 115 20 133 96 8 82 671 679 680 409 608 242 377 685 671 472 133 270 248 472 495 670 397 265 491 651 698 699 
  Facilities: 140
 1 : 1
 5 : 5
 8 : 8 50 65 66 351 385 676
 17 : 16 17 319 341 399 488 553
 20 : 20 21 29 177 493 617 673
 26 : 26 58 449 596
 37 : 37
 39 : 39 533 661
 40 : 40 403
 46 : 45 46 219 286 402 450 582 615
 54 : 54 93 123 154 320 383 414 482 656
 55 : 55 194
 56 : 56 369
 57 : 10 57 103 364 492
 70 : 70 71
 76 : 76
 80 : 80 428 535
 82 : 6 9 82 304 485 523 654 663 677
 86 : 27 62 63 64 86 104 122 161 167 186 196 239 277 278 343 375 490 588 664
 90 : 90 91 471
 96 : 96 97 303 340 456 466 501 630 655 675
 101 : 101 192 395 509
 107 : 49 72 107 145 365 373 429 432 540 604 605
 115 : 35 87 110 115 205 486 542 590 672
 117 : 117 307
 124 : 124
 129 : 4 67 129 169 295 384 529 603 643
 130 : 130 226 602
 133 : 13 132 133 181 315 358 420 659 674 688
 138 : 98 138 325 418 555 579 639 642
 140 : 140 187 331 388
 147 : 127 147 148 374
 150 : 41 88 126 150 206 208 272 468 476 538 558 600 628 641
 159 : 159 326 386 413
 160 : 23 160 257 512 568 620 623
 166 : 166 296 433
 170 : 31 44 61 109 170 292
 171 : 77 95 171 410 440 500
 172 : 84 172 294 398
 184 : 118 165 176 184 487 626 650 662
 199 : 11 199 200
 201 : 32 33 79 143 144 201 230 268 459 525 609 614 616
 211 : 135 211 216 269 289 298 306 380 427 445 477 565 612
 217 : 78 174 217 324
 223 : 114 222 223 348 505 506 521 557
 225 : 25 83 225 580 660
 234 : 234 382
 236 : 235 236
 237 : 237
 242 : 38 242 243 263 683
 248 : 141 155 231 247 248 344 442 649 690
 251 : 251
 254 : 0 254
 262 : 262
 265 : 265 317 393 594 595 695
 266 : 42 52 261 266
 267 : 2 34 105 128 131 198 267 271 370 484 591 598
 270 : 246 270 424 437 689
 274 : 274 275 633
 291 : 290 291 483 504
 293 : 260 293 435 436 528 567 584 629
 300 : 214 256 280 300 665
 301 : 106 119 301 328 346 355 431 583 652 658
 302 : 302
 309 : 238 309
 311 : 152 311 312 412 587
 318 : 318
 323 : 323
 329 : 329
 330 : 48 330 531 585
 334 : 164 334 389 576 592 637
 335 : 335
 337 : 337
 347 : 15 347
 350 : 43 350 415 460 511 520
 352 : 12 183 244 352 372 465 499
 353 : 259 279 353
 356 : 111 356 419 537 621 622
 357 : 175 284 357 470
 362 : 362
 377 : 218 253 377 404 478 479 502 549 684
 378 : 102 139 321 322 378 421 444 447 451 514 515 536 644
 381 : 361 381 498
 387 : 100 209 313 387 463 550 668
 390 : 281 379 390
 392 : 202 203 310 359 391 392 454 497 638
 397 : 287 314 397 694
 400 : 59 400 541
 406 : 142 327 406 422
 408 : 3 197 408 543
 409 : 396 409 589 669 681
 425 : 53 120 425
 441 : 19 24 360 441 461
 448 : 448
 452 : 74 134 212 240 416 423 452 453
 455 : 51 455
 458 : 458 508 613
 462 : 462
 472 : 108 113 472 687 691
 473 : 426 473
 475 : 475
 491 : 14 94 299 491 645 696
 495 : 168 464 495 496 692
 507 : 204 282 308 368 507 574
 510 : 173 510 524
 513 : 376 513
 516 : 189 516 522
 517 : 89 228 401 457 517 554 657
 518 : 316 518
 519 : 158 469 519
 530 : 332 530 653
 534 : 121 136 207 345 534 571 647
 544 : 215 371 544
 552 : 338 552
 556 : 30 556
 561 : 439 494 503 560 561
 563 : 99 179 182 193 220 229 417 562 563 569 570 635 636 648
 566 : 60 162 163 297 342 354 405 526 566
 572 : 22 112 394 572 667
 573 : 195 573
 575 : 564 575
 577 : 153 577 619
 597 : 28 146 288 474 480 597
 599 : 210 305 349 467 599
 601 : 47 245 250 285 547 601 627
 606 : 224 258 551 606 607
 608 : 125 241 249 489 578 586 608 682
 610 : 7 69 156 264 539 610 634
 611 : 191 527 611
 625 : 178 548 625
 632 : 92 631 632
 640 : 151 188 213 339 411 640
 651 : 36 81 85 149 185 232 233 363 434 446 481 559 618 646 651 697
 670 : 18 68 116 366 545 670 693
 671 : 180 276 333 367 438 546 581 593 671 678 686
 679 : 221 227 273 336 532 679
 680 : 157 430 666 680
 685 : 73 255 283 443 685
 698 : 75 137 190 252 407 624 698
 699 : 699
SOLUTION:
  Value: -3082.000000
  Assigns: 0 1 267 412 129 5 82 156 65 82 57 199 352 324 491 347 17 17 670 441 20 20 572 160 441 660 26 27 597 20 556 170 201 201 267 115 81 37 263 39 40 150 266 350 170 46 46 601 330 107 452 455 266 425 123 194 56 57 26 400 61 61 27 27 27 65 65 129 670 330 70 70 107 443 452 339 76 171 324 201 80 81 82 660 84 81 27 115 150 517 90 90 632 123 491 536 96 96 138 562 387 101 102 57 27 243 301 107 472 170 115 102 572 472 506 115 670 338 184 301 425 534 27 123 124 489 150 147 267 129 130 267 315 315 452 477 534 160 138 102 140 248 327 201 201 107 597 147 147 81 150 339 412 577 123 248 156 680 519 159 160 161 566 566 489 184 166 27 495 129 170 171 84 173 324 477 184 20 625 179 276 315 179 352 184 81 27 140 339 61 577 611 192 562 194 195 27 197 267 199 199 201 392 392 507 115 150 534 150 387 467 477 452 339 300 101 477 324 404 46 437 273 477 506 688 660 130 81 517 179 201 248 81 81 276 235 235 237 238 27 452 489 263 243 352 601 437 248 248 489 601 61 339 404 0 506 300 443 606 353 293 266 262 263 263 265 266 267 201 477 437 267 150 273 273 273 276 27 27 353 300 390 282 688 357 601 46 397 267 467 179 517 170 293 84 129 166 566 477 491 300 301 472 96 82 467 477 506 507 238 392 412 412 387 397 315 316 265 318 17 123 102 536 323 324 138 159 327 301 404 330 140 530 276 334 335 273 337 338 339 96 17 566 27 248 534 301 347 506 467 350 65 352 353 566 301 621 357 39 392 441 381 362 81 57 107 243 276 507 56 267 179 352 107 147 27 397 404 102 390 477 381 276 123 129 26 159 387 140 334 390 392 392 265 572 101 409 397 84 17 400 517 46 40 404 566 156 282 197 409 171 339 412 159 123 350 452 179 138 621 315 102 156 452 689 425 426 477 80 107 680 301 107 166 81 293 293 437 276 561 171 441 248 443 282 477 81 536 448 26 46 102 452 452 392 455 96 517 458 201 350 441 462 387 495 352 96 467 150 519 357 90 472 426 597 475 150 477 404 404 597 81 123 179 267 82 115 184 17 489 27 491 57 156 561 495 495 392 381 352 171 96 404 561 517 506 506 507 458 101 510 350 160 397 536 536 27 517 316 519 350 506 27 82 510 201 437 611 293 129 530 330 273 39 534 80 536 621 150 156 107 400 115 197 536 670 276 601 625 404 387 606 338 17 517 138 556 506 150 81 561 561 562 562 575 477 566 293 160 562 562 534 572 195 282 575 334 577 489 138 477 443 46 301 293 330 489 412 27 409 115 267 334 276 265 265 26 597 267 467 150 601 130 129 107 107 606 606 489 201 156 611 467 458 201 46 201 20 81 577 160 621 621 160 282 625 184 601 150 293 96 632 632 273 156 179 562 334 392 138 339 150 138 129 102 491 81 534 562 248 184 81 301 530 82 96 123 517 301 315 660 39 184 663 27 300 680 572 387 409 670 276 115 20 315 96 65 82 276 273 680 409 489 263 404 443 276 472 688 689 248 472 495 670 397 265 491 81 267 699 
  Facilities: 140
 0 : 0 254
 1 : 1
 5 : 5
 17 : 16 17 319 341 399 488 553
 20 : 20 21 29 177 617 673
 26 : 26 58 385 449 596
 27 : 27 62 63 64 86 104 122 167 186 196 239 277 278 343 375 490 516 522 588 664
 37 : 37
 39 : 39 358 533 661
 40 : 40 403
 46 : 45 46 219 286 402 450 582 615
 56 : 56 369
 57 : 10 57 103 364 492
 61 : 60 61 189 251
 65 : 8 65 66 351 676
 70 : 70 71
 76 : 76
 80 : 80 428 535
 81 : 36 81 85 149 185 227 232 233 363 434 446 481 559 618 646 651 697
 82 : 6 9 82 304 485 523 654 677
 84 : 84 172 294 398
 90 : 90 91 471
 96 : 96 97 303 340 456 466 501 630 655 675
 101 : 101 215 395 509
 102 : 102 111 139 321 378 421 451 644
 107 : 49 72 107 145 365 373 429 432 540 604 605
 115 : 35 87 110 115 205 486 542 590 672
 123 : 54 93 123 154 320 383 414 482 656
 124 : 124
 129 : 4 67 129 169 295 384 529 603 643
 130 : 130 226 602
 138 : 98 138 325 418 555 579 639 642
 140 : 140 187 331 388
 147 : 127 147 148 374
 150 : 41 88 126 150 206 208 272 468 476 538 558 600 628 641
 156 : 7 156 406 422 493 539 610 634
 159 : 159 326 386 413
 160 : 23 137 160 512 568 620 623
 161 : 161
 166 : 166 296 433
 170 : 31 44 109 170 292
 171 : 77 171 410 440 500
 173 : 173
 179 : 179 182 229 290 371 417 483 635
 184 : 118 165 176 184 487 626 650 662
 192 : 192
 194 : 55 194
 195 : 195 573
 197 : 197 408 543
 199 : 11 199 200
 201 : 32 33 79 143 144 201 230 268 459 525 609 614 616
 235 : 235 236
 237 : 237
 238 : 238 309
 243 : 105 243 366
 248 : 141 155 231 247 248 344 442 649 690
 262 : 262
 263 : 38 242 263 264 683
 265 : 265 317 393 594 595 695
 266 : 42 52 261 266
 267 : 2 34 128 131 198 267 271 288 370 484 591 598 698
 273 : 221 273 274 275 336 532 633 679
 276 : 180 234 276 333 367 382 438 546 593 671 678 686
 282 : 282 407 444 574 624
 293 : 260 293 435 436 528 567 584 629
 300 : 214 256 280 300 665
 301 : 106 119 301 328 346 355 431 583 652 658
 315 : 132 133 181 315 420 659 674
 316 : 316 518
 318 : 318
 323 : 323
 324 : 13 78 174 217 324
 327 : 142 327
 330 : 48 69 330 531 585
 334 : 334 389 576 592 637
 335 : 335
 337 : 337
 338 : 117 338 552
 339 : 75 151 188 213 252 339 411 640
 347 : 15 347
 350 : 43 350 415 460 511 520
 352 : 12 183 244 352 372 465 499
 353 : 259 279 353
 357 : 284 357 470
 362 : 362
 381 : 361 381 498
 387 : 100 209 313 387 463 550 668
 390 : 281 379 390
 392 : 202 203 310 359 391 392 454 497 638
 397 : 287 314 376 397 513 694
 400 : 59 400 541
 404 : 218 253 329 377 404 478 479 502 549 684
 409 : 396 409 589 669 681
 412 : 3 152 311 312 412 587
 425 : 53 120 425
 426 : 426 473
 437 : 220 246 270 437 526
 441 : 19 24 360 441 461
 443 : 73 257 443 581 685
 448 : 448
 452 : 50 74 134 212 240 416 423 452 453
 455 : 51 455
 458 : 458 508 613
 462 : 462
 467 : 210 289 305 349 467 599 612
 472 : 108 113 302 472 687 691
 475 : 475
 477 : 135 175 211 216 222 269 298 306 380 427 445 477 565 580
 489 : 125 164 241 249 489 578 586 608 682
 491 : 14 94 299 491 645 696
 495 : 168 464 495 496 692
 506 : 114 223 255 307 348 505 506 521 557
 507 : 204 308 368 507
 510 : 510 524
 517 : 89 228 291 401 457 504 517 554 657
 519 : 158 469 519
 530 : 332 530 653
 534 : 121 136 207 345 534 571 647
 536 : 95 322 447 514 515 536 544
 556 : 30 556
 561 : 439 494 503 560 561
 562 : 99 193 562 563 569 570 636 648
 566 : 162 163 297 342 354 405 566
 572 : 22 112 394 572 667
 575 : 564 575
 577 : 153 190 577 619
 597 : 28 146 474 480 597
 601 : 47 245 250 285 547 601 627
 606 : 258 551 606 607
 611 : 191 527 611
 621 : 356 419 537 621 622
 625 : 178 548 625
 632 : 92 631 632
 660 : 25 83 225 660
 663 : 663
 670 : 18 68 116 545 670 693
 680 : 157 430 666 680
 688 : 224 283 688
 689 : 424 689
 699 : 699
SOLUTION:
  Value: -3083.000000
  Assigns: 0 1 370 412 129 5 82 610 351 82 57 199 352 133 491 347 17 17 670 441 20 20 572 160 441 660 449 86 597 20 556 170 201 201 120 87 81 37 263 39 403 150 266 350 170 46 46 301 330 107 452 51 266 263 54 194 56 57 477 400 61 61 86 86 86 351 351 129 670 610 70 70 107 685 452 339 76 171 217 201 80 81 82 660 172 81 86 87 150 517 90 90 632 54 491 536 96 96 557 562 387 101 102 57 86 627 301 107 472 170 87 356 572 472 557 87 670 117 184 301 120 534 86 54 124 608 150 147 370 129 130 370 133 133 452 477 534 160 138 102 140 248 406 201 201 107 597 147 147 81 150 339 412 577 54 248 610 680 519 159 160 86 566 566 334 184 166 86 495 129 170 171 172 173 287 477 184 20 625 179 671 133 179 352 184 81 86 140 339 516 577 611 101 562 194 195 86 197 370 199 199 201 392 392 507 87 150 534 150 387 467 477 452 339 300 101 477 217 377 46 437 273 477 477 606 660 130 81 517 179 201 248 81 81 557 236 236 237 309 86 452 608 263 263 352 627 437 248 248 608 454 61 339 377 0 685 300 160 606 353 293 266 262 263 610 265 266 370 201 477 437 627 150 273 273 273 671 86 86 353 300 390 507 685 357 627 46 287 370 467 179 517 170 293 172 129 166 566 477 491 300 301 472 96 82 467 477 117 507 309 454 412 412 387 287 133 518 265 318 17 54 102 536 323 217 138 159 406 301 329 330 140 530 671 334 335 273 337 552 339 96 17 566 86 248 534 301 347 557 467 350 351 352 353 566 301 356 357 133 392 441 381 362 81 57 107 670 671 507 56 370 179 352 107 147 86 376 377 102 390 477 381 557 54 129 449 159 387 140 334 390 392 392 265 572 101 409 287 172 17 400 517 46 403 377 566 406 624 197 409 171 339 412 159 54 350 452 179 138 356 133 406 406 452 424 120 454 477 80 107 680 301 107 166 81 293 293 437 671 561 171 441 248 685 102 477 81 536 448 449 46 102 452 452 454 51 96 517 458 201 350 441 462 387 495 352 96 467 150 519 357 90 472 454 597 475 150 477 377 377 597 81 54 179 370 82 87 184 17 608 86 491 57 20 561 495 495 392 381 352 171 96 377 561 517 557 557 507 458 101 524 350 160 376 536 536 516 517 518 519 350 477 516 82 524 201 437 611 293 129 530 330 273 39 534 80 536 356 150 610 107 400 87 197 536 670 671 301 625 377 387 606 552 17 517 138 556 557 150 81 561 561 562 562 564 477 566 293 160 562 562 534 572 195 507 564 334 577 608 138 477 671 46 301 293 330 608 412 86 409 87 370 334 671 265 265 449 597 370 467 150 301 130 129 107 107 606 606 608 201 610 611 467 458 201 46 201 20 81 577 160 356 356 160 624 625 627 627 150 293 96 632 632 273 610 179 562 334 392 138 339 150 138 129 102 491 646 534 562 248 184 81 301 530 82 96 54 517 301 133 660 39 184 82 86 300 680 572 387 409 670 671 87 20 133 96 351 82 671 273 680 409 608 263 377 685 671 472 133 424 248 472 495 670 625 265 491 81 370 699 
  Facilities: 140
 0 : 0 254
 1 : 1
 5 : 5
 17 : 16 17 319 341 399 488 553
 20 : 20 21 29 177 493 617 673
 37 : 37
 39 : 39 533 661
 46 : 45 46 219 286 402 450 582 615
 51 : 51 455
 54 : 54 93 123 154 320 383 414 482 656
 56 : 56 369
 57 : 10 57 103 364 492
 61 : 60 61 251
 70 : 70 71
 76 : 76
 80 : 80 428 535
 81 : 36 81 85 149 185 227 232 233 363 434 446 481 559 618 651 697
 82 : 6 9 82 304 485 523 654 663 677
 86 : 27 62 63 64 86 104 122 161 167 186 196 239 277 278 343 375 490 588 664
 87 : 35 87 110 115 205 486 542 590 672
 90 : 90 91 471
 96 : 96 97 303 340 456 466 501 630 655 675
 101 : 101 192 215 395 509
 102 : 102 139 321 378 444 451 644
 107 : 49 72 107 145 365 373 429 432 540 604 605
 117 : 117 307
 120 : 34 120 425
 124 : 124
 129 : 4 67 129 169 295 384 529 603 643
 130 : 130 226 602
 133 : 13 132 133 181 315 358 420 659 674 688
 138 : 138 325 418 555 579 639 642
 140 : 140 187 331 388
 147 : 127 147 148 374
 150 : 41 88 126 150 206 208 272 468 476 538 558 600 628 641
 159 : 159 326 386 413
 160 : 23 137 160 257 512 568 620 623
 166 : 166 296 433
 170 : 31 44 109 170 292
 171 : 77 171 410 440 500
 172 : 84 172 294 398
 173 : 173
 179 : 179 182 229 290 371 417 483 635
 184 : 118 165 176 184 487 650 662
 194 : 55 194
 195 : 195 573
 197 : 197 408 543
 199 : 11 199 200
 201 : 32 33 79 143 144 201 230 268 459 525 609 614 616
 217 : 78 217 324
 236 : 235 236
 237 : 237
 248 : 141 155 231 247 248 344 442 649 690
 262 : 262
 263 : 38 53 242 243 263 683
 265 : 265 317 393 594 595 695
 266 : 42 52 261 266
 273 : 221 273 274 275 336 532 633 679
 287 : 174 287 314 397
 293 : 260 293 435 436 528 567 584 629
 300 : 214 256 280 300 665
 301 : 47 106 119 301 328 346 355 431 547 583 601 652 658
 309 : 238 309
 318 : 318
 323 : 323
 329 : 329
 330 : 48 330 531 585
 334 : 164 334 389 576 592 637
 335 : 335
 337 : 337
 339 : 75 151 188 213 252 339 411 640
 347 : 15 347
 350 : 43 350 415 460 511 520
 351 : 8 65 66 351 676
 352 : 12 183 244 352 372 465 499
 353 : 259 279 353
 356 : 111 356 419 537 621 622
 357 : 284 357 470
 362 : 362
 370 : 2 128 131 198 267 288 370 484 591 598 698
 376 : 376 513
 377 : 218 253 377 404 478 479 502 549 684
 381 : 361 381 498
 387 : 100 209 313 387 463 550 668
 390 : 281 379 390
 392 : 202 203 359 391 392 497 638
 400 : 59 400 541
 403 : 40 403
 406 : 142 327 406 421 422
 409 : 396 409 589 669 681
 412 : 3 152 311 312 412 587
 424 : 424 689
 437 : 220 246 270 437 526
 441 : 19 24 360 441 461
 448 : 448
 449 : 26 385 449 596
 452 : 50 74 134 212 240 416 423 452 453
 454 : 250 310 426 454 473
 458 : 458 508 613
 462 : 462
 467 : 210 289 305 349 467 599 612
 472 : 108 113 302 472 687 691
 475 : 475
 477 : 58 135 175 211 216 222 223 269 298 306 380 427 445 477 521 565 580
 491 : 14 94 299 491 645 696
 495 : 168 464 495 496 692
 507 : 204 282 308 368 507 574
 516 : 189 516 522
 517 : 89 228 291 401 457 504 517 554 657
 518 : 316 518
 519 : 158 469 519
 524 : 510 524
 530 : 332 530 653
 534 : 121 136 207 345 534 571 647
 536 : 95 322 447 514 515 536 544
 552 : 338 552
 556 : 30 556
 557 : 98 114 234 348 382 505 506 557
 561 : 439 494 503 560 561
 562 : 99 193 562 563 569 570 636 648
 564 : 564 575
 566 : 162 163 297 342 354 405 566
 572 : 22 112 394 572 667
 577 : 153 190 577 619
 597 : 28 146 474 480 597
 606 : 224 258 551 606 607
 608 : 125 241 249 489 578 586 608 682
 610 : 7 69 156 264 539 610 634
 611 : 191 527 611
 624 : 407 624
 625 : 178 548 625 694
 627 : 105 245 271 285 626 627
 632 : 92 631 632
 646 : 646
 660 : 25 83 225 660
 670 : 18 68 116 366 545 670 693
 671 : 180 276 333 367 438 546 581 593 671 678 686
 680 : 157 430 666 680
 685 : 73 255 283 443 685
 699 : 699
SOLUTION:
  Value: -3084.000000
  Assigns: 0 1 267 412 603 5 82 610 65 82 57 199 352 324 491 347 17 17 670 461 20 20 572 160 461 660 26 375 597 20 556 170 268 268 267 115 81 37 263 39 403 150 266 350 170 46 46 601 330 107 452 51 266 263 54 194 56 57 26 400 61 61 239 239 239 65 65 603 670 610 70 70 107 685 452 698 76 171 324 268 80 81 82 660 84 81 239 115 150 517 90 90 632 54 491 515 96 96 138 563 387 101 515 57 375 243 301 107 472 170 115 621 572 472 506 115 670 338 184 301 515 534 239 54 124 125 150 147 267 603 375 267 315 315 452 477 534 698 138 139 140 155 406 392 392 107 597 147 147 81 150 640 412 577 54 155 610 680 519 159 160 239 566 566 334 184 166 239 495 603 170 171 84 173 324 477 184 20 625 563 671 315 563 352 184 81 239 140 640 61 698 611 101 563 194 195 375 197 267 199 199 268 392 392 507 115 150 534 150 387 467 477 452 640 300 544 477 324 404 46 437 273 477 506 606 660 375 81 517 268 392 690 81 81 506 235 235 237 238 239 452 601 263 243 352 601 437 690 690 601 601 61 698 404 0 685 300 160 606 353 293 266 262 263 610 265 266 267 268 477 437 267 150 273 273 273 671 239 239 353 300 390 507 685 357 601 46 397 597 467 563 517 170 293 84 670 166 566 477 491 300 301 472 96 82 467 477 506 507 238 392 412 412 387 397 315 518 265 318 17 54 139 515 323 324 138 159 406 301 404 330 140 530 671 334 335 273 337 338 640 96 17 566 375 690 534 301 347 506 467 350 65 352 353 566 301 621 357 39 392 461 381 362 81 57 586 243 671 507 56 267 544 352 107 147 375 397 404 515 390 477 381 506 54 603 26 159 387 140 334 390 392 392 265 572 101 409 397 84 17 400 517 46 403 404 566 406 698 197 409 171 640 412 159 54 350 452 563 138 621 315 406 406 452 424 515 473 477 80 107 680 301 107 166 81 293 293 437 671 561 171 461 690 685 515 477 81 515 448 26 46 515 452 452 392 51 96 517 458 392 350 461 462 387 495 352 96 467 150 519 357 90 472 473 597 475 150 477 404 404 597 81 54 563 267 82 115 184 515 125 239 491 57 268 561 495 495 392 381 352 171 96 404 561 517 506 506 507 458 101 510 350 160 397 515 515 375 517 518 519 350 506 375 82 510 268 437 611 293 603 530 330 273 39 534 80 515 621 150 610 107 400 115 197 544 670 671 601 625 404 387 606 338 17 517 138 556 506 150 81 561 561 563 563 564 477 566 293 160 563 563 534 572 195 507 564 334 577 125 138 477 671 46 301 293 586 586 412 239 409 115 267 334 671 265 265 26 597 267 467 150 601 375 603 107 107 606 606 125 268 610 611 467 458 268 46 268 20 81 577 155 621 621 160 698 625 184 601 150 293 96 632 632 273 610 563 563 334 392 138 640 150 138 603 515 491 81 534 563 649 184 81 301 530 82 96 54 517 301 315 660 39 184 82 239 300 680 572 387 409 670 671 115 20 315 96 65 677 671 273 680 409 125 263 404 685 671 472 685 424 690 472 495 670 397 265 491 81 698 699 
  Facilities: 139
 0 : 0 254
 1 : 1
 5 : 5
 17 : 16 17 319 341 399 553
 20 : 20 21 29 177 617 673
 26 : 26 58 385 449 596
 37 : 37
 39 : 39 358 533 661
 46 : 45 46 219 286 402 450 582 615
 51 : 51 455
 54 : 54 93 123 154 320 383 414 482 656
 56 : 56 369
 57 : 10 57 103 364 492
 61 : 60 61 189 251
 65 : 8 65 66 351 676
 70 : 70 71
 76 : 76
 80 : 80 428 535
 81 : 36 81 85 149 185 227 232 233 363 434 446 481 559 618 646 651 697
 82 : 6 9 82 304 485 523 654 663
 84 : 84 172 294 398
 90 : 90 91 471
 96 : 96 97 303 340 456 466 501 630 655 675
 101 : 101 192 395 509
 107 : 49 72 107 145 373 429 432 540 604 605
 115 : 35 87 110 115 205 486 542 590 672
 124 : 124
 125 : 125 489 578 608 682
 138 : 98 138 325 418 555 579 639 642
 139 : 139 321
 140 : 140 187 331 388
 147 : 127 147 148 374
 150 : 41 88 126 150 206 208 272 468 476 538 558 600 628 641
 155 : 141 155 620
 159 : 159 326 386 413
 160 : 23 160 257 512 568 623
 166 : 166 296 433
 170 : 31 44 109 170 292
 171 : 77 171 410 440 500
 173 : 173
 184 : 118 165 176 184 487 626 650 662
 194 : 55 194
 195 : 195 573
 197 : 197 408 543
 199 : 11 199 200
 235 : 235 236
 237 : 237
 238 : 238 309
 239 : 62 63 64 86 122 161 167 186 239 277 278 490 588 664
 243 : 105 243 366
 262 : 262
 263 : 38 53 242 263 683
 265 : 265 317 393 594 595 695
 266 : 42 52 261 266
 267 : 2 34 128 131 198 267 271 370 484 591 598
 268 : 32 33 79 201 229 268 493 525 609 614 616
 273 : 221 273 274 275 336 532 633 679
 293 : 260 293 435 436 528 567 584 629
 300 : 214 256 280 300 665
 301 : 106 119 301 328 346 355 431 583 652 658
 315 : 132 133 181 315 420 659 674
 318 : 318
 323 : 323
 324 : 13 78 174 217 324
 330 : 48 330 531
 334 : 164 334 389 576 592 637
 335 : 335
 337 : 337
 338 : 117 338 552
 347 : 15 347
 350 : 43 350 415 460 511 520
 352 : 12 183 244 352 372 465 499
 353 : 259 279 353
 357 : 284 357 470
 362 : 362
 375 : 27 104 130 196 226 343 375 516 522 602
 381 : 361 381 498
 387 : 100 209 313 387 463 550 668
 390 : 281 379 390
 392 : 143 144 202 203 230 310 359 391 392 454 459 497 638
 397 : 287 314 376 397 513 694
 400 : 59 400 541
 403 : 40 403
 404 : 218 253 329 377 404 478 479 502 549 684
 406 : 142 327 406 421 422
 409 : 396 409 589 669 681
 412 : 3 152 311 312 412 587
 424 : 424 689
 437 : 220 246 270 437 526
 448 : 448
 452 : 50 74 134 212 240 416 423 452 453
 458 : 458 508 613
 461 : 19 24 360 441 461
 462 : 462
 467 : 210 289 305 349 467 599 612
 472 : 108 113 302 472 687 691
 473 : 426 473
 475 : 475
 477 : 135 175 211 216 222 269 298 306 380 427 445 477 565 580
 491 : 14 94 299 491 645 696
 495 : 168 464 495 496 692
 506 : 114 223 234 307 348 382 505 506 521 557
 507 : 204 282 308 368 507 574
 510 : 510 524
 515 : 95 102 120 322 378 425 444 447 451 488 514 515 536 644
 517 : 89 228 291 401 457 504 517 554 657
 518 : 316 518
 519 : 158 469 519
 530 : 332 530 653
 534 : 121 136 207 345 534 571 647
 544 : 215 371 544
 556 : 30 556
 561 : 439 494 503 560 561
 563 : 99 179 182 193 290 417 483 562 563 569 570 635 636 648
 564 : 564 575
 566 : 162 163 297 342 354 405 566
 572 : 22 112 394 572 667
 577 : 153 577 619
 586 : 365 585 586
 597 : 28 146 288 474 480 597
 601 : 47 241 245 249 250 285 547 601 627
 603 : 4 67 129 169 384 529 603 643
 606 : 224 258 551 606 607
 610 : 7 69 156 264 539 610 634
 611 : 191 527 611
 621 : 111 356 419 537 621 622
 625 : 178 548 625
 632 : 92 631 632
 640 : 151 188 213 339 411 640
 649 : 649
 660 : 25 83 225 660
 670 : 18 68 116 295 545 670 693
 671 : 180 276 333 367 438 546 581 593 671 678 686
 677 : 677
 680 : 157 430 666 680
 685 : 73 255 283 443 685 688
 690 : 231 247 248 344 442 690
 698 : 75 137 190 252 407 624 698
 699 : 699
SOLUTION:
  Value: -3086.000000
  Assigns: 0 1 267 412 529 5 82 610 65 82 57 199 352 133 94 347 17 17 670 441 20 20 572 160 441 660 26 27 597 20 556 170 201 201 267 87 434 37 263 39 403 150 266 350 170 46 46 601 330 432 452 51 266 425 54 194 56 57 26 59 61 61 27 64 64 65 65 561 670 610 70 70 107 685 452 698 76 171 217 201 80 434 82 660 84 434 27 87 150 517 90 90 632 54 94 536 96 96 557 562 387 101 102 57 27 243 301 107 472 170 87 356 572 472 557 87 670 338 184 301 425 534 64 54 124 489 150 147 267 529 130 267 133 133 452 477 534 698 138 102 140 248 406 201 201 432 597 147 147 434 150 339 412 577 54 248 610 680 519 159 160 64 566 566 489 184 166 27 495 529 170 171 84 173 287 477 184 20 625 179 671 133 179 352 184 434 27 140 339 61 698 27 192 562 194 573 27 197 267 199 199 201 392 392 507 87 150 534 150 387 467 477 452 339 300 101 477 217 404 46 562 679 477 477 606 660 130 679 517 179 201 248 434 434 557 236 236 237 309 27 452 489 263 243 352 601 270 248 248 489 601 61 698 404 0 685 300 160 606 353 293 266 262 263 610 265 266 267 201 477 270 267 150 679 274 274 671 27 27 353 300 390 507 685 357 601 46 287 597 467 179 517 170 293 84 529 166 59 477 94 300 301 472 96 82 467 477 557 507 309 392 412 412 387 287 133 316 265 318 17 54 102 536 323 217 138 159 406 301 404 330 140 530 671 334 335 679 337 338 339 96 17 566 27 248 534 301 347 557 467 350 65 352 353 566 301 356 357 133 392 441 381 362 434 57 107 243 671 507 56 267 179 352 373 147 27 376 404 102 390 477 381 557 54 529 26 159 387 140 334 390 392 392 265 572 101 409 287 84 17 59 517 46 403 404 566 406 698 197 409 171 339 412 159 54 350 452 179 138 356 133 406 406 452 270 425 473 477 80 107 680 301 432 166 434 293 293 270 671 561 171 441 248 685 102 477 434 536 448 26 46 102 452 452 392 51 96 517 458 201 350 441 462 387 495 352 96 467 150 519 357 90 472 473 597 475 150 477 404 404 597 434 54 179 267 82 87 184 17 489 27 94 57 20 561 495 495 392 381 352 171 96 404 561 517 557 557 507 458 101 524 350 160 376 536 536 27 517 316 519 350 477 27 82 524 201 566 373 293 529 530 330 679 39 534 80 536 356 150 610 107 59 87 197 536 670 671 601 625 404 387 606 338 17 517 138 556 557 150 434 561 561 562 562 564 477 566 293 160 562 562 534 572 573 507 564 334 577 489 138 477 671 46 301 293 330 489 412 27 409 87 267 334 671 265 265 26 597 267 467 150 601 130 529 107 107 606 606 489 201 610 373 467 458 201 46 201 20 434 577 160 356 356 160 698 625 184 601 150 293 96 632 632 274 610 179 562 334 392 138 339 150 138 529 102 94 434 534 562 248 184 434 301 530 82 96 54 517 301 133 660 39 184 82 27 300 680 572 387 409 670 671 87 20 133 96 65 82 671 679 680 409 489 263 404 685 671 472 133 270 248 472 495 432 625 265 94 434 698 699 
  Facilities: 140
 0 : 0 254
 1 : 1
 5 : 5
 17 : 16 17 319 341 399 488 553
 20 : 20 21 29 177 493 617 673
 26 : 26 58 385 449 596
 27 : 27 62 86 104 167 186 191 196 239 277 278 343 375 490 516 522 588 664
 37 : 37
 39 : 39 533 661
 46 : 45 46 219 286 402 450 582 615
 51 : 51 455
 54 : 54 93 123 154 320 383 414 482 656
 56 : 56 369
 57 : 10 57 103 364 492
 59 : 59 297 400 541
 61 : 60 61 189 251
 64 : 63 64 122 161
 65 : 8 65 66 351 676
 70 : 70 71
 76 : 76
 80 : 80 428 535
 82 : 6 9 82 304 485 523 654 663 677
 84 : 84 172 294 398
 87 : 35 87 110 115 205 486 542 590 672
 90 : 90 91 471
 94 : 14 94 299 491 645 696
 96 : 96 97 303 340 456 466 501 630 655 675
 101 : 101 215 395 509
 102 : 102 139 321 378 444 451 644
 107 : 72 107 365 429 540 604 605
 124 : 124
 130 : 130 226 602
 133 : 13 132 133 181 315 358 420 659 674 688
 138 : 138 325 418 555 579 639 642
 140 : 140 187 331 388
 147 : 127 147 148 374
 150 : 41 88 126 150 206 208 272 468 476 538 558 600 628 641
 159 : 159 326 386 413
 160 : 23 160 257 512 568 620 623
 166 : 166 296 433
 170 : 31 44 109 170 292
 171 : 77 171 410 440 500
 173 : 173
 179 : 179 182 229 290 371 417 483 635
 184 : 118 165 176 184 487 626 650 662
 192 : 192
 194 : 55 194
 197 : 197 408 543
 199 : 11 199 200
 201 : 32 33 79 143 144 201 230 268 459 525 609 614 616
 217 : 78 217 324
 236 : 235 236
 237 : 237
 243 : 105 243 366
 248 : 141 155 231 247 248 344 442 649 690
 262 : 262
 263 : 38 242 263 683
 265 : 265 317 393 594 595 695
 266 : 42 52 261 266
 267 : 2 34 128 131 198 267 271 370 484 591 598
 270 : 246 270 424 437 689
 274 : 274 275 633
 287 : 174 287 314 397
 293 : 260 293 435 436 528 567 584 629
 300 : 214 256 280 300 665
 301 : 106 119 301 328 346 355 431 583 652 658
 309 : 238 309
 316 : 316 518
 318 : 318
 323 : 323
 330 : 48 330 531 585
 334 : 334 389 576 592 637
 335 : 335
 337 : 337
 338 : 117 338 552
 339 : 151 188 213 339 411 640
 347 : 15 347
 350 : 43 350 415 460 511 520
 352 : 12 183 244 352 372 465 499
 353 : 259 279 353
 356 : 111 356 419 537 621 622
 357 : 284 357 470
 362 : 362
 373 : 373 527 611
 376 : 376 513
 381 : 361 381 498
 387 : 100 209 313 387 463 550 668
 390 : 281 379 390
 392 : 202 203 310 359 391 392 454 497 638
 403 : 40 403
 404 : 218 253 329 377 404 478 479 502 549 684
 406 : 142 327 406 421 422
 409 : 396 409 589 669 681
 412 : 3 152 311 312 412 587
 425 : 53 120 425
 432 : 49 145 432 693
 434 : 36 81 85 149 185 232 233 363 434 446 481 559 618 646 651 697
 441 : 19 24 360 441 461
 448 : 448
 452 : 50 74 134 212 240 416 423 452 453
 458 : 458 508 613
 462 : 462
 467 : 210 289 305 349 467 599 612
 472 : 108 113 302 472 687 691
 473 : 426 473
 475 : 475
 477 : 135 175 211 216 222 223 269 298 306 380 427 445 477 521 565 580
 489 : 125 164 241 249 489 578 586 608 682
 495 : 168 464 495 496 692
 507 : 204 282 308 368 507 574
 517 : 89 228 291 401 457 504 517 554 657
 519 : 158 469 519
 524 : 510 524
 529 : 4 129 169 295 384 529 603 643
 530 : 332 530 653
 534 : 121 136 207 345 534 571 647
 536 : 95 322 447 514 515 536 544
 556 : 30 556
 557 : 98 114 234 307 348 382 505 506 557
 561 : 67 439 494 503 560 561
 562 : 99 193 220 562 563 569 570 636 648
 564 : 564 575
 566 : 162 163 342 354 405 526 566
 572 : 22 112 394 572 667
 573 : 195 573
 577 : 153 577 619
 597 : 28 146 288 474 480 597
 601 : 47 245 250 285 547 601 627
 606 : 224 258 551 606 607
 610 : 7 69 156 264 539 610 634
 625 : 178 548 625 694
 632 : 92 631 632
 660 : 25 83 225 660
 670 : 18 68 116 545 670
 671 : 180 276 333 367 438 546 581 593 671 678 686
 679 : 221 227 273 336 532 679
 680 : 157 430 666 680
 685 : 73 255 283 443 685
 698 : 75 137 190 252 407 624 698
 699 : 699
