# Time: 5.650000
# Elapsed: 4.061523
# Input_file: splp/BildeKrarup/B/B1.10
# Pool_size: 200
# Iterations: 9
# Final_solutions: 1227
# Vision_range: 400
# Reduction_mode: REDUCTION_DISPERSE
# Dissimilitude: DISSIM_MSE
# Facility_dist: FDISMODE_SUMOFDELTAS
SOLUTION:
  Value: -21864.000000
  Assigns: 0 0 21 46 21 48 9 21 9 48 3 3 21 3 46 9 9 48 9 3 3 9 3 3 21 21 48 3 46 3 3 0 46 21 3 3 48 21 3 9 46 0 3 9 21 9 0 3 0 46 46 48 46 21 9 0 9 3 0 48 3 48 3 48 46 0 3 21 21 46 9 0 21 3 46 0 21 9 48 21 48 3 0 9 3 0 0 21 46 3 46 9 3 46 9 46 46 48 3 46 
  Facilities: 6
 0 : 0 1 31 41 46 48 55 58 65 71 75 82 85 86
 3 : 10 11 13 19 20 22 23 27 29 30 34 35 38 42 47 57 60 62 66 73 81 84 89 92 98
 9 : 6 8 15 16 18 21 39 43 45 54 56 70 77 83 91 94
 21 : 2 4 7 12 24 25 33 37 44 53 67 68 72 76 79 87
 46 : 3 14 28 32 40 49 50 52 64 69 74 88 90 93 95 96 99
 48 : 5 9 17 26 36 51 59 61 63 78 80 97
SOLUTION:
  Value: -21903.000000
  Assigns: 0 0 21 46 21 48 0 21 21 48 3 3 21 3 46 48 3 48 21 3 3 21 3 3 21 21 48 3 46 3 3 0 46 21 3 3 48 21 3 0 46 0 3 46 21 21 0 3 0 46 46 48 46 21 3 0 0 3 0 48 3 48 3 48 46 0 3 21 21 46 46 0 21 3 46 0 21 48 48 21 48 3 0 46 3 0 0 21 46 3 46 0 3 46 48 46 46 48 3 46 
  Facilities: 5
 0 : 0 1 6 31 39 41 46 48 55 56 58 65 71 75 82 85 86 91
 3 : 10 11 13 16 19 20 22 23 27 29 30 34 35 38 42 47 54 57 60 62 66 73 81 84 89 92 98
 21 : 2 4 7 8 12 18 21 24 25 33 37 44 45 53 67 68 72 76 79 87
 46 : 3 14 28 32 40 43 49 50 52 64 69 70 74 83 88 90 93 95 96 99
 48 : 5 9 15 17 26 36 51 59 61 63 77 78 80 94 97
SOLUTION:
  Value: -22224.000000
  Assigns: 0 0 21 46 21 46 9 21 9 9 3 3 21 3 46 9 9 9 9 3 3 9 3 3 21 21 21 3 46 3 3 0 46 21 3 3 0 21 3 9 46 0 3 9 21 9 0 3 0 46 46 21 46 21 9 0 9 3 0 0 3 46 3 0 46 0 3 21 21 46 9 0 21 3 46 0 21 9 0 21 21 3 0 9 3 0 0 21 46 3 46 9 3 46 9 46 46 9 3 46 
  Facilities: 5
 0 : 0 1 31 36 41 46 48 55 58 59 63 65 71 75 78 82 85 86
 3 : 10 11 13 19 20 22 23 27 29 30 34 35 38 42 47 57 60 62 66 73 81 84 89 92 98
 9 : 6 8 9 15 16 17 18 21 39 43 45 54 56 70 77 83 91 94 97
 21 : 2 4 7 12 24 25 26 33 37 44 51 53 67 68 72 76 79 80 87
 46 : 3 5 14 28 32 40 49 50 52 61 64 69 74 88 90 93 95 96 99
SOLUTION:
  Value: -22703.000000
  Assigns: 46 39 14 46 48 48 14 23 14 48 23 3 46 3 46 23 39 48 23 3 3 48 3 3 39 14 48 3 46 3 3 48 46 23 3 3 48 39 3 23 23 23 39 14 46 39 23 3 46 46 46 48 23 14 3 14 14 3 23 48 3 48 14 48 46 23 3 14 46 46 14 14 48 3 46 14 23 23 48 46 48 23 39 14 14 39 23 14 46 39 14 23 3 46 39 46 23 23 23 14 
  Facilities: 6
 3 : 11 13 19 20 22 23 27 29 30 34 35 38 47 54 57 60 66 73 92
 14 : 2 6 8 25 43 53 55 56 62 67 70 71 75 83 84 87 90 99
 23 : 7 10 15 18 33 39 40 41 46 52 58 65 76 77 81 86 91 96 97 98
 39 : 1 16 24 37 42 45 82 85 89 94
 46 : 0 3 12 14 28 32 44 48 49 50 64 68 69 74 79 88 93 95
 48 : 4 5 9 17 21 26 31 36 51 59 61 63 72 78 80
SOLUTION:
  Value: -22732.000000
  Assigns: 1 9 14 46 46 1 9 1 9 1 3 3 46 3 1 9 9 1 9 3 3 1 3 3 1 14 1 3 1 3 3 9 1 1 3 3 1 1 3 9 46 1 3 9 46 9 1 3 46 46 1 1 46 14 9 14 14 3 14 14 3 46 14 1 46 14 3 14 46 46 9 14 9 3 46 14 46 9 3 46 14 3 14 14 14 1 1 14 46 1 14 9 3 46 9 46 1 14 1 14 
  Facilities: 5
 1 : 0 5 7 9 14 17 21 24 26 28 32 33 36 37 41 46 50 51 63 85 86 89 96 98
 3 : 10 11 13 19 20 22 23 27 29 30 34 35 38 42 47 57 60 66 73 78 81 92
 9 : 1 6 8 15 16 18 31 39 43 45 54 70 72 77 91 94
 14 : 2 25 53 55 56 58 59 62 65 67 71 75 80 82 83 84 87 90 97 99
 46 : 3 4 12 40 44 48 49 52 61 64 68 69 74 76 79 88 93 95
SOLUTION:
  Value: -23175.000000
  Assigns: 0 0 21 46 21 46 0 21 21 46 3 3 21 3 46 46 3 3 21 3 3 21 3 3 21 21 21 3 46 3 3 0 46 21 3 3 0 21 3 0 46 0 3 46 21 21 0 3 0 46 46 21 46 21 3 0 0 3 0 0 3 46 3 0 46 0 3 21 21 46 46 0 21 3 46 0 21 0 0 21 21 3 0 46 3 0 0 21 46 3 46 0 3 46 0 46 46 0 3 46 
  Facilities: 4
 0 : 0 1 6 31 36 39 41 46 48 55 56 58 59 63 65 71 75 77 78 82 85 86 91 94 97
 3 : 10 11 13 16 17 19 20 22 23 27 29 30 34 35 38 42 47 54 57 60 62 66 73 81 84 89 92 98
 21 : 2 4 7 8 12 18 21 24 25 26 33 37 44 45 51 53 67 68 72 76 79 80 87
 46 : 3 5 9 14 15 28 32 40 43 49 50 52 61 64 69 70 74 83 88 90 93 95 96 99
SOLUTION:
  Value: -23232.000000
  Assigns: 1 44 14 46 21 1 9 1 9 1 3 3 21 3 1 9 9 1 9 3 3 44 3 3 1 44 1 3 1 3 3 9 1 1 3 3 1 44 3 9 46 44 3 44 21 9 1 3 46 46 1 1 46 21 9 14 14 3 14 44 3 44 14 1 46 14 3 21 21 44 9 14 21 3 46 14 21 9 3 21 14 3 44 14 14 1 1 14 46 1 14 9 44 46 9 46 1 44 1 14 
  Facilities: 7
 1 : 0 5 7 9 14 17 24 26 28 32 33 36 46 50 51 63 85 86 89 96 98
 3 : 10 11 13 19 20 22 23 27 29 30 34 35 38 42 47 57 60 66 73 78 81
 9 : 6 8 15 16 18 31 39 45 54 70 77 91 94
 14 : 2 55 56 58 62 65 71 75 80 83 84 87 90 99
 21 : 4 12 44 53 67 68 72 76 79
 44 : 1 21 25 37 41 43 59 61 69 82 92 97
 46 : 3 40 48 49 52 64 74 88 93 95
SOLUTION:
  Value: -23295.000000
  Assigns: 1 44 14 14 21 1 9 1 9 1 3 3 21 3 1 9 9 1 9 3 3 44 3 3 1 44 1 3 1 3 3 9 1 1 3 3 1 44 3 9 44 44 3 44 21 9 1 3 1 14 1 1 14 21 9 14 14 3 14 44 3 44 14 1 3 14 3 21 21 44 9 14 21 3 44 14 21 9 3 21 14 3 44 14 14 1 1 14 14 1 14 9 44 1 9 14 1 44 1 14 
  Facilities: 6
 1 : 0 5 7 9 14 17 24 26 28 32 33 36 46 48 50 51 63 85 86 89 93 96 98
 3 : 10 11 13 19 20 22 23 27 29 30 34 35 38 42 47 57 60 64 66 73 78 81
 9 : 6 8 15 16 18 31 39 45 54 70 77 91 94
 14 : 2 3 49 52 55 56 58 62 65 71 75 80 83 84 87 88 90 95 99
 21 : 4 12 44 53 67 68 72 76 79
 44 : 1 21 25 37 40 41 43 59 61 69 74 82 92 97
SOLUTION:
  Value: -23697.000000
  Assigns: 1 44 21 1 21 1 9 1 9 1 3 3 21 3 1 9 9 1 9 3 3 44 3 3 1 44 1 3 1 3 3 9 1 1 3 3 1 44 3 9 44 44 3 44 21 9 1 3 1 9 1 1 44 21 9 44 9 3 1 44 3 44 44 1 3 9 3 21 21 44 9 21 21 3 44 44 21 9 3 21 44 3 44 9 3 1 1 21 3 1 44 9 44 1 9 3 1 44 1 44 
  Facilities: 5
 1 : 0 3 5 7 9 14 17 24 26 28 32 33 36 46 48 50 51 58 63 85 86 89 93 96 98
 3 : 10 11 13 19 20 22 23 27 29 30 34 35 38 42 47 57 60 64 66 73 78 81 84 88 95
 9 : 6 8 15 16 18 31 39 45 49 54 56 65 70 77 83 91 94
 21 : 2 4 12 44 53 67 68 71 72 76 79 87
 44 : 1 21 25 37 40 41 43 52 55 59 61 62 69 74 75 80 82 90 92 97 99
SOLUTION:
  Value: -23734.000000
  Assigns: 1 1 14 46 46 1 14 1 14 1 3 3 46 3 1 46 3 1 3 3 3 1 3 3 1 14 1 3 1 3 3 1 1 1 3 3 1 1 3 1 46 1 3 14 46 1 1 3 46 46 1 1 46 14 3 14 14 3 14 14 3 46 14 1 46 14 3 14 46 46 14 14 1 3 46 14 46 1 3 46 14 3 14 14 14 1 1 14 46 1 14 3 3 46 46 46 1 14 1 14 
  Facilities: 4
 1 : 0 1 5 7 9 14 17 21 24 26 28 31 32 33 36 37 39 41 45 46 50 51 63 72 77 85 86 89 96 98
 3 : 10 11 13 16 18 19 20 22 23 27 29 30 34 35 38 42 47 54 57 60 66 73 78 81 91 92
 14 : 2 6 8 25 43 53 55 56 58 59 62 65 67 70 71 75 80 82 83 84 87 90 97 99
 46 : 3 4 12 15 40 44 48 49 52 61 64 68 69 74 76 79 88 93 94 95
