# Time: 5196.490234
# Elapsed: 1280.785767
# Input_file: splp/KoerkelGhosh-asym/250/a/ga250a-3
# Pool_size: 200
# Iterations: 59
# Final_solutions: 6502
# Vision_range: 400
# Reduction_mode: REDUCTION_DISPERSE
# Dissimilitude: DISSIM_HAUSDORFF
# Facility_dist: FDISMODE_MINDIST
SOLUTION:
  Value: -257966.000000
  Assigns: 115 125 56 159 218 230 226 137 96 195 99 226 50 151 191 21 245 245 115 159 42 115 153 96 191 222 230 50 210 125 197 207 218 191 248 151 42 143 143 222 207 230 197 197 199 123 125 125 222 50 137 245 34 34 245 222 38 56 107 50 236 207 245 226 115 21 248 143 222 50 42 99 42 96 125 137 248 153 236 191 151 115 123 56 125 197 199 125 38 151 159 45 115 107 218 99 107 199 56 236 191 245 248 75 137 34 115 56 197 248 226 226 153 99 151 96 75 218 191 123 222 107 210 115 230 21 159 107 226 21 222 199 115 123 245 230 210 34 75 245 236 191 96 123 230 153 107 222 42 137 207 143 75 75 199 38 151 45 207 151 195 226 137 34 45 38 34 159 96 143 96 107 125 191 248 195 207 123 210 143 159 195 207 153 153 50 38 99 218 191 125 42 151 218 199 42 137 56 56 195 45 38 42 210 125 210 236 248 45 222 21 34 115 115 151 125 115 218 159 222 99 107 197 96 45 248 218 107 50 123 230 191 197 38 153 123 96 56 42 50 236 107 226 199 96 143 50 207 197 218 
  Facilities: 32
 21 : 15 65 125 129 210
 34 : 52 53 105 137 163 166 211
 38 : 56 88 155 165 186 201 233
 42 : 20 36 70 72 148 191 195 202 238
 45 : 91 157 164 200 208 224
 50 : 12 27 49 59 69 185 228 239 246
 56 : 2 57 83 98 107 197 198 237
 75 : 103 116 138 152 153
 96 : 8 23 73 115 142 168 170 223 236 244
 99 : 10 71 95 113 187 220
 107 : 58 93 96 121 127 146 171 221 227 241
 115 : 0 18 21 64 81 92 106 123 132 212 213 216
 123 : 45 82 119 133 143 177 229 235
 125 : 1 29 46 47 74 84 87 172 190 204 215
 137 : 7 50 75 104 149 162 196
 143 : 37 38 67 151 169 179 245
 151 : 13 35 80 89 114 156 159 192 214
 153 : 22 77 112 145 183 184 234
 159 : 3 19 90 126 167 180 218
 191 : 14 24 33 79 100 118 141 173 189 231
 195 : 9 160 175 181 199
 197 : 30 42 43 85 108 222 232 248
 199 : 44 86 97 131 154 194 243
 207 : 31 40 61 150 158 176 182 247
 210 : 28 122 136 178 203 205
 218 : 4 32 94 117 188 193 217 226 249
 222 : 25 39 48 55 68 120 130 147 209 219
 226 : 6 11 63 110 111 128 161 242
 230 : 5 26 41 124 135 144 230
 236 : 60 78 99 140 206 240
 245 : 16 17 51 54 62 101 134 139
 248 : 34 66 76 102 109 174 207 225
SOLUTION:
  Value: -257975.000000
  Assigns: 115 125 56 38 218 230 226 137 96 195 99 226 199 154 206 21 245 245 115 233 42 115 153 96 191 222 230 96 210 125 197 206 218 191 248 34 42 143 143 113 113 230 197 197 199 123 125 125 222 245 137 245 34 34 85 222 57 56 222 57 236 207 245 226 115 21 154 143 222 143 42 99 42 96 125 137 248 153 236 191 85 115 123 56 125 197 199 125 154 233 153 45 113 236 218 99 228 199 56 236 191 245 248 75 137 34 206 56 197 248 226 226 233 99 206 96 75 218 228 123 222 222 210 113 230 21 113 85 226 21 228 199 233 123 245 230 210 34 75 85 236 191 96 123 57 228 113 222 42 137 207 143 75 75 199 38 248 45 207 228 195 226 137 34 45 38 34 206 228 154 96 123 125 191 248 195 207 123 210 143 57 195 85 153 153 222 38 99 218 191 125 42 191 218 199 42 57 56 57 195 154 38 42 210 125 210 236 248 57 222 21 34 115 115 233 125 115 218 154 222 99 34 197 96 45 248 218 85 228 123 230 191 233 38 153 123 96 56 57 154 236 154 226 199 85 143 245 207 197 218 
  Facilities: 35
 21 : 15 65 125 129 210
 34 : 35 52 53 105 137 163 166 211 221
 38 : 3 155 165 186 201 233
 42 : 20 36 70 72 148 191 195 202
 45 : 91 157 164 224
 56 : 2 57 83 98 107 197 237
 57 : 56 59 144 180 196 198 208 238
 75 : 103 116 138 152 153
 85 : 54 80 127 139 182 227 244
 96 : 8 23 27 73 115 142 170 223 236
 99 : 10 71 95 113 187 220
 113 : 39 40 92 123 126 146
 115 : 0 18 21 64 81 212 213 216
 123 : 45 82 119 133 143 171 177 229 235
 125 : 1 29 46 47 74 84 87 172 190 204 215
 137 : 7 50 75 104 149 162
 143 : 37 38 67 69 151 179 245
 153 : 22 77 90 183 184 234
 154 : 13 66 88 169 200 218 239 241
 191 : 24 33 79 100 141 173 189 192 231
 195 : 9 160 175 181 199
 197 : 30 42 43 85 108 222 248
 199 : 12 44 86 97 131 154 194 243
 206 : 14 31 106 114 167
 207 : 61 150 158 176 247
 210 : 28 122 136 178 203 205
 218 : 4 32 94 117 188 193 217 226 249
 222 : 25 48 55 58 68 120 121 147 185 209 219
 226 : 6 11 63 110 111 128 161 242
 228 : 96 118 130 145 159 168 228
 230 : 5 26 41 124 135 230
 233 : 19 89 112 132 214 232
 236 : 60 78 93 99 140 206 240
 245 : 16 17 49 51 62 101 134 246
 248 : 34 76 102 109 156 174 207 225
SOLUTION:
  Value: -257976.000000
  Assigns: 115 125 56 38 218 56 226 137 96 51 99 226 199 154 130 21 245 245 130 233 218 115 130 96 99 222 45 120 77 125 197 207 218 120 248 34 85 143 143 113 113 120 197 197 199 123 125 125 222 245 137 245 34 34 85 222 57 56 77 57 236 207 245 226 115 21 154 143 222 143 236 99 77 222 51 137 51 153 236 154 85 115 123 56 125 197 199 125 154 233 153 45 113 51 218 99 228 199 56 236 143 245 248 56 137 34 115 56 197 248 226 226 233 99 130 96 77 218 228 123 222 222 51 113 45 21 113 85 226 21 228 199 233 123 245 248 51 34 130 85 236 77 96 123 57 228 113 222 115 137 207 143 236 120 199 38 248 45 207 228 38 226 51 34 45 38 34 51 228 154 96 123 125 77 248 226 207 123 77 143 57 120 130 153 153 120 38 99 218 115 125 45 51 218 199 143 57 56 57 130 154 38 143 130 130 199 236 248 120 222 21 34 115 115 233 125 115 218 154 222 99 34 197 96 45 248 218 85 228 123 120 236 233 38 153 123 96 56 57 154 236 154 226 199 85 130 245 207 197 218 
  Facilities: 32
 21 : 15 65 125 129 210
 34 : 35 52 53 105 137 163 166 211 221
 38 : 3 155 160 165 186 201 233
 45 : 26 91 124 157 164 191 224
 51 : 9 74 76 93 122 136 162 167 192
 56 : 2 5 57 83 98 103 107 197 237
 57 : 56 59 144 180 196 198 238
 77 : 28 58 72 116 141 173 178
 85 : 36 54 80 127 139 227 244
 96 : 8 23 115 142 170 223 236
 99 : 10 24 71 95 113 187 220
 113 : 39 40 92 123 126 146
 115 : 0 21 64 81 106 148 189 212 213 216
 120 : 27 33 41 153 181 185 208 230
 123 : 45 82 119 133 143 171 177 229 235
 125 : 1 29 46 47 84 87 172 190 215
 130 : 14 18 22 114 138 182 199 203 204 245
 137 : 7 50 75 104 149
 143 : 37 38 67 69 100 151 179 195 202
 153 : 77 90 183 184 234
 154 : 13 66 79 88 169 200 218 239 241
 197 : 30 42 43 85 108 222 248
 199 : 12 44 86 97 131 154 194 205 243
 207 : 31 61 150 158 176 247
 218 : 4 20 32 94 117 188 193 217 226 249
 222 : 25 48 55 68 73 120 121 147 209 219
 226 : 6 11 63 110 111 128 161 175 242
 228 : 96 118 130 145 159 168 228
 233 : 19 89 112 132 214 232
 236 : 60 70 78 99 140 152 206 231 240
 245 : 16 17 49 51 62 101 134 246
 248 : 34 102 109 135 156 174 207 225
SOLUTION:
  Value: -257977.000000
  Assigns: 115 125 56 38 218 56 226 111 96 233 99 183 174 183 130 21 45 130 130 233 218 115 130 96 99 222 45 120 77 125 38 207 218 174 248 34 85 143 143 111 113 120 85 228 199 123 125 125 222 174 130 183 34 34 85 222 57 56 77 57 236 207 123 226 115 21 154 143 222 143 236 99 77 222 125 72 183 153 236 174 85 115 123 56 125 174 199 125 154 233 153 174 113 72 218 99 228 199 56 236 143 207 248 56 85 34 115 56 111 248 226 226 233 72 130 96 77 218 228 123 222 222 153 113 45 21 113 85 226 21 228 199 233 123 72 248 130 34 130 85 236 77 96 123 57 228 113 222 111 34 207 143 236 120 199 38 248 45 207 228 72 226 45 34 45 183 34 183 228 154 96 123 125 77 248 226 207 123 77 143 57 120 130 153 153 120 38 99 218 115 125 45 111 218 199 143 57 56 57 130 154 38 143 130 130 199 236 248 120 222 21 34 115 115 233 125 115 218 154 222 99 34 56 96 45 248 218 85 228 123 120 236 233 38 153 123 96 56 57 72 236 154 226 199 85 130 96 207 248 218 
  Facilities: 32
 21 : 15 65 125 129 210
 34 : 35 52 53 105 137 149 163 166 211 221
 38 : 3 30 155 186 201 233
 45 : 16 26 124 157 162 164 191 224
 56 : 2 5 57 83 98 103 107 197 222 237
 57 : 56 59 144 180 196 198 238
 72 : 75 93 113 134 160 239
 77 : 28 58 72 116 141 173 178
 85 : 36 42 54 80 104 127 139 227 244
 96 : 8 23 115 142 170 223 236 246
 99 : 10 24 71 95 187 220
 111 : 7 39 108 148 192
 113 : 40 92 123 126 146
 115 : 0 21 64 81 106 189 212 213 216
 120 : 27 41 153 181 185 208 230
 123 : 45 62 82 119 133 143 171 177 229 235
 125 : 1 29 46 47 74 84 87 172 190 215
 130 : 14 17 18 22 50 114 136 138 182 199 203 204 245
 143 : 37 38 67 69 100 151 179 195 202
 153 : 77 90 122 183 184 234
 154 : 66 88 169 200 218 241
 174 : 12 33 49 79 85 91
 183 : 11 13 51 76 165 167
 199 : 44 86 97 131 154 194 205 243
 207 : 31 61 101 150 158 176 247
 218 : 4 20 32 94 117 188 193 217 226 249
 222 : 25 48 55 68 73 120 121 147 209 219
 226 : 6 63 110 111 128 161 175 242
 228 : 43 96 118 130 145 159 168 228
 233 : 9 19 89 112 132 214 232
 236 : 60 70 78 99 140 152 206 231 240
 248 : 34 102 109 135 156 174 207 225 248
SOLUTION:
  Value: -257979.000000
  Assigns: 115 125 56 38 218 230 226 137 96 195 99 226 199 154 206 21 245 245 115 233 42 115 153 96 191 222 230 96 210 125 38 206 218 191 248 34 42 143 143 113 113 230 85 228 199 123 125 125 222 245 137 245 34 34 85 222 57 56 222 57 236 207 245 226 115 21 154 143 222 143 42 99 42 222 125 137 248 153 236 191 85 115 123 56 125 21 199 125 154 233 153 45 113 236 218 99 228 199 56 236 191 245 248 75 137 34 206 56 226 248 226 226 233 99 206 96 75 218 228 123 222 222 210 113 230 21 113 85 226 21 228 199 233 123 245 230 210 34 75 85 236 191 96 123 57 228 113 222 42 137 207 143 75 75 199 38 248 45 207 228 195 226 137 34 45 38 34 206 228 154 96 123 125 191 248 195 207 123 210 143 57 195 85 153 153 222 38 99 218 191 125 42 191 218 199 42 57 56 57 195 154 38 42 210 125 210 236 248 57 222 21 34 115 115 233 125 115 218 154 222 99 34 56 96 45 248 218 85 228 123 230 191 233 38 153 123 96 56 57 154 236 154 226 199 85 143 245 207 248 218 
  Facilities: 34
 21 : 15 65 85 125 129 210
 34 : 35 52 53 105 137 163 166 211 221
 38 : 3 30 155 165 186 201 233
 42 : 20 36 70 72 148 191 195 202
 45 : 91 157 164 224
 56 : 2 57 83 98 107 197 222 237
 57 : 56 59 144 180 196 198 208 238
 75 : 103 116 138 152 153
 85 : 42 54 80 127 139 182 227 244
 96 : 8 23 27 115 142 170 223 236
 99 : 10 71 95 113 187 220
 113 : 39 40 92 123 126 146
 115 : 0 18 21 64 81 212 213 216
 123 : 45 82 119 133 143 171 177 229 235
 125 : 1 29 46 47 74 84 87 172 190 204 215
 137 : 7 50 75 104 149 162
 143 : 37 38 67 69 151 179 245
 153 : 22 77 90 183 184 234
 154 : 13 66 88 169 200 218 239 241
 191 : 24 33 79 100 141 173 189 192 231
 195 : 9 160 175 181 199
 199 : 12 44 86 97 131 154 194 243
 206 : 14 31 106 114 167
 207 : 61 150 158 176 247
 210 : 28 122 136 178 203 205
 218 : 4 32 94 117 188 193 217 226 249
 222 : 25 48 55 58 68 73 120 121 147 185 209 219
 226 : 6 11 63 108 110 111 128 161 242
 228 : 43 96 118 130 145 159 168 228
 230 : 5 26 41 124 135 230
 233 : 19 89 112 132 214 232
 236 : 60 78 93 99 140 206 240
 245 : 16 17 49 51 62 101 134 246
 248 : 34 76 102 109 156 174 207 225 248
SOLUTION:
  Value: -257979.000000
  Assigns: 115 125 56 84 218 230 226 137 96 195 99 183 50 183 130 21 45 130 130 233 84 115 130 96 191 222 230 50 210 125 197 207 104 191 84 34 85 233 56 113 113 230 197 197 199 123 125 125 222 50 137 183 34 34 85 222 226 56 222 50 236 207 75 226 115 21 154 84 222 50 236 99 130 96 125 137 183 153 236 191 85 115 123 56 125 197 199 125 154 233 153 45 113 236 218 99 125 199 56 236 191 207 248 75 137 34 115 56 197 248 226 226 233 99 130 96 75 218 191 123 222 222 210 113 230 21 113 85 226 21 222 199 233 123 104 104 210 34 75 85 236 104 96 123 230 154 113 222 230 137 104 85 75 75 199 191 248 45 207 84 195 226 137 34 45 183 34 183 96 154 96 123 125 191 248 195 207 123 210 199 21 195 130 153 153 50 154 99 218 191 125 45 191 218 199 153 137 56 56 195 154 154 104 130 130 210 236 248 45 222 21 34 115 115 104 125 115 218 154 222 99 34 197 96 45 248 218 85 50 123 230 191 233 210 153 123 96 56 75 154 236 154 226 199 85 130 50 207 197 218 
  Facilities: 33
 21 : 15 65 125 129 180 210
 34 : 35 52 53 105 137 163 166 211 221
 45 : 16 91 157 164 191 208 224
 50 : 12 27 49 59 69 185 228 246
 56 : 2 38 57 83 98 107 197 198 237
 75 : 62 103 116 138 152 153 238
 84 : 3 20 34 67 159
 85 : 36 54 80 127 139 151 227 244
 96 : 8 23 73 115 142 168 170 223 236
 99 : 10 71 95 113 187 220
 104 : 32 134 135 141 150 202 214
 113 : 39 40 92 123 126 146
 115 : 0 21 64 81 106 212 213 216
 123 : 45 82 119 133 143 171 177 229 235
 125 : 1 29 46 47 74 84 87 96 172 190 215
 130 : 14 17 18 22 72 114 182 203 204 245
 137 : 7 50 75 104 149 162 196
 153 : 77 90 183 184 195 234
 154 : 66 88 145 169 186 200 201 218 239 241
 183 : 11 13 51 76 165 167
 191 : 24 33 79 100 118 155 173 189 192 231
 195 : 9 160 175 181 199
 197 : 30 42 43 85 108 222 248
 199 : 44 86 97 131 154 179 194 243
 207 : 31 61 101 158 176 247
 210 : 28 122 136 178 205 233
 218 : 4 94 117 188 193 217 226 249
 222 : 25 48 55 58 68 120 121 130 147 209 219
 226 : 6 56 63 110 111 128 161 242
 230 : 5 26 41 124 144 148 230
 233 : 19 37 89 112 132 232
 236 : 60 70 78 93 99 140 206 240
 248 : 102 109 156 174 207 225
SOLUTION:
  Value: -257980.000000
  Assigns: 115 125 56 38 218 230 226 137 96 195 99 226 199 175 206 21 245 245 115 233 42 115 153 96 191 222 230 96 210 125 38 206 218 191 248 34 42 143 143 113 113 230 175 228 199 123 125 125 222 245 137 245 34 34 85 222 38 56 222 38 236 175 245 226 115 21 154 143 222 143 42 99 42 96 125 137 175 153 236 191 85 115 123 56 125 21 199 125 154 233 153 45 113 236 218 99 228 199 56 236 191 245 248 75 137 34 206 56 226 248 226 226 233 99 206 96 75 218 228 123 222 222 210 113 230 21 113 85 226 21 228 199 233 123 245 230 210 34 75 85 236 191 96 123 175 228 113 222 42 137 45 143 75 75 199 38 248 45 191 228 195 226 137 34 45 38 34 206 228 154 96 175 125 191 248 195 153 123 210 143 175 195 85 153 153 222 38 99 218 191 125 42 191 218 199 42 137 56 56 195 154 38 42 210 125 210 236 248 45 222 21 34 115 115 233 125 115 218 154 222 99 34 56 96 45 248 218 85 228 123 230 191 233 38 153 123 96 56 42 154 236 154 226 199 85 143 245 154 248 218 
  Facilities: 33
 21 : 15 65 85 125 129 210
 34 : 35 52 53 105 137 163 166 211 221
 38 : 3 30 56 59 155 165 186 201 233
 42 : 20 36 70 72 148 191 195 202 238
 45 : 91 150 157 164 208 224
 56 : 2 57 83 98 107 197 198 222 237
 75 : 103 116 138 152 153
 85 : 54 80 127 139 182 227 244
 96 : 8 23 27 73 115 142 170 223 236
 99 : 10 71 95 113 187 220
 113 : 39 40 92 123 126 146
 115 : 0 18 21 64 81 212 213 216
 123 : 45 82 119 133 143 177 229 235
 125 : 1 29 46 47 74 84 87 172 190 204 215
 137 : 7 50 75 104 149 162 196
 143 : 37 38 67 69 151 179 245
 153 : 22 77 90 176 183 184 234
 154 : 66 88 169 200 218 239 241 247
 175 : 13 42 61 76 144 171 180
 191 : 24 33 79 100 141 158 173 189 192 231
 195 : 9 160 175 181 199
 199 : 12 44 86 97 131 154 194 243
 206 : 14 31 106 114 167
 210 : 28 122 136 178 203 205
 218 : 4 32 94 117 188 193 217 226 249
 222 : 25 48 55 58 68 120 121 147 185 209 219
 226 : 6 11 63 108 110 111 128 161 242
 228 : 43 96 118 130 145 159 168 228
 230 : 5 26 41 124 135 230
 233 : 19 89 112 132 214 232
 236 : 60 78 93 99 140 206 240
 245 : 16 17 49 51 62 101 134 246
 248 : 34 102 109 156 174 207 225 248
SOLUTION:
  Value: -257980.000000
  Assigns: 115 125 56 38 218 56 226 137 96 51 99 226 199 154 130 21 245 245 130 233 218 115 130 96 99 222 45 120 77 125 38 207 218 120 248 34 85 143 143 113 113 120 85 228 199 123 125 125 222 245 137 245 34 34 85 222 57 56 77 57 236 207 245 226 115 21 154 143 222 143 236 99 77 222 51 137 51 153 236 154 85 115 123 56 125 21 199 125 154 233 153 45 113 51 218 99 228 199 56 236 143 245 248 56 137 34 115 56 226 248 226 226 233 99 130 96 77 218 228 123 222 222 51 113 45 21 113 85 226 21 228 199 233 123 245 248 51 34 130 85 236 77 96 123 57 228 113 222 115 137 207 143 236 120 199 38 248 45 207 228 38 226 51 34 45 38 34 51 228 154 96 123 125 77 248 226 207 123 77 143 57 120 130 153 153 120 38 99 218 115 125 45 51 218 199 143 57 56 57 130 154 38 143 130 130 199 236 248 120 222 21 34 115 115 233 125 115 218 154 222 99 34 56 96 45 248 218 85 228 123 120 236 233 38 153 123 96 56 57 154 236 154 226 199 85 130 245 207 248 218 
  Facilities: 31
 21 : 15 65 85 125 129 210
 34 : 35 52 53 105 137 163 166 211 221
 38 : 3 30 155 160 165 186 201 233
 45 : 26 91 124 157 164 191 224
 51 : 9 74 76 93 122 136 162 167 192
 56 : 2 5 57 83 98 103 107 197 222 237
 57 : 56 59 144 180 196 198 238
 77 : 28 58 72 116 141 173 178
 85 : 36 42 54 80 127 139 227 244
 96 : 8 23 115 142 170 223 236
 99 : 10 24 71 95 113 187 220
 113 : 39 40 92 123 126 146
 115 : 0 21 64 81 106 148 189 212 213 216
 120 : 27 33 41 153 181 185 208 230
 123 : 45 82 119 133 143 171 177 229 235
 125 : 1 29 46 47 84 87 172 190 215
 130 : 14 18 22 114 138 182 199 203 204 245
 137 : 7 50 75 104 149
 143 : 37 38 67 69 100 151 179 195 202
 153 : 77 90 183 184 234
 154 : 13 66 79 88 169 200 218 239 241
 199 : 12 44 86 97 131 154 194 205 243
 207 : 31 61 150 158 176 247
 218 : 4 20 32 94 117 188 193 217 226 249
 222 : 25 48 55 68 73 120 121 147 209 219
 226 : 6 11 63 108 110 111 128 161 175 242
 228 : 43 96 118 130 145 159 168 228
 233 : 19 89 112 132 214 232
 236 : 60 70 78 99 140 152 206 231 240
 245 : 16 17 49 51 62 101 134 246
 248 : 34 102 109 135 156 174 207 225 248
SOLUTION:
  Value: -257981.000000
  Assigns: 115 125 56 159 218 230 226 137 96 195 99 226 50 151 191 21 245 245 115 159 42 115 153 96 191 222 230 50 210 125 197 207 218 191 248 151 42 143 143 113 113 230 197 197 199 123 125 125 222 50 137 245 34 34 85 222 38 56 222 50 236 207 245 226 115 21 248 143 222 50 42 99 42 222 125 137 248 153 236 191 85 115 123 56 125 197 199 125 38 151 159 45 113 236 218 99 228 199 56 236 191 245 248 75 137 34 115 56 197 248 226 226 153 99 151 96 75 218 228 123 222 222 210 113 230 21 113 85 226 21 228 199 115 123 245 230 210 34 75 85 236 191 96 123 230 228 113 222 42 137 207 143 75 75 199 38 151 45 207 151 195 226 137 34 45 38 34 159 228 143 96 123 125 191 248 195 207 123 210 143 159 195 85 153 153 50 38 99 218 191 125 42 151 218 199 42 137 56 56 195 45 38 42 210 125 210 236 248 45 222 21 34 115 115 151 125 115 218 159 222 99 34 197 96 45 248 218 85 50 123 230 191 197 38 153 123 96 56 42 50 236 151 226 199 85 143 50 207 197 218 
  Facilities: 34
 21 : 15 65 125 129 210
 34 : 52 53 105 137 163 166 211 221
 38 : 56 88 155 165 186 201 233
 42 : 20 36 70 72 148 191 195 202 238
 45 : 91 157 164 200 208 224
 50 : 12 27 49 59 69 185 228 239 246
 56 : 2 57 83 98 107 197 198 237
 75 : 103 116 138 152 153
 85 : 54 80 127 139 182 227 244
 96 : 8 23 115 142 170 223 236
 99 : 10 71 95 113 187 220
 113 : 39 40 92 123 126 146
 115 : 0 18 21 64 81 106 132 212 213 216
 123 : 45 82 119 133 143 171 177 229 235
 125 : 1 29 46 47 74 84 87 172 190 204 215
 137 : 7 50 75 104 149 162 196
 143 : 37 38 67 151 169 179 245
 151 : 13 35 89 114 156 159 192 214 241
 153 : 22 77 112 183 184 234
 159 : 3 19 90 167 180 218
 191 : 14 24 33 79 100 141 173 189 231
 195 : 9 160 175 181 199
 197 : 30 42 43 85 108 222 232 248
 199 : 44 86 97 131 154 194 243
 207 : 31 61 150 158 176 247
 210 : 28 122 136 178 203 205
 218 : 4 32 94 117 188 193 217 226 249
 222 : 25 48 55 58 68 73 120 121 147 209 219
 226 : 6 11 63 110 111 128 161 242
 228 : 96 118 130 145 168
 230 : 5 26 41 124 135 144 230
 236 : 60 78 93 99 140 206 240
 245 : 16 17 51 62 101 134
 248 : 34 66 76 102 109 174 207 225
SOLUTION:
  Value: -257981.000000
  Assigns: 115 125 56 38 218 56 226 111 96 51 99 226 57 154 130 21 245 17 130 233 218 115 130 96 17 222 45 120 17 125 38 207 218 120 248 34 85 143 143 111 113 120 85 228 199 123 125 125 222 245 130 245 34 34 85 222 57 56 77 57 236 207 245 226 115 21 154 143 222 143 236 99 77 96 51 17 51 153 236 154 85 115 123 56 125 21 199 125 154 233 153 45 113 51 17 99 228 199 56 236 143 245 248 56 85 34 115 56 111 248 226 226 233 99 130 96 77 218 228 123 222 222 51 113 45 21 113 85 226 21 228 199 233 123 245 248 51 34 130 85 236 77 96 123 57 228 113 222 111 34 207 143 236 120 199 38 248 45 207 228 38 226 51 34 45 38 34 51 228 154 96 123 125 77 248 226 207 123 77 143 57 120 130 153 153 120 38 99 218 115 17 45 111 218 199 143 57 56 57 130 154 38 143 130 130 199 236 248 120 222 21 34 115 115 17 125 115 218 154 222 99 34 56 96 45 248 218 85 228 123 120 17 233 38 153 123 96 56 57 154 236 154 17 199 85 130 245 207 248 218 
  Facilities: 32
 17 : 17 24 28 75 94 190 214 231 242
 21 : 15 65 85 125 129 210
 34 : 35 52 53 105 137 149 163 166 211 221
 38 : 3 30 155 160 165 186 201 233
 45 : 26 91 124 157 164 191 224
 51 : 9 74 76 93 122 136 162 167
 56 : 2 5 57 83 98 103 107 197 222 237
 57 : 12 56 59 144 180 196 198 238
 77 : 58 72 116 141 173 178
 85 : 36 42 54 80 104 127 139 227 244
 96 : 8 23 73 115 142 170 223 236
 99 : 10 71 95 113 187 220
 111 : 7 39 108 148 192
 113 : 40 92 123 126 146
 115 : 0 21 64 81 106 189 212 213 216
 120 : 27 33 41 153 181 185 208 230
 123 : 45 82 119 133 143 171 177 229 235
 125 : 1 29 46 47 84 87 172 215
 130 : 14 18 22 50 114 138 182 199 203 204 245
 143 : 37 38 67 69 100 151 179 195 202
 153 : 77 90 183 184 234
 154 : 13 66 79 88 169 200 218 239 241
 199 : 44 86 97 131 154 194 205 243
 207 : 31 61 150 158 176 247
 218 : 4 20 32 117 188 193 217 226 249
 222 : 25 48 55 68 120 121 147 209 219
 226 : 6 11 63 110 111 128 161 175
 228 : 43 96 118 130 145 159 168 228
 233 : 19 89 112 132 232
 236 : 60 70 78 99 140 152 206 240
 245 : 16 49 51 62 101 134 246
 248 : 34 102 109 135 156 174 207 225 248
