# Time: 5200.860352
# Elapsed: 970.119446
# Input_file: splp/KoerkelGhosh-sym/500/b/gs500b-4
# Pool_size: 400
# Iterations: 21
# Final_solutions: 7287
# Vision_range: 600
# Reduction_mode: REDUCTION_DISPERSE
# Dissimilitude: DISSIM_MSE
# Facility_dist: FDISMODE_SUMOFDELTAS
SOLUTION:
  Value: -538821.000000
  Assigns: 141 141 126 126 126 177 480 123 30 131 131 141 75 436 123 480 75 436 30 177 379 436 413 123 480 379 100 480 100 340 100 436 436 141 30 282 480 211 436 141 126 100 190 190 126 126 100 436 413 30 141 480 131 30 282 377 100 190 123 141 30 123 379 190 436 413 131 131 123 377 75 436 190 190 126 282 377 190 377 436 177 75 141 190 177 480 131 100 377 282 190 123 340 131 377 123 377 211 100 141 30 340 123 141 282 75 377 75 379 75 379 131 131 379 377 100 340 377 480 480 379 436 177 126 131 377 190 436 211 190 480 413 282 379 131 379 282 100 190 141 211 123 211 131 379 413 126 131 190 75 211 177 100 436 100 126 340 340 413 211 75 413 141 379 480 75 100 190 131 131 379 190 126 211 100 480 211 75 340 377 177 480 282 340 30 340 141 480 30 413 126 100 126 177 75 30 141 131 100 190 141 123 126 75 30 100 379 413 190 413 190 177 436 30 100 340 177 126 413 480 379 177 177 480 379 126 340 75 141 211 190 282 131 30 480 141 379 377 30 282 126 282 436 436 177 377 340 211 123 100 480 436 413 377 100 480 190 190 377 123 413 340 413 340 413 131 75 131 377 141 190 100 377 190 340 177 177 377 126 436 377 211 75 126 282 377 131 177 379 413 211 131 131 282 123 190 177 340 413 211 100 377 377 190 340 379 100 379 377 123 131 413 282 377 190 177 100 379 100 100 126 100 377 436 100 211 131 75 211 340 123 131 480 379 123 211 413 377 141 141 340 190 100 436 190 126 30 141 123 30 190 340 75 75 141 379 190 126 100 436 126 177 141 30 30 211 177 126 377 480 30 123 413 340 190 282 75 379 340 377 379 126 436 141 131 211 379 340 177 211 123 126 177 100 379 123 141 413 190 100 282 100 480 211 123 211 30 480 480 30 211 30 100 131 131 75 141 340 211 141 413 30 75 282 30 340 131 377 30 126 211 340 282 282 75 436 123 30 75 379 141 340 100 282 436 30 131 413 340 30 480 436 211 123 282 379 123 211 190 100 413 30 282 141 340 190 131 177 377 480 75 436 379 141 436 413 413 480 377 340 30 211 141 211 377 379 177 177 126 100 177 211 123 413 282 75 379 413 75 379 
  Facilities: 17
 30 : 8 18 34 49 53 60 100 184 188 195 204 213 233 238 346 349 363 364 370 406 409 411 421 424 428 437 445 449 461 480
 75 : 12 16 70 81 105 107 109 149 160 165 177 194 203 227 266 282 327 352 353 376 415 422 434 438 470 495 498
 100 : 26 28 30 41 46 56 87 98 115 137 152 154 166 174 191 198 205 214 249 254 271 300 306 316 318 319 321 324 342 358 393 399 401 412 442 459 489
 123 : 7 14 23 58 61 68 91 95 102 141 201 248 259 294 309 330 334 348 371 390 395 404 436 453 456 492
 126 : 2 3 4 40 44 45 74 123 146 155 172 190 192 202 217 225 240 278 283 320 345 357 360 367 381 391 429 488
 131 : 9 10 52 66 67 86 93 111 112 124 134 143 147 168 169 197 232 265 267 286 291 292 310 326 331 384 413 414 426 446 466
 141 : 0 1 11 33 39 50 59 82 99 103 139 162 186 196 200 228 235 269 338 339 347 354 362 383 396 416 419 440 463 473 482
 177 : 5 19 80 84 122 151 180 193 211 216 221 222 244 275 276 287 296 315 361 366 388 392 467 486 487 490
 190 : 42 43 57 63 72 73 77 83 90 126 129 138 148 167 171 199 208 210 230 256 257 270 273 295 303 314 341 344 350 356 374 398 458 465
 211 : 37 97 128 140 142 150 159 173 176 229 247 281 290 299 325 328 335 365 385 389 403 405 410 418 430 452 457 481 483 491
 282 : 35 54 75 89 104 132 136 182 231 239 241 284 293 312 375 400 423 432 433 443 454 462 494
 340 : 29 92 101 116 156 157 178 183 185 215 226 246 261 263 274 297 304 329 340 351 373 378 387 417 425 431 441 448 464 479
 377 : 55 69 76 78 88 94 96 106 114 117 125 179 237 245 253 258 268 272 277 280 285 301 302 308 313 322 337 368 379 427 468 478 484
 379 : 20 25 62 108 110 113 120 133 135 144 163 170 206 220 224 236 288 305 307 317 333 355 377 380 386 394 439 455 472 485 496 499
 413 : 22 48 65 131 145 158 161 189 207 209 218 252 260 262 264 289 298 311 336 372 397 420 447 460 475 476 493 497
 436 : 13 17 21 31 32 38 47 64 71 79 121 127 153 212 242 243 251 279 323 343 359 382 435 444 451 471 474
 480 : 6 15 24 27 36 51 85 118 119 130 164 175 181 187 219 223 234 250 255 332 369 402 407 408 450 469 477
SOLUTION:
  Value: -539020.000000
  Assigns: 141 141 126 126 126 177 480 123 30 131 131 141 436 436 123 480 377 436 30 177 379 436 413 123 480 379 100 480 100 340 100 436 436 141 30 282 480 211 436 141 126 100 190 190 126 126 100 436 413 30 141 480 131 30 282 377 100 190 123 141 30 123 379 190 436 413 131 131 123 377 377 436 190 190 126 282 377 190 377 436 177 340 141 190 177 480 131 100 377 282 190 123 340 131 377 123 377 211 100 141 30 340 123 141 282 126 377 30 379 340 379 131 131 379 377 100 340 377 480 480 379 436 177 126 131 377 190 436 211 190 480 413 282 379 131 379 282 100 190 141 211 123 211 131 379 413 126 131 190 123 211 177 100 436 100 126 340 340 413 211 141 413 141 379 480 100 100 190 131 131 379 190 126 211 100 480 211 211 340 377 177 480 282 340 30 340 141 480 30 413 126 100 126 177 436 30 141 131 100 190 141 123 126 436 30 100 379 413 190 413 190 177 436 30 100 340 177 126 413 480 379 177 177 480 379 126 340 379 141 211 190 282 131 30 480 141 379 377 30 282 126 282 436 436 177 377 340 211 123 100 480 436 413 377 100 480 190 190 377 123 413 340 413 340 413 131 377 131 377 141 190 100 377 190 340 177 177 377 126 436 377 211 100 126 282 377 131 177 379 413 211 131 131 282 123 190 177 340 413 211 100 377 377 190 340 379 100 379 377 123 131 413 282 377 190 177 100 379 100 100 126 100 377 436 100 211 131 282 211 340 123 131 480 379 123 211 413 377 141 141 340 190 100 436 190 126 30 141 123 30 190 340 177 131 141 379 190 126 100 436 126 177 141 30 30 211 177 126 377 480 30 123 413 340 190 282 480 379 340 377 379 126 436 141 131 211 379 340 177 211 123 126 177 100 379 123 141 413 190 100 282 100 480 211 123 211 30 480 480 30 211 30 100 131 131 379 141 340 211 141 413 30 123 282 30 340 131 377 30 126 211 340 282 282 100 436 123 30 340 379 141 340 100 282 436 30 131 413 340 30 480 436 211 123 282 379 123 211 190 100 413 30 282 141 340 190 131 177 377 480 436 436 379 141 436 413 413 480 377 340 30 211 141 211 377 379 177 177 126 100 177 211 123 413 282 100 379 413 413 379 
  Facilities: 16
 30 : 8 18 34 49 53 60 100 107 184 188 195 204 213 233 238 346 349 363 364 370 406 409 411 421 424 428 437 445 449 461 480
 100 : 26 28 30 41 46 56 87 98 115 137 152 154 165 166 174 191 198 205 214 249 254 271 282 300 306 316 318 319 321 324 342 358 393 399 401 412 434 442 459 489 495
 123 : 7 14 23 58 61 68 91 95 102 141 149 201 248 259 294 309 330 334 348 371 390 395 404 422 436 453 456 492
 126 : 2 3 4 40 44 45 74 105 123 146 155 172 190 192 202 217 225 240 278 283 320 345 357 360 367 381 391 429 488
 131 : 9 10 52 66 67 86 93 111 112 124 134 143 147 168 169 197 232 265 267 286 291 292 310 326 331 353 384 413 414 426 446 466
 141 : 0 1 11 33 39 50 59 82 99 103 139 160 162 186 196 200 228 235 269 338 339 347 354 362 383 396 416 419 440 463 473 482
 177 : 5 19 80 84 122 151 180 193 211 216 221 222 244 275 276 287 296 315 352 361 366 388 392 467 486 487 490
 190 : 42 43 57 63 72 73 77 83 90 126 129 138 148 167 171 199 208 210 230 256 257 270 273 295 303 314 341 344 350 356 374 398 458 465
 211 : 37 97 128 140 142 150 159 173 176 177 229 247 281 290 299 325 328 335 365 385 389 403 405 410 418 430 452 457 481 483 491
 282 : 35 54 75 89 104 132 136 182 231 239 241 284 293 312 327 375 400 423 432 433 443 454 462 494
 340 : 29 81 92 101 109 116 156 157 178 183 185 215 226 246 261 263 274 297 304 329 340 351 373 378 387 417 425 431 438 441 448 464 479
 377 : 16 55 69 70 76 78 88 94 96 106 114 117 125 179 237 245 253 258 266 268 272 277 280 285 301 302 308 313 322 337 368 379 427 468 478 484
 379 : 20 25 62 108 110 113 120 133 135 144 163 170 206 220 224 227 236 288 305 307 317 333 355 377 380 386 394 415 439 455 472 485 496 499
 413 : 22 48 65 131 145 158 161 189 207 209 218 252 260 262 264 289 298 311 336 372 397 420 447 460 475 476 493 497 498
 436 : 12 13 17 21 31 32 38 47 64 71 79 121 127 153 194 203 212 242 243 251 279 323 343 359 382 435 444 451 470 471 474
 480 : 6 15 24 27 36 51 85 118 119 130 164 175 181 187 219 223 234 250 255 332 369 376 402 407 408 450 469 477
SOLUTION:
  Value: -539303.000000
  Assigns: 440 195 195 440 39 280 480 336 46 131 95 437 195 336 39 480 131 490 280 195 95 413 203 280 490 440 90 480 170 90 437 310 170 485 280 46 480 46 291 437 90 195 46 310 490 291 291 46 490 203 440 437 131 46 39 280 291 437 291 170 437 310 95 490 170 413 131 280 195 203 46 46 440 310 336 203 95 440 46 280 203 485 90 203 485 310 131 195 39 440 280 291 203 170 310 131 131 170 95 440 90 39 39 95 437 485 170 440 291 440 485 131 131 95 195 131 440 440 480 485 480 39 39 95 131 336 440 490 90 39 480 291 310 310 131 203 437 46 485 437 90 440 195 39 95 485 336 131 170 437 39 291 310 310 39 131 440 485 203 46 280 280 39 437 480 291 440 95 131 131 39 310 170 336 195 480 490 490 480 336 291 480 39 280 95 95 90 39 291 413 90 203 90 490 485 90 46 490 291 203 46 131 195 440 170 95 39 437 46 490 280 90 291 46 336 280 195 46 95 46 291 485 195 437 170 480 280 291 291 437 195 440 131 485 170 46 95 46 480 437 485 310 46 90 310 310 39 440 95 490 480 480 413 39 203 336 39 291 490 437 46 413 413 280 413 131 90 131 170 437 203 480 203 95 280 310 280 90 413 39 291 485 95 90 437 46 131 90 90 413 280 131 203 90 490 46 336 95 413 46 195 490 310 46 310 485 46 291 170 203 490 413 280 95 280 170 195 95 336 46 336 280 291 440 310 203 131 203 291 485 90 170 170 485 170 437 413 490 280 170 90 170 170 490 39 310 39 310 46 280 46 413 95 440 195 437 336 336 170 440 336 131 440 39 413 39 195 437 203 480 336 203 195 170 280 437 480 280 336 485 280 46 310 437 131 170 440 485 291 310 485 437 437 203 170 131 195 413 490 195 291 291 440 440 490 490 90 480 480 95 310 203 291 336 131 39 291 310 203 170 413 440 170 336 39 490 131 336 437 485 413 440 440 490 291 90 203 39 440 485 485 195 480 291 440 291 131 413 203 310 480 336 90 480 90 170 437 131 440 310 90 90 95 310 131 203 39 280 203 480 440 95 280 336 336 485 39 480 485 310 480 336 413 203 170 440 291 95 195 39 310 203 490 310 310 291 440 490 440 46 
  Facilities: 18
 39 : 4 14 54 88 101 102 121 122 129 143 150 154 162 170 182 187 206 246 253 256 279 344 346 363 365 415 424 437 466 476 489
 46 : 8 35 37 42 47 53 70 71 78 137 159 196 200 208 213 217 219 235 237 242 260 285 295 299 303 306 319 348 350 381 499
 90 : 26 29 40 82 100 128 140 186 190 192 195 211 243 266 277 283 287 288 293 330 340 406 435 452 454 460 461
 95 : 10 20 62 76 98 103 113 123 144 167 184 185 205 218 236 248 273 282 297 313 317 352 409 462 471 487
 131 : 9 16 52 66 86 95 96 111 112 115 124 134 147 155 168 169 201 232 265 267 286 291 326 361 384 395 414 426 446 457 464
 170 : 28 32 59 64 93 97 106 148 172 204 224 234 268 308 315 331 332 334 339 341 342 358 373 385 394 419 422 455 484
 195 : 1 2 12 19 41 68 87 114 142 174 202 216 222 230 300 316 354 366 372 396 399 441 488
 203 : 22 49 69 75 80 83 92 135 158 191 199 254 270 272 292 309 325 327 368 371 393 411 418 436 448 465 468 483 491
 280 : 5 18 23 34 55 67 79 90 160 161 183 210 215 226 263 274 276 290 312 314 321 338 349 374 377 380 467 472
 291 : 38 45 46 56 58 91 108 131 151 165 180 188 198 212 220 227 228 257 280 307 322 328 388 400 401 412 416 434 443 445 486 495
 310 : 31 43 61 73 85 94 132 133 152 153 171 241 244 245 275 302 304 324 345 347 382 389 410 417 449 459 463 479 490 493 494
 336 : 7 13 74 125 146 173 179 214 255 296 318 320 356 357 360 370 378 413 423 427 451 473 474 481
 413 : 21 65 189 252 261 262 264 278 289 298 311 336 351 364 397 420 430 447 482
 437 : 11 30 39 51 57 60 104 136 139 149 163 207 223 229 239 259 269 284 335 355 367 375 383 391 392 428 456
 440 : 0 3 25 50 72 77 89 99 107 109 116 117 126 141 156 166 203 231 247 323 353 359 362 386 402 403 421 431 432 438 444 458 470 485 496 498
 480 : 6 15 27 36 118 120 130 164 175 178 181 225 238 250 251 271 369 376 407 408 442 450 453 469 477 480
 485 : 33 81 84 105 110 119 138 145 157 194 221 233 240 281 305 329 333 379 387 390 429 439 440 475 478
 490 : 17 24 44 48 63 127 176 177 193 197 209 249 258 294 301 310 337 343 398 404 405 425 433 492 497
SOLUTION:
  Value: -539324.000000
  Assigns: 440 195 195 440 39 280 480 336 46 131 95 437 195 336 39 480 131 490 280 195 95 413 203 280 490 440 90 480 170 90 437 310 170 291 280 46 480 46 291 437 90 195 46 310 490 291 291 46 490 203 440 437 131 46 39 280 291 437 291 170 437 310 95 490 170 413 131 280 195 203 46 46 440 310 336 203 95 440 46 280 203 95 90 203 440 310 131 195 39 440 280 291 203 170 310 131 131 170 95 440 90 39 39 95 437 480 170 440 291 440 480 131 131 95 195 131 440 440 480 95 480 39 39 95 131 336 440 490 90 39 480 291 310 310 131 203 437 46 413 437 90 440 195 39 95 280 336 131 170 437 39 291 310 310 39 131 440 46 203 46 280 280 39 437 480 291 440 95 131 131 39 310 170 336 195 480 490 490 480 336 291 480 39 280 95 95 90 39 291 413 90 203 90 490 90 90 46 490 291 203 46 131 195 440 170 95 39 437 46 490 280 90 291 46 336 280 195 46 95 46 291 291 195 437 170 480 280 291 291 437 195 440 131 90 170 46 95 46 480 437 203 310 46 90 310 310 39 440 95 490 480 480 413 39 203 336 39 291 490 437 46 413 413 280 413 131 90 131 170 437 203 480 203 95 280 310 280 90 413 39 291 280 95 90 437 46 131 90 90 413 280 131 203 90 490 46 336 95 413 46 195 490 310 46 310 291 46 291 170 203 490 413 280 95 280 170 195 95 336 46 336 280 291 440 310 203 131 203 291 46 90 170 170 480 170 437 413 490 280 170 90 170 170 490 39 310 39 310 46 280 46 413 95 440 195 437 336 336 170 440 336 131 440 39 413 39 195 437 203 480 336 203 195 170 280 437 480 280 336 170 280 46 310 437 131 170 440 170 291 310 203 437 437 203 170 131 195 413 490 195 291 291 440 440 490 490 90 480 480 95 310 203 291 336 131 39 291 310 203 170 413 440 170 336 39 490 131 336 437 280 413 440 440 490 291 90 203 39 440 336 310 195 480 291 440 291 131 413 203 310 480 336 90 480 90 170 437 131 440 310 90 90 95 310 131 203 39 280 203 480 440 95 280 336 336 413 39 480 131 310 480 336 413 203 170 440 291 95 195 39 310 203 490 310 310 291 440 490 440 46 
  Facilities: 17
 39 : 4 14 54 88 101 102 121 122 129 143 150 154 162 170 182 187 206 246 253 256 279 344 346 363 365 415 424 437 466 476 489
 46 : 8 35 37 42 47 53 70 71 78 137 157 159 196 200 208 213 217 219 235 237 242 260 285 295 299 303 306 319 329 348 350 381 499
 90 : 26 29 40 82 100 128 140 186 190 192 194 195 211 233 243 266 277 283 287 288 293 330 340 406 435 452 454 460 461
 95 : 10 20 62 76 81 98 103 113 119 123 144 167 184 185 205 218 236 248 273 282 297 313 317 352 409 462 471 487
 131 : 9 16 52 66 86 95 96 111 112 115 124 134 147 155 168 169 201 232 265 267 286 291 326 361 384 395 414 426 446 457 464 478
 170 : 28 32 59 64 93 97 106 148 172 204 224 234 268 308 315 331 332 334 339 341 342 358 373 379 385 387 394 419 422 455 484
 195 : 1 2 12 19 41 68 87 114 142 174 202 216 222 230 300 316 354 366 372 396 399 441 488
 203 : 22 49 69 75 80 83 92 135 158 191 199 240 254 270 272 292 309 325 327 368 371 390 393 411 418 436 448 465 468 483 491
 280 : 5 18 23 34 55 67 79 90 145 160 161 183 210 215 226 263 274 276 281 290 312 314 321 338 349 374 377 380 429 467 472
 291 : 33 38 45 46 56 58 91 108 131 151 165 180 188 198 212 220 221 227 228 257 280 305 307 322 328 388 400 401 412 416 434 443 445 486 495
 310 : 31 43 61 73 85 94 132 133 152 153 171 241 244 245 275 302 304 324 345 347 382 389 410 417 440 449 459 463 479 490 493 494
 336 : 7 13 74 125 146 173 179 214 255 296 318 320 356 357 360 370 378 413 423 427 439 451 473 474 481
 413 : 21 65 138 189 252 261 262 264 278 289 298 311 336 351 364 397 420 430 447 475 482
 437 : 11 30 39 51 57 60 104 136 139 149 163 207 223 229 239 259 269 284 335 355 367 375 383 391 392 428 456
 440 : 0 3 25 50 72 77 84 89 99 107 109 116 117 126 141 156 166 203 231 247 323 353 359 362 386 402 403 421 431 432 438 444 458 470 485 496 498
 480 : 6 15 27 36 105 110 118 120 130 164 175 178 181 225 238 250 251 271 333 369 376 407 408 442 450 453 469 477 480
 490 : 17 24 44 48 63 127 176 177 193 197 209 249 258 294 301 310 337 343 398 404 405 425 433 492 497
SOLUTION:
  Value: -539371.000000
  Assigns: 141 141 126 126 126 177 480 123 30 131 131 141 436 436 123 480 377 436 30 177 379 436 413 123 480 379 100 480 100 340 100 436 436 141 30 379 480 211 436 141 126 100 190 190 126 126 100 436 413 30 141 480 131 30 190 377 100 190 123 141 30 123 379 190 436 413 131 131 123 377 377 436 190 190 126 177 377 190 377 436 177 340 141 190 177 480 131 100 377 141 190 123 340 131 377 123 377 211 100 141 30 340 123 141 30 126 377 30 379 340 379 131 131 379 377 100 340 377 480 480 379 436 177 126 131 377 190 436 211 190 480 413 100 379 131 379 131 100 190 141 211 123 211 131 379 413 126 131 190 123 211 177 100 436 100 126 340 340 413 211 141 413 141 379 480 100 100 190 131 131 379 190 126 211 100 480 211 211 340 377 177 480 377 340 30 340 141 480 30 413 126 100 126 177 436 30 141 131 100 190 141 123 126 436 30 100 379 413 190 413 190 177 436 30 100 340 177 126 413 480 379 177 177 480 379 126 340 379 141 211 190 436 131 30 480 141 379 377 30 123 126 190 436 436 177 377 340 211 123 100 480 436 413 377 100 480 190 190 377 123 413 340 413 340 413 131 377 131 377 141 190 100 377 190 340 177 177 377 126 436 377 211 100 126 340 377 131 177 379 413 211 131 131 177 123 190 177 340 413 211 100 377 377 190 340 379 100 379 377 123 131 413 100 377 190 177 100 379 100 100 126 100 377 436 100 211 131 123 211 340 123 131 480 379 123 211 413 377 141 141 340 190 100 436 190 126 30 141 123 30 190 340 177 131 141 379 190 126 100 436 126 177 141 30 30 211 177 126 377 480 30 123 413 340 190 131 480 379 340 377 379 126 436 141 131 211 379 340 177 211 123 126 177 100 379 123 141 413 190 100 340 100 480 211 123 211 30 480 480 30 211 30 100 131 131 379 141 340 211 141 413 30 123 141 30 340 131 377 30 126 211 340 340 413 100 436 123 30 340 379 141 340 100 190 436 30 131 413 340 30 480 436 211 123 123 379 123 211 190 100 413 30 141 141 340 190 131 177 377 480 436 436 379 141 436 413 413 480 377 340 30 211 141 211 377 379 177 177 126 100 177 211 123 413 377 100 379 413 413 379 
  Facilities: 15
 30 : 8 18 34 49 53 60 100 104 107 184 188 195 204 213 233 238 346 349 363 364 370 406 409 411 421 424 428 437 445 449 461 480
 100 : 26 28 30 41 46 56 87 98 115 132 137 152 154 165 166 174 191 198 205 214 249 254 271 282 300 306 312 316 318 319 321 324 342 358 393 399 401 412 434 442 459 489 495
 123 : 7 14 23 58 61 68 91 95 102 141 149 201 239 248 259 294 309 327 330 334 348 371 390 395 404 422 436 453 454 456 492
 126 : 2 3 4 40 44 45 74 105 123 146 155 172 190 192 202 217 225 240 278 283 320 345 357 360 367 381 391 429 488
 131 : 9 10 52 66 67 86 93 111 112 124 134 136 143 147 168 169 197 232 265 267 286 291 292 310 326 331 353 375 384 413 414 426 446 466
 141 : 0 1 11 33 39 50 59 82 89 99 103 139 160 162 186 196 200 228 235 269 338 339 347 354 362 383 396 416 419 423 440 462 463 473 482
 177 : 5 19 75 80 84 122 151 180 193 211 216 221 222 244 275 276 287 293 296 315 352 361 366 388 392 467 486 487 490
 190 : 42 43 54 57 63 72 73 77 83 90 126 129 138 148 167 171 199 208 210 230 241 256 257 270 273 295 303 314 341 344 350 356 374 398 443 458 465
 211 : 37 97 128 140 142 150 159 173 176 177 229 247 281 290 299 325 328 335 365 385 389 403 405 410 418 430 452 457 481 483 491
 340 : 29 81 92 101 109 116 156 157 178 183 185 215 226 246 261 263 274 284 297 304 329 340 351 373 378 387 400 417 425 431 432 438 441 448 464 479
 377 : 16 55 69 70 76 78 88 94 96 106 114 117 125 179 182 237 245 253 258 266 268 272 277 280 285 301 302 308 313 322 337 368 379 427 468 478 484 494
 379 : 20 25 35 62 108 110 113 120 133 135 144 163 170 206 220 224 227 236 288 305 307 317 333 355 377 380 386 394 415 439 455 472 485 496 499
 413 : 22 48 65 131 145 158 161 189 207 209 218 252 260 262 264 289 298 311 336 372 397 420 433 447 460 475 476 493 497 498
 436 : 12 13 17 21 31 32 38 47 64 71 79 121 127 153 194 203 212 231 242 243 251 279 323 343 359 382 435 444 451 470 471 474
 480 : 6 15 24 27 36 51 85 118 119 130 164 175 181 187 219 223 234 250 255 332 369 376 402 407 408 450 469 477
SOLUTION:
  Value: -539575.000000
  Assigns: 440 195 195 440 39 280 480 336 46 131 95 437 195 336 39 480 131 490 280 195 95 413 203 280 490 440 90 480 291 90 437 310 280 291 280 46 480 46 291 437 90 195 46 310 490 291 291 46 490 203 440 437 131 46 39 280 291 437 291 46 437 310 95 490 95 413 131 280 195 203 46 46 440 310 336 203 95 440 46 280 203 95 90 203 440 310 131 195 39 440 280 291 203 39 310 131 131 280 95 440 90 39 39 95 437 480 39 440 291 440 480 131 131 95 195 131 440 440 480 95 480 39 39 95 131 336 440 490 90 39 480 291 310 310 131 203 437 46 413 437 90 440 195 39 95 280 336 131 490 437 39 291 310 310 39 131 440 46 203 46 280 280 39 437 480 291 440 95 131 131 39 310 440 336 195 480 490 490 480 336 291 480 39 280 95 95 90 39 291 413 90 203 90 490 90 90 46 490 291 203 46 131 195 440 90 95 39 437 46 490 280 90 291 46 336 280 195 46 95 46 291 291 195 437 280 480 280 291 291 437 195 440 131 90 39 46 95 46 480 437 203 310 46 90 310 310 39 440 95 490 480 480 413 39 203 336 39 291 490 437 46 413 413 280 413 131 90 131 131 437 203 480 203 95 280 310 280 90 413 39 291 280 95 90 437 46 131 90 90 413 280 131 203 90 490 46 336 95 413 46 195 490 310 46 310 291 46 291 440 203 490 413 280 95 280 437 195 95 336 46 336 280 291 440 310 203 131 203 291 46 90 131 480 480 440 437 413 490 280 95 90 131 95 490 39 310 39 310 46 280 46 413 95 440 195 437 336 336 95 440 336 131 440 39 413 39 195 437 203 480 336 203 195 310 280 437 480 280 336 46 280 46 310 437 131 336 440 95 291 310 203 437 437 203 413 131 195 413 490 195 291 291 440 440 490 490 90 480 480 95 310 203 291 336 131 39 291 310 203 291 413 440 490 336 39 490 131 336 437 280 413 440 440 490 291 90 203 39 440 336 310 195 480 291 440 291 131 413 203 310 480 336 90 480 90 490 437 131 440 310 90 90 95 310 131 203 39 280 203 480 440 95 280 336 336 413 39 480 131 310 480 336 413 203 46 440 291 95 195 39 310 203 490 310 310 291 440 490 440 46 
  Facilities: 16
 39 : 4 14 54 88 93 101 102 106 121 122 129 143 150 154 162 170 182 187 206 234 246 253 256 279 344 346 363 365 415 424 437 466 476 489
 46 : 8 35 37 42 47 53 59 70 71 78 137 157 159 196 200 208 213 217 219 235 237 242 260 285 295 299 303 306 319 329 348 350 379 381 484 499
 90 : 26 29 40 82 100 128 140 186 190 192 194 195 204 211 233 243 266 277 283 287 288 293 330 340 406 435 452 454 460 461
 95 : 10 20 62 64 76 81 98 103 113 119 123 144 167 184 185 205 218 236 248 273 282 297 313 317 339 342 352 358 387 409 462 471 487
 131 : 9 16 52 66 86 95 96 111 112 115 124 134 147 155 168 169 201 232 265 267 268 286 291 326 331 341 361 384 395 414 426 446 457 464 478
 195 : 1 2 12 19 41 68 87 114 142 174 202 216 222 230 300 316 354 366 372 396 399 441 488
 203 : 22 49 69 75 80 83 92 135 158 191 199 240 254 270 272 292 309 325 327 368 371 390 393 411 418 436 448 465 468 483 491
 280 : 5 18 23 32 34 55 67 79 90 97 145 160 161 183 210 215 224 226 263 274 276 281 290 312 314 321 338 349 374 377 380 429 467 472
 291 : 28 33 38 45 46 56 58 91 108 131 151 165 180 188 198 212 220 221 227 228 257 280 305 307 322 328 388 400 401 412 416 419 434 443 445 486 495
 310 : 31 43 61 73 85 94 132 133 152 153 171 241 244 245 275 302 304 324 345 347 373 382 389 410 417 440 449 459 463 479 490 493 494
 336 : 7 13 74 125 146 173 179 214 255 296 318 320 356 357 360 370 378 385 413 423 427 439 451 473 474 481
 413 : 21 65 138 189 252 261 262 264 278 289 298 311 336 351 364 394 397 420 430 447 475 482
 437 : 11 30 39 51 57 60 104 136 139 149 163 207 223 229 239 259 269 284 315 335 355 367 375 383 391 392 428 456
 440 : 0 3 25 50 72 77 84 89 99 107 109 116 117 126 141 156 166 172 203 231 247 308 323 334 353 359 362 386 402 403 421 431 432 438 444 458 470 485 496 498
 480 : 6 15 27 36 105 110 118 120 130 164 175 178 181 225 238 250 251 271 332 333 369 376 407 408 442 450 453 469 477 480
 490 : 17 24 44 48 63 127 148 176 177 193 197 209 249 258 294 301 310 337 343 398 404 405 422 425 433 455 492 497
SOLUTION:
  Value: -539587.000000
  Assigns: 440 377 67 440 201 280 490 320 46 132 131 230 490 230 67 31 377 201 280 230 201 377 238 280 490 230 280 485 170 230 238 67 170 485 280 31 201 46 315 170 132 440 46 46 490 291 291 46 490 132 320 132 131 238 291 315 291 291 291 201 132 201 67 490 67 315 131 280 31 377 377 315 440 230 490 67 377 440 46 280 315 485 230 132 485 490 201 291 377 440 280 67 31 170 377 131 238 170 132 440 46 230 280 280 315 485 170 230 291 440 485 131 131 440 201 67 440 230 315 485 46 320 201 201 131 377 440 490 31 201 67 291 440 132 131 67 67 238 485 67 485 440 132 131 485 315 201 131 320 132 485 238 201 238 67 315 440 320 31 46 280 280 320 170 238 291 440 201 131 131 315 31 170 320 320 132 490 315 131 377 315 31 31 280 230 291 315 485 291 132 230 238 201 490 485 230 46 320 291 67 230 131 320 67 201 490 132 291 132 490 280 485 132 46 291 280 315 238 31 46 291 485 238 230 230 485 67 291 291 377 230 230 131 485 31 46 31 46 238 315 485 31 46 315 201 377 132 201 377 490 320 280 230 377 291 238 315 291 490 320 46 230 440 280 132 131 377 315 377 230 377 67 377 170 315 132 280 201 315 485 67 485 132 485 31 46 131 315 238 320 201 131 131 230 320 46 315 320 320 46 31 377 377 67 377 485 46 291 170 320 490 230 280 377 280 201 315 31 132 46 377 238 377 440 440 230 131 201 291 201 170 170 170 485 170 170 320 377 280 201 238 170 170 490 291 170 67 238 46 280 46 201 315 440 31 440 67 67 170 132 320 131 440 67 132 485 31 485 31 31 31 291 170 230 280 67 238 280 46 485 67 46 485 320 131 170 440 485 291 67 485 132 377 315 170 238 31 230 201 132 291 291 440 440 490 490 320 485 377 170 490 485 291 67 131 201 291 315 230 31 132 440 238 485 238 490 131 320 291 485 201 440 31 490 291 238 31 315 31 485 485 315 238 291 440 67 131 315 238 320 320 377 377 67 238 170 315 131 440 31 201 132 132 238 230 315 131 280 320 31 440 31 280 291 238 485 132 490 485 485 238 46 31 320 170 440 132 320 440 201 291 238 490 230 377 291 440 490 440 46 
  Facilities: 17
 31 : 15 35 68 92 128 158 171 181 182 218 234 236 241 284 300 317 354 366 368 369 370 396 419 432 436 438 459 469 471 482
 46 : 8 37 42 43 47 78 100 120 159 196 213 219 235 237 242 260 285 295 299 306 319 348 350 378 381 481 499
 67 : 2 14 31 62 64 75 91 115 130 135 136 139 154 199 203 226 271 280 303 346 356 357 363 375 380 389 413 445 453
 131 : 10 52 66 95 111 112 124 134 143 147 168 169 178 201 232 265 286 291 292 326 361 384 414 426 446 457 466
 132 : 9 40 49 51 60 83 98 133 142 149 175 189 206 208 212 246 264 275 282 318 359 364 391 399 420 461 462 476 486
 170 : 28 32 39 93 97 106 163 172 273 308 330 331 332 334 335 341 342 345 358 372 385 394 409 455 484
 201 : 4 17 20 36 59 61 86 114 122 123 129 146 152 167 192 204 244 247 277 290 315 327 329 339 351 398 415 430 460 489
 230 : 11 13 19 25 29 73 82 101 107 117 184 190 195 200 223 224 230 231 252 261 269 293 311 325 373 397 418 464 493
 238 : 22 30 53 96 137 151 153 164 191 217 222 238 255 288 321 340 347 376 395 422 424 435 442 448 454 463 474 480 491
 280 : 5 18 23 26 34 67 79 90 102 103 160 161 183 210 215 251 263 276 312 314 338 349 374 377 467 472
 291 : 45 46 54 56 57 58 87 108 131 165 185 188 198 207 214 220 227 228 254 257 307 328 344 371 388 400 401 412 416 428 434 443 473 490 495
 315 : 38 55 65 71 80 104 118 145 155 170 177 180 186 216 239 243 256 267 274 278 287 296 316 352 393 417 437 441 447 456 465
 320 : 7 50 121 148 157 162 173 174 197 202 250 259 289 294 297 298 309 336 360 383 406 427 449 450 468 483 487
 377 : 1 16 21 69 70 76 88 94 125 179 229 245 248 253 266 268 270 272 301 302 304 313 320 322 337 392 408 451 452 494
 440 : 0 3 41 72 77 89 99 109 113 116 126 132 141 156 166 262 323 324 353 355 362 386 402 403 421 431 444 458 470 485 488 496 498
 485 : 27 33 81 84 105 110 119 138 140 144 150 187 194 211 221 225 233 240 279 281 283 305 333 365 367 379 382 387 390 407 411 423 429 439 440 475 478 479
 490 : 6 12 24 44 48 63 74 85 127 176 193 205 209 249 258 310 343 404 405 410 425 433 477 492 497
SOLUTION:
  Value: -539592.000000
  Assigns: 440 139 490 440 102 280 139 359 437 219 280 437 310 359 102 139 139 139 280 102 498 146 216 280 490 440 90 359 379 90 437 15 498 315 139 379 310 90 315 437 90 173 310 310 490 359 15 146 490 315 440 437 216 173 490 359 139 437 139 379 437 310 440 383 498 379 440 280 139 498 139 315 440 310 490 498 139 440 315 280 216 216 90 379 139 310 440 383 146 440 280 498 383 173 310 379 173 219 216 440 90 102 383 280 437 216 219 383 102 440 379 216 490 146 139 219 440 15 90 437 379 440 15 102 216 310 440 490 139 216 440 310 359 379 280 379 102 280 383 173 90 383 280 139 139 315 90 146 102 437 15 315 216 310 15 315 440 15 219 280 280 280 15 437 219 173 440 498 490 102 102 379 440 139 146 383 490 315 383 498 315 383 219 280 379 437 173 173 437 139 90 359 90 490 219 216 383 490 219 498 146 315 437 383 383 498 379 437 173 490 280 173 315 90 102 280 315 15 490 219 379 15 383 437 280 15 146 379 146 437 139 102 219 90 310 498 379 440 315 315 102 310 315 90 310 379 498 173 383 490 146 219 315 219 216 173 315 15 490 437 383 139 383 280 216 379 90 315 219 437 173 379 15 383 315 310 383 90 315 102 102 280 102 90 437 359 280 315 90 219 498 280 173 90 146 146 219 498 146 359 216 490 310 359 310 173 437 359 139 102 490 139 280 498 280 216 315 379 315 102 383 280 15 173 310 498 139 315 216 359 90 359 315 379 139 437 173 315 280 15 90 219 102 490 15 383 173 173 139 280 216 102 315 383 15 437 173 359 173 139 173 359 15 102 146 102 498 437 146 498 216 359 90 15 280 437 498 280 437 146 379 216 310 102 359 216 379 359 90 310 219 437 437 315 379 15 383 383 379 359 359 90 440 440 359 490 102 219 139 498 310 359 315 498 173 383 219 315 173 359 146 359 383 15 498 490 383 437 437 280 383 440 440 490 216 219 359 383 440 379 498 315 383 216 440 146 15 315 139 498 216 146 90 102 90 379 315 219 216 310 90 90 216 146 440 219 498 280 173 437 440 310 173 216 219 146 219 490 173 310 15 146 280 280 216 379 315 359 216 498 310 139 15 310 173 15 379 490 440 15 
  Facilities: 18
 15 : 31 46 117 122 150 154 157 162 217 221 225 257 272 322 339 344 354 362 373 395 423 446 480 492 495 499
 90 : 26 29 37 40 82 100 118 140 146 190 192 213 233 243 266 277 283 288 293 330 340 372 388 401 452 454 460 461
 102 : 4 14 19 101 108 123 136 148 169 170 214 231 240 279 280 282 309 319 342 351 363 365 383 406 453
 139 : 1 6 15 16 17 34 56 58 68 70 76 84 114 128 143 144 173 189 230 261 308 311 326 334 348 359 408 448 491
 146 : 21 47 88 113 147 174 200 226 228 250 294 295 298 364 368 379 420 445 451 463 475 481
 173 : 41 53 93 96 139 165 186 187 208 211 247 255 270 292 305 323 336 346 347 356 358 360 414 418 468 472 478 494
 216 : 22 52 80 81 98 105 111 124 129 152 195 254 264 300 315 328 350 370 381 385 434 443 450 458 462 473 484 488
 219 : 9 97 106 115 158 164 182 194 198 219 232 251 253 268 289 296 341 390 407 416 435 457 465 474 476
 280 : 5 10 18 23 67 79 90 103 134 137 142 159 160 161 183 210 215 224 263 281 286 291 312 314 321 338 349 374 377 429 467 482 483
 310 : 12 36 42 43 61 73 85 94 125 131 153 234 241 244 275 302 304 324 382 389 410 459 471 479 490 493
 315 : 33 38 49 71 78 145 151 155 177 180 201 212 216 238 239 242 252 256 267 274 278 287 316 318 327 332 337 352 393 412 417 441 447 456 486
 359 : 7 13 27 45 55 132 191 285 299 303 307 329 331 357 361 371 384 387 399 400 404 411 419 421 436 487
 379 : 28 35 59 65 83 95 110 120 133 135 171 184 206 220 227 236 245 265 271 317 333 380 386 394 398 439 455 485 496
 383 : 63 87 92 102 107 138 141 175 178 181 196 203 204 222 248 260 262 273 276 320 345 353 396 397 415 422 426 430 437 442
 437 : 8 11 30 39 51 57 60 104 119 149 163 185 188 202 207 223 229 259 269 284 306 335 355 367 375 378 391 392 427 428 469
 440 : 0 3 25 50 62 66 72 77 86 89 99 109 116 121 126 130 156 166 172 237 402 403 431 432 438 444 464 470 498
 490 : 2 24 44 48 54 74 112 127 168 176 193 197 209 218 249 258 301 310 343 405 425 433 477 497
 498 : 20 32 64 69 75 91 167 179 199 205 235 246 290 297 313 325 366 369 376 409 413 424 440 449 466 489
SOLUTION:
  Value: -539616.000000
  Assigns: 498 141 67 170 126 131 490 359 170 132 131 229 490 359 477 423 477 436 229 282 498 436 413 490 490 170 498 359 170 423 413 436 170 141 350 282 350 477 436 141 132 126 132 282 490 126 350 436 490 132 141 132 131 295 252 359 126 252 477 141 132 423 67 477 67 413 131 131 67 423 295 436 359 295 423 67 477 252 295 498 350 350 141 132 413 490 131 359 423 282 340 67 340 170 67 131 282 170 132 141 282 350 170 141 282 126 170 252 350 340 67 131 131 413 252 67 340 252 498 350 126 436 477 126 131 170 229 490 477 131 67 67 359 132 477 423 282 252 413 141 413 423 132 131 132 413 295 131 170 132 423 359 229 126 67 126 340 295 413 477 359 413 141 170 423 350 141 498 131 131 252 131 126 126 423 132 340 490 340 498 436 141 423 340 229 340 350 229 295 132 126 477 126 490 229 67 141 490 359 350 229 131 126 436 170 498 229 413 132 490 229 229 132 477 282 132 498 126 490 170 359 423 229 498 170 126 340 126 141 282 252 282 131 229 170 295 295 436 350 282 126 477 423 436 490 252 498 252 229 490 413 436 413 350 340 252 229 295 490 295 350 340 413 252 413 131 132 131 252 252 126 67 413 170 229 340 477 490 126 436 67 436 423 126 282 359 131 295 350 413 498 131 131 282 295 350 436 498 413 359 67 490 498 67 340 490 252 359 477 498 490 413 282 498 436 252 498 477 126 282 126 282 340 436 229 477 131 67 170 340 350 170 170 229 252 170 423 350 141 141 340 170 170 490 350 126 67 141 170 229 423 340 436 295 141 413 67 359 170 436 126 359 141 67 295 340 498 126 490 498 350 359 413 340 229 423 498 252 340 170 282 126 436 141 423 170 477 359 498 67 67 126 423 252 170 131 141 413 132 229 359 126 350 252 350 490 170 141 282 498 295 359 252 252 131 295 141 340 126 141 413 350 340 282 252 490 131 252 423 126 413 340 282 490 132 436 359 229 295 141 141 340 126 282 436 229 131 413 340 498 126 436 423 67 423 170 498 126 132 67 423 132 132 498 340 436 498 350 252 282 436 436 498 141 436 229 413 490 359 340 477 229 141 477 170 423 132 359 126 498 477 477 490 477 282 252 252 490 413 295 
  Facilities: 19
 67 : 2 62 64 68 75 91 94 110 115 130 131 154 195 271 280 300 303 327 346 356 363 389 390 453 459
 126 : 4 41 45 56 105 120 123 153 155 172 173 190 192 202 217 225 227 240 270 278 283 318 320 345 360 367 381 391 401 418 429 442 450 457 488
 131 : 5 10 52 66 67 86 95 111 112 124 129 143 147 168 169 171 201 232 265 267 286 291 292 326 395 414 426 446
 132 : 9 40 42 49 51 60 83 98 133 142 144 149 175 189 208 212 215 266 398 434 458 461 462 486
 141 : 1 33 39 50 59 82 99 103 139 162 166 181 196 228 338 339 347 354 362 383 396 407 416 419 439 440 473 482
 170 : 3 8 25 28 32 93 97 102 106 125 148 163 204 219 224 234 273 328 331 332 335 341 342 348 358 379 385 394 406 455 484
 229 : 11 18 126 152 184 187 194 200 206 210 211 222 233 248 256 274 324 333 349 374 399 437 445 475 481
 252 : 54 57 77 107 114 117 137 170 230 245 247 255 263 268 269 306 315 334 377 393 403 412 413 424 427 468 495 496
 282 : 19 35 43 89 96 100 104 136 214 229 231 239 284 293 312 319 321 380 408 423 432 443 469 494
 295 : 53 70 73 78 146 157 188 235 236 257 259 287 294 353 364 410 415 438 499
 340 : 90 92 109 116 156 176 178 183 185 226 254 261 275 304 322 329 340 351 365 373 378 417 422 431 441 448 464 479
 350 : 34 36 46 80 81 101 108 119 165 186 199 238 253 260 288 295 330 337 344 370 402 404 421 467
 359 : 7 13 27 55 72 87 132 151 160 198 220 285 299 307 357 361 371 387 400 411 436 478 487
 413 : 22 30 65 84 113 138 140 145 158 161 207 250 252 262 264 272 289 298 311 355 372 397 420 430 447 476 498
 423 : 15 29 61 69 74 88 135 141 150 164 174 182 221 242 282 336 350 375 384 392 428 452 454 460 485
 436 : 17 21 31 38 47 71 121 180 203 237 243 251 279 281 296 314 323 352 359 382 435 444 451 465 470 471 474
 477 : 14 16 37 58 63 76 122 128 134 159 191 213 241 276 308 317 325 386 480 483 490 491 493
 490 : 6 12 23 24 44 48 85 127 177 193 197 209 218 244 249 258 277 301 305 310 343 368 405 425 433 477 492 497
 498 : 0 20 26 79 118 167 179 205 216 223 246 290 297 302 309 313 316 366 369 376 388 409 449 456 463 466 472 489
SOLUTION:
  Value: -539617.000000
  Assigns: 498 141 67 170 126 131 490 359 170 132 131 229 490 359 477 423 477 141 229 282 498 413 413 490 490 170 498 359 170 423 413 67 170 141 350 282 350 477 126 141 132 126 132 282 490 126 350 477 490 132 141 132 131 295 252 359 126 252 477 141 132 423 67 477 67 413 131 131 67 423 295 229 359 295 423 67 477 252 295 498 350 350 141 132 413 490 131 359 423 282 340 67 340 170 67 131 282 170 132 141 282 350 170 141 282 126 170 252 350 340 67 131 131 413 252 67 340 252 498 350 126 413 477 126 131 170 229 490 477 131 67 67 359 132 477 423 282 252 413 141 413 423 132 131 132 413 295 131 170 132 423 359 229 126 67 126 340 295 413 477 359 413 141 170 423 350 141 498 131 131 252 131 126 126 423 132 340 490 340 498 423 141 423 340 229 340 350 229 295 132 126 477 126 490 229 67 141 490 359 350 229 131 126 359 170 498 229 413 132 490 229 229 132 477 282 132 498 126 490 170 359 423 229 498 170 126 340 126 141 282 252 282 131 229 170 295 295 423 350 282 126 477 423 477 490 252 498 252 229 490 413 477 413 350 340 252 229 295 490 295 350 340 413 252 413 131 132 131 252 252 126 67 413 170 229 340 477 490 126 282 67 477 423 126 282 359 131 295 350 413 498 131 131 282 295 350 340 498 413 359 67 490 498 67 340 490 252 359 477 498 490 413 282 498 359 252 498 477 126 282 126 282 340 67 229 477 131 67 170 340 350 170 170 229 252 170 423 350 141 141 340 170 170 490 350 126 67 141 170 229 423 340 132 295 141 413 67 359 170 132 126 359 141 67 295 340 498 126 490 498 350 359 413 340 229 423 498 252 340 170 282 126 498 141 423 170 477 359 498 67 67 126 423 252 170 131 141 413 132 229 359 126 350 252 350 490 170 141 282 498 295 359 252 252 131 295 141 340 126 141 413 350 340 282 252 490 131 252 423 126 413 340 282 490 132 359 359 229 295 141 141 340 126 282 413 229 131 413 340 498 126 141 423 67 423 170 498 126 132 67 423 132 132 498 340 359 498 350 252 282 131 131 498 141 295 229 413 490 359 340 477 229 141 477 170 423 132 359 126 498 477 477 490 477 282 252 252 490 413 295 
  Facilities: 18
 67 : 2 31 62 64 68 75 91 94 110 115 130 131 154 195 271 280 300 303 323 327 346 356 363 389 390 453 459
 126 : 4 38 41 45 56 105 120 123 153 155 172 173 190 192 202 217 225 227 240 270 278 283 318 320 345 360 367 381 391 401 418 429 442 450 457 488
 131 : 5 10 52 66 67 86 95 111 112 124 129 143 147 168 169 171 201 232 265 267 286 291 292 326 395 414 426 446 470 471
 132 : 9 40 42 49 51 60 83 98 133 142 144 149 175 189 208 212 215 266 352 359 398 434 458 461 462 486
 141 : 1 17 33 39 50 59 82 99 103 139 162 166 181 196 228 338 339 347 354 362 383 396 407 416 419 439 440 451 473 482
 170 : 3 8 25 28 32 93 97 102 106 125 148 163 204 219 224 234 273 328 331 332 335 341 342 348 358 379 385 394 406 455 484
 229 : 11 18 71 126 152 184 187 194 200 206 210 211 222 233 248 256 274 324 333 349 374 399 437 445 475 481
 252 : 54 57 77 107 114 117 137 170 230 245 247 255 263 268 269 306 315 334 377 393 403 412 413 424 427 468 495 496
 282 : 19 35 43 89 96 100 104 136 214 229 231 239 279 284 293 312 319 321 380 408 423 432 443 469 494
 295 : 53 70 73 78 146 157 188 235 236 257 259 287 294 353 364 410 415 438 474 499
 340 : 90 92 109 116 156 176 178 183 185 226 254 261 275 296 304 322 329 340 351 365 373 378 417 422 431 441 448 464 479
 350 : 34 36 46 80 81 101 108 119 165 186 199 238 253 260 288 295 330 337 344 370 402 404 421 467
 359 : 7 13 27 55 72 87 132 151 160 198 203 220 285 299 307 314 357 361 371 387 400 411 435 436 465 478 487
 413 : 21 22 30 65 84 113 121 138 140 145 158 161 207 250 252 262 264 272 289 298 311 355 372 397 420 430 444 447 476 498
 423 : 15 29 61 69 74 88 135 141 150 164 174 180 182 221 237 242 282 336 350 375 384 392 428 452 454 460 485
 477 : 14 16 37 47 58 63 76 122 128 134 159 191 213 241 243 251 276 281 308 317 325 386 480 483 490 491 493
 490 : 6 12 23 24 44 48 85 127 177 193 197 209 218 244 249 258 277 301 305 310 343 368 405 425 433 477 492 497
 498 : 0 20 26 79 118 167 179 205 216 223 246 290 297 302 309 313 316 366 369 376 382 388 409 449 456 463 466 472 489
