# Time: 2069.530029
# Elapsed: 530.863831
# Input_file: splp/Chess/2634ChessS.txt
# Pool_size: 400
# Iterations: 32
# Final_solutions: 12144
# Vision_range: 600
# Reduction_mode: REDUCTION_DISPERSE
# Dissimilitude: DISSIM_CLIENTDELTA
SOLUTION:
  Value: -54215.000000
  Assigns: 0 0 3 136 136 136 139 139 139 21 21 0 0 0 3 3 3 30 30 30 21 21 21 0 36 36 39 39 39 30 30 30 21 21 21 36 36 36 39 39 39 30 30 30 57 57 57 36 36 36 39 39 64 64 67 67 67 70 57 36 73 73 73 64 64 64 67 67 67 57 57 70 73 73 73 64 64 64 67 67 67 70 70 70 73 73 73 100 100 100 103 103 103 106 106 106 109 109 109 100 100 100 103 103 103 106 106 106 109 109 109 100 100 100 103 103 103 106 106 106 109 109 109 136 136 136 139 139 139 142 142 142 0 0 3 136 3 136 139 139 139 142 142 0 
  Facilities: 18
 0 : 0 1 11 12 13 23 132 133 143
 3 : 2 14 15 16 134 136
 21 : 9 10 20 21 22 32 33 34
 30 : 17 18 19 29 30 31 41 42 43
 36 : 24 25 35 36 37 47 48 49 59
 39 : 26 27 28 38 39 40 50 51
 57 : 44 45 46 58 69 70
 64 : 52 53 63 64 65 75 76 77
 67 : 54 55 56 66 67 68 78 79 80
 70 : 57 71 81 82 83
 73 : 60 61 62 72 73 74 84 85 86
 100 : 87 88 89 99 100 101 111 112 113
 103 : 90 91 92 102 103 104 114 115 116
 106 : 93 94 95 105 106 107 117 118 119
 109 : 96 97 98 108 109 110 120 121 122
 136 : 3 4 5 123 124 125 135 137
 139 : 6 7 8 126 127 128 138 139 140
 142 : 129 130 131 141 142
SOLUTION:
  Value: -57216.000000
  Assigns: 143 2 2 2 17 17 17 140 140 140 143 143 35 2 2 2 27 17 17 32 32 32 35 35 35 38 27 38 17 17 17 32 32 32 35 35 35 38 38 38 53 53 53 32 32 32 35 35 60 60 38 38 53 53 53 67 67 69 69 60 60 60 74 74 53 53 67 67 67 69 69 60 60 74 74 74 89 89 67 67 69 69 69 60 107 74 99 99 89 89 89 104 104 104 107 107 107 110 99 99 99 89 89 104 104 104 107 107 107 110 99 99 125 125 125 104 104 104 107 107 143 110 110 110 125 125 125 140 140 140 143 143 143 2 2 2 125 125 125 140 140 140 143 143 
  Facilities: 19
 2 : 1 2 3 13 14 15 133 134 135
 17 : 4 5 6 17 18 28 29 30
 27 : 16 26
 32 : 19 20 21 31 32 33 43 44 45
 35 : 12 22 23 24 34 35 36 46 47
 38 : 25 27 37 38 39 50 51
 53 : 40 41 42 52 53 54 64 65
 60 : 48 49 59 60 61 71 72 83
 67 : 55 56 66 67 68 78 79
 69 : 57 58 69 70 80 81 82
 74 : 62 63 73 74 75 85
 89 : 76 77 88 89 90 101 102
 99 : 86 87 98 99 100 110 111
 104 : 91 92 93 103 104 105 115 116 117
 107 : 84 94 95 96 106 107 108 118 119
 110 : 97 109 121 122 123
 125 : 112 113 114 124 125 126 136 137 138
 140 : 7 8 9 127 128 129 139 140 141
 143 : 0 10 11 120 130 131 132 142 143
SOLUTION:
  Value: -60185.000000
  Assigns: 132 132 15 136 15 6 6 6 141 141 141 132 35 26 15 15 15 6 6 32 32 32 35 35 35 26 15 15 15 42 42 32 32 32 35 35 35 26 51 26 51 42 42 32 32 32 35 35 60 60 51 51 51 42 42 42 69 69 69 60 60 60 51 75 51 78 78 78 69 69 69 60 60 60 75 75 75 78 78 78 69 69 69 60 107 86 99 99 75 78 78 104 104 104 107 107 107 86 99 99 99 114 114 114 104 104 107 107 107 122 99 99 99 114 114 104 104 104 107 107 132 122 122 122 136 136 114 114 141 141 141 132 132 122 122 122 136 136 6 6 141 141 141 132 
  Facilities: 20
 6 : 5 6 7 17 18 138 139
 15 : 2 4 14 15 16 26 27 28
 26 : 13 25 37 39
 32 : 19 20 21 31 32 33 43 44 45
 35 : 12 22 23 24 34 35 36 46 47
 42 : 29 30 41 42 53 54 55
 51 : 38 40 50 51 52 62 64
 60 : 48 49 59 60 61 71 72 73 83
 69 : 56 57 58 68 69 70 80 81 82
 75 : 63 74 75 76 88
 78 : 65 66 67 77 78 79 89 90
 86 : 85 97
 99 : 86 87 98 99 100 110 111 112
 104 : 91 92 93 104 105 115 116 117
 107 : 84 94 95 96 106 107 108 118 119
 114 : 101 102 103 113 114 126 127
 122 : 109 121 122 123 133 134 135
 132 : 0 1 11 120 131 132 143
 136 : 3 124 125 136 137
 141 : 8 9 10 128 129 130 140 141 142
SOLUTION:
  Value: -63169.000000
  Assigns: 143 12 15 15 15 18 18 8 8 8 143 12 35 12 15 15 15 18 18 8 8 8 35 12 12 12 38 15 15 18 18 18 45 45 35 35 35 38 38 38 53 53 53 56 45 56 35 35 60 60 38 38 53 53 53 56 56 45 45 60 60 60 75 75 53 53 78 56 56 56 81 60 60 60 75 75 75 78 78 78 81 81 81 60 107 98 98 98 75 78 103 103 81 81 107 107 107 98 98 112 112 112 103 116 103 116 107 107 107 122 122 122 112 112 103 103 103 116 107 107 143 122 122 112 112 112 125 116 116 116 143 143 143 122 122 122 125 125 125 8 8 8 143 143 
  Facilities: 21
 8 : 7 8 9 19 20 21 139 140 141
 12 : 1 11 13 23 24 25
 15 : 2 3 4 14 15 16 27 28
 18 : 5 6 17 18 29 30 31
 35 : 12 22 34 35 36 46 47
 38 : 26 37 38 39 50 51
 45 : 32 33 44 57 58
 53 : 40 41 42 52 53 54 64 65
 56 : 43 45 55 56 67 68 69
 60 : 48 49 59 60 61 71 72 73 83
 75 : 62 63 74 75 76 88
 78 : 66 77 78 79 89
 81 : 70 80 81 82 92 93
 98 : 85 86 87 97 98
 103 : 90 91 102 104 114 115 116
 107 : 84 94 95 96 106 107 108 118 119
 112 : 99 100 101 112 113 123 124 125
 116 : 103 105 117 127 128 129
 122 : 109 110 111 121 122 133 134 135
 125 : 126 136 137 138
 143 : 0 10 120 130 131 132 142 143
SOLUTION:
  Value: -66161.000000
  Assigns: 143 133 133 4 4 4 7 7 7 9 143 143 35 26 26 4 4 4 7 32 9 9 35 35 35 26 26 26 41 41 41 32 32 32 35 35 35 26 26 26 51 41 41 32 32 32 35 35 60 60 51 51 51 41 41 67 67 69 69 60 60 60 51 75 76 76 67 67 67 69 69 60 60 60 75 75 75 76 67 67 69 69 69 60 107 98 98 98 75 76 103 103 103 106 107 107 107 98 98 98 113 113 103 116 103 106 107 106 107 122 122 122 113 113 103 103 103 106 106 107 143 122 133 122 113 113 113 116 116 116 143 143 133 122 122 122 4 4 7 7 7 9 9 143 
  Facilities: 22
 4 : 3 4 5 15 16 17 136 137
 7 : 6 7 8 18 138 139 140
 9 : 9 20 21 141 142
 26 : 13 14 25 26 27 37 38 39
 32 : 19 31 32 33 43 44 45
 35 : 12 22 23 24 34 35 36 46 47
 41 : 28 29 30 41 42 53 54
 51 : 40 50 51 52 62
 60 : 48 49 59 60 61 71 72 73 83
 67 : 55 56 66 67 68 78 79
 69 : 57 58 69 70 80 81 82
 75 : 63 74 75 76 88
 76 : 64 65 77 89
 98 : 85 86 87 97 98 99
 103 : 90 91 92 102 104 114 115 116
 106 : 93 105 107 117 118
 107 : 84 94 95 96 106 108 119
 113 : 100 101 112 113 124 125 126
 116 : 103 127 128 129
 122 : 109 110 111 121 123 133 134 135
 133 : 1 2 122 132
 143 : 0 10 11 120 130 131 143
SOLUTION:
  Value: -69147.000000
  Assigns: 143 12 15 15 15 18 18 8 8 8 143 12 35 12 15 15 15 18 18 8 8 8 35 12 12 12 38 15 15 18 18 18 45 45 35 35 35 38 38 38 53 53 53 56 45 56 35 35 60 60 38 38 53 53 53 56 56 45 45 60 60 60 75 75 53 53 78 56 56 56 81 60 60 60 75 75 75 78 78 78 81 81 81 60 96 96 99 99 75 78 103 103 81 81 107 107 96 96 99 99 99 112 103 116 103 106 107 106 107 122 99 122 112 112 103 103 103 106 106 107 143 122 122 112 112 112 125 116 116 116 143 143 143 122 122 122 125 125 125 8 8 8 143 143 
  Facilities: 23
 8 : 7 8 9 19 20 21 139 140 141
 12 : 1 11 13 23 24 25
 15 : 2 3 4 14 15 16 27 28
 18 : 5 6 17 18 29 30 31
 35 : 12 22 34 35 36 46 47
 38 : 26 37 38 39 50 51
 45 : 32 33 44 57 58
 53 : 40 41 42 52 53 54 64 65
 56 : 43 45 55 56 67 68 69
 60 : 48 49 59 60 61 71 72 73 83
 75 : 62 63 74 75 76 88
 78 : 66 77 78 79 89
 81 : 70 80 81 82 92 93
 96 : 84 85 96 97
 99 : 86 87 98 99 100 110
 103 : 90 91 102 104 114 115 116
 106 : 105 107 117 118
 107 : 94 95 106 108 119
 112 : 101 112 113 123 124 125
 116 : 103 127 128 129
 122 : 109 111 121 122 133 134 135
 125 : 126 136 137 138
 143 : 0 10 120 130 131 132 142 143
SOLUTION:
  Value: -72143.000000
  Assigns: 143 133 133 4 4 4 7 7 7 9 143 143 35 26 26 4 4 4 7 32 9 9 35 35 35 26 26 26 41 41 41 32 32 32 35 35 35 26 26 26 51 41 41 32 32 32 35 35 60 60 51 51 51 41 41 67 67 69 69 60 60 60 51 75 76 76 67 67 67 69 69 60 60 60 75 75 75 76 67 67 69 69 69 60 107 98 99 98 75 76 103 103 103 106 107 107 107 98 99 99 99 112 103 116 103 106 107 106 107 122 99 122 112 112 103 103 103 106 106 107 143 122 133 122 112 112 137 116 116 116 143 143 133 122 122 122 137 4 7 7 7 9 9 143 
  Facilities: 24
 4 : 3 4 5 15 16 17 137
 7 : 6 7 8 18 138 139 140
 9 : 9 20 21 141 142
 26 : 13 14 25 26 27 37 38 39
 32 : 19 31 32 33 43 44 45
 35 : 12 22 23 24 34 35 36 46 47
 41 : 28 29 30 41 42 53 54
 51 : 40 50 51 52 62
 60 : 48 49 59 60 61 71 72 73 83
 67 : 55 56 66 67 68 78 79
 69 : 57 58 69 70 80 81 82
 75 : 63 74 75 76 88
 76 : 64 65 77 89
 98 : 85 87 97
 99 : 86 98 99 100 110
 103 : 90 91 92 102 104 114 115 116
 106 : 93 105 107 117 118
 107 : 84 94 95 96 106 108 119
 112 : 101 112 113 124 125
 116 : 103 127 128 129
 122 : 109 111 121 123 133 134 135
 133 : 1 2 122 132
 137 : 126 136
 143 : 0 10 11 120 130 131 143
SOLUTION:
  Value: -75133.000000
  Assigns: 143 2 2 2 17 138 17 138 9 9 143 143 35 2 2 2 17 30 17 30 9 9 35 35 36 36 39 39 39 30 30 32 32 32 35 36 35 36 39 39 39 30 42 42 32 32 35 35 60 60 39 39 39 42 67 42 67 57 57 36 60 60 75 75 76 76 67 67 81 57 81 60 60 60 75 75 76 76 67 67 67 81 81 60 96 96 99 99 76 76 103 103 81 81 81 96 96 96 99 99 99 113 103 116 103 106 106 106 96 122 99 99 125 125 103 103 103 106 106 96 143 122 122 122 113 138 138 116 116 116 143 143 143 122 2 122 125 125 125 138 9 9 9 143 
  Facilities: 25
 2 : 1 2 3 13 14 15 134
 9 : 8 9 20 21 140 141 142
 17 : 4 6 16 18
 30 : 17 19 29 30 41
 32 : 31 32 33 44 45
 35 : 12 22 23 34 36 46 47
 36 : 24 25 35 37 59
 39 : 26 27 28 38 39 40 50 51 52
 42 : 42 43 53 55
 57 : 57 58 69
 60 : 48 49 60 61 71 72 73 83
 67 : 54 56 66 67 78 79 80
 75 : 62 63 74 75
 76 : 64 65 76 77 88 89
 81 : 68 70 81 82 92 93 94
 96 : 84 85 95 96 97 108 119
 99 : 86 87 98 99 100 110 111
 103 : 90 91 102 104 114 115 116
 106 : 105 106 107 117 118
 113 : 101 124
 116 : 103 127 128 129
 122 : 109 121 122 123 133 135
 125 : 112 113 136 137 138
 138 : 5 7 125 126 139
 143 : 0 10 11 120 130 131 132 143
SOLUTION:
  Value: -78127.000000
  Assigns: 143 2 2 2 17 138 17 20 20 20 143 143 35 2 2 2 17 30 17 30 20 20 35 35 36 36 39 39 39 30 30 20 20 20 35 36 35 36 39 39 51 30 42 42 57 57 35 35 60 60 39 39 51 42 67 42 67 57 57 36 60 60 51 75 76 76 67 67 81 57 81 60 60 60 75 75 76 76 67 67 67 81 81 60 96 96 99 99 76 76 103 103 81 81 81 96 96 96 99 99 99 113 103 116 103 106 106 106 96 122 99 99 125 125 103 103 103 106 106 96 143 122 122 122 113 138 138 116 116 116 143 143 143 122 2 122 125 125 125 138 9 9 9 143 
  Facilities: 26
 2 : 1 2 3 13 14 15 134
 9 : 140 141 142
 17 : 4 6 16 18
 20 : 7 8 9 20 21 31 32 33
 30 : 17 19 29 30 41
 35 : 12 22 23 34 36 46 47
 36 : 24 25 35 37 59
 39 : 26 27 28 38 39 50 51
 42 : 42 43 53 55
 51 : 40 52 62
 57 : 44 45 57 58 69
 60 : 48 49 60 61 71 72 73 83
 67 : 54 56 66 67 78 79 80
 75 : 63 74 75
 76 : 64 65 76 77 88 89
 81 : 68 70 81 82 92 93 94
 96 : 84 85 95 96 97 108 119
 99 : 86 87 98 99 100 110 111
 103 : 90 91 102 104 114 115 116
 106 : 105 106 107 117 118
 113 : 101 124
 116 : 103 127 128 129
 122 : 109 121 122 123 133 135
 125 : 112 113 136 137 138
 138 : 5 125 126 139
 143 : 0 10 11 120 130 131 132 143
SOLUTION:
  Value: -81124.000000
  Assigns: 143 2 2 2 17 138 17 138 9 9 143 143 35 2 2 2 17 30 17 30 9 21 35 35 36 36 39 39 39 30 30 32 21 21 35 36 35 36 39 39 39 30 42 42 32 32 35 35 60 60 39 39 39 42 67 42 67 57 57 36 60 60 75 75 76 76 67 67 81 57 81 60 60 60 75 75 76 76 67 67 67 81 81 60 96 96 99 99 76 76 103 103 81 81 81 96 96 96 99 99 99 113 103 116 103 106 106 106 96 122 99 99 125 125 103 127 103 106 106 96 143 122 122 122 113 138 138 116 127 116 143 143 143 122 2 122 125 125 125 138 127 9 9 143 
  Facilities: 27
 2 : 1 2 3 13 14 15 134
 9 : 8 9 20 141 142
 17 : 4 6 16 18
 21 : 21 32 33
 30 : 17 19 29 30 41
 32 : 31 44 45
 35 : 12 22 23 34 36 46 47
 36 : 24 25 35 37 59
 39 : 26 27 28 38 39 40 50 51 52
 42 : 42 43 53 55
 57 : 57 58 69
 60 : 48 49 60 61 71 72 73 83
 67 : 54 56 66 67 78 79 80
 75 : 62 63 74 75
 76 : 64 65 76 77 88 89
 81 : 68 70 81 82 92 93 94
 96 : 84 85 95 96 97 108 119
 99 : 86 87 98 99 100 110 111
 103 : 90 91 102 104 114 116
 106 : 105 106 107 117 118
 113 : 101 124
 116 : 103 127 129
 122 : 109 121 122 123 133 135
 125 : 112 113 136 137 138
 127 : 115 128 140
 138 : 5 7 125 126 139
 143 : 0 10 11 120 130 131 132 143
