# Time: 2048.500000
# Elapsed: 510.366516
# Input_file: splp/Chess/2834ChessS.txt
# Pool_size: 400
# Iterations: 31
# Final_solutions: 11744
# Vision_range: 600
# Reduction_mode: REDUCTION_DISPERSE
# Dissimilitude: DISSIM_CLIENTDELTA
SOLUTION:
  Value: -54211.000000
  Assigns: 133 133 133 136 5 136 5 139 139 142 142 142 35 26 26 26 29 29 5 32 32 32 35 35 35 26 26 26 29 29 29 32 32 32 35 35 35 26 26 26 29 29 29 32 32 32 35 35 60 60 63 63 63 66 66 66 69 69 69 60 60 60 63 63 63 66 66 66 69 69 69 60 60 60 63 63 63 66 66 92 69 92 69 60 107 98 98 98 101 101 101 92 92 92 107 107 107 98 98 98 101 101 101 92 92 92 107 107 107 98 98 98 101 101 101 128 128 128 107 107 133 133 133 136 136 136 139 139 128 128 142 142 133 133 133 136 5 5 139 139 128 142 142 142 
  Facilities: 18
 5 : 4 6 18 136 137
 26 : 13 14 15 25 26 27 37 38 39
 29 : 16 17 28 29 30 40 41 42
 32 : 19 20 21 31 32 33 43 44 45
 35 : 12 22 23 24 34 35 36 46 47
 60 : 48 49 59 60 61 71 72 73 83
 63 : 50 51 52 62 63 64 74 75 76
 66 : 53 54 55 65 66 67 77 78
 69 : 56 57 58 68 69 70 80 82
 92 : 79 81 91 92 93 103 104 105
 98 : 85 86 87 97 98 99 109 110 111
 101 : 88 89 90 100 101 102 112 113 114
 107 : 84 94 95 96 106 107 108 118 119
 128 : 115 116 117 128 129 140
 133 : 0 1 2 120 121 122 132 133 134
 136 : 3 5 123 124 125 135
 139 : 7 8 126 127 138 139
 142 : 9 10 11 130 131 141 142 143
SOLUTION:
  Value: -57205.000000
  Assigns: 133 133 133 4 4 4 19 19 19 142 142 142 25 25 25 4 4 4 19 32 32 32 34 34 25 25 25 40 40 40 19 32 32 32 34 34 25 25 25 40 40 40 54 54 32 34 34 34 60 60 63 40 63 40 54 54 69 69 69 60 60 60 63 63 63 54 54 54 69 69 69 60 60 60 63 75 63 90 90 90 69 69 69 60 96 96 98 98 75 90 90 90 105 105 105 96 96 98 98 98 112 90 90 90 105 105 105 96 96 96 98 98 112 112 127 127 127 105 105 96 133 133 133 112 112 112 127 127 127 142 142 142 133 133 133 4 4 4 127 127 127 142 142 142 
  Facilities: 19
 4 : 3 4 5 15 16 17 135 136 137
 19 : 6 7 8 18 30
 25 : 12 13 14 24 25 26 36 37 38
 32 : 19 20 21 31 32 33 44
 34 : 22 23 34 35 45 46 47
 40 : 27 28 29 39 40 41 51 53
 54 : 42 43 54 55 65 66 67
 60 : 48 49 59 60 61 71 72 73 83
 63 : 50 52 62 63 64 74 76
 69 : 56 57 58 68 69 70 80 81 82
 75 : 75 88
 90 : 77 78 79 89 90 91 101 102 103
 96 : 84 85 95 96 107 108 109 119
 98 : 86 87 97 98 99 110 111
 105 : 92 93 94 104 105 106 117 118
 112 : 100 112 113 123 124 125
 127 : 114 115 116 126 127 128 138 139 140
 133 : 0 1 2 120 121 122 132 133 134
 142 : 9 10 11 129 130 131 141 142 143
SOLUTION:
  Value: -60198.000000
  Assigns: 133 133 133 4 4 4 5 8 8 8 22 22 25 25 25 4 4 5 5 8 8 22 22 22 25 25 25 40 40 40 43 43 43 22 22 22 25 25 25 40 40 40 43 43 43 58 58 58 61 61 61 40 40 40 43 43 43 58 58 58 61 73 61 76 76 76 78 78 81 58 81 58 61 73 61 76 76 76 78 78 81 94 94 94 73 73 73 76 76 78 78 78 81 81 81 94 119 109 109 112 112 112 115 115 115 94 119 119 109 109 109 112 112 112 115 115 115 130 130 119 133 133 109 112 112 112 115 115 115 130 119 119 133 133 133 4 5 5 5 8 8 8 130 130 
  Facilities: 20
 4 : 3 4 5 15 16 135
 5 : 6 17 18 136 137 138
 8 : 7 8 9 19 20 139 140 141
 22 : 10 11 21 22 23 33 34 35
 25 : 12 13 14 24 25 26 36 37 38
 40 : 27 28 29 39 40 41 51 52 53
 43 : 30 31 32 42 43 44 54 55 56
 58 : 45 46 47 57 58 59 69 71
 61 : 48 49 50 60 62 72 74
 73 : 61 73 84 85 86
 76 : 63 64 65 75 76 77 87 88
 78 : 66 67 78 79 89 90 91
 81 : 68 70 80 92 93 94
 94 : 81 82 83 95 105
 109 : 97 98 108 109 110 122
 112 : 99 100 101 111 112 113 123 124 125
 115 : 102 103 104 114 115 116 126 127 128
 119 : 96 106 107 119 130 131
 130 : 117 118 129 142 143
 133 : 0 1 2 120 121 132 133 134
SOLUTION:
  Value: -63177.000000
  Assigns: 23 14 133 14 5 5 5 8 8 8 23 23 23 14 14 14 5 5 5 8 8 8 23 23 23 14 14 14 40 40 43 43 43 45 23 23 49 49 49 40 40 40 43 43 43 45 59 59 59 61 49 64 64 66 66 43 45 45 59 59 49 49 61 64 64 64 66 66 80 80 59 59 61 61 61 64 64 64 66 66 80 80 94 94 107 98 98 98 101 101 101 80 80 80 107 107 107 98 98 98 101 101 101 115 115 94 107 107 107 98 98 98 101 101 115 115 115 130 130 107 133 133 133 124 124 124 115 115 115 130 130 130 133 133 133 124 5 5 5 8 8 8 130 130 
  Facilities: 21
 5 : 4 5 6 16 17 18 136 137 138
 8 : 7 8 9 19 20 21 139 140 141
 14 : 1 3 13 14 15 25 26 27
 23 : 0 10 11 12 22 23 24 34 35
 40 : 28 29 39 40 41
 43 : 30 31 32 42 43 44 55
 45 : 33 45 56 57
 49 : 36 37 38 50 60 61
 59 : 46 47 48 58 59 70 71
 61 : 49 62 72 73 74
 64 : 51 52 63 64 65 75 76 77
 66 : 53 54 66 67 78 79
 80 : 68 69 80 81 91 92 93
 94 : 82 83 105
 98 : 85 86 87 97 98 99 109 110 111
 101 : 88 89 90 100 101 102 112 113
 107 : 84 94 95 96 106 107 108 119
 115 : 103 104 114 115 116 126 127 128
 124 : 123 124 125 135
 130 : 117 118 129 130 131 142 143
 133 : 2 120 121 122 132 133 134
SOLUTION:
  Value: -66160.000000
  Assigns: 23 14 133 14 136 136 139 139 139 142 23 142 23 14 26 14 29 29 29 32 32 32 23 23 23 14 14 14 29 29 29 32 32 32 23 23 59 26 26 26 29 29 29 32 32 32 59 59 61 61 61 64 64 66 66 66 69 69 69 59 61 72 61 64 64 64 66 66 69 69 59 72 61 61 87 87 64 90 66 66 69 69 69 72 72 72 87 98 87 90 90 90 93 93 107 107 107 98 87 98 87 90 90 90 93 93 93 107 107 98 98 98 125 125 125 128 128 128 107 107 133 133 133 136 125 136 139 139 128 128 142 142 133 133 133 136 125 125 139 139 128 142 142 142 
  Facilities: 22
 14 : 1 3 13 15 25 26 27
 23 : 0 10 12 22 23 24 34 35
 26 : 14 37 38 39
 29 : 16 17 18 28 29 30 40 41 42
 32 : 19 20 21 31 32 33 43 44 45
 59 : 36 46 47 59 70
 61 : 48 49 50 60 62 72 73
 64 : 51 52 63 64 65 76
 66 : 53 54 55 66 67 78 79
 69 : 56 57 58 68 69 80 81 82
 72 : 61 71 83 84 85
 87 : 74 75 86 88 98 100
 90 : 77 89 90 91 101 102 103
 93 : 92 93 104 105 106
 98 : 87 97 99 109 110 111
 107 : 94 95 96 107 108 118 119
 125 : 112 113 114 124 136 137
 128 : 115 116 117 128 129 140
 133 : 2 120 121 122 132 133 134
 136 : 4 5 123 125 135
 139 : 6 7 8 126 127 138 139
 142 : 9 11 130 131 141 142 143
SOLUTION:
  Value: -69150.000000
  Assigns: 23 14 133 14 4 4 19 19 19 142 23 142 23 14 26 14 29 29 19 32 32 32 23 23 23 14 14 14 29 29 19 32 32 32 23 23 59 26 26 26 29 29 29 32 32 32 59 59 61 61 61 64 64 66 66 66 69 69 69 59 61 72 61 64 64 64 66 66 69 69 59 72 61 61 87 87 64 90 66 66 69 69 69 72 72 72 87 98 87 90 90 90 104 104 107 107 107 98 87 98 87 90 90 104 104 104 107 107 107 110 98 98 125 125 125 128 128 128 107 107 133 133 110 110 125 125 125 128 128 128 142 142 133 133 133 4 4 125 125 128 128 142 142 142 
  Facilities: 23
 4 : 4 5 135 136
 14 : 1 3 13 15 25 26 27
 19 : 6 7 8 18 30
 23 : 0 10 12 22 23 24 34 35
 26 : 14 37 38 39
 29 : 16 17 28 29 40 41 42
 32 : 19 20 21 31 32 33 43 44 45
 59 : 36 46 47 59 70
 61 : 48 49 50 60 62 72 73
 64 : 51 52 63 64 65 76
 66 : 53 54 55 66 67 78 79
 69 : 56 57 58 68 69 80 81 82
 72 : 61 71 83 84 85
 87 : 74 75 86 88 98 100
 90 : 77 89 90 91 101 102
 98 : 87 97 99 110 111
 104 : 92 93 103 104 105
 107 : 94 95 96 106 107 108 118 119
 110 : 109 122 123
 125 : 112 113 114 124 125 126 137 138
 128 : 115 116 117 127 128 129 139 140
 133 : 2 120 121 132 133 134
 142 : 9 11 130 131 141 142 143
SOLUTION:
  Value: -72147.000000
  Assigns: 23 14 133 14 5 5 19 19 19 142 23 142 23 2 26 14 29 29 5 32 32 32 23 23 23 14 14 14 29 29 19 32 32 32 23 23 59 26 26 26 29 29 29 32 32 32 59 59 61 61 61 64 64 66 66 66 69 69 69 59 61 72 61 64 64 64 66 66 69 69 59 72 61 61 87 87 64 90 66 66 69 69 69 72 72 72 87 98 87 90 90 90 104 104 107 107 107 98 87 98 87 90 90 104 104 104 107 107 107 110 98 98 125 125 125 128 128 128 107 107 133 133 110 110 125 125 125 128 128 128 142 142 133 133 133 2 5 125 5 128 128 142 142 142 
  Facilities: 24
 2 : 13 135
 5 : 4 5 18 136 138
 14 : 1 3 15 25 26 27
 19 : 6 7 8 30
 23 : 0 10 12 22 23 24 34 35
 26 : 14 37 38 39
 29 : 16 17 28 29 40 41 42
 32 : 19 20 21 31 32 33 43 44 45
 59 : 36 46 47 59 70
 61 : 48 49 50 60 62 72 73
 64 : 51 52 63 64 65 76
 66 : 53 54 55 66 67 78 79
 69 : 56 57 58 68 69 80 81 82
 72 : 61 71 83 84 85
 87 : 74 75 86 88 98 100
 90 : 77 89 90 91 101 102
 98 : 87 97 99 110 111
 104 : 92 93 103 104 105
 107 : 94 95 96 106 107 108 118 119
 110 : 109 122 123
 125 : 112 113 114 124 125 126 137
 128 : 115 116 117 127 128 129 139 140
 133 : 2 120 121 132 133 134
 142 : 9 11 130 131 141 142 143
SOLUTION:
  Value: -75139.000000
  Assigns: 133 14 133 14 5 5 5 140 140 140 143 143 0 0 25 14 5 5 5 32 32 32 34 0 25 25 14 14 40 40 30 32 32 32 34 34 25 25 25 40 40 40 30 30 32 34 34 59 61 61 61 40 64 66 66 66 69 69 69 59 61 72 61 64 64 64 66 66 69 69 59 72 61 61 87 87 64 64 66 66 69 69 69 72 72 72 87 87 87 102 102 102 105 105 107 107 107 109 87 87 87 102 102 115 115 105 105 107 109 109 109 124 124 102 115 102 115 130 130 107 109 133 109 124 124 124 115 115 115 140 130 130 143 133 133 124 5 5 5 140 140 130 130 0 
  Facilities: 25
 0 : 12 13 23 143
 5 : 4 5 6 16 17 18 136 137 138
 14 : 1 3 15 26 27
 25 : 14 24 25 36 37 38
 30 : 30 42 43
 32 : 19 20 21 31 32 33 44
 34 : 22 34 35 45 46
 40 : 28 29 39 40 41 51
 59 : 47 59 70
 61 : 48 49 50 60 62 72 73
 64 : 52 63 64 65 76 77
 66 : 53 54 55 66 67 78 79
 69 : 56 57 58 68 69 80 81 82
 72 : 61 71 83 84 85
 87 : 74 75 86 87 88 98 99 100
 102 : 89 90 91 101 102 113 115
 105 : 92 93 105 106
 107 : 94 95 96 107 119
 109 : 97 108 109 110 120 122
 115 : 103 104 114 116 126 127 128
 124 : 111 112 123 124 125 135
 130 : 117 118 130 131 141 142
 133 : 0 2 121 133 134
 140 : 7 8 9 129 139 140
 143 : 10 11 132
SOLUTION:
  Value: -78132.000000
  Assigns: 133 14 133 14 5 18 18 18 8 8 143 143 24 24 27 14 27 18 5 8 8 34 34 24 24 14 14 14 27 40 18 18 43 34 34 34 24 24 27 40 27 40 43 43 43 34 34 59 61 61 61 64 64 66 66 68 43 68 59 59 61 72 61 64 64 64 66 66 68 68 83 72 61 61 87 87 64 64 66 68 68 68 83 72 83 72 87 87 101 101 101 104 104 104 83 83 119 109 87 87 87 101 101 104 104 117 117 119 109 109 109 124 101 101 127 127 104 117 117 119 109 133 109 124 124 124 127 127 117 117 119 119 143 133 133 124 5 5 5 8 127 8 143 143 
  Facilities: 26
 5 : 4 18 136 137 138
 8 : 8 9 19 20 139 141
 14 : 1 3 15 25 26 27
 18 : 5 6 7 17 30 31
 24 : 12 13 23 24 36 37
 27 : 14 16 28 38 40
 34 : 21 22 33 34 35 45 46
 40 : 29 39 41
 43 : 32 42 43 44 56
 59 : 47 58 59
 61 : 48 49 50 60 62 72 73
 64 : 51 52 63 64 65 76 77
 66 : 53 54 66 67 78
 68 : 55 57 68 69 79 80 81
 72 : 61 71 83 85
 83 : 70 82 84 94 95
 87 : 74 75 86 87 98 99 100
 101 : 88 89 90 101 102 112 113
 104 : 91 92 93 103 104 116
 109 : 97 108 109 110 120 122
 117 : 105 106 117 118 128 129
 119 : 96 107 119 130 131
 124 : 111 123 124 125 135
 127 : 114 115 126 127 140
 133 : 0 2 121 133 134
 143 : 10 11 132 142 143
SOLUTION:
  Value: -78164.000000
  Assigns: 133 133 133 136 136 136 18 18 21 142 10 10 24 24 27 27 27 18 18 18 32 32 21 24 24 24 27 27 27 18 18 32 32 32 21 24 24 24 27 52 27 52 54 54 32 32 59 59 59 60 63 52 63 52 65 68 68 68 59 59 60 60 73 63 65 65 54 68 68 68 59 60 73 73 63 63 63 90 65 68 68 92 94 60 73 73 73 99 99 90 90 90 92 92 107 107 107 98 99 98 99 90 90 92 92 94 107 107 109 109 109 98 99 126 126 126 129 129 107 107 133 133 109 136 136 126 126 126 129 129 129 142 133 133 133 136 136 126 126 126 129 129 129 10 
  Facilities: 26
 10 : 10 11 143
 18 : 6 7 17 18 19 29 30
 21 : 8 22 34
 24 : 12 13 23 24 25 35 36 37
 27 : 14 15 16 26 27 28 38 40
 32 : 20 21 31 32 33 44 45
 52 : 39 41 51 53
 54 : 42 43 66
 59 : 46 47 48 58 59 70
 60 : 49 60 61 71 83
 63 : 50 52 63 74 75 76
 65 : 54 64 65 78
 68 : 55 56 57 67 68 69 79 80
 73 : 62 72 73 84 85 86
 90 : 77 89 90 91 101 102
 92 : 81 92 93 103 104
 94 : 82 105
 98 : 97 99 111
 99 : 87 88 98 100 112
 107 : 94 95 96 106 107 118 119
 109 : 108 109 110 122
 126 : 113 114 115 125 126 127 137 138 139
 129 : 116 117 128 129 130 140 141 142
 133 : 0 1 2 120 121 132 133 134
 136 : 3 4 5 123 124 135 136
 142 : 9 131
