# Time: 2019.030029
# Elapsed: 515.954956
# Input_file: splp/Chess/3034ChessS.txt
# Pool_size: 400
# Iterations: 31
# Final_solutions: 11744
# Vision_range: 600
# Reduction_mode: REDUCTION_DISPERSE
# Dissimilitude: DISSIM_CLIENTDELTA
SOLUTION:
  Value: -54214.000000
  Assigns: 133 133 133 15 5 5 5 8 8 8 10 10 25 25 15 15 5 5 5 8 8 8 10 10 25 25 15 15 15 40 43 43 43 46 46 46 25 25 25 40 40 40 43 43 43 46 46 46 61 61 61 40 40 40 43 43 43 46 46 46 61 61 61 76 76 76 79 79 79 82 82 82 61 61 61 76 88 88 79 79 79 82 82 82 97 97 97 88 88 76 79 79 79 82 82 82 97 97 97 88 88 88 115 115 115 118 118 118 97 97 97 124 124 124 115 115 115 118 118 118 133 133 133 124 124 124 115 115 115 118 118 118 133 133 133 124 124 124 5 8 8 8 10 10 
  Facilities: 18
 5 : 4 5 6 16 17 18 138
 8 : 7 8 9 19 20 21 139 140 141
 10 : 10 11 22 23 142 143
 15 : 3 14 15 26 27 28
 25 : 12 13 24 25 36 37 38
 40 : 29 39 40 41 51 52 53
 43 : 30 31 32 42 43 44 54 55 56
 46 : 33 34 35 45 46 47 57 58 59
 61 : 48 49 50 60 61 62 72 73 74
 76 : 63 64 65 75 89
 79 : 66 67 68 78 79 80 90 91 92
 82 : 69 70 71 81 82 83 93 94 95
 88 : 76 77 87 88 99 100 101
 97 : 84 85 86 96 97 98 108 109 110
 115 : 102 103 104 114 115 116 126 127 128
 118 : 105 106 107 117 118 119 129 130 131
 124 : 111 112 113 123 124 125 135 136 137
 133 : 0 1 2 120 121 122 132 133 134
SOLUTION:
  Value: -57230.000000
  Assigns: 133 133 133 136 136 136 139 8 8 8 23 23 23 26 26 26 29 29 29 8 32 8 23 23 23 26 26 26 29 29 29 32 32 32 23 23 48 48 26 26 29 29 29 32 32 57 57 48 48 48 63 63 63 66 66 66 57 57 57 48 48 48 75 63 75 66 66 66 57 57 57 48 84 84 75 75 63 66 66 66 93 93 93 84 84 84 75 75 75 102 102 102 93 93 93 84 84 84 111 111 111 102 102 102 93 93 93 84 120 120 111 111 111 102 102 102 129 129 129 120 120 120 133 136 136 136 139 139 139 129 129 120 133 133 133 136 136 136 139 8 8 8 129 120 
  Facilities: 19
 8 : 7 8 9 19 21 139 140 141
 23 : 10 11 12 22 23 24 34 35
 26 : 13 14 15 25 26 27 38 39
 29 : 16 17 18 28 29 30 40 41 42
 32 : 20 31 32 33 43 44
 48 : 36 37 47 48 49 59 60 61 71
 57 : 45 46 56 57 58 68 69 70
 63 : 50 51 52 63 76
 66 : 53 54 55 65 66 67 77 78 79
 75 : 62 64 74 75 86 87 88
 84 : 72 73 83 84 85 95 96 97 107
 93 : 80 81 82 92 93 94 104 105 106
 102 : 89 90 91 101 102 103 113 114 115
 111 : 98 99 100 110 111 112
 120 : 108 109 119 120 121 131 143
 129 : 116 117 118 129 130 142
 133 : 0 1 2 122 132 133 134
 136 : 3 4 5 123 124 125 135 136 137
 139 : 6 126 127 128 138
SOLUTION:
  Value: -60184.000000
  Assigns: 23 2 2 2 5 5 5 8 8 8 23 143 23 2 2 2 5 5 5 8 8 8 23 23 23 38 38 38 40 40 43 43 43 46 46 46 48 48 38 38 40 40 43 43 43 57 46 48 48 48 38 40 40 40 43 43 57 46 46 48 73 48 73 76 76 76 79 79 79 57 57 48 73 73 73 76 76 88 79 79 79 94 94 94 73 73 73 88 88 76 79 79 79 94 94 94 109 109 109 88 88 88 115 115 115 94 118 94 109 109 109 124 124 124 115 115 115 118 118 118 109 109 109 124 124 124 115 115 115 118 118 143 143 2 2 124 124 124 5 8 8 8 143 143 
  Facilities: 20
 2 : 1 2 3 13 14 15 133 134
 5 : 4 5 6 16 17 18 138
 8 : 7 8 9 19 20 21 139 140 141
 23 : 0 10 12 22 23 24
 38 : 25 26 27 38 39 50
 40 : 28 29 40 41 51 52 53
 43 : 30 31 32 42 43 44 54 55
 46 : 33 34 35 46 57 58
 48 : 36 37 47 48 49 59 61 71
 57 : 45 56 69 70
 73 : 60 62 72 73 74 84 85 86
 76 : 63 64 65 75 76 89
 79 : 66 67 68 78 79 80 90 91 92
 88 : 77 87 88 99 100 101
 94 : 81 82 83 93 94 95 105 107
 109 : 96 97 98 108 109 110 120 121 122
 115 : 102 103 104 114 115 116 126 127 128
 118 : 106 117 118 119 129 130
 124 : 111 112 113 123 124 125 135 136 137
 143 : 11 131 132 142 143
SOLUTION:
  Value: -63182.000000
  Assigns: 133 133 133 4 4 4 19 19 20 20 142 142 35 26 26 4 4 29 19 19 20 20 35 35 35 26 26 26 29 40 19 19 20 20 35 35 35 26 26 26 40 29 29 56 56 56 35 35 71 61 61 40 40 40 67 67 67 56 71 71 71 61 61 76 76 76 67 56 67 81 81 71 71 61 61 76 76 88 67 67 81 81 71 71 97 97 97 88 88 76 91 91 81 106 81 106 97 97 97 88 88 88 91 91 91 106 106 106 97 97 97 124 124 124 127 127 127 106 106 106 133 133 133 124 124 124 127 127 127 142 142 142 133 133 133 124 124 124 127 127 127 142 142 142 
  Facilities: 21
 4 : 3 4 5 15 16
 19 : 6 7 18 19 30 31
 20 : 8 9 20 21 32 33
 26 : 13 14 25 26 27 37 38 39
 29 : 17 28 41 42
 35 : 12 22 23 24 34 35 36 46 47
 40 : 29 40 51 52 53
 56 : 43 44 45 57 67
 61 : 49 50 61 62 73 74
 67 : 54 55 56 66 68 78 79
 71 : 48 58 59 60 71 72 82 83
 76 : 63 64 65 75 76 89
 81 : 69 70 80 81 92 94
 88 : 77 87 88 99 100 101
 91 : 90 91 102 103 104
 97 : 84 85 86 96 97 98 108 109 110
 106 : 93 95 105 106 107 117 118 119
 124 : 111 112 113 123 124 125 135 136 137
 127 : 114 115 116 126 127 128 138 139 140
 133 : 0 1 2 120 121 122 132 133 134
 142 : 10 11 129 130 131 141 142 143
SOLUTION:
  Value: -66167.000000
  Assigns: 23 2 2 2 5 5 5 8 8 8 23 23 23 26 2 2 5 5 5 8 8 8 23 23 23 26 26 26 40 40 43 43 43 46 46 46 48 48 26 26 40 40 43 43 43 57 46 48 48 48 61 40 40 40 43 43 57 46 46 48 61 48 61 76 76 76 79 79 79 57 57 48 61 61 61 76 88 88 79 79 79 94 94 94 97 97 97 88 88 76 79 79 103 94 94 94 97 97 97 88 88 88 103 116 103 94 94 94 131 110 110 110 125 125 103 116 116 116 131 131 120 120 110 110 125 125 125 116 116 116 131 120 131 2 2 2 5 125 5 8 8 8 131 120 
  Facilities: 22
 2 : 1 2 3 14 15 133 134 135
 5 : 4 5 6 16 17 18 136 138
 8 : 7 8 9 19 20 21 139 140 141
 23 : 0 10 11 12 22 23 24
 26 : 13 25 26 27 38 39
 40 : 28 29 40 41 51 52 53
 43 : 30 31 32 42 43 44 54 55
 46 : 33 34 35 46 57 58
 48 : 36 37 47 48 49 59 61 71
 57 : 45 56 69 70
 61 : 50 60 62 72 73 74
 76 : 63 64 65 75 89
 79 : 66 67 68 78 79 80 90 91
 88 : 76 77 87 88 99 100 101
 94 : 81 82 83 93 94 95 105 106 107
 97 : 84 85 86 96 97 98
 103 : 92 102 104 114
 110 : 109 110 111 122 123
 116 : 103 115 116 117 127 128 129
 120 : 120 121 131 143
 125 : 112 113 124 125 126 137
 131 : 108 118 119 130 132 142
SOLUTION:
  Value: -69159.000000
  Assigns: 12 12 2 2 5 5 5 8 8 8 10 10 12 12 2 2 5 5 5 8 8 8 10 12 12 38 38 38 40 40 43 43 43 46 46 12 48 48 38 38 40 40 43 43 43 46 46 48 48 48 38 40 40 40 43 66 43 46 46 48 61 48 61 76 76 76 66 66 80 80 81 48 84 61 61 76 76 66 66 66 80 81 81 84 84 84 98 98 101 76 101 80 81 81 81 84 84 110 98 110 101 101 101 116 116 116 118 84 120 110 110 110 101 125 101 116 116 116 118 118 120 120 110 110 125 125 125 116 116 118 118 120 120 2 2 2 5 125 5 8 8 8 10 120 
  Facilities: 23
 2 : 2 3 14 15 133 134 135
 5 : 4 5 6 16 17 18 136 138
 8 : 7 8 9 19 20 21 139 140 141
 10 : 10 11 22 142
 12 : 0 1 12 13 23 24 35
 38 : 25 26 27 38 39 50
 40 : 28 29 40 41 51 52 53
 43 : 30 31 32 42 43 44 54 56
 46 : 33 34 45 46 57 58
 48 : 36 37 47 48 49 59 61 71
 61 : 60 62 73 74
 66 : 55 66 67 77 78 79
 76 : 63 64 65 75 76 89
 80 : 68 69 80 91
 81 : 70 81 82 92 93 94
 84 : 72 83 84 85 95 96 107
 98 : 86 87 98
 101 : 88 90 100 101 102 112 114
 110 : 97 99 109 110 111 122 123
 116 : 103 104 105 115 116 117 127 128
 118 : 106 118 119 129 130
 120 : 108 120 121 131 132 143
 125 : 113 124 125 126 137
SOLUTION:
  Value: -72154.000000
  Assigns: 12 12 133 2 5 5 5 8 8 8 10 10 12 12 2 2 5 5 5 8 8 8 10 12 12 38 38 38 40 40 43 43 43 46 46 12 48 48 38 38 40 40 43 43 43 46 46 48 48 48 38 40 40 40 43 66 43 46 46 48 61 48 61 76 76 76 66 66 80 80 81 48 84 61 61 76 76 66 66 66 80 81 81 84 84 84 98 98 101 76 101 80 81 81 81 84 84 84 98 98 101 101 101 116 116 116 118 84 120 120 98 124 101 124 126 116 116 116 118 118 120 120 133 124 124 126 126 126 116 118 118 120 133 2 2 124 124 124 126 8 8 8 10 120 
  Facilities: 24
 2 : 3 14 15 133 134
 5 : 4 5 6 16 17 18
 8 : 7 8 9 19 20 21 139 140 141
 10 : 10 11 22 142
 12 : 0 1 12 13 23 24 35
 38 : 25 26 27 38 39 50
 40 : 28 29 40 41 51 52 53
 43 : 30 31 32 42 43 44 54 56
 46 : 33 34 45 46 57 58
 48 : 36 37 47 48 49 59 61 71
 61 : 60 62 73 74
 66 : 55 66 67 77 78 79
 76 : 63 64 65 75 76 89
 80 : 68 69 80 91
 81 : 70 81 82 92 93 94
 84 : 72 83 84 85 95 96 97 107
 98 : 86 87 98 99 110
 101 : 88 90 100 101 102 112
 116 : 103 104 105 115 116 117 128
 118 : 106 118 119 129 130
 120 : 108 109 120 121 131 143
 124 : 111 113 123 124 135 136 137
 126 : 114 125 126 127 138
 133 : 2 122 132
SOLUTION:
  Value: -75140.000000
  Assigns: 12 12 15 15 5 18 18 8 8 8 23 132 23 12 15 15 15 18 5 8 8 8 23 12 23 38 15 15 15 40 18 43 45 45 23 12 48 48 38 38 40 40 43 43 43 45 45 48 48 48 38 40 40 40 67 67 67 45 71 48 71 48 73 76 76 76 79 67 67 81 81 71 71 85 73 76 76 88 67 79 81 81 81 71 73 85 85 88 88 76 79 79 81 106 81 106 85 85 85 88 88 88 115 115 115 106 106 106 121 121 121 124 124 124 115 115 115 106 106 130 132 132 121 124 124 124 115 115 115 130 130 132 132 132 121 124 124 124 5 8 8 8 130 130 
  Facilities: 25
 5 : 4 18 138
 8 : 7 8 9 19 20 21 139 140 141
 12 : 0 1 13 23 35
 15 : 2 3 14 15 16 26 27 28
 18 : 5 6 17 30
 23 : 10 12 22 24 34
 38 : 25 38 39 50
 40 : 29 40 41 51 52 53
 43 : 31 42 43 44
 45 : 32 33 45 46 57
 48 : 36 37 47 48 49 59 61
 67 : 54 55 56 67 68 78
 71 : 58 60 71 72 83
 73 : 62 74 84
 76 : 63 64 65 75 76 89
 79 : 66 79 90 91
 81 : 69 70 80 81 82 92 94
 85 : 73 85 86 96 97 98
 88 : 77 87 88 99 100 101
 106 : 93 95 105 106 107 117 118
 115 : 102 103 104 114 115 116 126 127 128
 121 : 108 109 110 122 134
 124 : 111 112 113 123 124 125 135 136 137
 130 : 119 129 130 142 143
 132 : 11 120 121 131 132 133
SOLUTION:
  Value: -78133.000000
  Assigns: 12 12 15 15 15 18 18 8 8 8 23 132 23 12 15 15 15 29 29 8 8 8 23 12 23 38 15 15 29 40 18 43 45 45 23 12 48 48 38 38 40 29 29 43 43 45 45 48 48 48 38 40 40 40 67 67 67 45 71 48 71 48 73 76 76 76 79 67 67 81 81 71 71 85 73 76 76 88 67 79 81 81 81 71 73 85 85 88 88 76 79 79 81 106 81 106 85 85 85 88 88 88 115 115 115 106 106 106 121 121 121 124 124 124 115 115 115 106 106 130 132 132 121 124 124 126 115 126 115 130 130 132 132 132 121 124 124 124 126 8 8 8 130 130 
  Facilities: 26
 8 : 7 8 9 19 20 21 139 140 141
 12 : 0 1 13 23 35
 15 : 2 3 4 14 15 16 26 27
 18 : 5 6 30
 23 : 10 12 22 24 34
 29 : 17 18 28 41 42
 38 : 25 38 39 50
 40 : 29 40 51 52 53
 43 : 31 43 44
 45 : 32 33 45 46 57
 48 : 36 37 47 48 49 59 61
 67 : 54 55 56 67 68 78
 71 : 58 60 71 72 83
 73 : 62 74 84
 76 : 63 64 65 75 76 89
 79 : 66 79 90 91
 81 : 69 70 80 81 82 92 94
 85 : 73 85 86 96 97 98
 88 : 77 87 88 99 100 101
 106 : 93 95 105 106 107 117 118
 115 : 102 103 104 114 115 116 126 128
 121 : 108 109 110 122 134
 124 : 111 112 113 123 124 135 136 137
 126 : 125 127 138
 130 : 119 129 130 142 143
 132 : 11 120 121 131 132 133
SOLUTION:
  Value: -78159.000000
  Assigns: 23 2 135 135 135 18 18 8 141 8 23 23 23 26 26 2 29 29 29 8 8 8 23 23 23 26 26 26 29 18 18 30 45 45 46 46 48 48 26 26 40 29 29 56 56 56 58 58 48 48 61 40 40 40 67 67 67 46 46 70 61 48 61 76 76 76 67 56 67 58 58 58 61 61 61 76 76 90 67 90 67 70 70 70 84 84 99 76 99 76 90 90 105 105 105 84 84 84 99 99 99 90 90 90 105 105 105 84 120 120 99 99 124 124 127 127 127 105 105 120 120 120 135 124 124 124 127 127 127 141 141 120 120 2 135 124 124 124 127 8 8 141 141 120 
  Facilities: 26
 2 : 1 15 133
 8 : 7 9 19 20 21 139 140
 18 : 5 6 29 30
 23 : 0 10 11 12 22 23 24
 26 : 13 14 25 26 27 38 39
 29 : 16 17 18 28 41 42
 30 : 31
 40 : 40 51 52 53
 45 : 32 33
 46 : 34 35 57 58
 48 : 36 37 48 49 61
 56 : 43 44 45 67
 58 : 46 47 69 70 71
 61 : 50 60 62 72 73 74
 67 : 54 55 56 66 68 78 80
 70 : 59 81 82 83
 76 : 63 64 65 75 76 87 89
 84 : 84 85 95 96 97 107
 90 : 77 79 90 91 101 102 103
 99 : 86 88 98 99 100 110 111
 105 : 92 93 94 104 105 106 117 118
 120 : 108 109 119 120 121 131 132 143
 124 : 112 113 123 124 125 135 136 137
 127 : 114 115 116 126 127 128 138
 135 : 2 3 4 122 134
 141 : 8 129 130 141 142
