# Time: 2084.199951
# Elapsed: 470.857056
# Input_file: splp/Chess/3234ChessS.txt
# Pool_size: 400
# Iterations: 30
# Final_solutions: 11344
# Vision_range: 600
# Reduction_mode: REDUCTION_DISPERSE
# Dissimilitude: DISSIM_CLIENTDELTA
SOLUTION:
  Value: -51216.000000
  Assigns: 13 13 13 4 4 4 19 19 19 10 10 10 13 13 13 4 4 4 19 19 19 10 10 10 13 13 13 40 40 40 19 19 19 46 46 46 49 49 49 40 53 40 53 55 55 46 46 46 49 49 49 40 53 53 55 55 55 46 46 46 49 49 49 76 76 53 53 55 55 82 82 82 85 85 85 76 76 76 91 91 91 82 82 82 85 85 85 76 76 76 91 91 91 82 82 82 85 85 85 112 112 112 91 91 91 118 118 118 121 121 121 112 112 112 127 127 127 118 118 118 121 121 121 112 112 112 127 127 127 118 118 118 121 121 121 4 4 4 127 127 127 10 10 10 
  Facilities: 17
 4 : 3 4 5 15 16 17 135 136 137
 10 : 9 10 11 21 22 23 141 142 143
 13 : 0 1 2 12 13 14 24 25 26
 19 : 6 7 8 18 19 20 30 31 32
 40 : 27 28 29 39 41 51
 46 : 33 34 35 45 46 47 57 58 59
 49 : 36 37 38 48 49 50 60 61 62
 53 : 40 42 52 53 65 66
 55 : 43 44 54 55 56 67 68
 76 : 63 64 75 76 77 87 88 89
 82 : 69 70 71 81 82 83 93 94 95
 85 : 72 73 74 84 85 86 96 97 98
 91 : 78 79 80 90 91 92 102 103 104
 112 : 99 100 101 111 112 113 123 124 125
 118 : 105 106 107 117 118 119 129 130 131
 121 : 108 109 110 120 121 122 132 133 134
 127 : 114 115 116 126 127 128 138 139 140
SOLUTION:
  Value: -57191.000000
  Assigns: 13 13 13 4 4 4 19 19 19 9 9 0 13 0 13 4 4 4 19 19 19 9 9 0 13 13 13 40 40 40 19 19 19 46 46 46 49 49 49 40 53 40 53 55 55 46 46 46 49 49 49 40 53 53 55 55 55 46 46 46 49 49 49 76 76 53 53 55 55 82 82 82 85 85 85 76 76 76 91 91 91 82 82 82 85 85 85 76 76 76 91 91 91 82 82 82 85 85 85 112 112 112 91 91 91 118 118 118 121 121 121 112 125 112 125 128 128 118 118 118 121 121 121 112 112 125 125 128 128 118 118 118 121 121 121 4 125 125 125 128 9 128 9 0 
  Facilities: 19
 0 : 11 13 23 143
 4 : 3 4 5 15 16 17 135
 9 : 9 10 21 22 140 142
 13 : 0 1 2 12 14 24 25 26
 19 : 6 7 8 18 19 20 30 31 32
 40 : 27 28 29 39 41 51
 46 : 33 34 35 45 46 47 57 58 59
 49 : 36 37 38 48 49 50 60 61 62
 53 : 40 42 52 53 65 66
 55 : 43 44 54 55 56 67 68
 76 : 63 64 75 76 77 87 88 89
 82 : 69 70 71 81 82 83 93 94 95
 85 : 72 73 74 84 85 86 96 97 98
 91 : 78 79 80 90 91 92 102 103 104
 112 : 99 100 101 111 113 123 124
 118 : 105 106 107 117 118 119 129 130 131
 121 : 108 109 110 120 121 122 132 133 134
 125 : 112 114 125 126 136 137 138
 128 : 115 116 127 128 139 141
SOLUTION:
  Value: -60186.000000
  Assigns: 0 0 133 15 15 18 18 18 9 9 9 0 0 0 15 15 15 18 18 18 9 9 9 0 36 36 15 40 40 40 18 18 45 45 45 36 49 49 49 40 40 40 55 55 55 45 45 36 49 49 49 40 40 40 55 55 55 45 45 36 61 49 61 76 76 76 55 55 55 82 82 82 61 61 61 76 76 76 91 91 91 82 82 82 97 97 97 76 76 76 91 91 91 82 82 82 97 97 97 112 112 112 91 91 91 118 118 118 97 97 122 112 125 112 125 128 128 118 118 118 133 122 133 112 112 125 125 128 128 118 118 118 133 0 122 122 125 125 125 128 9 128 9 0 
  Facilities: 20
 0 : 0 1 11 12 13 23 133 143
 9 : 8 9 10 20 21 22 140 142
 15 : 3 4 14 15 16 26
 18 : 5 6 7 17 18 19 30 31
 36 : 24 25 35 47 59
 40 : 27 28 29 39 40 41 51 52 53
 45 : 32 33 34 45 46 57 58
 49 : 36 37 38 48 49 50 61
 55 : 42 43 44 54 55 56 66 67 68
 61 : 60 62 72 73 74
 76 : 63 64 65 75 76 77 87 88 89
 82 : 69 70 71 81 82 83 93 94 95
 91 : 78 79 80 90 91 92 102 103 104
 97 : 84 85 86 96 97 98 108 109
 112 : 99 100 101 111 113 123 124
 118 : 105 106 107 117 118 119 129 130 131
 122 : 110 121 134 135
 125 : 112 114 125 126 136 137 138
 128 : 115 116 127 128 139 141
 133 : 2 120 122 132
SOLUTION:
  Value: -63177.000000
  Assigns: 13 13 133 4 4 18 18 18 20 20 10 10 13 13 27 4 4 4 18 32 32 20 10 10 13 13 13 27 27 18 18 20 20 32 46 46 49 49 27 27 27 54 54 32 32 32 46 46 49 49 49 63 63 54 54 54 67 46 46 46 61 49 61 63 76 76 54 67 67 82 82 82 61 61 63 63 63 76 91 91 91 82 82 82 97 97 97 76 76 76 91 91 91 82 82 82 97 97 97 112 112 112 91 91 91 118 118 118 97 97 97 112 112 112 127 127 127 118 118 118 133 133 133 112 112 112 127 127 127 118 118 118 133 133 133 4 4 4 127 127 127 10 10 10 
  Facilities: 21
 4 : 3 4 15 16 17 135 136 137
 10 : 10 11 22 23 141 142 143
 13 : 0 1 12 13 24 25 26
 18 : 5 6 7 18 29 30
 20 : 8 9 21 31 32
 27 : 14 27 28 38 39 40
 32 : 19 20 33 43 44 45
 46 : 34 35 46 47 57 58 59
 49 : 36 37 48 49 50 61
 54 : 41 42 53 54 55 66
 61 : 60 62 72 73
 63 : 51 52 63 74 75 76
 67 : 56 67 68
 76 : 64 65 77 87 88 89
 82 : 69 70 71 81 82 83 93 94 95
 91 : 78 79 80 90 91 92 102 103 104
 97 : 84 85 86 96 97 98 108 109 110
 112 : 99 100 101 111 112 113 123 124 125
 118 : 105 106 107 117 118 119 129 130 131
 127 : 114 115 116 126 127 128 138 139 140
 133 : 2 120 121 122 132 133 134
SOLUTION:
  Value: -66161.000000
  Assigns: 11 2 2 2 15 6 6 20 20 20 11 11 11 12 2 15 15 6 6 20 20 20 11 12 12 12 15 40 40 40 43 20 20 46 46 12 49 49 49 40 53 40 53 43 43 46 46 46 49 49 49 64 53 64 43 43 67 46 46 46 49 49 49 64 53 64 53 67 67 82 82 82 85 85 85 64 64 64 91 91 91 82 82 82 85 85 85 100 100 100 91 91 91 82 82 82 85 108 85 100 100 100 91 91 91 118 118 118 108 108 123 123 123 100 125 128 128 118 118 108 108 108 123 123 123 125 125 128 128 118 118 108 11 2 2 2 125 125 125 128 128 128 11 11 
  Facilities: 22
 2 : 1 2 3 14 133 134 135
 6 : 5 6 17 18
 11 : 0 10 11 12 22 132 142 143
 12 : 13 23 24 25 35
 15 : 4 15 16 26
 20 : 7 8 9 19 20 21 31 32
 40 : 27 28 29 39 41
 43 : 30 43 44 54 55
 46 : 33 34 45 46 47 57 58 59
 49 : 36 37 38 48 49 50 60 61 62
 53 : 40 42 52 64 66
 64 : 51 53 63 65 75 76 77
 67 : 56 67 68
 82 : 69 70 71 81 82 83 93 94 95
 85 : 72 73 74 84 85 86 96 98
 91 : 78 79 80 90 91 92 102 103 104
 100 : 87 88 89 99 100 101 113
 108 : 97 108 109 119 120 121 131
 118 : 105 106 107 117 118 129 130
 123 : 110 111 112 122 123 124
 125 : 114 125 126 136 137 138
 128 : 115 116 127 128 139 140 141
SOLUTION:
  Value: -69153.000000
  Assigns: 23 2 134 2 5 5 5 8 8 8 23 23 23 26 2 2 5 5 5 8 8 8 23 23 23 26 26 40 40 40 43 43 43 46 23 23 49 50 49 26 53 40 53 43 43 46 46 46 49 49 49 50 53 53 43 43 67 46 46 46 61 49 50 50 53 53 53 67 67 82 82 82 61 61 61 88 88 88 91 91 91 82 82 82 97 97 97 88 88 88 91 91 91 82 82 82 97 97 97 112 112 112 91 91 91 118 118 118 131 97 97 112 112 112 126 126 127 118 118 131 131 134 134 112 112 126 127 126 127 118 118 118 131 2 2 2 5 126 5 126 127 8 131 131 
  Facilities: 23
 2 : 1 3 14 15 133 134 135
 5 : 4 5 6 16 17 18 136 138
 8 : 7 8 9 19 20 21 141
 23 : 0 10 11 12 22 23 24 34 35
 26 : 13 25 26 39
 40 : 27 28 29 41
 43 : 30 31 32 43 44 54 55
 46 : 33 45 46 47 57 58 59
 49 : 36 38 48 49 50 61
 50 : 37 51 62 63
 53 : 40 42 52 53 64 65 66
 61 : 60 72 73 74
 67 : 56 67 68
 82 : 69 70 71 81 82 83 93 94 95
 88 : 75 76 77 87 88 89
 91 : 78 79 80 90 91 92 102 103 104
 97 : 84 85 86 96 97 98 109 110
 112 : 99 100 101 111 112 113 123 124
 118 : 105 106 107 117 118 129 130 131
 126 : 114 115 125 127 137 139
 127 : 116 126 128 140
 131 : 108 119 120 132 142 143
 134 : 2 121 122
SOLUTION:
  Value: -72143.000000
  Assigns: 13 13 134 4 137 137 137 19 19 9 9 132 13 12 13 4 4 4 19 19 19 9 9 12 13 13 13 40 40 40 19 43 19 46 46 12 49 49 49 40 40 40 43 43 43 46 46 46 60 49 49 40 40 40 43 43 67 46 46 46 49 49 74 74 77 77 67 67 67 82 82 82 60 60 74 74 77 77 77 91 93 93 93 82 97 97 97 74 101 77 101 91 93 93 82 82 97 97 97 112 112 112 91 91 93 118 93 118 97 97 97 112 101 101 101 128 128 118 118 118 132 134 134 112 112 137 137 128 128 118 118 132 132 132 134 4 4 137 137 128 9 128 9 132 
  Facilities: 24
 4 : 3 15 16 17 135 136
 9 : 9 10 21 22 140 142
 12 : 13 23 35
 13 : 0 1 12 14 24 25 26
 19 : 7 8 18 19 20 30 32
 40 : 27 28 29 39 40 41 51 52 53
 43 : 31 42 43 44 54 55
 46 : 33 34 45 46 47 57 58 59
 49 : 36 37 38 49 50 60 61
 60 : 48 72 73
 67 : 56 66 67 68
 74 : 62 63 74 75 87
 77 : 64 65 76 77 78 89
 82 : 69 70 71 83 94 95
 91 : 79 91 102 103
 93 : 80 81 82 92 93 104 106
 97 : 84 85 86 96 97 98 108 109 110
 101 : 88 90 112 113 114
 112 : 99 100 101 111 123 124
 118 : 105 107 117 118 119 129 130
 128 : 115 116 127 128 139 141
 132 : 11 120 131 132 133 143
 134 : 2 121 122 134
 137 : 4 5 6 125 126 137 138
SOLUTION:
  Value: -75135.000000
  Assigns: 13 2 2 2 17 6 6 20 20 20 23 23 23 2 2 2 17 6 6 32 32 20 23 23 13 13 13 40 40 40 17 20 20 32 23 23 49 49 49 40 53 40 53 32 32 32 46 46 49 49 49 40 53 53 67 67 67 46 46 46 61 49 74 74 77 53 53 67 67 82 82 82 61 61 74 74 77 77 77 91 91 94 82 82 97 97 97 74 101 77 101 91 91 94 82 82 97 97 97 112 101 112 91 91 91 94 94 94 97 97 123 112 101 101 101 126 129 129 129 120 120 120 123 112 112 126 126 126 129 129 129 120 120 2 2 2 123 126 6 126 129 129 129 120 
  Facilities: 25
 2 : 1 2 3 13 14 15 133 134 135
 6 : 5 6 17 18 138
 13 : 0 24 25 26
 17 : 4 16 30
 20 : 7 8 9 21 31 32
 23 : 10 11 12 22 23 34 35
 32 : 19 20 33 43 44 45
 40 : 27 28 29 39 41 51
 46 : 46 47 57 58 59
 49 : 36 37 38 48 49 50 61
 53 : 40 42 52 53 65 66
 61 : 60 72 73
 67 : 54 55 56 67 68
 74 : 62 63 74 75 87
 77 : 64 76 77 78 89
 82 : 69 70 71 82 83 94 95
 91 : 79 80 91 92 102 103 104
 94 : 81 93 105 106 107
 97 : 84 85 86 96 97 98 108 109
 101 : 88 90 100 112 113 114
 112 : 99 101 111 123 124
 120 : 119 120 121 131 132 143
 123 : 110 122 136
 126 : 115 125 126 127 137 139
 129 : 116 117 118 128 129 130 140 141 142
SOLUTION:
  Value: -78118.000000
  Assigns: 13 2 134 2 3 6 6 19 19 141 23 23 23 2 2 2 3 6 6 32 32 32 23 23 13 13 13 40 40 40 19 32 19 32 23 23 49 49 49 40 53 40 53 32 32 32 46 46 60 49 49 40 53 53 67 67 67 46 46 46 49 49 74 74 77 53 53 67 67 82 82 82 60 60 74 74 77 77 77 91 91 94 82 82 97 97 97 74 101 77 101 91 91 94 82 82 97 97 97 112 101 112 91 91 91 94 94 94 97 97 97 112 101 101 101 126 129 129 129 120 120 134 134 112 112 126 126 126 129 129 141 120 120 2 2 2 3 126 6 126 129 141 141 120 
  Facilities: 26
 2 : 1 3 13 14 15 133 134 135
 3 : 4 16 136
 6 : 5 6 17 18 138
 13 : 0 24 25 26
 19 : 7 8 30 32
 23 : 10 11 12 22 23 34 35
 32 : 19 20 21 31 33 43 44 45
 40 : 27 28 29 39 41 51
 46 : 46 47 57 58 59
 49 : 36 37 38 49 50 60 61
 53 : 40 42 52 53 65 66
 60 : 48 72 73
 67 : 54 55 56 67 68
 74 : 62 63 74 75 87
 77 : 64 76 77 78 89
 82 : 69 70 71 82 83 94 95
 91 : 79 80 91 92 102 103 104
 94 : 81 93 105 106 107
 97 : 84 85 86 96 97 98 108 109 110
 101 : 88 90 100 112 113 114
 112 : 99 101 111 123 124
 120 : 119 120 131 132 143
 126 : 115 125 126 127 137 139
 129 : 116 117 118 128 129 140
 134 : 2 121 122
 141 : 9 130 141 142
SOLUTION:
  Value: -78133.000000
  Assigns: 13 13 134 134 137 137 137 20 20 20 9 132 13 12 27 27 27 30 30 30 20 9 9 12 13 13 13 27 27 30 30 20 20 46 46 12 49 49 27 27 27 30 30 30 43 46 46 46 60 60 49 63 64 64 43 43 67 46 46 46 49 49 49 63 63 64 67 67 67 82 82 82 60 60 63 63 63 78 78 91 67 82 82 82 97 97 97 99 101 101 101 78 91 105 105 82 97 97 99 99 99 101 91 91 91 118 105 118 131 97 99 99 101 101 101 128 105 118 118 131 132 134 134 134 137 137 137 128 128 118 118 131 131 132 134 134 137 137 137 128 9 128 9 131 
  Facilities: 26
 9 : 10 21 22 140 142
 12 : 13 23 35
 13 : 0 1 12 24 25 26
 20 : 7 8 9 20 31 32
 27 : 14 15 16 27 28 38 39 40
 30 : 17 18 19 29 30 41 42 43
 43 : 44 54 55
 46 : 33 34 45 46 47 57 58 59
 49 : 36 37 50 60 61 62
 60 : 48 49 72 73
 63 : 51 63 64 74 75 76
 64 : 52 53 65
 67 : 56 66 67 68 80
 78 : 77 78 91
 82 : 69 70 71 81 82 83 95
 91 : 79 92 102 103 104
 97 : 84 85 86 96 97 109
 99 : 87 98 99 100 110 111
 101 : 88 89 90 101 112 113 114
 105 : 93 94 106 116
 118 : 105 107 117 118 129 130
 128 : 115 127 128 139 141
 131 : 108 119 131 132 143
 132 : 11 120 133
 134 : 2 3 121 122 123 134 135
 137 : 4 5 6 124 125 126 136 137 138
