# Time: 5969.979980
# Elapsed: 1546.551880
# Input_file: splp/Fpp17/23FPP_17S.txt
# Pool_size: 200
# Iterations: 35
# Final_solutions: 6800
# Vision_range: 400
# Reduction_mode: REDUCTION_DISPERSE
# Dissimilitude: DISSIM_CLIENTDELTA
SOLUTION:
  Value: -54557.000000
  Assigns: 32 253 125 142 233 6 6 8 8 233 262 100 27 6 103 8 6 32 8 142 249 110 111 55 253 249 27 27 233 253 233 32 32 262 27 67 125 27 262 32 55 73 32 6 249 8 249 199 253 6 253 8 67 142 55 55 199 262 73 262 199 6 55 8 27 55 67 67 100 32 27 103 73 73 67 32 199 67 110 111 73 233 27 73 6 100 8 32 103 6 233 8 55 125 233 110 111 249 55 100 100 253 103 103 67 27 249 100 6 110 262 111 8 103 253 32 73 110 111 262 110 111 67 262 125 125 249 142 73 27 253 27 125 55 32 125 32 100 55 262 103 142 142 100 233 67 103 110 111 142 67 73 142 110 111 100 73 55 103 55 249 6 125 8 253 110 111 199 125 67 6 67 8 262 6 73 8 73 100 142 125 103 27 100 199 142 103 32 110 111 6 27 8 110 111 27 32 142 199 199 32 233 100 125 100 103 199 103 125 199 55 27 110 111 110 111 32 249 233 55 142 253 67 55 6 142 8 125 73 125 262 67 233 233 249 67 199 73 253 55 233 73 199 233 142 27 142 262 249 249 32 67 253 253 199 100 249 73 103 249 253 262 262 253 100 110 111 103 100 262 233 103 262 55 110 111 233 199 110 111 125 6 199 8 100 67 249 103 233 125 253 73 249 125 110 111 253 142 6 262 8 199 27 199 249 262 142 
  Facilities: 18
 6 : 5 6 13 16 43 49 61 84 89 108 161 170 174 190 224 281 298
 8 : 7 8 15 18 45 51 63 86 91 112 163 172 176 192 226 283 300
 27 : 12 26 27 34 37 64 70 82 105 129 131 182 191 195 211 245 302
 32 : 0 17 31 32 39 42 69 75 87 115 134 136 187 196 200 216 250
 55 : 23 40 54 55 62 65 92 98 133 138 157 159 210 219 223 239 273
 67 : 35 52 66 67 74 77 104 122 145 150 169 171 222 231 235 251 285
 73 : 41 58 72 73 80 83 116 128 151 156 175 177 228 237 241 257 291
 100 : 11 68 85 99 100 107 137 143 155 178 183 202 204 255 264 268 284
 103 : 14 71 88 102 103 113 140 146 158 181 186 205 207 258 267 271 287
 110 : 21 78 95 109 117 120 147 153 165 188 193 212 214 265 274 278 294
 111 : 22 79 96 111 118 121 148 154 166 189 194 213 215 266 275 279 295
 125 : 2 36 93 124 125 132 135 162 168 180 203 208 227 229 280 289 293
 142 : 3 19 53 127 141 142 149 152 179 185 197 220 225 244 246 297 306
 199 : 47 56 60 76 167 184 198 199 206 209 236 242 254 277 282 301 303
 233 : 4 9 28 30 81 90 94 144 201 218 232 233 240 243 270 276 288
 249 : 20 25 44 46 97 106 126 160 217 234 248 249 256 259 286 292 304
 253 : 1 24 29 48 50 101 114 130 164 221 238 252 253 260 263 290 296
 262 : 10 33 38 57 59 110 119 123 139 173 230 247 261 262 269 272 299 305
SOLUTION:
  Value: -57542.000000
  Assigns: 205 230 205 208 304 208 230 304 160 132 215 216 215 216 137 47 31 160 247 12 172 160 111 247 113 230 178 230 60 172 31 31 47 172 304 178 51 160 31 178 304 31 247 132 247 60 47 47 137 12 51 51 304 205 47 178 208 47 51 60 60 51 205 215 216 208 205 12 31 208 60 160 215 216 31 304 215 216 230 111 304 113 205 172 47 208 31 230 51 178 12 230 215 216 51 12 111 60 113 304 132 304 47 60 247 137 51 230 247 31 111 111 113 113 12 60 205 132 111 208 113 111 137 113 247 47 215 216 160 51 47 132 132 31 51 31 137 137 60 132 172 230 132 60 137 160 178 137 111 47 113 47 304 51 111 51 113 172 247 160 160 304 60 178 60 304 111 12 113 132 160 172 172 205 137 132 12 178 178 172 12 304 172 215 216 178 31 132 178 111 205 113 137 208 111 31 12 160 230 31 215 216 47 160 205 205 51 208 208 172 132 47 205 111 215 111 216 113 208 51 137 178 215 216 60 215 216 172 60 230 12 47 247 178 132 51 132 230 160 137 230 137 205 160 60 208 247 247 205 31 172 208 215 216 247 172 178 247 215 216 205 178 160 208 160 47 111 230 113 51 215 216 304 230 172 111 172 113 60 111 178 113 178 205 247 230 208 12 205 304 247 208 137 215 216 111 132 113 215 216 132 137 247 304 12 137 31 
  Facilities: 19
 12 : 19 49 67 90 95 114 167 176 180 196 230 287 304
 31 : 16 30 31 38 41 68 74 86 109 133 135 186 195 199 249 306
 47 : 15 32 46 47 54 57 84 102 125 130 149 151 202 211 231 265
 51 : 36 50 51 58 61 88 94 106 129 134 153 155 206 219 235 269
 60 : 28 45 59 60 70 97 103 115 138 143 162 164 224 228 244 278
 111 : 22 79 96 110 111 118 121 148 154 166 189 194 213 215 266 275 279 295
 113 : 24 81 98 112 113 120 123 150 156 168 191 217 268 277 281 297
 132 : 9 43 100 117 131 132 139 142 169 175 187 210 234 236 296 300
 137 : 14 48 105 122 136 137 144 147 174 192 220 239 241 292 301 305
 160 : 8 17 21 37 71 128 145 159 160 170 197 203 238 243 262 264
 172 : 20 29 33 83 140 157 171 172 179 182 209 227 250 255 274 276
 178 : 26 35 39 55 89 146 163 177 178 185 188 221 233 256 261 280 282
 205 : 0 2 53 62 66 82 116 173 190 204 205 212 242 248 260 283 288
 208 : 3 5 56 65 69 85 119 193 207 208 218 245 251 263 286 291
 215 : 10 12 63 72 76 92 126 183 200 214 222 225 252 258 270 293 298
 216 : 11 13 64 73 77 93 127 184 201 216 223 226 253 259 271 294 299
 230 : 1 6 25 27 78 87 91 107 141 198 229 237 240 267 273 285
 247 : 18 23 42 44 104 108 124 158 232 246 247 254 257 284 290 302
 304 : 4 7 34 40 52 75 80 99 101 152 161 165 181 272 289 303
SOLUTION:
  Value: -60503.000000
  Assigns: 32 253 91 142 233 6 6 8 8 233 262 100 27 6 103 8 6 32 8 34 249 110 111 55 253 249 27 27 233 253 233 32 32 262 27 67 125 27 262 32 55 34 32 6 249 8 249 199 253 6 253 8 67 142 55 55 199 262 73 91 199 6 55 8 27 55 67 67 100 32 27 103 73 73 67 32 91 34 110 111 73 233 27 73 6 100 8 32 103 34 233 8 55 125 233 110 111 249 55 100 100 253 103 103 67 27 249 100 6 110 262 111 8 103 253 32 73 34 111 262 110 111 67 262 125 125 249 142 91 27 253 27 125 55 91 125 32 100 34 262 103 142 142 100 233 67 91 110 111 142 67 73 142 110 111 100 73 55 103 55 249 6 125 8 253 110 111 199 125 91 6 67 8 262 91 73 8 73 100 142 125 103 27 100 199 142 103 32 110 34 6 27 8 91 111 27 32 142 199 199 32 233 34 125 100 103 199 103 125 199 55 27 110 111 110 111 32 249 34 55 142 253 67 55 6 142 8 125 73 125 262 67 233 233 249 67 199 73 253 55 233 73 199 233 142 27 91 262 249 249 32 67 34 253 199 100 249 73 103 91 253 262 262 253 100 110 111 103 100 262 233 103 262 55 110 111 233 199 110 111 125 6 199 8 100 67 249 103 233 125 253 73 249 125 110 111 253 142 6 262 8 199 27 199 249 262 142 
  Facilities: 20
 6 : 5 6 13 16 43 49 61 84 108 161 170 190 224 281 298
 8 : 7 8 15 18 45 51 63 86 91 112 163 172 176 192 226 283 300
 27 : 12 26 27 34 37 64 70 82 105 129 131 182 191 195 211 245 302
 32 : 0 17 31 32 39 42 69 75 87 115 136 187 196 200 216 250
 34 : 19 41 77 89 117 138 189 202 218 252
 55 : 23 40 54 55 62 65 92 98 133 157 159 210 219 223 239 273
 67 : 35 52 66 67 74 104 122 145 150 171 222 231 235 251 285
 73 : 58 72 73 80 83 116 151 156 175 177 228 237 241 257 291
 91 : 2 59 76 128 134 146 169 174 193 246 259
 100 : 11 68 85 99 100 107 137 143 155 178 183 204 255 264 268 284
 103 : 14 71 88 102 103 113 140 158 181 186 205 207 258 267 271 287
 110 : 21 78 95 109 120 147 153 165 188 212 214 265 274 278 294
 111 : 22 79 96 111 118 121 148 154 166 194 213 215 266 275 279 295
 125 : 36 93 124 125 132 135 162 168 180 203 208 227 229 280 289 293
 142 : 3 53 127 141 142 149 152 179 185 197 220 225 244 297 306
 199 : 47 56 60 167 184 198 199 206 209 236 242 254 277 282 301 303
 233 : 4 9 28 30 81 90 94 144 201 232 233 240 243 270 276 288
 249 : 20 25 44 46 97 106 126 160 217 234 248 249 256 286 292 304
 253 : 1 24 29 48 50 101 114 130 164 221 238 253 260 263 290 296
 262 : 10 33 38 57 110 119 123 139 173 230 247 261 262 269 272 299 305
SOLUTION:
  Value: -63480.000000
  Assigns: 32 253 154 142 233 6 6 8 8 233 262 154 27 6 103 8 280 32 8 34 249 110 111 55 253 249 27 27 280 253 233 32 32 262 27 67 125 27 262 32 55 34 32 6 249 8 249 199 253 6 253 8 67 142 55 55 280 262 73 262 199 6 55 8 27 154 67 67 100 32 27 103 73 73 67 32 199 34 110 111 73 233 27 73 6 100 8 32 103 34 233 8 55 125 233 110 111 249 55 100 100 253 103 103 67 27 249 100 6 110 262 111 8 103 253 32 73 34 111 262 110 111 67 262 125 125 249 142 280 27 253 27 125 55 32 125 32 280 34 154 103 280 142 100 233 67 103 110 111 142 67 73 142 110 111 100 73 55 103 55 249 154 125 8 154 110 111 199 125 67 6 67 8 262 6 73 8 73 100 142 125 103 27 100 199 142 103 32 110 34 6 27 8 110 111 27 32 154 199 199 32 233 34 125 100 103 199 103 125 199 55 27 110 111 110 111 32 249 34 55 142 253 67 55 6 142 8 125 73 125 262 67 154 233 249 67 199 73 253 55 233 73 199 233 142 27 142 262 280 249 32 67 34 253 199 100 154 73 154 249 253 262 262 253 100 280 111 103 100 262 233 103 262 55 110 111 233 199 110 111 125 6 199 8 100 67 249 280 233 125 253 73 249 125 110 111 253 142 6 262 8 199 27 199 249 262 142 
  Facilities: 21
 6 : 5 6 13 43 49 61 84 108 170 174 190 224 281 298
 8 : 7 8 15 18 45 51 63 86 91 112 163 172 176 192 226 283 300
 27 : 12 26 27 34 37 64 70 82 105 129 131 182 191 195 211 245 302
 32 : 0 17 31 32 39 42 69 75 87 115 134 136 187 196 200 216 250
 34 : 19 41 77 89 117 138 189 202 218 252
 55 : 23 40 54 55 62 92 98 133 157 159 210 219 223 239 273
 67 : 35 52 66 67 74 104 122 145 150 169 171 222 231 235 251 285
 73 : 58 72 73 80 83 116 151 156 175 177 228 237 241 257 291
 100 : 68 85 99 100 107 143 155 178 183 204 255 264 268 284
 103 : 14 71 88 102 103 113 140 146 158 181 186 205 207 267 271
 110 : 21 78 95 109 120 147 153 165 188 193 212 214 274 278 294
 111 : 22 79 96 111 118 121 148 154 166 194 213 215 266 275 279 295
 125 : 36 93 124 125 132 135 162 168 180 203 208 227 229 280 289 293
 142 : 3 53 127 142 149 152 179 185 220 225 244 246 297 306
 154 : 2 11 65 139 161 164 197 232 256 258
 199 : 47 60 76 167 184 198 199 206 209 236 242 254 277 282 301 303
 233 : 4 9 30 81 90 94 144 201 233 240 243 270 276 288
 249 : 20 25 44 46 97 106 126 160 217 234 249 259 286 292 304
 253 : 1 24 29 48 50 101 114 130 221 238 253 260 263 290 296
 262 : 10 33 38 57 59 110 119 123 173 230 247 261 262 269 272 299 305
 280 : 16 28 56 128 137 141 248 265 287
SOLUTION:
  Value: -66458.000000
  Assigns: 32 253 91 142 233 6 6 8 8 233 262 100 27 6 103 8 280 32 8 34 249 110 111 55 253 249 27 27 280 253 233 32 32 262 27 67 125 27 262 32 55 34 32 58 249 8 249 199 253 6 253 8 67 142 55 55 280 262 58 91 199 6 55 8 27 58 67 67 58 32 27 103 73 73 67 32 91 34 110 111 73 233 27 73 6 100 8 32 103 34 233 8 55 125 233 110 111 249 55 100 100 58 103 103 67 27 249 100 6 110 262 111 8 103 253 32 73 34 111 262 110 111 67 262 125 125 249 142 91 27 253 27 125 55 91 125 32 280 34 262 103 280 142 100 233 67 91 110 111 142 67 73 142 110 111 100 73 55 103 55 58 6 125 8 253 110 111 199 125 91 6 67 8 262 91 73 8 73 100 142 125 103 27 100 199 142 103 32 110 34 6 27 8 91 111 27 32 142 199 199 32 233 34 125 100 103 199 103 125 199 55 27 110 58 110 111 32 249 34 55 142 253 58 55 6 142 8 125 73 125 262 67 233 233 249 67 199 73 253 55 233 73 58 233 142 27 91 262 280 249 32 67 34 253 199 100 249 73 103 91 253 262 262 253 100 280 111 103 100 262 233 103 262 55 110 111 58 199 110 111 125 6 199 8 100 67 249 280 233 125 253 73 249 125 110 111 253 142 6 262 8 199 27 199 249 262 142 
  Facilities: 22
 6 : 5 6 13 49 61 84 108 161 170 190 224 281 298
 8 : 7 8 15 18 45 51 63 86 91 112 163 172 176 192 226 283 300
 27 : 12 26 27 34 37 64 70 82 105 129 131 182 191 195 211 245 302
 32 : 0 17 31 32 39 42 69 75 87 115 136 187 196 200 216 250
 34 : 19 41 77 89 117 138 189 202 218 252
 55 : 23 40 54 55 62 92 98 133 157 159 210 219 223 239 273
 58 : 43 58 65 68 101 160 213 222 242 276
 67 : 35 52 66 67 74 104 122 145 150 171 231 235 251 285
 73 : 72 73 80 83 116 151 156 175 177 228 237 241 257 291
 91 : 2 59 76 128 134 146 169 174 193 246 259
 100 : 11 85 99 100 107 143 155 178 183 204 255 264 268 284
 103 : 14 71 88 102 103 113 140 158 181 186 205 207 258 267 271
 110 : 21 78 95 109 120 147 153 165 188 212 214 274 278 294
 111 : 22 79 96 111 118 121 148 154 166 194 215 266 275 279 295
 125 : 36 93 124 125 132 135 162 168 180 203 208 227 229 280 289 293
 142 : 3 53 127 142 149 152 179 185 197 220 225 244 297 306
 199 : 47 60 167 184 198 199 206 209 236 254 277 282 301 303
 233 : 4 9 30 81 90 94 144 201 232 233 240 243 270 288
 249 : 20 25 44 46 97 106 126 217 234 249 256 286 292 304
 253 : 1 24 29 48 50 114 130 164 221 238 253 260 263 290 296
 262 : 10 33 38 57 110 119 123 139 173 230 247 261 262 269 272 299 305
 280 : 16 28 56 137 141 248 265 287
SOLUTION:
  Value: -69436.000000
  Assigns: 139 253 91 142 233 6 6 8 8 233 262 100 27 6 103 8 6 32 8 34 249 110 111 55 253 249 58 27 233 253 233 32 32 262 27 67 125 27 262 32 55 34 32 58 249 8 249 199 253 6 139 8 67 142 55 55 199 262 58 91 199 6 55 8 27 58 67 67 58 32 27 103 73 73 67 32 91 34 110 111 73 233 27 73 6 100 8 32 103 34 233 8 55 125 233 110 111 249 55 100 100 58 103 103 67 27 138 100 6 110 262 111 8 103 253 32 73 34 111 262 110 111 67 262 125 125 249 142 91 27 253 27 125 55 91 125 32 138 34 139 103 142 142 100 233 67 139 110 111 142 67 73 142 110 111 100 73 55 103 55 58 6 125 8 253 110 111 199 125 91 6 67 8 262 91 73 139 73 100 142 125 138 27 100 199 142 103 32 110 34 6 27 8 91 139 27 32 142 199 199 32 233 34 125 100 103 199 103 125 199 55 27 110 58 110 111 138 139 34 55 142 138 58 55 6 142 8 125 73 125 262 67 233 233 249 67 199 73 253 55 138 139 58 139 142 27 91 262 249 249 32 67 34 253 199 100 249 73 103 91 253 262 262 253 100 110 111 103 100 262 233 103 262 55 110 111 58 199 110 111 125 6 199 8 100 67 249 103 233 125 253 73 249 138 139 111 253 142 6 262 8 199 138 139 249 262 138 
  Facilities: 23
 6 : 5 6 13 16 49 61 84 108 161 170 190 224 281 298
 8 : 7 8 15 18 45 51 63 86 91 112 163 172 192 226 283 300
 27 : 12 27 34 37 64 70 82 105 129 131 182 191 195 211 245
 32 : 17 31 32 39 42 69 75 87 115 136 187 196 200 250
 34 : 19 41 77 89 117 138 189 202 218 252
 55 : 23 40 54 55 62 92 98 133 157 159 210 219 223 239 273
 58 : 26 43 58 65 68 101 160 213 222 242 276
 67 : 35 52 66 67 74 104 122 145 150 171 231 235 251 285
 73 : 72 73 80 83 116 151 156 175 177 228 237 257 291
 91 : 2 59 76 128 134 169 174 193 246 259
 100 : 11 85 99 100 107 143 155 178 183 204 255 264 268 284
 103 : 14 71 88 102 103 113 140 158 186 205 207 258 267 271 287
 110 : 21 78 95 109 120 147 153 165 188 212 214 265 274 278
 111 : 22 79 96 111 118 121 148 154 166 215 266 275 279 295
 125 : 36 93 124 125 132 135 162 168 180 203 208 227 229 280 289
 138 : 106 137 181 216 221 240 293 302 306
 139 : 0 50 139 146 176 194 217 241 243 294 303
 142 : 3 53 127 141 142 149 152 179 185 197 220 225 244 297
 199 : 47 56 60 167 184 198 199 206 209 236 254 277 282 301
 233 : 4 9 28 30 81 90 94 144 201 232 233 270 288
 249 : 20 25 44 46 97 126 234 248 249 256 286 292 304
 253 : 1 24 29 48 114 130 164 238 253 260 263 290 296
 262 : 10 33 38 57 110 119 123 173 230 247 261 262 269 272 299 305
SOLUTION:
  Value: -72417.000000
  Assigns: 139 253 91 142 233 6 6 8 8 233 262 154 27 6 103 8 280 32 8 34 249 110 111 55 253 249 27 27 280 253 233 32 32 262 27 67 125 27 262 32 55 34 32 58 249 8 249 199 253 6 139 8 67 142 55 55 280 262 58 91 199 6 55 8 27 154 67 67 58 32 27 103 73 73 67 32 91 34 110 111 73 233 27 73 6 100 8 32 103 34 233 8 55 125 233 110 111 249 55 100 100 58 103 103 67 27 249 100 6 110 262 111 8 103 253 32 73 34 111 262 110 111 67 262 125 125 249 142 280 27 253 27 125 55 91 125 32 280 34 154 103 280 142 100 233 67 139 110 111 142 67 73 142 110 111 100 73 55 103 55 58 154 125 8 154 110 111 199 125 91 6 67 8 262 91 73 139 73 100 142 125 103 27 100 199 142 103 32 110 34 6 27 8 91 139 27 32 154 34 199 32 233 34 125 100 103 199 103 125 199 55 27 110 58 110 111 32 139 34 55 142 253 58 55 6 142 8 125 73 125 262 67 154 233 249 67 199 73 253 55 233 139 58 139 142 27 91 262 280 249 32 67 34 253 199 100 154 73 154 91 253 262 262 253 100 280 111 103 100 262 233 103 262 55 110 111 58 199 110 111 125 6 199 8 100 67 249 280 233 125 253 73 249 125 139 111 253 142 6 262 8 199 27 139 249 262 142 
  Facilities: 24
 6 : 5 6 13 49 61 84 108 170 190 224 281 298
 8 : 7 8 15 18 45 51 63 86 91 112 163 172 192 226 283 300
 27 : 12 26 27 34 37 64 70 82 105 129 131 182 191 195 211 245 302
 32 : 17 31 32 39 42 69 75 87 115 136 187 196 200 216 250
 34 : 19 41 77 89 117 138 189 198 202 218 252
 55 : 23 40 54 55 62 92 98 133 157 159 210 219 223 239 273
 58 : 43 58 68 101 160 213 222 242 276
 67 : 35 52 66 67 74 104 122 145 150 171 231 235 251 285
 73 : 72 73 80 83 116 151 156 175 177 228 237 257 291
 91 : 2 59 76 134 169 174 193 246 259
 100 : 85 99 100 107 143 155 178 183 204 255 264 268 284
 103 : 14 71 88 102 103 113 140 158 181 186 205 207 267 271
 110 : 21 78 95 109 120 147 153 165 188 212 214 274 278
 111 : 22 79 96 111 118 121 148 154 166 215 266 275 279 295
 125 : 36 93 124 125 132 135 162 168 180 203 208 227 229 280 289 293
 139 : 0 50 146 176 194 217 241 243 294 303
 142 : 3 53 127 142 149 152 179 185 220 225 244 297 306
 154 : 11 65 139 161 164 197 232 256 258
 199 : 47 60 167 184 199 206 209 236 254 277 282 301
 233 : 4 9 30 81 90 94 144 201 233 240 270 288
 249 : 20 25 44 46 97 106 126 234 249 286 292 304
 253 : 1 24 29 48 114 130 221 238 253 260 263 290 296
 262 : 10 33 38 57 110 119 123 173 230 247 261 262 269 272 299 305
 280 : 16 28 56 128 137 141 248 265 287
SOLUTION:
  Value: -75396.000000
  Assigns: 139 253 91 142 233 6 6 8 8 233 262 100 27 6 103 8 280 32 8 34 249 110 111 55 253 249 58 27 280 253 233 32 32 262 27 67 125 27 262 32 55 34 32 58 249 8 249 199 253 6 139 8 67 142 55 55 280 262 58 91 199 6 55 8 27 58 67 67 58 32 27 103 73 212 67 32 91 34 110 111 73 233 27 73 6 100 8 32 103 212 233 8 55 125 233 110 111 249 55 100 100 58 103 103 67 27 138 100 6 110 262 111 8 103 253 32 73 34 111 262 110 111 67 262 125 125 249 142 91 27 253 27 125 55 91 125 32 280 34 139 103 280 142 100 233 67 139 110 111 142 67 73 142 110 111 100 73 55 103 55 58 6 125 8 253 110 111 199 125 91 6 67 8 262 91 73 139 73 100 142 125 138 27 100 199 142 103 32 110 34 6 280 8 91 139 27 32 212 199 199 32 233 34 125 100 103 199 103 125 199 55 212 110 58 110 111 138 139 34 212 142 138 58 55 6 142 8 125 73 125 262 67 233 233 249 67 199 73 253 55 138 139 58 139 142 27 91 262 280 212 32 67 34 253 199 212 249 73 103 91 253 262 262 253 100 280 111 103 100 262 233 103 262 55 110 111 58 199 110 111 125 6 199 8 100 67 249 280 233 125 253 73 249 138 139 212 253 142 6 262 8 199 138 139 249 262 138 
  Facilities: 25
 6 : 5 6 13 49 61 84 108 161 170 190 224 281 298
 8 : 7 8 15 18 45 51 63 86 91 112 163 172 192 226 283 300
 27 : 12 27 34 37 64 70 82 105 129 131 182 195 245
 32 : 17 31 32 39 42 69 75 87 115 136 187 196 200 250
 34 : 19 41 77 117 138 189 202 218 252
 55 : 23 40 54 55 62 92 98 133 157 159 210 223 239 273
 58 : 26 43 58 65 68 101 160 213 222 242 276
 67 : 35 52 66 67 74 104 122 145 150 171 231 235 251 285
 73 : 72 80 83 116 151 156 175 177 228 237 257 291
 91 : 2 59 76 128 134 169 174 193 246 259
 100 : 11 85 99 100 107 143 155 178 183 204 264 268 284
 103 : 14 71 88 102 103 113 140 158 186 205 207 258 267 271
 110 : 21 78 95 109 120 147 153 165 188 212 214 274 278
 111 : 22 79 96 111 118 121 148 154 166 215 266 275 279
 125 : 36 93 124 125 132 135 162 168 180 203 208 227 229 280 289
 138 : 106 181 216 221 240 293 302 306
 139 : 0 50 139 146 176 194 217 241 243 294 303
 142 : 3 53 127 142 149 152 179 185 220 225 244 297
 199 : 47 60 167 184 198 199 206 209 236 254 277 282 301
 212 : 73 89 197 211 219 249 255 295
 233 : 4 9 30 81 90 94 144 201 232 233 270 288
 249 : 20 25 44 46 97 126 234 256 286 292 304
 253 : 1 24 29 48 114 130 164 238 253 260 263 290 296
 262 : 10 33 38 57 110 119 123 173 230 247 261 262 269 272 299 305
 280 : 16 28 56 137 141 191 248 265 287
SOLUTION:
  Value: -78380.000000
  Assigns: 139 253 154 142 233 6 6 8 8 233 262 154 164 6 103 8 280 32 8 34 249 164 111 55 253 249 27 27 280 253 233 32 32 262 27 67 125 27 262 32 55 34 32 58 249 8 249 199 253 6 139 8 67 142 55 87 280 262 58 262 199 6 55 8 27 154 67 67 58 32 27 103 73 73 67 164 199 34 110 111 73 233 27 73 6 100 87 87 103 34 233 8 55 125 233 110 111 87 55 100 100 58 103 103 67 27 138 100 6 110 262 111 8 103 253 32 73 34 111 262 110 111 67 262 125 125 249 142 280 27 87 27 125 55 32 125 32 280 34 154 103 280 142 100 233 67 139 110 111 142 67 73 142 110 111 100 73 55 103 55 58 154 125 164 154 110 111 199 125 67 87 164 8 262 164 73 139 73 100 142 125 138 27 100 199 142 103 32 110 87 6 87 8 110 139 27 32 154 199 199 32 164 34 125 100 103 199 103 125 199 55 27 110 58 110 111 138 139 34 55 142 138 58 55 6 142 8 125 73 125 262 67 154 233 249 67 199 73 253 55 138 139 58 139 142 27 142 262 280 249 32 67 34 253 199 87 154 73 154 249 253 262 262 253 100 280 164 103 100 262 233 103 262 55 110 111 58 199 110 111 125 6 199 8 100 67 249 280 233 125 253 73 249 138 139 111 253 142 6 262 8 199 27 139 249 262 138 
  Facilities: 26
 6 : 5 6 13 49 61 84 108 190 224 281 298
 8 : 7 8 15 18 45 51 63 91 112 172 192 226 283 300
 27 : 26 27 34 37 64 70 82 105 129 131 182 195 211 245 302
 32 : 17 31 32 39 42 69 115 134 136 187 196 200 250
 34 : 19 41 77 89 117 138 202 218 252
 55 : 23 40 54 62 92 98 133 157 159 210 219 223 239 273
 58 : 43 58 68 101 160 213 222 242 276
 67 : 35 52 66 67 74 104 122 145 150 169 231 235 251 285
 73 : 72 73 80 83 116 151 156 175 177 228 237 257 291
 87 : 55 86 87 97 130 170 189 191 255
 100 : 85 99 100 107 143 155 178 183 204 264 268 284
 103 : 14 71 88 102 103 113 140 158 186 205 207 267 271
 110 : 78 95 109 120 147 153 165 188 193 212 214 274 278
 111 : 22 79 96 111 118 121 148 154 166 215 275 279 295
 125 : 36 93 124 125 132 135 162 168 180 203 208 227 229 280 289
 138 : 106 181 216 221 240 293 306
 139 : 0 50 146 176 194 217 241 243 294 303
 142 : 3 53 127 142 149 152 179 185 220 225 244 246 297
 154 : 2 11 65 139 161 164 197 232 256 258
 164 : 12 21 75 163 171 174 201 266
 199 : 47 60 76 167 184 198 199 206 209 236 254 277 282 301
 233 : 4 9 30 81 90 94 144 233 270 288
 249 : 20 25 44 46 126 234 249 259 286 292 304
 253 : 1 24 29 48 114 238 253 260 263 290 296
 262 : 10 33 38 57 59 110 119 123 173 230 247 261 262 269 272 299 305
 280 : 16 28 56 128 137 141 248 265 287
SOLUTION:
  Value: -81363.000000
  Assigns: 139 253 91 142 233 6 6 8 8 233 262 154 27 6 103 8 280 32 8 20 20 110 111 55 253 249 27 20 280 253 20 32 32 262 27 67 125 27 262 32 55 34 32 58 249 8 249 199 253 6 139 8 67 142 55 87 280 262 58 91 199 6 55 20 27 154 67 67 58 32 27 103 73 73 67 32 91 34 110 111 73 233 27 73 6 100 87 87 103 34 233 8 55 125 233 110 111 87 55 100 100 58 103 20 136 27 249 100 6 110 262 111 8 103 253 32 73 34 111 262 110 111 20 262 125 125 249 142 280 27 87 27 125 55 91 136 32 280 34 154 103 280 142 100 233 67 139 110 111 142 67 73 142 110 111 100 73 55 103 55 58 154 125 8 154 110 111 199 125 91 87 67 8 136 91 73 139 73 100 142 125 103 27 100 199 142 103 32 20 87 6 87 8 91 139 27 32 154 199 199 32 233 34 125 100 103 199 103 125 199 55 27 110 58 136 111 32 139 34 136 142 253 58 55 6 142 8 125 73 125 262 67 154 233 249 67 199 73 20 55 136 139 58 139 142 27 91 262 280 249 32 67 34 253 199 87 154 73 154 91 253 262 262 253 100 280 111 103 100 262 233 103 262 55 110 111 58 199 110 111 125 6 199 8 100 67 249 280 233 125 253 136 249 125 139 20 253 142 6 262 136 199 27 139 249 262 142 
  Facilities: 27
 6 : 5 6 13 49 61 84 108 190 224 281 298
 8 : 7 8 15 18 45 51 91 112 163 172 192 226 283
 20 : 19 20 27 30 63 103 122 188 238 295
 27 : 12 26 34 37 64 70 82 105 129 131 182 195 211 245 302
 32 : 17 31 32 39 42 69 75 115 136 187 196 200 216 250
 34 : 41 77 89 117 138 202 218 252
 55 : 23 40 54 62 92 98 133 157 159 210 223 239 273
 58 : 43 58 68 101 160 213 222 242 276
 67 : 35 52 66 67 74 145 150 171 231 235 251 285
 73 : 72 73 80 83 116 151 156 175 177 228 237 257
 87 : 55 86 87 97 130 170 189 191 255
 91 : 2 59 76 134 169 174 193 246 259
 100 : 85 99 100 107 143 155 178 183 204 264 268 284
 103 : 14 71 88 102 113 140 158 181 186 205 207 267 271
 110 : 21 78 95 109 120 147 153 165 212 274 278
 111 : 22 79 96 111 118 121 148 154 166 215 266 275 279
 125 : 36 93 124 125 132 162 168 180 203 208 227 229 280 289 293
 136 : 104 135 173 214 219 240 291 300
 139 : 0 50 146 176 194 217 241 243 294 303
 142 : 3 53 127 142 149 152 179 185 220 225 244 297 306
 154 : 11 65 139 161 164 197 232 256 258
 199 : 47 60 167 184 198 199 206 209 236 254 277 282 301
 233 : 4 9 81 90 94 144 201 233 270 288
 249 : 25 44 46 106 126 234 249 286 292 304
 253 : 1 24 29 48 114 221 253 260 263 290 296
 262 : 10 33 38 57 110 119 123 230 247 261 262 269 272 299 305
 280 : 16 28 56 128 137 141 248 265 287
