# Time: 2009.109985
# Elapsed: 687.182617
# Input_file: splp/PCodes/434PCodesS.txt
# Pool_size: 400
# Iterations: 36
# Final_solutions: 13728
# Vision_range: 600
# Reduction_mode: REDUCTION_DISPERSE
# Dissimilitude: DISSIM_MSE
# Facility_dist: FDISMODE_MINDIST
SOLUTION:
  Value: -48217.000000
  Assigns: 1 1 10 1 68 1 22 39 10 1 10 10 44 29 10 79 48 1 22 83 22 29 22 22 88 29 10 59 29 29 22 29 48 1 98 39 44 39 39 39 44 105 10 59 44 44 44 39 48 48 48 59 48 117 22 39 48 59 59 59 44 29 126 59 68 1 98 83 68 68 68 79 88 105 10 79 68 79 79 79 88 83 83 83 68 117 22 83 88 88 88 83 88 29 126 79 98 105 98 98 68 117 98 39 105 105 98 105 44 105 126 79 48 117 98 83 117 117 126 117 88 105 126 59 126 117 126 126 
  Facilities: 16
 1 : 0 1 3 5 9 17 33 65
 10 : 2 8 10 11 14 26 42 74
 22 : 6 18 20 22 23 30 54 86
 29 : 13 21 25 28 29 31 61 93
 39 : 7 35 37 38 39 47 55 103
 44 : 12 36 40 44 45 46 60 108
 48 : 16 32 48 49 50 52 56 112
 59 : 27 43 51 57 58 59 63 123
 68 : 4 64 68 69 70 76 84 100
 79 : 15 71 75 77 78 79 95 111
 83 : 19 67 81 82 83 87 91 115
 88 : 24 72 80 88 89 90 92 120
 98 : 34 66 96 98 99 102 106 114
 105 : 41 73 97 104 105 107 109 121
 117 : 53 85 101 113 116 117 119 125
 126 : 62 94 110 118 122 124 126 127
SOLUTION:
  Value: -54209.000000
  Assigns: 1 1 10 1 68 21 22 39 10 1 10 10 44 29 10 79 48 1 22 83 22 21 22 22 88 29 10 59 29 21 22 29 48 1 98 39 44 39 39 39 44 105 10 59 44 44 44 39 48 48 48 59 48 21 22 39 48 59 59 59 44 29 126 59 68 1 98 83 68 68 68 79 88 105 10 79 68 79 79 79 88 83 83 83 68 21 22 83 88 88 88 83 88 125 126 79 98 105 98 98 68 117 98 39 105 105 98 105 44 105 126 79 48 117 98 83 117 117 126 117 88 105 126 59 126 117 126 126 
  Facilities: 18
 1 : 0 1 3 9 17 33 65
 10 : 2 8 10 11 14 26 42 74
 21 : 5 21 29 53 85
 22 : 6 18 20 22 23 30 54 86
 29 : 13 25 28 31 61
 39 : 7 35 37 38 39 47 55 103
 44 : 12 36 40 44 45 46 60 108
 48 : 16 32 48 49 50 52 56 112
 59 : 27 43 51 57 58 59 63 123
 68 : 4 64 68 69 70 76 84 100
 79 : 15 71 75 77 78 79 95 111
 83 : 19 67 81 82 83 87 91 115
 88 : 24 72 80 88 89 90 92 120
 98 : 34 66 96 98 99 102 106 114
 105 : 41 73 97 104 105 107 109 121
 117 : 101 113 116 117 119 125
 125 : 93
 126 : 62 94 110 118 122 124 126 127
SOLUTION:
  Value: -57208.000000
  Assigns: 1 1 10 1 68 1 22 39 10 1 10 10 44 29 10 79 48 1 22 83 22 29 22 22 88 29 10 59 29 29 22 29 48 1 98 39 44 39 39 39 44 105 10 59 44 44 44 39 48 48 48 59 48 117 22 39 48 59 59 59 44 29 126 59 68 1 98 83 68 68 68 79 88 105 10 79 92 79 79 79 88 83 83 83 92 117 22 83 88 88 88 83 88 125 92 79 98 105 98 98 68 117 98 39 105 105 98 105 44 105 126 79 48 117 98 83 117 117 126 117 88 105 126 59 92 117 126 126 
  Facilities: 19
 1 : 0 1 3 5 9 17 33 65
 10 : 2 8 10 11 14 26 42 74
 22 : 6 18 20 22 23 30 54 86
 29 : 13 21 25 28 29 31 61
 39 : 7 35 37 38 39 47 55 103
 40 :
 44 : 12 36 40 44 45 46 60 108
 48 : 16 32 48 49 50 52 56 112
 59 : 27 43 51 57 58 59 63 123
 68 : 4 64 68 69 70 100
 79 : 15 71 75 77 78 79 95 111
 83 : 19 67 81 82 83 87 91 115
 88 : 24 72 80 88 89 90 92 120
 92 : 76 84 94 124
 98 : 34 66 96 98 99 102 106 114
 105 : 41 73 97 104 105 107 109 121
 117 : 53 85 101 113 116 117 119 125
 125 : 93
 126 : 62 110 118 122 126 127
SOLUTION:
  Value: -60207.000000
  Assigns: 1 1 10 1 68 1 22 39 10 1 10 43 44 29 10 79 48 1 22 83 22 29 22 22 28 29 10 59 29 28 28 29 48 1 98 39 44 39 39 39 44 43 10 59 44 44 44 39 48 48 48 59 48 117 22 39 48 59 59 59 44 29 126 59 68 1 98 83 68 68 68 79 88 105 10 79 68 79 79 79 88 83 83 83 68 117 22 83 88 88 88 83 88 125 126 79 98 105 98 98 68 117 98 39 105 105 98 43 44 105 126 79 48 117 98 83 117 117 126 117 88 105 126 59 126 117 126 126 
  Facilities: 20
 1 : 0 1 3 5 9 17 33 65
 10 : 2 8 10 14 26 42 74
 22 : 6 18 20 22 23 54 86
 28 : 24 29 30
 29 : 13 21 25 28 31 61
 39 : 7 35 37 38 39 47 55 103
 40 :
 43 : 11 41 107
 44 : 12 36 40 44 45 46 60 108
 48 : 16 32 48 49 50 52 56 112
 59 : 27 43 51 57 58 59 63 123
 68 : 4 64 68 69 70 76 84 100
 79 : 15 71 75 77 78 79 95 111
 83 : 19 67 81 82 83 87 91 115
 88 : 72 80 88 89 90 92 120
 98 : 34 66 96 98 99 102 106 114
 105 : 73 97 104 105 109 121
 117 : 53 85 101 113 116 117 119 125
 125 : 93
 126 : 62 94 110 118 122 124 126 127
SOLUTION:
  Value: -69160.000000
  Assigns: 1 5 10 1 5 5 22 39 10 1 10 10 44 29 10 79 48 1 22 83 22 85 22 22 88 29 10 59 29 29 94 29 48 1 98 39 44 39 39 39 44 105 10 59 108 44 44 39 48 48 48 59 48 117 22 39 48 59 59 59 44 29 126 59 66 1 98 66 76 71 66 71 76 105 10 79 108 76 79 79 88 83 66 83 85 117 22 85 88 88 88 83 88 29 94 79 98 105 102 98 102 117 98 71 105 105 98 105 44 108 102 79 48 117 98 83 117 117 102 117 88 105 126 59 126 117 94 126 
  Facilities: 23
 1 : 0 3 9 17 33 65
 5 : 1 4 5
 10 : 2 8 10 11 14 26 42 74
 22 : 6 18 20 22 23 54 86
 29 : 13 25 28 29 31 61 93
 39 : 7 35 37 38 39 47 55
 44 : 12 36 40 45 46 60 108
 48 : 16 32 48 49 50 52 56 112
 59 : 27 43 51 57 58 59 63 123
 66 : 64 67 70 82
 71 : 69 71 103
 76 : 68 72 77
 79 : 15 75 78 79 95 111
 83 : 19 81 83 91 115
 85 : 21 84 87
 88 : 24 80 88 89 90 92 120
 94 : 30 94 126
 98 : 34 66 96 99 102 106 114
 102 : 98 100 110 118
 105 : 41 73 97 104 105 107 121
 108 : 44 76 109
 117 : 53 85 101 113 116 117 119 125
 126 : 62 122 124 127
SOLUTION:
  Value: -75197.000000
  Assigns: 1 1 10 1 68 1 22 39 10 1 10 10 44 45 10 79 48 1 26 83 22 85 22 22 28 24 10 59 24 28 26 95 48 1 98 39 44 39 39 39 44 105 10 107 44 44 44 39 48 48 48 59 48 117 22 39 48 59 59 59 44 45 126 59 68 1 98 83 68 85 68 79 88 105 10 107 68 79 79 79 88 83 83 83 85 117 22 85 88 88 88 83 88 125 95 79 98 105 98 98 68 117 98 39 105 105 98 105 44 105 126 107 48 117 98 83 117 117 126 117 88 105 126 59 126 117 126 126 
  Facilities: 25
 1 : 0 1 3 5 9 17 33 65
 10 : 2 8 10 11 14 26 42 74
 22 : 6 20 22 23 54 86
 24 : 25 28
 26 : 18 30
 28 : 24 29
 39 : 7 35 37 38 39 47 55 103
 40 :
 44 : 12 36 40 44 45 46 60 108
 45 : 13 61
 48 : 16 32 48 49 50 52 56 112
 59 : 27 51 57 58 59 63 123
 68 : 4 64 68 70 76 100
 70 :
 79 : 15 71 77 78 79 95
 83 : 19 67 81 82 83 91 115
 85 : 21 69 84 87
 88 : 72 80 88 89 90 92 120
 95 : 31 94
 98 : 34 66 96 98 99 102 106 114
 105 : 41 73 97 104 105 107 109 121
 107 : 43 75 111
 117 : 53 85 101 113 116 117 119 125
 125 : 93
 126 : 62 110 118 122 124 126 127
SOLUTION:
  Value: -81187.000000
  Assigns: 1 5 10 1 5 5 22 39 10 1 10 10 44 45 10 79 48 1 22 83 22 5 22 22 28 24 10 59 24 28 28 95 48 1 98 39 44 39 39 39 44 105 46 59 44 44 44 39 48 48 48 59 48 117 22 39 48 59 59 59 44 45 46 59 66 1 98 66 70 5 66 79 88 105 10 79 92 79 79 79 88 83 66 83 92 117 22 95 88 88 88 83 88 125 95 79 98 105 98 98 116 117 98 39 105 105 98 105 44 105 46 79 48 117 98 83 117 117 126 117 88 105 126 59 116 117 126 126 
  Facilities: 27
 1 : 0 3 9 17 33 65
 5 : 1 4 5 21 69
 8 :
 10 : 2 8 10 11 14 26 74
 22 : 6 18 20 22 23 54 86
 24 : 25 28
 28 : 24 29 30
 39 : 7 35 37 38 39 47 55 103
 40 :
 44 : 12 36 40 44 45 46 60 108
 45 : 13 61
 46 : 42 62 110
 48 : 16 32 48 49 50 52 56 112
 59 : 27 43 51 57 58 59 63 123
 66 : 64 67 70 82
 70 : 68
 79 : 15 71 75 77 78 79 95 111
 83 : 19 81 83 91 115
 88 : 72 80 88 89 90 92 120
 92 : 76 84
 95 : 31 87 94
 98 : 34 66 96 98 99 102 106 114
 105 : 41 73 97 104 105 107 109 121
 116 : 100 124
 117 : 53 85 101 113 116 117 119 125
 125 : 93
 126 : 118 122 126 127
SOLUTION:
  Value: -87184.000000
  Assigns: 1 1 66 1 12 1 22 39 24 1 26 43 44 45 12 79 48 1 26 83 22 21 23 22 28 24 24 59 12 21 26 23 48 1 98 39 44 39 39 39 44 43 40 59 44 44 44 39 48 48 48 59 48 21 22 39 48 59 59 59 44 45 126 59 66 1 98 66 70 85 66 79 88 105 66 79 12 79 79 79 88 83 66 83 85 21 22 85 88 88 88 95 88 125 95 79 98 105 98 98 116 117 98 39 105 105 98 43 44 105 126 79 48 117 114 83 117 117 114 117 88 105 114 59 116 117 126 126 
  Facilities: 29
 1 : 0 1 3 5 9 17 33 65
 12 : 4 14 28 76
 21 : 21 29 53 85
 22 : 6 20 23 54 86
 23 : 22 31
 24 : 8 25 26
 26 : 10 18 30
 28 : 24
 39 : 7 35 37 38 39 47 55 103
 40 : 42
 43 : 11 41 107
 44 : 12 36 40 44 45 46 60 108
 45 : 13 61
 48 : 16 32 48 49 50 52 56 112
 59 : 27 43 51 57 58 59 63 123
 66 : 2 64 67 70 74 82
 70 : 68
 79 : 15 71 75 77 78 79 95 111
 83 : 19 81 83 115
 85 : 69 84 87
 88 : 72 80 88 89 90 92 120
 95 : 91 94
 98 : 34 66 96 98 99 102 106
 105 : 73 97 104 105 109 121
 114 : 114 118 122
 116 : 100 124
 117 : 101 113 116 117 119 125
 125 : 93
 126 : 62 110 126 127
SOLUTION:
  Value: -87188.000000
  Assigns: 1 1 66 1 20 1 22 39 24 1 8 15 44 45 15 79 48 1 26 83 20 20 20 22 28 24 24 59 24 28 26 15 48 1 35 39 44 39 39 39 44 105 40 35 44 44 44 39 48 48 48 59 20 117 22 39 48 59 59 59 44 45 126 59 66 1 98 66 76 101 66 79 88 105 66 79 76 76 79 79 88 83 66 83 116 117 22 95 88 88 88 83 88 125 95 79 98 105 98 98 101 101 98 39 105 105 98 105 44 105 126 79 48 117 98 83 117 117 126 117 88 105 126 59 116 117 126 126 
  Facilities: 29
 1 : 0 1 3 5 9 17 33 65
 8 : 10
 15 : 11 14 31
 20 : 4 20 21 22 52
 22 : 6 23 54 86
 24 : 8 25 26 28
 26 : 18 30
 28 : 24 29
 35 : 34 43
 39 : 7 35 37 38 39 47 55 103
 40 : 42
 44 : 12 36 40 44 45 46 60 108
 45 : 13 61
 48 : 16 32 48 49 50 56 112
 59 : 27 51 57 58 59 63 123
 66 : 2 64 67 70 74 82
 70 :
 76 : 68 76 77
 79 : 15 71 75 78 79 95 111
 83 : 19 81 83 91 115
 88 : 72 80 88 89 90 92 120
 95 : 87 94
 98 : 66 96 98 99 102 106 114
 101 : 69 100 101
 105 : 41 73 97 104 105 107 109 121
 116 : 84 124
 117 : 53 85 113 116 117 119 125
 125 : 93
 126 : 62 110 118 122 126 127
SOLUTION:
  Value: -87207.000000
  Assigns: 0 0 0 35 0 21 22 39 24 8 8 15 44 45 15 79 48 21 26 83 22 21 22 22 28 24 24 59 24 21 26 15 48 35 35 39 44 39 39 39 44 105 40 35 44 44 44 39 48 48 48 59 48 21 22 39 48 59 59 59 44 45 126 59 65 65 74 65 70 65 70 79 74 105 74 74 92 79 79 79 88 83 83 83 92 21 22 95 88 88 88 83 88 125 95 79 98 105 98 98 116 117 98 39 105 105 98 105 44 105 126 79 48 117 98 83 117 117 126 117 88 105 126 59 116 117 126 126 
  Facilities: 29
 0 : 0 1 2 4
 8 : 9 10
 15 : 11 14 31
 21 : 5 17 21 29 53 85
 22 : 6 20 22 23 54 86
 24 : 8 25 26 28
 26 : 18 30
 28 : 24
 35 : 3 33 34 43
 39 : 7 35 37 38 39 47 55 103
 40 : 42
 44 : 12 36 40 44 45 46 60 108
 45 : 13 61
 48 : 16 32 48 49 50 52 56 112
 59 : 27 51 57 58 59 63 123
 65 : 64 65 67 69
 70 : 68 70
 74 : 66 72 74 75
 79 : 15 71 77 78 79 95 111
 83 : 19 81 82 83 91 115
 88 : 80 88 89 90 92 120
 92 : 76 84
 95 : 87 94
 98 : 96 98 99 102 106 114
 105 : 41 73 97 104 105 107 109 121
 116 : 100 124
 117 : 101 113 116 117 119 125
 125 : 93
 126 : 62 110 118 122 126 127
