# Time: 38517.000000
# Elapsed: 8804.755859
# Input_file: splp/KoerkelGhosh-sym/750/a/gs750a-5
# Pool_size: 200
# Iterations: 74
# Final_solutions: 10488
# Vision_range: 400
# Reduction_mode: REDUCTION_DISPERSE
# Dissimilitude: DISSIM_HAUSDORFF
# Facility_dist: FDISMODE_SUMOFDELTAS
SOLUTION:
  Value: -763663.000000
  Assigns: 332 692 486 11 606 539 692 308 45 87 648 385 634 319 10 358 391 424 287 539 163 118 149 358 539 64 535 662 10 393 73 715 661 424 743 193 118 653 163 89 391 101 280 45 420 420 280 73 287 241 241 295 287 128 53 2 128 101 578 715 171 297 293 90 206 504 11 535 293 706 64 295 241 163 87 53 385 715 241 293 504 16 634 606 308 385 486 743 241 128 319 384 149 706 606 171 293 149 149 89 332 319 181 393 393 319 10 445 287 504 206 197 358 181 384 301 87 287 293 578 393 662 486 197 358 241 10 445 53 662 2 653 103 637 206 118 197 73 396 53 280 118 163 332 128 637 486 424 297 385 206 332 118 319 103 149 11 692 539 366 706 424 358 73 578 393 634 90 101 90 385 706 45 679 366 534 103 424 332 662 637 706 149 692 16 89 385 743 606 420 606 445 445 193 637 118 358 396 149 706 634 706 16 90 287 393 64 535 653 297 637 181 10 287 287 535 578 391 181 332 319 181 319 297 241 241 606 445 89 73 578 11 64 101 715 87 73 89 10 73 87 128 118 539 534 662 445 385 535 384 2 385 308 391 193 706 181 539 634 197 2 424 181 11 661 287 101 295 420 103 206 73 181 163 424 206 445 358 73 297 486 193 206 679 297 706 293 319 648 301 715 637 332 118 679 64 653 366 648 87 206 534 634 287 692 692 391 637 679 420 181 101 293 648 743 692 391 2 486 101 358 171 384 301 445 391 53 45 11 87 332 45 445 103 90 396 715 11 181 366 87 287 535 16 486 280 163 308 89 197 2 391 662 486 103 679 73 53 297 535 539 101 118 171 535 679 297 653 393 73 295 45 332 637 653 2 128 293 280 45 358 2 743 653 679 149 393 366 181 385 171 16 445 103 295 171 163 2 486 486 103 73 384 319 301 692 358 539 11 648 504 424 197 539 715 743 64 45 118 661 45 385 332 103 163 393 637 301 301 64 45 358 424 396 149 2 648 301 89 193 2 662 64 149 384 393 295 393 648 384 424 16 743 634 295 87 87 103 53 297 87 103 606 385 661 11 2 64 295 87 64 87 193 504 332 280 653 534 366 653 706 358 87 16 73 661 2 308 653 45 11 293 692 287 606 11 637 634 287 332 87 535 504 420 445 295 662 420 692 396 662 101 308 90 10 280 486 53 715 661 280 16 87 11 715 206 535 128 535 90 539 295 16 206 637 118 45 706 280 101 332 87 280 662 692 692 73 332 118 301 308 653 287 535 743 197 648 308 634 504 90 280 295 193 661 706 128 648 653 396 197 332 101 535 606 149 661 384 358 358 301 90 504 89 743 89 662 539 396 89 319 287 393 393 103 396 385 89 64 706 280 197 648 715 332 301 679 504 535 2 578 637 10 648 385 606 653 445 11 578 319 197 534 89 90 293 308 366 193 679 534 11 64 539 332 396 206 534 743 486 90 89 486 45 578 197 606 193 10 486 743 648 149 64 534 101 534 661 241 396 16 89 366 424 73 308 11 715 424 53 715 297 661 578 578 90 396 193 128 606 181 384 715 534 661 366 420 445 308 295 396 662 743 163 504 715 53 535 308 578 287 118 163 662 424 391 181 384 578 366 45 2 101 332 181 706 692 73 101 118 118 206 319 715 653 534 715 295 692 301 445 293 385 715 679 10 101 2 297 653 101 396 706 692 634 241 73 181 653 384 
  Facilities: 60
 2 : 55 130 250 260 317 350 375 381 397 435 440 466 486 609 711 737
 10 : 14 28 106 126 212 238 514 612 648 735
 11 : 3 66 156 231 263 328 337 408 465 490 495 523 618 631 666
 16 : 81 184 202 343 391 451 483 521 532 660
 45 : 8 43 172 327 331 371 379 417 420 430 489 536 643 710
 53 : 54 75 128 139 326 357 458 517 669 696
 64 : 25 70 206 232 295 416 429 442 467 470 598 632 653
 73 : 30 47 137 163 229 236 239 271 278 356 369 401 484 546 664 717 746
 87 : 9 74 116 235 240 299 329 340 455 456 460 469 471 482 500 522 541
 89 : 39 99 185 228 237 348 438 583 585 589 597 623 641 661
 90 : 63 167 169 203 334 513 529 560 581 624 640 675
 101 : 41 57 168 233 266 311 319 361 511 539 572 655 712 718 736 740
 103 : 132 154 176 269 333 354 393 400 423 457 461 594
 118 : 21 36 135 141 152 195 242 293 362 418 535 548 701 719 720
 128 : 53 56 89 144 241 376 527 566 678
 149 : 22 92 97 98 155 182 198 385 434 443 575 652
 163 : 20 38 73 142 273 346 396 424 693 702
 171 : 60 95 321 363 390 395
 181 : 102 113 211 218 221 256 262 272 310 338 388 680 706 714 747
 193 : 35 193 254 281 439 472 563 628 647 677
 197 : 111 123 136 259 349 412 555 570 601 621 645
 206 : 64 110 134 150 270 275 282 300 525 533 636 721
 241 : 49 50 72 78 88 125 224 225 658 745
 280 : 42 46 140 345 378 475 515 520 538 542 561 600
 287 : 18 48 52 108 117 204 213 214 265 303 341 493 498 552 591 700
 293 : 62 68 79 96 118 286 312 377 491 625 731
 295 : 51 71 267 370 394 446 454 468 505 531 562 689 727
 297 : 61 148 209 223 279 284 358 366 459 671 738
 301 : 115 289 323 404 427 428 437 549 580 605 729
 308 : 7 84 252 347 487 512 550 557 626 665 688 698
 319 : 13 90 101 105 153 220 222 287 403 590 620 722
 332 : 0 100 143 151 178 219 292 330 372 422 474 499 540 547 571 604 634 713
 358 : 15 23 112 124 162 196 277 320 380 406 431 481 578 579
 366 : 159 174 297 339 387 478 627 662 685 709
 384 : 91 114 249 322 402 444 449 577 681 707 749
 385 : 11 76 85 149 170 186 247 251 389 421 463 596 614 732
 391 : 16 40 217 253 306 316 325 351 705
 393 : 29 103 104 120 165 205 368 386 425 445 447 592 593
 396 : 138 197 335 433 509 569 588 595 635 659 676 690 741
 420 : 44 45 189 268 309 503 507 686
 424 : 17 33 147 161 177 261 274 411 432 450 663 668 704
 445 : 107 127 191 192 227 246 276 324 332 392 504 617 687 730
 486 : 2 86 122 146 280 318 344 353 398 399 516 639 642 649
 504 : 65 80 109 410 473 502 559 582 607 694
 534 : 175 244 301 477 622 630 637 654 656 683 725
 535 : 26 67 207 215 248 342 359 364 501 526 528 553 573 608 697
 539 : 5 19 24 158 243 257 360 407 413 530 587 633
 578 : 58 119 164 216 230 610 619 644 673 674 699 708
 606 : 4 83 94 188 190 226 462 494 574 615 646 679
 634 : 12 82 166 200 258 302 453 497 558 744
 637 : 133 145 180 194 210 291 307 373 426 496 534 611
 648 : 10 288 298 313 409 436 448 556 567 602 613 651
 653 : 37 131 208 296 367 374 383 476 479 488 551 568 616 724 739 748
 661 : 32 264 419 464 485 519 564 576 657 672 684
 662 : 27 121 129 179 245 352 441 506 510 543 586 691 703
 679 : 173 283 294 308 355 365 384 606 629 734
 692 : 1 6 157 183 304 305 315 405 492 508 544 545 716 728 743
 706 : 69 93 160 171 181 199 201 255 285 480 537 565 599 715 742
 715 : 31 59 77 234 290 336 414 518 524 603 667 670 682 695 723 726 733
 743 : 34 87 187 314 382 415 452 554 584 638 650 692
SOLUTION:
  Value: -763675.000000
  Assigns: 696 692 486 11 606 113 692 464 45 87 706 385 634 261 89 464 391 424 287 322 730 118 149 358 197 64 174 662 706 393 73 715 661 658 743 201 118 653 662 89 730 101 101 409 420 420 643 73 287 113 322 643 287 696 53 658 128 101 578 715 653 297 420 90 206 743 443 658 358 706 64 316 261 30 87 53 385 715 30 715 11 416 643 606 201 385 486 743 30 128 569 634 149 706 606 201 416 149 149 89 696 233 181 393 393 416 396 64 287 261 206 197 358 181 316 301 87 287 548 578 393 662 486 197 358 396 322 90 53 662 2 653 103 611 443 443 197 73 396 53 743 118 206 464 128 174 486 424 297 443 206 30 118 30 730 149 11 692 569 409 706 424 358 73 578 393 409 90 101 90 658 706 45 297 402 578 103 464 661 662 464 706 149 692 73 643 385 743 416 420 606 611 730 634 322 118 358 396 149 706 634 706 261 90 611 393 64 316 653 297 548 181 233 287 287 297 578 391 181 287 696 181 103 297 128 706 606 730 89 73 569 11 64 101 715 87 73 89 30 73 87 658 118 174 730 662 113 385 301 385 409 385 569 391 416 706 181 706 634 197 2 424 181 11 661 287 101 103 420 103 206 73 30 385 424 206 174 358 73 297 486 30 206 416 297 706 149 730 653 301 715 643 261 118 11 64 653 358 30 87 206 569 634 287 692 174 391 128 391 420 181 464 206 643 743 696 391 2 486 101 358 730 322 301 396 391 174 45 11 87 233 45 634 103 90 443 715 548 181 569 87 548 653 30 486 662 611 233 89 611 2 658 662 486 103 316 73 53 297 113 443 101 118 706 743 548 297 653 393 73 197 45 103 181 653 201 128 409 662 45 358 174 743 653 322 149 393 113 181 385 206 316 424 103 730 174 569 2 30 486 30 73 174 658 301 692 174 402 11 113 730 424 197 402 715 743 64 45 118 661 45 385 201 416 261 393 643 301 301 64 45 261 424 396 149 464 233 301 89 443 2 662 64 149 569 393 743 393 416 316 424 643 743 634 287 87 233 103 53 297 87 103 606 385 661 11 2 64 391 87 233 658 402 611 64 30 634 90 206 653 706 358 87 416 73 661 2 174 653 45 548 201 692 287 316 322 416 634 287 64 569 393 316 402 696 424 662 420 692 730 662 101 409 409 233 443 486 548 715 661 113 316 87 174 409 206 696 128 113 90 409 118 730 206 301 730 45 706 103 101 233 87 409 662 692 692 73 90 118 30 73 653 287 611 743 197 715 201 634 201 90 658 2 443 661 706 128 30 653 396 197 64 101 658 606 149 661 653 358 358 301 90 11 89 743 89 662 287 396 89 64 287 393 658 103 443 385 89 64 706 402 197 696 715 696 301 64 385 393 2 578 53 402 696 385 606 653 402 11 578 486 197 261 89 90 643 464 201 692 443 443 11 64 658 53 396 464 611 743 486 90 730 486 45 578 197 606 464 409 486 743 548 149 64 322 101 206 696 569 396 197 464 606 424 73 322 11 715 424 53 696 297 661 578 578 90 396 113 128 606 181 464 715 261 661 73 420 103 611 692 396 662 743 113 174 715 53 409 420 578 287 118 416 662 443 402 181 569 578 316 45 464 101 658 181 706 692 73 101 118 118 174 696 715 653 424 715 606 692 301 287 45 385 715 611 653 101 2 297 653 101 396 706 692 634 548 73 181 653 696 
  Facilities: 58
 2 : 130 260 317 350 397 440 466 486 562 609 737
 11 : 3 80 156 231 263 294 328 408 465 582 618 631 666
 30 : 73 78 88 151 153 238 272 281 298 343 398 400 475 549 567
 45 : 8 172 327 331 371 379 417 420 430 489 536 643 710 731
 53 : 54 75 128 139 357 458 611 634 669 696
 64 : 25 70 107 206 232 295 416 429 442 467 474 499 571 590 598 606 632 653
 73 : 30 47 137 163 184 229 236 239 271 278 356 369 401 484 546 550 664 685 717 746
 87 : 9 74 116 235 240 299 329 340 455 460 469 482 522 541
 89 : 14 39 99 228 237 348 438 583 585 589 597 623
 90 : 63 127 167 169 203 334 477 529 547 560 581 624 640 675
 101 : 41 42 57 168 233 266 319 361 511 539 572 655 712 718 736 740
 103 : 132 176 222 267 269 333 354 372 393 457 461 538 594 687
 113 : 5 49 246 359 387 409 520 528 677 693
 118 : 21 36 141 152 195 242 293 362 418 531 548 701 719 720
 128 : 56 89 144 224 307 376 527 566 678
 149 : 22 92 97 98 155 182 198 286 385 434 443 575 652
 174 : 26 145 243 276 305 326 381 395 402 406 487 523 694 721
 181 : 102 113 211 218 221 256 262 310 338 373 388 680 706 714 747
 197 : 24 111 123 136 259 370 412 555 570 601 621 645 660
 201 : 35 84 95 375 422 491 557 559 627
 206 : 64 110 142 150 270 275 282 300 312 390 478 525 533 656
 233 : 101 212 330 347 436 456 470 514 540
 261 : 13 72 109 202 292 424 431 622 683
 287 : 18 48 52 108 117 213 214 219 265 303 454 493 498 552 587 591 700 730
 297 : 61 148 173 209 215 223 279 284 358 366 459 671 738
 301 : 115 248 289 323 404 427 428 437 534 580 605 729
 316 : 71 114 207 355 391 449 494 502 521 709
 322 : 19 50 126 194 322 384 495 654 665
 358 : 23 68 112 124 162 196 277 297 320 380 481 578 579
 385 : 11 76 85 186 247 249 251 273 389 421 463 596 607 614 732
 391 : 16 217 253 306 308 316 325 468
 393 : 29 103 104 120 165 205 368 386 425 445 447 501 592 608
 396 : 106 125 138 197 324 433 569 588 635 659 676 690 741
 402 : 174 407 413 472 503 600 612 617 705
 409 : 43 159 166 250 377 512 513 524 530 542 648 697
 416 : 81 96 105 188 254 283 423 448 483 496 702
 420 : 44 45 62 189 268 309 507 686 698
 424 : 17 147 161 261 274 392 411 432 450 505 663 668 725
 443 : 66 134 135 149 335 360 439 515 563 595 629 630 704
 464 : 7 15 143 177 180 311 435 626 636 647 661 681 711
 486 : 2 86 122 146 280 318 344 353 399 516 620 639 642 649
 548 : 118 210 337 341 365 490 517 651 745
 569 : 90 158 230 252 301 339 396 444 500 658 707
 578 : 58 119 164 175 216 610 619 644 673 674 699 708
 606 : 4 83 94 190 226 462 574 615 646 662 679 727
 611 : 133 191 204 346 349 473 553 637 688 734
 634 : 12 91 193 200 258 302 332 453 476 497 558 744
 643 : 46 51 82 185 291 313 426 451 625
 653 : 37 60 131 208 288 296 342 367 374 383 479 488 551 568 577 616 724 735 739 748
 658 : 33 55 67 170 241 351 403 471 561 573 593 633 713
 661 : 32 178 264 419 464 485 519 564 576 672 684
 662 : 27 38 121 129 179 245 345 352 378 441 506 510 543 586 691 703
 692 : 1 6 157 183 304 405 492 508 544 545 628 689 716 728 743
 696 : 0 53 100 220 315 504 526 602 604 613 657 670 722 749
 706 : 10 28 69 93 160 171 181 199 201 225 255 257 285 363 480 537 565 599 715 742
 715 : 31 59 77 79 234 290 336 414 518 556 603 667 682 695 723 726 733
 730 : 20 40 154 192 227 244 287 321 394 410 509 532 535 641
 743 : 34 65 87 140 187 314 364 382 415 446 452 554 584 638 650 692
SOLUTION:
  Value: -763680.000000
  Assigns: 696 692 486 11 606 539 692 464 45 87 648 385 634 696 742 464 391 706 287 539 730 118 149 358 539 607 535 662 482 393 73 715 45 607 743 607 118 653 662 89 730 101 280 45 174 371 280 742 287 241 241 482 287 696 53 2 11 101 578 715 551 297 293 90 206 743 443 535 293 706 64 316 241 30 87 53 385 371 621 293 11 416 742 606 201 385 482 482 241 103 539 634 149 621 551 201 416 149 149 89 696 539 181 393 742 416 10 64 287 261 206 197 358 181 607 301 87 287 293 578 393 662 486 197 358 241 10 90 53 662 2 653 103 611 443 443 197 73 201 53 280 118 206 464 743 174 486 101 297 443 206 30 118 30 607 149 371 692 539 385 706 371 358 73 578 393 634 90 101 90 611 706 45 297 381 578 103 464 293 662 464 706 149 692 73 89 385 743 416 621 606 611 730 371 261 118 358 621 149 706 634 706 261 90 611 393 64 535 653 297 371 181 10 287 287 535 578 391 181 287 696 181 103 742 241 241 606 730 89 73 607 11 64 101 715 87 73 89 30 73 87 381 118 539 730 662 551 385 535 742 2 385 681 391 416 706 181 539 634 197 2 416 181 11 681 287 101 103 381 103 206 73 30 621 742 206 174 358 73 297 486 30 206 416 297 706 293 730 371 301 715 297 261 118 742 64 653 358 648 87 206 551 634 287 692 174 371 149 391 316 181 464 293 648 482 696 391 2 486 101 358 730 743 301 535 391 174 45 11 87 621 45 634 103 90 443 715 11 181 280 87 482 535 30 486 280 611 293 89 611 621 742 662 486 103 316 73 53 297 535 539 101 118 706 535 551 297 653 393 73 371 45 103 181 653 201 681 293 280 45 358 174 607 653 681 149 393 551 181 385 206 316 385 103 730 174 393 2 30 486 30 73 174 607 482 742 174 539 11 648 730 45 197 539 715 743 64 45 118 621 45 385 201 416 261 393 261 301 381 64 45 261 692 742 149 464 648 301 89 443 2 662 64 149 696 393 743 742 648 316 443 607 743 634 742 87 87 103 53 297 87 103 606 385 681 11 2 64 391 87 64 87 621 611 64 30 653 90 206 653 706 358 681 416 73 482 2 381 621 45 681 201 692 287 316 11 241 634 287 621 87 535 316 371 607 280 662 103 692 730 662 101 482 90 10 280 486 53 715 742 280 316 87 174 715 206 696 648 535 90 539 118 730 206 301 730 45 706 280 101 443 87 696 662 692 692 73 90 118 30 73 653 287 742 743 197 648 201 634 201 90 280 2 443 371 706 681 30 653 301 197 371 607 742 606 149 89 653 358 358 301 90 11 89 743 89 662 539 103 89 64 287 393 393 103 443 385 89 64 706 280 197 648 715 696 301 64 385 535 2 578 53 10 696 385 606 381 539 11 578 486 197 261 89 90 696 381 201 692 443 443 11 64 482 53 681 464 611 743 486 90 551 486 45 578 197 606 464 10 486 743 648 149 551 551 101 206 696 241 385 197 464 606 648 73 197 11 715 696 53 696 297 551 578 578 90 10 742 662 606 181 482 715 261 621 73 90 103 381 692 174 662 743 87 174 715 53 535 181 578 287 118 416 662 443 174 181 385 578 316 45 464 101 371 181 706 692 73 101 118 118 551 696 715 653 287 715 606 692 301 535 293 385 715 611 10 101 2 297 653 607 393 706 692 634 381 73 681 653 696 
  Facilities: 59
 2 : 55 130 250 260 317 397 440 466 486 562 609 737
 10 : 106 126 212 514 612 648 676 735
 11 : 3 56 80 231 263 328 337 408 465 495 582 618 631 666
 30 : 73 151 153 238 272 281 343 398 400 475 549 567
 45 : 8 32 43 172 327 331 371 379 411 417 420 430 489 536 643 710
 53 : 54 75 128 139 357 458 517 611 634 669 696
 64 : 70 107 206 232 295 416 429 442 467 470 474 590 598 606 632
 73 : 30 137 163 184 229 236 239 271 278 356 369 401 484 546 550 664 685 717 746
 87 : 9 74 116 235 240 299 329 340 455 456 460 469 471 500 522 541 693
 89 : 39 99 185 228 237 348 438 576 583 585 589 597 623
 90 : 63 127 167 169 203 334 477 513 529 547 560 581 624 640 675 686
 101 : 41 57 147 168 233 266 319 361 511 539 655 712 718 736
 103 : 89 132 176 222 267 269 333 354 372 393 457 461 507 588 594 687
 118 : 21 36 141 152 195 242 293 362 418 531 548 701 719 720
 149 : 22 92 97 98 155 182 198 307 385 434 443 575 652
 174 : 44 145 276 305 326 381 395 402 406 523 690 694 705
 181 : 102 113 211 218 221 256 262 310 338 373 388 680 698 706 714
 197 : 111 123 136 259 412 555 570 601 621 645 660 665
 201 : 84 95 138 375 422 491 557 559 627
 206 : 64 110 142 150 270 275 282 300 390 478 525 533 656
 241 : 49 50 72 88 125 224 225 496 658
 261 : 109 194 202 292 424 426 431 622 683
 280 : 42 46 140 339 345 378 505 515 520 538 561 600
 287 : 18 48 52 108 117 213 214 219 265 303 493 498 552 591 700 725
 293 : 62 68 79 118 178 286 312 347 377 731
 297 : 61 148 173 209 279 284 291 358 366 459 671 738
 301 : 115 289 323 427 437 534 569 580 605 729
 316 : 71 309 355 391 449 494 502 521 709
 358 : 23 112 124 162 196 277 297 320 380 481 578 579
 371 : 45 77 156 161 193 210 288 306 370 503 564 571 713
 381 : 174 241 268 428 487 616 626 688 745
 385 : 11 76 85 159 186 247 251 389 392 421 463 596 607 614 659 707 732
 391 : 16 217 253 308 316 325 468
 393 : 29 103 120 165 205 368 386 396 425 445 592 593 741
 416 : 81 96 105 188 254 261 283 423 483 702
 443 : 66 134 135 149 335 439 450 540 563 595 629 630 704
 464 : 7 15 143 177 180 311 435 636 647 661 711
 482 : 28 51 86 87 314 341 404 485 512 633 681
 486 : 2 122 146 280 318 344 353 399 516 620 639 642 649
 535 : 26 67 207 215 248 324 342 359 364 501 528 608 697 730
 539 : 5 19 24 90 101 158 243 257 360 407 413 530 587 617
 551 : 60 94 246 301 365 387 641 653 654 672 721
 578 : 58 119 164 175 216 610 619 644 673 674 699 708
 606 : 4 83 190 226 462 574 615 646 662 679 727
 607 : 25 33 35 114 154 230 382 403 451 504 572 740
 611 : 133 170 191 204 346 349 473 637 734
 621 : 78 93 189 197 273 330 350 419 472 488 499 684
 634 : 12 91 166 200 258 302 332 453 497 558 744
 648 : 10 298 313 409 436 448 527 556 602 651 663
 653 : 37 131 208 296 367 374 383 476 479 551 568 577 724 739 748
 662 : 27 38 121 129 179 245 352 441 506 510 543 586 678 691 703
 681 : 252 264 376 384 464 482 490 566 635 747
 692 : 1 6 157 183 304 432 492 508 544 545 628 689 716 728 743
 696 : 0 13 53 100 220 315 444 526 542 604 613 625 657 668 670 722 749
 706 : 17 69 160 171 181 199 201 255 285 363 480 537 565 599 715 742
 715 : 31 59 234 290 336 414 518 524 603 667 682 695 723 726 733
 730 : 20 40 192 227 244 287 321 394 410 509 532 535
 742 : 14 47 82 104 223 249 274 294 351 405 433 447 454 519 553 573 677
 743 : 34 65 144 187 322 415 446 452 554 584 638 650 692
SOLUTION:
  Value: -763688.000000
  Assigns: 696 692 486 11 606 539 692 464 45 87 648 385 634 696 742 464 391 424 287 539 730 118 149 358 539 607 535 662 482 393 73 715 45 607 743 607 118 653 662 89 730 101 280 45 174 371 280 742 287 241 241 482 287 696 53 2 11 101 578 715 551 297 293 90 206 743 443 535 293 706 64 316 241 30 87 53 385 371 621 293 11 416 742 606 201 385 482 482 241 103 539 634 149 621 551 201 416 149 149 89 696 539 181 393 742 416 10 64 287 261 206 197 358 181 607 301 87 287 293 578 393 662 486 197 358 241 10 90 53 662 2 653 103 611 443 443 197 73 201 53 280 118 206 464 743 174 486 424 297 443 206 30 118 30 607 149 371 692 539 385 706 371 358 73 578 393 634 90 101 90 611 706 45 297 381 578 103 464 293 662 464 706 149 692 73 89 385 743 416 621 606 611 730 371 261 118 358 621 149 706 634 706 261 90 611 393 64 535 653 297 371 181 10 287 287 535 578 391 181 287 696 181 103 742 241 241 606 730 89 73 607 11 64 101 715 87 73 89 30 73 87 381 118 539 730 662 551 385 535 742 2 349 681 391 416 706 181 539 634 197 2 424 181 11 681 287 101 103 381 103 206 73 30 621 742 206 174 358 73 297 486 30 206 416 297 706 293 730 371 301 715 297 261 118 742 64 653 358 648 87 206 551 634 287 692 174 371 149 391 316 181 464 293 648 482 696 391 2 486 101 358 730 743 301 535 391 174 45 11 87 621 45 634 103 90 443 715 11 181 280 87 482 535 30 486 349 611 293 89 611 621 742 662 486 103 316 73 53 297 535 539 101 118 706 535 551 297 653 393 73 371 45 103 181 653 201 681 293 280 45 358 174 607 653 681 149 393 551 181 385 349 316 424 103 730 174 393 2 30 486 30 73 174 607 482 742 174 539 11 648 730 424 197 539 715 743 64 45 118 621 45 385 201 416 261 393 261 301 381 64 45 261 424 349 149 464 648 301 89 443 2 662 64 149 696 393 743 742 648 316 424 607 743 634 742 87 87 103 53 349 87 103 606 385 681 11 2 64 391 87 64 87 621 611 64 30 653 90 206 653 706 358 681 416 73 482 2 381 621 45 681 201 692 287 316 11 241 634 287 621 87 393 316 371 607 280 662 103 692 730 662 101 482 90 10 280 486 53 715 742 280 316 87 174 715 206 696 648 535 90 539 118 730 206 301 730 45 706 280 101 443 87 696 662 692 692 73 90 118 30 73 653 287 742 743 197 648 201 634 201 90 280 2 443 371 706 681 30 653 301 197 371 607 742 606 149 89 653 358 358 301 90 11 89 743 89 662 539 103 89 64 287 393 393 103 443 385 89 64 706 280 197 648 715 696 301 64 385 535 2 578 349 10 696 385 606 381 539 11 578 486 197 261 89 90 696 381 201 692 443 443 11 64 482 53 681 464 611 743 486 90 551 486 45 578 197 606 464 10 486 743 648 149 551 551 101 206 696 241 385 197 464 606 424 73 197 11 715 424 53 696 297 551 578 578 90 10 742 662 606 181 482 715 261 621 73 90 103 381 692 174 662 743 87 174 715 53 535 181 578 287 118 416 662 443 174 181 349 578 316 45 464 101 371 181 706 692 73 101 118 118 551 696 715 653 424 715 606 692 301 535 293 385 715 611 10 101 2 297 653 607 393 706 692 634 381 73 681 653 696 
  Facilities: 61
 2 : 55 130 250 260 317 397 440 466 486 562 609 737
 10 : 106 126 212 514 612 648 676 735
 11 : 3 56 80 231 263 328 337 408 465 495 582 618 631 666
 30 : 73 151 153 238 272 281 343 398 400 475 549 567
 45 : 8 32 43 172 327 331 371 379 417 420 430 489 536 643 710
 53 : 54 75 128 139 357 458 517 634 669 696
 64 : 70 107 206 232 295 416 429 442 467 470 474 590 598 606 632
 73 : 30 137 163 184 229 236 239 271 278 356 369 401 484 546 550 664 685 717 746
 87 : 9 74 116 235 240 299 329 340 455 456 460 469 471 500 522 541 693
 89 : 39 99 185 228 237 348 438 576 583 585 589 597 623
 90 : 63 127 167 169 203 334 477 513 529 547 560 581 624 640 675 686
 101 : 41 57 168 233 266 319 361 511 539 655 712 718 736
 103 : 89 132 176 222 267 269 333 354 372 393 457 461 507 588 594 687
 118 : 21 36 141 152 195 242 293 362 418 531 548 701 719 720
 149 : 22 92 97 98 155 182 198 307 385 434 443 575 652
 174 : 44 145 276 305 326 381 395 402 406 523 690 694 705
 181 : 102 113 211 218 221 256 262 310 338 373 388 680 698 706 714
 197 : 111 123 136 259 412 555 570 601 621 645 660 665
 201 : 84 95 138 375 422 491 557 559 627
 206 : 64 110 142 150 270 275 282 300 478 525 533 656
 241 : 49 50 72 88 125 224 225 496 658
 261 : 109 194 202 292 424 426 431 622 683
 280 : 42 46 140 339 378 505 515 520 538 561 600
 287 : 18 48 52 108 117 213 214 219 265 303 493 498 552 591 700
 293 : 62 68 79 118 178 286 312 347 377 731
 297 : 61 148 173 209 279 284 291 358 366 671 738
 301 : 115 289 323 427 437 534 569 580 605 729
 316 : 71 309 355 391 449 494 502 521 709
 349 : 251 345 390 433 459 611 707
 358 : 23 112 124 162 196 277 297 320 380 481 578 579
 371 : 45 77 156 161 193 210 288 306 370 503 564 571 713
 381 : 174 241 268 428 487 616 626 688 745
 385 : 11 76 85 159 186 247 389 421 463 596 607 614 659 732
 391 : 16 217 253 308 316 325 468
 393 : 29 103 120 165 205 368 386 396 425 445 501 592 593 741
 416 : 81 96 105 188 254 283 423 483 702
 424 : 17 147 261 392 411 432 450 663 668 725
 443 : 66 134 135 149 335 439 540 563 595 629 630 704
 464 : 7 15 143 177 180 311 435 636 647 661 711
 482 : 28 51 86 87 314 341 404 485 512 633 681
 486 : 2 122 146 280 318 344 353 399 516 620 639 642 649
 535 : 26 67 207 215 248 324 342 359 364 528 608 697 730
 539 : 5 19 24 90 101 158 243 257 360 407 413 530 587 617
 551 : 60 94 246 301 365 387 641 653 654 672 721
 578 : 58 119 164 175 216 610 619 644 673 674 699 708
 606 : 4 83 190 226 462 574 615 646 662 679 727
 607 : 25 33 35 114 154 230 382 403 451 504 572 740
 611 : 133 170 191 204 346 349 473 637 734
 621 : 78 93 189 197 273 330 350 419 472 488 499 684
 634 : 12 91 166 200 258 302 332 453 497 558 744
 648 : 10 298 313 409 436 448 527 556 602 651
 653 : 37 131 208 296 367 374 383 476 479 551 568 577 724 739 748
 662 : 27 38 121 129 179 245 352 441 506 510 543 586 678 691 703
 681 : 252 264 376 384 464 482 490 566 635 747
 692 : 1 6 157 183 304 492 508 544 545 628 689 716 728 743
 696 : 0 13 53 100 220 315 444 526 542 604 613 625 657 670 722 749
 706 : 69 160 171 181 199 201 255 285 363 480 537 565 599 715 742
 715 : 31 59 234 290 336 414 518 524 603 667 682 695 723 726 733
 730 : 20 40 192 227 244 287 321 394 410 509 532 535
 742 : 14 47 82 104 223 249 274 294 351 405 447 454 519 553 573 677
 743 : 34 65 144 187 322 415 446 452 554 584 638 650 692
SOLUTION:
  Value: -763690.000000
  Assigns: 696 692 486 11 606 539 692 464 45 87 648 385 634 696 742 464 391 424 287 539 730 118 149 358 539 607 535 662 482 393 73 715 45 607 743 607 118 653 662 89 730 101 280 45 420 420 280 742 287 241 241 482 287 696 53 2 11 101 578 715 551 297 420 90 206 743 443 535 358 706 64 316 241 30 87 53 385 715 621 715 11 416 742 606 201 385 482 482 241 103 539 634 149 621 551 201 416 149 149 89 696 233 181 393 742 416 303 64 287 261 206 197 358 181 607 301 87 287 535 578 393 662 486 197 358 241 606 90 53 662 2 653 103 611 443 118 197 73 201 53 280 118 206 464 743 303 486 424 297 443 206 30 118 30 607 149 11 692 539 366 706 424 358 73 578 393 634 90 101 90 611 706 45 297 366 578 103 464 303 662 464 706 149 692 73 89 385 743 416 420 606 611 730 634 261 118 358 621 149 706 634 706 261 90 611 393 64 535 653 297 230 181 233 287 287 535 578 391 181 287 696 181 103 742 241 241 606 730 89 73 607 11 64 101 303 87 73 89 30 73 87 230 118 539 730 662 551 385 535 742 2 385 681 391 416 706 181 539 634 197 2 424 181 11 681 287 101 103 420 103 206 73 30 621 742 206 482 358 73 297 486 30 206 416 297 706 149 303 648 301 715 297 261 118 742 64 653 366 648 87 206 551 634 287 692 692 391 149 391 420 181 464 206 648 482 696 391 2 486 101 358 730 743 301 535 391 53 45 11 87 233 45 634 103 90 443 715 11 181 366 87 482 535 30 486 280 611 233 89 611 621 742 662 486 103 316 73 53 297 535 539 101 118 706 535 551 297 653 393 73 197 45 103 181 303 201 681 696 280 45 358 2 607 653 681 149 393 366 181 385 206 316 424 103 730 233 393 2 30 486 30 73 539 607 482 742 358 539 11 648 730 424 197 233 715 743 64 45 118 621 45 385 201 416 261 393 261 301 301 64 45 261 424 742 149 464 233 301 89 443 2 662 64 149 696 393 743 742 648 316 424 607 743 634 742 87 233 103 53 297 87 103 606 385 681 11 2 64 391 87 233 87 621 611 64 30 634 90 366 653 706 358 681 416 73 482 2 606 621 45 681 201 692 287 316 11 241 634 287 621 87 393 316 420 607 280 662 420 692 730 662 101 482 90 233 280 486 53 715 742 280 316 87 11 715 206 696 648 535 90 539 303 730 206 301 730 45 706 280 101 233 87 696 662 692 692 73 90 118 303 73 653 287 742 743 197 648 201 634 201 90 280 2 443 535 706 681 30 653 230 197 64 607 742 606 149 303 653 230 358 301 90 11 89 743 89 662 539 103 89 64 287 393 393 103 443 385 89 64 706 280 197 648 715 696 301 64 230 535 2 578 53 230 696 385 606 653 539 11 578 486 197 261 89 90 696 464 201 230 443 443 11 64 482 53 681 464 611 743 486 90 551 486 45 578 197 606 464 634 486 743 648 149 551 551 101 206 696 241 385 197 464 366 424 73 303 11 715 424 53 696 297 551 578 578 90 743 742 366 606 181 482 715 261 621 366 420 103 611 692 464 662 743 87 621 715 53 535 420 578 287 118 416 662 443 391 181 385 578 366 45 464 101 230 181 706 692 73 101 118 118 551 696 715 653 424 715 606 692 301 535 45 385 715 611 653 101 2 297 653 607 393 706 692 634 241 73 681 653 696 
  Facilities: 60
 2 : 55 130 250 260 317 381 397 440 466 486 562 609 737
 11 : 3 56 80 156 231 263 328 337 408 465 495 523 582 618 631 666
 30 : 73 151 153 238 272 281 343 398 400 475 567
 45 : 8 32 43 172 327 331 371 379 417 420 430 489 536 643 710 731
 53 : 54 75 128 139 326 357 458 517 611 634 669 696
 64 : 70 107 206 232 295 416 429 442 467 474 571 590 598 606 632
 73 : 30 137 163 184 229 236 239 271 278 356 369 401 484 546 550 664 717 746
 87 : 9 74 116 235 240 299 329 340 455 460 469 471 500 522 541 693
 89 : 39 99 185 228 237 348 438 583 585 589 597 623
 90 : 63 127 167 169 203 334 477 513 529 547 560 581 624 640 675
 101 : 41 57 168 233 266 319 361 511 539 655 712 718 736
 103 : 89 132 176 222 267 269 333 354 372 393 457 461 588 594 687
 118 : 21 36 135 141 152 195 242 293 362 418 548 701 719 720
 149 : 22 92 97 98 155 182 198 286 307 385 434 443 575 652
 181 : 102 113 211 218 221 256 262 310 338 373 388 680 706 714
 197 : 111 123 136 259 370 412 555 570 601 621 645 660
 201 : 84 95 138 375 422 491 557 559 627
 206 : 64 110 142 150 270 275 282 300 312 390 525 533 656
 230 : 210 241 569 578 607 612 628 713
 233 : 101 212 330 347 395 413 436 456 470 514 540
 241 : 49 50 72 88 125 224 225 496 658 745
 261 : 109 194 202 292 424 426 431 622 683
 280 : 42 46 140 345 378 505 515 520 538 561 600
 287 : 18 48 52 108 117 213 214 219 265 303 493 498 552 591 700
 297 : 61 148 173 209 279 284 291 358 366 459 671 738
 301 : 115 289 323 427 428 437 534 580 605 729
 303 : 106 145 178 234 287 374 531 549 576 665
 316 : 71 355 391 449 494 502 521
 358 : 23 68 112 124 162 196 277 320 380 406 481 579
 366 : 159 174 297 339 387 478 662 678 685 709
 385 : 11 76 85 186 247 251 389 421 463 596 614 659 707 732
 391 : 16 217 253 306 308 316 325 468 705
 393 : 29 103 120 165 205 368 386 396 425 445 501 592 593 741
 416 : 81 96 105 188 254 283 423 483 702
 420 : 44 45 62 189 268 309 503 507 686 698
 424 : 17 147 161 261 392 411 432 450 663 668 725
 443 : 66 134 149 335 439 563 595 629 630 704
 464 : 7 15 143 177 180 311 435 626 636 647 661 690 711
 482 : 28 51 86 87 276 314 341 404 485 512 633 681
 486 : 2 122 146 280 318 344 353 399 516 620 639 642 649
 535 : 26 67 118 207 215 248 324 342 359 364 528 564 608 697 730
 539 : 5 19 24 90 158 243 257 360 402 407 530 587 617
 551 : 60 94 246 301 365 641 653 654 672 721
 578 : 58 119 164 175 216 610 619 644 673 674 699 708
 606 : 4 83 126 190 226 462 487 574 615 646 679 727
 607 : 25 33 35 114 154 230 382 403 451 504 572 740
 611 : 133 170 191 204 346 349 473 637 688 734
 621 : 78 93 197 273 350 419 472 488 499 684 694
 634 : 12 91 166 193 200 258 302 332 453 476 497 558 648 744
 648 : 10 288 298 313 409 448 527 556 602 651
 653 : 37 131 208 296 367 383 479 551 568 577 616 724 735 739 748
 662 : 27 38 121 129 179 245 352 441 506 510 543 586 691 703
 681 : 252 264 376 384 464 482 490 566 635 747
 692 : 1 6 157 183 304 305 492 508 544 545 689 716 728 743
 696 : 0 13 53 100 220 315 377 444 526 542 604 613 625 657 670 722 749
 706 : 69 160 171 181 199 201 255 285 363 480 537 565 599 715 742
 715 : 31 59 77 79 290 336 414 518 524 603 667 682 695 723 726 733
 730 : 20 40 192 227 244 321 394 410 509 532 535
 742 : 14 47 82 104 223 249 274 294 351 405 433 447 454 519 553 573 677
 743 : 34 65 144 187 322 415 446 452 554 584 638 650 676 692
SOLUTION:
  Value: -763690.000000
  Assigns: 696 692 486 11 606 539 692 634 45 87 648 385 634 696 742 358 391 424 287 539 730 118 149 358 539 607 535 662 482 393 73 715 45 607 743 193 118 653 163 89 730 101 280 45 174 371 280 742 287 241 241 482 287 696 53 2 193 101 578 715 551 297 293 90 206 743 443 535 293 706 64 316 241 163 87 53 385 371 241 293 11 101 742 606 201 385 482 482 241 103 539 634 149 706 551 201 293 149 149 89 696 539 181 393 742 366 10 64 287 261 206 197 358 181 607 301 87 287 293 578 393 662 486 197 358 241 10 90 53 662 2 653 103 611 443 443 197 73 201 53 280 118 163 201 743 174 486 424 297 443 206 193 118 53 607 149 371 692 539 366 706 371 358 73 578 393 634 90 101 90 611 706 45 297 381 578 103 424 293 662 90 706 149 692 73 89 385 743 606 293 606 611 730 193 261 118 358 349 149 706 634 706 261 90 611 393 64 535 653 297 371 181 10 287 287 535 578 391 181 287 696 181 103 742 241 241 606 730 89 73 607 11 64 101 715 87 73 89 10 73 87 381 118 539 730 662 551 385 535 742 2 349 681 391 193 706 181 539 634 197 2 424 181 11 681 287 101 103 381 103 206 73 181 163 742 206 174 358 73 297 486 193 206 607 297 706 293 730 371 301 715 297 261 118 742 64 653 366 648 87 206 551 634 287 692 174 371 149 391 316 181 101 293 648 482 696 391 2 486 101 358 730 743 301 535 391 174 45 11 87 606 45 634 103 90 443 715 11 181 366 87 482 535 742 486 349 163 293 89 611 2 742 662 486 103 316 73 53 297 535 539 101 118 706 535 551 297 653 393 73 371 45 103 181 653 201 681 293 280 45 358 174 607 653 681 149 393 366 181 385 349 316 424 103 730 174 163 2 486 486 103 73 174 607 482 742 174 539 11 648 730 424 197 539 715 743 64 45 118 715 45 385 201 201 261 393 261 301 381 64 45 261 424 349 149 2 648 301 89 443 2 662 64 149 696 393 743 742 648 316 424 607 743 634 742 87 87 103 53 349 87 103 606 385 681 11 2 64 391 87 64 87 193 611 64 280 653 90 366 653 706 358 681 163 73 482 2 381 653 45 681 201 692 287 316 11 241 634 287 64 87 393 316 371 607 280 662 103 692 730 662 101 482 90 10 280 486 53 715 742 280 316 87 174 715 206 696 648 535 90 539 118 730 206 301 730 45 706 280 101 443 87 696 662 692 692 73 90 118 301 73 653 287 742 743 197 648 201 634 201 90 280 2 193 371 706 681 648 653 301 197 371 607 742 606 149 89 653 358 358 301 90 11 89 743 89 662 539 103 89 64 287 393 393 103 443 385 89 64 706 280 197 648 715 696 301 64 385 535 2 578 349 10 696 385 606 381 539 11 578 486 197 261 89 90 696 381 201 193 443 443 11 64 482 53 681 611 611 743 486 90 551 486 45 578 197 606 193 10 486 743 648 149 551 551 101 206 696 241 385 197 89 366 424 73 197 11 715 424 53 696 297 551 578 578 90 10 742 366 606 181 482 715 261 662 366 90 103 381 692 174 662 743 163 174 715 53 535 181 578 287 118 163 662 443 174 181 349 578 366 45 201 101 371 181 706 692 73 101 118 118 551 696 715 653 424 715 606 692 301 535 293 385 715 611 10 101 2 297 653 607 393 706 692 634 381 73 681 653 696 
  Facilities: 60
 2 : 55 130 250 260 317 350 397 435 440 466 486 562 609 737
 10 : 106 126 212 238 514 612 648 676 735
 11 : 3 80 231 263 328 337 408 465 495 582 618 631 666
 45 : 8 32 43 172 327 331 371 379 417 420 430 489 536 643 710
 53 : 54 75 128 139 153 357 458 517 634 669 696
 64 : 70 107 206 232 295 416 429 442 467 470 474 499 590 598 606 632
 73 : 30 137 163 184 229 236 239 271 278 356 369 401 484 546 550 664 717 746
 87 : 9 74 116 235 240 299 329 340 455 456 460 469 471 500 522 541
 89 : 39 99 185 228 237 348 438 576 583 585 589 597 623 661
 90 : 63 127 167 169 180 203 334 477 513 529 547 560 581 624 640 675 686
 101 : 41 57 81 168 233 266 311 319 361 511 539 655 712 718 736
 103 : 89 132 176 222 267 269 333 354 372 393 400 457 461 507 588 594 687
 118 : 21 36 141 152 195 242 293 362 418 531 548 701 719 720
 149 : 22 92 97 98 155 182 198 307 385 434 443 575 652
 163 : 38 73 142 273 346 396 483 693 702
 174 : 44 145 276 305 326 381 395 402 406 523 690 694 705
 181 : 102 113 211 218 221 256 262 272 310 338 373 388 680 698 706 714
 193 : 35 56 151 193 254 281 472 563 628 647
 197 : 111 123 136 259 412 555 570 601 621 645 660 665
 201 : 84 95 138 143 375 422 423 491 557 559 627 711
 206 : 64 110 150 270 275 282 300 525 533 656
 241 : 49 50 72 78 88 125 224 225 496 658
 261 : 109 194 202 292 424 426 431 622 683
 280 : 42 46 140 378 475 505 515 520 538 561 600
 287 : 18 48 52 108 117 213 214 219 265 303 493 498 552 591 700
 293 : 62 68 79 96 118 178 189 286 312 347 377 731
 297 : 61 148 173 209 279 284 291 358 366 671 738
 301 : 115 289 323 427 437 534 549 569 580 605 729
 316 : 71 309 355 391 449 494 502 521
 349 : 197 251 345 390 433 459 611 707
 358 : 15 23 112 124 162 196 277 320 380 481 578 579
 366 : 105 159 297 339 387 478 662 678 685 709
 371 : 45 77 156 161 210 288 306 370 503 564 571 713
 381 : 174 241 268 428 487 616 626 688 745
 385 : 11 76 85 186 247 389 421 463 596 607 614 659 732
 391 : 16 217 253 308 316 325 468
 393 : 29 103 120 165 205 368 386 425 445 501 592 593 741
 424 : 17 147 177 261 392 411 432 450 663 668 725
 443 : 66 134 135 149 335 439 540 595 629 630 704
 482 : 28 51 86 87 314 341 404 485 512 633 681
 486 : 2 122 146 280 318 344 353 398 399 516 620 639 642 649
 535 : 26 67 207 215 248 324 342 359 364 528 608 697 730
 539 : 5 19 24 90 101 158 243 257 360 407 413 530 587 617
 551 : 60 94 246 301 365 641 653 654 672 721
 578 : 58 119 164 175 216 610 619 644 673 674 699 708
 606 : 4 83 188 190 226 330 462 574 615 646 679 727
 607 : 25 33 114 154 230 283 382 403 451 504 572 740
 611 : 133 170 191 204 349 473 636 637 734
 634 : 7 12 91 166 200 258 302 332 453 497 558 744
 648 : 10 298 313 409 436 448 527 556 567 602 651
 653 : 37 131 208 296 367 374 383 476 479 488 551 568 577 724 739 748
 662 : 27 121 129 179 245 352 441 506 510 543 586 684 691 703
 681 : 252 264 376 384 464 482 490 566 635 747
 692 : 1 6 157 183 304 492 508 544 545 689 716 728 743
 696 : 0 13 53 100 220 315 444 526 542 604 613 625 657 670 722 749
 706 : 69 93 160 171 181 199 201 255 285 363 480 537 565 599 715 742
 715 : 31 59 234 290 336 414 419 518 524 603 667 682 695 723 726 733
 730 : 20 40 192 227 244 287 321 394 410 509 532 535
 742 : 14 47 82 104 223 249 274 294 343 351 405 447 454 519 553 573 677
 743 : 34 65 144 187 322 415 446 452 554 584 638 650 692
SOLUTION:
  Value: -763693.000000
  Assigns: 332 692 486 302 99 539 692 464 45 10 648 582 634 261 10 464 391 424 287 539 163 118 149 358 539 302 535 662 482 393 73 715 332 424 73 193 118 653 163 89 391 101 302 45 679 302 280 73 287 241 241 482 287 634 53 271 11 101 578 715 171 297 293 90 206 504 11 535 293 706 64 302 241 163 534 53 606 715 241 293 504 16 634 606 424 193 482 482 241 99 319 384 149 706 271 171 271 149 149 89 332 319 181 393 393 319 303 445 287 261 206 89 358 181 384 301 78 287 293 578 393 662 486 715 358 241 10 445 53 662 2 653 103 582 582 118 706 73 78 53 280 118 163 332 99 303 486 424 297 634 206 332 118 319 681 149 11 692 539 366 706 424 358 73 578 393 634 90 101 90 582 706 45 679 381 534 103 464 332 662 464 706 149 692 16 302 16 534 606 293 606 445 445 193 261 118 358 271 99 706 634 706 261 90 582 393 64 535 653 297 45 302 10 287 287 535 578 391 181 332 319 181 319 99 241 241 606 445 89 73 78 11 64 101 303 271 73 89 10 73 486 78 118 539 534 662 445 101 535 384 2 293 681 391 193 706 181 539 634 78 2 424 181 11 681 287 101 103 381 103 206 73 181 163 424 206 482 358 73 297 486 193 206 679 297 78 293 303 648 301 715 171 261 118 679 64 653 366 648 287 206 534 634 287 692 692 391 149 679 99 181 464 293 648 482 681 391 2 193 101 358 171 384 301 445 391 53 45 11 486 332 45 445 103 90 271 715 11 181 366 78 482 535 16 486 280 163 582 89 464 2 99 662 486 103 679 73 53 297 535 539 101 118 171 535 679 297 653 393 73 445 45 332 181 303 2 681 293 280 45 358 2 582 653 681 149 393 366 181 539 171 16 445 103 271 171 163 2 486 486 103 73 384 319 482 692 358 539 11 648 504 424 103 539 715 681 64 45 118 302 45 582 332 103 261 393 261 301 301 64 45 261 424 679 149 464 648 301 89 193 2 662 64 149 384 393 366 393 648 384 424 16 332 634 287 692 271 103 53 297 486 103 606 287 681 11 2 64 391 78 271 302 193 504 332 280 653 534 366 653 706 358 681 163 73 482 2 381 653 45 681 582 692 287 606 11 241 634 287 332 163 393 534 293 582 280 662 302 692 302 662 101 482 90 10 280 486 302 715 464 280 16 261 11 715 206 78 648 535 90 539 303 16 206 301 118 45 706 280 101 332 280 280 662 692 692 73 332 118 303 73 653 582 535 11 297 648 303 634 504 90 280 2 193 535 706 681 648 653 301 241 332 101 535 606 149 303 384 358 358 301 271 504 89 464 89 662 539 103 89 319 287 393 582 103 445 445 89 64 706 280 692 648 715 332 301 679 504 535 2 578 53 10 648 206 606 381 445 11 578 319 78 261 89 90 78 381 366 193 679 534 11 64 482 302 681 464 534 99 486 90 302 486 45 578 319 606 464 10 486 271 648 149 303 534 101 534 78 241 271 16 464 366 424 73 303 11 715 424 53 715 297 64 578 578 90 10 193 366 606 181 482 715 261 662 366 90 445 381 692 464 662 634 163 504 715 53 535 181 578 287 118 163 662 424 391 181 384 578 366 45 464 101 78 181 706 692 73 101 118 118 78 319 715 653 534 715 606 692 301 445 293 149 715 679 10 101 2 297 653 101 393 706 692 634 381 73 681 653 384 
  Facilities: 60
 2 : 130 250 260 317 350 375 381 397 440 466 486 562 609 737
 10 : 9 14 126 212 238 514 612 648 676 735
 11 : 56 66 156 231 263 328 337 408 465 495 523 554 618 631 666
 16 : 81 184 186 343 391 451 521 532 660
 45 : 8 43 172 210 327 331 371 379 417 420 430 489 536 643 710
 53 : 54 75 128 139 326 357 458 611 669 696
 64 : 70 206 232 295 416 429 442 467 598 632 672
 73 : 30 34 47 137 163 229 236 239 271 278 356 369 401 484 546 550 664 717 746
 78 : 116 138 230 241 259 285 340 469 526 621 625 657 713 721
 89 : 39 99 111 228 237 348 438 583 585 589 597 623
 90 : 63 167 169 203 334 513 529 560 624 640 675 686
 99 : 4 89 144 198 223 309 351 638
 101 : 41 57 168 233 247 266 319 361 511 539 572 655 712 718 736 740
 103 : 132 176 267 269 333 354 393 400 412 423 457 461 588 594
 118 : 21 36 135 141 152 195 242 293 362 418 535 548 701 719 720
 149 : 22 92 97 98 155 182 307 385 434 443 575 652 732
 163 : 20 38 73 142 273 346 396 483 500 693 702
 171 : 60 95 291 321 363 390 395
 181 : 102 113 218 221 256 262 272 310 338 373 388 680 698 706 714
 193 : 35 85 193 254 281 318 439 472 563 628 677
 206 : 64 110 150 270 275 282 300 525 533 614
 241 : 49 50 72 78 88 125 224 225 496 570 658
 261 : 13 109 194 202 292 424 426 431 522 622 683
 271 : 55 94 96 197 235 335 394 456 470 581 650 659
 280 : 46 140 345 378 475 505 515 520 538 541 542 561 600
 287 : 18 48 52 108 117 213 214 265 299 303 454 463 493 498 591 700
 293 : 62 68 79 118 189 251 286 312 377 503 731
 297 : 61 148 209 279 284 358 366 459 555 671 738
 301 : 115 289 323 427 428 437 534 569 580 605 729
 302 : 3 25 42 45 71 185 211 419 471 507 509 517 634 641
 303 : 106 145 234 287 374 531 549 557 576 653 665
 319 : 90 101 105 153 220 222 403 590 620 645 722
 332 : 0 32 100 143 151 178 219 330 372 422 452 474 499 540 547 571 604
 358 : 23 112 124 162 196 277 320 380 406 481 578 579
 366 : 159 297 339 387 446 478 627 662 678 685 709
 381 : 174 268 487 616 626 688 745
 384 : 91 114 249 322 402 444 449 577 707 749
 391 : 16 40 217 253 306 316 325 468 705
 393 : 29 103 104 120 165 205 368 386 425 445 447 501 592 741
 424 : 17 33 84 147 161 261 274 411 432 450 663 668 704
 445 : 107 127 191 192 227 246 324 332 370 392 595 596 617 687 730
 464 : 7 15 177 180 311 349 435 519 584 636 647 661 690 711
 482 : 28 51 86 87 276 314 341 404 485 512 633 681
 486 : 2 122 146 240 280 329 344 353 398 399 460 516 639 642 649
 504 : 65 80 410 473 559 582 607 694
 534 : 74 175 187 244 301 477 502 630 637 654 656 725
 535 : 26 67 207 215 248 342 359 364 528 553 564 573 608 697
 539 : 5 19 24 158 243 257 360 389 407 413 530 587
 578 : 58 119 164 216 610 619 644 673 674 699 708
 582 : 11 133 134 170 204 347 382 421 491 504 552 593
 606 : 76 83 188 190 226 462 494 574 615 646 679 727
 634 : 12 53 82 149 166 200 258 302 453 497 558 692 744
 648 : 10 288 298 313 409 436 448 527 556 567 602 613 651
 653 : 37 131 208 296 367 383 476 479 488 551 568 724 739 748
 662 : 27 121 129 179 245 352 441 506 510 543 586 684 691 703
 679 : 44 173 283 294 308 355 365 433 606 629 734
 681 : 154 252 264 315 376 384 415 464 482 490 566 635 747
 692 : 1 6 157 183 304 305 405 455 492 508 544 545 601 689 716 728 743
 706 : 69 93 136 160 171 181 199 201 255 480 537 565 599 715 742
 715 : 31 59 77 123 290 336 414 518 524 603 667 670 682 695 723 726 733
SOLUTION:
  Value: -763696.000000
  Assigns: 696 692 486 11 606 539 692 464 45 87 648 385 634 696 742 464 391 424 287 539 730 118 149 358 539 607 535 662 482 393 73 715 45 607 743 607 118 653 662 89 730 101 280 45 174 371 280 742 287 241 241 482 287 696 53 2 11 101 578 715 551 297 293 90 206 743 443 535 293 706 64 316 241 30 87 53 385 371 621 293 11 416 742 606 201 385 482 482 241 103 539 634 149 621 551 201 416 149 149 89 696 539 181 393 742 416 10 64 287 261 206 197 358 181 607 301 87 287 293 578 393 662 486 197 358 241 10 90 53 662 2 653 103 611 443 443 197 73 201 53 280 118 206 464 743 174 486 424 297 443 206 30 118 30 607 149 371 692 539 366 706 371 358 73 578 393 634 90 101 90 611 706 45 297 381 578 103 464 293 662 464 706 149 692 73 89 385 743 416 621 606 611 730 371 261 118 358 621 149 706 634 706 261 90 611 393 64 535 653 297 371 181 10 287 287 535 578 391 181 287 696 181 103 742 241 241 606 730 89 73 607 11 64 101 715 87 73 89 30 73 87 381 118 539 730 662 551 385 535 742 2 349 681 391 416 706 181 539 634 197 2 424 181 11 681 287 101 103 381 103 206 73 30 621 742 206 174 358 73 297 486 30 206 416 297 706 293 730 371 301 715 297 261 118 742 64 653 366 648 87 206 551 634 287 692 174 371 149 391 316 181 464 293 648 482 696 391 2 486 101 358 730 743 301 535 391 174 45 11 87 621 45 634 103 90 443 715 11 181 366 87 482 535 30 486 349 611 293 89 611 621 742 662 486 103 316 73 53 297 535 539 101 118 706 535 551 297 653 393 73 371 45 103 181 653 201 681 293 280 45 358 174 607 653 681 149 393 366 181 385 349 316 424 103 730 174 393 2 30 486 30 73 174 607 482 742 174 539 11 648 730 424 197 539 715 743 64 45 118 621 45 385 201 416 261 393 261 301 381 64 45 261 424 349 149 464 648 301 89 443 2 662 64 149 696 393 743 742 648 316 424 607 743 634 742 87 87 103 53 349 87 103 606 385 681 11 2 64 391 87 64 87 621 611 64 30 653 90 366 653 706 358 681 416 73 482 2 381 621 45 681 201 692 287 316 11 241 634 287 621 87 393 316 371 607 280 662 103 692 730 662 101 482 90 10 280 486 53 715 742 280 316 87 174 715 206 696 648 535 90 539 118 730 206 301 730 45 706 280 101 443 87 280 662 692 692 73 90 118 30 73 653 287 742 743 197 648 201 634 201 90 280 2 443 371 706 681 30 653 301 197 371 607 742 606 149 89 653 358 358 301 90 11 89 743 89 662 539 103 89 64 287 393 393 103 443 385 89 64 706 280 197 648 715 696 301 64 385 535 2 578 349 10 696 385 606 381 539 11 578 486 197 261 89 90 696 381 201 692 443 443 11 64 482 53 681 464 611 743 486 90 551 486 45 578 197 606 464 10 486 743 648 149 551 551 101 206 696 241 385 197 464 366 424 73 197 11 715 424 53 696 297 551 578 578 90 10 742 366 606 181 482 715 261 621 366 90 103 381 692 174 662 743 87 174 715 53 535 181 578 287 118 416 662 443 174 181 349 578 366 45 464 101 371 181 706 692 73 101 118 118 551 696 715 653 424 715 606 692 301 535 293 385 715 611 10 101 2 297 653 607 393 706 692 634 381 73 681 653 696 
  Facilities: 62
 2 : 55 130 250 260 317 397 440 466 486 562 609 737
 10 : 106 126 212 514 612 648 676 735
 11 : 3 56 80 231 263 328 337 408 465 495 582 618 631 666
 30 : 73 151 153 238 272 281 343 398 400 475 549 567
 45 : 8 32 43 172 327 331 371 379 417 420 430 489 536 643 710
 53 : 54 75 128 139 357 458 517 634 669 696
 64 : 70 107 206 232 295 416 429 442 467 470 474 590 598 606 632
 73 : 30 137 163 184 229 236 239 271 278 356 369 401 484 546 550 664 717 746
 87 : 9 74 116 235 240 299 329 340 455 456 460 469 471 500 522 541 693
 89 : 39 99 185 228 237 348 438 576 583 585 589 597 623
 90 : 63 127 167 169 203 334 477 513 529 547 560 581 624 640 675 686
 101 : 41 57 168 233 266 319 361 511 539 655 712 718 736
 103 : 89 132 176 222 267 269 333 354 372 393 457 461 507 588 594 687
 118 : 21 36 141 152 195 242 293 362 418 531 548 701 719 720
 149 : 22 92 97 98 155 182 198 307 385 434 443 575 652
 174 : 44 145 276 305 326 381 395 402 406 523 690 694 705
 181 : 102 113 211 218 221 256 262 310 338 373 388 680 698 706 714
 197 : 111 123 136 259 412 555 570 601 621 645 660 665
 201 : 84 95 138 375 422 491 557 559 627
 206 : 64 110 142 150 270 275 282 300 525 533 656
 241 : 49 50 72 88 125 224 225 496 658
 261 : 109 194 202 292 424 426 431 622 683
 280 : 42 46 140 378 505 515 520 538 542 561 600
 287 : 18 48 52 108 117 213 214 219 265 303 493 498 552 591 700
 293 : 62 68 79 118 178 286 312 347 377 731
 297 : 61 148 173 209 279 284 291 358 366 671 738
 301 : 115 289 323 427 437 534 569 580 605 729
 316 : 71 309 355 391 449 494 502 521
 349 : 251 345 390 433 459 611 707
 358 : 23 112 124 162 196 277 320 380 481 578 579
 366 : 159 297 339 387 478 662 678 685 709
 371 : 45 77 156 161 193 210 288 306 370 503 564 571 713
 381 : 174 241 268 428 487 616 626 688 745
 385 : 11 76 85 186 247 389 421 463 596 607 614 659 732
 391 : 16 217 253 308 316 325 468
 393 : 29 103 120 165 205 368 386 396 425 445 501 592 593 741
 416 : 81 96 105 188 254 283 423 483 702
 424 : 17 147 261 392 411 432 450 663 668 725
 443 : 66 134 135 149 335 439 540 563 595 629 630 704
 464 : 7 15 143 177 180 311 435 636 647 661 711
 482 : 28 51 86 87 314 341 404 485 512 633 681
 486 : 2 122 146 280 318 344 353 399 516 620 639 642 649
 535 : 26 67 207 215 248 324 342 359 364 528 608 697 730
 539 : 5 19 24 90 101 158 243 257 360 407 413 530 587 617
 551 : 60 94 246 301 365 641 653 654 672 721
 578 : 58 119 164 175 216 610 619 644 673 674 699 708
 606 : 4 83 190 226 462 574 615 646 679 727
 607 : 25 33 35 114 154 230 382 403 451 504 572 740
 611 : 133 170 191 204 346 349 473 637 734
 621 : 78 93 189 197 273 330 350 419 472 488 499 684
 634 : 12 91 166 200 258 302 332 453 497 558 744
 648 : 10 298 313 409 436 448 527 556 602 651
 653 : 37 131 208 296 367 374 383 476 479 551 568 577 724 739 748
 662 : 27 38 121 129 179 245 352 441 506 510 543 586 691 703
 681 : 252 264 376 384 464 482 490 566 635 747
 692 : 1 6 157 183 304 492 508 544 545 628 689 716 728 743
 696 : 0 13 53 100 220 315 444 526 604 613 625 657 670 722 749
 706 : 69 160 171 181 199 201 255 285 363 480 537 565 599 715 742
 715 : 31 59 234 290 336 414 518 524 603 667 682 695 723 726 733
 730 : 20 40 192 227 244 287 321 394 410 509 532 535
 742 : 14 47 82 104 223 249 274 294 351 405 447 454 519 553 573 677
 743 : 34 65 144 187 322 415 446 452 554 584 638 650 692
SOLUTION:
  Value: -763696.000000
  Assigns: 696 692 486 11 578 113 692 464 671 87 706 385 634 696 586 464 391 734 287 643 402 118 149 358 197 480 535 662 739 393 567 653 45 658 743 739 118 653 662 586 95 101 101 45 420 420 643 73 287 113 241 643 287 696 53 658 11 739 578 2 551 634 420 90 206 504 11 535 358 706 64 316 241 30 87 53 385 567 241 634 504 416 643 396 734 385 486 743 241 103 739 634 149 706 551 739 416 149 149 89 696 233 181 393 393 416 303 64 287 261 206 197 358 181 316 301 87 287 535 578 393 662 486 197 358 241 739 90 53 662 2 653 103 611 206 118 197 73 396 53 743 118 206 95 743 303 486 424 206 385 206 30 118 30 103 149 11 692 95 385 706 424 358 73 578 393 634 90 101 90 658 95 45 551 402 734 103 464 303 662 464 706 149 692 73 643 385 743 416 420 30 611 464 634 586 118 358 396 149 706 634 95 261 90 611 393 64 535 653 734 45 181 233 287 287 535 578 391 181 287 696 181 103 12 241 241 90 385 89 73 578 11 64 101 303 87 73 89 30 73 87 658 118 12 12 662 113 385 535 385 2 385 95 391 416 706 181 706 634 197 2 424 181 11 12 287 101 734 420 103 206 73 30 12 424 206 416 734 73 396 586 30 206 416 95 706 149 303 653 301 30 643 261 118 11 64 653 358 30 734 206 551 634 287 692 692 391 149 391 420 181 464 206 643 739 696 391 2 486 101 358 567 586 301 535 391 53 567 11 87 233 45 634 103 90 396 671 11 181 739 87 287 535 30 486 662 611 233 89 611 2 658 662 486 103 316 671 53 578 113 241 101 118 706 535 551 662 480 393 73 197 45 103 181 303 2 241 696 734 45 358 2 743 653 402 149 671 113 181 385 206 316 567 103 402 586 480 2 30 486 30 73 12 658 95 692 358 402 11 113 504 424 197 402 567 743 64 45 118 739 45 385 118 416 261 12 643 734 301 64 45 261 424 396 149 464 233 301 94 671 2 662 64 149 696 393 743 393 94 316 424 643 743 634 287 87 233 739 53 12 94 103 578 567 94 11 2 64 391 480 233 658 671 504 480 30 671 90 206 653 706 358 87 416 73 486 2 567 653 45 11 303 692 287 316 11 241 634 287 94 87 393 316 402 696 567 662 420 692 396 662 101 45 734 233 113 486 53 739 464 113 316 87 11 480 206 696 95 535 90 94 303 94 206 301 739 45 706 103 101 233 87 696 662 692 692 73 586 118 303 73 653 287 586 743 197 94 12 567 504 90 658 2 402 535 706 586 30 653 396 197 567 101 535 385 149 303 653 358 358 301 90 504 89 743 89 662 287 396 89 64 287 393 658 103 396 385 89 64 706 402 197 696 12 696 734 64 504 535 2 578 734 402 696 385 734 653 402 11 578 486 197 261 89 90 643 464 653 692 480 734 11 64 658 12 396 464 611 743 486 90 551 486 45 578 671 696 464 567 486 743 94 149 551 551 101 206 480 241 396 197 464 586 424 73 303 11 206 424 53 696 396 551 578 578 90 396 113 662 734 181 464 241 261 662 73 420 480 611 692 396 662 743 113 658 89 53 535 420 578 287 118 416 662 424 402 181 12 578 316 45 464 101 658 181 706 692 12 101 118 118 551 696 402 653 424 416 94 692 301 535 45 385 393 611 653 101 2 113 653 101 396 706 692 634 241 73 181 653 696 
  Facilities: 59
 2 : 59 130 250 260 317 350 375 381 397 440 466 486 562 609 737
 11 : 3 56 66 156 231 263 294 328 337 408 465 490 495 523 618 631 666
 12 : 223 243 244 264 273 402 425 459 557 603 634 707 717
 30 : 73 151 153 190 238 272 281 290 298 343 398 400 475 567
 45 : 32 43 172 210 331 371 379 417 420 430 489 512 536 643 710 731
 53 : 54 75 128 139 326 357 458 517 669 696
 64 : 70 107 206 232 295 416 429 442 467 590 598 606 632
 73 : 47 137 163 184 229 236 239 271 278 369 401 484 546 550 664 685 746
 87 : 9 74 116 235 240 329 340 455 482 500 522 541
 89 : 99 228 237 348 583 585 589 597 623 695
 90 : 63 127 167 169 203 226 334 477 529 560 581 624 640 675
 94 : 438 448 460 464 499 530 532 556 651 727
 95 : 40 143 158 171 201 252 284 404 527
 101 : 41 42 168 233 266 319 361 511 539 572 655 712 718 736 740
 103 : 89 132 154 176 222 269 333 354 372 393 461 538 594
 113 : 5 49 246 359 387 409 515 520 677 693 738
 118 : 21 36 135 141 152 195 242 293 362 418 422 548 701 719 720
 149 : 22 92 97 98 155 182 198 286 307 385 434 443 575 652
 181 : 102 113 211 218 221 256 262 310 338 373 388 680 706 714 747
 197 : 24 111 123 136 259 370 412 555 570 601 621 660
 206 : 64 110 134 142 148 150 270 275 282 300 312 390 478 525 533 656 667
 233 : 101 212 330 347 436 456 470 514 540
 241 : 50 72 78 88 125 224 225 360 376 496 658 682 745
 261 : 109 202 292 424 431 622 683
 287 : 18 48 52 108 117 213 214 219 265 303 341 454 493 498 552 587 591 700
 301 : 115 289 323 428 437 534 580 729
 303 : 106 145 178 234 287 374 491 531 549 576 665
 316 : 71 114 355 391 449 494 502 521 709
 358 : 23 68 112 124 162 196 297 320 380 406 481 578 579
 385 : 11 76 85 149 159 186 227 247 249 251 389 421 574 596 614 732
 391 : 16 217 253 306 308 316 325 468
 393 : 29 103 104 120 165 205 368 445 447 501 592 733
 396 : 83 138 197 279 335 433 509 569 588 595 635 659 671 676 690 741
 402 : 20 174 384 394 407 413 503 563 600 612 617 705 723
 416 : 81 96 105 188 254 276 283 423 483 702 726
 420 : 44 45 62 189 268 309 507 686 698
 424 : 147 161 261 274 411 432 450 663 668 704 725
 464 : 7 15 177 180 192 311 435 519 626 636 647 661 681 711
 480 : 25 367 396 469 474 524 629 657 687
 486 : 2 86 122 146 318 344 353 399 485 516 620 639 642 649
 504 : 65 80 410 473 559 582 607
 535 : 26 67 118 207 215 248 324 342 364 528 564 573 608 697 730
 551 : 60 94 173 301 365 641 653 654 672 721
 567 : 30 77 321 327 392 414 463 487 505 558 571 648
 578 : 4 58 119 164 216 230 358 462 610 619 644 673 674 699 708
 586 : 14 39 194 280 322 395 547 553 566 662
 611 : 133 191 204 346 349 637 688 734
 634 : 12 61 79 91 166 193 200 258 302 332 453 497 744
 643 : 19 46 51 82 185 291 313 426 451 625
 653 : 31 37 131 208 288 296 383 479 488 551 568 577 616 627 724 735 739 748
 658 : 33 55 170 241 351 403 471 561 593 633 694 713
 662 : 27 38 121 129 179 245 345 352 366 441 506 510 543 586 678 684 691 703
 671 : 8 336 356 386 439 472 476 645
 692 : 1 6 157 183 304 305 405 492 508 544 545 628 689 716 728 743
 696 : 0 13 53 100 220 315 377 444 504 526 542 602 604 613 646 670 722 749
 706 : 10 69 93 160 181 199 255 257 285 363 480 537 565 599 715 742
 734 : 17 84 175 209 267 277 299 378 427 513 605 611 615 630 679
 739 : 28 35 57 90 95 126 314 339 419 457 518 535
 743 : 34 87 140 144 187 382 415 446 452 554 584 638 650 692
SOLUTION:
  Value: -763696.000000
  Assigns: 332 546 486 11 606 539 692 308 45 87 648 385 634 261 742 358 391 424 287 539 163 118 149 358 539 64 535 662 482 534 73 715 332 424 743 193 118 653 163 89 391 101 280 45 420 420 280 742 287 241 241 482 287 128 53 2 128 101 578 502 171 634 293 90 206 504 11 535 293 706 64 308 241 163 87 53 385 715 241 293 504 101 742 606 308 385 546 482 241 128 539 384 149 706 606 171 293 149 149 89 332 539 181 539 742 366 10 204 287 261 206 197 358 181 384 546 87 287 293 578 197 662 486 197 358 241 10 502 53 662 2 653 103 502 206 118 197 204 396 53 280 118 163 332 128 10 486 424 206 385 206 332 118 502 103 149 11 692 539 366 706 424 358 73 578 539 634 90 101 715 385 706 45 679 366 534 103 424 332 662 90 706 149 692 204 89 385 743 606 420 606 384 424 193 261 118 358 396 149 706 634 706 261 90 287 89 64 535 653 502 45 181 10 287 287 535 578 391 181 332 118 181 103 742 241 241 606 385 89 73 578 11 64 101 715 87 73 89 10 73 204 128 118 539 534 662 502 385 535 742 2 385 308 391 193 706 181 539 634 197 2 424 181 11 45 287 101 103 420 103 206 73 181 163 742 206 482 358 73 396 486 193 206 679 502 706 293 204 648 301 715 171 261 118 742 64 653 366 204 87 206 534 634 287 692 692 391 128 679 420 181 101 293 648 482 692 391 2 486 101 358 171 384 301 535 391 53 45 11 87 332 45 634 103 90 204 715 11 181 366 87 482 535 742 204 280 163 308 89 197 2 742 662 486 103 679 546 53 578 535 539 101 118 171 535 679 662 653 662 73 197 45 332 181 653 2 128 293 280 45 358 2 743 653 679 149 546 366 181 385 171 679 424 103 261 171 163 2 486 486 103 73 384 308 204 742 358 539 11 648 504 424 197 539 715 743 64 45 118 715 45 385 332 103 261 486 261 301 301 64 45 261 424 396 149 2 648 301 89 193 2 662 64 149 384 332 743 742 648 384 424 546 743 634 742 87 87 103 53 204 87 103 606 385 546 11 2 64 391 87 204 546 193 504 546 280 653 534 366 653 706 358 87 163 73 482 2 308 653 45 11 293 692 287 606 11 241 634 287 332 87 535 534 420 502 280 662 420 692 396 662 101 482 90 10 280 486 53 502 742 280 502 87 11 715 206 535 128 535 90 539 118 502 206 301 118 45 706 280 101 332 87 280 662 692 692 73 332 118 301 308 653 287 742 743 197 648 308 634 504 90 280 2 193 535 706 128 648 653 396 197 332 101 742 606 149 89 384 358 358 301 90 204 89 743 89 662 539 396 89 64 287 308 128 103 396 385 89 64 706 280 197 648 715 332 301 679 504 535 2 578 204 10 648 385 606 653 502 11 578 486 197 261 89 90 293 308 366 193 679 534 11 64 482 332 396 206 534 743 486 90 89 486 45 578 197 606 193 10 486 743 648 149 64 534 101 534 89 241 396 197 89 366 424 73 308 11 715 424 53 715 396 64 578 204 90 396 742 128 606 181 482 715 261 662 366 420 103 308 692 396 662 743 163 504 715 53 535 308 578 287 118 163 662 424 391 181 384 578 366 45 2 101 332 181 706 692 73 101 118 118 206 261 715 653 534 715 606 692 301 535 293 385 715 679 10 101 2 11 653 101 396 706 692 634 546 73 181 653 384 
  Facilities: 58
 2 : 55 130 250 260 317 350 375 381 397 435 440 466 486 562 609 711 737
 10 : 106 126 145 212 238 514 612 648 735
 11 : 3 66 156 231 263 328 337 408 465 490 495 523 618 631 666 738
 45 : 8 43 172 210 264 327 331 371 379 417 420 430 489 536 643 710
 53 : 54 75 128 139 326 357 458 517 669 696
 64 : 25 70 206 232 295 416 429 442 467 590 598 632 653 672
 73 : 30 163 229 236 239 271 278 369 401 484 546 664 717 746
 87 : 9 74 116 235 299 329 340 455 456 460 469 482 500 522 541
 89 : 39 99 185 205 228 237 348 438 576 583 585 589 597 623 641 657 661
 90 : 63 167 180 203 334 513 529 560 581 624 640 675
 101 : 41 57 81 168 233 266 311 319 361 511 539 572 655 712 718 736 740
 103 : 132 154 176 222 267 269 333 354 393 400 423 457 461 594 687
 118 : 21 36 135 141 152 195 220 242 293 362 418 531 535 548 701 719 720
 128 : 53 56 89 144 241 307 376 527 566 593 678
 149 : 22 92 97 98 155 182 198 385 434 443 575 652
 163 : 20 38 73 142 273 346 396 483 693 702
 171 : 60 95 291 321 363 390 395
 181 : 102 113 211 218 221 256 262 272 310 338 373 388 680 706 714 747
 193 : 35 193 254 281 439 472 563 628 647
 197 : 111 120 123 136 259 349 370 412 555 570 601 621 645 660
 204 : 107 137 184 240 287 298 335 344 404 459 470 582 611 674
 206 : 64 110 134 148 150 270 275 282 300 525 533 636 721
 241 : 49 50 72 78 88 125 224 225 496 658
 261 : 13 109 194 202 292 394 424 426 431 622 683 722
 280 : 42 46 140 345 378 475 505 515 520 538 542 561 600
 287 : 18 48 52 108 117 204 213 214 265 303 493 498 552 591 700
 293 : 62 68 79 96 118 286 312 377 491 625 731
 301 : 289 323 427 428 437 534 549 580 605 729
 308 : 7 71 84 252 347 403 487 550 557 592 626 665 688 698
 332 : 0 32 100 143 151 178 219 330 372 422 445 499 540 547 571 604 634 713
 358 : 15 23 112 124 162 196 277 320 380 406 481 578 579
 366 : 105 159 174 297 339 387 478 627 662 685 709
 384 : 91 114 191 322 402 444 449 577 707 749
 385 : 11 76 85 149 170 186 227 247 251 389 421 463 596 614 732
 391 : 16 40 217 253 306 316 325 468 705
 396 : 138 197 279 433 509 569 588 595 635 659 671 676 690 741
 420 : 44 45 189 268 309 503 507 686
 424 : 17 33 147 161 177 192 261 392 411 432 450 663 668 704
 482 : 28 51 87 276 314 341 485 512 633 681
 486 : 2 122 146 280 318 353 398 399 425 516 620 639 642 649
 502 : 59 127 133 153 209 246 284 504 518 521 532 617
 504 : 65 80 410 473 559 607 694
 534 : 29 175 244 301 477 502 630 637 654 656 725
 535 : 26 67 207 215 248 324 342 359 364 501 526 528 564 608 697 730
 539 : 5 19 24 90 101 103 158 165 243 257 360 407 413 530 587
 546 : 1 86 115 356 386 451 464 471 474 745
 578 : 58 119 164 216 230 358 610 619 644 673 699 708
 606 : 4 83 94 188 190 226 462 494 574 615 646 679 727
 634 : 12 61 166 200 258 302 332 453 497 558 744
 648 : 10 288 313 409 436 448 556 567 602 613 651
 653 : 37 131 208 296 367 374 383 476 479 488 551 568 616 724 739 748
 662 : 27 121 129 179 245 352 366 368 441 506 510 543 586 684 691 703
 679 : 173 283 308 355 365 384 391 606 629 734
 692 : 6 157 183 304 305 315 492 508 544 545 689 716 728 743
 706 : 69 93 160 171 181 199 201 255 285 480 537 565 599 715 742
 715 : 31 77 169 234 290 336 414 419 524 603 667 670 682 695 723 726 733
 742 : 14 47 82 104 223 249 274 294 343 351 405 447 454 519 553 573 677
 743 : 34 187 382 415 446 452 554 584 638 650 692
