# Time: 27.959999
# Elapsed: 8.131945
# Input_file: splp/PCodes/2134PCodesS.txt
# Pool_size: 1000
# Iterations: 51
# Final_solutions: 49128
# Vision_range: 0
# Reduction_mode: REDUCTION_RANDOM
SOLUTION:
  Value: -102179.000000
  Assigns: 32 17 66 7 36 7 7 7 8 41 8 43 8 29 30 7 17 81 19 51 20 20 30 7 8 29 27 27 29 29 30 27 32 32 32 51 100 45 36 7 41 45 40 43 45 45 110 43 32 57 48 19 36 21 62 51 40 57 122 43 62 29 126 62 66 97 66 66 100 85 66 7 8 77 66 91 77 109 110 77 81 81 66 19 92 21 118 85 92 81 91 91 92 29 92 91 97 97 66 97 36 97 100 103 40 109 110 43 109 45 126 110 48 81 118 51 100 116 116 118 122 57 122 91 92 109 126 126 
  Facilities: 34
 7 : 3 5 6 7 15 23 39 71
 8 : 8 10 12 24 72
 17 : 1 16
 19 : 18 51 83
 20 : 20 21
 21 : 53 85
 27 : 26 27 31
 29 : 13 25 28 29 61 93
 30 : 14 22 30
 32 : 0 32 33 34 48
 36 : 4 38 52 100
 40 : 42 56 104
 41 : 9 40
 43 : 11 43 47 59 107
 45 : 37 41 44 45 109
 48 : 50 112
 51 : 19 35 55 115
 57 : 49 57 121
 62 : 54 60 63
 66 : 2 64 66 67 70 74 82 98
 77 : 73 76 79
 81 : 17 80 81 89 113
 85 : 69 87
 91 : 75 90 91 95 123
 92 : 84 88 92 94 124
 97 : 65 96 97 99 101
 100 : 36 68 102 116
 103 : 103
 109 : 77 105 108 125
 110 : 46 78 106 111
 116 : 117 118
 118 : 86 114 119
 122 : 58 120 122
 126 : 62 110 126 127
SOLUTION:
  Value: -105167.000000
  Assigns: 32 1 66 1 36 1 7 7 8 41 8 43 8 29 30 7 48 81 19 19 20 20 30 7 8 29 27 27 29 29 30 27 32 1 32 43 100 45 36 7 41 45 40 43 45 45 110 43 32 57 48 19 36 21 62 119 40 57 122 43 62 29 126 62 66 97 66 66 100 85 66 7 8 77 66 91 77 109 110 77 81 81 66 19 92 21 118 85 92 81 91 91 92 29 92 91 97 97 66 99 36 97 100 119 40 109 110 43 109 45 126 110 48 81 118 119 100 116 116 118 122 57 122 91 92 109 126 126 
  Facilities: 35
 1 : 1 3 5 33
 7 : 6 7 15 23 39 71
 8 : 8 10 12 24 72
 19 : 18 19 51 83
 20 : 20 21
 21 : 53 85
 27 : 26 27 31
 29 : 13 25 28 29 61 93
 30 : 14 22 30
 32 : 0 32 34 48
 36 : 4 38 52 100
 40 : 42 56 104
 41 : 9 40
 43 : 11 35 43 47 59 107
 45 : 37 41 44 45 109
 48 : 16 50 112
 57 : 49 57 121
 62 : 54 60 63
 66 : 2 64 66 67 70 74 82 98
 77 : 73 76 79
 81 : 17 80 81 89 113
 85 : 69 87
 91 : 75 90 91 95 123
 92 : 84 88 92 94 124
 97 : 65 96 97 101
 99 : 99
 100 : 36 68 102 116
 103 :
 109 : 77 105 108 125
 110 : 46 78 106 111
 116 : 117 118
 118 : 86 114 119
 119 : 55 103 115
 122 : 58 120 122
 126 : 62 110 126 127
SOLUTION:
  Value: -108162.000000
  Assigns: 32 9 10 11 68 21 14 23 72 9 42 11 76 9 78 14 18 81 18 23 20 20 18 55 24 9 24 91 20 21 14 23 32 33 42 33 32 33 54 55 32 43 42 11 108 61 14 43 32 33 54 55 54 55 118 119 24 61 42 43 61 61 126 55 72 67 67 67 76 68 78 67 74 72 72 67 76 76 74 78 112 81 114 81 20 21 118 119 24 73 91 91 76 89 126 91 112 33 114 67 108 117 118 119 72 73 107 107 76 108 126 107 112 81 118 119 117 117 54 119 112 89 114 107 108 61 126 126 
  Facilities: 36
 9 : 1 9 13 25
 10 : 2
 11 : 3 11 43
 14 : 6 15 30 46
 18 : 16 18 22
 20 : 20 21 28 84
 21 : 5 29 85
 23 : 7 19 31
 24 : 24 26 56 88
 32 : 0 32 36 40 48
 33 : 33 35 37 49 97
 42 : 10 34 42 58
 43 : 41 47 59
 54 : 38 50 52 118
 55 : 23 39 51 53 63
 58 :
 59 :
 61 : 45 57 60 61 125
 67 : 65 66 67 71 75 99
 68 : 4 69
 72 : 8 64 73 74 104
 73 : 89 105
 74 : 72 78
 76 : 12 68 76 77 92 108
 78 : 14 70 79
 81 : 17 81 83 113
 89 : 93 121
 91 : 27 90 91 95
 107 : 106 107 111 123
 108 : 44 100 109 124
 112 : 80 96 112 120
 114 : 82 98 122
 117 : 101 116 117
 118 : 54 86 102 114
 119 : 55 87 103 115 119
 126 : 62 94 110 126 127
SOLUTION:
  Value: -108162.000000
  Assigns: 32 9 10 11 68 21 14 15 72 9 42 11 76 15 78 14 18 81 18 18 20 20 18 55 24 9 24 91 20 21 14 15 32 33 42 33 32 33 54 55 32 43 42 11 108 61 14 43 32 33 54 55 54 55 118 119 24 61 42 43 61 61 126 55 72 67 67 67 76 68 78 67 74 72 72 67 76 76 74 15 112 81 114 81 20 21 118 119 24 73 91 91 76 89 126 91 112 33 114 67 108 117 118 119 72 73 107 107 76 108 126 107 112 81 118 119 117 117 54 119 112 89 114 107 108 61 126 126 
  Facilities: 36
 9 : 1 9 25
 10 : 2
 11 : 3 11 43
 14 : 6 15 30 46
 15 : 7 13 31 79
 18 : 16 18 19 22
 20 : 20 21 28 84
 21 : 5 29 85
 24 : 24 26 56 88
 32 : 0 32 36 40 48
 33 : 33 35 37 49 97
 42 : 10 34 42 58
 43 : 41 47 59
 54 : 38 50 52 118
 55 : 23 39 51 53 63
 58 :
 59 :
 61 : 45 57 60 61 125
 67 : 65 66 67 71 75 99
 68 : 4 69
 72 : 8 64 73 74 104
 73 : 89 105
 74 : 72 78
 76 : 12 68 76 77 92 108
 78 : 14 70
 81 : 17 81 83 113
 89 : 93 121
 91 : 27 90 91 95
 107 : 106 107 111 123
 108 : 44 100 109 124
 112 : 80 96 112 120
 114 : 82 98 122
 117 : 101 116 117
 118 : 54 86 102 114
 119 : 55 87 103 115 119
 126 : 62 94 110 126 127
SOLUTION:
  Value: -111158.000000
  Assigns: 0 5 18 11 4 5 4 5 10 41 74 11 4 5 10 11 18 81 18 27 20 20 18 55 56 27 27 27 20 61 62 95 32 32 38 34 38 53 38 38 41 43 34 11 108 41 110 43 32 57 58 115 20 55 38 55 56 56 56 43 56 61 58 55 0 67 67 67 4 85 86 87 74 77 74 67 108 93 74 77 112 81 86 67 86 85 86 87 89 81 74 95 93 95 86 95 112 101 98 115 101 101 38 101 108 41 110 43 110 77 108 110 112 81 115 115 112 53 86 117 112 57 58 115 108 61 62 95 
  Facilities: 37
 0 : 0 64
 4 : 4 6 12 68
 5 : 1 5 7 13
 10 : 8 14
 11 : 3 11 15 43
 18 : 2 16 18 22
 20 : 20 21 28 52
 27 : 19 25 26 27
 32 : 32 33 48
 34 : 35 42
 38 : 34 36 38 39 54 102
 41 : 9 40 45 105
 43 : 41 47 59 107
 53 : 37 117
 55 : 23 53 55 63
 56 : 24 56 57 58 60
 57 : 49 121
 58 : 50 62 122
 61 : 29 61 125
 62 : 30 126
 67 : 65 66 67 75 83
 74 : 10 72 74 78 90
 77 : 73 79 109
 81 : 17 81 89 113
 85 : 69 85
 86 : 70 82 84 86 94 118
 87 : 71 87
 89 : 88
 93 : 77 92
 95 : 31 91 93 95 127
 98 : 98
 101 : 97 100 101 103
 108 : 44 76 104 110 124
 110 : 46 106 108 111
 112 : 80 96 112 116 120
 115 : 51 99 114 115 123
 117 : 119
SOLUTION:
  Value: -111169.000000
  Assigns: 0 0 66 19 0 37 7 39 10 8 14 10 28 77 46 14 17 19 50 83 28 17 22 22 28 17 58 31 28 28 31 31 96 37 50 39 37 39 54 37 8 57 46 107 46 37 110 46 112 57 54 19 116 37 50 39 120 57 50 123 124 57 46 31 0 81 66 83 76 101 66 7 76 77 66 107 76 76 14 77 80 17 66 19 116 117 22 86 80 81 122 123 124 77 86 31 98 101 96 107 101 101 110 101 120 107 107 107 124 77 46 107 80 81 114 83 124 101 116 117 122 57 114 107 124 124 122 123 
  Facilities: 37
 0 : 0 1 4 64
 7 : 6 71
 8 : 9 40
 10 : 8 11
 14 : 10 15 78
 17 : 16 21 25 81
 19 : 3 17 51 83
 22 : 22 23 86
 28 : 12 20 24 28 29
 31 : 27 30 31 63 95
 37 : 5 33 36 39 45 53
 39 : 7 35 37 55
 46 : 14 42 44 47 62 110
 50 : 18 34 54 58
 54 : 38 50
 57 : 41 49 57 61 121
 58 : 26
 66 : 2 66 70 74 82
 76 : 68 72 76 77
 77 : 13 73 79 93 109
 80 : 80 88 112
 81 : 65 89 113
 83 : 19 67 115
 86 : 87 94
 96 : 32 98
 98 : 96
 101 : 69 97 100 101 103 117
 107 : 43 75 99 105 106 107 111 123
 110 : 46 102
 112 : 48
 114 : 114 122
 116 : 52 84 118
 117 : 85 119
 120 : 56 104
 122 : 90 120 126
 123 : 59 91 127
 124 : 60 92 108 116 124 125
SOLUTION:
  Value: -111172.000000
  Assigns: 0 0 18 2 6 37 7 6 0 11 42 11 4 77 46 11 16 81 82 83 16 21 18 7 16 57 90 11 92 21 94 63 0 37 42 35 37 37 6 37 42 57 106 11 46 37 46 46 52 57 18 35 116 61 52 119 57 61 42 63 124 61 46 61 0 64 64 83 4 68 6 7 64 77 90 11 92 77 94 77 16 83 82 81 92 21 86 86 90 81 82 95 124 95 86 95 97 105 106 99 68 97 103 119 105 105 106 105 124 77 106 103 116 81 82 119 124 119 116 119 121 105 106 121 92 61 94 119 
  Facilities: 37
 0 : 0 1 8 32 64
 2 : 3
 4 : 12 68
 6 : 4 7 38 70
 7 : 6 23 71
 11 : 9 11 15 27 43 75
 16 : 16 20 24 80
 18 : 2 22 50
 21 : 21 29 85
 35 : 35 51
 37 : 5 33 36 37 39 45
 42 : 10 34 40 58
 46 : 14 44 46 47 62
 52 : 48 54
 57 : 25 41 49 56
 61 : 53 57 61 63 125
 63 : 31 59
 64 : 65 66 72
 68 : 69 100
 77 : 13 73 77 79 109
 81 : 17 83 89 113
 82 : 18 82 90 114
 83 : 19 67 81
 86 : 86 87 94
 90 : 26 74 88
 92 : 28 76 84 124
 94 : 30 78 126
 95 : 91 93 95
 97 : 96 101
 99 : 99
 103 : 102 111
 105 : 97 104 105 107 121
 106 : 42 98 106 110 122
 116 : 52 112 118
 119 : 55 103 115 117 119 127
 121 : 120 123
 124 : 60 92 108 116
SOLUTION:
  Value: -114150.000000
  Assigns: 4 9 34 67 36 13 4 15 24 41 74 15 13 15 78 79 48 19 82 51 52 20 30 55 24 24 24 26 20 13 30 15 34 49 34 34 100 36 36 47 41 9 34 47 36 13 47 47 49 49 48 49 36 55 55 55 24 49 26 123 124 61 30 55 96 64 67 67 69 69 78 69 74 89 78 67 108 69 74 15 82 89 82 19 86 117 86 86 24 121 82 123 124 89 86 79 96 96 96 107 108 69 100 119 96 121 107 123 100 108 108 107 48 121 82 119 100 117 116 117 121 123 123 121 116 61 124 123 
  Facilities: 38
 4 : 0 6
 9 : 1 41
 13 : 5 12 29 45
 15 : 7 11 13 31 79
 19 : 17 83
 20 : 21 28
 24 : 8 24 25 26 56 88
 26 : 27 58
 30 : 22 30 62
 34 : 2 32 34 35 42
 36 : 4 37 38 44 52
 41 : 9 40
 47 : 39 43 46 47
 48 : 16 50 112
 49 : 33 48 49 51 57
 51 : 19
 52 : 20
 55 : 23 53 54 55 63
 61 : 61 125
 64 : 65
 67 : 3 66 67 75
 69 : 68 69 71 77 101
 74 : 10 72 78
 78 : 14 70 74
 79 : 15 95
 82 : 18 80 82 90 114
 86 : 84 86 87 94
 89 : 73 81 93
 96 : 64 96 97 98 104
 100 : 36 102 108 116
 107 : 99 106 111
 108 : 76 100 109 110
 116 : 118 124
 117 : 85 117 119
 119 : 103 115
 121 : 89 105 113 120 123
 123 : 59 91 107 121 122 127
 124 : 60 92 126
SOLUTION:
  Value: -114155.000000
  Assigns: 4 3 3 3 4 13 4 3 12 41 14 3 12 12 12 79 80 19 50 3 52 20 20 55 26 57 58 31 20 13 31 95 33 33 50 3 100 33 102 35 41 57 46 35 12 13 14 46 50 57 58 19 52 55 50 55 60 57 50 57 60 125 126 55 72 69 70 3 84 69 102 69 104 72 72 79 12 69 79 79 80 80 80 19 20 85 70 85 80 121 26 95 84 95 95 31 104 105 102 35 100 69 100 102 104 105 104 105 100 105 126 111 80 121 118 51 100 125 102 118 121 125 58 121 125 125 126 125 
  Facilities: 38
 3 : 1 2 3 7 11 19 35 67
 4 : 0 4 6
 12 : 8 12 13 14 44 76
 13 : 5 29 45
 14 : 10 46
 19 : 17 51 83
 20 : 21 22 28 84
 26 : 24 90
 31 : 27 30 95
 33 : 32 33 37
 35 : 39 43 99
 41 : 9 40
 46 : 42 47
 50 : 18 34 48 54 58
 51 : 115
 52 : 20 52
 55 : 23 53 55 63
 57 : 25 41 49 57 59
 58 : 26 50 122
 60 : 56 60
 62 :
 69 : 65 69 71 77 101
 70 : 66 86
 72 : 64 73 74
 79 : 15 75 78 79
 80 : 16 80 81 82 88 112
 84 : 68 92
 85 : 85 87
 95 : 31 91 93 94
 100 : 36 100 102 108 116
 102 : 38 70 98 103 118
 104 : 72 96 104 106
 105 : 97 105 107 109
 111 : 111
 118 : 114 119
 121 : 89 113 120 123
 125 : 61 117 121 124 125 127
 126 : 62 110 126
SOLUTION:
  Value: -117145.000000
  Assigns: 32 1 18 2 6 13 7 6 8 1 14 43 13 29 14 14 48 1 18 51 52 29 18 7 8 29 90 91 29 29 30 95 32 1 32 51 32 36 102 7 32 43 106 43 36 13 14 63 32 51 48 51 36 61 52 119 40 56 56 43 56 61 30 61 65 97 2 65 76 65 102 7 104 65 90 91 76 76 14 95 88 65 90 91 92 87 87 87 90 91 90 91 92 95 92 95 97 65 114 97 108 97 102 119 104 104 104 106 104 108 126 103 48 97 114 119 52 119 102 119 56 123 114 91 92 61 126 123 
  Facilities: 39
 1 : 1 9 17 33
 2 : 3 66
 6 : 4 7
 7 : 6 23 39 71
 8 : 8 24
 9 :
 13 : 5 12 45
 14 : 10 14 15 46 78
 18 : 2 18 22
 29 : 13 21 25 28 29
 30 : 30 62
 32 : 0 32 34 36 40 48
 36 : 37 44 52
 40 : 56
 43 : 11 41 43 59
 48 : 16 50 112
 51 : 19 35 49 51
 52 : 20 54 116
 56 : 57 58 60 120
 61 : 53 61 63 125
 63 : 47
 65 : 64 67 69 73 81 97
 76 : 68 76 77
 87 : 85 86 87
 88 : 80
 90 : 26 74 82 88 90
 91 : 27 75 83 89 91 123
 92 : 84 92 94 124
 95 : 31 79 93 95
 97 : 65 96 99 101 113
 102 : 38 70 102 118
 103 : 111
 104 : 72 104 105 106 108
 106 : 42 107
 108 : 100 109
 114 : 98 114 122
 119 : 55 103 115 117 119
 123 : 121 127
 126 : 110 126
