# Time: 927.080017
# Elapsed: 252.685287
# Input_file: splp/Euclid/2111EuclS.txt
# Pool_size: 400
# Iterations: 27
# Final_solutions: 9790
# Vision_range: 600
# Reduction_mode: REDUCTION_DISPERSE
# Dissimilitude: DISSIM_CLIENTDELTA
SOLUTION:
  Value: -97905.000000
  Assigns: 64 92 34 92 4 40 88 87 43 31 53 98 92 48 31 85 4 34 4 87 40 64 64 43 31 34 4 31 30 31 30 31 53 4 34 98 34 53 4 64 40 88 92 43 30 40 88 48 48 30 88 88 30 53 53 88 48 31 40 31 31 4 88 53 64 98 31 88 30 92 98 30 31 31 34 4 85 43 53 31 31 31 40 34 40 85 4 87 88 85 4 31 92 64 98 92 48 98 98 4 
  Facilities: 14
 4 : 4 16 18 26 33 38 61 75 86 90 99
 30 : 28 30 44 49 52 68 71
 31 : 9 14 24 27 29 31 57 59 60 66 72 73 79 80 81 91
 34 : 2 17 25 34 36 74 83
 40 : 5 20 40 45 58 82 84
 43 : 8 23 43 77
 48 : 13 47 48 56 96
 53 : 10 32 37 53 54 63 78
 64 : 0 21 22 39 64 93
 85 : 15 76 85 89
 87 : 7 19 87
 88 : 6 41 46 50 51 55 62 67 88
 92 : 1 3 12 42 69 92 95
 98 : 11 35 65 70 94 97 98
SOLUTION:
  Value: -98222.000000
  Assigns: 77 3 34 3 99 84 88 87 77 91 78 11 3 48 91 78 99 34 99 87 84 52 11 77 91 34 99 91 52 91 52 91 78 99 34 11 34 78 99 52 84 88 3 77 52 77 88 48 48 52 88 88 52 78 78 88 48 91 84 91 91 99 88 78 52 11 91 88 52 3 11 52 91 91 34 99 78 77 78 78 91 91 84 34 84 84 99 87 88 78 99 91 3 77 11 3 48 52 11 99 
  Facilities: 12
 3 : 1 3 12 42 69 92 95
 11 : 11 22 35 65 70 94 98
 34 : 2 17 25 34 36 74 83
 48 : 13 47 48 56 96
 52 : 21 28 30 39 44 49 52 64 68 71 97
 77 : 0 8 23 43 45 77 93
 78 : 10 15 32 37 53 54 63 76 78 79 89
 84 : 5 20 40 58 82 84 85
 87 : 7 19 87
 88 : 6 41 46 50 51 55 62 67 88
 91 : 9 14 24 27 29 31 57 59 60 66 72 73 80 81 91
 99 : 4 16 18 26 33 38 61 75 86 90 99
SOLUTION:
  Value: -98330.000000
  Assigns: 11 3 34 3 99 84 88 87 34 91 78 11 3 48 91 78 99 34 99 87 84 52 11 11 91 34 99 91 52 91 52 91 78 99 34 11 34 78 99 52 84 88 3 34 52 84 88 48 48 52 88 88 52 78 78 88 48 91 84 91 91 99 88 78 52 11 91 88 52 3 11 52 91 91 34 99 78 11 78 78 91 91 84 34 84 84 99 87 88 78 99 91 3 52 11 3 48 52 11 99 
  Facilities: 11
 3 : 1 3 12 42 69 92 95
 11 : 0 11 22 23 35 65 70 77 94 98
 34 : 2 8 17 25 34 36 43 74 83
 48 : 13 47 48 56 96
 52 : 21 28 30 39 44 49 52 64 68 71 93 97
 78 : 10 15 32 37 53 54 63 76 78 79 89
 84 : 5 20 40 45 58 82 84 85
 87 : 7 19 87
 88 : 6 41 46 50 51 55 62 67 88
 91 : 9 14 24 27 29 31 57 59 60 66 72 73 80 81 91
 99 : 4 16 18 26 33 38 61 75 86 90 99
SOLUTION:
  Value: -98337.000000
  Assigns: 64 92 34 92 4 40 88 87 43 31 53 64 92 48 31 85 4 34 4 87 40 64 64 43 31 34 4 31 30 31 30 31 53 4 34 64 34 53 4 64 40 88 92 43 30 40 88 48 48 30 88 88 30 53 53 88 48 31 40 31 31 4 88 53 64 64 31 88 30 92 64 30 31 31 34 4 85 43 53 31 31 31 40 34 40 85 4 87 88 85 4 31 92 64 64 92 48 64 64 4 
  Facilities: 13
 4 : 4 16 18 26 33 38 61 75 86 90 99
 30 : 28 30 44 49 52 68 71
 31 : 9 14 24 27 29 31 57 59 60 66 72 73 79 80 81 91
 34 : 2 17 25 34 36 74 83
 40 : 5 20 40 45 58 82 84
 43 : 8 23 43 77
 48 : 13 47 48 56 96
 53 : 10 32 37 53 54 63 78
 64 : 0 11 21 22 35 39 64 65 70 93 94 97 98
 85 : 15 76 85 89
 87 : 7 19 87
 88 : 6 41 46 50 51 55 62 67 88
 92 : 1 3 12 42 69 92 95
SOLUTION:
  Value: -98498.000000
  Assigns: 11 3 34 3 99 84 88 84 34 91 78 11 3 48 91 78 99 34 99 99 84 52 11 11 91 34 99 91 52 91 52 91 78 99 34 11 34 78 99 52 84 88 3 34 52 84 88 48 48 52 88 88 52 78 78 88 48 91 84 91 91 99 88 78 52 11 91 88 52 3 11 52 91 91 34 99 78 11 78 78 91 91 84 34 84 84 99 84 88 78 99 91 3 52 11 3 48 52 11 99 
  Facilities: 10
 3 : 1 3 12 42 69 92 95
 11 : 0 11 22 23 35 65 70 77 94 98
 34 : 2 8 17 25 34 36 43 74 83
 48 : 13 47 48 56 96
 52 : 21 28 30 39 44 49 52 64 68 71 93 97
 78 : 10 15 32 37 53 54 63 76 78 79 89
 84 : 5 7 20 40 45 58 82 84 85 87
 88 : 6 41 46 50 51 55 62 67 88
 91 : 9 14 24 27 29 31 57 59 60 66 72 73 80 81 91
 99 : 4 16 18 19 26 33 38 61 75 86 90 99
SOLUTION:
  Value: -98679.000000
  Assigns: 22 95 36 95 33 40 88 7 36 9 53 22 95 48 14 53 16 36 33 7 40 22 22 40 9 36 16 14 36 9 49 9 53 33 36 22 36 53 16 49 40 88 95 36 49 40 88 48 48 49 88 88 49 53 53 88 48 14 40 9 89 16 88 53 22 22 9 88 49 95 22 49 14 9 36 33 89 22 53 9 14 9 40 36 40 89 33 7 88 89 33 9 95 36 22 95 48 22 22 33 
  Facilities: 14
 7 : 7 19 87
 9 : 9 24 29 31 59 66 73 79 81 91
 14 : 14 27 57 72 80
 16 : 16 26 38 61
 22 : 0 11 21 22 35 64 65 70 77 94 97 98
 33 : 4 18 33 75 86 90 99
 36 : 2 8 17 25 28 34 36 43 74 83 93
 40 : 5 20 23 40 45 58 82 84
 48 : 13 47 48 56 96
 49 : 30 39 44 49 52 68 71
 53 : 10 15 32 37 53 54 63 78
 88 : 6 41 46 50 51 55 62 67 88
 89 : 60 76 85 89
 95 : 1 3 12 42 69 92 95
SOLUTION:
  Value: -98736.000000
  Assigns: 64 3 25 3 86 40 6 87 25 59 53 65 3 48 27 53 38 25 48 38 40 64 64 40 59 25 38 27 30 59 30 59 53 86 25 64 25 53 38 64 40 88 3 25 30 40 88 48 48 30 88 88 30 53 53 88 48 27 40 59 59 38 88 53 64 65 59 6 30 3 65 30 27 59 25 86 53 65 53 59 27 59 40 25 40 53 86 87 88 53 86 59 3 64 65 3 65 64 65 86 
  Facilities: 15
 3 : 1 3 12 42 69 92 95
 6 : 6 67
 25 : 2 8 17 25 34 36 43 74 83
 27 : 14 27 57 72 80
 30 : 28 30 44 49 52 68 71
 38 : 16 19 26 38 61
 40 : 5 20 23 40 45 58 82 84
 48 : 13 18 47 48 56
 53 : 10 15 32 37 53 54 63 76 78 85 89
 59 : 9 24 29 31 59 60 66 73 79 81 91
 64 : 0 21 22 35 39 64 93 97
 65 : 11 65 70 77 94 96 98
 86 : 4 33 75 86 90 99
 87 : 7 87
 88 : 41 46 50 51 55 62 88
SOLUTION:
  Value: -98834.000000
  Assigns: 64 3 25 3 86 40 6 87 25 59 53 65 3 48 27 53 86 25 48 87 40 64 64 40 59 25 86 27 30 59 30 59 53 86 25 64 25 53 86 64 40 88 3 25 30 40 88 48 48 30 88 88 30 53 53 88 48 27 40 59 59 86 88 53 64 65 59 6 30 3 65 30 27 59 25 86 53 65 53 59 27 59 40 25 40 53 86 87 88 53 86 59 3 64 65 3 65 64 65 86 
  Facilities: 14
 3 : 1 3 12 42 69 92 95
 6 : 6 67
 25 : 2 8 17 25 34 36 43 74 83
 27 : 14 27 57 72 80
 30 : 28 30 44 49 52 68 71
 40 : 5 20 23 40 45 58 82 84
 48 : 13 18 47 48 56
 53 : 10 15 32 37 53 54 63 76 78 85 89
 59 : 9 24 29 31 59 60 66 73 79 81 91
 64 : 0 21 22 35 39 64 93 97
 65 : 11 65 70 77 94 96 98
 86 : 4 16 26 33 38 61 75 86 90 99
 87 : 7 19 87
 88 : 41 46 50 51 55 62 88
SOLUTION:
  Value: -98850.000000
  Assigns: 21 1 36 1 26 84 88 84 36 9 53 98 1 48 14 53 26 36 48 26 84 21 98 45 9 36 26 14 68 9 68 9 53 26 36 98 36 53 26 21 84 88 1 36 68 45 88 48 48 68 88 88 21 53 53 88 48 14 45 9 9 26 88 53 21 98 9 88 68 1 98 21 14 9 36 45 53 45 53 9 14 9 84 36 84 84 26 84 88 53 26 9 1 36 98 1 48 21 98 26 
  Facilities: 13
 1 : 1 3 12 42 69 92 95
 9 : 9 24 29 31 59 60 66 73 79 81 91
 14 : 14 27 57 72 80
 21 : 0 21 39 52 64 71 97
 26 : 4 16 19 26 33 38 61 86 90 99
 36 : 2 8 17 25 34 36 43 74 83 93
 45 : 23 45 58 75 77
 48 : 13 18 47 48 56 96
 53 : 10 15 32 37 53 54 63 76 78 89
 68 : 28 30 44 49 68
 84 : 5 7 20 40 82 84 85 87
 88 : 6 41 46 50 51 55 62 67 88
 98 : 11 22 35 65 70 94 98
SOLUTION:
  Value: -98868.000000
  Assigns: 64 92 34 92 4 40 88 85 43 31 53 64 92 48 31 85 4 34 4 4 40 64 64 43 31 34 4 31 30 31 30 31 53 4 34 64 34 53 4 64 40 88 92 43 30 40 88 48 48 30 88 88 30 53 53 88 48 31 40 31 31 4 88 53 64 64 31 88 30 92 64 30 31 31 34 4 85 43 53 31 31 31 40 34 40 85 4 85 88 85 4 31 92 64 64 92 48 64 64 4 
  Facilities: 12
 4 : 4 16 18 19 26 33 38 61 75 86 90 99
 30 : 28 30 44 49 52 68 71
 31 : 9 14 24 27 29 31 57 59 60 66 72 73 79 80 81 91
 34 : 2 17 25 34 36 74 83
 40 : 5 20 40 45 58 82 84
 43 : 8 23 43 77
 48 : 13 47 48 56 96
 53 : 10 32 37 53 54 63 78
 64 : 0 11 21 22 35 39 64 65 70 93 94 97 98
 85 : 7 15 76 85 87 89
 88 : 6 41 46 50 51 55 62 67 88
 92 : 1 3 12 42 69 92 95
