# Time: 3715.450195
# Elapsed: 887.262695
# Input_file: splp/PCodes/3434PCodesS.txt
# Pool_size: 400
# Iterations: 41
# Final_solutions: 15728
# Vision_range: 600
# Reduction_mode: REDUCTION_DISPERSE
# Dissimilitude: DISSIM_HAUSDORFF
# Facility_dist: FDISMODE_SUMOFDELTAS
SOLUTION:
  Value: -51231.000000
  Assigns: 1 1 10 1 36 1 22 23 10 1 10 10 76 29 10 47 80 1 22 51 22 23 23 23 56 29 10 91 29 29 22 29 36 1 98 51 36 36 36 47 56 105 10 47 36 47 47 47 56 51 51 51 36 117 22 51 56 56 56 51 56 29 126 47 80 1 98 71 76 71 71 71 76 105 10 91 76 76 76 71 80 80 80 91 80 117 22 23 80 91 91 91 76 29 126 91 98 105 98 98 36 117 98 71 105 105 98 105 76 105 126 47 80 117 98 51 117 117 126 117 56 105 126 91 126 117 126 126 
  Facilities: 17
 1 : 0 1 3 5 9 17 33 65
 10 : 2 8 10 11 14 26 42 74
 22 : 6 18 20 30 54 86
 23 : 7 21 22 23 87
 29 : 13 25 28 29 31 61 93
 36 : 4 32 36 37 38 44 52 100
 47 : 15 39 43 45 46 47 63 111
 51 : 19 35 49 50 51 55 59 115
 56 : 24 40 48 56 57 58 60 120
 71 : 67 69 70 71 79 103
 76 : 12 68 72 76 77 78 92 108
 80 : 16 64 80 81 82 84 88 112
 91 : 27 75 83 89 90 91 95 123
 98 : 34 66 96 98 99 102 106 114
 105 : 41 73 97 104 105 107 109 121
 117 : 53 85 101 113 116 117 119 125
 126 : 62 94 110 118 122 124 126 127
SOLUTION:
  Value: -54218.000000
  Assigns: 1 1 3 1 36 1 14 3 72 1 14 3 76 29 14 14 16 1 16 3 16 29 86 55 16 29 58 91 29 29 14 29 36 41 98 3 36 36 36 55 41 41 58 41 36 41 14 111 16 113 58 55 36 55 55 55 58 41 58 58 124 29 58 55 72 1 98 3 76 69 86 69 76 72 72 91 76 69 76 111 16 113 86 91 86 69 86 86 72 91 91 91 76 29 86 91 98 113 98 98 36 69 98 111 72 41 98 111 76 111 111 111 113 113 98 113 124 113 86 55 124 113 58 91 124 124 124 111 
  Facilities: 18
 1 : 0 1 3 5 9 17 65
 3 : 2 7 11 19 35 67
 14 : 6 10 14 15 30 46
 16 : 16 18 20 24 48 80
 29 : 13 21 25 28 29 31 61 93
 36 : 4 32 36 37 38 44 52 100
 41 : 33 40 41 43 45 57 105
 55 : 23 39 51 53 54 55 63 119
 58 : 26 42 50 56 58 59 62 122
 69 : 69 71 77 85 101
 72 : 8 64 73 74 88 104
 76 : 12 68 72 76 78 92 108
 86 : 22 70 82 84 86 87 94 118
 91 : 27 75 83 89 90 91 95 123
 98 : 34 66 96 98 99 102 106 114
 111 : 47 79 103 107 109 110 111 127
 113 : 49 81 97 112 113 115 117 121
 124 : 60 116 120 124 125 126
SOLUTION:
  Value: -60198.000000
  Assigns: 32 1 3 1 36 1 14 3 72 1 14 3 76 29 14 14 16 1 16 3 16 29 86 55 16 29 58 91 29 29 14 29 36 32 32 3 32 36 36 55 41 41 58 41 36 41 14 111 16 113 58 55 36 55 55 55 58 41 122 58 124 29 58 55 72 1 98 3 76 69 86 69 76 72 72 91 76 69 76 111 16 113 86 91 86 69 86 86 72 91 122 91 76 29 86 91 32 113 98 98 36 69 98 111 72 41 122 111 76 111 111 111 113 113 98 113 124 113 86 55 124 113 122 122 124 124 122 111 
  Facilities: 20
 1 : 1 3 5 9 17 65
 3 : 2 7 11 19 35 67
 14 : 6 10 14 15 30 46
 16 : 16 18 20 24 48 80
 29 : 13 21 25 28 29 31 61 93
 32 : 0 33 34 36 96
 36 : 4 32 37 38 44 52 100
 41 : 40 41 43 45 57 105
 55 : 23 39 51 53 54 55 63 119
 58 : 26 42 50 56 59 62
 69 : 69 71 77 85 101
 72 : 8 64 73 74 88 104
 76 : 12 68 72 76 78 92 108
 86 : 22 70 82 84 86 87 94 118
 91 : 27 75 83 89 91 95
 98 : 66 98 99 102 114
 111 : 47 79 103 107 109 110 111 127
 113 : 49 81 97 112 113 115 117 121
 122 : 58 90 106 122 123 126
 124 : 60 116 120 124 125
SOLUTION:
  Value: -63190.000000
  Assigns: 32 1 3 1 36 1 14 3 72 1 14 3 76 29 14 14 18 1 18 18 84 29 18 55 56 29 58 91 29 29 14 29 36 32 98 3 32 36 36 55 41 41 58 41 36 41 14 111 56 113 18 55 36 55 55 55 58 41 56 58 56 29 58 55 72 1 98 3 84 69 86 69 76 72 72 91 76 69 76 111 84 113 86 91 86 69 86 86 72 91 91 91 76 29 86 91 32 113 98 98 36 69 98 111 72 41 98 111 76 111 111 111 113 113 98 113 84 113 86 55 124 113 58 91 124 124 124 111 
  Facilities: 21
 1 : 1 3 5 9 17 65
 3 : 2 7 11 35 67
 14 : 6 10 14 15 30 46
 18 : 16 18 19 22 50
 29 : 13 21 25 28 29 31 61 93
 32 : 0 33 36 96
 36 : 4 32 37 38 44 52 100
 41 : 40 41 43 45 57 105
 55 : 23 39 51 53 54 55 63 119
 56 : 24 48 58 60
 58 : 26 42 56 59 62 122
 69 : 69 71 77 85 101
 72 : 8 64 73 74 88 104
 76 : 12 72 76 78 92 108
 84 : 20 68 80 116
 86 : 70 82 84 86 87 94 118
 91 : 27 75 83 89 90 91 95 123
 98 : 34 66 98 99 102 106 114
 111 : 47 79 103 107 109 110 111 127
 113 : 49 81 97 112 113 115 117 121
 124 : 120 124 125 126
SOLUTION:
  Value: -69158.000000
  Assigns: 32 1 6 1 6 1 6 23 8 8 8 75 8 45 6 47 17 1 26 23 52 23 6 23 8 17 58 26 92 93 26 23 32 32 32 99 32 45 6 47 32 45 58 47 108 45 47 47 52 17 58 115 52 52 52 23 58 121 122 58 52 45 58 47 80 1 70 75 70 101 70 70 8 75 75 75 92 93 70 75 80 80 80 115 80 93 70 23 80 93 122 75 93 92 126 93 32 99 99 115 101 101 70 101 108 121 122 99 108 108 126 47 80 121 115 99 52 101 126 115 121 121 126 115 108 93 122 126 
  Facilities: 23
 1 : 1 3 5 17 65
 6 : 2 4 6 14 22 38
 8 : 8 9 10 12 24 72
 17 : 16 25 49
 23 : 7 19 21 23 31 55 87
 26 : 18 27 30
 32 : 0 32 33 34 36 40 96
 45 : 13 37 41 45 61
 47 : 15 39 43 46 47 63 111
 52 : 20 48 52 53 54 60 116
 58 : 26 42 50 56 59 62
 70 : 66 68 70 71 78 86 102
 75 : 11 67 73 74 75 79 91
 80 : 64 80 81 82 84 88 112
 92 : 28 76 93
 93 : 29 77 85 89 92 95 125
 99 : 35 97 98 107 115
 101 : 69 100 101 103 117
 108 : 44 104 108 109 124
 115 : 51 83 99 114 119 123
 121 : 57 105 113 120 121
 122 : 58 90 106 126
 126 : 94 110 118 122 127
SOLUTION:
  Value: -75128.000000
  Assigns: 32 1 34 1 68 1 70 23 8 1 8 9 8 9 30 47 18 1 18 18 52 23 18 31 8 9 58 31 30 93 30 63 32 32 32 34 32 101 34 47 32 9 58 47 108 47 47 47 49 49 18 115 52 49 52 63 58 49 122 58 52 63 58 63 68 1 70 75 70 68 70 70 8 105 75 75 68 93 70 75 80 80 80 115 80 93 70 23 80 93 122 75 93 93 126 31 32 101 34 115 68 101 70 101 105 105 122 105 108 108 126 47 80 49 115 115 52 101 126 115 122 105 122 115 108 93 122 63 
  Facilities: 25
 1 : 1 3 5 9 17 65
 8 : 8 10 12 24 72
 9 : 11 13 25 41
 18 : 16 18 19 22 50
 23 : 7 21 87
 30 : 14 28 30
 31 : 23 27 95
 32 : 0 32 33 34 36 40 96
 34 : 2 35 38 98
 47 : 15 39 43 45 46 47 111
 49 : 48 49 53 57 113
 52 : 20 52 54 60 116
 58 : 26 42 56 59 62
 63 : 31 55 61 63 127
 68 : 4 64 69 76 100
 70 : 6 66 68 70 71 78 86 102
 75 : 67 74 75 79 91
 80 : 80 81 82 84 88 112
 93 : 29 77 85 89 92 93 125
 101 : 37 97 101 103 117
 105 : 73 104 105 107 121
 108 : 44 108 109 124
 115 : 51 83 99 114 115 119 123
 122 : 58 90 106 120 122 126
 126 : 94 110 118
SOLUTION:
  Value: -75151.000000
  Assigns: 32 1 6 1 6 1 6 23 8 8 8 9 8 9 6 47 80 1 50 51 52 23 6 31 8 9 58 31 29 93 31 29 32 32 32 51 32 101 6 47 32 9 58 47 108 47 47 47 52 51 51 115 52 52 52 51 58 121 122 51 52 29 58 31 80 1 98 75 70 101 70 70 8 9 75 75 76 93 70 75 80 80 80 115 80 93 70 23 80 93 122 75 76 93 126 31 32 101 98 98 101 101 70 101 108 121 122 75 76 101 126 47 80 121 50 115 52 101 126 115 121 121 122 115 108 93 122 126 
  Facilities: 25
 1 : 1 3 5 17 65
 6 : 2 4 6 14 22 38
 8 : 8 9 10 12 24 72
 9 : 11 13 25 41 73
 23 : 7 21 87
 29 : 28 31 61
 31 : 23 27 30 63 95
 32 : 0 32 33 34 36 40 96
 47 : 15 39 43 45 46 47 111
 50 : 18 114
 51 : 19 35 49 50 55 59
 52 : 20 48 52 53 54 60 116
 58 : 26 42 56 62
 70 : 68 70 71 78 86 102
 75 : 67 74 75 79 91 107
 76 : 76 92 108
 80 : 16 64 80 81 82 84 88 112
 93 : 29 77 85 89 93 125
 98 : 66 98 99
 101 : 37 69 97 100 101 103 109 117
 108 : 44 104 124
 115 : 51 83 115 119 123
 121 : 57 105 113 120 121
 122 : 58 90 106 122 126
 126 : 94 110 118 127
SOLUTION:
  Value: -78125.000000
  Assigns: 32 1 18 11 68 1 38 23 40 1 11 9 76 9 15 15 18 1 18 18 28 23 18 23 28 9 18 11 28 93 28 63 32 32 32 99 37 37 38 37 32 9 40 11 40 37 38 15 112 113 18 115 116 37 38 63 40 121 122 63 28 63 63 63 68 1 98 99 68 68 70 70 76 9 90 11 68 93 70 111 112 113 90 115 116 93 70 23 90 93 90 90 76 93 90 93 112 99 98 98 68 37 70 111 40 121 122 111 76 111 111 111 113 113 115 113 116 116 116 115 112 121 122 115 116 93 122 63 
  Facilities: 26
 1 : 1 5 9 17 65
 9 : 11 13 25 41 73
 11 : 3 10 27 43 75
 15 : 14 15 47
 18 : 2 16 18 19 22 26 50
 23 : 7 21 23 87
 28 : 20 24 28 30 60
 32 : 0 32 33 34 40
 37 : 36 37 39 45 53 101
 38 : 6 38 46 54
 40 : 8 42 44 56 104
 63 : 31 55 59 61 62 63 127
 68 : 4 64 68 69 76 100
 70 : 70 71 78 86 102
 76 : 12 72 92 108
 90 : 74 82 88 90 91 94
 93 : 29 77 85 89 93 95 125
 98 : 66 98 99
 99 : 35 67 97
 111 : 79 103 107 109 110 111
 112 : 48 80 96 120
 113 : 49 81 112 113 115
 115 : 51 83 114 119 123
 116 : 52 84 116 117 118 124
 121 : 57 105 121
 122 : 58 106 122 126
SOLUTION:
  Value: -78127.000000
  Assigns: 32 1 18 1 68 1 70 23 8 8 8 9 8 9 46 47 18 1 18 18 84 23 18 31 8 9 18 31 92 93 31 63 32 32 32 99 37 37 46 37 32 9 46 47 108 37 46 47 56 113 18 115 52 52 52 63 56 56 122 63 56 63 126 63 68 1 70 75 84 68 70 70 8 9 75 75 68 93 70 75 84 113 18 115 92 93 70 23 92 93 122 75 93 92 126 31 32 99 99 115 68 97 70 99 108 97 122 99 108 108 46 47 113 113 115 113 84 113 126 115 56 113 122 115 108 93 122 63 
  Facilities: 26
 1 : 1 3 5 17 65
 8 : 8 9 10 12 24 72
 9 : 11 13 25 41 73
 18 : 2 16 18 19 22 26 50 82
 23 : 7 21 87
 31 : 23 27 30 95
 32 : 0 32 33 34 40 96
 37 : 36 37 39 45
 46 : 14 38 42 46 110
 47 : 15 43 47 111
 52 : 52 53 54
 56 : 48 56 57 60 120
 63 : 31 55 59 61 63 127
 68 : 4 64 69 76 100
 70 : 6 66 70 71 78 86 102
 75 : 67 74 75 79 91
 84 : 20 68 80 116
 92 : 28 84 88 93
 93 : 29 77 85 89 92 125
 97 : 101 105
 99 : 35 97 98 103 107
 108 : 44 104 108 109 124
 113 : 49 81 112 113 115 117 121
 115 : 51 83 99 114 119 123
 122 : 58 90 106 122 126
 126 : 62 94 118
SOLUTION:
  Value: -78127.000000
  Assigns: 32 1 2 2 68 1 70 23 8 8 2 9 8 9 30 47 48 1 2 23 52 23 23 31 8 9 58 31 30 93 30 63 32 32 32 99 32 101 102 47 32 9 58 47 108 47 47 47 52 48 58 115 52 52 52 63 58 121 122 58 52 63 58 63 68 1 70 75 70 68 70 70 8 9 75 75 76 93 70 75 80 80 80 115 80 93 70 23 80 121 122 75 76 93 30 31 32 99 99 115 68 101 70 102 108 121 122 99 108 108 102 47 80 121 115 99 52 101 102 115 121 121 122 115 108 93 122 63 
  Facilities: 26
 1 : 1 5 17 65
 2 : 2 3 10 18
 8 : 8 9 12 24 72
 9 : 11 13 25 41 73
 23 : 7 19 21 22 87
 30 : 14 28 30 94
 31 : 23 27 95
 32 : 0 32 33 34 36 40 96
 47 : 15 39 43 45 46 47 111
 48 : 16 49
 52 : 20 48 52 53 54 60 116
 58 : 26 42 50 56 59 62
 63 : 31 55 61 63 127
 68 : 4 64 69 100
 70 : 6 66 68 70 71 78 86 102
 75 : 67 74 75 79 91
 76 : 76 92
 80 : 80 81 82 84 88 112
 93 : 29 77 85 93 125
 99 : 35 97 98 107 115
 101 : 37 101 117
 102 : 38 103 110 118
 108 : 44 104 108 109 124
 115 : 51 83 99 114 119 123
 121 : 57 89 105 113 120 121
 122 : 58 90 106 122 126
