# Time: 308.830017
# Elapsed: 201.802933
# Input_file: splp/Euclid/211EuclS.txt
# Pool_size: 200
# Iterations: 27
# Final_solutions: 4941
# Vision_range: 400
# Reduction_mode: REDUCTION_DISPERSE
# Dissimilitude: DISSIM_CLIENTDELTA
SOLUTION:
  Value: -99866.000000
  Assigns: 49 1 1 7 4 5 96 7 4 49 4 37 79 94 7 5 96 21 58 37 5 21 96 94 79 5 4 79 93 21 94 7 5 7 48 58 93 37 96 5 46 4 48 48 49 4 46 48 48 49 46 21 46 58 93 48 37 4 58 5 37 58 5 46 58 94 93 4 49 94 46 96 49 46 48 4 49 79 7 79 49 37 58 21 5 96 94 21 79 7 46 79 96 93 94 37 96 4 5 1 
  Facilities: 14
 1 : 1 2 99
 4 : 4 8 10 26 41 45 57 67 75 97
 5 : 5 15 20 25 32 39 59 62 84 98
 7 : 3 7 14 31 33 78 89
 21 : 17 21 29 51 83 87
 37 : 11 19 37 56 60 81 95
 46 : 40 46 50 52 63 70 73 90
 48 : 34 42 43 47 48 55 74
 49 : 0 9 44 49 68 72 76 80
 58 : 18 35 53 58 61 64 82
 79 : 12 24 27 77 79 88 91
 93 : 28 36 54 66 93
 94 : 13 23 30 65 69 86 94
 96 : 6 16 22 38 71 85 92 96
SOLUTION:
  Value: -100063.000000
  Assigns: 9 55 55 7 91 59 96 7 8 9 91 56 91 13 9 66 96 21 58 56 59 21 96 13 56 59 91 56 66 21 13 7 59 7 55 58 66 56 96 66 46 8 8 55 9 8 46 55 55 9 46 21 46 58 66 55 56 56 58 59 56 58 59 46 58 13 66 91 9 86 46 96 9 46 55 8 9 91 7 91 9 56 58 21 66 96 86 21 91 7 46 91 96 66 13 56 96 91 59 58 
  Facilities: 14
 7 : 3 7 31 33 78 89
 8 : 8 41 42 45 75
 9 : 0 9 14 44 49 68 72 76 80
 13 : 13 23 30 65 94
 21 : 17 21 29 51 83 87
 46 : 40 46 50 52 63 70 73 90
 55 : 1 2 34 43 47 48 55 74
 56 : 11 19 24 27 37 56 57 60 81 95
 58 : 18 35 53 58 61 64 82 99
 59 : 5 20 25 32 59 62 98
 66 : 15 28 36 39 54 66 84 93
 86 : 69 86
 91 : 4 10 12 26 67 77 79 88 91 97
 96 : 6 16 22 38 71 85 92 96
SOLUTION:
  Value: -100645.000000
  Assigns: 49 1 1 7 4 5 96 7 4 49 4 37 79 49 7 5 96 21 58 37 5 21 96 49 79 5 4 79 93 21 49 7 5 7 48 58 93 37 96 5 46 4 48 48 49 4 46 48 48 49 46 21 46 58 93 48 37 4 58 5 37 58 5 46 58 49 93 4 49 46 46 96 49 46 48 4 49 79 7 79 49 37 58 21 5 96 46 21 79 7 46 79 96 93 49 37 96 4 5 1 
  Facilities: 13
 1 : 1 2 99
 4 : 4 8 10 26 41 45 57 67 75 97
 5 : 5 15 20 25 32 39 59 62 84 98
 7 : 3 7 14 31 33 78 89
 21 : 17 21 29 51 83 87
 37 : 11 19 37 56 60 81 95
 46 : 40 46 50 52 63 69 70 73 86 90
 48 : 34 42 43 47 48 55 74
 49 : 0 9 13 23 30 44 49 65 68 72 76 80 94
 58 : 18 35 53 58 61 64 82
 79 : 12 24 27 77 79 88 91
 93 : 28 36 54 66 93
 96 : 6 16 22 38 71 85 92 96
SOLUTION:
  Value: -100729.000000
  Assigns: 9 55 55 7 91 59 96 7 8 9 91 56 91 9 9 66 96 21 58 56 59 21 96 86 56 59 91 56 66 21 9 7 59 7 55 58 66 56 96 66 46 8 8 55 9 8 46 55 55 9 46 21 46 58 66 55 56 56 58 59 56 58 59 46 58 9 66 91 9 86 46 96 9 46 55 8 9 91 7 91 9 56 58 21 66 96 86 21 91 7 46 91 96 66 86 56 96 91 59 58 
  Facilities: 13
 7 : 3 7 31 33 78 89
 8 : 8 41 42 45 75
 9 : 0 9 13 14 30 44 49 65 68 72 76 80
 21 : 17 21 29 51 83 87
 46 : 40 46 50 52 63 70 73 90
 55 : 1 2 34 43 47 48 55 74
 56 : 11 19 24 27 37 56 57 60 81 95
 58 : 18 35 53 58 61 64 82 99
 59 : 5 20 25 32 59 62 98
 66 : 15 28 36 39 54 66 84 93
 86 : 23 69 86 94
 91 : 4 10 12 26 67 77 79 88 91 97
 96 : 6 16 22 38 71 85 92 96
SOLUTION:
  Value: -101078.000000
  Assigns: 80 35 55 7 4 32 96 7 4 80 4 37 12 80 7 66 96 87 35 19 66 87 96 80 12 32 4 12 66 87 80 7 32 7 55 35 66 37 96 66 46 4 55 55 80 4 46 55 55 80 46 55 46 35 66 55 37 4 35 32 37 19 80 46 35 80 66 4 96 46 46 96 80 46 55 4 80 12 7 12 80 37 19 46 66 96 46 87 12 7 46 12 96 66 80 37 96 32 32 35 
  Facilities: 13
 4 : 4 8 10 26 41 45 57 67 75
 7 : 3 7 14 31 33 78 89
 12 : 12 24 27 77 79 88 91
 19 : 19 61 82
 32 : 5 25 32 59 97 98
 35 : 1 18 35 53 58 64 99
 37 : 11 37 56 60 81 95
 46 : 40 46 50 52 63 69 70 73 83 86 90
 55 : 2 34 42 43 47 48 51 55 74
 66 : 15 20 28 36 39 54 66 84 93
 80 : 0 9 13 23 30 44 49 62 65 72 76 80 94
 87 : 17 21 29 87
 96 : 6 16 22 38 68 71 85 92 96
SOLUTION:
  Value: -101204.000000
  Assigns: 80 35 55 7 4 32 96 7 4 80 4 19 12 80 7 66 96 87 35 19 66 87 96 80 12 32 4 12 66 87 80 7 32 7 55 35 66 19 96 66 46 4 55 55 80 4 46 55 55 80 46 55 46 35 66 55 12 4 35 32 19 19 80 46 35 80 66 4 96 46 46 96 80 46 55 4 80 12 7 12 80 12 19 46 66 96 46 87 12 7 46 12 96 66 80 12 96 32 32 35 
  Facilities: 12
 4 : 4 8 10 26 41 45 57 67 75
 7 : 3 7 14 31 33 78 89
 12 : 12 24 27 56 77 79 81 88 91 95
 19 : 11 19 37 60 61 82
 32 : 5 25 32 59 97 98
 35 : 1 18 35 53 58 64 99
 46 : 40 46 50 52 63 69 70 73 83 86 90
 55 : 2 34 42 43 47 48 51 55 74
 66 : 15 20 28 36 39 54 66 84 93
 80 : 0 9 13 23 30 44 49 62 65 72 76 80 94
 87 : 17 21 29 87
 96 : 6 16 22 38 68 71 85 92 96
SOLUTION:
  Value: -101246.000000
  Assigns: 9 55 55 14 4 20 96 14 4 9 4 37 12 30 14 20 96 21 18 37 20 21 96 30 12 4 4 12 93 21 30 14 20 14 55 18 93 37 96 20 50 4 55 55 9 4 50 55 55 9 50 21 50 18 93 55 37 4 18 20 37 18 20 50 18 30 20 4 9 86 50 96 9 50 55 4 9 12 14 12 9 37 18 21 20 96 86 21 12 14 50 12 96 93 30 37 96 4 20 18 
  Facilities: 14
 4 : 4 8 10 25 26 41 45 57 67 75 97
 9 : 0 9 44 49 68 72 76 80
 12 : 12 24 27 77 79 88 91
 14 : 3 7 14 31 33 78 89
 18 : 18 35 53 58 61 64 82 99
 20 : 5 15 20 32 39 59 62 66 84 98
 21 : 17 21 29 51 83 87
 30 : 13 23 30 65 94
 37 : 11 19 37 56 60 81 95
 50 : 40 46 50 52 63 70 73 90
 55 : 1 2 34 42 43 47 48 55 74
 86 : 69 86
 93 : 28 36 54 93
 96 : 6 16 22 38 71 85 92 96
SOLUTION:
  Value: -101363.000000
  Assigns: 14 55 55 14 4 20 96 14 4 14 4 37 12 30 14 20 96 21 18 37 20 21 96 30 12 4 4 12 93 21 30 14 20 14 55 18 93 37 96 20 50 4 55 55 30 4 50 55 55 30 50 21 50 18 93 55 37 4 18 20 37 18 20 50 18 30 20 4 14 86 50 96 14 50 55 4 14 12 14 12 30 37 18 21 20 96 86 21 12 14 50 12 96 93 30 37 96 4 20 18 
  Facilities: 13
 4 : 4 8 10 25 26 41 45 57 67 75 97
 12 : 12 24 27 77 79 88 91
 14 : 0 3 7 9 14 31 33 68 72 76 78 89
 18 : 18 35 53 58 61 64 82 99
 20 : 5 15 20 32 39 59 62 66 84 98
 21 : 17 21 29 51 83 87
 30 : 13 23 30 44 49 65 80 94
 37 : 11 19 37 56 60 81 95
 50 : 40 46 50 52 63 70 73 90
 55 : 1 2 34 42 43 47 48 55 74
 86 : 69 86
 93 : 28 36 54 93
 96 : 6 16 22 38 71 85 92 96
SOLUTION:
  Value: -101375.000000
  Assigns: 9 53 48 7 4 32 96 7 4 9 4 60 12 65 9 66 96 87 53 60 66 87 96 65 12 32 4 12 66 87 65 7 32 7 48 53 36 60 96 66 52 4 48 48 9 4 52 48 48 9 52 48 52 53 36 48 60 4 53 32 60 53 65 52 53 65 66 4 9 52 52 96 9 52 48 4 9 12 7 12 9 60 60 52 66 96 52 87 12 7 52 12 96 66 65 12 96 32 32 53 
  Facilities: 14
 4 : 4 8 10 26 41 45 57 67 75
 7 : 3 7 31 33 78 89
 9 : 0 9 14 44 49 68 72 76 80
 12 : 12 24 27 77 79 88 91 95
 32 : 5 25 32 59 97 98
 36 : 36 54
 48 : 2 34 42 43 47 48 51 55 74
 52 : 40 46 50 52 63 69 70 73 83 86 90
 53 : 1 18 35 53 58 61 64 99
 60 : 11 19 37 56 60 81 82
 65 : 13 23 30 62 65 94
 66 : 15 20 28 39 66 84 93
 87 : 17 21 29 87
 96 : 6 16 22 38 71 85 92 96
SOLUTION:
  Value: -101495.000000
  Assigns: 49 1 1 7 4 5 96 7 4 49 4 37 79 49 7 5 96 21 1 37 5 21 96 49 79 5 4 79 93 21 49 7 5 7 48 1 93 37 96 5 46 4 48 48 49 4 46 48 48 49 46 21 46 1 93 48 37 4 1 5 37 37 5 46 1 49 93 4 49 46 46 96 49 46 48 4 49 79 7 79 49 37 37 21 5 96 46 21 79 7 46 79 96 93 49 37 96 4 5 1 
  Facilities: 12
 1 : 1 2 18 35 53 58 64 99
 4 : 4 8 10 26 41 45 57 67 75 97
 5 : 5 15 20 25 32 39 59 62 84 98
 7 : 3 7 14 31 33 78 89
 21 : 17 21 29 51 83 87
 37 : 11 19 37 56 60 61 81 82 95
 46 : 40 46 50 52 63 69 70 73 86 90
 48 : 34 42 43 47 48 55 74
 49 : 0 9 13 23 30 44 49 65 68 72 76 80 94
 79 : 12 24 27 77 79 88 91
 93 : 28 36 54 66 93
 96 : 6 16 22 38 71 85 92 96
