# Time: 304.390015
# Elapsed: 196.786743
# Input_file: splp/Euclid/2811EuclS.txt
# Pool_size: 200
# Iterations: 27
# Final_solutions: 4803
# Vision_range: 400
# Reduction_mode: REDUCTION_DISPERSE
# Dissimilitude: DISSIM_CLIENTDELTA
SOLUTION:
  Value: -103793.000000
  Assigns: 73 7 70 47 81 7 85 7 56 85 10 7 54 22 10 15 15 56 70 85 54 15 22 70 65 22 54 10 56 82 82 56 56 62 54 54 47 62 62 7 81 22 62 62 65 70 65 47 62 85 85 70 54 7 54 83 56 82 73 54 7 70 62 62 15 65 65 22 62 54 70 85 56 73 83 56 82 73 81 7 85 81 82 83 54 85 47 54 62 7 56 65 81 65 7 62 22 65 70 82 
  Facilities: 15
 7 : 1 5 7 11 39 53 60 79 89 94
 10 : 10 14 27
 15 : 15 16 21 64
 22 : 13 22 25 41 67 96
 47 : 3 36 47 86
 54 : 12 20 26 34 35 52 54 59 69 84 87
 56 : 8 17 28 31 32 56 72 75 90
 62 : 33 37 38 42 43 48 62 63 68 88 95
 65 : 24 44 46 65 66 91 93 97
 70 : 2 18 23 45 51 61 70 98
 73 : 0 58 73 77
 81 : 4 40 78 81 92
 82 : 29 30 57 76 82 99
 83 : 55 74 83
 85 : 6 9 19 49 50 71 80 85
SOLUTION:
  Value: -103807.000000
  Assigns: 73 7 70 47 81 7 85 7 56 85 10 7 54 22 10 47 47 56 70 85 54 47 22 70 65 22 54 10 56 82 82 56 56 62 54 54 47 62 62 7 81 22 62 62 65 70 65 47 62 85 85 70 54 7 54 83 56 82 73 54 7 70 62 62 47 65 65 22 62 54 70 85 56 73 83 56 82 73 81 7 85 81 82 83 54 85 47 54 62 7 56 65 81 65 7 62 22 65 70 82 
  Facilities: 14
 7 : 1 5 7 11 39 53 60 79 89 94
 10 : 10 14 27
 22 : 13 22 25 41 67 96
 47 : 3 15 16 21 36 47 64 86
 54 : 12 20 26 34 35 52 54 59 69 84 87
 56 : 8 17 28 31 32 56 72 75 90
 62 : 33 37 38 42 43 48 62 63 68 88 95
 65 : 24 44 46 65 66 91 93 97
 70 : 2 18 23 45 51 61 70 98
 73 : 0 58 73 77
 81 : 4 40 78 81 92
 82 : 29 30 57 76 82 99
 83 : 55 74 83
 85 : 6 9 19 49 50 71 80 85
SOLUTION:
  Value: -103854.000000
  Assigns: 0 1 98 64 4 1 29 1 56 49 10 1 34 25 10 64 64 56 98 29 34 64 25 98 93 25 34 10 25 29 69 56 56 1 34 34 64 68 95 1 4 25 1 68 93 98 93 64 95 49 49 98 68 1 34 0 56 29 0 34 49 98 95 95 64 93 93 25 68 69 98 49 56 0 0 56 29 0 4 1 29 4 69 0 69 49 64 69 95 68 4 93 4 93 1 95 25 93 98 69 
  Facilities: 15
 0 : 0 55 58 73 74 77 83
 1 : 1 5 7 11 33 39 42 53 79 94
 4 : 4 40 78 81 90 92
 10 : 10 14 27
 25 : 13 22 25 28 41 67 96
 29 : 6 19 29 57 76 80
 34 : 12 20 26 34 35 54 59
 49 : 9 49 50 60 71 85
 56 : 8 17 31 32 56 72 75
 64 : 3 15 16 21 36 47 64 86
 68 : 37 43 52 68 89
 69 : 30 69 82 84 87 99
 93 : 24 44 46 65 66 91 93 97
 95 : 38 48 62 63 88 95
 98 : 2 18 23 45 51 61 70 98
SOLUTION:
  Value: -103933.000000
  Assigns: 73 7 70 47 81 7 85 7 56 85 10 7 54 22 10 47 47 56 70 85 54 47 22 70 65 22 54 10 56 82 82 56 56 62 54 54 47 62 62 7 81 22 62 62 65 70 65 47 62 85 85 70 54 7 54 81 56 82 73 54 7 70 62 62 47 65 65 22 62 54 70 85 56 73 81 56 82 73 81 7 85 81 82 73 54 85 47 54 62 7 56 65 81 65 7 62 22 65 70 82 
  Facilities: 13
 7 : 1 5 7 11 39 53 60 79 89 94
 10 : 10 14 27
 22 : 13 22 25 41 67 96
 47 : 3 15 16 21 36 47 64 86
 54 : 12 20 26 34 35 52 54 59 69 84 87
 56 : 8 17 28 31 32 56 72 75 90
 62 : 33 37 38 42 43 48 62 63 68 88 95
 65 : 24 44 46 65 66 91 93 97
 70 : 2 18 23 45 51 61 70 98
 73 : 0 58 73 77 83
 81 : 4 40 55 74 78 81 92
 82 : 29 30 57 76 82 99
 85 : 6 9 19 49 50 71 80 85
SOLUTION:
  Value: -104015.000000
  Assigns: 0 1 98 64 4 1 29 1 56 49 64 1 34 25 64 64 64 56 98 29 34 64 25 98 93 25 34 64 25 29 69 56 56 1 34 34 64 68 95 1 4 25 1 68 93 98 93 64 95 49 49 98 68 1 34 0 56 29 0 34 49 98 95 95 64 93 93 25 68 69 98 49 56 0 0 56 29 0 4 1 29 4 69 0 69 49 64 69 95 68 4 93 4 93 1 95 25 93 98 69 
  Facilities: 14
 0 : 0 55 58 73 74 77 83
 1 : 1 5 7 11 33 39 42 53 79 94
 4 : 4 40 78 81 90 92
 25 : 13 22 25 28 41 67 96
 29 : 6 19 29 57 76 80
 34 : 12 20 26 34 35 54 59
 49 : 9 49 50 60 71 85
 56 : 8 17 31 32 56 72 75
 64 : 3 10 14 15 16 21 27 36 47 64 86
 68 : 37 43 52 68 89
 69 : 30 69 82 84 87 99
 93 : 24 44 46 65 66 91 93 97
 95 : 38 48 62 63 88 95
 98 : 2 18 23 45 51 61 70 98
SOLUTION:
  Value: -104148.000000
  Assigns: 73 7 70 64 40 7 80 7 8 49 64 7 20 25 64 64 64 8 70 80 20 64 25 80 65 25 26 26 25 80 30 8 8 62 20 26 64 68 62 7 40 25 62 68 65 70 65 64 25 49 49 70 68 7 20 55 8 80 73 26 7 70 62 62 64 65 65 25 68 30 70 49 8 73 55 8 30 73 40 7 80 40 30 55 30 49 64 30 62 68 40 65 55 65 7 62 25 65 70 30 
  Facilities: 16
 7 : 1 5 7 11 39 53 60 79 94
 8 : 8 17 31 32 56 72 75
 20 : 12 20 34 54
 25 : 13 22 25 28 41 48 67 96
 26 : 26 27 35 59
 30 : 30 69 76 82 84 87 99
 40 : 4 40 78 81 90
 49 : 9 49 50 71 85
 55 : 55 74 83 92
 62 : 33 38 42 62 63 88 95
 64 : 3 10 14 15 16 21 36 47 64 86
 65 : 24 44 46 65 66 91 93 97
 68 : 37 43 52 68 89
 70 : 2 18 45 51 61 70 98
 73 : 0 58 73 77
 80 : 6 19 23 29 57 80
SOLUTION:
  Value: -104238.000000
  Assigns: 73 7 70 64 40 7 80 7 8 49 64 7 20 25 64 64 64 8 70 80 20 64 25 80 65 25 26 26 25 80 30 8 8 62 20 26 64 62 62 7 40 25 62 62 65 70 65 64 25 49 49 70 7 7 20 55 8 80 73 26 7 70 62 62 64 65 65 25 62 30 70 49 8 73 55 8 30 73 40 7 80 40 30 55 30 49 64 30 62 7 40 65 55 65 7 62 25 65 70 30 
  Facilities: 15
 7 : 1 5 7 11 39 52 53 60 79 89 94
 8 : 8 17 31 32 56 72 75
 20 : 12 20 34 54
 25 : 13 22 25 28 41 48 67 96
 26 : 26 27 35 59
 30 : 30 69 76 82 84 87 99
 40 : 4 40 78 81 90
 49 : 9 49 50 71 85
 55 : 55 74 83 92
 62 : 33 37 38 42 43 62 63 68 88 95
 64 : 3 10 14 15 16 21 36 47 64 86
 65 : 24 44 46 65 66 91 93 97
 70 : 2 18 45 51 61 70 98
 73 : 0 58 73 77
 80 : 6 19 23 29 57 80
SOLUTION:
  Value: -104387.000000
  Assigns: 73 7 70 64 40 7 49 7 8 49 64 7 20 25 64 64 64 8 70 49 20 64 25 70 65 25 26 26 25 30 30 8 8 62 20 26 64 62 62 7 40 25 62 62 65 70 65 64 25 49 49 70 7 7 20 55 8 30 73 26 7 70 62 62 64 65 65 25 62 30 70 49 8 73 55 8 30 73 40 7 49 40 30 55 30 49 64 30 62 7 40 65 55 65 7 62 25 65 70 30 
  Facilities: 14
 7 : 1 5 7 11 39 52 53 60 79 89 94
 8 : 8 17 31 32 56 72 75
 20 : 12 20 34 54
 25 : 13 22 25 28 41 48 67 96
 26 : 26 27 35 59
 30 : 29 30 57 69 76 82 84 87 99
 40 : 4 40 78 81 90
 49 : 6 9 19 49 50 71 80 85
 55 : 55 74 83 92
 62 : 33 37 38 42 43 62 63 68 88 95
 64 : 3 10 14 15 16 21 36 47 64 86
 65 : 24 44 46 65 66 91 93 97
 70 : 2 18 23 45 51 61 70 98
 73 : 0 58 73 77
SOLUTION:
  Value: -104538.000000
  Assigns: 73 42 70 47 40 89 50 42 8 50 27 89 34 13 27 21 21 8 70 50 34 21 13 70 73 13 34 27 8 76 76 8 8 42 34 34 47 42 42 89 40 13 42 89 8 70 66 47 13 50 50 70 89 42 34 66 8 76 73 34 50 70 42 42 21 66 66 13 89 34 70 50 8 73 66 8 76 73 40 42 50 40 76 73 34 50 47 34 42 89 40 66 40 66 42 42 13 66 70 76 
  Facilities: 14
 8 : 8 17 28 31 32 44 56 72 75
 13 : 13 22 25 41 48 67 96
 21 : 15 16 21 64
 27 : 10 14 27
 34 : 12 20 26 34 35 54 59 69 84 87
 40 : 4 40 78 81 90 92
 42 : 1 7 33 37 38 42 53 62 63 79 88 94 95
 47 : 3 36 47 86
 50 : 6 9 19 49 50 60 71 80 85
 66 : 46 55 65 66 74 91 93 97
 70 : 2 18 23 45 51 61 70 98
 73 : 0 24 58 73 77 83
 76 : 29 30 57 76 82 99
 89 : 5 11 39 43 52 68 89
SOLUTION:
  Value: -104575.000000
  Assigns: 73 42 70 21 40 89 50 42 8 50 27 89 34 13 27 21 21 8 70 50 34 21 13 70 73 13 34 27 8 76 76 8 8 42 34 34 21 42 42 89 40 13 42 89 8 70 66 21 13 50 50 70 89 42 34 66 8 76 73 34 50 70 42 42 21 66 66 13 89 34 70 50 8 73 66 8 76 73 40 42 50 40 76 73 34 50 21 34 42 89 40 66 40 66 42 42 13 66 70 76 
  Facilities: 13
 8 : 8 17 28 31 32 44 56 72 75
 13 : 13 22 25 41 48 67 96
 21 : 3 15 16 21 36 47 64 86
 27 : 10 14 27
 34 : 12 20 26 34 35 54 59 69 84 87
 40 : 4 40 78 81 90 92
 42 : 1 7 33 37 38 42 53 62 63 79 88 94 95
 50 : 6 9 19 49 50 60 71 80 85
 66 : 46 55 65 66 74 91 93 97
 70 : 2 18 23 45 51 61 70 98
 73 : 0 24 58 73 77 83
 76 : 29 30 57 76 82 99
 89 : 5 11 39 43 52 68 89
