# Time: 151.190002
# Elapsed: 52.904587
# Input_file: splp/Euclid/611EuclS.txt
# Pool_size: 200
# Iterations: 21
# Final_solutions: 3888
# Vision_range: 400
# Reduction_mode: REDUCTION_DISPERSE
# Dissimilitude: DISSIM_MSE
# Facility_dist: FDISMODE_MINDIST
SOLUTION:
  Value: -99679.000000
  Assigns: 24 1 67 60 60 87 42 8 8 92 29 60 42 74 53 81 42 24 18 67 53 29 92 87 24 81 92 81 42 29 67 29 81 18 18 87 18 42 61 24 79 67 42 74 92 18 24 29 24 53 81 60 18 53 60 42 81 87 74 79 60 61 42 29 29 8 92 67 1 79 74 61 79 29 74 67 18 53 1 79 79 81 1 42 42 42 53 87 1 18 87 42 92 67 60 79 8 79 67 79 
  Facilities: 15
 1 : 1 68 78 82 88
 8 : 7 8 65 96
 18 : 18 33 34 36 45 52 76 89
 24 : 0 17 24 39 46 48
 29 : 10 21 29 31 47 63 64 73
 42 : 6 12 16 28 37 42 55 62 83 84 85 91
 53 : 14 20 49 53 77 86
 60 : 3 4 11 51 54 60 94
 61 : 38 61 71
 67 : 2 19 30 41 67 75 93 98
 74 : 13 43 58 70 74
 79 : 40 59 69 72 79 80 95 97 99
 81 : 15 25 27 32 50 56 81
 87 : 5 23 35 57 87 90
 92 : 9 22 26 44 66 92
SOLUTION:
  Value: -99744.000000
  Assigns: 24 78 67 60 60 87 42 8 8 92 29 60 42 58 79 81 42 24 18 67 29 29 92 87 24 81 92 81 42 29 67 29 81 18 18 87 18 42 71 24 79 67 42 58 92 18 24 29 24 71 81 60 18 71 60 42 81 87 58 79 60 71 42 29 29 8 92 67 78 79 58 71 79 29 58 67 18 71 78 79 79 81 78 42 42 42 71 87 78 18 87 71 92 67 60 79 8 79 67 79 
  Facilities: 14
 8 : 7 8 65 96
 18 : 18 33 34 36 45 52 76 89
 24 : 0 17 24 39 46 48
 29 : 10 20 21 29 31 47 63 64 73
 42 : 6 12 16 28 37 42 55 62 83 84 85
 58 : 13 43 58 70 74
 60 : 3 4 11 51 54 60 94
 67 : 2 19 30 41 67 75 93 98
 71 : 38 49 53 61 71 77 86 91
 78 : 1 68 78 82 88
 79 : 14 40 59 69 72 79 80 95 97 99
 81 : 15 25 27 32 50 56 81
 87 : 5 23 35 57 87 90
 92 : 9 22 26 44 66 92
SOLUTION:
  Value: -99806.000000
  Assigns: 46 1 67 4 4 81 42 8 8 66 47 59 42 58 59 81 42 46 89 67 49 47 66 80 46 81 66 81 42 47 67 47 81 89 89 80 89 42 49 80 80 89 42 58 47 89 46 47 46 49 81 4 89 49 4 42 81 80 58 59 4 49 42 47 47 8 66 67 1 59 58 49 80 47 58 67 89 49 1 59 80 81 1 42 42 42 49 80 1 89 80 42 66 67 4 59 8 59 67 59 
  Facilities: 14
 1 : 1 68 78 82 88
 4 : 3 4 51 54 60 94
 8 : 7 8 65 96
 42 : 6 12 16 28 37 42 55 62 83 84 85 91
 46 : 0 17 24 46 48
 47 : 10 21 29 31 44 47 63 64 73
 49 : 20 38 49 53 61 71 77 86
 58 : 13 43 58 70 74
 59 : 11 14 59 69 79 95 97 99
 66 : 9 22 26 66 92
 67 : 2 19 30 67 75 93 98
 80 : 23 35 39 40 57 72 80 87 90
 81 : 5 15 25 27 32 50 56 81
 89 : 18 33 34 36 41 45 52 76 89
SOLUTION:
  Value: -99848.000000
  Assigns: 24 1 67 60 60 87 42 8 8 92 29 60 42 74 79 81 42 24 18 67 29 29 92 87 24 81 92 81 42 29 67 29 81 18 18 87 18 42 61 24 79 67 42 74 92 18 24 29 24 61 81 60 18 61 60 42 81 87 74 79 60 61 42 29 29 8 92 67 1 79 74 61 79 29 74 67 18 61 1 79 79 81 1 42 42 42 42 87 1 18 87 42 92 67 60 79 8 79 67 79 
  Facilities: 14
 1 : 1 68 78 82 88
 8 : 7 8 65 96
 18 : 18 33 34 36 45 52 76 89
 24 : 0 17 24 39 46 48
 29 : 10 20 21 29 31 47 63 64 73
 42 : 6 12 16 28 37 42 55 62 83 84 85 86 91
 60 : 3 4 11 51 54 60 94
 61 : 38 49 53 61 71 77
 67 : 2 19 30 41 67 75 93 98
 74 : 13 43 58 70 74
 79 : 14 40 59 69 72 79 80 95 97 99
 81 : 15 25 27 32 50 56 81
 87 : 5 23 35 57 87 90
 92 : 9 22 26 44 66 92
SOLUTION:
  Value: -99931.000000
  Assigns: 24 82 67 54 54 87 16 8 8 92 47 54 16 58 97 81 16 24 89 67 47 47 92 87 24 81 92 81 71 47 67 47 81 89 89 87 89 16 71 24 97 89 16 58 92 89 24 47 24 71 81 54 89 71 54 16 81 87 58 97 54 71 16 47 47 8 92 67 82 97 58 71 97 47 58 67 89 71 82 97 87 81 82 16 16 16 71 87 82 89 87 71 92 67 54 97 8 97 67 97 
  Facilities: 14
 8 : 7 8 65 96
 16 : 6 12 16 37 42 55 62 83 84 85
 24 : 0 17 24 39 46 48
 47 : 10 20 21 29 31 47 63 64 73
 54 : 3 4 11 51 54 60 94
 58 : 13 43 58 70 74
 67 : 2 19 30 67 75 93 98
 71 : 28 38 49 53 61 71 77 86 91
 81 : 15 25 27 32 50 56 81
 82 : 1 68 78 82 88
 87 : 5 23 35 57 80 87 90
 89 : 18 33 34 36 41 45 52 76 89
 92 : 9 22 26 44 66 92
 97 : 14 40 59 69 72 79 95 97 99
SOLUTION:
  Value: -99977.000000
  Assigns: 0 1 67 4 4 87 42 8 8 92 47 4 42 58 77 27 42 0 18 67 77 47 92 87 0 27 0 27 42 47 67 47 4 18 18 87 18 42 77 40 40 67 42 58 92 18 0 47 0 77 27 4 18 77 4 42 87 87 58 40 4 77 42 47 47 8 92 67 1 40 58 77 40 0 58 67 18 77 1 40 40 27 1 42 42 42 77 87 1 18 87 42 92 67 4 77 8 40 67 40 
  Facilities: 14
 0 : 0 17 24 26 46 48 73
 1 : 1 68 78 82 88
 4 : 3 4 11 32 51 54 60 94
 8 : 7 8 65 96
 18 : 18 33 34 36 45 52 76 89
 27 : 15 25 27 50 81
 40 : 39 40 59 69 72 79 80 97 99
 42 : 6 12 16 28 37 42 55 62 83 84 85 91
 47 : 10 21 29 31 47 63 64
 58 : 13 43 58 70 74
 67 : 2 19 30 41 67 75 93 98
 77 : 14 20 38 49 53 61 71 77 86 95
 87 : 5 23 35 56 57 87 90
 92 : 9 22 44 66 92
SOLUTION:
  Value: -100141.000000
  Assigns: 24 78 67 60 60 81 42 8 8 92 29 60 42 58 79 81 42 24 18 67 29 29 92 78 24 81 92 81 42 29 67 29 81 18 18 79 18 42 71 24 79 67 42 58 92 18 24 29 24 71 81 60 18 71 60 42 81 79 58 79 60 71 42 29 29 8 92 67 78 79 58 71 79 29 58 67 18 71 78 79 79 81 78 42 42 42 71 81 78 18 81 71 92 67 60 79 8 79 67 79 
  Facilities: 13
 8 : 7 8 65 96
 18 : 18 33 34 36 45 52 76 89
 24 : 0 17 24 39 46 48
 29 : 10 20 21 29 31 47 63 64 73
 42 : 6 12 16 28 37 42 55 62 83 84 85
 58 : 13 43 58 70 74
 60 : 3 4 11 51 54 60 94
 67 : 2 19 30 41 67 75 93 98
 71 : 38 49 53 61 71 77 86 91
 78 : 1 23 68 78 82 88
 79 : 14 35 40 57 59 69 72 79 80 95 97 99
 81 : 5 15 25 27 32 50 56 81 87 90
 92 : 9 22 26 44 66 92
SOLUTION:
  Value: -100165.000000
  Assigns: 46 46 67 4 4 81 42 8 8 66 47 59 42 58 59 81 42 46 89 67 49 47 66 80 46 81 66 81 42 47 67 47 81 89 89 80 89 42 49 80 80 89 42 58 47 89 46 47 46 49 81 4 89 49 4 42 81 80 58 59 4 49 42 47 47 8 66 67 46 59 58 49 80 47 58 67 89 49 46 59 80 81 46 42 42 42 49 80 46 89 80 42 66 67 4 59 8 59 67 59 
  Facilities: 13
 4 : 3 4 51 54 60 94
 8 : 7 8 65 96
 42 : 6 12 16 28 37 42 55 62 83 84 85 91
 46 : 0 1 17 24 46 48 68 78 82 88
 47 : 10 21 29 31 44 47 63 64 73
 49 : 20 38 49 53 61 71 77 86
 58 : 13 43 58 70 74
 59 : 11 14 59 69 79 95 97 99
 66 : 9 22 26 66 92
 67 : 2 19 30 67 75 93 98
 80 : 23 35 39 40 57 72 80 87 90
 81 : 5 15 25 27 32 50 56 81
 89 : 18 33 34 36 41 45 52 76 89
SOLUTION:
  Value: -100186.000000
  Assigns: 0 1 67 54 54 87 42 7 7 92 47 54 42 43 79 81 42 0 89 67 47 47 92 87 0 81 0 81 42 47 67 47 81 89 89 87 89 42 71 79 79 89 42 43 92 89 0 47 0 71 81 54 89 71 54 42 81 87 43 79 54 71 42 47 47 7 92 67 1 79 96 71 79 0 43 67 89 71 1 79 79 81 1 42 42 42 71 87 1 89 87 71 92 67 54 79 96 79 67 79 
  Facilities: 15
 0 : 0 17 24 26 46 48 73
 1 : 1 68 78 82 88
 7 : 7 8 65
 42 : 6 12 16 28 37 42 55 62 83 84 85
 43 : 13 43 58 74
 47 : 10 20 21 29 31 47 63 64
 54 : 3 4 11 51 54 60 94
 67 : 2 19 30 67 75 93 98
 71 : 38 49 53 61 71 77 86 91
 79 : 14 39 40 59 69 72 79 80 95 97 99
 81 : 15 25 27 32 50 56 81
 87 : 5 23 35 57 87 90
 89 : 18 33 34 36 41 45 52 76 89
 92 : 9 22 44 66 92
 96 : 70 96
SOLUTION:
  Value: -100188.000000
  Assigns: 24 1 67 4 4 87 84 8 8 92 29 79 84 58 79 81 84 24 89 67 49 29 92 87 24 81 92 81 84 29 67 29 81 89 89 87 89 84 49 24 79 89 84 58 92 89 24 29 24 49 81 4 89 49 4 85 81 87 58 79 4 49 85 29 29 8 92 67 1 79 58 49 79 29 58 67 89 49 1 79 79 81 1 84 84 85 49 87 1 89 87 84 92 67 4 79 8 79 67 79 
  Facilities: 15
 1 : 1 68 78 82 88
 4 : 3 4 51 54 60 94
 8 : 7 8 65 96
 24 : 0 17 24 39 46 48
 29 : 10 21 29 31 47 63 64 73
 49 : 20 38 49 53 61 71 77 86
 58 : 13 43 58 70 74
 67 : 2 19 30 67 75 93 98
 79 : 11 14 40 59 69 72 79 80 95 97 99
 81 : 15 25 27 32 50 56 81
 84 : 6 12 16 28 37 42 83 84 91
 85 : 55 62 85
 87 : 5 23 35 57 87 90
 89 : 18 33 34 36 41 45 52 76 89
 92 : 9 22 26 44 66 92
