# Time: 647.989990
# Elapsed: 173.208267
# Input_file: splp/CLSC/2833GapCS.txt
# Pool_size: 200
# Iterations: 31
# Final_solutions: 5900
# Vision_range: 400
# Reduction_mode: REDUCTION_DISPERSE
# Dissimilitude: DISSIM_MSE
# Facility_dist: FDISMODE_MINDIST
SOLUTION:
  Value: -48132.000000
  Assigns: 79 75 91 76 32 36 39 36 75 34 83 3 79 83 62 32 62 79 32 84 91 91 39 79 39 40 76 86 36 36 36 28 79 86 79 86 79 34 40 62 76 62 3 28 39 84 3 75 39 39 86 40 84 40 86 40 40 40 75 86 36 84 39 15 79 76 40 3 32 39 75 15 86 3 3 91 62 28 84 15 34 34 84 62 75 62 62 32 3 34 15 32 34 34 32 83 91 28 91 91 
  Facilities: 16
 3 : 11 42 46 67 73 74 88
 15 : 63 71 79 90
 28 : 31 43 77 97
 32 : 4 15 18 68 87 91 94
 34 : 9 37 80 81 89 92 93
 36 : 5 7 28 29 30 60
 39 : 6 22 24 44 48 49 62 69
 40 : 25 38 51 53 55 56 57 66
 62 : 14 16 39 41 76 83 85 86
 75 : 1 8 47 58 70 84
 76 : 3 26 40 65
 79 : 0 12 17 23 32 34 36 64
 83 : 10 13 95
 84 : 19 45 52 61 78 82
 86 : 27 33 35 50 54 59 72
 91 : 2 20 21 75 96 98 99
SOLUTION:
  Value: -60155.000000
  Assigns: 79 63 98 76 4 30 4 4 29 55 83 29 79 58 55 18 78 79 78 84 85 76 58 79 30 98 76 46 30 70 98 78 79 46 98 98 79 78 80 87 18 58 80 29 18 84 30 4 98 30 85 58 70 15 31 63 70 80 30 31 63 84 46 15 58 76 83 4 76 84 55 15 70 31 78 80 55 63 84 85 87 83 84 85 85 80 31 80 87 15 87 31 63 63 63 83 87 83 31 55 
  Facilities: 20
 4 : 4 6 7 47 67
 15 : 53 63 71 89
 18 : 15 40 44
 29 : 8 11 43
 30 : 5 24 28 46 49 58
 31 : 54 59 73 86 91 98
 46 : 27 33 62
 55 : 9 14 70 76 99
 58 : 13 22 41 51 64
 63 : 1 55 60 77 92 93 94
 70 : 29 52 56 72
 76 : 3 21 26 65 68
 78 : 16 18 31 37 74
 79 : 0 12 17 23 32 36
 80 : 38 42 57 75 85 87
 83 : 10 66 81 95 97
 84 : 19 45 61 69 78 82
 85 : 20 50 79 83 84
 87 : 39 80 88 90 96
 98 : 2 25 30 34 35 48
SOLUTION:
  Value: -63141.000000
  Assigns: 34 18 98 76 4 80 44 4 29 34 44 29 41 82 55 18 74 84 68 84 85 76 95 68 74 98 76 55 4 70 98 85 41 82 98 98 4 34 80 87 18 98 80 29 18 84 95 4 98 18 85 82 70 15 31 95 68 80 31 31 70 84 68 15 44 76 83 4 34 41 55 15 41 31 82 80 55 44 84 85 34 34 84 68 85 74 31 80 87 34 87 31 34 34 55 83 87 83 31 55 
  Facilities: 21
 4 : 4 7 28 36 47 67
 15 : 53 63 71
 18 : 1 15 40 44 49
 29 : 8 11 43
 31 : 54 58 59 73 86 91 98
 34 : 0 9 37 68 80 81 89 92 93
 41 : 12 32 69 72
 44 : 6 10 64 77
 55 : 14 27 70 76 94 99
 68 : 18 23 56 62 83
 70 : 29 52 60
 74 : 16 24 85
 76 : 3 21 26 65
 80 : 5 38 42 57 75 87
 82 : 13 33 51 74
 83 : 66 95 97
 84 : 17 19 45 61 78 82
 85 : 20 31 50 79 84
 87 : 39 88 90 96
 95 : 22 46 55
 98 : 2 25 30 34 35 41 48
SOLUTION:
  Value: -63142.000000
  Assigns: 34 18 21 76 4 80 4 4 29 34 7 3 70 69 18 18 74 84 46 84 85 21 58 60 7 60 76 46 7 70 18 85 46 46 3 15 4 34 80 87 18 58 80 29 18 84 3 4 29 18 85 21 70 15 31 7 70 80 31 31 70 60 46 21 58 76 83 4 34 60 69 15 70 3 3 80 60 21 21 85 34 34 84 21 85 74 31 80 69 34 87 31 34 34 7 83 87 83 31 74 
  Facilities: 21
 3 : 11 34 46 73 74
 4 : 4 6 7 36 47 67
 7 : 10 24 28 55 94
 15 : 35 53 71
 18 : 1 14 15 30 40 44 49
 21 : 2 21 51 63 77 78 83
 29 : 8 43 48
 31 : 54 58 59 86 91 98
 34 : 0 9 37 68 80 81 89 92 93
 46 : 18 27 32 33 62
 58 : 22 41 64
 60 : 23 25 61 69 76
 69 : 13 70 88
 70 : 12 29 52 56 60 72
 74 : 16 85 99
 76 : 3 26 65
 80 : 5 38 42 57 75 87
 83 : 66 95 97
 84 : 17 19 45 82
 85 : 20 31 50 79 84
 87 : 39 90 96
SOLUTION:
  Value: -63145.000000
  Assigns: 34 63 16 76 4 80 4 4 29 34 83 29 16 58 18 18 74 84 46 84 85 9 58 60 16 60 76 46 4 70 18 85 16 46 13 15 4 34 80 87 18 58 80 29 18 84 13 4 29 9 85 58 70 15 31 63 70 80 31 31 63 60 46 13 58 76 83 4 34 60 60 15 70 31 9 80 60 63 84 85 34 34 84 85 9 74 31 80 87 9 87 31 63 34 13 83 87 83 31 74 
  Facilities: 21
 4 : 4 6 7 28 36 47 67
 9 : 21 49 74 84 89
 13 : 34 46 63 94
 15 : 35 53 71
 16 : 2 12 24 32
 18 : 14 15 30 40 44
 29 : 8 11 43 48
 31 : 54 58 59 73 86 91 98
 34 : 0 9 37 68 80 81 93
 46 : 18 27 33 62
 58 : 13 22 41 51 64
 60 : 23 25 61 69 70 76
 63 : 1 55 60 77 92
 70 : 29 52 56 72
 74 : 16 85 99
 76 : 3 26 65
 80 : 5 38 42 57 75 87
 83 : 10 66 95 97
 84 : 17 19 45 78 82
 85 : 20 31 50 79 83
 87 : 39 88 90 96
SOLUTION:
  Value: -63146.000000
  Assigns: 34 24 98 76 4 80 4 4 65 34 83 24 16 69 65 18 74 84 69 84 85 21 74 65 16 98 76 65 4 70 98 85 16 65 98 98 4 34 80 87 18 98 80 29 18 84 24 4 98 16 85 82 70 15 65 24 70 80 31 70 70 84 24 21 16 76 83 4 34 84 69 15 70 31 82 80 69 21 21 85 34 34 84 21 85 74 31 80 69 34 87 31 34 34 69 83 87 83 31 74 
  Facilities: 21
 4 : 4 6 7 28 36 47 67
 15 : 53 71
 16 : 12 24 32 49 64
 18 : 15 40 44
 21 : 21 63 77 78 83
 24 : 1 11 46 55 62
 29 : 43
 31 : 58 73 86 91 98
 34 : 0 9 37 68 80 81 89 92 93
 65 : 8 14 23 27 33 54
 69 : 13 18 70 76 88 94
 70 : 29 52 56 59 60 72
 74 : 16 22 85 99
 76 : 3 26 65
 80 : 5 38 42 57 75 87
 82 : 51 74
 83 : 10 66 95 97
 84 : 17 19 45 61 69 82
 85 : 20 31 50 79 84
 87 : 39 90 96
 98 : 2 25 30 34 35 41 48
SOLUTION:
  Value: -63147.000000
  Assigns: 61 63 61 76 4 86 4 4 29 76 61 29 70 69 18 18 74 84 68 84 85 76 58 68 74 72 76 86 4 70 18 85 61 61 13 86 4 13 80 87 18 58 80 29 18 84 13 4 29 61 86 58 70 15 86 63 68 80 61 86 63 84 68 13 58 76 83 4 76 31 69 15 86 31 72 80 69 63 84 85 72 83 84 68 72 74 31 80 69 72 15 31 63 72 13 83 87 83 31 74 
  Facilities: 21
 4 : 4 6 7 28 36 47 67
 13 : 34 37 46 63 94
 15 : 53 71 90
 18 : 14 15 30 40 44
 29 : 8 11 43 48
 31 : 69 73 86 91 98
 58 : 22 41 51 64
 61 : 0 2 10 32 33 49 58
 63 : 1 55 60 77 92
 68 : 18 23 56 62 83
 69 : 13 70 76 88
 70 : 12 29 52
 72 : 25 74 80 84 89 93
 74 : 16 24 85 99
 76 : 3 9 21 26 65 68
 80 : 38 42 57 75 87
 83 : 66 81 95 97
 84 : 17 19 45 61 78 82
 85 : 20 31 79
 86 : 5 27 35 50 54 59 72
 87 : 39 96
SOLUTION:
  Value: -63148.000000
  Assigns: 79 63 98 76 4 80 4 4 65 76 83 29 79 82 65 18 74 79 68 84 85 65 74 68 74 60 76 65 4 70 98 85 79 65 13 98 79 13 80 87 18 98 80 29 18 84 13 4 98 79 85 82 70 15 65 63 68 80 31 31 63 60 68 13 79 76 83 4 76 60 68 15 70 31 82 80 60 63 84 85 82 83 84 68 85 74 31 80 87 15 87 31 63 63 13 83 87 83 31 74 
  Facilities: 21
 4 : 4 6 7 28 47 67
 13 : 34 37 46 63 94
 15 : 53 71 89
 18 : 15 40 44
 29 : 11 43
 31 : 58 59 73 86 91 98
 60 : 25 61 69 76
 63 : 1 55 60 77 92 93
 65 : 8 14 21 27 33 54
 68 : 18 23 56 62 70 83
 70 : 29 52 72
 74 : 16 22 24 85 99
 76 : 3 9 26 65 68
 79 : 0 12 17 32 36 49 64
 80 : 5 38 42 57 75 87
 82 : 13 51 74 80
 83 : 10 66 81 95 97
 84 : 19 45 78 82
 85 : 20 31 50 79 84
 87 : 39 88 90 96
 98 : 2 30 35 41 48
SOLUTION:
  Value: -63152.000000
  Assigns: 34 63 64 76 4 80 64 4 29 34 64 29 70 58 18 18 74 84 46 84 85 76 74 60 74 60 76 46 4 70 18 64 46 46 13 15 4 34 80 87 18 58 80 29 18 84 13 4 29 18 85 82 70 64 31 63 70 80 31 70 63 60 46 13 58 76 83 4 34 60 60 15 70 31 82 80 60 63 84 85 34 34 84 85 85 74 31 80 87 34 15 31 63 34 13 83 74 83 31 74 
  Facilities: 21
 4 : 4 7 28 36 47 67
 13 : 34 46 63 94
 15 : 35 71 90
 18 : 14 15 30 40 44 49
 29 : 8 11 43 48
 31 : 54 58 73 86 91 98
 34 : 0 9 37 68 80 81 89 93
 46 : 18 27 32 33 62
 58 : 13 41 64
 60 : 23 25 61 69 70 76
 63 : 1 55 60 77 92
 64 : 2 6 10 31 53
 70 : 12 29 52 56 59 72
 74 : 16 22 24 85 96 99
 76 : 3 21 26 65
 80 : 5 38 42 57 75 87
 82 : 51 74
 83 : 66 95 97
 84 : 17 19 45 78 82
 85 : 20 50 79 83 84
 87 : 39 88
SOLUTION:
  Value: -63153.000000
  Assigns: 61 63 64 76 4 90 4 4 29 90 61 29 70 82 62 64 74 84 68 84 85 76 74 68 74 72 76 64 4 70 18 64 61 61 13 15 4 13 72 87 18 62 61 29 18 84 13 4 29 61 85 82 70 64 31 63 68 63 61 31 63 84 68 13 90 76 83 4 76 84 68 15 70 31 82 90 62 63 84 85 72 83 84 62 72 62 31 83 87 72 87 31 63 72 13 83 87 83 31 74 
  Facilities: 21
 4 : 4 6 7 28 36 47 67
 13 : 34 37 46 63 94
 15 : 35 71
 18 : 30 40 44
 29 : 8 11 43 48
 31 : 54 59 73 86 91 98
 61 : 0 10 32 33 42 49 58
 62 : 14 41 76 83 85
 63 : 1 55 57 60 77 92
 64 : 2 15 27 31 53
 68 : 18 23 56 62 70
 70 : 12 29 52 72
 72 : 25 38 80 84 89 93
 74 : 16 22 24 99
 76 : 3 21 26 65 68
 82 : 13 51 74
 83 : 66 81 87 95 97
 84 : 17 19 45 61 69 78 82
 85 : 20 50 79
 87 : 39 88 90 96
 90 : 5 9 64 75
