# Time: 3284.539795
# Elapsed: 994.009766
# Input_file: splp/Fpp11/14FPP_11S.txt
# Pool_size: 400
# Iterations: 35
# Final_solutions: 13333
# Vision_range: 600
# Reduction_mode: REDUCTION_DISPERSE
# Dissimilitude: DISSIM_HAUSDORFF
# Facility_dist: FDISMODE_SUMOFDELTAS
SOLUTION:
  Value: -36224.000000
  Assigns: 99 85 99 24 8 73 74 8 8 77 94 37 24 39 8 99 37 85 39 118 24 118 67 24 24 37 94 39 73 74 24 99 77 37 118 39 37 37 39 39 85 67 8 37 8 39 67 73 74 94 118 77 73 74 99 67 77 8 24 85 24 73 74 67 85 77 67 67 94 73 74 37 73 99 74 39 77 77 99 73 74 85 94 77 85 85 37 99 39 24 94 85 118 94 94 99 8 118 99 99 94 67 37 67 39 99 118 73 74 73 74 77 24 77 118 8 67 118 118 85 8 85 73 74 118 37 77 39 94 8 94 24 67 
  Facilities: 12
 8 : 4 7 8 14 42 44 57 96 115 120 129
 24 : 3 12 20 23 24 30 58 60 89 112 131
 37 : 11 16 25 33 36 37 43 71 86 102 125
 39 : 13 18 27 35 38 39 45 75 88 104 127
 67 : 22 41 46 55 63 66 67 101 103 116 132
 73 : 5 28 47 52 61 69 72 79 107 109 122
 74 : 6 29 48 53 62 70 74 80 108 110 123
 77 : 9 32 51 56 65 76 77 83 111 113 126
 85 : 1 17 40 59 64 81 84 85 91 119 121
 94 : 10 26 49 68 82 90 93 94 100 128 130
 99 : 0 2 15 31 54 73 78 87 95 98 99 105
 118 : 19 21 34 50 92 97 106 114 117 118 124
SOLUTION:
  Value: -48184.000000
  Assigns: 99 13 99 48 131 73 90 33 92 13 11 11 13 110 59 41 115 11 115 13 41 33 48 68 92 51 110 48 73 33 51 115 33 33 131 47 48 41 59 33 41 41 110 47 48 90 47 51 48 13 51 51 73 47 99 59 68 51 59 59 11 73 13 131 68 110 92 68 68 90 115 92 73 99 68 41 11 41 90 73 92 47 33 47 48 51 90 99 92 90 90 92 92 59 115 99 90 48 92 11 51 13 68 115 68 99 110 73 59 110 110 115 47 48 115 115 51 68 11 131 13 115 73 11 90 13 92 131 92 41 131 131 11 
  Facilities: 16
 11 : 10 11 17 60 76 99 118 123 132
 13 : 1 9 12 19 49 62 101 120 125
 33 : 7 21 29 32 33 39 82
 41 : 15 20 37 40 41 75 77 129
 47 : 35 43 46 53 81 83 112
 48 : 3 22 27 36 44 48 84 97 113
 51 : 25 30 47 50 51 57 85 100 116
 59 : 14 38 55 58 59 93 108
 68 : 23 56 64 67 68 74 102 104 117
 73 : 5 28 52 61 72 79 107 122
 90 : 6 45 69 78 86 89 90 96 124
 92 : 8 24 66 71 80 88 91 92 98 126 128
 99 : 0 2 54 73 87 95 105
 110 : 13 26 42 65 106 109 110
 115 : 16 18 31 70 94 103 111 114 115 121
 131 : 4 34 63 119 127 130 131
SOLUTION:
  Value: -54167.000000
  Assigns: 1 1 99 24 30 17 32 1 34 30 78 32 111 34 111 60 17 17 30 87 24 66 67 24 24 51 30 111 32 30 51 115 32 34 60 132 30 1 32 60 66 67 87 111 70 66 67 92 60 70 1 51 78 17 66 67 60 51 70 60 60 87 66 67 30 66 30 67 32 70 34 92 66 67 78 87 70 78 78 30 92 32 17 34 78 111 87 132 92 24 111 92 92 87 115 30 60 32 92 111 66 67 66 115 70 99 132 111 1 60 111 132 78 1 115 115 51 111 30 70 132 115 34 87 17 60 92 78 132 17 1 132 67 
  Facilities: 18
 1 : 0 1 7 37 50 108 113 130
 17 : 5 16 17 53 82 124 129
 24 : 3 20 23 24 89
 30 : 4 9 18 26 29 36 64 66 79 95 118
 32 : 6 11 28 32 38 68 81 97
 34 : 8 13 33 70 83 122
 51 : 25 30 51 57 116
 60 : 15 34 39 48 56 59 60 96 109 125
 66 : 21 40 45 54 62 65 72 100 102
 67 : 22 41 46 55 63 67 73 101 132
 70 : 44 49 58 69 76 104 119
 78 : 10 52 74 77 78 84 112 127
 87 : 19 42 61 75 86 93 123
 92 : 47 71 80 88 91 92 98 126
 99 : 2 105
 111 : 12 14 27 43 85 90 99 107 110 117
 115 : 31 94 103 114 115 121
 132 : 35 87 106 111 120 128 131
SOLUTION:
  Value: -63137.000000
  Assigns: 1 1 70 24 30 17 105 1 105 30 78 110 111 110 111 114 17 114 30 87 24 105 67 24 24 51 110 111 32 30 24 115 77 132 60 132 30 1 32 60 66 67 87 111 70 66 114 51 60 70 1 51 78 17 66 67 82 51 70 60 60 82 66 67 30 110 67 67 32 70 82 92 66 67 78 87 70 77 78 30 92 82 82 77 105 111 87 132 92 110 111 92 92 114 115 30 60 32 92 111 66 67 66 115 105 105 132 111 1 110 110 77 78 77 115 115 110 111 30 70 132 115 1 87 17 60 92 78 132 17 1 132 67 
  Facilities: 21
 1 : 0 1 7 37 50 108 122 130
 17 : 5 16 53 124 129
 24 : 3 20 23 24 30
 30 : 4 9 18 29 36 64 79 95 118
 32 : 28 38 68 97
 51 : 25 47 51 57
 60 : 34 39 48 59 60 96 125
 66 : 40 45 54 62 72 100 102
 67 : 22 41 55 63 66 67 73 101 132
 70 : 2 44 49 58 69 76 119
 77 : 32 77 83 111 113
 78 : 10 52 74 78 112 127
 82 : 56 61 70 81 82
 87 : 19 42 75 86 123
 92 : 71 80 88 91 92 98 126
 105 : 6 8 21 84 104 105
 110 : 11 13 26 65 89 109 110 116
 111 : 12 14 27 43 85 90 99 107 117
 114 : 15 17 46 93
 115 : 31 94 103 114 115 121
 132 : 33 35 87 106 120 128 131
SOLUTION:
  Value: -63144.000000
  Assigns: 99 13 99 48 72 17 51 28 34 13 94 110 13 110 111 99 28 17 39 13 24 33 67 24 123 51 110 111 28 97 51 99 33 33 34 80 48 82 39 33 34 67 110 111 48 39 72 51 48 13 51 51 97 17 99 123 82 51 24 80 24 82 28 67 28 110 67 33 72 33 34 72 72 99 119 39 80 28 123 80 80 82 33 34 48 111 80 99 92 110 94 92 92 28 94 99 97 97 92 34 51 13 123 67 39 99 110 111 72 110 110 123 24 48 80 119 110 111 82 119 13 33 34 123 17 119 92 39 92 123 94 24 67 
  Facilities: 21
 13 : 1 9 12 19 49 101 120
 17 : 5 17 53 124
 24 : 20 23 58 60 112 131
 28 : 7 16 28 62 64 77 93
 33 : 21 32 33 39 67 69 82 121
 34 : 8 34 40 70 83 99 122
 39 : 18 38 45 75 104 127
 48 : 3 36 44 48 84 113
 51 : 6 25 30 47 50 51 57 100
 67 : 22 41 63 66 103 132
 72 : 4 46 68 71 72 108
 80 : 35 59 76 79 80 86 114
 82 : 37 56 61 81 118
 92 : 88 91 92 98 126 128
 94 : 10 90 94 130
 97 : 29 52 96 97
 99 : 0 2 15 31 54 73 87 95 105
 110 : 11 13 26 42 65 89 106 109 110 116
 111 : 14 27 43 85 107 117
 119 : 74 115 119 125
 123 : 24 55 78 102 111 123 129
SOLUTION:
  Value: -66131.000000
  Assigns: 1 69 99 4 4 73 90 1 92 13 4 32 111 13 111 99 115 38 115 13 46 105 67 24 123 46 38 111 73 128 24 99 77 132 46 132 104 1 32 123 66 67 46 69 128 90 46 92 69 13 1 77 46 4 66 123 77 69 24 104 24 73 66 67 90 77 67 67 69 69 115 92 66 24 38 69 77 77 123 73 46 32 46 104 105 111 90 99 92 90 90 92 92 105 115 46 90 32 92 111 66 13 123 38 105 99 132 111 1 73 104 77 24 77 115 115 128 111 69 123 132 115 123 123 128 4 92 128 132 123 1 132 67 
  Facilities: 22
 1 : 0 7 37 50 108 130
 4 : 3 4 10 53 125
 13 : 9 13 19 49 101
 24 : 23 30 58 60 73 112
 32 : 11 38 81 97
 38 : 17 26 74 103
 46 : 20 25 34 42 46 52 80 82 95
 66 : 40 54 62 72 100
 67 : 22 41 63 66 67 132
 69 : 1 43 48 57 68 69 75 118
 73 : 5 28 61 79 109
 77 : 32 51 56 65 76 77 111 113
 90 : 6 45 64 86 89 90 96
 92 : 8 47 71 88 91 92 98 126
 99 : 2 15 31 87 105
 104 : 36 59 83 110
 105 : 21 84 93 104
 111 : 12 14 27 85 99 107 117
 115 : 16 18 70 94 114 115 121
 123 : 24 39 55 78 102 119 122 123 129
 128 : 29 44 116 124 127
 132 : 33 35 106 120 128 131
SOLUTION:
  Value: -69116.000000
  Assigns: 1 1 70 24 30 17 90 1 105 30 78 110 111 110 111 114 17 114 30 87 24 105 67 24 24 51 110 111 32 30 24 115 77 132 60 132 30 1 32 60 66 67 87 111 70 90 114 51 60 70 1 51 78 17 66 123 82 51 70 60 60 82 66 67 90 110 67 67 32 90 82 92 66 67 78 87 70 77 78 30 92 82 82 77 105 111 87 132 92 110 90 92 92 114 115 30 90 32 92 111 66 67 66 115 105 105 132 111 1 110 110 77 78 77 115 115 110 111 30 70 132 115 123 123 90 60 92 78 132 123 1 132 67 
  Facilities: 23
 1 : 0 1 7 37 50 108 130
 17 : 5 16 53
 24 : 3 20 23 24 30
 30 : 4 9 18 29 36 79 95 118
 32 : 28 38 68 97
 51 : 25 47 51 57
 60 : 34 39 48 59 60 125
 66 : 40 54 62 72 100 102
 67 : 22 41 63 66 67 73 101 132
 70 : 2 44 49 58 76 119
 77 : 32 77 83 111 113
 78 : 10 52 74 78 112 127
 82 : 56 61 70 81 82
 87 : 19 42 75 86
 90 : 6 45 64 69 90 96 124
 92 : 71 80 88 91 92 98 126
 105 : 8 21 84 104 105
 110 : 11 13 26 65 89 109 110 116
 111 : 12 14 27 43 85 99 107 117
 114 : 15 17 46 93
 115 : 31 94 103 114 115 121
 123 : 55 122 123 129
 132 : 33 35 87 106 120 128 131
SOLUTION:
  Value: -69125.000000
  Assigns: 99 13 99 130 88 132 90 91 34 13 78 79 111 34 111 99 61 38 30 13 32 33 67 91 123 51 38 111 32 30 51 99 33 33 34 61 30 38 59 33 61 67 68 111 38 90 130 92 132 61 51 51 78 79 99 59 68 51 59 59 61 61 130 67 68 91 30 88 32 90 34 92 38 99 38 79 88 78 123 30 92 32 33 34 78 111 90 99 92 90 90 91 92 59 115 99 90 32 92 34 51 13 123 38 130 99 132 111 59 130 111 123 78 79 115 79 51 111 30 123 132 115 34 123 90 13 61 91 132 123 130 132 67 
  Facilities: 23
 13 : 1 9 19 101 125
 30 : 18 29 36 66 79 118
 32 : 20 28 68 81 97
 33 : 21 32 33 39 82
 34 : 8 13 34 70 83 99 122
 38 : 17 26 37 44 72 74 103
 51 : 25 30 50 51 57 100 116
 59 : 38 55 58 59 93 108
 61 : 16 35 40 49 60 61 126
 67 : 22 41 63 132
 68 : 42 56 64
 78 : 10 52 77 84 112
 79 : 11 53 75 113 115
 88 : 4 67 76
 90 : 6 45 69 86 89 90 96 124
 91 : 7 23 65 91 127
 92 : 47 71 80 88 92 98
 99 : 0 2 15 31 54 73 87 95 105
 111 : 12 14 27 43 85 107 110 117
 115 : 94 114 121
 123 : 24 78 102 111 119 123 129
 130 : 3 46 62 104 109 130
 132 : 5 48 106 120 128 131
SOLUTION:
  Value: -69130.000000
  Assigns: 99 85 99 24 30 132 90 91 105 77 94 110 111 110 111 112 115 85 30 87 46 105 67 24 123 51 110 111 112 30 51 115 77 132 46 132 30 105 122 51 85 67 87 111 112 90 46 51 132 94 51 77 46 74 66 123 77 51 24 85 24 87 66 67 85 110 67 112 94 90 91 92 66 67 74 87 77 77 123 30 46 85 94 77 105 111 112 132 92 90 90 91 92 87 115 46 90 91 92 111 66 105 123 115 105 105 132 111 74 110 122 77 24 77 115 115 51 111 30 85 132 115 122 123 90 91 90 91 132 123 94 132 67 
  Facilities: 23
 24 : 3 23 58 60 112
 30 : 4 18 29 36 79 118
 46 : 20 34 46 52 80 95
 51 : 25 30 39 47 50 57 116
 66 : 54 62 72 100
 67 : 22 41 63 66 73 132
 74 : 53 74 108
 77 : 9 32 51 56 76 77 83 111 113
 85 : 1 17 40 59 64 81 119
 87 : 19 42 61 75 93
 90 : 6 45 69 89 90 96 124 126
 91 : 7 70 91 97 125 127
 92 : 71 88 92 98
 94 : 10 49 68 82 130
 99 : 0 2
 105 : 8 21 37 84 101 104 105
 110 : 11 13 26 65 109
 111 : 12 14 27 43 85 99 107 117
 112 : 15 28 44 67 86
 115 : 16 31 94 103 114 115 121
 122 : 38 110 122
 123 : 24 55 78 102 123 129
 132 : 5 33 35 48 87 106 120 128 131
SOLUTION:
  Value: -72114.000000
  Assigns: 99 69 99 7 16 104 7 28 34 13 11 11 13 110 111 114 28 11 19 13 104 33 34 91 69 51 110 111 28 33 51 99 77 33 34 80 104 38 59 33 124 7 110 69 38 11 114 51 69 13 16 51 16 19 99 59 77 51 59 80 60 27 28 27 28 110 60 33 69 69 34 92 7 99 38 69 80 77 13 80 80 16 33 104 19 111 80 99 92 110 111 91 104 114 60 7 60 91 92 34 51 13 114 124 16 99 110 111 59 110 104 77 124 77 114 27 110 111 69 7 114 33 34 11 124 60 92 91 16 80 124 19 11 
  Facilities: 24
 7 : 3 6 41 72 95 119
 11 : 10 11 17 45 123 132
 13 : 9 12 19 49 78 101
 16 : 4 50 52 81 104 128
 19 : 18 53 84 131
 27 : 61 63 115
 28 : 7 16 28 62 64
 33 : 21 29 33 39 67 82 121
 34 : 8 22 34 70 99 122
 38 : 37 44 74
 51 : 25 30 47 51 57 100
 59 : 38 55 58 108
 60 : 60 66 94 96 125
 69 : 1 24 43 48 68 69 75 118
 77 : 32 56 77 111 113
 80 : 35 59 76 79 80 86 129
 91 : 23 91 97 127
 92 : 71 88 98 126
 99 : 0 2 31 54 73 87 105
 104 : 5 20 36 83 92 110
 110 : 13 26 42 65 89 106 109 116
 111 : 14 27 85 90 107 117
 114 : 15 46 93 102 114 120
 124 : 40 103 112 124 130
