# Time: 3454.320068
# Elapsed: 1078.925171
# Input_file: splp/Fpp11/3FPP_11S.txt
# Pool_size: 400
# Iterations: 36
# Final_solutions: 13733
# Vision_range: 600
# Reduction_mode: REDUCTION_DISPERSE
# Dissimilitude: DISSIM_HAUSDORFF
# Facility_dist: FDISMODE_SUMOFDELTAS
SOLUTION:
  Value: -36243.000000
  Assigns: 68 27 23 24 49 17 27 91 107 35 107 23 24 17 35 27 17 17 44 23 24 120 23 91 24 122 27 27 49 23 24 35 44 27 35 35 120 49 122 107 44 35 68 44 44 49 91 68 49 49 44 17 120 17 122 49 68 23 24 23 24 27 107 27 68 91 17 68 68 35 91 35 23 24 68 120 27 122 44 91 44 107 17 49 35 49 107 91 23 24 91 91 27 44 120 107 122 91 49 120 35 122 68 107 68 17 107 107 120 44 122 23 24 107 49 27 120 68 122 120 120 122 122 35 17 91 120 91 122 17 23 24 44 
  Facilities: 12
 17 : 5 13 16 17 51 53 66 82 105 124 129
 23 : 2 11 19 22 29 57 59 72 88 111 130
 24 : 3 12 20 24 30 58 60 73 89 112 131
 27 : 1 6 15 26 27 33 61 63 76 92 115
 35 : 9 14 31 34 35 41 69 71 84 100 123
 44 : 18 32 40 43 44 50 78 80 93 109 132
 49 : 4 28 37 45 48 49 55 83 85 98 114
 68 : 0 42 47 56 64 67 68 74 102 104 117
 91 : 7 23 46 65 70 79 87 90 91 97 125 127
 107 : 8 10 39 62 81 86 95 103 106 107 113
 120 : 21 36 52 75 94 99 108 116 119 120 126
 122 : 25 38 54 77 96 101 110 118 121 122 128
SOLUTION:
  Value: -51187.000000
  Assigns: 12 85 70 7 131 132 7 7 12 54 31 23 12 7 113 83 113 17 12 23 119 120 23 17 123 122 123 31 73 23 31 31 131 132 131 132 120 31 83 123 85 7 54 7 70 113 12 73 132 70 54 17 120 17 122 123 7 23 70 23 54 12 83 131 132 31 70 31 113 73 70 83 7 73 119 120 70 122 123 83 31 85 17 83 85 85 131 132 23 83 54 85 113 119 120 7 122 123 119 120 12 122 123 54 70 17 132 73 120 73 122 132 113 113 7 119 120 83 122 7 120 85 73 123 17 119 120 131 122 17 23 131 132 
  Facilities: 17
 7 : 3 6 7 13 41 43 56 72 95 114 119
 12 : 0 8 12 18 46 61 100
 17 : 17 23 51 53 82 105 124 129
 23 : 11 19 22 29 57 59 88 130
 31 : 10 27 30 31 37 65 67 80
 54 : 9 42 50 60 90 103
 70 : 2 44 49 58 66 70 76 104
 73 : 28 47 69 73 107 109 122
 83 : 15 38 62 71 79 83 89 117
 85 : 1 40 81 84 85 91 121
 113 : 14 16 45 68 92 112 113
 119 : 20 74 93 98 115 125
 120 : 21 36 52 75 94 99 108 116 120 126
 122 : 25 54 77 96 101 110 118 128
 123 : 24 26 39 55 78 97 102 123
 131 : 4 32 34 63 86 127 131
 132 : 5 33 35 48 64 87 106 111 132
SOLUTION:
  Value: -63147.000000
  Assigns: 21 85 23 7 8 132 7 7 8 93 94 79 16 7 8 16 16 17 63 23 21 120 23 17 123 122 123 21 49 23 129 35 129 132 79 132 120 49 122 123 85 7 8 7 8 49 40 73 93 49 16 63 73 17 122 49 7 23 79 23 81 129 63 63 132 16 17 93 94 73 21 35 7 8 40 79 40 81 123 79 81 93 17 49 85 85 21 132 23 40 94 85 93 93 120 7 8 123 49 93 35 122 123 129 16 17 132 73 129 73 122 132 63 79 7 81 120 129 122 7 120 85 73 123 17 129 120 93 7 93 23 132 132 
  Facilities: 21
 7 : 3 6 7 13 41 43 56 72 95 114 119 128
 8 : 4 8 14 42 44 73 96
 16 : 12 15 16 50 65 104
 17 : 17 23 53 66 82 105 124
 21 : 0 20 27 70 86
 23 : 2 19 22 29 57 59 88 130
 35 : 31 71 100
 40 : 46 74 76 89
 49 : 28 37 45 49 55 83 98
 63 : 18 51 62 63 112
 73 : 47 52 69 107 109 122
 79 : 11 34 58 75 79 113
 81 : 60 77 80 115
 85 : 1 40 84 85 91 121
 93 : 9 48 67 81 92 93 99 127 129
 94 : 10 68 90
 120 : 21 36 94 116 120 126
 122 : 25 38 54 101 110 118
 123 : 24 26 39 78 97 102 123
 129 : 30 32 61 103 108 117 125
 132 : 5 33 35 64 87 106 111 131 132
SOLUTION:
  Value: -63148.000000
  Assigns: 84 27 23 7 8 132 27 7 76 93 55 23 6 7 8 27 84 17 86 23 88 120 23 91 123 122 123 27 49 55 129 76 129 27 55 132 120 49 122 123 6 86 8 88 8 49 91 73 93 49 76 17 73 17 55 55 7 23 84 23 86 55 88 84 76 86 17 93 94 73 91 6 7 8 86 120 27 122 123 91 84 93 17 84 88 49 86 132 23 93 94 55 93 93 120 7 8 123 49 93 94 122 123 129 55 17 132 73 129 73 122 132 76 6 7 8 120 129 122 7 55 122 73 123 88 91 120 91 7 93 23 132 132 
  Facilities: 21
 6 : 12 40 71 113
 7 : 3 7 13 56 72 95 114 119 128
 8 : 4 14 42 44 73 96 115
 17 : 17 51 53 66 82 105
 23 : 2 11 19 22 57 59 88 130
 27 : 1 6 15 27 33 76
 49 : 28 37 45 49 85 98
 55 : 10 29 34 54 55 61 91 104 120
 73 : 47 52 69 107 109 122
 76 : 8 31 50 64 112
 84 : 0 16 58 63 80 83
 86 : 18 41 60 65 74 86
 88 : 20 43 62 84 124
 91 : 23 46 70 79 125 127
 93 : 9 48 67 81 89 92 93 99 129
 94 : 68 90 100
 120 : 21 36 75 94 116 126
 122 : 25 38 77 101 110 118 121
 123 : 24 26 39 78 97 102 123
 129 : 30 32 103 108 117
 132 : 5 35 87 106 111 131 132
SOLUTION:
  Value: -66144.000000
  Assigns: 127 69 70 7 88 132 7 7 9 9 55 5 16 7 8 16 16 43 44 64 88 120 16 91 92 122 123 53 49 55 127 43 53 132 55 132 120 49 122 123 44 53 8 88 70 9 91 92 132 53 44 55 53 53 55 55 7 69 70 127 64 55 88 64 132 16 70 88 69 69 64 92 7 8 9 69 70 43 44 43 44 107 127 49 88 49 107 132 92 53 91 55 92 44 120 7 8 123 49 120 64 122 53 69 55 69 132 107 120 44 122 132 5 64 7 8 120 5 122 7 55 9 122 123 88 91 120 91 122 8 9 43 44 
  Facilities: 22
 5 : 11 112 117
 7 : 3 6 7 13 56 72 95 114 119
 8 : 14 42 73 96 115 129
 9 : 8 9 45 74 121 130
 16 : 12 15 16 22 65
 43 : 17 31 77 79 131
 44 : 18 40 50 78 80 93 109 132
 49 : 28 37 83 85 98
 53 : 27 32 41 49 52 53 89 102
 55 : 10 29 34 51 54 55 61 91 104 120
 64 : 19 60 63 70 100 113
 69 : 1 57 68 69 75 103 105
 70 : 2 44 58 66 76
 88 : 4 20 43 62 67 84 124
 91 : 23 46 90 125 127
 92 : 24 47 71 88 92
 107 : 81 86 107
 120 : 21 36 94 99 108 116 126
 122 : 25 38 101 110 118 122 128
 123 : 26 39 97 123
 127 : 0 30 59 82
 132 : 5 33 35 48 64 87 106 111
SOLUTION:
  Value: -66145.000000
  Assigns: 0 85 70 7 8 132 32 7 53 93 55 32 80 7 8 83 17 17 44 23 41 120 23 17 123 122 123 53 32 55 129 32 53 132 0 132 0 41 83 123 44 53 8 64 70 129 40 41 93 53 44 17 53 53 55 55 7 23 70 23 64 55 83 64 132 0 70 93 80 70 64 83 7 8 40 41 70 122 44 83 44 93 17 83 85 85 80 132 23 53 41 85 93 44 120 7 8 32 64 120 64 122 53 129 55 17 132 0 129 44 122 132 0 64 7 8 120 129 122 7 55 85 122 123 17 129 120 93 122 93 23 132 44 
  Facilities: 22
 0 : 0 34 36 65 107 112
 7 : 3 7 13 56 72 95 114 119
 8 : 4 14 42 73 96 115
 17 : 16 17 23 51 82 105 124
 23 : 19 22 57 59 88 130
 32 : 6 11 28 31 97
 40 : 46 74
 41 : 20 37 47 75 90
 44 : 18 40 50 78 80 93 109 132
 53 : 8 27 32 41 49 52 53 89 102
 55 : 10 29 54 55 61 104 120
 64 : 43 60 63 70 98 100 113
 70 : 2 44 58 66 69 76
 80 : 12 68 86
 83 : 15 38 62 71 79 83
 85 : 1 84 85 91 121
 93 : 9 48 67 81 92 127 129
 120 : 21 94 99 116 126
 122 : 25 77 101 110 118 122 128
 123 : 24 26 39 123
 129 : 30 45 103 108 117 125
 132 : 5 33 35 64 87 106 111 131
SOLUTION:
  Value: -69136.000000
  Assigns: 0 100 70 102 8 132 32 7 53 93 14 32 6 7 8 60 100 17 102 23 88 120 23 49 92 122 123 53 49 23 129 32 53 132 0 132 0 49 122 123 6 53 8 88 70 49 50 92 93 53 50 17 53 53 122 100 7 23 70 23 60 129 88 14 132 0 70 93 32 70 70 92 7 8 100 120 70 122 123 14 92 93 17 49 88 49 50 132 23 53 102 92 93 93 120 7 60 32 49 120 100 122 53 129 70 17 132 0 102 60 122 132 0 6 7 8 120 129 122 7 120 122 122 123 88 60 120 6 122 93 23 132 0 
  Facilities: 23
 0 : 0 34 36 65 107 112 132
 6 : 12 40 113 127
 7 : 7 13 56 72 95 114 119
 8 : 4 14 42 73 115
 14 : 10 63 79
 17 : 17 51 82 105
 23 : 19 22 29 57 59 88 130
 32 : 6 11 31 68 97
 49 : 23 28 37 45 83 85 98
 50 : 46 50 86
 53 : 8 27 32 41 49 52 53 89 102
 60 : 15 60 96 109 125
 70 : 2 44 58 66 69 70 76 104
 88 : 20 43 62 84 124
 92 : 24 47 71 80 91
 93 : 9 48 67 81 92 93 129
 100 : 1 16 55 74 100
 102 : 3 18 90 108
 120 : 21 75 94 99 116 120 126
 122 : 25 38 54 77 101 110 118 121 122 128
 123 : 26 39 78 123
 129 : 30 61 103 117
 132 : 5 33 35 64 87 106 111 131
SOLUTION:
  Value: -72115.000000
  Assigns: 84 85 70 71 8 132 7 33 53 93 55 23 33 7 8 19 84 85 63 23 65 120 23 23 123 122 123 53 73 55 129 43 53 33 55 132 120 63 122 123 85 53 8 43 70 71 40 73 93 53 71 63 53 53 55 55 7 23 70 23 64 55 63 84 65 65 70 93 19 73 64 65 7 8 40 120 70 43 90 43 84 85 33 84 85 85 90 132 23 53 90 85 93 93 120 7 90 123 33 120 64 122 53 129 55 71 132 73 129 73 122 132 63 64 7 8 120 129 122 7 55 85 73 123 90 129 120 93 122 93 23 19 132 
  Facilities: 24
 7 : 6 13 56 72 95 114 119
 8 : 4 14 42 73 115
 19 : 15 68 131
 23 : 11 19 22 23 57 59 88 130
 33 : 7 12 33 82 98
 40 : 46 74
 43 : 31 43 77 79
 53 : 8 27 32 41 49 52 53 89 102
 55 : 10 29 34 54 55 61 104 120
 63 : 18 37 51 62 112
 64 : 60 70 100 113
 65 : 20 64 65 71
 70 : 2 44 58 66 76
 71 : 3 45 50 105
 73 : 28 47 69 107 109 122
 84 : 0 16 63 80 83
 85 : 1 17 40 81 84 85 91 121
 90 : 78 86 90 96 124
 93 : 9 48 67 92 93 127 129
 120 : 21 36 75 94 99 116 126
 122 : 25 38 101 110 118 128
 123 : 24 26 39 97 123
 129 : 30 103 108 117 125
 132 : 5 35 87 106 111 132
SOLUTION:
  Value: -72120.000000
  Assigns: 21 69 70 48 88 132 51 7 53 21 55 23 16 7 40 16 16 17 63 23 88 21 23 91 92 122 123 53 49 55 51 43 53 132 55 132 81 49 122 123 44 53 43 88 70 49 40 92 48 53 44 51 53 53 48 55 7 69 70 23 81 55 88 63 132 91 70 88 69 73 91 92 7 73 40 69 70 81 44 43 44 81 17 49 88 49 21 132 23 53 91 55 92 44 88 7 122 48 49 63 51 122 123 69 55 17 132 73 43 73 122 132 63 48 7 81 51 81 122 7 55 122 73 123 88 91 92 91 122 17 23 43 44 
  Facilities: 24
 7 : 7 13 56 72 95 114 119
 16 : 12 15 16
 17 : 17 82 105 129
 21 : 0 9 21 86
 23 : 11 19 22 59 88 130
 40 : 14 46 74
 43 : 31 42 79 108 131
 44 : 40 50 78 80 93 132
 48 : 3 48 54 97 113
 49 : 28 37 45 83 85 98
 51 : 6 30 51 100 116
 53 : 8 27 32 41 49 52 53 89
 55 : 10 29 34 55 61 91 104 120
 63 : 18 63 99 112
 69 : 1 57 68 75 103
 70 : 2 44 58 66 76
 73 : 69 73 107 109 122
 81 : 36 60 77 81 115 117
 88 : 4 20 43 62 67 84 94 124
 91 : 23 65 70 90 125 127
 92 : 24 47 71 92 126
 122 : 25 38 96 101 110 118 121 128
 123 : 26 39 102 123
 132 : 5 33 35 64 87 106 111
SOLUTION:
  Value: -72123.000000
  Assigns: 21 69 70 7 16 132 7 7 53 93 55 23 16 7 40 16 16 17 63 23 21 120 23 17 92 122 123 53 49 55 129 43 53 132 55 132 120 63 122 123 85 53 63 43 70 49 40 92 93 70 16 63 53 17 55 55 7 69 70 23 64 55 63 63 132 16 70 93 69 73 64 92 7 85 40 69 70 43 123 43 92 85 17 49 85 85 21 132 92 53 116 85 93 93 120 116 122 123 49 120 64 122 123 129 55 17 132 73 129 73 122 132 63 64 7 116 120 129 122 7 55 85 73 123 17 129 120 93 7 93 23 43 132 
  Facilities: 24
 7 : 3 6 7 13 56 72 114 119 128
 16 : 4 12 15 16 50 65
 17 : 17 23 53 82 105 124
 21 : 0 20 86
 23 : 11 19 22 59 130
 40 : 14 46 74
 43 : 31 43 77 79 131
 49 : 28 45 83 98
 53 : 8 27 32 41 52 89
 55 : 10 29 34 54 55 61 104 120
 63 : 18 37 42 51 62 63 112
 64 : 60 70 100 113
 69 : 1 57 68 75
 70 : 2 44 49 58 66 76
 73 : 69 107 109 122
 85 : 40 73 81 84 85 91 121
 92 : 24 47 71 80 88
 93 : 9 48 67 92 93 127 129
 116 : 90 95 115
 120 : 21 36 94 99 116 126
 122 : 25 38 96 101 110 118
 123 : 26 39 78 97 102 123
 129 : 30 103 108 117 125
 132 : 5 33 35 64 87 106 111 132
