# Time: 25.139999
# Elapsed: 7.112604
# Input_file: splp/Fpp11/7FPP_11S.txt
# Pool_size: 1000
# Iterations: 41
# Final_solutions: 39133
# Vision_range: 0
# Reduction_mode: REDUCTION_RANDOM
SOLUTION:
  Value: -84158.000000
  Assigns: 26 5 47 24 49 6 10 33 92 54 109 5 80 17 26 83 10 17 19 64 24 47 26 68 92 26 26 111 54 33 24 43 26 33 131 47 57 49 83 33 40 109 54 111 10 49 40 47 49 117 54 17 64 17 5 49 68 57 103 80 54 65 26 131 64 65 17 33 80 33 5 65 117 99 68 26 40 43 99 80 125 47 33 49 19 49 131 99 54 24 54 103 43 57 6 99 47 109 10 103 64 65 103 103 68 109 57 19 109 109 111 111 24 117 26 109 80 111 6 54 55 125 57 117 125 125 92 6 40 64 131 10 83 
  Facilities: 28
 5 : 1 11 54 70
 6 : 5 94 118 127
 10 : 6 16 44 98 131
 17 : 13 17 51 53 66
 19 : 18 84 107
 24 : 3 20 30 89 112
 26 : 0 14 22 25 26 32 62 75 114
 33 : 7 29 33 39 67 69 82
 40 : 40 46 76 128
 43 : 31 77 92
 47 : 2 21 35 47 81 96
 49 : 4 37 45 48 55 83 85
 54 : 9 28 42 50 60 88 90 119
 55 : 120
 57 : 36 57 93 106 122
 64 : 19 52 64 100 129
 65 : 61 65 71 101
 68 : 23 56 74 104
 80 : 12 59 68 79 116
 83 : 15 38 132
 92 : 8 24 126
 99 : 73 78 87 95
 103 : 58 91 99 102 103
 109 : 10 41 97 105 108 109 115
 111 : 27 43 110 111 117
 117 : 49 72 113 123
 125 : 80 121 124 125
 131 : 34 63 86 130
SOLUTION:
  Value: -90123.000000
  Assigns: 99 46 99 87 49 102 90 33 12 93 14 79 96 14 14 36 10 38 12 87 14 33 121 49 121 124 125 124 54 33 127 130 33 130 131 61 36 3 38 3 108 125 54 127 10 49 46 115 49 75 14 96 3 121 99 49 124 102 79 127 54 61 130 108 109 91 87 93 3 90 91 75 93 99 75 79 121 12 79 79 125 75 127 49 96 36 131 108 54 115 54 91 96 87 115 99 108 91 33 93 121 67 102 67 108 109 127 108 102 121 3 46 124 79 108 3 67 121 130 54 124 121 10 127 125 125 127 121 79 93 96 10 3 
  Facilities: 30
 3 : 37 39 52 68 110 115 132
 10 : 16 44 122 131
 12 : 8 18 77
 14 : 10 13 14 20 50
 33 : 7 21 29 32 98
 36 : 15 36 85
 38 : 17 38
 46 : 1 46 111
 49 : 4 23 45 48 55 83
 54 : 28 42 60 88 90 119
 61 : 35 61
 67 : 101 103 116
 75 : 49 71 74 81
 79 : 11 58 75 78 79 113 128
 87 : 3 19 66 93
 90 : 6 69
 91 : 65 70 91 97
 93 : 9 67 72 99 129
 96 : 12 51 84 92 130
 99 : 0 2 54 73 95
 102 : 5 57 102 108
 108 : 40 63 87 96 104 107 114
 109 : 64 105
 115 : 47 89 94
 121 : 22 24 53 76 100 109 117 121 127
 124 : 25 27 56 112 120
 125 : 26 41 80 124 125
 127 : 30 43 59 82 106 123 126
 130 : 31 33 62 118
 131 : 34 86
SOLUTION:
  Value: -90125.000000
  Assigns: 26 5 28 48 8 6 7 52 8 3 4 15 96 39 15 15 113 62 39 40 117 15 26 35 25 26 52 28 96 97 75 52 26 59 131 61 48 3 42 3 4 5 6 7 8 39 40 48 52 15 62 15 3 4 5 6 7 8 70 59 61 61 28 75 28 0 70 61 62 4 96 75 84 39 40 120 40 28 42 73 15 75 48 84 48 97 131 113 52 40 84 117 113 28 120 61 62 48 62 120 35 113 96 97 70 40 70 42 120 113 3 62 0 25 26 3 4 117 6 120 8 0 15 35 59 4 61 6 40 8 42 131 3 
  Facilities: 30
 0 : 65 112 121
 3 : 9 37 39 52 110 115 132
 4 : 10 40 53 69 116 125
 5 : 1 41 54
 6 : 5 42 55 118 127
 7 : 6 43 56
 8 : 4 8 44 57 120 129
 15 : 11 14 15 21 49 51 80 122
 25 : 24 113
 26 : 0 22 25 32 114
 28 : 2 27 62 64 77 93
 35 : 23 100 123
 39 : 13 18 45 73
 40 : 19 46 74 76 89 105 128
 42 : 38 78 107 130
 48 : 3 36 47 82 84 97
 52 : 7 26 31 48 88
 59 : 33 59 124
 61 : 35 60 61 67 95 126
 62 : 17 50 68 96 98 111
 70 : 58 66 104 106
 73 : 79
 75 : 30 63 71 81
 84 : 72 83 90
 96 : 12 28 70 102
 97 : 29 85 103
 113 : 16 87 92 101 109
 117 : 20 91 117
 120 : 75 94 99 108 119
 131 : 34 86 131
SOLUTION:
  Value: -90149.000000
  Assigns: 4 22 28 7 4 132 7 33 105 35 78 32 33 7 82 60 115 38 115 23 88 120 34 35 28 124 71 124 32 33 34 99 33 78 131 35 120 82 38 33 4 67 36 7 38 71 67 115 132 117 71 55 78 74 99 67 124 23 22 60 60 82 74 67 132 91 32 88 32 4 82 71 38 99 74 120 88 71 82 124 74 82 82 34 105 36 131 99 114 115 91 117 4 28 120 99 60 91 33 120 126 67 114 67 55 117 132 71 74 60 22 23 78 114 7 115 82 117 82 120 71 115 34 74 88 126 126 91 132 22 124 132 126 
  Facilities: 30
 4 : 0 4 40 69 92
 7 : 3 6 13 43 114
 22 : 1 58 110 129
 23 : 19 57 111
 28 : 2 24 93
 32 : 11 28 66 68
 33 : 7 12 29 32 39 98
 34 : 22 30 83 122
 35 : 9 23 35
 36 : 42 85
 38 : 17 38 44 72
 55 : 51 104
 60 : 15 59 60 96 109
 67 : 41 46 55 63 101 103
 71 : 26 45 50 71 77 107 120
 74 : 53 62 74 80 108 123
 78 : 10 33 52 112
 82 : 14 37 61 70 78 81 82 116 118
 88 : 20 67 76 124
 91 : 65 90 97 127
 99 : 31 54 73 87 95
 105 : 8 84
 114 : 88 102 113
 115 : 16 18 47 89 115 121
 117 : 49 91 105 117
 120 : 21 36 75 94 99 119
 124 : 25 27 56 79 130
 126 : 100 125 126 132
 131 : 34 86
 132 : 5 48 64 106 128 131
SOLUTION:
  Value: -93137.000000
  Assigns: 26 98 129 24 5 50 18 11 107 21 109 11 80 13 26 83 115 11 115 13 24 66 26 24 50 26 52 21 112 50 129 52 26 59 60 56 37 37 59 51 66 109 36 37 112 129 50 13 52 50 95 52 78 98 5 56 60 57 52 80 24 129 130 57 109 66 78 18 80 95 5 37 66 24 95 26 11 98 78 80 80 107 83 83 50 36 21 132 52 115 56 26 56 57 45 95 60 109 98 11 66 95 66 107 98 109 57 107 109 130 45 132 24 107 80 115 80 129 11 83 13 115 57 11 59 13 130 78 129 129 130 95 132 
  Facilities: 31
 5 : 4 54 70
 11 : 7 11 17 76 99 118 123
 13 : 13 19 47 120 125
 18 : 6 67
 21 : 9 27 86
 24 : 3 20 23 60 73 112
 26 : 0 14 22 25 32 75 91
 36 : 42 85
 37 : 36 37 43 71
 43 :
 45 : 94 110
 50 : 5 24 29 46 49 84
 51 : 39
 52 : 26 31 48 51 58 88
 56 : 35 55 90 92
 57 : 57 63 93 106 122
 59 : 33 38 124
 60 : 34 56 96
 66 : 21 40 65 72 100 102
 78 : 52 66 78 127
 80 : 12 59 68 79 80 114 116
 83 : 15 82 83 119
 95 : 50 69 74 95 101 131
 98 : 1 53 77 98 104
 107 : 8 81 103 107 113
 109 : 10 41 64 97 105 108
 112 : 28 44
 115 : 16 18 89 115 121
 129 : 2 30 45 61 117 128 129
 130 : 62 109 126 130
 132 : 87 111 132
SOLUTION:
  Value: -93142.000000
  Assigns: 26 5 47 7 49 6 10 33 92 10 109 79 80 17 26 99 10 17 117 64 117 66 26 68 92 26 52 111 125 33 42 52 26 33 131 47 57 49 50 33 66 109 6 7 10 49 40 47 49 117 76 52 64 17 5 76 68 57 79 80 26 55 26 131 64 66 17 79 80 33 5 92 66 99 68 26 40 43 79 79 125 47 33 49 50 49 131 99 52 40 111 103 43 57 6 99 47 109 10 103 66 52 66 103 68 109 57 42 109 109 76 111 0 79 26 50 80 111 6 131 55 125 57 117 125 125 92 6 40 64 42 10 0 
  Facilities: 31
 0 : 112 132
 5 : 1 54 70
 6 : 5 42 94 118 127
 7 : 3 43
 10 : 6 9 16 44 98 131
 17 : 13 17 53 66
 26 : 0 14 22 25 32 60 62 75 114
 33 : 7 29 33 39 69 82
 40 : 46 76 89 128
 42 : 30 107 130
 43 : 77 92
 47 : 2 35 47 81 96
 49 : 4 37 45 48 83 85
 50 : 38 84 115
 52 : 26 31 51 88 101
 55 : 61 120
 57 : 36 57 93 106 122
 64 : 19 52 64 129
 66 : 21 40 65 72 100 102
 68 : 23 56 74 104
 76 : 50 55 110
 79 : 11 58 67 78 79 113
 80 : 12 59 68 116
 92 : 8 24 71 126
 99 : 15 73 87 95
 103 : 91 99 103
 109 : 10 41 97 105 108 109
 111 : 27 90 111 117
 117 : 18 20 49 123
 125 : 28 80 121 124 125
 131 : 34 63 86 119
SOLUTION:
  Value: -93143.000000
  Assigns: 84 13 28 15 25 6 18 11 92 9 10 11 6 58 15 15 84 62 30 64 20 15 121 23 92 25 20 31 54 41 30 25 131 132 131 132 30 58 38 107 66 125 54 9 112 9 10 41 132 15 54 15 64 121 18 6 20 23 9 25 54 62 28 84 64 31 30 18 62 20 64 92 23 94 25 41 11 41 13 30 15 107 94 18 84 89 112 38 54 89 84 112 58 28 94 121 62 9 10 11 126 13 66 107 125 131 41 107 20 121 131 23 112 25 126 66 9 10 11 54 13 125 15 58 125 13 126 6 132 64 94 10 126 
  Facilities: 31
 6 : 5 12 55 127
 9 : 9 43 45 58 97 116
 10 : 10 46 98 117 131
 11 : 7 11 76 99 118
 13 : 1 78 101 120 125
 15 : 3 14 15 21 49 51 80 122
 18 : 6 54 67 83
 20 : 20 26 56 69 108
 23 : 23 57 72 111
 25 : 4 25 31 59 74 113
 28 : 2 62 93
 30 : 18 30 36 66 79
 31 : 27 65
 38 : 38 87
 41 : 29 47 75 77 106
 54 : 28 42 50 60 88 119
 58 : 13 37 92 123
 62 : 17 61 68 96
 64 : 19 52 64 70 129
 66 : 40 102 115
 84 : 0 16 63 84 90
 89 : 85 89
 92 : 8 24 71
 94 : 73 82 94 130
 107 : 39 81 103 107
 112 : 44 86 91 112
 121 : 22 53 95 109
 125 : 41 104 121 124
 126 : 100 114 126 132
 131 : 32 34 105 110
 132 : 33 35 48 128
SOLUTION:
  Value: -93145.000000
  Assigns: 45 128 129 24 88 9 32 11 105 9 11 11 80 110 40 83 16 116 19 19 104 105 34 24 92 19 110 53 125 41 34 52 44 45 55 80 104 41 122 40 44 125 63 111 44 129 40 41 116 50 16 52 16 19 122 76 50 125 52 80 128 55 63 63 76 16 32 88 32 63 115 92 76 24 40 76 40 41 104 80 125 16 83 128 50 111 80 88 52 115 116 55 92 44 45 116 122 32 92 11 104 122 128 104 116 40 41 128 129 44 76 105 63 125 80 115 80 111 11 83 32 125 34 16 125 125 19 128 40 129 9 19 44 
  Facilities: 31
 9 : 5 9 130
 11 : 7 10 11 99 118
 16 : 16 50 52 65 81 123
 19 : 18 19 25 53 126 131
 24 : 3 23 73
 32 : 6 66 68 97 120
 34 : 22 30 122
 40 : 14 39 46 74 76 105 128
 41 : 29 37 47 77 106
 44 : 32 40 44 93 109 132
 45 : 0 33 94
 50 : 49 56 84
 52 : 31 51 58 88
 53 : 27
 55 : 34 61 91
 63 : 42 62 63 69 112
 76 : 55 64 72 75 110
 80 : 12 35 59 79 86 114 116
 83 : 15 82 119
 88 : 4 67 87
 92 : 24 71 92 98
 104 : 20 36 78 100 103
 105 : 8 21 111
 110 : 13 26
 111 : 43 85 117
 115 : 70 89 115
 116 : 17 48 90 95 104
 122 : 38 54 96 101
 125 : 28 41 57 80 113 121 124 125
 128 : 1 60 83 102 107 127
 129 : 2 45 108 129
SOLUTION:
  Value: -93152.000000
  Assigns: 45 98 23 48 88 50 7 7 92 3 109 37 80 58 113 60 113 85 102 23 88 42 121 23 92 109 123 48 96 50 98 128 131 37 131 80 37 3 50 3 85 109 42 37 112 113 50 73 42 0 50 96 73 121 80 123 60 23 58 80 128 73 107 131 85 0 60 88 94 73 96 37 23 73 78 96 88 98 78 73 80 85 48 128 48 85 112 88 88 115 102 85 113 94 45 121 60 48 102 50 121 113 102 107 98 109 107 42 102 121 45 23 0 107 80 3 80 121 112 85 121 121 88 123 88 37 92 121 128 123 42 131 3 
  Facilities: 31
 0 : 49 65 112
 3 : 9 37 39 115 132
 7 : 6 7
 23 : 2 19 23 57 72 111
 37 : 11 33 36 43 71 125
 42 : 21 42 48 107 130
 45 : 0 94 110
 48 : 3 27 82 84 97
 50 : 5 29 38 46 50 99
 58 : 13 58
 60 : 15 56 66 96
 73 : 47 52 61 69 73 79
 78 : 74 78
 80 : 12 35 54 59 80 114 116
 85 : 17 40 64 81 85 91 119
 88 : 4 20 67 76 87 88 122 124
 92 : 8 24 126
 94 : 68 93
 96 : 28 51 70 75
 97 :
 98 : 1 30 77 104
 102 : 18 90 98 102 108
 107 : 62 103 106 113
 109 : 10 25 41 105
 112 : 44 86 118
 113 : 14 16 45 92 101
 115 : 89
 121 : 22 53 95 100 109 117 120 121 127
 123 : 26 55 123 129
 128 : 31 60 83 128
 131 : 32 34 63 131
SOLUTION:
  Value: -96110.000000
  Assigns: 45 100 86 24 72 17 32 104 8 21 109 32 109 17 15 112 100 17 30 45 104 15 67 17 50 124 52 124 54 33 30 52 33 37 38 56 30 49 38 51 44 109 54 37 8 49 72 73 69 15 54 52 73 17 54 56 124 8 70 104 54 73 56 67 30 69 17 67 69 69 70 72 98 67 86 69 70 98 72 100 15 32 86 49 50 86 86 38 100 24 54 112 56 44 45 30 100 109 33 100 100 67 37 67 98 109 100 73 109 73 45 112 24 1 49 50 51 52 30 54 8 72 15 124 124 37 38 15 21 8 1 24 44 
  Facilities: 32
 1 : 113 130
 8 : 8 44 57 120 129
 15 : 14 21 49 80 122 127
 17 : 5 13 17 23 53 66
 21 : 9 128
 24 : 3 89 112 131
 30 : 18 30 36 64 95 118
 32 : 6 11 81
 33 : 29 32 98
 37 : 33 43 102 125
 38 : 34 38 87 126
 44 : 40 93 132
 45 : 0 19 94 110
 49 : 37 45 83 114
 50 : 24 84 115
 51 : 39 116
 52 : 26 31 51 117
 54 : 28 42 50 54 60 90 119
 56 : 35 55 62 92
 67 : 22 63 67 73 101 103
 69 : 48 65 68 69 75
 70 : 58 70 76
 72 : 4 46 71 78 121
 73 : 47 52 61 107 109
 78 :
 86 : 2 74 82 85 86
 98 : 72 77 104
 100 : 1 16 79 88 96 99 100 106
 104 : 7 20 59
 109 : 10 12 41 97 105 108
 112 : 15 91 111
 124 : 25 27 56 123 124
