# Time: 25.320000
# Elapsed: 7.002490
# Input_file: splp/Fpp11/8FPP_11S.txt
# Pool_size: 1000
# Iterations: 41
# Final_solutions: 39133
# Vision_range: 0
# Reduction_mode: REDUCTION_RANDOM
SOLUTION:
  Value: -84163.000000
  Assigns: 26 5 6 24 5 6 103 19 92 54 55 5 111 17 111 19 10 43 19 103 24 47 43 49 24 109 125 111 49 33 24 43 33 117 131 103 40 49 64 5 6 109 43 111 65 57 40 131 49 43 54 17 64 47 80 55 57 57 103 10 26 65 26 57 68 65 92 33 80 33 64 92 117 24 68 26 80 43 99 83 80 47 33 49 19 111 131 99 92 55 111 103 43 5 6 99 47 109 99 111 64 65 103 103 125 109 57 19 109 109 111 111 24 117 26 109 117 111 6 83 55 125 10 117 125 125 5 131 92 80 65 131 83 
  Facilities: 28
 5 : 1 4 11 39 93 126
 6 : 2 5 40 94 118
 10 : 16 59 122
 17 : 13 51
 19 : 7 15 18 84 107
 24 : 3 20 24 30 73 112
 26 : 0 60 62 75 114
 33 : 29 32 67 69 82
 40 : 36 46
 43 : 17 22 31 42 49 77 92
 47 : 21 53 81 96
 49 : 23 28 37 48 83
 54 : 9 50
 55 : 10 55 89 120
 57 : 45 56 57 63 106
 64 : 38 52 70 100
 65 : 44 61 65 101 130
 68 : 64 74
 80 : 54 68 76 80 129
 83 : 79 119 132
 92 : 8 66 71 88 128
 99 : 78 87 95 98
 103 : 6 19 35 58 91 102 103
 109 : 25 41 97 105 108 109 115
 111 : 12 14 27 43 85 90 99 110 111 117
 117 : 33 72 113 116 123
 125 : 26 104 121 124 125
 131 : 34 47 86 127 131
SOLUTION:
  Value: -90135.000000
  Assigns: 99 22 23 71 4 132 7 28 105 35 4 23 33 34 82 99 115 38 117 23 117 120 67 91 36 124 38 28 22 126 114 35 33 117 131 35 120 105 32 33 4 67 126 7 38 71 91 131 132 117 71 55 78 4 99 67 7 23 126 23 60 82 74 131 28 91 32 88 32 4 115 71 7 67 38 120 88 78 82 91 74 82 33 34 78 36 131 132 82 55 91 117 4 28 60 99 60 91 99 120 35 36 114 124 55 99 132 71 120 60 74 23 124 114 7 115 67 117 82 7 55 33 34 74 36 126 38 91 132 22 23 131 67 
  Facilities: 30
 4 : 4 10 40 53 69 92
 7 : 6 43 56 72 114 119
 22 : 1 28 129
 23 : 2 11 19 57 59 111 130
 28 : 7 27 64 93
 32 : 38 66 68
 33 : 12 32 39 82 121
 34 : 13 83 122
 35 : 9 31 35 100
 36 : 24 85 101 124
 38 : 17 26 44 74 126
 55 : 51 89 104 120
 60 : 60 94 96 109
 67 : 22 41 55 73 116 132
 71 : 3 45 50 71 107
 74 : 62 80 110 123
 78 : 52 77 84
 82 : 14 61 78 81 88 118
 88 : 67 76
 91 : 23 46 65 79 90 97 127
 99 : 0 15 54 95 98 105
 105 : 8 37
 114 : 30 102 113
 115 : 16 70 115
 117 : 18 20 33 49 91 117
 120 : 21 36 75 99 108
 124 : 25 103 112
 126 : 29 42 58 125
 131 : 34 47 63 86 131
 132 : 5 48 87 106 128
SOLUTION:
  Value: -90140.000000
  Assigns: 97 5 6 48 25 6 7 8 8 35 4 5 96 97 8 15 61 62 39 40 117 15 48 120 25 25 52 39 96 113 42 52 131 117 131 39 40 3 59 5 61 42 42 7 48 39 40 131 48 15 62 96 73 4 75 59 7 61 59 59 26 62 62 131 15 0 70 61 3 4 96 6 7 73 75 39 40 28 42 73 15 75 48 84 48 97 131 113 39 40 84 42 96 97 6 96 96 97 62 120 35 113 96 15 70 131 70 73 120 113 131 62 0 117 26 8 28 117 84 7 120 0 73 117 3 4 5 131 40 8 42 97 3 
  Facilities: 30
 0 : 65 112 121
 3 : 37 68 124 132
 4 : 10 53 69 125
 5 : 1 11 39 126
 6 : 2 5 71 94
 7 : 6 43 56 72 119
 8 : 7 8 14 115 129
 15 : 15 21 49 64 80 103
 25 : 4 24 25
 26 : 60 114
 28 : 77 116
 35 : 9 100
 39 : 18 27 35 45 75 88
 40 : 19 36 46 76 89 128
 42 : 30 41 42 78 91 130
 48 : 3 22 44 48 82 84
 52 : 26 31
 59 : 38 55 58 59
 61 : 16 40 57 67
 62 : 17 50 61 62 98 111
 70 : 66 104 106
 73 : 52 73 79 107 122
 75 : 54 74 81
 84 : 83 90 118
 96 : 12 28 51 70 92 95 96 102
 97 : 0 13 85 93 97 131
 113 : 29 87 101 109
 117 : 20 33 113 117 123
 120 : 23 99 108 120
 131 : 32 34 47 63 86 105 110 127
SOLUTION:
  Value: -90150.000000
  Assigns: 99 46 14 87 131 102 90 75 12 108 10 108 109 14 14 99 115 38 102 87 14 33 67 91 108 93 125 124 127 33 127 115 33 130 131 61 36 49 38 3 61 67 36 127 38 90 91 131 93 61 54 96 46 79 75 67 124 61 79 10 61 12 130 131 109 91 87 33 3 90 115 75 38 67 75 10 102 12 99 91 46 75 33 49 96 79 131 87 54 93 90 91 96 93 115 61 96 109 99 93 121 127 96 124 125 109 127 108 108 130 131 46 124 79 108 79 67 10 130 54 121 14 10 124 75 91 130 91 79 130 130 131 67 
  Facilities: 30
 3 : 39 68
 10 : 10 59 75 117 122
 12 : 8 61 77
 14 : 2 13 14 20 121
 33 : 21 29 32 67 82
 36 : 36 42
 38 : 17 38 44 72
 46 : 1 52 80 111
 49 : 37 83
 54 : 50 88 119
 61 : 35 40 49 57 60 95
 67 : 22 41 55 73 116 132
 75 : 7 54 71 74 81 124
 79 : 53 58 85 113 115 128
 87 : 3 19 66 87
 90 : 6 45 69 90
 91 : 23 46 65 79 91 125 127
 93 : 25 48 89 93 99
 96 : 51 84 92 96 102
 99 : 0 15 78 98
 102 : 5 18 76
 108 : 9 11 24 107 108 114
 109 : 12 64 97 105
 115 : 16 31 70 94
 121 : 100 120
 124 : 27 56 103 112 123
 125 : 26 104
 127 : 28 30 43 101 106
 130 : 33 62 109 118 126 129 130
 131 : 4 34 47 63 86 110 131
SOLUTION:
  Value: -93119.000000
  Assigns: 26 5 129 24 5 132 18 11 107 21 107 56 24 112 18 83 115 18 18 13 24 21 43 24 24 109 52 21 112 50 98 52 36 130 60 56 37 37 59 107 66 45 36 37 56 66 50 13 52 50 95 51 78 98 66 59 57 83 59 60 26 129 107 57 109 66 66 112 80 95 115 37 98 24 95 26 11 78 13 83 80 107 83 83 78 51 50 132 109 83 56 95 43 59 95 59 60 109 98 11 112 13 66 115 98 109 107 107 109 130 45 115 78 107 26 66 51 129 112 83 13 115 57 11 36 37 130 78 21 130 18 95 83 
  Facilities: 31
 5 : 1 4
 11 : 7 76 99 123
 13 : 19 47 78 101 120
 18 : 6 14 17 18 130
 21 : 9 21 27 128
 24 : 3 12 20 23 24 73
 26 : 0 60 75 114
 36 : 32 42 124
 37 : 36 37 43 71 125
 43 : 22 92
 45 : 41 110
 50 : 29 46 49 86
 51 : 51 85 116
 52 : 26 31 48
 56 : 11 35 44 90
 57 : 56 63 122
 59 : 38 55 58 93 95
 60 : 34 59 96
 66 : 40 45 54 65 66 102 115
 78 : 52 77 84 112 127
 80 : 68 80
 83 : 15 57 79 82 83 89 119 132
 95 : 50 69 74 91 94 131
 98 : 30 53 72 98 104
 107 : 8 10 39 62 81 106 107 113
 109 : 25 64 88 97 105 108
 112 : 13 28 67 100 118
 115 : 16 70 103 111 121
 129 : 2 61 117
 130 : 33 109 126 129
 132 : 5 87
SOLUTION:
  Value: -93120.000000
  Assigns: 84 13 6 15 25 6 18 11 107 9 107 23 13 112 15 41 84 62 18 13 41 15 23 23 25 25 125 28 54 23 31 31 131 132 131 132 62 58 64 107 66 62 126 9 89 66 58 13 132 94 54 15 18 54 66 6 20 23 9 23 64 62 62 131 15 66 66 112 62 20 64 92 38 94 25 41 11 41 13 30 15 107 94 84 84 20 107 132 92 89 84 92 92 28 6 30 62 9 62 11 94 13 66 107 125 131 107 107 20 121 131 62 112 107 126 66 28 10 112 31 121 125 10 11 125 18 38 131 94 41 18 131 20 
  Facilities: 31
 6 : 2 5 55 94
 9 : 9 43 58 97
 10 : 117 122
 11 : 7 76 99 123
 13 : 1 12 19 47 78 101
 15 : 3 14 21 51 64 80
 18 : 6 18 52 125 130
 20 : 56 69 85 108 132
 23 : 11 22 23 29 57 59
 25 : 4 24 25 74
 28 : 27 93 116
 30 : 79 95
 31 : 30 31 119
 38 : 72 126
 41 : 15 20 75 77 129
 54 : 28 50 53
 58 : 37 46
 62 : 17 36 41 61 62 68 96 98 111
 64 : 38 60 70
 66 : 40 45 54 65 66 102 115
 84 : 0 16 83 84 90
 89 : 44 89
 92 : 71 88 91 92
 94 : 49 73 82 100 128
 107 : 8 10 39 81 86 103 106 107 113
 112 : 13 67 112 118
 121 : 109 120
 125 : 26 104 121 124
 126 : 42 114
 131 : 32 34 63 105 110 127 131
 132 : 33 35 48 87
SOLUTION:
  Value: -93139.000000
  Assigns: 0 85 23 48 88 73 7 7 107 3 107 23 96 112 113 112 115 85 102 23 88 42 23 23 45 109 123 48 96 23 98 128 131 78 131 80 37 58 50 107 85 42 42 7 48 113 50 48 48 50 50 96 73 98 48 123 7 23 58 23 128 73 107 131 85 0 60 88 80 73 115 92 7 73 78 96 102 78 123 73 80 107 94 128 78 85 37 88 92 115 102 92 96 97 60 96 96 109 98 50 94 113 96 107 98 109 107 128 109 113 45 23 0 107 7 50 128 121 112 7 121 0 88 58 3 37 92 128 128 123 23 97 98 
  Facilities: 31
 0 : 0 65 112 121
 3 : 9 124
 7 : 6 7 43 56 72 114 119
 23 : 2 11 19 22 23 29 57 59 111 130
 37 : 36 86 125
 42 : 21 41 42
 45 : 24 110
 48 : 3 27 44 47 48 54
 50 : 38 46 49 50 99 115
 58 : 37 58 123
 60 : 66 94
 73 : 5 52 61 69 73 79
 78 : 33 74 77 84
 80 : 35 68 80
 85 : 1 17 40 64 85
 88 : 4 20 67 87 122
 92 : 71 88 91 126
 94 : 82 100
 96 : 12 28 51 75 92 95 96 102
 97 : 93 131
 98 : 30 53 98 104 132
 102 : 18 76 90
 107 : 8 10 39 62 81 103 106 113
 109 : 25 97 105 108
 112 : 13 15 118
 113 : 14 45 101 109
 115 : 16 70 89
 121 : 117 120
 123 : 26 55 78 129
 128 : 31 60 83 107 116 127 128
 131 : 32 34 63
SOLUTION:
  Value: -93140.000000
  Assigns: 45 128 129 24 16 104 32 19 76 9 55 11 111 110 111 41 115 116 63 19 41 105 34 44 45 19 125 111 32 128 24 128 44 34 55 80 104 105 122 40 44 53 110 44 44 11 50 115 52 50 76 55 53 19 80 55 50 83 9 104 128 129 63 63 76 16 32 88 80 63 115 92 76 24 40 41 11 122 44 83 80 16 83 104 19 111 50 53 92 55 41 92 92 44 88 116 122 9 92 11 104 105 53 104 104 40 41 19 129 110 104 115 63 125 115 50 110 111 53 83 55 125 116 16 128 129 19 128 122 129 9 19 83 
  Facilities: 31
 9 : 9 58 97 130
 11 : 11 45 76 99
 16 : 4 65 81 123
 19 : 7 19 25 53 84 107 126 131
 24 : 3 30 73
 32 : 6 28 66
 34 : 22 33
 40 : 39 74 105
 41 : 15 20 75 90 106
 44 : 23 32 40 43 44 78 93
 45 : 0 24
 50 : 46 49 56 86 115
 52 : 48
 53 : 41 52 87 102 118
 55 : 10 34 51 55 89 120
 63 : 18 62 63 69 112
 76 : 8 50 64 72
 80 : 35 54 68 80
 83 : 57 79 82 119 132
 88 : 67 94
 92 : 71 88 91 92 98
 104 : 5 36 59 83 100 103 104 110
 105 : 21 37 101
 110 : 13 42 109 116
 111 : 12 14 27 85 117
 115 : 16 47 70 111 114
 116 : 17 95 122
 122 : 38 77 96 128
 125 : 26 113 121
 128 : 1 29 31 60 124 127
 129 : 2 61 108 125 129
SOLUTION:
  Value: -93148.000000
  Assigns: 26 5 6 7 5 6 7 33 76 10 55 5 111 17 111 99 10 43 117 103 117 47 43 49 92 109 125 111 49 33 42 52 33 117 131 103 40 49 64 5 66 42 43 111 10 66 50 131 52 43 76 17 64 47 66 55 7 57 103 10 26 55 66 57 68 66 66 33 80 33 64 92 7 99 68 26 80 43 99 43 80 47 33 49 50 111 50 99 92 55 111 103 43 5 6 99 47 109 99 111 64 52 66 103 125 109 57 111 109 109 76 111 0 79 26 66 117 111 6 7 55 0 10 117 125 125 5 131 92 80 42 131 0 
  Facilities: 31
 0 : 112 121 132
 5 : 1 4 11 39 93 126
 6 : 2 5 94 118
 7 : 3 6 56 72 119
 10 : 9 16 44 59 122
 17 : 13 51
 26 : 0 60 75 114
 33 : 7 29 32 67 69 82
 40 : 36
 42 : 30 41 130
 43 : 17 22 42 49 77 79 92
 47 : 21 53 81 96
 49 : 23 28 37 83
 50 : 46 84 86
 52 : 31 48 101
 55 : 10 55 61 89 120
 57 : 57 63 106
 64 : 38 52 70 100
 66 : 40 45 54 62 65 66 102 115
 68 : 64 74
 76 : 8 50 110
 79 : 113
 80 : 68 76 80 129
 92 : 24 71 88 128
 99 : 15 73 78 87 95 98
 103 : 19 35 58 91 103
 109 : 25 97 105 108 109
 111 : 12 14 27 43 85 90 99 107 111 117
 117 : 18 20 33 116 123
 125 : 26 104 124 125
 131 : 34 47 127 131
SOLUTION:
  Value: -96103.000000
  Assigns: 45 100 23 71 25 89 74 7 34 21 55 23 96 112 35 83 100 21 44 103 21 25 34 35 45 93 71 21 96 128 98 128 100 34 131 35 81 58 83 51 44 45 87 44 44 71 72 13 48 13 51 51 73 74 48 81 7 21 103 23 128 25 13 131 58 77 87 93 34 73 21 71 98 73 25 87 77 89 13 83 74 81 48 34 48 51 21 87 100 89 25 103 96 44 98 96 96 98 98 93 35 13 96 129 98 71 72 128 72 21 74 23 112 77 108 81 51 129 112 83 55 72 34 74 128 129 77 128 128 129 23 131 83 
  Facilities: 32
 7 : 7 56
 13 : 47 49 62 78 101
 21 : 9 17 20 27 57 70 86 109
 23 : 2 11 59 111 130
 25 : 4 21 61 74 90
 34 : 8 22 33 68 83 122
 35 : 14 23 35 100
 44 : 18 40 43 44 93
 45 : 0 24 41
 48 : 48 54 82 84
 51 : 39 50 51 85 116
 55 : 10 120
 58 : 37 64
 71 : 3 26 45 71 105
 72 : 46 106 108 121
 73 : 52 69 73
 74 : 6 53 80 110 123
 77 : 65 76 113 126
 81 : 36 55 81 115
 83 : 15 38 79 119 132
 87 : 42 66 75 87
 89 : 5 77 89
 93 : 25 67 99
 96 : 12 28 92 95 96 102
 98 : 30 72 94 97 98 104
 100 : 1 16 32 88
 103 : 19 58 91
 108 : 114
 112 : 13 112 118
 128 : 29 31 60 107 124 127 128
 129 : 103 117 125 129
 131 : 34 63 131
