# Time: 500.070007
# Elapsed: 45.312359
# Input_file: splp/KoerkelGhosh-sym/500/a/gs500a-5
# Pool_size: 400
# Iterations: 50
# Final_solutions: 3251
# Vision_range: 0
# Reduction_mode: REDUCTION_BESTS
SOLUTION:
  Value: -511372.000000
  Assigns: 233 410 430 430 390 191 256 121 267 121 497 3 135 480 410 256 480 168 2 315 135 337 497 59 122 430 291 121 121 233 77 59 234 303 50 168 267 236 2 77 6 315 430 14 14 121 168 121 12 291 291 443 497 430 267 311 2 446 184 311 303 230 122 2 184 446 315 184 191 28 443 12 390 306 315 410 280 39 6 39 85 280 191 168 121 306 12 152 159 311 77 458 50 121 135 152 315 39 170 337 12 159 135 59 315 3 234 446 234 28 85 306 321 480 321 173 170 233 173 480 311 28 170 234 480 191 184 2 267 256 383 122 2 14 234 50 14 256 497 311 306 306 234 321 311 234 121 152 337 85 59 29 303 458 59 446 2 256 85 383 184 184 77 122 12 306 256 39 12 233 122 458 68 173 14 291 14 267 443 59 14 191 383 443 480 410 303 383 14 383 303 68 233 291 234 50 291 184 446 383 430 315 39 152 170 6 458 390 256 311 152 170 303 458 383 68 233 2 168 306 446 306 29 497 446 29 390 458 233 68 170 39 256 29 121 410 29 337 232 256 234 152 68 233 458 233 230 267 497 321 2 497 303 280 390 236 232 306 29 28 159 337 280 280 430 2 68 291 168 2 233 230 443 29 135 497 159 168 3 168 2 173 233 12 68 234 280 170 232 68 337 50 236 410 458 59 77 280 39 68 168 29 234 291 122 6 430 497 85 230 390 59 6 12 321 311 122 39 50 446 321 311 383 280 232 77 306 390 321 159 267 291 480 458 267 236 28 390 236 430 2 230 39 291 168 77 430 306 39 458 256 85 230 337 122 497 59 121 303 191 321 497 383 28 311 256 29 232 135 3 173 230 68 6 159 29 6 184 321 236 59 480 291 236 390 256 383 458 85 383 337 184 480 232 6 321 458 173 280 458 232 68 173 39 191 122 85 85 321 152 77 170 168 59 173 173 122 337 184 152 267 321 191 12 59 233 458 256 430 430 2 267 497 280 306 232 85 311 159 306 234 306 311 497 458 184 28 14 2 12 234 3 168 3 234 59 321 184 59 410 170 410 135 230 303 77 6 170 390 233 122 3 443 497 159 14 50 59 430 280 184 29 236 256 303 28 315 315 315 159 480 50 135 184 135 497 85 443 306 315 
  Facilities: 47
 2 : 18 38 56 63 127 132 156 217 250 265 269 280 340 430 448
 3 : 11 105 278 369 451 453 471
 6 : 40 78 205 305 312 373 376 394 466
 12 : 48 71 86 100 164 168 283 313 423 449
 14 : 43 44 133 136 174 176 180 188 447 475
 28 : 69 109 121 259 336 363 446 485
 29 : 151 222 225 233 236 258 273 301 366 375 481
 39 : 77 79 97 167 202 231 298 317 342 348 403
 50 : 34 92 135 195 291 318 476 491
 59 : 23 31 103 150 154 179 295 311 356 380 413 424 455 458 477
 68 : 172 191 215 229 242 266 284 289 299 372 401
 77 : 30 39 90 162 296 325 345 410 465
 85 : 80 110 149 158 308 351 388 406 407 436 496
 121 : 7 9 27 28 45 47 84 93 146 234 357
 122 : 24 62 131 163 170 304 316 354 405 416 470
 135 : 12 20 94 102 274 368 462 492 494
 152 : 87 95 147 203 210 241 409 419
 159 : 88 101 260 276 329 374 438 474 489
 168 : 17 35 46 83 218 268 277 279 300 344 412 452
 170 : 98 116 122 204 211 230 287 411 460 467
 173 : 115 118 173 281 370 397 402 414 415
 184 : 58 64 67 126 160 161 197 377 391 418 445 457 480 493
 191 : 5 68 82 125 181 359 404 422
 230 : 61 246 271 309 341 352 371 463
 232 : 238 256 288 324 367 393 400 435
 233 : 0 29 117 169 192 216 228 243 245 270 282 425 469
 234 : 32 106 108 123 134 142 145 194 240 285 302 440 450 454
 236 : 37 255 292 335 338 379 383 482
 256 : 6 15 129 137 157 166 208 232 239 350 365 385 427 483
 267 : 8 36 54 128 177 247 330 334 420 431
 280 : 76 81 253 262 263 286 297 323 398 433 479
 291 : 26 49 50 175 193 196 267 303 331 343 382
 303 : 33 60 152 186 190 212 252 358 464 484
 306 : 73 85 111 140 141 165 219 221 257 326 347 434 439 441 498
 311 : 55 59 89 120 139 144 209 315 321 364 437 442
 315 : 19 41 66 74 96 104 201 486 487 488 499
 321 : 112 114 143 249 314 320 328 360 378 395 408 421 456
 337 : 21 99 148 237 261 290 353 390 417
 383 : 130 159 182 187 189 199 214 322 362 386 389
 390 : 4 72 207 226 254 310 327 337 384 468
 410 : 1 14 75 185 235 293 459 461
 430 : 2 3 25 42 53 200 264 306 339 346 428 429 478
 443 : 51 70 178 183 272 472 497
 446 : 57 65 107 155 198 220 224 319
 458 : 91 153 171 206 213 227 244 294 333 349 387 396 399 426 444
 480 : 13 16 113 119 124 184 332 381 392 490
 497 : 10 22 52 138 223 248 251 275 307 355 361 432 443 473 495
SOLUTION:
  Value: -511383.000000
  Assigns: 233 410 430 430 390 155 256 201 267 337 497 3 423 480 410 256 480 201 2 315 249 155 497 59 201 430 291 184 446 233 201 59 117 303 50 59 267 488 2 77 6 315 430 14 14 50 155 61 12 291 291 443 497 430 267 311 2 446 184 311 303 230 256 2 184 446 315 184 233 249 443 12 390 306 315 410 280 39 6 39 85 280 488 61 232 306 12 152 159 311 77 458 50 430 201 152 315 39 423 337 12 159 234 59 315 3 234 446 234 3 85 306 321 480 321 104 61 233 423 480 311 234 311 234 480 488 184 2 155 256 383 104 2 14 234 50 14 256 497 311 306 306 234 321 311 234 423 152 337 85 59 29 303 249 59 446 2 423 85 383 184 184 77 50 12 306 256 39 12 233 230 201 201 29 14 291 14 267 443 59 14 117 383 443 480 410 303 383 14 117 303 68 233 291 234 50 291 184 446 383 104 315 39 152 3 6 458 390 256 311 152 104 303 458 383 68 233 2 497 306 446 306 29 497 446 29 390 458 233 68 233 39 256 29 59 410 29 337 232 155 234 152 68 233 458 233 230 267 497 321 249 497 104 280 390 321 232 155 29 14 159 337 280 280 430 2 68 291 155 2 233 230 443 29 29 497 159 315 3 249 2 77 233 12 68 234 280 280 232 68 337 50 488 410 458 59 77 280 39 488 303 29 234 291 29 6 430 104 85 230 390 59 6 12 321 104 155 488 50 446 321 249 383 423 232 155 306 390 249 159 267 291 488 458 267 249 77 390 104 430 2 230 39 291 117 77 430 306 39 458 256 85 230 337 488 497 59 117 303 256 321 497 104 423 311 256 249 232 104 3 184 230 68 249 159 29 423 184 321 152 59 480 291 50 390 256 383 458 85 249 337 184 480 232 6 321 458 155 280 458 232 68 117 117 423 117 85 85 321 152 77 232 61 59 3 117 256 337 184 152 267 321 12 12 59 233 458 256 430 430 2 267 497 280 249 232 85 311 159 306 234 201 249 249 458 184 155 14 2 61 234 3 184 3 234 59 321 184 59 410 3 410 256 230 303 77 6 59 249 233 117 3 443 497 159 14 50 59 430 280 184 29 6 256 303 14 315 315 315 159 480 50 104 184 39 497 85 443 306 315 
  Facilities: 46
 2 : 18 38 56 63 127 132 156 217 265 269 280 340 430 448
 3 : 11 105 109 204 278 369 414 451 453 460 471
 6 : 40 78 205 305 312 394 466 482
 12 : 48 71 86 100 164 168 283 313 422 423
 14 : 43 44 133 136 174 176 180 188 259 447 475 485
 29 : 151 173 222 225 233 236 258 273 274 301 304 375 481
 39 : 77 79 97 167 202 231 298 342 348 494
 50 : 34 45 92 135 163 195 291 318 383 476 491
 59 : 23 31 35 103 150 154 179 234 295 311 356 380 413 424 455 458 467 477
 61 : 47 83 116 412 449
 68 : 191 215 229 242 266 284 289 372 401
 77 : 39 90 162 281 296 336 345 410 465
 85 : 80 110 149 158 308 351 388 406 407 436 496
 104 : 115 131 200 211 252 307 315 338 362 368 492
 117 : 32 181 189 344 357 402 403 405 415 470
 152 : 87 95 147 203 210 241 379 409 419
 155 : 5 21 46 128 239 257 268 316 325 397 446
 159 : 88 101 260 276 329 374 438 474 489
 184 : 27 58 64 67 126 160 161 197 370 377 391 418 445 452 457 480 493
 201 : 7 17 24 30 94 171 172 441
 230 : 61 170 246 271 309 341 352 371 463
 232 : 84 238 256 288 324 367 393 400 411 435
 233 : 0 29 68 117 169 192 216 228 230 243 245 270 282 425 469
 234 : 102 106 108 121 123 134 142 145 194 240 285 302 440 450 454
 249 : 20 69 153 250 279 321 328 335 366 373 389 434 442 443 468
 256 : 6 15 62 129 137 166 208 232 350 359 365 385 416 427 462 483
 267 : 8 36 54 177 247 330 334 420 431
 280 : 76 81 253 262 263 286 287 297 398 433 479
 291 : 26 49 50 175 193 196 267 303 331 343 382
 303 : 33 60 152 186 190 212 300 358 464 484
 306 : 73 85 111 140 141 165 219 221 326 347 439 498
 311 : 55 59 89 120 122 139 144 209 364 437
 315 : 19 41 66 74 96 104 201 277 486 487 488 499
 321 : 112 114 143 249 255 314 320 360 378 395 408 421 456
 337 : 9 99 148 237 261 290 353 390 417
 383 : 130 159 182 187 199 214 322 386
 390 : 4 72 207 226 254 310 327 337 384
 410 : 1 14 75 185 235 293 459 461
 423 : 12 98 118 146 157 323 363 376 404
 430 : 2 3 25 42 53 93 264 306 339 346 428 429 478
 443 : 51 70 178 183 272 472 497
 446 : 28 57 65 107 155 198 220 224 319
 458 : 91 206 213 227 244 294 333 349 387 396 399 426 444
 480 : 13 16 113 119 124 184 381 392 490
 488 : 37 82 125 292 299 317 332 354
 497 : 10 22 52 138 218 223 248 251 275 355 361 432 473 495
SOLUTION:
  Value: -511386.000000
  Assigns: 233 410 430 471 390 155 256 250 267 121 6 3 135 388 410 256 480 259 2 315 135 155 480 59 330 471 330 121 121 233 457 59 423 303 459 59 267 236 2 230 459 315 330 14 14 121 471 121 12 2 135 443 12 430 267 311 2 457 184 311 303 230 122 2 259 458 315 184 233 249 443 12 390 256 315 410 280 39 6 39 85 280 65 135 121 388 12 152 159 311 2 458 321 121 135 152 315 457 423 388 12 159 135 59 315 3 234 459 234 471 85 390 321 480 321 104 65 233 423 480 311 234 311 234 480 65 184 2 155 256 383 122 2 14 234 256 14 256 471 311 337 303 234 321 311 234 423 152 337 85 59 29 303 249 59 471 2 423 250 383 184 184 135 122 12 330 256 39 12 233 122 458 68 29 14 383 14 267 443 59 14 457 383 443 480 410 303 383 14 383 303 68 233 135 234 65 471 184 135 383 104 315 39 152 388 250 457 390 256 311 459 104 303 458 383 68 233 2 458 459 65 458 259 236 12 29 390 458 233 68 233 39 256 29 121 410 29 337 457 155 234 152 68 233 471 233 230 267 388 321 259 457 104 280 390 236 135 155 29 250 159 337 280 280 65 2 68 330 155 234 233 230 457 29 135 459 159 315 3 249 330 303 233 12 68 234 280 280 471 68 337 303 250 410 458 59 410 280 39 68 303 29 234 152 122 6 430 104 85 230 390 59 6 12 321 104 155 39 459 330 388 249 383 423 236 155 457 390 249 159 267 250 480 458 267 236 423 390 236 430 2 330 39 388 85 250 430 321 39 458 256 85 230 337 122 236 59 121 303 256 321 249 104 423 311 256 249 65 104 3 184 230 68 249 159 29 423 184 321 236 59 457 388 236 390 457 383 458 85 249 337 184 480 259 6 321 458 155 280 458 59 68 457 39 423 122 85 85 321 152 459 388 457 59 459 236 122 337 184 152 267 321 12 12 59 233 459 256 430 430 2 267 259 280 249 259 85 311 159 230 234 249 249 249 458 184 65 65 2 259 234 3 184 3 234 59 321 184 65 410 3 410 135 230 303 259 6 59 249 233 122 3 443 388 159 14 459 59 430 280 184 29 236 256 303 14 315 315 315 159 480 250 104 459 135 388 85 443 459 315 
  Facilities: 47
 2 : 18 38 49 56 63 90 127 132 156 217 265 340 430 448
 3 : 11 105 278 369 451 453 460 471
 6 : 10 78 305 312 394 466
 12 : 48 52 71 86 100 164 168 224 283 313 422 423
 14 : 43 44 133 136 174 176 180 188 475 485
 29 : 151 173 225 233 236 258 273 301 375 481
 39 : 77 79 167 202 231 298 317 342 348 403
 59 : 23 31 35 103 150 154 179 295 311 356 380 400 413 424 455 467 477
 65 : 82 116 125 195 220 264 367 446 447 458
 68 : 172 191 215 229 242 266 284 289 299 372 401
 85 : 80 110 149 308 344 351 388 406 407 436 496
 104 : 115 200 211 252 307 315 362 368 492
 121 : 9 27 28 45 47 84 93 234 357
 122 : 62 131 163 170 304 354 405 416 470
 135 : 12 20 50 83 94 102 162 193 198 256 274 462 494
 152 : 87 95 147 203 241 303 409 419
 155 : 5 21 128 239 257 268 316 325 397
 159 : 88 101 260 276 329 374 438 474 489
 184 : 58 67 126 160 161 197 370 377 391 418 445 452 457 480
 230 : 39 61 246 271 309 352 371 439 463
 233 : 0 29 68 117 169 192 216 228 230 243 245 270 282 425 469
 234 : 106 108 121 123 134 142 145 194 240 269 285 302 440 450 454
 236 : 37 223 255 324 335 338 355 379 383 415 482
 249 : 69 153 279 321 328 361 366 373 389 434 441 442 443 468
 250 : 7 158 205 259 292 331 345 491
 256 : 6 15 73 129 135 137 166 208 232 350 359 365 427 483
 259 : 17 64 222 250 393 432 435 449 465
 267 : 8 36 54 177 247 330 334 420 431
 280 : 76 81 253 262 263 286 287 297 398 433 479
 303 : 33 60 141 152 186 190 212 281 291 300 358 464 484
 311 : 55 59 89 120 122 139 144 209 364 437
 315 : 19 41 66 74 96 104 201 277 486 487 488 499
 321 : 92 112 114 143 249 314 347 360 378 395 408 421 456
 330 : 24 26 42 165 267 280 319 341
 337 : 140 148 237 261 290 353 390 417
 383 : 130 159 175 182 187 189 199 214 322 386
 388 : 13 85 99 204 248 320 343 382 411 473 495
 390 : 4 72 111 207 226 254 310 327 337 384
 410 : 1 14 75 185 235 293 296 459 461
 423 : 32 98 118 146 157 323 336 363 376 404
 430 : 2 53 306 339 346 428 429 478
 443 : 51 70 178 183 472 497
 457 : 30 57 97 181 206 238 251 272 326 381 385 402 412
 458 : 65 91 171 213 218 221 227 294 333 349 387 396 399 444
 459 : 34 40 107 210 219 275 318 410 414 426 476 493 498
 471 : 3 25 46 109 138 155 196 244 288
 480 : 16 22 113 119 124 184 332 392 490
SOLUTION:
  Value: -511386.000000
  Assigns: 233 410 430 430 390 155 256 121 267 121 6 3 100 388 410 256 100 259 2 315 135 155 480 59 122 430 291 121 121 233 457 59 423 303 459 59 267 236 2 230 459 315 430 14 14 121 155 121 12 291 291 443 12 430 267 311 2 457 184 311 303 230 122 2 259 458 315 184 233 249 443 12 390 256 315 410 280 39 6 39 85 280 65 443 121 388 12 100 159 311 2 458 321 121 135 152 315 457 423 388 12 159 135 59 315 3 234 459 234 3 85 390 321 480 321 104 65 233 423 480 311 234 311 234 480 65 184 2 155 256 383 122 2 14 234 256 14 256 3 311 100 303 234 321 311 234 423 152 152 85 59 29 303 249 59 100 2 423 85 383 184 184 135 122 12 81 256 39 12 233 122 458 100 29 14 291 14 267 443 59 14 457 383 443 480 81 303 383 14 383 303 68 233 291 234 81 291 184 100 81 104 315 39 152 81 6 457 390 256 311 459 104 303 458 383 68 233 2 458 459 65 458 259 236 12 29 390 458 233 68 233 39 256 29 121 410 29 100 457 155 234 152 68 233 458 233 230 267 388 321 259 457 104 280 390 236 135 155 29 14 159 291 280 280 65 2 68 291 155 234 233 230 457 29 135 291 159 315 3 249 81 81 233 12 68 234 280 100 39 68 480 303 236 410 458 59 410 280 39 68 303 29 234 291 122 6 430 104 85 230 390 59 6 12 321 104 155 39 459 280 388 249 383 423 236 155 457 390 249 159 267 291 480 458 267 236 423 390 236 430 2 230 39 291 85 81 430 321 39 458 256 85 230 81 122 236 59 121 303 256 321 249 104 423 311 256 249 65 104 3 184 230 68 249 159 29 423 184 321 236 59 457 388 236 390 457 383 458 85 249 104 184 480 259 6 321 458 155 280 458 59 68 457 39 423 122 85 85 321 152 459 388 457 59 459 236 122 280 184 152 267 321 12 12 59 233 459 256 430 430 2 267 259 280 249 259 85 311 159 230 234 249 249 249 458 184 65 65 2 259 234 3 184 3 234 59 321 184 65 410 3 410 135 230 303 259 6 59 249 233 122 3 443 388 159 100 459 59 430 280 184 29 236 256 303 14 315 315 81 159 480 65 104 459 135 388 85 443 459 315 
  Facilities: 46
 2 : 18 38 56 63 90 127 132 156 217 265 340 430 448
 3 : 11 105 109 138 278 369 451 453 460 471
 6 : 10 78 205 305 312 394 466
 12 : 48 52 71 86 100 164 168 224 283 313 422 423
 14 : 43 44 133 136 174 176 180 188 259 485
 29 : 151 173 225 233 236 258 273 301 375 481
 39 : 77 79 167 202 231 288 298 317 342 348 403
 59 : 23 31 35 103 150 154 179 295 311 356 380 400 413 424 455 467 477
 65 : 82 116 125 220 264 367 446 447 458 491
 68 : 191 215 229 242 266 284 289 299 372 401
 81 : 165 185 195 199 204 280 281 345 353 488
 85 : 80 110 149 158 308 344 351 388 406 407 436 496
 100 : 12 16 87 140 155 172 198 237 287 475
 104 : 115 200 211 252 307 315 362 368 390 492
 121 : 7 9 27 28 45 47 84 93 234 357
 122 : 24 62 131 163 170 304 354 405 416 470
 135 : 20 94 102 162 256 274 462 494
 152 : 95 147 148 203 241 409 419
 155 : 5 21 46 128 239 257 268 316 325 397
 159 : 88 101 260 276 329 374 438 474 489
 184 : 58 67 126 160 161 197 370 377 391 418 445 452 457 480
 230 : 39 61 246 271 309 341 352 371 439 463
 233 : 0 29 68 117 169 192 216 228 230 243 245 270 282 425 469
 234 : 106 108 121 123 134 142 145 194 240 269 285 302 440 450 454
 236 : 37 223 255 292 324 335 338 355 379 383 415 482
 249 : 69 153 279 321 328 361 366 373 389 434 441 442 443 468
 256 : 6 15 73 129 135 137 166 208 232 350 359 365 427 483
 259 : 17 64 222 250 393 432 435 449 465
 267 : 8 36 54 177 247 330 334 420 431
 280 : 76 81 253 262 263 286 297 319 398 417 433 479
 291 : 26 49 50 175 193 196 261 267 275 303 331 343
 303 : 33 60 141 152 186 190 212 291 300 358 464 484
 311 : 55 59 89 120 122 139 144 209 364 437
 315 : 19 41 66 74 96 104 201 277 486 487 499
 321 : 92 112 114 143 249 314 347 360 378 395 408 421 456
 383 : 130 159 182 187 189 214 322 386
 388 : 13 85 99 248 320 382 411 473 495
 390 : 4 72 111 207 226 254 310 327 337 384
 410 : 1 14 75 235 293 296 459 461
 423 : 32 98 118 146 157 323 336 363 376 404
 430 : 2 3 25 42 53 306 339 346 428 429 478
 443 : 51 70 83 178 183 472 497
 457 : 30 57 97 181 206 238 251 272 326 381 385 402 412
 458 : 65 91 171 213 218 221 227 244 294 333 349 387 396 399 444
 459 : 34 40 107 210 219 318 410 414 426 476 493 498
 480 : 22 113 119 124 184 290 332 392 490
SOLUTION:
  Value: -511396.000000
  Assigns: 233 410 480 471 390 388 256 150 267 121 6 3 423 388 410 256 480 223 2 315 150 337 480 59 330 471 291 121 121 233 457 59 423 303 459 59 267 236 2 77 459 315 330 14 14 121 471 121 12 291 291 443 12 77 267 311 2 457 184 311 303 230 122 2 184 458 315 184 233 249 443 12 390 256 315 410 280 39 6 39 85 280 65 140 121 388 12 256 159 311 77 458 321 121 234 230 315 457 423 388 12 159 234 59 315 3 234 459 234 471 85 390 321 480 321 104 65 233 423 480 311 234 311 234 480 65 184 2 267 256 383 122 2 14 234 256 140 256 471 311 337 303 234 321 311 234 423 223 337 85 59 29 303 249 59 46 223 423 471 383 184 184 77 122 12 330 256 39 46 233 122 458 68 29 14 291 14 267 140 59 14 457 383 443 480 410 303 46 14 383 303 68 233 291 234 223 291 184 315 383 104 315 39 321 388 6 46 390 256 311 459 104 303 458 383 68 233 2 458 223 65 458 29 236 12 29 390 458 233 68 233 39 256 29 121 410 29 337 457 256 234 291 68 233 471 233 230 267 388 321 249 457 104 280 223 236 232 150 29 14 159 337 280 280 65 2 68 330 267 234 233 230 457 29 330 291 159 315 3 249 330 77 46 12 68 234 280 140 471 68 337 303 236 410 458 59 77 280 150 68 303 29 234 291 122 6 140 104 85 230 390 59 6 12 321 104 230 46 46 330 388 249 383 423 232 77 457 390 249 159 267 291 480 140 267 236 77 390 236 223 2 330 39 291 85 77 223 321 39 458 256 85 230 337 122 236 59 121 303 256 321 249 104 423 311 256 249 65 104 3 184 230 68 249 159 29 423 184 321 236 223 457 388 236 390 457 383 458 85 249 337 150 480 232 6 321 458 223 280 458 232 68 457 39 423 122 85 85 321 223 77 388 457 59 459 236 122 337 184 65 267 321 12 12 59 233 459 256 315 12 2 267 150 280 249 232 85 311 159 232 234 249 249 249 458 184 65 65 2 46 234 3 184 3 234 59 321 184 65 410 3 410 256 230 303 77 6 150 249 233 122 46 443 388 159 14 459 59 232 280 184 150 46 256 303 46 315 315 315 159 480 65 104 459 39 388 85 223 459 315 
  Facilities: 48
 2 : 18 38 56 63 127 132 217 265 340 430 448
 3 : 11 105 278 369 451 453 460
 6 : 10 78 205 305 312 394 466
 12 : 48 52 71 86 100 164 224 283 313 422 423 429
 14 : 43 44 133 174 176 180 188 259 475
 29 : 151 173 222 225 233 236 258 273 301 375
 39 : 77 79 167 202 231 342 348 403 494
 46 : 155 168 187 206 282 317 318 449 471 482 485
 59 : 23 31 35 103 150 154 179 295 311 356 413 424 455 477
 65 : 82 116 125 220 264 367 419 446 447 458 491
 68 : 172 191 215 229 242 266 284 289 299 372 401
 77 : 39 53 90 162 281 296 325 336 345 410 465
 85 : 80 110 149 308 344 351 388 406 407 436 496
 104 : 115 200 211 252 307 315 362 368 492
 121 : 9 27 28 45 47 84 93 234 357
 122 : 62 131 163 170 304 354 405 416 470
 140 : 83 136 178 287 306 333
 150 : 7 20 257 298 391 432 467 481
 159 : 88 101 260 276 329 374 438 474 489
 184 : 58 64 67 126 160 161 197 370 377 418 445 452 457 480
 223 : 17 147 156 195 219 254 339 346 380 397 409 497
 230 : 61 95 246 271 309 316 352 371 463
 232 : 256 324 393 400 435 439 478
 233 : 0 29 68 117 169 192 216 228 230 243 245 270 425 469
 234 : 94 102 106 108 121 123 134 142 145 194 240 269 285 302 440 450 454
 236 : 37 223 255 292 335 338 355 379 383 415
 249 : 69 153 250 279 321 328 361 366 373 389 434 441 442 443 468
 256 : 6 15 73 87 129 135 137 166 208 232 239 350 359 365 427 462 483
 267 : 8 36 54 128 177 247 268 330 334 420 431
 280 : 76 81 253 262 263 286 297 398 433 479
 291 : 26 49 50 175 193 196 241 275 303 331 343
 303 : 33 60 141 152 186 190 212 291 300 358 464 484
 311 : 55 59 89 120 122 139 144 209 364 437
 315 : 19 41 66 74 96 104 198 201 277 428 486 487 488 499
 321 : 92 112 114 143 203 249 314 347 360 378 395 408 421 456
 330 : 24 42 165 267 274 280 319 341
 337 : 21 140 148 237 261 290 353 390 417
 383 : 130 159 182 189 199 214 322 386
 388 : 5 13 85 99 204 248 320 382 411 473 495
 390 : 4 72 111 207 226 310 327 337 384
 410 : 1 14 75 185 235 293 459 461
 423 : 12 32 98 118 146 157 323 363 376 404
 443 : 51 70 183 472
 457 : 30 57 97 181 238 251 272 326 381 385 402 412
 458 : 65 91 171 213 218 221 227 294 349 387 396 399 444
 459 : 34 40 107 210 414 426 476 493 498
 471 : 3 25 46 109 138 158 244 288
 480 : 2 16 22 113 119 124 184 332 392 490
SOLUTION:
  Value: -511398.000000
  Assigns: 233 410 480 471 390 388 256 150 267 121 6 330 423 388 410 256 480 223 2 315 150 337 480 59 330 471 291 121 121 233 457 59 423 303 459 59 267 236 2 77 459 315 330 14 14 121 471 121 12 291 291 443 12 77 267 311 2 457 184 311 303 230 122 2 184 458 315 184 233 249 443 12 390 256 315 410 280 39 6 39 85 280 65 140 121 388 12 256 159 311 77 458 321 121 234 230 315 457 423 388 12 159 234 59 315 321 234 459 234 471 85 390 321 480 321 104 65 233 423 480 311 234 311 234 480 65 184 2 267 256 383 122 2 14 234 256 140 256 471 311 337 303 234 321 311 234 423 223 337 85 59 29 303 249 59 46 223 423 471 383 184 184 77 122 12 330 256 39 46 233 122 458 68 29 14 291 14 267 140 59 14 457 383 443 480 410 303 46 14 383 303 68 233 291 234 223 291 184 315 383 104 315 39 321 388 6 46 390 256 311 459 104 303 458 383 68 233 2 458 223 65 458 29 236 12 29 390 458 233 68 233 39 256 29 121 410 29 337 457 256 234 291 68 233 471 233 230 267 388 321 249 457 104 280 223 236 232 150 29 14 159 337 280 280 65 2 68 330 267 234 233 230 457 29 330 291 159 315 267 249 330 77 46 12 68 234 280 140 471 68 337 303 236 410 458 59 77 280 150 68 303 29 234 291 122 6 140 104 85 230 390 59 6 12 321 104 230 46 46 330 388 249 383 423 232 77 457 390 249 159 267 291 480 140 267 236 77 390 236 223 2 330 39 291 85 77 223 321 39 458 256 85 230 337 122 236 59 121 303 256 321 249 104 423 311 256 249 65 104 104 184 230 68 249 159 29 423 184 321 236 223 457 388 236 390 457 383 458 85 249 337 150 480 232 6 321 458 223 280 458 232 68 457 39 423 122 85 85 321 223 77 388 457 59 459 236 122 337 184 65 267 321 12 12 59 233 459 256 315 12 2 267 150 280 249 232 85 311 159 232 234 249 249 249 458 184 65 65 2 46 234 383 184 471 234 59 321 184 65 410 471 410 256 230 303 77 6 150 249 233 122 46 443 388 159 14 459 59 232 280 184 150 46 256 303 46 315 315 315 159 480 65 104 459 39 388 85 223 459 315 
  Facilities: 47
 2 : 18 38 56 63 127 132 217 265 340 430 448
 6 : 10 78 205 305 312 394 466
 12 : 48 52 71 86 100 164 224 283 313 422 423 429
 14 : 43 44 133 174 176 180 188 259 475
 29 : 151 173 222 225 233 236 258 273 301 375
 39 : 77 79 167 202 231 342 348 403 494
 46 : 155 168 187 206 282 317 318 449 471 482 485
 59 : 23 31 35 103 150 154 179 295 311 356 413 424 455 477
 65 : 82 116 125 220 264 367 419 446 447 458 491
 68 : 172 191 215 229 242 266 284 289 299 372 401
 77 : 39 53 90 162 281 296 325 336 345 410 465
 85 : 80 110 149 308 344 351 388 406 407 436 496
 104 : 115 200 211 252 307 315 362 368 369 492
 121 : 9 27 28 45 47 84 93 234 357
 122 : 62 131 163 170 304 354 405 416 470
 140 : 83 136 178 287 306 333
 150 : 7 20 257 298 391 432 467 481
 159 : 88 101 260 276 329 374 438 474 489
 184 : 58 64 67 126 160 161 197 370 377 418 445 452 457 480
 223 : 17 147 156 195 219 254 339 346 380 397 409 497
 230 : 61 95 246 271 309 316 352 371 463
 232 : 256 324 393 400 435 439 478
 233 : 0 29 68 117 169 192 216 228 230 243 245 270 425 469
 234 : 94 102 106 108 121 123 134 142 145 194 240 269 285 302 440 450 454
 236 : 37 223 255 292 335 338 355 379 383 415
 249 : 69 153 250 279 321 328 361 366 373 389 434 441 442 443 468
 256 : 6 15 73 87 129 135 137 166 208 232 239 350 359 365 427 462 483
 267 : 8 36 54 128 177 247 268 278 330 334 420 431
 280 : 76 81 253 262 263 286 297 398 433 479
 291 : 26 49 50 175 193 196 241 275 303 331 343
 303 : 33 60 141 152 186 190 212 291 300 358 464 484
 311 : 55 59 89 120 122 139 144 209 364 437
 315 : 19 41 66 74 96 104 198 201 277 428 486 487 488 499
 321 : 92 105 112 114 143 203 249 314 347 360 378 395 408 421 456
 330 : 11 24 42 165 267 274 280 319 341
 337 : 21 140 148 237 261 290 353 390 417
 383 : 130 159 182 189 199 214 322 386 451
 388 : 5 13 85 99 204 248 320 382 411 473 495
 390 : 4 72 111 207 226 310 327 337 384
 410 : 1 14 75 185 235 293 459 461
 423 : 12 32 98 118 146 157 323 363 376 404
 443 : 51 70 183 472
 457 : 30 57 97 181 238 251 272 326 381 385 402 412
 458 : 65 91 171 213 218 221 227 294 349 387 396 399 444
 459 : 34 40 107 210 414 426 476 493 498
 471 : 3 25 46 109 138 158 244 288 453 460
 480 : 2 16 22 113 119 124 184 332 392 490
SOLUTION:
  Value: -511398.000000
  Assigns: 233 410 430 430 390 155 256 121 267 121 6 3 135 388 410 256 480 259 2 315 135 155 480 59 122 430 291 121 121 233 457 59 423 303 81 59 267 236 2 230 6 315 430 14 14 121 155 121 12 291 291 443 12 430 267 311 2 446 184 311 303 230 122 2 259 446 315 184 233 249 443 12 390 306 315 410 280 39 6 39 85 280 65 443 121 388 12 152 159 311 2 458 321 121 135 152 315 457 423 388 12 159 135 59 315 3 234 446 234 3 85 306 321 480 321 104 65 233 423 480 311 234 311 234 480 65 184 2 155 256 383 122 2 14 234 256 14 256 3 311 306 306 234 321 311 234 423 152 152 85 59 29 210 249 59 446 2 423 85 383 184 184 135 122 12 306 256 39 12 233 122 458 68 29 14 291 14 267 443 59 14 457 383 443 480 81 303 383 14 383 303 68 233 291 234 81 291 184 446 81 104 315 210 152 81 6 457 390 256 311 152 104 303 458 383 68 233 2 458 306 65 306 259 236 446 29 390 458 233 68 233 39 256 29 121 410 29 210 457 155 234 152 68 233 458 233 230 267 388 321 259 457 104 280 390 236 135 155 29 14 159 291 280 280 65 2 68 291 155 234 233 230 457 29 135 291 159 315 3 249 81 81 233 12 68 234 280 280 39 68 480 303 236 410 458 59 410 280 210 68 303 29 210 291 122 6 430 104 85 230 390 59 6 12 321 104 155 39 210 446 388 249 383 423 236 155 457 390 249 159 267 291 480 458 267 236 423 390 236 430 2 230 39 291 85 81 430 306 39 458 256 85 230 81 122 236 59 121 303 256 321 249 104 423 311 256 249 65 104 3 184 230 68 249 159 29 423 184 321 236 59 457 388 236 390 457 383 458 85 249 104 184 480 259 6 321 458 155 280 458 59 68 457 39 423 122 85 85 321 152 14 388 457 59 3 236 122 280 184 152 267 321 12 12 59 233 458 256 430 430 2 267 259 280 249 259 85 311 159 306 234 249 249 249 458 184 65 65 2 259 234 3 184 3 234 59 321 184 65 410 3 410 135 230 303 259 6 59 249 233 122 3 443 388 159 14 390 59 430 280 184 29 236 256 303 14 315 315 81 159 480 65 104 184 135 388 85 443 306 315 
  Facilities: 47
 2 : 18 38 56 63 90 127 132 156 217 265 340 430 448
 3 : 11 105 109 138 278 369 414 451 453 460 471
 6 : 10 40 78 205 305 312 394 466
 12 : 48 52 71 86 100 164 168 283 313 422 423
 14 : 43 44 133 136 174 176 180 188 259 410 475 485
 29 : 151 173 225 233 236 258 273 301 375 481
 39 : 77 79 167 231 288 317 342 348 403
 59 : 23 31 35 103 150 154 179 295 311 356 380 400 413 424 455 467 477
 65 : 82 116 125 220 264 367 446 447 458 491
 68 : 172 191 215 229 242 266 284 289 299 372 401
 81 : 34 185 195 199 204 280 281 345 353 488
 85 : 80 110 149 158 308 344 351 388 406 407 436 496
 104 : 115 200 211 252 307 315 362 368 390 492
 121 : 7 9 27 28 45 47 84 93 234 357
 122 : 24 62 131 163 170 304 354 405 416 470
 135 : 12 20 94 102 162 256 274 462 494
 152 : 87 95 147 148 203 210 241 409 419
 155 : 5 21 46 128 239 257 268 316 325 397
 159 : 88 101 260 276 329 374 438 474 489
 184 : 58 67 126 160 161 197 370 377 391 418 445 452 457 480 493
 210 : 152 202 237 298 302 318
 230 : 39 61 246 271 309 341 352 371 463
 233 : 0 29 68 117 169 192 216 228 230 243 245 270 282 425 469
 234 : 106 108 121 123 134 142 145 194 240 269 285 440 450 454
 236 : 37 223 255 292 324 335 338 355 379 383 415 482
 249 : 69 153 279 321 328 361 366 373 389 434 441 442 443 468
 256 : 6 15 129 135 137 166 208 232 350 359 365 427 483
 259 : 17 64 222 250 393 432 435 449 465
 267 : 8 36 54 177 247 330 334 420 431
 280 : 76 81 253 262 263 286 287 297 398 417 433 479
 291 : 26 49 50 175 193 196 261 267 275 303 331 343
 303 : 33 60 186 190 212 291 300 358 464 484
 306 : 73 111 140 141 165 219 221 347 439 498
 311 : 55 59 89 120 122 139 144 209 364 437
 315 : 19 41 66 74 96 104 201 277 486 487 499
 321 : 92 112 114 143 249 314 360 378 395 408 421 456
 383 : 130 159 182 187 189 214 322 386
 388 : 13 85 99 248 320 382 411 473 495
 390 : 4 72 207 226 254 310 327 337 384 476
 410 : 1 14 75 235 293 296 459 461
 423 : 32 98 118 146 157 323 336 363 376 404
 430 : 2 3 25 42 53 306 339 346 428 429 478
 443 : 51 70 83 178 183 472 497
 446 : 57 65 107 155 198 224 319
 457 : 30 97 181 206 238 251 272 326 381 385 402 412
 458 : 91 171 213 218 227 244 294 333 349 387 396 399 426 444
 480 : 16 22 113 119 124 184 290 332 392 490
SOLUTION:
  Value: -511399.000000
  Assigns: 233 410 430 430 390 155 256 121 267 121 6 3 423 388 410 256 480 480 2 315 249 155 480 59 122 430 291 121 121 233 457 59 423 303 233 59 267 236 2 77 6 315 430 14 14 121 155 61 12 291 291 443 12 430 267 311 2 446 184 311 303 230 122 2 184 446 315 184 233 249 443 12 390 306 315 410 280 39 6 39 85 280 68 61 121 388 12 152 159 311 77 458 321 121 155 152 315 457 423 388 12 159 234 59 315 3 234 446 234 3 85 306 321 480 321 104 61 233 423 480 311 234 311 234 480 77 184 2 155 256 383 122 2 14 234 256 14 256 3 311 306 306 234 321 311 234 423 152 152 85 59 29 210 249 59 446 2 423 85 383 184 184 77 122 12 306 256 39 12 233 122 458 68 29 14 291 14 267 443 59 14 457 383 443 480 410 303 383 14 383 303 68 233 291 234 458 291 184 446 383 104 315 210 152 388 6 457 390 256 311 152 104 303 458 383 68 233 2 458 306 446 306 29 236 446 29 390 458 233 68 233 39 256 29 121 410 29 210 457 155 234 152 68 233 458 233 230 267 388 321 249 457 104 280 390 236 6 155 29 14 159 291 280 280 430 2 68 291 155 234 233 230 457 29 29 291 159 315 3 249 2 77 233 12 68 234 280 280 39 68 480 303 236 410 458 59 77 280 210 68 303 29 210 291 122 6 430 104 85 230 390 59 6 12 321 104 155 39 210 446 388 249 383 423 236 155 457 390 249 159 267 291 480 458 267 236 77 390 236 430 2 230 39 291 85 77 430 306 39 458 256 85 230 443 122 236 59 121 303 256 321 249 104 423 311 256 249 303 104 3 184 230 68 249 159 29 423 184 321 236 59 457 388 236 390 457 383 458 85 249 104 184 480 159 6 321 458 155 280 458 61 68 457 39 423 122 85 85 321 152 77 388 457 59 3 236 122 280 184 152 267 321 12 12 59 233 458 256 430 430 2 267 256 280 249 210 85 311 159 306 234 249 249 249 458 184 155 14 2 61 234 3 184 3 234 59 321 184 59 410 3 410 256 230 303 77 6 59 249 233 122 3 443 388 159 14 390 59 430 280 184 29 236 256 303 14 315 315 315 159 480 68 104 184 39 388 85 443 306 315 
  Facilities: 45
 2 : 18 38 56 63 127 132 156 217 265 280 340 430 448
 3 : 11 105 109 138 278 369 414 451 453 460 471
 6 : 10 40 78 205 256 305 312 394 466
 12 : 48 52 71 86 100 164 168 283 313 422 423
 14 : 43 44 133 136 174 176 180 188 259 447 475 485
 29 : 151 173 222 225 233 236 258 273 274 301 375 481
 39 : 77 79 167 231 288 317 342 348 403 494
 59 : 23 31 35 103 150 154 179 295 311 356 380 413 424 455 458 467 477
 61 : 47 83 116 400 449
 68 : 82 172 191 215 229 242 266 284 289 299 372 401 491
 77 : 39 90 125 162 281 296 336 345 410 465
 85 : 80 110 149 158 308 344 351 388 406 407 436 496
 104 : 115 200 211 252 307 315 362 368 390 492
 121 : 7 9 27 28 45 84 93 234 357
 122 : 24 62 131 163 170 304 354 405 416 470
 152 : 87 95 147 148 203 210 241 409 419
 155 : 5 21 46 94 128 239 257 268 316 325 397 446
 159 : 88 101 260 276 329 374 393 438 474 489
 184 : 58 64 67 126 160 161 197 370 377 391 418 445 452 457 480 493
 210 : 152 202 237 298 302 318 435
 230 : 61 246 271 309 341 352 371 463
 233 : 0 29 34 68 117 169 192 216 228 230 243 245 270 282 425 469
 234 : 102 106 108 121 123 134 142 145 194 240 269 285 440 450 454
 236 : 37 223 255 292 324 335 338 355 379 383 415 482
 249 : 20 69 153 250 279 321 328 361 366 373 389 434 441 442 443 468
 256 : 6 15 129 135 137 166 208 232 350 359 365 427 432 462 483
 267 : 8 36 54 177 247 330 334 420 431
 280 : 76 81 253 262 263 286 287 297 398 417 433 479
 291 : 26 49 50 175 193 196 261 267 275 303 331 343
 303 : 33 60 186 190 212 291 300 358 367 464 484
 306 : 73 111 140 141 165 219 221 347 439 498
 311 : 55 59 89 120 122 139 144 209 364 437
 315 : 19 41 66 74 96 104 201 277 486 487 488 499
 321 : 92 112 114 143 249 314 360 378 395 408 421 456
 383 : 130 159 182 187 189 199 214 322 386
 388 : 13 85 99 204 248 320 382 411 473 495
 390 : 4 72 207 226 254 310 327 337 384 476
 410 : 1 14 75 185 235 293 459 461
 423 : 12 32 98 118 146 157 323 363 376 404
 430 : 2 3 25 42 53 264 306 339 346 428 429 478
 443 : 51 70 178 183 353 472 497
 446 : 57 65 107 155 198 220 224 319
 457 : 30 97 181 206 238 251 272 326 381 385 402 412
 458 : 91 171 195 213 218 227 244 294 333 349 387 396 399 426 444
 480 : 16 17 22 113 119 124 184 290 332 392 490
SOLUTION:
  Value: -511401.000000
  Assigns: 233 410 480 471 390 388 256 121 267 121 6 3 135 388 410 256 480 223 2 315 135 337 480 59 330 471 330 121 121 233 457 59 423 303 233 59 267 236 2 77 6 315 330 14 14 121 471 121 12 2 135 296 12 77 267 311 2 457 184 311 303 230 122 2 184 458 315 184 233 135 223 12 390 306 315 410 280 39 6 39 85 280 65 135 121 388 12 152 159 311 77 458 321 121 135 152 315 457 423 388 12 159 135 59 315 3 234 457 234 471 85 306 321 480 321 104 65 233 423 480 311 234 311 234 480 65 184 2 267 256 383 122 2 14 234 256 14 256 471 311 306 306 234 321 311 234 423 223 337 85 59 29 210 458 59 471 223 423 471 383 184 184 77 122 296 306 256 39 12 233 122 458 68 29 14 383 14 267 458 59 14 457 383 236 480 296 303 383 14 383 303 68 233 135 234 223 471 184 135 383 104 315 210 152 388 6 457 390 256 311 152 104 303 458 383 68 233 2 458 306 65 306 29 236 12 29 390 458 233 68 233 39 256 29 121 410 29 210 457 256 234 152 68 233 471 233 230 267 388 321 2 457 104 280 223 236 135 306 29 14 159 337 280 280 65 2 68 330 267 234 233 230 457 29 135 59 159 315 3 104 330 77 233 12 68 234 280 280 471 68 337 303 236 410 458 59 77 280 210 68 303 29 210 152 122 6 306 104 85 230 390 59 6 12 321 104 230 39 210 330 388 311 383 423 236 77 457 390 321 159 267 14 480 458 267 236 77 390 236 223 2 330 39 388 85 77 223 306 39 458 256 85 230 337 122 236 59 121 303 256 321 296 104 423 311 256 223 65 104 3 184 230 68 6 159 29 423 184 321 236 223 457 388 236 390 457 383 458 85 383 337 296 480 159 6 321 458 223 280 458 59 68 457 39 423 122 85 85 321 223 77 388 457 59 3 236 122 337 184 152 267 321 12 12 59 233 458 256 315 135 2 267 256 280 306 210 85 311 159 306 234 306 296 471 458 184 65 65 2 12 234 3 184 3 234 59 321 184 65 410 3 410 135 230 303 77 6 59 390 233 122 3 321 388 159 14 390 59 68 280 184 29 236 256 303 14 315 315 315 159 480 65 104 184 135 388 85 223 306 315 
  Facilities: 45
 2 : 18 38 49 56 63 127 132 217 250 265 340 430 448
 3 : 11 105 278 369 414 451 453 460 471
 6 : 10 40 78 205 305 312 373 394 466
 12 : 48 52 71 86 100 168 224 283 313 422 423 449
 14 : 43 44 133 136 174 176 180 188 259 331 475 485
 29 : 151 173 222 225 233 236 258 273 301 375 481
 39 : 77 79 167 231 317 342 348 403
 59 : 23 31 35 103 150 154 179 275 295 311 356 400 413 424 455 467 477
 65 : 82 116 125 220 264 367 446 447 458 491
 68 : 172 191 215 229 242 266 284 289 299 372 401 478
 77 : 39 53 90 162 281 296 325 336 345 410 465
 85 : 80 110 149 308 344 351 388 406 407 436 496
 104 : 115 200 211 252 279 307 315 362 368 492
 121 : 7 9 27 28 45 47 84 93 234 357
 122 : 62 131 163 170 304 354 405 416 470
 135 : 12 20 50 69 83 94 102 193 198 256 274 429 462 494
 152 : 87 95 203 210 241 303 419
 159 : 88 101 260 276 329 374 393 438 474 489
 184 : 58 64 67 126 160 161 197 370 377 418 445 452 457 480 493
 210 : 152 202 237 298 302 318 435
 223 : 17 70 147 156 195 254 339 346 366 380 397 409 497
 230 : 61 246 271 309 316 352 371 463
 233 : 0 29 34 68 117 169 192 216 228 230 243 245 270 282 425 469
 234 : 106 108 121 123 134 142 145 194 240 269 285 440 450 454
 236 : 37 183 223 255 292 324 335 338 355 379 383 415 482
 256 : 6 15 129 135 137 166 208 232 239 350 359 365 427 432 483
 267 : 8 36 54 128 177 247 268 330 334 420 431
 280 : 76 81 253 262 263 286 287 297 398 433 479
 296 : 51 164 185 361 391 442
 303 : 33 60 186 190 212 291 300 358 464 484
 306 : 73 111 140 141 165 219 221 257 306 347 434 439 441 498
 311 : 55 59 89 120 122 139 144 209 321 364 437
 315 : 19 41 66 74 96 104 201 277 428 486 487 488 499
 321 : 92 112 114 143 249 314 328 360 378 395 408 421 456 472
 330 : 24 26 42 267 280 319 341
 337 : 21 148 261 290 353 390 417
 383 : 130 159 175 182 187 189 199 214 322 386 389
 388 : 5 13 85 99 204 248 320 343 382 411 473 495
 390 : 4 72 207 226 310 327 337 384 468 476
 410 : 1 14 75 235 293 459 461
 423 : 32 98 118 146 157 323 363 376 404
 457 : 30 57 97 107 181 206 238 251 272 326 381 385 402 412
 458 : 65 91 153 171 178 213 218 227 294 333 349 387 396 399 426 444
 471 : 3 25 46 109 138 155 158 196 244 288 443
 480 : 2 16 22 113 119 124 184 332 392 490
SOLUTION:
  Value: -511406.000000
  Assigns: 233 287 480 471 390 287 256 121 267 121 6 3 423 388 410 256 480 223 2 315 410 337 480 59 330 471 291 121 121 233 457 59 423 303 459 59 267 236 2 77 459 315 330 14 14 121 471 121 12 291 291 296 12 77 267 311 2 457 184 311 303 230 122 2 259 458 315 184 233 287 223 12 390 306 315 410 280 39 6 39 85 280 65 140 121 388 12 256 159 311 77 458 321 121 234 230 315 457 423 388 12 159 234 59 315 3 234 459 234 471 85 306 321 480 321 104 65 233 423 480 311 234 311 234 480 65 184 2 267 256 383 122 2 14 234 256 140 256 471 287 287 306 234 321 311 234 423 223 337 85 59 29 303 458 59 471 223 423 471 383 184 184 77 122 296 306 256 39 12 233 122 458 68 29 14 291 14 267 140 59 14 457 383 236 480 296 303 383 14 383 303 68 233 291 234 223 291 184 315 383 104 315 39 321 388 6 287 287 256 311 459 104 303 458 383 68 233 2 458 306 65 306 259 236 12 29 390 458 233 68 233 39 256 29 121 410 29 337 457 256 234 291 68 233 471 233 230 267 388 321 259 457 287 280 223 236 6 306 29 14 159 337 280 280 65 2 68 330 267 234 233 230 457 29 330 291 159 315 3 104 330 77 233 12 68 234 280 140 471 68 337 303 236 410 458 59 77 280 39 68 303 29 234 291 122 6 140 104 85 230 390 59 6 12 321 104 230 39 459 330 388 311 383 423 236 77 457 390 321 159 267 291 480 140 267 236 77 390 236 223 2 330 39 291 85 77 287 306 39 458 256 85 230 337 122 236 59 121 303 256 321 296 104 423 311 256 223 65 104 3 184 230 68 6 159 29 423 184 321 236 223 457 388 236 390 457 383 458 85 383 337 296 480 259 6 321 458 223 280 458 59 68 457 39 423 122 85 85 321 223 77 388 457 59 459 236 122 337 184 65 267 321 287 12 59 233 459 256 315 12 2 267 259 280 306 259 85 311 159 306 234 306 296 471 458 184 65 65 2 259 234 3 184 3 234 59 321 184 65 410 3 410 256 230 303 259 6 59 390 233 122 3 321 388 159 14 459 59 68 280 184 29 236 256 303 14 315 315 315 159 480 65 104 459 39 388 85 223 306 315 
  Facilities: 47
 2 : 18 38 56 63 127 132 217 265 340 430 448
 3 : 11 105 278 369 451 453 460 471
 6 : 10 78 205 256 305 312 373 394 466
 12 : 48 52 71 86 100 168 224 283 313 423 429
 14 : 43 44 133 174 176 180 188 259 475 485
 29 : 151 173 225 233 236 258 273 301 375 481
 39 : 77 79 167 202 231 298 317 342 348 403 494
 59 : 23 31 35 103 150 154 179 295 311 356 400 413 424 455 467 477
 65 : 82 116 125 220 264 367 419 446 447 458 491
 68 : 172 191 215 229 242 266 284 289 299 372 401 478
 77 : 39 53 90 162 281 296 325 336 345 410
 85 : 80 110 149 308 344 351 388 406 407 436 496
 104 : 115 200 211 279 307 315 362 368 492
 121 : 7 9 27 28 45 47 84 93 234 357
 122 : 62 131 163 170 304 354 405 416 470
 140 : 83 136 178 287 306 333
 159 : 88 101 260 276 329 374 438 474 489
 184 : 58 67 126 160 161 197 370 377 418 445 452 457 480
 223 : 17 70 147 156 195 254 339 366 380 397 409 497
 230 : 61 95 246 271 309 316 352 371 463
 233 : 0 29 68 117 169 192 216 228 230 243 245 270 282 425 469
 234 : 94 102 106 108 121 123 134 142 145 194 240 269 285 302 440 450 454
 236 : 37 183 223 255 292 324 335 338 355 379 383 415 482
 256 : 6 15 87 129 135 137 166 208 232 239 350 359 365 427 462 483
 259 : 64 222 250 393 432 435 449 465
 267 : 8 36 54 128 177 247 268 330 334 420 431
 280 : 76 81 253 262 263 286 297 398 433 479
 287 : 1 5 69 139 140 206 207 252 346 422
 291 : 26 49 50 175 193 196 241 275 303 331 343
 296 : 51 164 185 361 391 442
 303 : 33 60 152 186 190 212 291 300 358 464 484
 306 : 73 111 141 165 219 221 257 347 434 439 441 498
 311 : 55 59 89 120 122 144 209 321 364 437
 315 : 19 41 66 74 96 104 198 201 277 428 486 487 488 499
 321 : 92 112 114 143 203 249 314 328 360 378 395 408 421 456 472
 330 : 24 42 267 274 280 319 341
 337 : 21 148 237 261 290 353 390 417
 383 : 130 159 182 187 189 199 214 322 386 389
 388 : 13 85 99 204 248 320 382 411 473 495
 390 : 4 72 226 310 327 337 384 468
 410 : 14 20 75 235 293 459 461
 423 : 12 32 98 118 146 157 323 363 376 404
 457 : 30 57 97 181 238 251 272 326 381 385 402 412
 458 : 65 91 153 171 213 218 227 294 349 387 396 399 444
 459 : 34 40 107 210 318 414 426 476 493
 471 : 3 25 46 109 138 155 158 244 288 443
 480 : 2 16 22 113 119 124 184 332 392 490
