# Time: 2606.330078
# Elapsed: 594.869751
# Input_file: splp/Fpp11/13FPP_11S.txt
# Pool_size: 400
# Iterations: 30
# Final_solutions: 11333
# Vision_range: 600
# Reduction_mode: REDUCTION_DISPERSE
# Dissimilitude: DISSIM_HAUSDORFF
# Facility_dist: FDISMODE_MINDIST
SOLUTION:
  Value: -36226.000000
  Assigns: 127 13 101 102 101 102 105 52 105 13 36 95 13 13 113 36 113 101 102 13 65 105 67 122 36 122 52 95 127 113 127 52 36 101 102 36 36 105 122 65 52 67 36 127 65 113 67 13 52 13 95 52 52 65 122 67 101 102 52 127 105 65 13 67 65 65 67 67 113 95 36 65 36 67 95 101 102 122 13 105 101 102 127 95 105 36 52 113 52 101 102 95 113 105 95 95 122 101 102 65 101 105 102 67 105 105 127 101 102 113 122 105 113 113 65 127 67 52 122 113 13 122 122 127 36 13 127 127 122 95 65 95 67 
  Facilities: 12
 13 : 1 9 12 13 19 47 49 62 78 120 125
 36 : 10 15 24 32 35 36 42 70 72 85 124
 52 : 7 26 31 40 48 51 52 58 86 88 117
 65 : 20 39 44 53 61 64 65 71 99 114 130
 67 : 22 41 46 55 63 66 67 73 103 116 132
 95 : 11 27 50 69 74 83 91 94 95 129 131
 101 : 2 4 17 33 56 75 80 89 97 100 107
 102 : 3 5 18 34 57 76 81 90 98 102 108
 105 : 6 8 21 37 60 79 84 93 101 104 105 111
 113 : 14 16 29 45 68 87 92 109 112 113 119
 122 : 23 25 38 54 77 96 110 118 121 122 128
 127 : 0 28 30 43 59 82 106 115 123 126 127
SOLUTION:
  Value: -42202.000000
  Assigns: 127 13 101 102 101 102 105 52 105 13 36 95 13 13 113 36 113 101 102 13 65 105 43 122 36 122 52 95 127 113 127 43 36 101 102 36 36 105 122 65 52 67 43 43 65 113 67 13 52 43 95 52 52 65 122 67 101 102 52 127 105 65 13 67 76 65 67 67 113 95 36 65 76 67 95 76 102 122 13 105 101 102 127 95 105 36 52 113 52 101 102 95 43 105 95 95 122 101 102 65 101 105 102 67 105 105 127 101 102 113 122 105 76 113 65 127 67 52 122 113 13 122 122 127 36 13 127 127 122 95 65 95 67 
  Facilities: 14
 13 : 1 9 12 13 19 47 62 78 120 125
 36 : 10 15 24 32 35 36 70 85 124
 43 : 22 31 42 43 49 92
 52 : 7 26 40 48 51 52 58 86 88 117
 65 : 20 39 44 53 61 65 71 99 114 130
 67 : 41 46 55 63 66 67 73 103 116 132
 76 : 64 72 75 112
 95 : 11 27 50 69 74 83 91 94 95 129 131
 101 : 2 4 17 33 56 80 89 97 100 107
 102 : 3 5 18 34 57 76 81 90 98 102 108
 105 : 6 8 21 37 60 79 84 93 101 104 105 111
 113 : 14 16 29 45 68 87 109 113 119
 122 : 23 25 38 54 77 96 110 118 121 122 128
 127 : 0 28 30 59 82 106 115 123 126 127
SOLUTION:
  Value: -45209.000000
  Assigns: 97 5 47 100 8 5 90 8 2 108 31 108 96 97 8 60 100 62 117 31 117 47 90 122 108 122 47 31 96 97 31 31 100 117 60 47 2 31 2 5 108 5 8 47 8 90 47 115 60 117 62 2 97 47 122 100 60 8 62 60 60 62 62 108 90 31 60 2 62 90 96 97 117 8 100 96 97 122 90 100 31 47 108 47 96 97 90 108 100 90 2 117 96 97 115 96 100 97 62 100 100 122 96 115 108 117 100 108 108 2 122 62 47 117 108 8 117 117 122 31 8 115 122 117 90 60 90 62 122 8 96 2 96 
  Facilities: 15
 2 : 8 36 38 51 67 90 109 131
 5 : 1 5 39 41
 8 : 4 7 14 42 44 57 73 115 120 129
 31 : 10 19 27 30 31 37 65 80 119
 47 : 2 21 26 35 43 46 53 81 83 112
 60 : 15 34 48 56 59 60 66 125
 62 : 17 50 58 61 62 68 98 111 127
 90 : 6 22 45 64 69 78 86 89 124 126
 96 : 12 28 70 75 84 92 95 102 130 132
 97 : 0 13 29 52 71 76 85 93 97
 100 : 3 16 32 55 74 79 88 96 99 100 106
 108 : 9 11 24 40 63 82 87 104 107 108 114
 115 : 47 94 103 121
 117 : 18 20 33 49 72 91 105 113 116 117 123
 122 : 23 25 54 77 101 110 118 122 128
SOLUTION:
  Value: -48197.000000
  Assigns: 97 5 47 100 8 5 90 8 8 108 31 108 96 97 8 60 100 62 117 31 117 47 43 91 108 122 47 31 96 97 31 43 100 117 60 47 62 31 122 43 108 5 43 43 8 90 91 115 60 43 62 96 97 47 122 100 60 8 62 60 60 62 62 108 90 31 60 31 62 90 91 97 117 8 100 96 97 122 90 91 31 47 108 47 96 97 90 108 100 90 91 117 43 97 115 96 100 91 62 100 100 122 96 115 108 117 100 108 108 60 122 62 47 117 108 8 117 117 122 31 8 115 122 117 90 91 90 62 122 8 96 97 96 
  Facilities: 16
 5 : 1 5 41
 8 : 4 7 8 14 44 57 73 115 120 129
 31 : 10 19 27 30 37 65 67 80 119
 43 : 22 31 39 42 43 49 92
 47 : 2 21 26 35 53 81 83 112
 60 : 15 34 48 56 59 60 66 109
 62 : 17 36 50 58 61 62 68 98 111 127
 90 : 6 45 64 69 78 86 89 124 126
 91 : 23 46 70 79 90 97 125
 96 : 12 28 51 75 84 95 102 130 132
 97 : 0 13 29 52 71 76 85 93 131
 100 : 3 16 32 55 74 88 96 99 100 106
 108 : 9 11 24 40 63 82 87 104 107 108 114
 115 : 47 94 103 121
 117 : 18 20 33 72 91 105 113 116 117 123
 122 : 25 38 54 77 101 110 118 122 128
SOLUTION:
  Value: -51181.000000
  Assigns: 97 5 47 100 8 5 90 8 2 108 31 108 96 97 8 60 100 62 117 31 117 47 90 91 108 122 123 31 96 97 31 31 100 117 60 47 2 31 2 123 108 5 8 47 8 90 91 115 60 117 62 2 97 47 122 123 60 8 62 60 60 62 62 108 90 31 60 2 62 90 91 97 117 8 100 96 97 122 123 91 31 47 108 47 96 97 90 108 100 90 2 117 96 97 115 96 117 91 62 100 100 122 96 115 108 117 100 108 108 2 122 62 47 117 108 8 117 117 122 31 8 115 122 117 90 91 90 62 122 123 96 2 96 
  Facilities: 17
 2 : 8 36 38 51 67 90 109 131
 5 : 1 5 41
 8 : 4 7 14 42 44 57 73 115 120
 31 : 10 19 27 30 31 37 65 80 119
 47 : 2 21 35 43 53 81 83 112
 60 : 15 34 48 56 59 60 66
 62 : 17 50 58 61 62 68 98 111 127
 90 : 6 22 45 64 69 86 89 124 126
 91 : 23 46 70 79 97 125
 96 : 12 28 75 84 92 95 102 130 132
 97 : 0 13 29 52 71 76 85 93
 100 : 3 16 32 74 88 99 100 106
 108 : 9 11 24 40 63 82 87 104 107 108 114
 115 : 47 94 103 121
 117 : 18 20 33 49 72 91 96 105 113 116 117 123
 122 : 25 54 77 101 110 118 122 128
 123 : 26 39 55 78 129
SOLUTION:
  Value: -51238.000000
  Assigns: 68 5 28 15 131 5 27 28 29 10 10 15 111 81 15 83 28 29 117 118 117 15 121 27 121 29 52 27 29 29 129 52 129 27 131 29 81 121 83 5 52 7 68 111 10 129 10 131 52 117 118 15 52 121 5 81 7 83 52 10 81 27 28 27 28 29 111 68 68 81 5 83 117 118 68 10 27 28 29 83 15 81 83 83 129 111 131 81 52 83 111 117 27 28 29 7 117 118 10 111 121 52 68 15 68 117 118 111 129 121 131 111 5 117 118 27 117 29 118 83 121 121 15 117 118 129 5 121 7 129 81 131 83 
  Facilities: 17
 5 : 1 5 39 54 70 112 126
 7 : 41 56 95 128
 10 : 9 10 44 46 59 75 98
 15 : 3 11 14 21 51 80 103 122
 27 : 6 23 27 33 61 63 76 92 115
 28 : 2 7 16 62 64 77 93
 29 : 8 17 25 28 29 35 65 78 94 117
 52 : 26 31 40 48 52 58 88 101
 68 : 0 42 67 68 74 102 104
 81 : 13 36 55 60 69 81 87 130
 83 : 15 38 57 71 79 82 83 89 119 132
 111 : 12 43 66 85 90 99 107 111
 117 : 18 20 49 72 91 96 105 113 116 123
 118 : 19 50 73 97 106 114 118 124
 121 : 22 24 37 53 100 109 120 121 127
 129 : 30 32 45 84 108 125 129
 131 : 4 34 47 86 110 131
SOLUTION:
  Value: -51239.000000
  Assigns: 68 5 129 4 4 5 27 52 29 10 10 5 111 81 111 83 16 29 117 118 117 118 16 27 121 29 52 27 29 29 129 52 129 27 131 29 81 121 4 5 52 7 68 111 10 129 10 131 52 117 118 52 16 4 5 81 7 83 52 10 81 27 83 27 68 16 111 68 68 81 5 83 117 118 68 10 27 81 29 83 81 16 83 83 129 111 131 81 52 83 111 117 27 5 29 7 117 118 10 111 121 52 68 129 16 117 118 111 129 121 131 111 5 117 118 27 4 29 118 83 121 121 10 16 118 129 5 121 16 129 81 131 83 
  Facilities: 17
 4 : 3 4 38 53 116
 5 : 1 5 11 39 54 70 93 112 126
 7 : 41 56 95
 10 : 9 10 44 46 59 75 98 122
 16 : 16 22 52 65 81 104 123 128
 27 : 6 23 27 33 61 63 76 92 115
 29 : 8 17 25 28 29 35 78 94 117
 52 : 7 26 31 40 48 51 58 88 101
 68 : 0 42 64 67 68 74 102
 81 : 13 36 55 60 69 77 80 87 130
 83 : 15 57 62 71 79 82 83 89 119 132
 111 : 12 14 43 66 85 90 99 107 111
 117 : 18 20 49 72 91 96 105 113
 118 : 19 21 50 73 97 106 114 118 124
 121 : 24 37 100 109 120 121 127
 129 : 2 30 32 45 84 103 108 125 129
 131 : 34 47 86 110 131
SOLUTION:
  Value: -51244.000000
  Assigns: 68 5 129 7 131 5 27 106 29 10 10 5 111 81 111 83 10 29 117 118 117 118 106 27 121 29 52 27 29 50 129 52 129 27 131 29 81 121 50 5 52 7 68 111 10 129 50 131 52 50 118 52 52 121 5 81 50 83 52 10 81 106 83 27 68 29 111 68 68 81 5 83 117 118 68 10 27 81 29 83 106 81 83 83 50 111 131 81 52 83 111 117 27 5 29 7 117 118 10 111 121 52 68 129 68 117 118 111 129 121 131 111 106 117 118 27 117 29 118 83 121 121 10 117 118 129 5 121 7 129 81 131 83 
  Facilities: 17
 5 : 1 5 11 39 54 70 93 126
 7 : 3 41 95 128
 10 : 9 10 16 44 59 75 98 122
 27 : 6 23 27 33 63 76 92 115
 29 : 8 17 25 28 35 65 78 94 117
 50 : 29 38 46 49 56 84
 52 : 26 31 40 48 51 52 58 88 101
 68 : 0 42 64 67 68 74 102 104
 81 : 13 36 55 60 69 77 81 87 130
 83 : 15 57 62 71 79 82 83 89 119 132
 106 : 7 22 61 80 112
 111 : 12 14 43 66 85 90 99 107 111
 117 : 18 20 72 91 96 105 113 116 123
 118 : 19 21 50 73 97 106 114 118 124
 121 : 24 37 53 100 109 120 121 127
 129 : 2 30 32 45 103 108 125 129
 131 : 4 34 47 86 110 131
SOLUTION:
  Value: -54167.000000
  Assigns: 97 5 47 100 8 5 90 8 2 108 31 108 96 97 8 60 100 62 117 31 117 47 43 91 108 122 47 31 96 97 31 43 100 117 60 47 2 31 2 43 108 67 43 43 8 90 91 115 60 43 62 2 97 47 122 67 60 8 62 60 60 62 62 108 90 31 60 2 62 90 91 97 117 67 100 96 97 122 90 91 31 47 108 47 96 97 90 108 100 90 2 117 43 97 115 96 100 91 62 100 100 122 96 67 108 117 100 108 108 2 122 62 47 117 108 8 67 117 122 31 8 115 122 117 90 91 90 62 122 8 96 2 96 
  Facilities: 18
 2 : 8 36 38 51 67 90 109 131
 5 : 1 5
 8 : 4 7 14 44 57 115 120 129
 31 : 10 19 27 30 37 65 80 119
 43 : 22 31 39 42 43 49 92
 47 : 2 21 26 35 53 81 83 112
 60 : 15 34 48 56 59 60 66
 62 : 17 50 58 61 62 68 98 111 127
 67 : 41 55 73 103 116
 90 : 6 45 64 69 78 86 89 124 126
 91 : 23 46 70 79 97 125
 96 : 12 28 75 84 95 102 130 132
 97 : 0 13 29 52 71 76 85 93
 100 : 3 16 32 74 88 96 99 100 106
 108 : 9 11 24 40 63 82 87 104 107 108 114
 115 : 47 94 121
 117 : 18 20 33 72 91 105 113 117 123
 122 : 25 54 77 101 110 118 122 128
SOLUTION:
  Value: -54189.000000
  Assigns: 1 1 23 24 101 89 90 1 53 93 55 23 16 110 40 83 16 101 86 40 24 89 16 24 24 93 110 53 73 50 24 115 53 101 55 1 40 1 50 40 40 53 110 55 89 90 50 115 93 50 118 55 73 53 55 55 50 23 24 23 86 55 83 89 90 86 1 93 89 90 115 83 73 73 86 101 40 89 90 83 101 16 83 83 110 89 86 53 89 90 90 55 118 93 115 89 90 101 110 93 101 101 53 115 16 40 110 101 1 73 110 23 24 1 115 50 110 83 53 83 55 115 86 16 90 89 90 93 16 93 23 24 83 
  Facilities: 18
 1 : 0 1 7 35 37 66 108 113
 16 : 12 16 22 81 104 123 128
 23 : 2 11 57 59 111 130
 24 : 3 20 23 24 30 58 112 131
 40 : 14 19 36 39 40 76 105
 50 : 29 38 46 49 56 115
 53 : 8 27 32 41 53 87 102 118
 55 : 10 34 43 51 54 55 61 91 120
 73 : 28 52 72 73 109
 83 : 15 62 71 79 82 83 117 119 132
 86 : 18 60 65 74 86 122
 89 : 5 21 44 63 68 77 85 88 95 125
 90 : 6 45 64 69 78 89 90 96 124 126
 93 : 9 25 48 67 93 99 127 129
 101 : 4 17 33 75 80 97 100 101 107
 110 : 13 26 42 84 98 106 110 116
 115 : 31 47 70 94 103 114 121
 118 : 50 92
