# Time: 742.329956
# Elapsed: 393.202850
# Input_file: splp/Fpp11/22FPP_11S.txt
# Pool_size: 200
# Iterations: 23
# Final_solutions: 4333
# Vision_range: 400
# Reduction_mode: REDUCTION_DISPERSE
# Dissimilitude: DISSIM_CLIENTDELTA
SOLUTION:
  Value: -36223.000000
  Assigns: 68 100 86 100 25 9 74 75 9 9 78 95 38 25 40 9 100 38 86 40 119 25 119 68 25 25 38 95 40 74 75 25 100 78 38 119 40 38 38 40 40 86 68 9 38 9 40 68 74 75 95 119 78 74 75 100 68 78 9 25 86 25 74 75 68 86 78 68 68 95 74 75 38 74 86 75 40 78 78 100 74 75 86 95 78 86 86 38 100 40 25 95 86 119 95 95 100 9 119 100 100 95 68 38 68 40 100 119 74 75 74 75 78 25 78 119 9 68 119 119 86 9 86 74 75 119 38 78 40 95 9 95 25 
  Facilities: 12
 9 : 5 8 9 15 43 45 58 97 116 121 130
 25 : 4 13 21 24 25 31 59 61 90 113 132
 38 : 12 17 26 34 37 38 44 72 87 103 126
 40 : 14 19 28 36 39 40 46 76 89 105 128
 68 : 0 23 42 47 56 64 67 68 102 104 117
 74 : 6 29 48 53 62 70 73 80 108 110 123
 75 : 7 30 49 54 63 71 75 81 109 111 124
 78 : 10 33 52 57 66 77 78 84 112 114 127
 86 : 2 18 41 60 65 74 82 85 86 92 120 122
 95 : 11 27 50 69 83 91 94 95 101 129 131
 100 : 1 3 16 32 55 79 88 96 99 100 106
 119 : 20 22 35 51 93 98 107 115 118 119 125
SOLUTION:
  Value: -39212.000000
  Assigns: 21 5 70 71 5 5 74 91 34 21 36 5 96 34 82 36 115 21 115 64 21 21 34 91 36 70 71 21 96 74 34 115 36 34 34 36 36 82 64 5 34 86 36 64 70 71 91 115 74 70 71 96 64 74 5 21 82 21 70 71 86 82 74 64 64 86 70 71 34 70 5 71 36 74 86 96 70 71 82 91 74 82 86 34 96 36 86 91 82 115 91 91 86 5 115 96 96 91 64 34 64 36 96 115 70 71 70 71 74 21 74 115 5 64 115 115 82 5 82 70 71 115 86 74 36 91 5 91 21 64 96 82 96 
  Facilities: 13
 5 : 1 4 5 11 39 54 70 93 112 117 126
 21 : 0 9 17 20 21 27 55 57 109 128
 34 : 8 13 22 30 33 34 40 68 83 99
 36 : 10 15 24 32 35 36 42 72 85 101 124
 64 : 19 38 43 52 63 64 98 100 113 129
 70 : 2 25 44 49 58 66 69 76 104 106 119
 71 : 3 26 45 50 59 67 71 77 105 107 120
 74 : 6 29 48 53 62 73 80 108 110 123
 82 : 14 37 56 61 78 81 88 116 118 131
 86 : 41 60 65 74 82 86 92 122
 91 : 7 23 46 79 87 90 91 97 125 127
 96 : 12 28 51 75 84 95 96 102 130 132
 115 : 16 18 31 47 89 94 103 111 114 115 121
SOLUTION:
  Value: -42188.000000
  Assigns: 68 100 86 100 25 9 74 75 9 9 78 95 38 25 40 114 84 38 86 40 119 25 119 68 25 25 38 95 40 74 114 25 100 78 38 119 40 38 38 84 40 86 68 9 38 9 40 68 74 75 95 119 78 74 75 100 68 78 84 25 86 25 74 84 68 86 78 68 68 114 74 75 84 74 86 75 40 78 78 100 84 75 86 95 84 86 86 38 114 40 84 95 86 119 95 95 100 9 119 100 100 95 114 38 68 40 100 119 74 75 114 75 78 25 114 119 9 68 84 119 114 9 86 74 75 119 38 78 40 95 9 95 25 
  Facilities: 14
 9 : 5 8 9 43 45 97 116 121 130
 25 : 4 13 21 24 25 31 59 61 113 132
 38 : 12 17 26 34 37 38 44 87 103 126
 40 : 14 19 28 36 40 46 76 89 105 128
 68 : 0 23 42 47 56 64 67 68 104 117
 74 : 6 29 48 53 62 70 73 108 123
 75 : 7 49 54 71 75 81 109 111 124
 78 : 10 33 52 57 66 77 78 112 127
 84 : 16 39 58 63 72 80 84 90 118
 86 : 2 18 41 60 65 74 82 85 86 92 122
 95 : 11 27 50 83 91 94 95 101 129 131
 100 : 1 3 32 55 79 96 99 100 106
 114 : 15 30 69 88 102 110 114 120
 119 : 20 22 35 51 93 98 107 115 119 125
SOLUTION:
  Value: -45176.000000
  Assigns: 68 100 86 100 25 9 74 75 9 9 11 95 38 58 40 114 100 38 86 40 119 25 119 68 25 25 38 95 40 74 114 25 58 78 38 119 40 58 38 40 40 86 68 9 38 9 58 11 74 75 95 119 78 74 75 100 68 78 58 25 86 25 74 75 58 86 78 68 68 114 74 75 38 74 86 75 11 78 78 100 74 75 86 95 78 86 86 38 114 40 25 95 58 119 95 95 100 9 119 11 100 95 114 38 68 40 100 119 74 75 114 75 78 25 114 119 9 68 11 119 114 9 86 58 75 119 38 78 40 95 9 95 11 
  Facilities: 15
 9 : 5 8 9 43 45 97 116 121 130
 11 : 10 47 76 99 118 132
 25 : 4 21 24 25 31 59 61 90 113
 38 : 12 17 26 34 38 44 72 87 103 126
 40 : 14 19 28 36 39 40 89 105 128
 58 : 13 32 37 46 58 64 92 123
 68 : 0 23 42 56 67 68 104 117
 74 : 6 29 48 53 62 70 73 80 108
 75 : 7 49 54 63 71 75 81 109 111 124
 78 : 33 52 57 66 77 78 84 112 127
 86 : 2 18 41 60 65 74 82 85 86 122
 95 : 11 27 50 83 91 94 95 101 129 131
 100 : 1 3 16 55 79 96 100 106
 114 : 15 30 69 88 102 110 114 120
 119 : 20 22 35 51 93 98 107 115 119 125
SOLUTION:
  Value: -48161.000000
  Assigns: 68 13 86 100 25 9 74 75 9 13 36 95 38 13 40 114 84 38 86 40 119 25 119 68 36 25 38 95 40 74 114 25 36 78 38 36 40 38 38 84 40 86 68 9 38 9 40 13 74 75 95 119 78 74 75 100 68 78 84 25 86 25 13 84 68 86 78 68 68 114 36 75 84 74 86 75 40 78 78 100 84 75 86 95 84 36 86 38 114 40 84 95 86 119 95 95 100 9 119 100 100 13 114 38 68 40 100 119 74 75 114 75 78 25 114 119 9 68 84 119 13 9 86 74 75 119 38 78 40 95 9 95 25 
  Facilities: 16
 9 : 5 8 43 45 97 116 121 130
 13 : 1 9 13 47 62 101 120
 25 : 4 21 25 31 59 61 113 132
 36 : 10 24 32 35 70 85
 38 : 12 17 26 34 37 38 44 87 103 126
 40 : 14 19 28 36 40 46 76 89 105 128
 68 : 0 23 42 56 64 67 68 104 117
 74 : 6 29 48 53 73 108 123
 75 : 7 49 54 71 75 81 109 111 124
 78 : 33 52 57 66 77 78 112 127
 84 : 16 39 58 63 72 80 84 90 118
 86 : 2 18 41 60 65 74 82 86 92 122
 95 : 11 27 50 83 91 94 95 129 131
 100 : 3 55 79 96 99 100 106
 114 : 15 30 69 88 102 110 114
 119 : 20 22 51 93 98 107 115 119 125
SOLUTION:
  Value: -51149.000000
  Assigns: 68 100 2 100 25 9 74 75 9 9 36 95 38 81 40 114 84 38 86 40 119 25 119 68 36 25 38 95 40 74 114 25 36 78 38 36 40 38 38 84 40 86 68 9 38 9 40 68 74 75 95 2 78 74 75 100 68 78 84 25 86 25 74 84 68 86 78 2 68 114 36 75 84 74 86 75 40 81 78 100 84 75 86 95 84 36 86 81 114 40 2 95 86 119 95 95 100 9 119 100 100 36 114 38 68 40 100 119 74 75 114 75 78 25 114 119 9 81 84 119 84 9 86 2 75 119 38 78 40 95 81 95 25 
  Facilities: 17
 2 : 2 51 67 90 123
 9 : 5 8 9 43 45 97 116 121
 25 : 4 21 25 31 59 61 113 132
 36 : 10 24 32 35 70 85 101
 38 : 12 17 26 34 37 38 44 103 126
 40 : 14 19 28 36 40 46 76 89 105 128
 68 : 0 23 42 47 56 64 68 104
 74 : 6 29 48 53 62 73 108
 75 : 7 49 54 71 75 81 109 111 124
 78 : 33 52 57 66 78 112 127
 81 : 13 77 87 117 130
 84 : 16 39 58 63 72 80 84 118 120
 86 : 18 41 60 65 74 82 86 92 122
 95 : 11 27 50 83 91 94 95 129 131
 100 : 1 3 55 79 96 99 100 106
 114 : 15 30 69 88 102 110 114
 119 : 20 22 93 98 107 115 119 125
SOLUTION:
  Value: -54138.000000
  Assigns: 68 13 86 100 25 9 74 75 9 13 55 95 38 13 40 114 84 38 86 40 119 25 119 68 25 25 38 95 40 55 114 25 58 78 38 119 40 58 38 84 40 86 68 9 38 71 58 13 74 75 95 55 78 74 75 55 68 58 84 25 86 55 74 84 58 86 78 68 68 114 71 71 84 74 86 75 40 71 13 100 84 75 86 95 84 86 86 38 114 40 84 95 58 119 95 95 100 9 119 100 100 13 114 38 55 40 100 71 74 75 114 75 78 25 114 119 9 68 84 119 71 9 86 58 75 119 38 78 40 95 9 95 25 
  Facilities: 18
 9 : 5 8 43 97 116 121 130
 13 : 1 9 13 47 78 101
 25 : 4 21 24 25 31 59 113 132
 38 : 12 17 26 34 38 44 87 103 126
 40 : 14 19 28 36 40 76 89 105 128
 55 : 10 29 51 55 61 104
 58 : 32 37 46 57 64 92 123
 68 : 0 23 42 56 67 68 117
 71 : 45 70 71 77 107 120
 74 : 6 48 53 62 73 108
 75 : 7 49 54 75 81 109 111 124
 78 : 33 52 66 112 127
 84 : 16 39 58 63 72 80 84 90 118
 86 : 2 18 41 60 65 74 82 85 86 122
 95 : 11 27 50 83 91 94 95 129 131
 100 : 3 79 96 99 100 106
 114 : 15 30 69 88 102 110 114
 119 : 20 22 35 93 98 115 119 125
SOLUTION:
  Value: -57129.000000
  Assigns: 68 13 86 100 25 9 74 75 9 13 36 95 38 81 40 114 84 38 86 40 24 25 119 68 36 25 38 95 40 55 24 25 36 78 38 36 40 38 38 84 40 86 68 9 38 9 40 13 74 75 95 55 78 74 75 55 68 78 84 25 24 55 74 84 68 86 78 68 68 114 36 75 84 74 86 75 40 81 78 100 84 75 86 95 84 36 86 81 114 24 84 95 86 119 95 95 100 9 119 100 100 13 114 38 55 40 100 119 74 75 114 75 24 25 114 81 9 68 84 119 13 9 86 74 75 119 38 78 40 95 81 24 25 
  Facilities: 19
 9 : 5 8 43 45 97 116 121
 13 : 1 9 47 101 120
 24 : 20 30 60 89 112 131
 25 : 4 21 25 31 59 113 132
 36 : 10 24 32 35 70 85
 38 : 12 17 26 34 37 38 44 103 126
 40 : 14 19 28 36 40 46 76 105 128
 55 : 29 51 55 61 104
 68 : 0 23 42 56 64 67 68 117
 74 : 6 48 53 62 73 108 123
 75 : 7 49 54 71 75 81 109 111 124
 78 : 33 52 57 66 78 127
 81 : 13 77 87 115 130
 84 : 16 39 58 63 72 80 84 90 118
 86 : 2 18 41 65 74 82 86 92 122
 95 : 11 27 50 83 91 94 95 129
 100 : 3 79 96 99 100 106
 114 : 15 69 88 102 110 114
 119 : 22 93 98 107 119 125
SOLUTION:
  Value: -60118.000000
  Assigns: 68 100 86 100 25 9 74 75 9 9 14 95 38 14 14 114 115 38 115 40 14 25 119 68 25 122 38 95 40 55 114 25 58 78 38 119 40 58 122 65 40 86 68 9 38 71 58 115 14 75 95 55 78 65 75 55 68 78 58 25 86 65 74 75 65 86 78 68 68 114 71 71 38 74 86 75 40 71 78 100 74 75 86 95 78 86 86 38 114 115 25 95 58 119 115 95 122 9 119 100 100 65 14 115 55 40 100 71 74 75 122 75 78 25 114 119 9 68 122 119 71 122 122 58 75 119 14 78 40 95 65 95 25 
  Facilities: 20
 9 : 5 8 9 43 97 116
 14 : 10 13 14 20 48 102 126
 25 : 4 21 24 31 59 90 113 132
 38 : 12 17 26 34 44 72 87
 40 : 19 28 36 40 76 105 128
 55 : 29 51 55 104
 58 : 32 37 46 58 92 123
 65 : 39 53 61 64 101 130
 68 : 0 23 42 56 67 68 117
 71 : 45 70 71 77 107 120
 74 : 6 62 73 80 108
 75 : 7 49 54 63 75 81 109 111 124
 78 : 33 52 57 66 78 84 112 127
 86 : 2 41 60 65 74 82 85 86
 95 : 11 27 50 83 91 95 129 131
 100 : 1 3 79 99 100 106
 114 : 15 30 69 88 114
 115 : 16 18 47 89 94 103
 119 : 22 35 93 98 115 119 125
 122 : 25 38 96 110 118 121 122
SOLUTION:
  Value: -63112.000000
  Assigns: 68 13 2 100 25 9 74 75 9 13 36 95 38 81 113 114 84 38 86 40 24 25 119 68 36 25 38 95 40 113 24 25 36 78 38 36 40 38 38 84 40 86 68 9 38 113 40 13 60 75 95 2 78 74 75 100 60 78 84 25 24 25 74 84 68 86 78 2 113 114 36 75 84 74 86 75 40 81 78 100 84 75 86 95 84 36 86 81 114 24 2 95 113 119 60 95 100 9 119 100 100 13 114 38 68 40 100 119 74 75 114 75 24 25 114 119 9 81 84 119 13 9 86 2 75 119 38 78 40 95 81 24 25 
  Facilities: 21
 2 : 2 51 67 90 123
 9 : 5 8 43 97 116 121
 13 : 1 9 47 101 120
 24 : 20 30 60 89 112 131
 25 : 4 21 25 31 59 61 113 132
 36 : 10 24 32 35 70 85
 38 : 12 17 26 34 37 38 44 103 126
 40 : 19 28 36 40 46 76 105 128
 60 : 48 56 94
 68 : 0 23 42 64 104
 74 : 6 53 62 73 108
 75 : 7 49 54 71 75 81 109 111 124
 78 : 33 52 57 66 78 127
 81 : 13 77 87 117 130
 84 : 16 39 58 63 72 80 84 118
 86 : 18 41 65 74 82 86 122
 95 : 11 27 50 83 91 95 129
 100 : 3 55 79 96 99 100 106
 113 : 14 29 45 68 92
 114 : 15 69 88 102 110 114
 119 : 22 93 98 107 115 119 125
