# Time: 84.260002
# Elapsed: 22.142467
# Input_file: splp/M/P/MP2
# Pool_size: 200
# Iterations: 6
# Final_solutions: 954
# Vision_range: 400
# Reduction_mode: REDUCTION_DISPERSE
# Dissimilitude: DISSIM_MSE
# Facility_dist: FDISMODE_SUMOFDELTAS
SOLUTION:
  Value: -2953.357010
  Assigns: 158 158 128 74 128 158 74 74 169 158 158 74 158 74 128 74 158 43 158 169 74 158 74 128 43 158 128 158 128 169 158 128 43 158 43 169 158 43 43 158 128 158 169 128 169 158 169 169 128 158 128 158 74 169 169 74 158 43 43 158 74 74 128 158 128 158 74 128 169 128 128 158 74 43 43 43 74 74 128 158 128 128 158 43 74 169 158 74 158 169 158 74 74 169 128 169 169 128 169 74 158 128 43 43 158 158 74 169 128 74 74 128 169 158 43 74 158 43 43 43 128 43 169 169 43 158 169 128 128 128 128 74 158 158 128 128 43 43 169 128 74 158 43 169 74 169 128 128 169 74 169 169 158 158 158 43 128 74 128 74 43 158 74 158 158 43 128 43 43 169 43 158 158 158 128 158 169 169 74 128 43 128 74 43 74 43 128 43 169 128 43 158 128 128 43 128 128 43 43 74 
  Facilities: 5
 43 : 17 24 32 34 37 38 57 58 73 74 75 83 102 103 114 117 118 119 121 124 136 137 142 155 160 165 167 168 170 180 183 185 187 190 194 197 198
 74 : 3 6 7 11 13 15 20 22 52 55 60 61 66 72 76 77 84 87 91 92 99 106 109 110 115 131 140 144 149 157 159 162 178 182 184 199
 128 : 2 4 14 23 26 28 31 40 43 48 50 62 64 67 69 70 78 80 81 94 97 101 108 111 120 127 128 129 130 134 135 139 146 147 156 158 166 174 179 181 186 189 192 193 195 196
 158 : 0 1 5 9 10 12 16 18 21 25 27 30 33 36 39 41 45 49 51 56 59 63 65 71 79 82 86 88 90 100 104 105 113 116 125 132 133 141 152 153 154 161 163 164 171 172 173 175 191
 169 : 8 19 29 35 42 44 46 47 53 54 68 85 89 93 95 96 98 107 112 122 123 126 138 143 145 148 150 151 169 176 177 188
SOLUTION:
  Value: -2956.333690
  Assigns: 74 169 169 6 6 6 6 74 67 67 67 74 74 74 6 74 6 43 43 169 67 6 74 169 43 67 67 169 6 169 169 6 6 67 67 67 6 67 43 43 6 6 169 67 169 74 169 169 74 67 6 67 74 169 169 74 6 43 43 74 74 74 6 67 43 67 74 43 169 74 6 67 74 6 43 43 6 6 6 6 74 43 6 67 74 169 67 67 169 67 67 74 74 169 67 169 67 6 169 6 67 6 43 43 67 67 6 67 67 74 67 43 67 169 67 74 6 43 43 43 67 43 169 6 43 6 169 169 67 67 43 6 6 67 74 67 43 43 169 67 74 67 6 169 74 6 169 74 169 74 169 169 6 6 6 43 67 74 43 74 43 67 74 6 6 43 169 43 43 169 43 6 6 6 74 67 169 169 74 43 43 6 6 43 74 6 43 43 169 67 6 6 67 6 43 169 169 43 43 74 
  Facilities: 5
 6 : 3 4 5 6 14 16 21 28 31 32 36 40 41 50 56 62 70 73 76 77 78 79 82 97 99 101 106 116 123 125 131 132 142 145 152 153 154 163 164 171 172 173 181 182 185 190 191 193
 43 : 17 18 24 38 39 57 58 64 67 74 75 81 102 103 111 117 118 119 121 124 130 136 137 155 158 160 165 167 168 170 179 180 183 186 187 194 197 198
 67 : 8 9 10 20 25 26 33 34 35 37 43 49 51 63 65 71 83 86 87 89 90 94 96 100 104 105 107 108 110 112 114 120 128 129 133 135 139 141 156 161 175 189 192
 74 : 0 7 11 12 13 15 22 45 48 52 55 59 60 61 66 69 72 80 84 91 92 109 115 134 140 144 147 149 157 159 162 174 178 184 199
 169 : 1 2 19 23 27 29 30 42 44 46 47 53 54 68 85 88 93 95 98 113 122 126 127 138 143 146 148 150 151 166 169 176 177 188 195 196
SOLUTION:
  Value: -2964.193360
  Assigns: 128 128 78 176 128 176 78 43 78 67 67 176 78 176 128 78 78 43 43 67 176 128 176 78 43 78 176 78 176 78 78 128 43 67 67 67 78 67 176 43 128 176 128 78 176 43 176 67 128 67 128 128 67 67 78 128 176 176 78 78 78 176 78 67 128 67 43 128 128 128 128 67 67 176 43 43 78 67 128 176 128 128 67 67 128 176 78 67 78 67 67 128 43 67 67 43 67 78 67 78 78 176 43 43 67 67 176 67 78 43 67 128 67 67 67 128 176 43 176 43 67 43 78 78 43 67 128 128 67 67 128 67 78 67 78 67 43 78 176 67 176 67 78 78 176 128 128 128 67 78 67 176 128 67 176 78 128 176 128 43 176 67 43 67 176 43 128 43 43 176 43 176 78 78 128 67 67 176 78 128 78 128 176 176 78 67 128 43 176 128 43 78 128 78 176 128 128 78 43 78 
  Facilities: 5
 43 : 7 17 18 24 32 39 45 66 74 75 92 95 102 103 109 117 119 121 124 136 159 162 165 167 168 170 187 190 198
 67 : 9 10 19 33 34 35 37 47 49 52 53 63 65 71 72 77 82 83 87 89 90 93 94 96 98 104 105 107 110 112 113 114 120 125 128 129 131 133 135 139 141 148 150 153 161 163 175 176 185
 78 : 2 6 8 12 15 16 23 25 27 29 30 36 43 54 58 59 60 62 76 86 88 97 99 100 108 122 123 132 134 137 142 143 149 155 172 173 178 180 184 191 193 197 199
 128 : 0 1 4 14 21 31 40 42 48 50 51 55 64 67 68 69 70 78 80 81 84 91 111 115 126 127 130 145 146 147 152 156 158 166 174 179 181 186 189 192 195 196
 176 : 3 5 11 13 20 22 26 28 38 41 44 46 56 57 61 73 79 85 101 106 116 118 138 140 144 151 154 157 160 164 169 171 177 182 183 188 194
SOLUTION:
  Value: -2966.860890
  Assigns: 74 128 78 176 128 176 78 74 78 67 67 176 78 74 128 74 78 74 78 67 176 74 74 78 74 78 176 78 176 78 78 128 128 67 67 67 78 67 176 67 128 176 128 78 176 74 74 67 128 67 128 128 74 67 78 74 74 176 78 78 74 176 78 67 128 67 74 128 128 128 128 67 74 176 67 128 78 67 128 176 128 128 67 67 74 176 78 67 78 67 67 74 74 67 67 128 67 78 67 78 78 176 176 74 67 67 176 67 78 74 67 128 67 67 67 74 176 78 176 78 67 74 78 78 67 67 128 128 67 67 128 67 78 67 78 67 74 78 176 67 74 67 78 74 74 74 128 128 67 74 67 176 128 67 176 78 128 74 128 74 176 67 74 74 176 67 128 78 78 176 128 176 74 78 128 67 67 176 74 128 78 128 176 176 74 67 128 78 176 128 74 78 128 78 176 128 128 78 176 74 
  Facilities: 5
 67 : 9 10 19 33 34 35 37 39 47 49 53 63 65 71 74 77 82 83 87 89 90 93 94 96 98 104 105 107 110 112 113 114 120 124 125 128 129 131 133 135 139 141 148 150 153 161 165 175 176 185
 74 : 0 7 13 15 17 21 22 24 45 46 52 55 56 60 66 72 84 91 92 103 109 115 121 136 140 143 144 145 149 157 159 162 163 172 178 184 190 199
 78 : 2 6 8 12 16 18 23 25 27 29 30 36 43 54 58 59 62 76 86 88 97 99 100 108 117 119 122 123 132 134 137 142 155 167 168 173 180 187 191 193 197
 128 : 1 4 14 31 32 40 42 48 50 51 64 67 68 69 70 75 78 80 81 95 111 126 127 130 146 147 152 156 158 166 170 174 179 181 186 189 192 195 196
 176 : 3 5 11 20 26 28 38 41 44 57 61 73 79 85 101 102 106 116 118 138 151 154 160 164 169 171 177 182 183 188 194 198
SOLUTION:
  Value: -2972.636740
  Assigns: 128 178 178 176 128 176 178 43 67 67 67 176 43 178 128 176 176 43 43 67 176 178 176 128 43 178 176 178 176 128 128 128 178 178 67 67 176 67 176 43 128 176 128 128 176 43 176 67 178 67 128 128 67 178 43 128 178 176 43 176 178 176 128 67 128 67 43 128 128 128 178 67 67 176 178 43 178 67 128 176 128 128 178 67 178 176 178 67 178 67 67 178 43 67 67 43 67 176 67 43 178 176 43 43 67 67 178 67 67 178 67 128 67 67 67 128 176 43 176 178 67 43 43 178 43 67 178 128 67 67 128 67 176 67 128 67 43 178 176 67 176 67 178 178 178 178 128 128 67 67 67 176 128 178 176 43 128 176 128 178 176 67 43 67 178 43 128 43 43 176 43 176 43 128 128 67 67 176 128 128 178 128 178 176 178 178 128 43 176 128 43 43 128 176 176 128 128 178 43 43 
  Facilities: 5
 43 : 7 12 17 18 24 39 45 54 58 66 75 92 95 99 102 103 117 121 122 124 136 155 162 165 167 168 170 172 187 190 191 198 199
 67 : 8 9 10 19 34 35 37 47 49 52 63 65 71 72 77 83 87 89 90 93 94 96 98 104 105 107 108 110 112 113 114 120 125 128 129 131 133 135 139 141 148 149 150 161 163 175 176
 128 : 0 4 14 23 29 30 31 40 42 43 50 51 55 62 64 67 68 69 78 80 81 111 115 127 130 134 146 147 152 156 158 166 173 174 178 179 181 186 189 192 195 196
 176 : 3 5 11 15 16 20 22 26 28 36 38 41 44 46 57 59 61 73 79 85 97 101 116 118 132 138 140 151 154 157 160 169 171 177 183 188 193 194
 178 : 1 2 6 13 21 25 27 32 33 48 53 56 60 70 74 76 82 84 86 88 91 100 106 109 119 123 126 137 142 143 144 145 153 159 164 180 182 184 185 197
SOLUTION:
  Value: -2973.398130
  Assigns: 128 128 78 176 128 176 78 176 78 67 67 176 78 176 128 78 78 176 78 67 176 128 176 78 67 78 176 78 176 78 78 128 128 67 67 67 78 67 176 67 128 176 128 78 176 128 176 67 128 67 128 128 67 67 78 128 176 176 78 78 78 176 78 67 128 67 128 128 128 128 128 67 67 176 67 128 78 67 128 176 128 128 67 67 128 176 78 67 78 67 67 128 128 67 67 128 67 78 67 78 78 176 176 176 67 67 176 67 78 176 67 128 67 67 67 128 176 78 176 78 67 176 78 78 67 67 128 128 67 67 128 67 78 67 78 67 128 78 176 67 176 67 78 78 176 128 128 128 67 78 67 176 128 67 176 78 128 176 128 67 176 67 78 67 176 67 128 78 78 176 128 176 78 78 128 67 67 176 78 128 78 128 176 176 78 67 128 78 176 128 176 78 128 78 176 128 128 78 176 78 
  Facilities: 4
 67 : 9 10 19 24 33 34 35 37 39 47 49 52 53 63 65 71 72 74 77 82 83 87 89 90 93 94 96 98 104 105 107 110 112 113 114 120 124 125 128 129 131 133 135 139 141 148 150 153 159 161 163 165 175 176 185
 78 : 2 6 8 12 15 16 18 23 25 27 29 30 36 43 54 58 59 60 62 76 86 88 97 99 100 108 117 119 122 123 132 134 137 142 143 149 155 162 167 168 172 173 178 180 184 187 191 193 197 199
 128 : 0 1 4 14 21 31 32 40 42 45 48 50 51 55 64 66 67 68 69 70 75 78 80 81 84 91 92 95 111 115 126 127 130 136 145 146 147 152 156 158 166 170 174 179 181 186 189 192 195 196
 176 : 3 5 7 11 13 17 20 22 26 28 38 41 44 46 56 57 61 73 79 85 101 102 103 106 109 116 118 121 138 140 144 151 154 157 160 164 169 171 177 182 183 188 190 194 198
SOLUTION:
  Value: -2987.600770
  Assigns: 151 169 169 69 69 151 151 74 151 169 169 74 69 74 151 74 151 43 43 169 69 69 69 151 43 151 69 169 69 169 69 43 43 69 151 169 43 43 43 43 69 69 169 74 169 74 169 169 69 151 74 151 74 169 169 74 151 43 43 151 151 74 151 151 43 43 74 151 69 74 74 69 69 43 69 43 151 151 69 69 69 151 74 43 74 169 74 69 151 151 69 69 74 169 43 169 169 151 169 74 74 151 43 43 69 151 74 69 169 74 69 43 151 169 43 74 43 43 69 151 69 43 169 169 43 169 169 69 151 69 43 151 151 69 74 151 43 43 69 69 74 169 43 169 74 69 169 74 169 74 169 69 151 69 69 43 169 74 69 69 43 69 74 74 169 43 169 43 43 169 43 43 74 151 74 69 69 169 74 151 151 69 74 43 74 151 69 43 169 169 151 69 151 151 43 169 169 151 43 74 
  Facilities: 5
 43 : 17 18 24 31 32 36 37 38 39 57 58 64 65 73 75 83 94 102 103 111 114 116 117 121 124 130 136 137 142 155 160 165 167 168 170 171 183 187 194 198
 69 : 3 4 12 20 21 22 26 28 30 33 40 41 48 68 71 72 74 78 79 80 87 90 91 104 107 110 118 120 127 129 133 138 139 145 151 153 154 158 159 161 175 176 181 186 191
 74 : 7 11 13 15 43 45 50 52 55 61 66 69 70 82 84 86 92 99 100 106 109 115 134 140 144 147 149 157 162 163 172 174 178 182 184 199
 151 : 0 5 6 8 14 16 23 25 34 49 51 56 59 60 62 63 67 76 77 81 88 89 97 101 105 112 119 128 131 132 135 152 173 179 180 185 190 192 193 197
 169 : 1 2 9 10 19 27 29 35 42 44 46 47 53 54 85 93 95 96 98 108 113 122 123 125 126 141 143 146 148 150 156 164 166 169 177 188 189 195 196
SOLUTION:
  Value: -2988.509540
  Assigns: 165 176 78 176 67 176 78 74 78 67 67 176 78 74 165 74 78 74 165 165 176 165 74 78 74 78 176 165 176 78 78 176 176 67 67 67 78 67 165 67 165 176 165 78 176 74 165 165 74 67 78 67 74 67 78 74 74 176 78 78 74 176 78 67 67 67 74 165 74 74 74 67 74 176 165 78 78 67 165 176 74 165 67 67 74 176 78 67 78 67 67 165 74 67 67 165 67 78 67 78 165 176 176 74 67 67 176 67 78 74 67 74 67 67 67 74 176 78 176 78 67 165 78 165 67 67 165 176 67 67 176 67 78 67 78 67 74 78 165 67 74 67 78 74 74 165 165 165 67 74 67 176 78 67 176 78 78 165 78 74 176 67 74 74 176 67 165 78 165 176 78 176 74 78 74 67 67 165 74 165 78 176 176 176 74 67 165 165 176 67 74 78 165 165 176 78 176 78 176 74 
  Facilities: 5
 67 : 4 9 10 33 34 35 37 39 49 51 53 63 64 65 71 77 82 83 87 89 90 93 94 96 98 104 105 107 110 112 113 114 120 124 125 128 129 131 133 135 139 141 148 150 153 161 165 175 176 185 189
 74 : 7 13 15 17 22 24 45 48 52 55 56 60 66 68 69 70 72 80 84 92 103 109 111 115 136 140 143 144 149 159 162 163 172 174 178 184 190 199
 78 : 2 6 8 12 16 23 25 29 30 36 43 50 54 58 59 62 75 76 86 88 97 99 108 117 119 122 132 134 137 142 152 155 156 158 167 170 173 180 191 195 197
 165 : 0 14 18 19 21 27 38 40 42 46 47 67 74 78 81 91 95 100 121 123 126 138 145 146 147 157 166 168 177 179 186 187 192 193
 176 : 1 3 5 11 20 26 28 31 32 41 44 57 61 73 79 85 101 102 106 116 118 127 130 151 154 160 164 169 171 181 182 183 188 194 196 198
SOLUTION:
  Value: -2991.359660
  Assigns: 165 78 78 165 67 78 78 74 78 67 67 74 78 74 165 74 78 43 165 165 67 165 74 78 43 78 67 165 165 78 78 165 43 67 67 67 78 67 165 43 165 74 165 78 165 74 165 165 74 67 78 67 74 67 78 74 74 43 78 78 74 78 78 67 43 67 74 165 74 74 74 67 74 78 165 43 78 67 165 74 74 165 67 67 74 74 78 67 78 67 67 165 74 67 67 43 67 78 67 78 165 165 43 43 67 67 74 67 78 74 67 43 67 67 67 74 78 43 78 43 67 43 78 165 43 67 165 74 67 67 43 67 78 67 78 67 43 78 165 67 74 67 78 74 74 165 165 165 67 74 67 165 78 67 165 78 78 165 43 74 43 67 74 74 74 43 165 43 43 43 43 165 74 78 74 67 67 165 74 43 78 165 67 43 74 67 165 43 78 67 43 78 165 165 43 78 74 78 43 74 
  Facilities: 5
 43 : 17 24 32 39 57 64 75 95 102 103 111 117 119 121 124 130 136 158 160 165 167 168 169 170 179 183 187 190 194 198
 67 : 4 9 10 20 26 33 34 35 37 49 51 53 63 65 71 77 82 83 87 89 90 93 94 96 98 104 105 107 110 112 113 114 120 125 128 129 131 133 135 139 141 148 150 153 161 175 176 182 185 189
 74 : 7 11 13 15 22 41 45 48 52 55 56 60 66 68 69 70 72 79 80 84 85 92 106 109 115 127 140 143 144 149 159 162 163 164 172 174 178 184 196 199
 78 : 1 2 5 6 8 12 16 23 25 29 30 36 43 50 54 58 59 61 62 73 76 86 88 97 99 108 116 118 122 132 134 137 142 152 155 156 173 180 188 191 195 197
 165 : 0 3 14 18 19 21 27 28 31 38 40 42 44 46 47 67 74 78 81 91 100 101 123 126 138 145 146 147 151 154 157 166 171 177 181 186 192 193
SOLUTION:
  Value: -2991.562470
  Assigns: 74 128 128 6 128 6 6 74 169 6 169 74 74 74 6 74 6 43 43 169 6 6 74 128 43 6 128 169 6 169 128 128 6 6 43 169 6 43 43 43 128 6 169 128 169 74 169 169 128 169 128 128 74 169 169 74 6 43 43 74 74 74 128 6 128 43 74 128 169 128 6 169 74 6 43 43 6 6 6 6 128 128 6 43 74 169 128 6 169 169 6 74 74 169 128 169 169 6 169 6 74 6 43 43 43 169 6 169 128 74 74 128 169 169 43 74 6 43 43 43 128 43 169 6 43 6 169 128 6 128 128 6 128 169 128 128 43 43 169 128 74 169 6 169 74 6 128 128 169 74 169 169 128 6 6 43 128 74 128 74 43 6 74 6 6 43 128 43 43 169 43 6 6 6 128 128 169 169 74 128 43 128 6 43 74 6 128 43 169 128 6 6 128 6 43 128 128 43 43 74 
  Facilities: 5
 6 : 3 5 6 9 14 16 20 21 25 28 32 33 36 41 56 63 70 73 76 77 78 79 82 87 90 97 99 101 106 116 123 125 128 131 142 145 153 154 161 163 164 171 172 173 182 185 190 191 193
 43 : 17 18 24 34 37 38 39 57 58 65 74 75 83 102 103 104 114 117 118 119 121 124 136 137 155 160 165 167 168 170 180 183 187 194 197 198
 74 : 0 7 11 12 13 15 22 45 52 55 59 60 61 66 72 84 91 92 100 109 110 115 140 144 149 157 159 162 178 184 199
 128 : 1 2 4 23 26 30 31 40 43 48 50 51 62 64 67 69 80 81 86 94 108 111 120 127 129 130 132 134 135 139 146 147 152 156 158 166 174 175 179 181 186 189 192 195 196
 169 : 8 10 19 27 29 35 42 44 46 47 49 53 54 68 71 85 88 89 93 95 96 98 105 107 112 113 122 126 133 138 141 143 148 150 151 169 176 177 188
