# Time: 14696.750000
# Elapsed: 4994.423340
# Input_file: splp/KoerkelGhosh-sym/500/a/gs500a-3
# Pool_size: 200
# Iterations: 61
# Final_solutions: 7835
# Vision_range: 400
# Reduction_mode: REDUCTION_DISPERSE
# Dissimilitude: DISSIM_HAUSDORFF
# Facility_dist: FDISMODE_SUMOFDELTAS
SOLUTION:
  Value: -511166.000000
  Assigns: 412 393 416 420 116 299 364 405 85 455 286 299 358 272 211 376 152 286 368 492 85 278 309 40 243 85 393 66 152 161 116 64 497 299 146 420 16 436 83 172 40 278 268 368 416 331 211 116 146 492 116 400 211 493 211 299 151 300 16 368 211 452 66 300 492 83 66 386 358 64 497 331 222 85 270 364 64 272 16 452 272 211 370 85 248 243 66 364 83 83 393 83 152 270 16 64 376 258 493 286 412 309 358 405 452 222 6 222 152 146 358 497 152 248 307 386 452 161 243 300 83 64 376 161 73 272 455 286 211 270 278 222 286 243 211 309 6 278 436 40 146 85 85 151 380 420 400 497 307 73 492 420 16 376 278 6 270 243 272 368 258 420 497 248 368 493 272 386 405 66 405 268 278 243 172 73 331 380 420 416 364 16 436 255 272 268 268 436 309 172 386 258 400 40 299 16 386 412 400 497 405 493 172 376 455 85 393 364 270 307 286 358 66 393 393 161 368 420 307 368 278 452 258 497 248 73 416 146 248 64 400 420 270 455 420 299 412 452 248 73 370 400 255 85 405 116 6 452 492 211 370 151 386 83 278 393 270 172 222 272 307 83 286 364 211 66 400 66 380 376 258 116 73 416 307 243 116 243 172 243 386 146 299 400 380 146 492 152 493 172 307 358 161 161 6 299 370 380 151 493 331 255 364 452 309 300 272 299 278 452 412 420 172 300 380 370 452 405 492 376 393 455 152 116 309 455 386 146 331 222 66 300 300 243 358 83 272 307 400 416 64 286 309 255 85 380 116 309 16 85 420 364 255 64 270 222 73 116 116 161 405 161 272 286 6 400 299 436 412 258 172 493 386 85 268 268 258 493 16 73 268 151 258 309 386 416 161 393 66 211 268 16 73 255 40 258 146 307 73 376 146 380 380 416 493 436 278 85 412 497 364 161 368 66 307 492 412 370 6 416 151 152 272 151 64 400 40 278 66 416 161 368 416 73 416 452 405 116 368 222 16 497 405 255 286 300 16 66 151 40 400 83 116 492 493 370 6 436 286 493 493 455 300 370 364 222 331 299 268 309 307 16 300 376 452 268 400 270 436 405 393 452 492 497 416 497 412 64 307 358 455 405 286 299 309 6 436 278 452 492 
  Facilities: 49
 6 : 106 136 155 246 294 364 418 456 495
 16 : 36 58 78 94 152 181 195 348 378 391 440 446 471
 40 : 23 40 139 193 394 426 449
 64 : 31 69 76 95 121 229 340 353 424 487
 66 : 27 62 66 86 169 212 265 267 330 388 413 428 447
 73 : 124 149 175 225 239 272 356 379 392 398 433
 83 : 38 65 88 89 91 120 253 261 335 451
 85 : 8 20 25 73 83 141 142 205 243 344 349 373 407
 116 : 4 30 47 50 245 271 276 323 346 357 358 437 452
 146 : 34 48 109 140 227 281 285 327 396 400
 151 : 56 143 251 298 381 420 423 448
 152 : 16 28 92 108 112 287 322 421
 161 : 29 117 123 215 292 293 359 361 386 411 430
 172 : 39 174 189 202 257 278 289 312 370
 211 : 14 46 52 54 60 81 128 134 249 264 389
 222 : 72 105 107 131 258 329 355 439 465
 243 : 24 85 118 133 157 173 275 277 279 333
 248 : 84 113 163 224 228 238
 255 : 183 242 301 343 352 393 443
 258 : 97 160 191 222 270 369 376 382 395
 268 : 42 171 185 186 374 375 380 390 468 475
 270 : 74 93 129 156 208 232 256 354 477
 272 : 13 77 80 125 158 166 184 259 306 336 362 422
 278 : 21 41 130 137 154 172 220 254 308 406 427 497
 286 : 10 17 99 127 132 210 262 341 363 444 458 492
 299 : 5 11 33 55 194 235 282 295 307 366 467 493
 300 : 57 63 119 305 313 331 332 445 462 472
 307 : 114 148 209 218 260 274 290 337 397 414 470 488
 309 : 22 101 135 188 304 324 342 347 383 469 494
 331 : 45 71 176 300 328 466
 358 : 12 68 102 110 211 291 334 489
 364 : 6 75 87 180 207 263 302 351 410 464
 368 : 18 43 59 159 164 216 219 412 431 438
 370 : 82 240 250 296 315 417 455 463
 376 : 15 96 122 153 203 269 319 399 473
 380 : 144 177 268 284 297 314 345 401 402
 386 : 67 115 167 190 196 252 280 326 372 384
 393 : 1 26 90 206 213 214 255 320 387 480
 400 : 51 146 192 198 230 241 266 283 338 365 425 450 476
 405 : 7 103 168 170 200 244 317 360 436 442 479 491
 412 : 0 100 197 236 310 368 408 416 486
 416 : 2 44 179 226 273 339 385 403 419 429 432 434 484
 420 : 3 35 145 151 161 178 217 231 234 311 350
 436 : 37 138 182 187 367 405 457 478 496
 452 : 61 79 104 116 221 237 247 303 309 316 435 474 481 498
 455 : 9 126 204 233 321 325 461 490
 492 : 19 49 64 150 248 286 318 415 453 482 499
 493 : 53 98 165 201 288 299 371 377 404 454 459 460
 497 : 32 70 111 147 162 199 223 409 441 483 485
SOLUTION:
  Value: -511169.000000
  Assigns: 412 393 416 420 116 89 364 37 85 455 286 299 358 272 211 376 152 286 368 492 85 278 309 40 109 85 393 66 152 161 116 64 497 299 146 420 16 436 83 331 40 278 109 368 416 331 211 116 89 492 116 400 211 493 211 299 151 300 16 368 211 452 66 300 492 83 66 386 358 64 37 331 222 85 270 364 64 272 16 452 272 37 370 85 248 243 66 364 83 83 393 83 152 270 16 64 376 258 493 286 412 309 358 262 452 222 6 222 152 146 358 497 152 248 307 386 452 161 243 300 83 64 376 262 73 272 455 286 211 270 262 222 286 243 211 309 6 278 436 262 146 85 85 151 380 420 109 497 307 73 492 420 16 376 278 6 270 243 272 368 258 420 497 248 368 493 272 386 109 109 412 268 278 243 262 73 331 380 420 416 364 16 436 255 272 268 268 436 309 262 386 89 400 40 299 16 386 89 400 497 393 493 299 376 455 85 37 364 270 307 286 358 66 393 393 161 368 420 307 368 37 452 258 497 248 73 416 146 248 64 400 420 270 455 420 299 412 109 248 73 370 400 255 85 364 116 6 452 492 211 370 151 386 83 278 393 270 386 222 272 307 83 286 364 211 66 400 66 380 109 258 116 73 416 307 243 116 243 497 243 386 146 37 400 380 146 492 152 493 83 307 358 161 161 6 299 370 380 151 493 331 255 364 452 309 300 272 299 278 452 412 420 255 300 380 370 452 452 492 376 393 455 152 116 309 455 386 146 331 222 66 300 300 243 358 83 272 307 400 416 64 286 309 255 85 380 116 309 16 85 420 364 255 64 270 222 73 116 116 161 89 161 272 286 6 109 299 436 412 258 455 493 386 85 268 268 258 493 16 73 268 151 258 309 386 416 161 393 37 211 268 16 73 255 40 258 146 307 73 376 146 380 380 416 493 436 278 85 109 497 364 161 368 66 307 492 412 370 6 416 151 152 272 151 64 400 40 278 66 416 161 109 416 73 416 452 37 116 368 89 16 497 412 255 286 300 16 66 151 40 400 83 116 492 493 370 6 262 286 493 89 455 300 370 364 222 262 299 89 309 307 16 300 376 452 268 400 270 436 300 393 452 492 497 416 497 412 64 307 358 455 37 286 299 309 6 436 278 452 492 
  Facilities: 51
 6 : 106 136 155 246 294 364 418 456 495
 16 : 36 58 78 94 152 181 195 348 378 391 440 446 471
 37 : 7 70 81 206 220 282 388 436 491
 40 : 23 40 193 394 426 449
 64 : 31 69 76 95 121 229 340 353 424 487
 66 : 27 62 66 86 212 265 267 330 413 428 447
 73 : 124 149 175 225 239 272 356 379 392 398 433
 83 : 38 65 88 89 91 120 253 261 289 335 451
 85 : 8 20 25 73 83 141 142 205 243 344 349 373 407
 89 : 5 48 191 197 360 439 460 468
 109 : 24 42 146 168 169 237 269 365 408 431
 116 : 4 30 47 50 245 271 276 323 346 357 358 437 452
 146 : 34 109 140 227 281 285 327 396 400
 151 : 56 143 251 298 381 420 423 448
 152 : 16 28 92 108 112 287 322 421
 161 : 29 117 215 292 293 359 361 386 411 430
 211 : 14 46 52 54 60 128 134 249 264 389
 222 : 72 105 107 131 258 329 355 465
 243 : 85 118 133 157 173 275 277 279 333
 248 : 84 113 163 224 228 238
 255 : 183 242 301 312 343 352 393 443
 258 : 97 160 222 270 369 376 382 395
 262 : 103 123 130 139 174 189 457 466
 268 : 171 185 186 374 375 380 390 475
 270 : 74 93 129 156 208 232 256 354 477
 272 : 13 77 80 125 158 166 184 259 306 336 362 422
 278 : 21 41 137 154 172 254 308 406 427 497
 286 : 10 17 99 127 132 210 262 341 363 444 458 492
 299 : 11 33 55 194 202 235 295 307 366 467 493
 300 : 57 63 119 305 313 331 332 445 462 472 479
 307 : 114 148 209 218 260 274 290 337 397 414 470 488
 309 : 22 101 135 188 304 324 342 347 383 469 494
 331 : 39 45 71 176 300 328
 358 : 12 68 102 110 211 291 334 489
 364 : 6 75 87 180 207 244 263 302 351 410 464
 368 : 18 43 59 159 164 216 219 412 438
 370 : 82 240 250 296 315 417 455 463
 376 : 15 96 122 153 203 319 399 473
 380 : 144 177 268 284 297 314 345 401 402
 386 : 67 115 167 190 196 252 257 280 326 372 384
 393 : 1 26 90 200 213 214 255 320 387 480
 400 : 51 192 198 230 241 266 283 338 425 450 476
 412 : 0 100 170 236 310 368 416 442 486
 416 : 2 44 179 226 273 339 385 403 419 429 432 434 484
 420 : 3 35 145 151 161 178 217 231 234 311 350
 436 : 37 138 182 187 367 405 478 496
 452 : 61 79 104 116 221 247 303 309 316 317 435 474 481 498
 455 : 9 126 204 233 321 325 370 461 490
 492 : 19 49 64 150 248 286 318 415 453 482 499
 493 : 53 98 165 201 288 299 371 377 404 454 459
 497 : 32 111 147 162 199 223 278 409 441 483 485
SOLUTION:
  Value: -511175.000000
  Assigns: 412 393 262 420 116 299 364 56 85 395 286 299 449 272 497 376 152 286 368 115 85 278 309 47 243 85 393 66 152 161 116 64 497 299 146 420 16 436 83 395 449 278 268 368 16 146 16 116 146 47 116 400 6 493 287 299 449 300 16 368 412 452 66 300 121 83 66 115 258 395 121 374 222 85 272 287 64 272 16 452 374 287 370 85 121 243 66 364 83 83 393 83 287 300 16 64 376 258 299 286 412 309 66 262 452 222 6 222 152 146 286 497 152 264 307 300 47 161 243 300 287 64 376 262 73 272 47 286 115 449 262 222 286 243 271 309 6 278 436 262 146 85 85 367 278 420 400 497 307 73 367 420 16 376 278 6 47 243 56 368 258 420 497 420 368 493 287 115 121 66 412 268 278 367 262 73 6 271 420 374 364 16 436 255 272 268 268 436 309 262 121 258 400 47 56 16 6 412 400 374 393 493 299 376 395 85 393 364 64 307 264 264 66 393 393 161 368 420 307 368 278 452 258 497 6 287 262 264 412 64 400 420 287 272 420 299 412 115 367 73 370 400 255 85 364 116 6 452 47 309 370 393 255 83 278 393 287 393 222 272 307 83 286 364 449 66 400 66 374 376 258 116 73 271 307 243 47 243 497 243 116 146 449 400 56 146 262 152 493 83 307 412 161 161 6 299 370 368 376 493 300 255 364 449 309 300 449 299 278 452 412 420 255 300 56 370 452 287 47 376 393 66 152 116 309 271 493 146 412 222 66 300 449 243 449 83 272 56 264 370 64 286 309 255 374 258 116 309 16 85 420 364 255 64 393 222 73 367 116 161 449 161 272 286 6 400 299 436 412 258 452 367 393 85 268 121 258 493 16 73 268 367 264 309 370 161 115 393 278 66 268 16 73 255 287 258 146 307 73 376 146 307 83 287 493 436 278 264 121 497 364 161 368 66 307 374 412 370 6 152 161 152 56 364 64 400 395 278 374 364 161 368 436 73 287 452 367 116 368 264 16 497 47 255 286 300 16 66 272 56 400 83 116 374 493 370 6 262 374 493 493 64 271 370 364 222 262 299 268 309 307 16 300 376 452 268 400 121 436 56 287 452 299 497 258 497 412 64 307 374 278 395 286 299 309 6 436 278 452 258 
  Facilities: 47
 6 : 52 106 136 155 176 196 224 246 294 364 418 456 495
 16 : 36 44 46 58 78 94 152 181 195 348 378 391 440 446 471
 47 : 23 49 116 126 156 193 248 276 318 442
 56 : 7 158 194 284 314 337 422 449 479
 64 : 31 76 95 121 208 229 340 353 424 461 487
 66 : 27 62 66 86 102 169 212 265 267 321 330 389 413 447
 73 : 124 149 175 239 272 356 379 392 398 433
 83 : 38 65 88 89 91 253 261 289 335 402 451
 85 : 8 20 25 73 83 141 142 205 243 349 373
 115 : 19 67 128 167 237 386
 116 : 4 30 47 50 245 271 280 323 346 358 437 452
 121 : 64 70 84 168 190 375 408 477
 146 : 34 45 48 109 140 281 285 327 396 400
 152 : 16 28 108 112 287 322 419 421
 161 : 29 117 215 292 293 359 361 385 411 420 430
 222 : 72 105 107 131 258 329 355 465
 243 : 24 85 118 133 157 275 277 279 333
 255 : 183 242 252 301 312 343 352 393 443
 258 : 68 97 160 191 222 270 345 369 376 395 484 499
 262 : 2 103 123 130 139 174 189 226 286 457 466
 264 : 113 210 211 227 338 382 407 439
 268 : 42 171 185 186 374 380 390 468 475
 271 : 134 177 273 325 462
 272 : 13 74 77 125 184 233 259 336 362 448
 278 : 21 41 137 144 154 172 220 254 308 388 406 427 490 497
 286 : 10 17 99 110 127 132 262 341 363 444 492
 287 : 54 75 81 92 120 166 225 232 256 317 394 403 434 480
 299 : 5 11 33 55 98 202 235 295 307 366 467 482 493
 300 : 57 63 93 115 119 300 305 313 331 445 472
 307 : 114 148 209 218 260 274 290 397 401 414 470 488
 309 : 22 101 135 188 249 304 324 342 347 383 469 494
 364 : 6 87 180 207 244 263 302 351 410 423 429 464
 367 : 143 150 173 238 357 371 381 436
 368 : 18 43 59 159 164 216 219 297 412 431 438
 370 : 82 240 250 296 315 339 384 417 455 463
 374 : 71 80 179 199 268 344 415 428 453 458 489
 376 : 15 96 122 153 203 269 298 319 399 473
 393 : 1 26 90 200 206 213 214 251 255 257 320 354 372 387
 395 : 9 39 69 204 426 491
 400 : 51 146 192 198 230 241 266 283 365 425 450 476
 412 : 0 60 100 170 197 228 236 291 310 328 368 416 486
 420 : 3 35 145 151 161 163 178 217 231 234 311 350
 436 : 37 138 182 187 367 405 432 478 496
 449 : 12 40 56 129 264 282 303 306 332 334 360
 452 : 61 79 104 221 247 309 316 370 435 474 481 498
 493 : 53 165 201 288 299 326 377 404 454 459 460
 497 : 14 32 111 147 162 223 278 409 441 483 485
SOLUTION:
  Value: -511177.000000
  Assigns: 412 393 416 420 116 89 364 37 85 455 286 384 456 272 211 64 195 286 368 492 85 493 195 420 109 85 393 66 268 161 116 64 54 299 146 420 16 436 83 172 195 492 109 368 416 146 211 116 89 492 116 400 211 493 211 299 151 300 16 368 211 452 66 300 492 83 66 54 258 195 37 384 222 85 272 364 64 384 16 452 272 287 370 85 27 73 66 364 83 83 393 83 287 300 16 64 27 195 493 286 412 309 66 66 452 222 6 222 309 146 286 309 172 456 307 195 452 161 109 300 287 64 400 161 73 272 455 286 211 116 384 222 286 393 211 309 6 54 436 27 146 85 85 151 380 420 109 85 307 73 492 420 16 6 83 6 492 287 272 368 258 420 37 420 368 384 287 456 109 109 412 268 222 364 172 73 6 380 420 416 364 16 436 255 272 268 268 436 309 172 297 89 400 287 299 16 6 89 400 54 393 493 172 300 455 85 37 364 64 307 286 54 66 393 393 161 368 420 307 368 37 452 258 37 6 287 416 146 412 64 54 420 195 455 420 299 412 109 37 73 370 400 255 85 364 116 6 452 492 211 370 151 255 83 195 393 287 172 222 272 307 83 286 364 211 66 400 66 380 109 258 116 73 416 307 493 116 195 172 300 116 146 297 400 380 146 492 54 493 172 307 412 27 161 6 299 370 380 151 493 27 255 364 452 309 300 272 299 307 452 412 420 172 300 380 370 172 287 492 400 393 455 297 116 309 455 493 146 412 222 66 300 456 456 27 83 272 307 297 416 64 286 309 255 85 54 116 309 16 85 420 364 255 64 393 222 73 116 116 161 89 161 272 286 6 109 299 436 412 258 172 384 393 85 268 27 258 493 16 73 268 151 258 309 456 416 161 393 37 211 268 16 73 255 287 258 146 307 73 307 146 380 380 287 493 436 54 85 109 161 364 161 368 66 307 492 412 370 6 416 151 258 272 151 64 400 370 380 66 416 161 109 416 73 287 452 37 116 368 89 16 258 412 255 286 300 16 66 151 64 400 83 116 492 493 370 384 436 286 493 89 455 300 370 364 222 456 299 89 195 307 16 300 456 452 384 400 384 436 300 287 452 492 416 416 436 412 64 307 27 455 37 286 299 309 6 436 109 268 492 
  Facilities: 47
 6 : 106 136 153 155 176 196 224 246 294 364 418 495
 16 : 36 58 78 94 152 181 195 348 378 391 440 446 471
 27 : 84 96 139 292 300 334 375 489
 37 : 7 70 162 206 220 223 238 388 436 491
 54 : 32 67 137 199 211 230 287 345 406
 64 : 15 31 76 95 121 208 229 340 353 424 449 487
 66 : 27 62 66 86 102 103 212 265 267 330 413 428 447
 73 : 85 124 149 175 239 272 356 379 392 398 433
 83 : 38 65 88 89 91 154 253 261 335 451
 85 : 8 20 25 73 83 141 142 147 205 243 344 349 373 407
 89 : 5 48 191 197 360 439 460 468
 109 : 24 42 118 146 168 169 237 269 365 408 431 497
 116 : 4 30 47 50 129 245 271 276 280 323 346 357 358 437 452
 146 : 34 45 109 140 227 281 285 327 396 400
 151 : 56 143 251 298 381 420 423 448
 161 : 29 117 123 215 293 359 361 386 409 411 430
 172 : 39 112 174 189 202 257 278 289 312 316 370
 195 : 16 22 40 69 97 115 232 254 277 469
 211 : 14 46 52 54 60 128 134 249 264 389
 222 : 72 105 107 131 172 258 329 355 465
 255 : 183 242 252 301 343 352 393 443
 258 : 68 160 222 270 369 376 382 395 421 441
 268 : 28 171 185 186 374 380 390 498
 272 : 13 74 80 125 158 184 259 306 336 362 422
 286 : 10 17 99 110 127 132 210 262 341 363 444 458 492
 287 : 81 92 120 157 166 193 225 256 317 394 403 434 480
 297 : 190 282 322 338
 299 : 33 55 194 235 295 307 366 467 493
 300 : 57 63 93 119 203 279 305 313 331 445 462 472 479
 307 : 114 148 209 218 260 274 290 308 337 397 399 414 470 488
 309 : 101 108 111 135 188 304 324 342 347 383 494
 364 : 6 75 87 173 180 207 244 263 302 351 410 464
 368 : 18 43 59 159 164 216 219 412 438
 370 : 82 240 250 296 315 417 426 455 463
 380 : 144 177 268 284 297 314 401 402 427
 384 : 11 71 77 130 165 371 456 475 477
 393 : 1 26 90 133 200 213 214 255 320 354 372 387
 400 : 51 122 192 198 241 266 283 319 425 450 476
 412 : 0 100 170 228 236 291 310 328 368 416 442 486
 416 : 2 44 179 226 273 339 385 419 429 432 483 484
 420 : 3 23 35 145 151 161 163 178 217 231 234 311 350
 436 : 37 138 182 187 367 405 457 478 485 496
 452 : 61 79 104 116 221 247 303 309 435 474 481
 455 : 9 126 204 233 321 325 461 490
 456 : 12 113 167 332 333 384 466 473
 492 : 19 41 49 64 150 156 248 286 318 415 453 482 499
 493 : 21 53 98 201 275 288 299 326 377 404 454 459
SOLUTION:
  Value: -511194.000000
  Assigns: 412 393 416 420 116 89 364 37 85 252 286 384 456 272 211 64 195 286 146 492 85 493 195 47 109 85 393 66 268 161 116 64 54 299 146 420 16 436 83 172 195 492 109 16 416 146 211 116 89 47 116 400 211 493 211 299 151 300 16 332 211 89 66 300 492 83 66 163 258 195 332 384 222 85 272 364 64 384 16 309 163 287 370 85 27 73 66 364 83 83 393 83 287 300 16 64 27 195 493 286 412 309 66 252 252 222 6 222 309 146 406 309 172 456 143 195 47 161 252 300 287 64 400 161 73 272 47 286 211 116 384 222 286 393 211 309 6 54 436 27 146 85 85 151 380 420 109 406 307 73 492 420 16 143 83 6 47 287 272 143 143 420 37 420 143 384 287 456 109 109 412 268 222 364 172 73 6 380 420 416 364 16 436 255 272 268 268 436 309 172 406 89 400 47 299 16 6 89 400 54 332 493 172 300 406 85 37 364 64 307 286 54 66 393 393 161 6 420 307 195 37 143 258 37 6 287 416 146 412 64 54 420 195 272 420 299 412 109 37 73 370 400 255 85 364 116 6 163 47 211 370 151 255 83 195 393 287 172 222 272 307 83 286 364 211 66 400 66 380 109 258 116 73 416 307 493 47 195 172 300 116 146 37 400 380 146 492 54 493 172 307 412 27 161 6 299 370 380 151 493 27 255 364 406 309 300 272 299 307 287 412 420 172 300 380 370 172 287 47 400 393 66 332 163 309 211 493 146 412 222 66 300 456 456 27 83 272 307 400 416 64 286 309 255 85 54 116 309 16 85 420 364 255 163 393 222 73 116 116 161 89 161 272 286 6 163 299 436 412 258 172 384 393 163 268 27 258 493 16 73 268 151 258 309 456 416 161 393 37 211 268 16 143 255 287 258 146 307 73 307 146 380 380 287 493 436 54 85 109 161 364 161 416 66 143 492 412 370 6 416 151 258 272 151 143 400 406 380 332 416 161 109 416 73 287 252 37 116 384 89 16 258 47 255 286 300 252 66 151 64 400 83 116 492 493 370 384 436 406 493 89 64 300 370 364 222 456 299 89 163 307 16 300 456 400 384 400 384 436 300 287 252 492 416 416 436 412 64 307 27 255 37 286 299 309 6 436 109 268 492 
  Facilities: 49
 6 : 106 136 155 176 196 216 224 246 294 364 418 495
 16 : 36 43 58 78 94 152 181 195 348 378 391 440 471
 27 : 84 96 139 292 300 334 375 489
 37 : 7 162 206 220 223 238 282 388 436 491
 47 : 23 49 116 126 156 193 248 276 318 442
 54 : 32 137 199 211 230 287 345 406
 64 : 15 31 76 95 121 208 229 340 449 461 487
 66 : 27 62 66 86 102 212 265 267 321 330 413 447
 73 : 85 124 149 175 239 272 356 379 398 433
 83 : 38 65 88 89 91 154 253 261 335 451
 85 : 8 20 25 73 83 141 142 205 243 344 349 407
 89 : 5 48 61 191 197 360 439 460 468
 109 : 24 42 146 168 169 237 269 408 431 497
 116 : 4 30 47 50 129 245 271 280 346 357 358 437 452
 143 : 114 153 159 160 164 221 392 414 424
 146 : 18 34 45 109 140 227 281 285 327 396 400
 151 : 56 143 251 298 381 420 423 448
 161 : 29 117 123 215 293 359 361 386 409 411 430
 163 : 67 80 247 323 353 365 373 469
 172 : 39 112 174 189 202 257 278 289 312 316 370
 195 : 16 22 40 69 97 115 219 232 254 277
 211 : 14 46 52 54 60 128 134 249 264 325 389
 222 : 72 105 107 131 172 258 329 355 465
 252 : 9 103 104 118 435 446 481
 255 : 183 242 252 301 343 352 393 443 490
 258 : 68 222 270 369 376 382 395 421 441
 268 : 28 171 185 186 374 380 390 498
 272 : 13 74 125 158 184 233 259 306 336 362 422
 286 : 10 17 99 127 132 210 262 341 363 444 492
 287 : 81 92 120 157 166 225 256 309 317 394 403 434 480
 299 : 33 55 194 235 295 307 366 467 493
 300 : 57 63 93 119 203 279 305 313 331 445 462 472 479
 307 : 148 209 218 260 274 290 308 337 397 399 470 488
 309 : 79 101 108 111 135 188 304 324 342 347 383 494
 332 : 59 70 200 322 428
 364 : 6 75 87 173 180 207 244 263 302 351 410 464
 370 : 82 240 250 296 315 417 455 463
 380 : 144 177 268 284 297 314 401 402 427
 384 : 11 71 77 130 165 371 438 456 475 477
 393 : 1 26 90 133 213 214 255 320 354 372 387
 400 : 51 122 192 198 241 266 283 319 338 425 450 474 476
 406 : 110 147 190 204 303 426 458
 412 : 0 100 170 228 236 291 310 328 368 416 486
 416 : 2 44 179 226 273 339 385 412 419 429 432 483 484
 420 : 3 35 145 151 161 163 178 217 231 234 311 350
 436 : 37 138 182 187 367 405 457 478 485 496
 456 : 12 113 167 332 333 384 466 473
 492 : 19 41 64 150 286 415 453 482 499
 493 : 21 53 98 201 275 288 299 326 377 404 454 459
SOLUTION:
  Value: -511197.000000
  Assigns: 412 393 262 420 116 89 364 455 85 455 286 439 268 272 291 376 152 286 368 492 85 278 309 152 243 85 393 66 152 161 116 64 497 299 439 420 16 436 368 291 116 278 396 368 16 331 16 116 89 492 116 400 6 291 287 299 151 300 16 368 412 452 66 300 492 291 66 115 258 64 291 331 222 85 270 287 64 272 16 452 264 287 370 85 270 243 396 364 300 439 393 396 287 270 16 64 376 258 299 286 412 309 66 262 452 298 6 222 152 497 286 497 152 264 307 476 452 161 243 300 287 64 376 262 73 272 455 286 115 270 262 222 286 243 476 309 6 278 436 262 268 85 85 367 380 439 396 497 307 73 492 420 16 376 278 6 270 243 272 368 258 420 497 420 368 476 287 115 476 66 412 268 278 367 262 73 331 380 420 439 364 16 291 255 272 268 268 436 309 262 396 89 400 287 299 16 6 89 400 497 393 436 299 376 455 85 393 364 270 476 264 264 66 393 393 161 368 420 307 368 278 452 258 497 298 287 262 264 412 64 400 420 270 455 420 299 412 115 367 73 370 400 255 85 364 116 6 452 492 309 370 151 255 309 278 393 287 393 222 272 307 291 286 364 439 66 400 66 380 376 258 116 73 370 307 243 116 243 497 243 116 331 262 400 380 396 492 152 298 331 307 412 161 161 476 299 370 380 151 307 331 255 364 452 309 300 272 299 278 452 412 420 255 300 380 370 452 298 492 376 393 455 152 116 309 455 497 264 331 222 66 300 300 243 367 298 272 396 264 370 64 286 309 255 85 380 116 309 16 85 420 364 255 64 270 222 73 367 291 161 89 161 272 286 6 400 299 436 412 258 455 367 393 396 268 298 258 291 16 73 268 367 264 309 370 298 115 393 66 66 268 16 73 255 298 258 367 307 73 376 476 380 380 287 331 436 278 264 412 497 364 161 368 66 298 492 412 370 6 152 151 152 272 151 64 400 396 278 439 364 161 368 436 73 287 452 367 116 368 264 16 497 412 255 286 300 396 66 151 264 400 309 116 492 492 476 6 262 291 291 89 455 300 370 364 222 262 299 89 309 307 16 300 376 452 268 400 270 439 300 287 452 492 497 258 497 412 64 307 331 455 368 286 299 309 6 436 278 452 492 
  Facilities: 49
 6 : 52 106 136 155 196 246 364 418 456 495
 16 : 36 44 46 58 78 94 152 181 195 348 378 391 440 471
 64 : 31 69 76 95 121 229 340 353 424 487
 66 : 27 62 66 102 169 212 265 267 330 388 389 413 447
 73 : 124 149 175 239 272 356 379 392 398 433
 85 : 8 20 25 73 83 141 142 205 243 344 349
 89 : 5 48 191 197 360 460 468
 115 : 67 128 167 237 386
 116 : 4 30 40 47 50 245 271 276 280 323 346 437 452
 151 : 56 251 298 420 423 448
 152 : 16 23 28 108 112 287 322 419 421
 161 : 29 117 215 292 293 359 361 411 430
 222 : 72 107 131 258 329 355 465
 243 : 24 85 118 133 157 275 277 279 333
 255 : 183 242 252 301 312 343 352 393 443
 258 : 68 97 160 222 270 369 376 395 484
 262 : 2 103 123 130 139 174 189 226 282 457 466
 264 : 80 113 210 211 227 327 338 382 407 439 449
 268 : 12 140 171 185 186 374 380 390 475
 270 : 74 84 93 129 156 208 232 354 477
 272 : 13 77 125 158 184 259 306 336 362 422
 278 : 21 41 137 154 172 220 254 308 406 427 497
 286 : 10 17 99 110 127 132 262 341 363 444 492
 287 : 54 75 81 92 120 166 193 225 256 403 434 480
 291 : 14 39 53 65 70 182 261 358 377 458 459
 298 : 105 224 288 317 335 375 385 394 414
 299 : 33 55 98 194 202 235 295 307 366 467 493
 300 : 57 63 88 119 305 313 331 332 445 462 472 479
 307 : 114 148 218 260 274 290 299 397 470 488
 309 : 22 101 135 188 249 253 304 324 342 347 383 451 469 494
 331 : 45 71 176 281 289 300 328 404 489
 364 : 6 87 180 207 244 263 302 351 410 429 464
 367 : 143 173 238 334 357 371 381 396 436
 368 : 18 38 43 59 159 164 216 219 412 431 438 491
 370 : 82 240 250 273 296 315 339 384 417 463
 376 : 15 96 122 153 203 269 319 399 473
 380 : 144 177 268 284 297 314 345 401 402
 393 : 1 26 90 200 206 213 214 255 257 320 372 387
 396 : 42 86 91 146 190 285 337 373 426 446
 400 : 51 192 198 230 241 266 283 365 425 450 476
 412 : 0 60 100 170 228 236 291 310 368 408 416 442 486
 420 : 3 35 151 161 163 178 217 231 234 311 350
 436 : 37 138 187 201 367 405 432 496
 439 : 11 34 89 145 179 264 428 478
 452 : 61 79 104 116 221 247 303 309 316 435 474 481 498
 455 : 7 9 126 204 233 321 325 370 461 490
 476 : 115 134 165 168 209 294 400 455
 492 : 19 49 64 150 248 286 318 415 453 454 482 499
 497 : 32 109 111 147 162 199 223 278 326 409 441 483 485
SOLUTION:
  Value: -511200.000000
  Assigns: 333 333 416 420 74 89 364 56 193 252 286 260 22 472 294 376 152 286 461 115 294 278 309 47 461 461 472 66 152 161 420 64 193 341 146 420 16 436 368 172 193 278 333 368 416 294 90 193 89 47 22 400 6 493 64 461 194 252 16 368 9 89 66 393 461 252 66 115 339 64 339 193 90 177 270 177 64 307 16 74 163 338 341 89 270 73 66 90 193 278 393 193 152 270 472 64 461 414 493 22 115 309 66 252 252 298 6 278 90 146 74 309 152 22 307 476 47 161 9 115 260 64 376 161 338 476 47 286 90 270 138 252 333 193 476 309 6 177 436 294 146 193 22 414 380 420 400 298 90 73 472 56 16 376 278 6 47 56 56 368 64 420 461 420 368 493 9 115 476 66 16 268 278 177 172 73 6 380 420 341 364 16 436 461 194 268 268 436 309 172 193 89 400 47 56 16 138 89 400 294 393 493 172 376 22 393 393 364 414 476 264 264 341 393 393 161 368 420 307 368 278 74 172 138 341 472 416 341 338 64 400 339 270 380 420 193 138 138 74 73 260 400 47 333 364 22 6 163 47 309 152 393 9 309 278 393 270 461 260 472 307 9 286 138 338 194 400 66 380 376 74 177 73 416 307 493 47 339 172 333 414 146 338 400 380 146 341 152 298 172 307 260 161 161 476 9 341 380 414 493 472 338 364 339 309 333 90 260 278 22 472 420 172 339 193 380 461 298 47 376 393 66 152 163 309 177 493 146 177 138 66 73 333 380 252 9 260 9 264 416 64 286 309 161 6 380 90 309 16 74 420 364 333 163 270 393 73 9 368 161 89 161 89 286 6 163 9 436 22 286 172 177 393 163 268 298 298 493 16 73 268 270 264 309 393 298 115 393 66 338 268 16 73 90 298 9 146 307 73 341 476 380 380 416 493 436 278 264 278 161 364 22 368 66 298 193 339 264 6 414 161 152 56 333 64 400 177 278 66 416 161 368 416 73 416 252 138 194 368 264 16 333 47 74 286 472 252 22 461 56 400 309 309 420 493 461 333 436 194 493 89 64 461 461 364 6 414 194 89 74 307 16 90 376 400 268 400 270 333 56 393 252 341 177 416 436 476 64 307 294 278 177 286 309 309 6 436 278 268 286 
  Facilities: 51
 6 : 52 106 136 155 176 246 344 364 418 465 495
 9 : 60 118 166 252 261 295 335 337 357 366 395
 16 : 36 58 78 152 170 181 195 348 378 391 440 471
 22 : 12 50 99 113 142 204 245 309 368 411 447
 47 : 23 49 116 126 156 193 242 248 276 318 442
 56 : 7 151 157 158 194 422 449 479
 64 : 31 54 69 76 95 121 160 229 340 424 461 487
 66 : 27 62 66 86 102 169 267 321 330 388 413 428
 73 : 85 149 175 239 272 331 356 379 392 398 433
 74 : 4 79 110 221 238 270 349 443 469
 89 : 5 48 61 83 191 197 360 362 460 468
 90 : 46 72 87 108 128 148 306 346 393 472
 115 : 19 67 100 119 167 386
 138 : 130 196 223 236 237 263 329 436
 146 : 34 109 140 281 285 327 396
 152 : 16 28 92 112 250 287 322 421
 161 : 29 117 123 215 292 293 343 359 361 409 420 430
 163 : 80 247 323 353 365 373
 172 : 39 174 189 202 222 278 289 312 370
 177 : 73 75 137 173 271 325 328 371 426 483 491
 193 : 8 32 40 47 71 88 91 133 141 190 235 314 415
 194 : 56 184 265 437 458 467
 252 : 9 57 65 103 104 131 334 435 446 481
 260 : 11 120 240 258 291 307 336
 264 : 210 211 338 382 407 417 439
 268 : 171 185 186 374 380 390 475 498
 270 : 74 84 93 129 232 256 354 381 477
 278 : 21 41 89 107 154 172 220 254 308 406 408 427 490 497
 286 : 10 17 127 262 341 363 369 444 492 499
 294 : 14 20 45 139 199 489
 298 : 105 147 288 317 375 376 385 394 414
 307 : 77 114 218 260 274 290 397 470 488
 309 : 22 101 111 135 188 249 253 304 324 342 347 383 451 452 493 494
 333 : 0 1 42 132 243 279 305 332 352 423 441 456 478
 338 : 81 124 228 264 282 301 389
 339 : 68 70 231 277 303 313 416
 341 : 33 82 179 212 224 227 286 296 399 482
 364 : 6 180 207 244 302 351 410 464
 368 : 38 43 59 159 164 216 219 358 412 431 438
 376 : 15 122 153 203 269 319 473
 380 : 144 177 233 268 284 297 315 333 345 401 402
 393 : 63 90 200 205 206 213 214 251 255 320 355 372 384 387 480
 400 : 51 146 192 198 230 241 266 283 425 450 474 476
 414 : 97 143 208 280 298 419 466
 416 : 2 44 226 273 339 403 429 432 434 484
 420 : 3 30 35 145 161 163 178 217 234 311 350 453
 436 : 37 138 182 187 367 405 457 485 496
 461 : 18 24 25 55 64 96 162 183 257 316 448 455 462 463
 472 : 13 26 94 150 225 259 300 310 445
 476 : 115 125 134 168 209 294 400 486
 493 : 53 98 165 201 275 299 326 377 404 454 459
SOLUTION:
  Value: -511205.000000
  Assigns: 412 393 416 420 445 37 364 37 85 455 286 384 268 272 294 64 44 286 368 492 294 493 309 40 109 85 393 66 268 161 116 64 54 299 439 420 16 436 83 172 40 492 109 368 416 294 16 116 146 492 116 400 6 493 287 299 151 300 16 368 412 452 66 300 492 83 66 115 258 64 37 384 222 85 272 364 64 384 16 452 272 287 370 85 423 73 66 364 83 439 393 83 287 300 16 44 445 258 299 286 412 309 66 66 452 222 6 222 309 146 286 309 172 272 307 476 452 161 109 300 287 64 400 161 73 272 455 286 115 445 384 222 286 393 476 309 6 54 436 40 146 85 445 151 380 439 109 85 307 73 492 420 16 6 83 6 445 287 272 368 258 420 37 420 368 384 287 115 476 423 412 268 222 364 172 73 423 380 420 439 364 16 436 255 272 268 268 436 309 172 445 258 400 40 299 16 6 412 44 54 393 493 172 300 455 85 37 364 423 476 286 54 66 393 393 161 368 420 307 368 37 452 258 37 423 287 416 146 44 64 54 420 287 455 420 299 412 109 37 73 370 400 255 85 364 116 6 452 492 309 370 151 255 83 54 393 287 172 222 272 307 83 286 364 439 66 400 66 380 109 258 116 73 416 307 493 116 423 172 300 116 146 37 400 380 146 492 54 493 172 307 412 161 161 476 299 370 380 151 493 445 255 364 452 309 300 272 299 307 452 412 420 172 300 380 370 423 287 492 400 393 455 423 44 309 455 493 146 412 222 66 300 300 423 445 83 272 307 400 416 64 286 423 255 423 54 116 309 16 85 420 364 255 64 44 222 73 116 116 161 44 161 272 286 6 109 299 436 412 258 172 384 393 85 268 268 258 493 16 73 268 151 258 309 370 416 115 393 37 66 268 16 73 255 40 258 146 307 73 307 476 380 380 287 493 436 54 85 109 161 364 445 368 66 307 492 412 370 6 416 151 439 272 151 64 400 40 380 439 416 161 109 416 73 287 452 37 116 368 37 16 258 412 255 286 300 16 66 151 40 400 83 116 492 493 476 384 436 286 493 493 455 300 370 445 222 384 299 268 309 307 16 300 44 452 384 400 384 439 300 287 452 492 416 416 436 412 64 307 294 455 37 286 299 309 6 436 109 268 492 
  Facilities: 49
 6 : 52 106 136 153 155 196 246 364 418 495
 16 : 36 46 58 78 94 152 181 195 348 378 391 440 446 471
 37 : 5 7 70 162 206 220 223 238 282 388 436 439 491
 40 : 23 40 139 193 394 426 449
 44 : 16 95 198 228 323 354 360 473
 54 : 32 137 199 211 230 254 287 345 406
 64 : 15 31 69 76 121 229 340 353 424 487
 66 : 27 62 66 86 102 103 212 265 267 330 389 413 447
 73 : 85 124 149 175 239 272 356 379 392 398 433
 83 : 38 65 88 91 154 253 261 335 451
 85 : 8 25 73 83 141 147 205 243 349 373 407
 109 : 24 42 118 146 237 269 365 408 431 497
 115 : 67 128 167 386
 116 : 30 47 50 245 271 276 280 346 357 358 437 452
 146 : 48 109 140 227 281 285 327 396
 151 : 56 143 251 298 381 420 423 448
 161 : 29 117 123 215 292 293 359 361 409 430
 172 : 39 112 174 189 202 257 278 289 312 370
 222 : 72 105 107 131 172 258 329 355 465
 255 : 183 242 252 301 343 352 393 443
 258 : 68 97 160 191 222 270 369 376 382 395 441
 268 : 12 28 171 185 186 374 375 380 390 468 498
 272 : 13 74 80 113 125 158 184 259 306 336 362 422
 286 : 10 17 99 110 127 132 210 262 341 363 444 458 492
 287 : 54 81 92 120 157 166 225 232 256 317 403 434 480
 294 : 14 20 45 489
 299 : 33 55 98 194 235 295 307 366 467 493
 300 : 57 63 93 119 203 279 305 313 331 332 445 462 472 479
 307 : 114 148 218 260 274 290 308 337 397 399 414 470 488
 309 : 22 101 108 111 135 188 249 304 324 347 383 469 494
 364 : 6 75 87 173 180 207 244 263 302 351 410
 368 : 18 43 59 159 164 216 219 412 438
 370 : 82 240 250 296 315 384 417 463
 380 : 144 177 268 284 297 314 401 402 427
 384 : 11 71 77 130 165 371 456 466 475 477
 393 : 1 26 90 133 200 213 214 255 320 372 387
 400 : 51 122 192 241 266 283 319 338 425 450 476
 412 : 0 60 100 170 197 236 291 310 328 368 416 442 486
 416 : 2 44 226 273 339 385 419 429 432 483 484
 420 : 3 35 151 161 163 178 217 231 234 311 350
 423 : 84 169 176 208 224 277 316 322 333 342 344
 436 : 37 138 182 187 367 405 457 485 496
 439 : 34 89 145 179 264 421 428 478
 445 : 4 96 129 142 156 190 300 334 411 464
 452 : 61 79 104 116 221 247 303 309 435 474 481
 455 : 9 126 204 233 321 325 461 490
 476 : 115 134 168 209 294 400 455
 492 : 19 41 49 64 150 248 286 318 415 453 482 499
 493 : 21 53 201 275 288 299 326 377 404 454 459 460
SOLUTION:
  Value: -511205.000000
  Assigns: 333 333 416 420 74 299 186 56 21 252 286 299 192 298 298 168 181 286 461 110 44 278 411 110 461 461 393 66 461 161 420 21 191 299 146 420 16 181 83 172 345 278 333 16 416 331 90 77 146 47 143 21 435 47 345 461 151 252 16 191 90 151 66 393 461 83 66 21 339 261 339 331 90 331 110 287 168 307 16 74 264 287 370 146 181 73 66 90 261 191 393 83 287 151 16 44 461 186 299 286 435 309 66 252 252 34 6 278 90 146 74 110 172 264 143 461 47 21 252 339 287 168 411 161 73 420 47 77 90 435 138 252 333 393 191 309 6 278 181 168 146 345 309 435 278 168 34 261 90 73 287 420 16 143 278 6 47 287 56 143 143 420 279 420 143 77 287 191 110 66 16 16 278 191 34 73 331 411 420 345 47 16 181 461 299 34 411 110 309 172 411 435 264 47 56 16 138 138 44 66 186 192 172 181 345 393 279 461 83 307 264 264 66 393 393 161 6 420 307 44 278 74 172 138 411 287 416 21 44 66 279 420 287 278 420 299 138 138 74 73 370 333 47 279 83 411 6 77 47 309 370 151 435 83 278 393 287 461 345 370 307 83 286 138 192 66 151 66 186 56 74 138 77 416 307 192 47 339 21 333 192 146 345 345 261 146 110 309 298 172 307 261 161 161 6 299 370 298 181 307 331 192 261 339 309 333 90 299 278 287 186 420 172 339 192 370 461 287 47 279 393 110 138 44 309 261 56 146 331 138 66 73 411 279 21 83 168 56 264 416 21 286 309 161 345 411 90 309 16 77 420 331 333 181 110 393 73 34 110 161 44 435 90 286 6 143 299 143 21 286 172 66 393 411 416 191 298 264 16 411 345 151 264 309 77 298 161 393 278 66 279 192 34 90 298 345 146 186 73 186 192 333 83 287 331 286 186 264 278 161 77 345 416 66 298 298 339 370 6 416 151 21 56 333 143 286 279 278 66 191 161 278 416 73 287 252 138 110 168 264 77 333 47 74 286 411 252 168 461 56 261 83 435 420 186 461 333 191 286 261 186 161 461 461 34 6 331 299 73 74 307 16 90 44 345 77 168 307 333 56 287 252 299 416 416 186 333 172 307 77 278 191 286 299 435 6 286 278 172 34 
  Facilities: 47
 6 : 106 136 155 216 246 294 364 418 465 495
 16 : 36 43 58 78 94 152 170 171 181 195 348 378 471
 21 : 8 31 51 67 117 227 278 334 340 368 421
 34 : 105 146 174 185 357 392 464 499
 44 : 20 95 198 219 228 323 360 473
 47 : 49 53 116 126 156 180 193 242 248 276 318 442
 56 : 7 158 194 269 326 337 422 449 479
 66 : 27 62 66 86 102 169 199 212 229 265 267 330 371 389 413 428
 73 : 85 124 149 175 239 331 356 398 433 468
 74 : 4 79 110 221 238 270 443 469
 77 : 47 127 165 247 272 349 384 410 440 475 489
 83 : 38 65 91 208 244 253 261 335 402 451
 90 : 46 60 72 87 108 128 148 306 346 362 393 472
 110 : 19 23 74 111 168 187 286 321 354 358 437
 138 : 130 196 197 223 236 237 263 271 322 329 436
 143 : 50 114 153 159 160 164 365 367 424
 146 : 34 48 83 109 140 281 285 327 396
 151 : 56 61 93 251 266 381 420
 161 : 29 123 215 292 293 343 359 386 409 430 461
 168 : 15 76 121 139 145 336 438 447 476
 172 : 39 112 189 202 222 289 312 370 487 498
 181 : 16 37 84 138 182 203 298 353
 186 : 6 97 200 268 310 397 399 406 454 460 485
 191 : 32 59 89 134 167 173 375 429 457 491
 192 : 12 201 264 275 280 301 314 391 400
 252 : 9 57 103 104 118 131 435 446 481
 261 : 69 88 147 284 291 302 325 450 459
 264 : 80 113 192 210 211 338 377 382 407 439
 278 : 21 41 107 137 144 154 172 220 233 254 308 388 408 427 431 490 497
 279 : 162 206 230 243 319 333 390 426
 286 : 10 17 99 262 341 363 369 405 425 444 458 492 496
 287 : 75 81 92 120 150 157 166 225 232 256 309 317 403 434 480
 298 : 13 14 288 297 376 385 394 414 415
 299 : 5 11 33 98 184 235 295 307 366 467 482 493
 307 : 77 209 218 260 274 290 299 470 477 488
 309 : 101 135 142 188 249 287 304 324 342 347 383
 331 : 45 71 73 176 300 328 351 404 466
 333 : 0 1 42 132 241 279 305 352 401 423 441 456 478 486
 339 : 68 70 119 277 303 313 416
 345 : 40 54 141 179 204 258 282 283 344 380 395 411 474
 370 : 82 240 250 259 296 315 417
 393 : 26 63 90 133 205 213 214 255 320 355 372 387
 411 : 22 122 177 186 190 224 245 332 345 373 379 445
 416 : 2 44 226 273 339 374 412 419 432 483 484
 420 : 3 30 35 125 151 161 163 178 217 231 234 311 350 453
 435 : 52 100 129 143 191 252 361 452 494
 461 : 18 24 25 28 55 64 96 115 183 207 257 316 448 455 462 463
SOLUTION:
  Value: -511210.000000
  Assigns: 412 393 262 64 116 299 364 56 85 455 286 439 358 272 291 64 152 286 368 492 85 278 309 152 109 85 393 66 152 161 116 64 497 299 439 6 16 436 368 291 449 278 109 368 16 331 16 116 146 492 116 400 6 291 287 299 449 300 16 368 412 452 66 300 492 291 66 386 358 64 291 331 222 85 270 287 64 272 16 452 272 287 370 85 248 243 66 364 300 191 393 380 287 270 16 64 191 258 299 286 412 309 358 262 452 222 6 222 152 146 358 497 152 248 307 386 452 161 243 300 287 64 485 262 73 272 455 286 385 270 262 222 286 243 191 309 6 278 436 262 146 85 85 455 380 439 109 497 307 73 492 56 16 6 278 6 270 243 56 368 258 386 497 248 368 287 287 386 109 109 412 268 278 243 262 73 331 380 272 439 364 16 291 255 272 268 268 436 309 262 386 258 400 287 56 16 386 412 400 497 393 436 299 300 455 85 393 364 270 307 286 358 66 393 393 161 368 331 307 368 278 452 258 497 248 287 262 146 248 64 400 6 270 455 243 299 412 109 248 73 370 400 255 85 364 116 6 452 492 309 485 393 386 309 278 393 287 386 222 272 307 291 286 364 439 66 400 66 380 109 258 116 73 385 307 243 116 243 497 243 386 146 449 400 380 146 492 152 485 485 307 358 161 161 6 299 370 380 385 307 331 255 364 449 309 300 449 299 278 452 412 449 255 300 380 370 452 287 492 400 393 455 152 116 309 455 386 146 331 222 66 300 449 243 449 146 272 56 400 370 64 286 309 255 85 380 116 309 16 85 449 364 255 64 270 222 73 116 291 161 449 161 272 286 6 109 299 436 412 258 455 385 386 85 268 191 258 291 16 73 268 270 258 309 386 161 161 393 278 485 268 16 73 255 287 258 146 307 485 307 146 380 380 287 331 436 278 85 109 497 364 161 368 66 385 492 385 370 6 385 161 152 56 364 64 400 291 278 439 191 161 109 436 73 287 452 485 116 368 222 16 497 412 255 286 300 16 66 485 56 400 309 116 492 492 370 6 262 291 291 385 455 300 370 364 222 262 299 268 309 307 16 300 385 452 268 400 270 439 56 287 452 492 497 258 497 412 64 307 358 455 191 286 299 309 6 436 485 452 492 
  Facilities: 49
 6 : 35 52 106 136 153 155 231 246 294 364 418 456 495
 16 : 36 44 46 58 78 94 152 181 195 348 378 391 440 446 471
 56 : 7 151 158 194 337 422 449 479
 64 : 3 15 31 69 76 95 121 229 340 353 424 487
 66 : 27 62 66 86 212 265 267 330 413 447
 73 : 124 149 175 239 272 356 379 392 433
 85 : 8 20 25 73 83 141 142 205 243 344 349 373 407
 109 : 24 42 146 168 169 237 269 365 408 431
 116 : 4 30 47 50 245 271 276 323 346 357 437 452
 146 : 48 109 140 227 281 285 327 335 396 400
 152 : 16 23 28 108 112 287 322 421
 161 : 29 117 215 292 293 359 361 385 386 411 420 430
 191 : 89 96 134 375 429 491
 222 : 72 105 107 131 258 329 355 439 465
 243 : 85 118 133 157 173 234 275 277 279 333
 248 : 84 113 163 224 228 238
 255 : 183 242 301 312 343 352 393 443
 258 : 97 160 191 222 270 369 376 382 395 484
 262 : 2 103 123 130 139 174 189 226 457 466
 268 : 171 185 186 374 380 390 468 475
 270 : 74 93 129 156 208 232 354 381 477
 272 : 13 77 80 125 178 184 259 336 362
 278 : 21 41 137 154 172 220 254 308 388 406 427
 286 : 10 17 99 127 132 210 262 341 363 444 492
 287 : 54 75 81 92 120 165 166 193 225 256 317 394 403 434 480
 291 : 14 39 53 65 70 182 261 358 377 426 458 459
 299 : 5 33 55 98 202 235 295 307 366 467 493
 300 : 57 63 88 119 203 305 313 331 445 462 472
 307 : 114 148 209 218 260 274 290 299 397 399 470 488
 309 : 22 101 135 188 249 253 304 324 342 347 383 451 469 494
 331 : 45 71 176 217 300 328 404
 358 : 12 68 102 110 211 291 489
 364 : 6 87 180 207 244 263 302 351 410 423 464
 368 : 18 38 43 59 159 164 216 219 412 438
 370 : 82 240 296 315 339 417 455 463
 380 : 91 144 177 268 284 297 314 345 401 402
 385 : 128 273 298 371 414 416 419 460 473
 386 : 67 115 161 167 190 196 252 257 280 326 372 384
 393 : 1 26 90 200 206 213 214 251 255 320 387
 400 : 51 192 198 230 241 266 283 319 338 425 450 476
 412 : 0 60 100 170 197 236 310 368 442 486
 436 : 37 138 187 201 367 405 432 496
 439 : 11 34 145 179 264 428 478
 449 : 40 56 282 303 306 311 332 334 350 360
 452 : 61 79 104 116 221 247 309 316 435 474 481 498
 455 : 9 126 143 204 233 321 325 370 461 490
 485 : 122 250 288 289 389 398 436 448 497
 492 : 19 49 64 150 248 286 318 415 453 454 482 499
 497 : 32 111 147 162 199 223 278 409 441 483 485
