# Time: 638.969971
# Elapsed: 152.332336
# Input_file: splp/Euclid/2611EuclS.txt
# Pool_size: 400
# Iterations: 27
# Final_solutions: 9766
# Vision_range: 600
# Reduction_mode: REDUCTION_DISPERSE
# Dissimilitude: DISSIM_HAUSDORFF
# Facility_dist: FDISMODE_SUMOFDELTAS
SOLUTION:
  Value: -98761.000000
  Assigns: 36 25 26 25 81 26 82 16 82 19 36 16 36 81 26 81 16 17 16 19 60 36 16 26 82 25 26 17 36 80 84 17 26 19 60 81 36 60 26 39 60 80 36 39 26 80 39 80 36 80 82 26 36 80 84 81 84 16 39 84 60 81 81 17 16 26 17 17 84 39 17 81 82 39 82 81 26 16 82 80 80 81 82 39 84 19 84 80 16 60 84 39 39 80 36 36 16 60 19 16 
  Facilities: 12
 16 : 7 11 16 18 22 57 64 77 88 96 99
 17 : 17 27 31 63 66 67 70
 19 : 9 19 33 85 98
 25 : 1 3 25
 26 : 2 5 14 23 26 32 38 44 51 65 76
 36 : 0 10 12 21 28 36 42 48 52 94 95
 39 : 39 43 46 58 69 73 83 91 92
 60 : 20 34 37 40 60 89 97
 80 : 29 41 45 47 49 53 79 80 87 93
 81 : 4 13 15 35 55 61 62 71 75 81
 82 : 6 8 24 50 72 74 78 82
 84 : 30 54 56 59 68 84 86 90
SOLUTION:
  Value: -99596.000000
  Assigns: 36 25 26 25 81 26 82 16 82 19 36 16 36 81 26 81 16 66 16 19 60 36 16 26 82 25 26 66 36 80 84 66 26 19 60 81 36 60 26 39 60 46 36 39 26 80 46 80 36 80 82 26 36 80 84 81 84 16 39 84 60 81 81 66 16 26 66 66 84 39 66 81 82 39 82 81 26 16 82 80 80 81 82 39 84 19 84 80 16 60 84 39 46 80 46 36 16 60 19 16 
  Facilities: 13
 16 : 7 11 16 18 22 57 64 77 88 96 99
 19 : 9 19 33 85 98
 25 : 1 3 25
 26 : 2 5 14 23 26 32 38 44 51 65 76
 36 : 0 10 12 21 28 36 42 48 52 95
 39 : 39 43 58 69 73 83 91
 46 : 41 46 92 94
 60 : 20 34 37 40 60 89 97
 66 : 17 27 31 63 66 67 70
 80 : 29 45 47 49 53 79 80 87 93
 81 : 4 13 15 35 55 61 62 71 75 81
 82 : 6 8 24 50 72 74 78 82
 84 : 30 54 56 59 68 84 86 90
SOLUTION:
  Value: -99609.000000
  Assigns: 48 11 26 11 81 26 82 11 82 98 48 11 48 81 26 81 11 31 68 98 60 31 11 26 82 11 26 31 31 49 68 31 26 98 60 81 48 60 26 91 60 49 48 91 26 26 91 49 48 49 82 26 48 49 68 81 68 11 48 68 60 81 81 49 11 26 31 49 68 98 31 81 82 91 82 81 26 68 82 49 49 81 82 91 68 98 68 49 11 60 68 91 91 49 48 48 11 60 98 11 
  Facilities: 11
 11 : 1 3 7 11 16 22 25 57 64 88 96 99
 26 : 2 5 14 23 26 32 38 44 45 51 65 76
 31 : 17 21 27 28 31 66 70
 48 : 0 10 12 36 42 48 52 58 94 95
 49 : 29 41 47 49 53 63 67 79 80 87 93
 60 : 20 34 37 40 60 89 97
 68 : 18 30 54 56 59 68 77 84 86 90
 81 : 4 13 15 35 55 61 62 71 75 81
 82 : 6 8 24 50 72 74 78 82
 91 : 39 43 46 73 83 91 92
 98 : 9 19 33 69 85 98
SOLUTION:
  Value: -99831.000000
  Assigns: 12 11 5 11 81 5 82 90 82 19 12 11 12 81 14 81 11 17 54 19 60 54 90 14 54 11 14 54 17 80 90 17 14 19 60 81 12 60 14 43 60 80 12 43 5 80 43 80 12 80 82 14 12 80 54 81 90 11 12 90 60 81 81 17 11 5 17 17 54 43 17 71 82 43 82 81 14 90 82 80 80 81 82 43 90 19 54 80 11 60 90 43 43 80 43 12 90 60 19 11 
  Facilities: 14
 5 : 2 5 44 65
 11 : 1 3 11 16 25 57 64 88 99
 12 : 0 10 12 36 42 48 52 58 95
 14 : 14 23 26 32 38 51 76
 17 : 17 28 31 63 66 67 70
 19 : 9 19 33 85 98
 43 : 39 43 46 69 73 83 91 92 94
 54 : 18 21 24 27 54 68 86
 60 : 20 34 37 40 60 89 97
 71 : 71
 80 : 29 41 45 47 49 53 79 80 87 93
 81 : 4 13 15 35 55 61 62 75 81
 82 : 6 8 50 72 74 78 82
 90 : 7 22 30 56 59 77 84 90 96
SOLUTION:
  Value: -100323.000000
  Assigns: 48 25 2 25 15 2 72 16 72 19 48 16 48 15 14 15 16 17 16 19 60 48 16 14 72 25 14 17 17 80 84 17 2 19 85 15 48 60 14 91 85 80 48 91 2 2 91 80 48 80 72 14 48 80 84 15 84 16 85 84 60 15 15 17 16 2 17 17 84 91 17 15 72 91 72 15 14 16 72 80 80 15 72 83 84 85 84 80 16 60 84 91 91 80 48 48 16 60 19 16 
  Facilities: 15
 2 : 2 5 32 44 45 65
 14 : 14 23 26 38 51 76
 15 : 4 13 15 35 55 61 62 71 75 81
 16 : 7 11 16 18 22 57 64 77 88 96 99
 17 : 17 27 28 31 63 66 67 70
 19 : 9 19 33 98
 25 : 1 3 25
 48 : 0 10 12 21 36 42 48 52 94 95
 60 : 20 37 60 89 97
 72 : 6 8 24 50 72 74 78 82
 80 : 29 41 47 49 53 79 80 87 93
 83 : 83
 84 : 30 54 56 59 68 84 86 90
 85 : 34 40 58 85
 91 : 39 43 46 69 73 91 92
SOLUTION:
  Value: -100605.000000
  Assigns: 48 16 2 16 15 2 72 16 72 19 48 16 48 15 14 15 16 17 16 19 60 48 16 14 72 16 14 17 17 80 84 17 2 19 85 15 48 60 14 91 85 80 48 91 2 2 91 80 48 80 72 14 48 80 84 15 84 16 85 84 60 15 15 17 16 2 17 17 84 91 17 15 72 91 72 15 14 16 72 80 80 15 72 83 84 85 84 80 16 60 84 91 91 80 48 48 16 60 19 16 
  Facilities: 14
 2 : 2 5 32 44 45 65
 14 : 14 23 26 38 51 76
 15 : 4 13 15 35 55 61 62 71 75 81
 16 : 1 3 7 11 16 18 22 25 57 64 77 88 96 99
 17 : 17 27 28 31 63 66 67 70
 19 : 9 19 33 98
 48 : 0 10 12 21 36 42 48 52 94 95
 60 : 20 37 60 89 97
 72 : 6 8 24 50 72 74 78 82
 80 : 29 41 47 49 53 79 80 87 93
 83 : 83
 84 : 30 54 56 59 68 84 86 90
 85 : 34 40 58 85
 91 : 39 43 46 69 73 91 92
SOLUTION:
  Value: -101065.000000
  Assigns: 48 25 26 25 75 26 72 16 72 33 48 16 48 75 26 75 16 31 16 33 60 31 16 23 72 25 26 31 31 79 84 31 23 33 60 75 48 60 26 69 60 79 48 92 26 23 92 79 48 79 72 23 48 79 84 75 84 16 69 84 60 75 75 79 16 26 31 79 84 69 31 75 72 69 72 75 26 16 72 79 79 75 72 92 84 69 84 79 16 60 84 92 92 23 92 48 16 60 69 16 
  Facilities: 14
 16 : 7 11 16 18 22 57 64 77 88 96 99
 23 : 23 32 45 51 93
 25 : 1 3 25
 26 : 2 5 14 26 38 44 65 76
 31 : 17 21 27 28 31 66 70
 33 : 9 19 33
 48 : 0 10 12 36 42 48 52 95
 60 : 20 34 37 40 60 89 97
 69 : 39 58 69 73 85 98
 72 : 6 8 24 50 72 74 78 82
 75 : 4 13 15 35 55 61 62 71 75 81
 79 : 29 41 47 49 53 63 67 79 80 87
 84 : 30 54 56 59 68 84 86 90
 92 : 43 46 83 91 92 94
SOLUTION:
  Value: -101091.000000
  Assigns: 36 25 26 25 15 26 8 90 8 9 36 25 36 15 26 15 90 66 90 9 60 36 90 26 8 25 26 66 36 80 90 66 26 9 60 15 36 60 26 39 60 80 36 39 26 80 39 80 36 80 8 26 36 80 8 15 90 25 39 90 60 15 15 66 60 26 66 66 90 39 66 15 8 39 8 15 26 90 8 80 80 15 8 39 90 39 90 80 90 60 90 39 39 80 36 36 90 60 39 25 
  Facilities: 11
 8 : 6 8 24 50 54 72 74 78 82
 9 : 9 19 33
 15 : 4 13 15 35 55 61 62 71 75 81
 25 : 1 3 11 25 57 99
 26 : 2 5 14 23 26 32 38 44 51 65 76
 36 : 0 10 12 21 28 36 42 48 52 94 95
 39 : 39 43 46 58 69 73 83 85 91 92 98
 60 : 20 34 37 40 60 64 89 97
 66 : 17 27 31 63 66 67 70
 80 : 29 41 45 47 49 53 79 80 87 93
 90 : 7 16 18 22 30 56 59 68 77 84 86 88 90 96
SOLUTION:
  Value: -101096.000000
  Assigns: 48 25 44 25 15 44 72 16 72 19 48 16 48 15 14 15 16 17 21 19 60 21 16 14 72 25 14 21 17 80 84 17 44 19 85 15 48 60 14 91 85 80 48 91 44 44 91 80 48 80 72 14 48 80 84 15 84 16 85 84 60 15 15 17 16 44 17 17 84 91 17 15 72 91 72 15 14 16 72 80 80 15 72 83 84 85 84 80 16 60 84 91 91 80 48 48 16 60 19 16 
  Facilities: 16
 14 : 14 23 26 38 51 76
 15 : 4 13 15 35 55 61 62 71 75 81
 16 : 7 11 16 22 57 64 77 88 96 99
 17 : 17 28 31 63 66 67 70
 19 : 9 19 33 98
 21 : 18 21 27
 25 : 1 3 25
 44 : 2 5 32 44 45 65
 48 : 0 10 12 36 42 48 52 94 95
 60 : 20 37 60 89 97
 72 : 6 8 24 50 72 74 78 82
 80 : 29 41 47 49 53 79 80 87 93
 83 : 83
 84 : 30 54 56 59 68 84 86 90
 85 : 34 40 58 85
 91 : 39 43 46 69 73 91 92
SOLUTION:
  Value: -101101.000000
  Assigns: 12 11 5 11 81 5 82 90 82 33 12 11 12 81 14 81 11 17 54 33 60 54 90 14 54 11 14 54 17 80 90 17 14 33 85 81 12 60 14 43 85 80 12 43 5 80 43 80 12 80 82 14 12 80 54 81 90 11 12 90 60 81 81 17 11 5 17 17 54 43 17 71 82 43 82 81 14 90 82 80 80 81 82 43 90 85 54 80 11 60 90 43 43 80 43 12 90 60 33 11 
  Facilities: 15
 5 : 2 5 44 65
 11 : 1 3 11 16 25 57 64 88 99
 12 : 0 10 12 36 42 48 52 58 95
 14 : 14 23 26 32 38 51 76
 17 : 17 28 31 63 66 67 70
 33 : 9 19 33 98
 43 : 39 43 46 69 73 83 91 92 94
 54 : 18 21 24 27 54 68 86
 60 : 20 37 60 89 97
 71 : 71
 80 : 29 41 45 47 49 53 79 80 87 93
 81 : 4 13 15 35 55 61 62 75 81
 82 : 6 8 50 72 74 78 82
 85 : 34 40 85
 90 : 7 22 30 56 59 77 84 90 96
