# Time: 23529.560547
# Elapsed: 6636.083984
# Input_file: splp/KoerkelGhosh-asym/500/a/ga500a-1
# Pool_size: 200
# Iterations: 57
# Final_solutions: 10614
# Vision_range: 400
# Reduction_mode: REDUCTION_DISPERSE
# Dissimilitude: DISSIM_CLIENTDELTA
SOLUTION:
  Value: -512066.000000
  Assigns: 345 418 75 125 6 345 220 346 99 5 474 472 107 316 201 155 150 316 316 175 155 312 312 175 485 99 302 317 141 5 268 141 312 95 406 175 198 176 275 268 220 167 201 396 303 302 175 44 485 268 246 485 150 493 176 493 472 168 168 316 346 303 150 220 472 150 69 474 115 44 317 75 176 107 268 396 69 167 479 346 346 69 485 74 279 303 316 115 141 493 474 198 176 377 125 246 153 100 167 275 125 479 167 6 100 317 312 312 201 107 345 95 167 99 153 175 474 302 233 346 74 107 302 472 346 479 150 268 493 163 302 493 75 472 275 69 163 153 99 198 62 141 474 168 275 317 75 168 275 493 167 152 472 493 303 107 176 74 125 377 152 107 376 302 472 345 275 268 141 220 406 125 279 95 346 99 5 485 376 152 312 396 198 100 163 316 141 264 155 115 176 220 406 141 493 493 95 125 99 396 201 152 479 479 376 163 5 74 279 99 74 69 316 125 168 155 198 69 176 115 168 485 472 275 279 406 125 376 175 168 317 115 74 99 479 317 346 418 150 75 346 268 317 493 5 107 220 62 74 233 346 479 152 346 150 95 220 485 396 95 377 75 107 376 418 406 279 44 474 485 44 220 100 44 99 99 317 155 176 95 152 5 163 377 346 100 220 316 220 74 303 99 168 99 317 418 312 176 69 75 472 125 376 418 346 198 303 175 472 176 95 220 479 418 493 62 115 5 6 95 279 268 418 107 275 152 95 150 176 479 406 302 74 6 150 115 152 99 99 153 279 303 44 312 275 6 377 346 75 150 268 168 155 62 150 167 115 152 201 5 246 472 150 198 233 176 198 141 100 153 69 176 264 141 163 418 201 163 279 246 493 198 317 74 264 176 396 316 233 303 100 264 493 316 406 376 376 107 107 312 62 62 479 377 62 155 5 312 5 153 176 95 168 115 163 75 167 474 418 493 62 376 233 99 95 6 95 155 176 141 44 6 268 152 233 5 155 302 396 474 150 246 220 302 472 233 268 155 5 75 479 175 302 107 141 167 246 6 74 115 220 176 163 317 107 317 303 155 474 316 69 99 345 95 493 268 474 155 198 303 264 233 264 346 346 201 220 153 107 176 141 474 377 345 6 233 493 233 44 6 
  Facilities: 49
 5 : 9 29 176 206 244 281 317 359 406 408 435 448
 6 : 4 103 318 333 345 425 431 457 494 499
 44 : 47 69 267 270 273 342 430 498
 62 : 140 247 315 353 400 401 404 420
 69 : 66 76 81 135 211 217 298 370 470
 74 : 83 120 157 207 210 232 248 289 332 383 458
 75 : 2 71 132 146 239 261 299 348 415 449
 95 : 33 111 173 196 255 259 279 310 319 326 411 424 426 473
 99 : 8 25 113 138 175 198 209 233 274 275 291 293 337 338 423 471
 100 : 97 104 183 272 285 368 390
 107 : 12 73 109 121 155 161 245 262 323 397 398 453 464 488
 115 : 68 87 189 219 231 316 335 356 413 459
 125 : 3 94 100 158 171 197 213 226 301
 141 : 28 31 88 141 168 186 193 367 373 429 454 490
 150 : 16 52 62 65 126 238 254 327 334 349 354 362 440
 152 : 151 160 179 201 252 280 325 336 357 433
 153 : 96 114 137 339 369 409 487
 155 : 15 20 188 215 277 352 405 427 436 447 467 477
 163 : 129 136 184 205 282 374 377 414 462
 167 : 41 77 98 102 112 150 355 416 455
 168 : 57 58 143 147 214 220 229 292 351 412
 175 : 19 23 35 46 115 228 307 451
 176 : 37 54 72 92 156 190 218 278 297 309 328 365 371 385 410 428 461 489
 198 : 36 91 139 182 216 305 363 366 381 478
 201 : 14 42 108 200 358 376 485
 220 : 6 40 63 169 191 246 256 271 286 288 311 442 460 486
 233 : 118 249 364 388 422 434 445 481 495 497
 246 : 50 95 360 379 441 456
 264 : 187 372 384 391 480 482
 268 : 30 39 49 74 127 167 241 321 350 432 446 475
 275 : 38 99 134 144 148 166 223 324 344
 279 : 84 172 208 224 266 320 340 378
 302 : 26 45 117 122 130 163 331 437 443 452
 303 : 44 61 85 154 290 306 341 389 466 479
 312 : 21 22 32 106 107 180 296 343 399 407
 316 : 13 17 18 59 86 185 212 287 387 393 469
 317 : 27 70 105 145 230 235 242 276 294 382 463 465
 345 : 0 5 110 165 472 493
 346 : 7 60 79 80 119 124 174 236 240 250 253 284 304 347 483 484
 376 : 162 178 204 227 263 302 395 396 421
 377 : 93 159 260 283 346 403 492
 396 : 43 75 181 199 258 386 438
 406 : 34 170 192 225 265 330 394
 418 : 1 237 264 295 303 313 322 375 418
 472 : 11 56 64 123 133 152 164 222 300 308 361 444
 474 : 10 67 90 116 142 268 417 439 468 476 491
 479 : 78 101 125 202 203 234 251 312 329 402 450
 485 : 24 48 51 82 177 221 257 269
 493 : 53 55 89 128 131 149 153 194 195 243 314 380 392 419 474 496
SOLUTION:
  Value: -512074.000000
  Assigns: 106 418 89 125 143 298 493 409 298 245 474 64 109 72 172 155 337 337 377 89 155 312 312 364 287 99 237 374 141 58 374 141 85 409 333 449 259 287 64 337 279 89 493 396 485 302 106 172 485 237 110 485 143 493 143 361 244 237 168 58 125 110 155 279 64 54 377 474 106 337 317 333 176 155 268 396 183 245 374 110 190 106 485 141 279 106 172 64 151 493 474 279 176 377 125 95 106 244 361 141 125 374 85 99 100 317 312 312 72 361 85 95 183 337 151 409 474 302 54 245 333 364 302 58 413 244 449 54 493 54 302 493 64 244 287 143 89 141 99 106 462 298 474 168 361 317 64 168 396 493 110 377 89 493 110 151 176 151 125 377 298 245 143 302 429 183 183 268 237 462 462 72 85 95 438 89 298 438 58 333 312 396 172 100 106 141 141 264 155 58 176 168 298 141 493 413 462 125 190 396 493 89 237 364 110 110 172 172 279 99 110 333 151 125 168 429 54 449 176 245 361 85 259 396 279 377 429 364 85 168 72 110 449 99 237 317 143 438 58 259 72 268 317 493 317 413 151 183 58 233 259 244 64 89 438 95 143 485 396 95 377 143 58 493 418 264 279 183 474 485 259 259 100 143 54 99 317 155 176 95 237 409 287 377 462 100 143 287 143 259 312 99 168 99 317 418 312 176 190 109 85 364 155 418 85 183 298 485 361 176 58 109 279 418 493 287 233 109 429 95 279 298 413 110 337 298 95 244 54 106 287 302 172 302 302 438 429 438 99 110 279 233 374 312 287 110 377 237 190 64 245 168 462 268 409 244 374 374 89 100 151 259 54 364 233 244 85 141 100 361 337 176 172 141 58 418 429 237 279 151 493 95 317 100 264 176 396 89 233 109 100 264 493 110 183 143 190 244 141 312 364 72 259 377 449 109 54 312 374 409 176 95 168 337 449 89 337 474 462 493 333 413 106 99 95 172 95 237 337 141 333 333 268 85 233 106 155 333 396 72 72 190 429 302 244 233 268 155 374 409 413 110 302 449 109 245 151 337 110 429 244 176 438 317 279 317 298 155 474 172 190 99 143 95 54 268 374 155 438 462 264 361 264 374 312 413 429 190 474 176 141 474 377 190 364 337 493 233 58 110 
  Facilities: 52
 54 : 65 118 127 129 216 274 328 362 406 474
 58 : 29 59 123 178 189 238 248 262 310 374 498
 64 : 11 38 64 87 132 146 252 349
 72 : 13 108 171 230 240 401 439 440
 85 : 32 102 110 172 221 228 300 304 366 433
 89 : 2 19 41 136 152 175 201 253 358 387 415
 95 : 95 111 173 255 259 279 319 326 381 411 424 426 473
 99 : 25 103 138 209 233 275 291 293 338 423 471
 100 : 104 183 272 285 359 368 383 390
 106 : 0 46 68 81 85 96 139 184 329 422 435
 109 : 12 299 311 317 389 405 454
 110 : 50 61 79 150 154 204 205 210 231 323 339 345 393 451 458 499
 125 : 3 60 94 100 158 197 213
 141 : 28 31 83 99 137 185 186 193 367 373 398 429 490
 143 : 4 52 54 135 162 236 256 261 273 286 288 395 472
 151 : 88 114 155 157 212 246 360 379 456
 155 : 15 20 62 73 188 277 302 436 447 467 477
 168 : 58 143 147 191 214 229 292 351 412
 172 : 14 47 86 182 206 207 332 372 425 469
 176 : 72 92 156 190 218 278 297 309 371 385 410 461 489
 183 : 76 112 165 166 247 267 305 394
 190 : 80 198 298 348 396 441 470 487 493
 233 : 249 316 341 364 388 434 445 497
 237 : 26 49 57 168 202 234 280 347 377 427
 244 : 56 97 125 133 251 327 355 365 397 444 460
 245 : 9 77 119 161 219 350 455
 259 : 36 222 239 250 270 271 289 361 402
 264 : 187 265 384 391 480 482
 268 : 74 167 241 353 432 446 475
 279 : 40 63 84 91 208 224 266 312 320 340 378 464
 287 : 24 37 134 282 287 315 330 344
 298 : 5 8 141 160 176 192 306 321 325 466
 302 : 45 117 122 130 163 331 333 334 443 452
 312 : 21 22 106 107 180 290 296 343 399 407 484
 317 : 70 105 145 235 242 244 276 294 382 463 465
 333 : 34 71 120 179 211 420 430 431 437
 337 : 16 17 39 69 113 324 370 413 416 428 457 495
 361 : 55 98 109 144 220 308 369 481
 364 : 23 121 203 227 301 363 400 494
 374 : 27 30 78 101 342 356 357 408 448 476 483
 377 : 18 66 93 151 159 225 260 283 346 403 492
 396 : 43 75 148 181 199 223 258 386 438
 409 : 7 33 115 281 354 409 449
 413 : 124 195 245 322 421 450 485
 418 : 1 264 295 303 313 375
 429 : 164 215 226 318 336 376 442 459 486
 438 : 174 177 237 254 335 337 462 478
 449 : 35 126 217 232 404 414 453
 462 : 140 169 170 196 284 352 418 479
 474 : 10 67 90 116 142 268 417 468 488 491
 485 : 44 48 51 82 257 269 307
 493 : 6 42 53 89 128 131 149 153 194 200 243 263 314 380 392 419 496
SOLUTION:
  Value: -512075.000000
  Assigns: 106 418 89 125 143 298 493 413 298 245 474 64 109 72 172 155 337 337 377 89 155 312 312 364 287 99 237 374 141 58 374 141 85 95 333 449 259 287 64 337 279 89 493 396 485 302 106 172 485 237 110 485 143 493 143 361 244 237 168 58 125 110 155 279 64 54 377 474 106 337 317 333 176 155 268 396 183 245 374 110 190 106 485 141 279 106 172 64 151 493 474 279 176 377 125 95 106 244 361 141 125 374 85 99 100 317 312 312 72 361 85 95 183 337 151 99 474 302 54 245 333 364 302 58 413 244 449 54 493 54 302 493 64 244 287 143 89 141 99 106 462 298 474 168 361 317 64 168 396 493 110 377 89 493 110 151 176 151 125 377 298 245 143 302 429 183 183 268 237 462 462 72 85 95 438 89 298 438 58 333 312 396 172 100 106 141 141 264 155 58 176 168 298 141 493 413 462 125 190 396 493 89 237 364 110 110 172 172 279 99 110 333 151 125 168 429 54 449 176 245 361 85 259 396 279 377 429 364 85 168 72 110 449 99 237 317 143 438 58 259 72 268 317 493 317 413 151 183 58 233 259 244 64 89 438 95 143 485 396 95 377 143 58 493 418 264 279 183 474 485 259 259 100 143 54 99 317 155 176 95 237 58 287 377 462 100 143 287 143 259 312 99 168 99 317 418 312 176 190 109 85 364 155 418 85 183 298 485 361 176 58 109 279 418 493 287 233 109 429 95 279 298 413 110 337 298 95 244 54 106 287 302 172 302 302 438 429 438 99 110 279 233 374 312 287 110 377 237 190 64 245 168 462 268 287 244 374 374 89 100 151 259 54 364 233 244 85 141 100 361 337 176 172 141 58 418 429 237 279 151 493 95 317 100 264 176 396 89 233 109 100 264 493 110 183 143 190 244 141 312 364 72 259 377 449 109 54 312 374 85 176 95 168 337 449 89 337 474 462 493 333 413 106 99 95 172 95 237 337 141 333 333 268 85 233 106 155 333 396 72 72 190 429 302 244 233 268 155 374 168 413 110 302 449 109 245 151 337 110 429 244 176 438 317 279 317 298 155 474 172 190 99 143 95 54 268 374 155 438 462 264 361 264 374 312 413 429 190 474 176 141 474 377 190 364 337 493 233 58 110 
  Facilities: 51
 54 : 65 118 127 129 216 274 328 362 406 474
 58 : 29 59 123 178 189 238 248 262 281 310 374 498
 64 : 11 38 64 87 132 146 252 349
 72 : 13 108 171 230 240 401 439 440
 85 : 32 102 110 172 221 228 300 304 366 409 433
 89 : 2 19 41 136 152 175 201 253 358 387 415
 95 : 33 95 111 173 255 259 279 319 326 381 411 424 426 473
 99 : 25 103 115 138 209 233 275 291 293 338 423 471
 100 : 104 183 272 285 359 368 383 390
 106 : 0 46 68 81 85 96 139 184 329 422 435
 109 : 12 299 311 317 389 405 454
 110 : 50 61 79 150 154 204 205 210 231 323 339 345 393 451 458 499
 125 : 3 60 94 100 158 197 213
 141 : 28 31 83 99 137 185 186 193 367 373 398 429 490
 143 : 4 52 54 135 162 236 256 261 273 286 288 395 472
 151 : 88 114 155 157 212 246 360 379 456
 155 : 15 20 62 73 188 277 302 436 447 467 477
 168 : 58 143 147 191 214 229 292 351 412 449
 172 : 14 47 86 182 206 207 332 372 425 469
 176 : 72 92 156 190 218 278 297 309 371 385 410 461 489
 183 : 76 112 165 166 247 267 305 394
 190 : 80 198 298 348 396 441 470 487 493
 233 : 249 316 341 364 388 434 445 497
 237 : 26 49 57 168 202 234 280 347 377 427
 244 : 56 97 125 133 251 327 355 365 397 444 460
 245 : 9 77 119 161 219 350 455
 259 : 36 222 239 250 270 271 289 361 402
 264 : 187 265 384 391 480 482
 268 : 74 167 241 353 432 446 475
 279 : 40 63 84 91 208 224 266 312 320 340 378 464
 287 : 24 37 134 282 287 315 330 344 354
 298 : 5 8 141 160 176 192 306 321 325 466
 302 : 45 117 122 130 163 331 333 334 443 452
 312 : 21 22 106 107 180 290 296 343 399 407 484
 317 : 70 105 145 235 242 244 276 294 382 463 465
 333 : 34 71 120 179 211 420 430 431 437
 337 : 16 17 39 69 113 324 370 413 416 428 457 495
 361 : 55 98 109 144 220 308 369 481
 364 : 23 121 203 227 301 363 400 494
 374 : 27 30 78 101 342 356 357 408 448 476 483
 377 : 18 66 93 151 159 225 260 283 346 403 492
 396 : 43 75 148 181 199 223 258 386 438
 413 : 7 124 195 245 322 421 450 485
 418 : 1 264 295 303 313 375
 429 : 164 215 226 318 336 376 442 459 486
 438 : 174 177 237 254 335 337 462 478
 449 : 35 126 217 232 404 414 453
 462 : 140 169 170 196 284 352 418 479
 474 : 10 67 90 116 142 268 417 468 488 491
 485 : 44 48 51 82 257 269 307
 493 : 6 42 53 89 128 131 149 153 194 200 243 263 314 380 392 419 496
SOLUTION:
  Value: -512079.000000
  Assigns: 345 418 75 125 6 345 220 346 99 5 474 472 107 316 201 155 150 316 316 175 155 312 312 175 485 99 302 317 141 5 268 141 312 95 406 175 198 176 275 268 220 167 201 396 303 302 175 44 485 268 275 485 150 493 176 493 472 168 168 316 346 303 150 220 472 150 69 474 115 44 317 75 176 107 268 396 69 167 479 346 346 69 485 74 279 303 316 115 141 493 474 198 176 377 125 95 153 100 167 275 125 479 167 6 100 317 312 312 201 107 345 95 167 99 153 175 474 302 233 346 74 107 302 472 346 479 150 268 493 163 302 493 75 472 275 69 163 153 99 198 62 141 474 168 275 317 75 168 275 493 167 152 472 493 303 107 176 74 125 377 152 107 376 302 472 345 275 268 141 220 406 125 279 95 346 99 5 485 376 152 312 396 198 100 163 316 141 264 155 115 176 220 406 141 493 493 95 125 99 396 201 152 479 479 376 163 5 74 279 99 74 69 316 125 168 155 198 69 176 115 168 485 472 275 279 406 125 376 175 168 317 115 74 99 479 317 346 418 150 75 346 268 317 493 5 107 220 62 74 233 346 479 152 346 150 95 220 485 396 95 377 75 107 376 418 406 279 44 474 485 44 220 100 44 99 99 317 155 176 95 152 5 163 377 346 100 220 316 220 74 303 99 168 99 317 418 312 176 69 75 472 125 376 418 346 198 303 175 472 176 95 220 479 418 493 62 115 5 6 95 279 268 418 107 275 152 95 150 176 479 406 302 74 6 150 115 152 99 99 153 279 303 44 312 275 6 377 346 75 150 268 168 155 62 150 167 115 152 201 5 479 472 150 198 233 176 198 141 100 153 69 176 264 141 163 418 201 163 279 485 493 198 317 74 264 176 396 316 233 303 100 264 493 316 406 376 376 107 107 312 62 62 479 377 62 155 5 312 5 153 176 95 168 115 163 75 167 474 418 493 62 376 233 99 95 6 95 155 176 141 44 6 268 152 233 5 155 302 396 474 150 107 220 302 472 233 268 155 5 75 479 175 302 107 141 167 5 6 74 115 220 176 163 317 107 317 303 155 474 316 69 99 345 95 493 268 474 155 198 303 264 233 264 346 346 201 220 153 107 176 141 474 377 345 6 233 493 233 44 6 
  Facilities: 48
 5 : 9 29 176 206 244 281 317 359 406 408 435 448 456
 6 : 4 103 318 333 345 425 431 457 494 499
 44 : 47 69 267 270 273 342 430 498
 62 : 140 247 315 353 400 401 404 420
 69 : 66 76 81 135 211 217 298 370 470
 74 : 83 120 157 207 210 232 248 289 332 383 458
 75 : 2 71 132 146 239 261 299 348 415 449
 95 : 33 95 111 173 196 255 259 279 310 319 326 411 424 426 473
 99 : 8 25 113 138 175 198 209 233 274 275 291 293 337 338 423 471
 100 : 97 104 183 272 285 368 390
 107 : 12 73 109 121 155 161 245 262 323 397 398 441 453 464 488
 115 : 68 87 189 219 231 316 335 356 413 459
 125 : 3 94 100 158 171 197 213 226 301
 141 : 28 31 88 141 168 186 193 367 373 429 454 490
 150 : 16 52 62 65 126 238 254 327 334 349 354 362 440
 152 : 151 160 179 201 252 280 325 336 357 433
 153 : 96 114 137 339 369 409 487
 155 : 15 20 188 215 277 352 405 427 436 447 467 477
 163 : 129 136 184 205 282 374 377 414 462
 167 : 41 77 98 102 112 150 355 416 455
 168 : 57 58 143 147 214 220 229 292 351 412
 175 : 19 23 35 46 115 228 307 451
 176 : 37 54 72 92 156 190 218 278 297 309 328 365 371 385 410 428 461 489
 198 : 36 91 139 182 216 305 363 366 381 478
 201 : 14 42 108 200 358 376 485
 220 : 6 40 63 169 191 246 256 271 286 288 311 442 460 486
 233 : 118 249 364 388 422 434 445 481 495 497
 264 : 187 372 384 391 480 482
 268 : 30 39 49 74 127 167 241 321 350 432 446 475
 275 : 38 50 99 134 144 148 166 223 324 344
 279 : 84 172 208 224 266 320 340 378
 302 : 26 45 117 122 130 163 331 437 443 452
 303 : 44 61 85 154 290 306 341 389 466 479
 312 : 21 22 32 106 107 180 296 343 399 407
 316 : 13 17 18 59 86 185 212 287 387 393 469
 317 : 27 70 105 145 230 235 242 276 294 382 463 465
 345 : 0 5 110 165 472 493
 346 : 7 60 79 80 119 124 174 236 240 250 253 284 304 347 483 484
 376 : 162 178 204 227 263 302 395 396 421
 377 : 93 159 260 283 346 403 492
 396 : 43 75 181 199 258 386 438
 406 : 34 170 192 225 265 330 394
 418 : 1 237 264 295 303 313 322 375 418
 472 : 11 56 64 123 133 152 164 222 300 308 361 444
 474 : 10 67 90 116 142 268 417 439 468 476 491
 479 : 78 101 125 202 203 234 251 312 329 360 402 450
 485 : 24 48 51 82 177 221 257 269 379
 493 : 53 55 89 128 131 149 153 194 195 243 314 380 392 419 474 496
SOLUTION:
  Value: -512082.000000
  Assigns: 106 418 89 125 143 298 493 413 298 245 474 64 109 72 172 155 337 337 377 89 155 312 312 364 287 99 237 374 141 58 374 141 85 95 333 449 54 287 64 337 279 89 493 396 485 302 106 172 485 237 110 485 143 493 143 361 244 237 168 58 125 110 155 279 64 54 377 474 106 337 317 333 176 155 268 396 183 245 374 110 190 106 485 141 279 106 172 64 151 493 474 279 176 377 125 95 106 244 361 141 125 374 85 99 100 317 312 312 72 361 85 95 183 337 151 99 474 302 54 245 333 364 302 58 413 244 449 54 493 54 302 493 64 244 287 143 89 141 99 106 462 298 474 168 361 317 64 168 396 493 110 377 89 493 110 151 176 151 125 377 298 245 143 302 429 183 183 268 237 462 462 72 85 95 438 89 298 438 58 333 312 396 172 100 106 141 141 264 155 58 176 168 298 141 493 413 462 125 190 396 493 89 237 364 110 110 172 172 279 99 110 333 151 125 168 429 54 449 176 245 361 85 151 396 279 377 429 364 85 168 72 110 449 99 237 317 143 438 58 287 72 268 317 493 317 413 151 183 58 233 268 244 64 89 438 95 143 485 396 95 377 143 58 493 418 264 279 183 474 485 176 172 100 143 54 99 317 155 176 95 237 58 287 377 462 100 143 287 143 109 312 99 168 99 317 418 312 176 190 109 85 364 155 418 85 183 298 485 361 176 58 109 279 418 493 287 233 109 429 95 279 298 413 110 337 298 95 244 54 106 287 302 172 302 302 438 429 438 99 110 279 233 374 312 287 110 377 237 190 64 245 168 462 268 287 244 374 374 89 100 151 449 54 364 233 244 85 141 100 361 337 176 172 141 58 418 429 237 279 151 493 95 317 100 264 176 396 89 233 109 100 264 493 110 183 143 190 244 141 312 364 72 244 377 449 109 54 312 374 85 176 95 168 337 449 89 337 474 462 493 333 413 106 99 95 172 95 237 337 141 333 333 268 85 233 106 155 333 396 72 72 190 429 302 244 233 268 155 374 168 413 110 302 449 109 245 151 337 110 429 244 176 438 317 279 317 298 155 474 172 190 99 143 95 54 268 374 155 438 462 264 361 264 374 312 413 429 190 474 176 141 474 377 190 364 337 493 233 58 110 
  Facilities: 50
 54 : 36 65 118 127 129 216 274 328 362 406 474
 58 : 29 59 123 178 189 238 248 262 281 310 374 498
 64 : 11 38 64 87 132 146 252 349
 72 : 13 108 171 230 240 401 439 440
 85 : 32 102 110 172 221 228 300 304 366 409 433
 89 : 2 19 41 136 152 175 201 253 358 387 415
 95 : 33 95 111 173 255 259 279 319 326 381 411 424 426 473
 99 : 25 103 115 138 209 233 275 291 293 338 423 471
 100 : 104 183 272 285 359 368 383 390
 106 : 0 46 68 81 85 96 139 184 329 422 435
 109 : 12 289 299 311 317 389 405 454
 110 : 50 61 79 150 154 204 205 210 231 323 339 345 393 451 458 499
 125 : 3 60 94 100 158 197 213
 141 : 28 31 83 99 137 185 186 193 367 373 398 429 490
 143 : 4 52 54 135 162 236 256 261 273 286 288 395 472
 151 : 88 114 155 157 212 222 246 360 379 456
 155 : 15 20 62 73 188 277 302 436 447 467 477
 168 : 58 143 147 191 214 229 292 351 412 449
 172 : 14 47 86 182 206 207 271 332 372 425 469
 176 : 72 92 156 190 218 270 278 297 309 371 385 410 461 489
 183 : 76 112 165 166 247 267 305 394
 190 : 80 198 298 348 396 441 470 487 493
 233 : 249 316 341 364 388 434 445 497
 237 : 26 49 57 168 202 234 280 347 377 427
 244 : 56 97 125 133 251 327 355 365 397 402 444 460
 245 : 9 77 119 161 219 350 455
 264 : 187 265 384 391 480 482
 268 : 74 167 241 250 353 432 446 475
 279 : 40 63 84 91 208 224 266 312 320 340 378 464
 287 : 24 37 134 239 282 287 315 330 344 354
 298 : 5 8 141 160 176 192 306 321 325 466
 302 : 45 117 122 130 163 331 333 334 443 452
 312 : 21 22 106 107 180 290 296 343 399 407 484
 317 : 70 105 145 235 242 244 276 294 382 463 465
 333 : 34 71 120 179 211 420 430 431 437
 337 : 16 17 39 69 113 324 370 413 416 428 457 495
 361 : 55 98 109 144 220 308 369 481
 364 : 23 121 203 227 301 363 400 494
 374 : 27 30 78 101 342 356 357 408 448 476 483
 377 : 18 66 93 151 159 225 260 283 346 403 492
 396 : 43 75 148 181 199 223 258 386 438
 413 : 7 124 195 245 322 421 450 485
 418 : 1 264 295 303 313 375
 429 : 164 215 226 318 336 376 442 459 486
 438 : 174 177 237 254 335 337 462 478
 449 : 35 126 217 232 361 404 414 453
 462 : 140 169 170 196 284 352 418 479
 474 : 10 67 90 116 142 268 417 468 488 491
 485 : 44 48 51 82 257 269 307
 493 : 6 42 53 89 128 131 149 153 194 200 243 263 314 380 392 419 496
SOLUTION:
  Value: -512091.000000
  Assigns: 106 418 89 125 143 298 493 413 298 245 474 64 109 72 172 155 337 337 377 89 155 312 312 364 287 99 237 374 141 58 374 141 85 95 333 449 54 287 64 337 279 89 493 396 485 302 106 172 485 237 110 485 143 493 143 361 244 237 168 58 125 110 155 279 64 54 377 474 106 337 317 333 176 155 268 396 183 245 374 110 190 106 485 141 279 106 172 64 151 493 474 279 176 377 125 95 106 244 361 141 125 374 85 99 100 317 312 312 72 361 85 95 183 337 151 99 474 302 54 245 333 364 302 58 413 244 449 54 493 54 302 493 64 244 287 143 89 141 99 106 462 298 474 168 361 317 64 168 396 493 110 377 89 493 110 151 176 151 125 377 298 245 143 302 413 183 183 268 237 462 462 72 85 95 438 89 298 438 58 333 312 396 172 100 106 141 141 264 155 58 176 168 298 141 493 413 462 125 190 396 493 89 237 364 110 110 172 172 279 99 110 333 151 125 168 155 54 449 176 245 361 85 151 396 279 377 337 364 85 168 72 110 449 99 237 317 143 438 58 287 72 268 317 493 317 413 151 183 58 233 268 244 64 89 438 95 143 485 396 95 377 143 58 493 418 264 279 183 474 485 176 172 100 143 54 99 317 155 176 95 237 58 287 377 462 100 143 287 143 109 312 99 168 99 317 418 312 176 190 109 85 364 155 418 85 183 298 485 361 176 58 109 279 418 493 287 233 109 312 95 279 298 413 110 337 298 95 244 54 106 287 302 172 302 302 438 176 438 99 110 279 233 374 312 287 110 377 237 190 64 245 168 462 268 287 244 374 374 89 100 151 449 54 364 233 244 85 141 100 361 337 176 172 141 58 418 298 237 279 151 493 95 317 100 264 176 396 89 233 109 100 264 493 110 183 143 190 244 141 312 364 72 244 377 449 109 54 312 374 85 176 95 168 337 449 89 337 474 462 493 333 413 106 99 95 172 95 237 337 141 333 333 268 85 233 106 155 333 396 72 72 190 141 302 244 233 268 155 374 168 413 110 302 449 109 245 151 337 110 168 244 176 438 317 279 317 298 155 474 172 190 99 143 95 54 268 374 155 438 462 264 361 264 374 312 413 333 190 474 176 141 474 377 190 364 337 493 233 58 110 
  Facilities: 49
 54 : 36 65 118 127 129 216 274 328 362 406 474
 58 : 29 59 123 178 189 238 248 262 281 310 374 498
 64 : 11 38 64 87 132 146 252 349
 72 : 13 108 171 230 240 401 439 440
 85 : 32 102 110 172 221 228 300 304 366 409 433
 89 : 2 19 41 136 152 175 201 253 358 387 415
 95 : 33 95 111 173 255 259 279 319 326 381 411 424 426 473
 99 : 25 103 115 138 209 233 275 291 293 338 423 471
 100 : 104 183 272 285 359 368 383 390
 106 : 0 46 68 81 85 96 139 184 329 422 435
 109 : 12 289 299 311 317 389 405 454
 110 : 50 61 79 150 154 204 205 210 231 323 339 345 393 451 458 499
 125 : 3 60 94 100 158 197 213
 141 : 28 31 83 99 137 185 186 193 367 373 398 429 442 490
 143 : 4 52 54 135 162 236 256 261 273 286 288 395 472
 151 : 88 114 155 157 212 222 246 360 379 456
 155 : 15 20 62 73 188 215 277 302 436 447 467 477
 168 : 58 143 147 191 214 229 292 351 412 449 459
 172 : 14 47 86 182 206 207 271 332 372 425 469
 176 : 72 92 156 190 218 270 278 297 309 336 371 385 410 461 489
 183 : 76 112 165 166 247 267 305 394
 190 : 80 198 298 348 396 441 470 487 493
 233 : 249 316 341 364 388 434 445 497
 237 : 26 49 57 168 202 234 280 347 377 427
 244 : 56 97 125 133 251 327 355 365 397 402 444 460
 245 : 9 77 119 161 219 350 455
 264 : 187 265 384 391 480 482
 268 : 74 167 241 250 353 432 446 475
 279 : 40 63 84 91 208 224 266 312 320 340 378 464
 287 : 24 37 134 239 282 287 315 330 344 354
 298 : 5 8 141 160 176 192 306 321 325 376 466
 302 : 45 117 122 130 163 331 333 334 443 452
 312 : 21 22 106 107 180 290 296 318 343 399 407 484
 317 : 70 105 145 235 242 244 276 294 382 463 465
 333 : 34 71 120 179 211 420 430 431 437 486
 337 : 16 17 39 69 113 226 324 370 413 416 428 457 495
 361 : 55 98 109 144 220 308 369 481
 364 : 23 121 203 227 301 363 400 494
 374 : 27 30 78 101 342 356 357 408 448 476 483
 377 : 18 66 93 151 159 225 260 283 346 403 492
 396 : 43 75 148 181 199 223 258 386 438
 413 : 7 124 164 195 245 322 421 450 485
 418 : 1 264 295 303 313 375
 438 : 174 177 237 254 335 337 462 478
 449 : 35 126 217 232 361 404 414 453
 462 : 140 169 170 196 284 352 418 479
 474 : 10 67 90 116 142 268 417 468 488 491
 485 : 44 48 51 82 257 269 307
 493 : 6 42 53 89 128 131 149 153 194 200 243 263 314 380 392 419 496
SOLUTION:
  Value: -512092.000000
  Assigns: 345 418 75 125 6 345 220 346 99 5 474 472 107 316 201 155 150 316 316 175 155 312 312 175 485 99 302 317 141 5 268 141 312 95 406 175 198 176 275 268 220 167 201 396 303 302 175 44 485 268 275 485 150 493 176 493 472 168 168 316 346 303 150 220 472 150 69 474 115 44 317 75 176 107 268 396 69 167 479 346 346 69 485 74 279 303 316 115 141 493 474 198 176 377 125 95 153 100 167 275 125 479 167 6 100 317 312 312 201 107 345 95 167 99 153 175 474 302 233 346 74 107 302 472 346 479 150 268 493 141 302 493 75 472 275 69 155 153 99 198 62 141 474 168 275 317 75 168 275 493 167 152 472 493 303 107 176 74 125 377 152 107 376 302 472 345 275 268 141 220 406 125 279 95 346 99 5 485 376 152 312 396 198 100 312 316 141 264 155 115 176 220 406 141 493 493 95 125 99 396 201 152 479 479 376 175 5 74 279 99 74 69 316 125 168 155 198 69 176 115 168 485 472 275 279 406 125 376 175 168 317 115 74 99 479 317 346 418 150 75 346 268 317 493 5 107 220 62 74 233 346 479 152 346 150 95 220 485 396 95 377 75 107 376 418 406 279 44 474 485 44 220 100 44 99 99 317 155 176 95 152 5 201 377 346 100 220 316 220 74 303 99 168 99 317 418 312 176 69 75 472 125 376 418 346 198 303 175 472 176 95 220 479 418 493 62 115 5 6 95 279 268 418 107 275 152 95 150 176 479 406 302 74 6 150 115 152 99 99 153 279 303 44 312 275 6 377 346 75 150 268 168 155 62 150 167 115 152 201 5 479 472 150 198 233 176 198 141 100 153 69 176 264 141 493 418 201 493 279 485 493 198 317 74 264 176 396 316 233 303 100 264 493 316 406 376 376 107 107 312 62 62 479 377 62 155 5 312 5 153 176 95 168 115 99 75 167 474 418 493 62 376 233 99 95 6 95 155 176 141 44 6 268 152 233 5 155 302 396 474 150 107 220 302 472 233 268 155 5 75 479 175 302 107 141 167 5 6 74 115 220 176 279 317 107 317 303 155 474 316 69 99 345 95 493 268 474 155 198 303 264 233 264 346 346 201 220 153 107 176 141 474 377 345 6 233 493 233 44 6 
  Facilities: 47
 5 : 9 29 176 206 244 281 317 359 406 408 435 448 456
 6 : 4 103 318 333 345 425 431 457 494 499
 44 : 47 69 267 270 273 342 430 498
 62 : 140 247 315 353 400 401 404 420
 69 : 66 76 81 135 211 217 298 370 470
 74 : 83 120 157 207 210 232 248 289 332 383 458
 75 : 2 71 132 146 239 261 299 348 415 449
 95 : 33 95 111 173 196 255 259 279 310 319 326 411 424 426 473
 99 : 8 25 113 138 175 198 209 233 274 275 291 293 337 338 414 423 471
 100 : 97 104 183 272 285 368 390
 107 : 12 73 109 121 155 161 245 262 323 397 398 441 453 464 488
 115 : 68 87 189 219 231 316 335 356 413 459
 125 : 3 94 100 158 171 197 213 226 301
 141 : 28 31 88 129 141 168 186 193 367 373 429 454 490
 150 : 16 52 62 65 126 238 254 327 334 349 354 362 440
 152 : 151 160 179 201 252 280 325 336 357 433
 153 : 96 114 137 339 369 409 487
 155 : 15 20 136 188 215 277 352 405 427 436 447 467 477
 167 : 41 77 98 102 112 150 355 416 455
 168 : 57 58 143 147 214 220 229 292 351 412
 175 : 19 23 35 46 115 205 228 307 451
 176 : 37 54 72 92 156 190 218 278 297 309 328 365 371 385 410 428 461 489
 198 : 36 91 139 182 216 305 363 366 381 478
 201 : 14 42 108 200 282 358 376 485
 220 : 6 40 63 169 191 246 256 271 286 288 311 442 460 486
 233 : 118 249 364 388 422 434 445 481 495 497
 264 : 187 372 384 391 480 482
 268 : 30 39 49 74 127 167 241 321 350 432 446 475
 275 : 38 50 99 134 144 148 166 223 324 344
 279 : 84 172 208 224 266 320 340 378 462
 302 : 26 45 117 122 130 163 331 437 443 452
 303 : 44 61 85 154 290 306 341 389 466 479
 312 : 21 22 32 106 107 180 184 296 343 399 407
 316 : 13 17 18 59 86 185 212 287 387 393 469
 317 : 27 70 105 145 230 235 242 276 294 382 463 465
 345 : 0 5 110 165 472 493
 346 : 7 60 79 80 119 124 174 236 240 250 253 284 304 347 483 484
 376 : 162 178 204 227 263 302 395 396 421
 377 : 93 159 260 283 346 403 492
 396 : 43 75 181 199 258 386 438
 406 : 34 170 192 225 265 330 394
 418 : 1 237 264 295 303 313 322 375 418
 472 : 11 56 64 123 133 152 164 222 300 308 361 444
 474 : 10 67 90 116 142 268 417 439 468 476 491
 479 : 78 101 125 202 203 234 251 312 329 360 402 450
 485 : 24 48 51 82 177 221 257 269 379
 493 : 53 55 89 128 131 149 153 194 195 243 314 374 377 380 392 419 474 496
SOLUTION:
  Value: -512106.000000
  Assigns: 106 418 89 125 143 85 493 413 99 245 474 64 109 72 172 155 337 337 377 89 155 312 312 364 287 99 237 374 141 58 374 141 85 95 333 449 54 287 64 337 279 89 493 396 485 302 106 172 485 237 110 485 143 493 143 361 244 237 168 58 125 110 155 279 64 54 377 474 106 337 317 333 176 155 268 396 183 245 374 110 190 106 485 141 279 106 172 64 151 493 474 279 176 377 125 95 106 244 361 141 125 374 85 99 100 317 312 312 72 361 85 95 183 337 151 99 474 302 54 245 333 364 302 58 413 244 449 54 493 54 302 493 64 244 287 143 89 141 99 106 462 141 474 168 361 317 64 168 396 493 110 377 89 493 110 151 176 151 125 377 172 245 143 302 413 183 183 268 237 462 462 72 85 95 438 89 141 438 58 333 312 396 172 100 106 141 141 264 155 58 176 168 168 141 493 413 462 125 190 396 493 89 237 364 110 110 172 172 279 99 110 333 151 125 168 155 54 449 176 245 361 85 151 396 279 377 337 364 85 168 72 110 449 99 237 317 143 438 58 287 72 268 317 493 317 413 151 183 58 233 268 244 64 89 438 95 143 485 396 95 377 143 58 493 418 264 279 183 474 485 176 172 100 143 54 99 317 155 176 95 237 58 287 377 462 100 143 287 143 109 312 99 168 99 317 418 312 176 190 109 85 364 155 418 85 183 106 485 361 176 58 109 279 418 493 287 233 109 312 95 279 438 413 110 337 449 95 244 54 106 287 302 172 302 302 438 176 438 99 110 279 233 374 312 287 110 377 237 190 64 245 168 462 268 287 244 374 374 89 100 151 449 54 364 233 244 85 141 100 361 337 176 172 141 58 418 100 237 279 151 493 95 317 100 264 176 396 89 233 109 100 264 493 110 183 143 190 244 141 312 364 72 244 377 449 109 54 312 374 85 176 95 168 337 449 89 337 474 462 493 333 413 106 99 95 172 95 237 337 141 333 333 268 85 233 106 155 333 396 72 72 190 141 302 244 233 268 155 374 168 413 110 302 449 109 245 151 337 110 168 244 176 438 317 279 317 438 155 474 172 190 99 143 95 54 268 374 155 438 462 264 361 264 374 312 413 333 190 474 176 141 474 377 190 364 337 493 233 58 110 
  Facilities: 48
 54 : 36 65 118 127 129 216 274 328 362 406 474
 58 : 29 59 123 178 189 238 248 262 281 310 374 498
 64 : 11 38 64 87 132 146 252 349
 72 : 13 108 171 230 240 401 439 440
 85 : 5 32 102 110 172 221 228 300 304 366 409 433
 89 : 2 19 41 136 152 175 201 253 358 387 415
 95 : 33 95 111 173 255 259 279 319 326 381 411 424 426 473
 99 : 8 25 103 115 138 209 233 275 291 293 338 423 471
 100 : 104 183 272 285 359 368 376 383 390
 106 : 0 46 68 81 85 96 139 184 306 329 422 435
 109 : 12 289 299 311 317 389 405 454
 110 : 50 61 79 150 154 204 205 210 231 323 339 345 393 451 458 499
 125 : 3 60 94 100 158 197 213
 141 : 28 31 83 99 137 141 176 185 186 193 367 373 398 429 442 490
 143 : 4 52 54 135 162 236 256 261 273 286 288 395 472
 151 : 88 114 155 157 212 222 246 360 379 456
 155 : 15 20 62 73 188 215 277 302 436 447 467 477
 168 : 58 143 147 191 192 214 229 292 351 412 449 459
 172 : 14 47 86 160 182 206 207 271 332 372 425 469
 176 : 72 92 156 190 218 270 278 297 309 336 371 385 410 461 489
 183 : 76 112 165 166 247 267 305 394
 190 : 80 198 298 348 396 441 470 487 493
 233 : 249 316 341 364 388 434 445 497
 237 : 26 49 57 168 202 234 280 347 377 427
 244 : 56 97 125 133 251 327 355 365 397 402 444 460
 245 : 9 77 119 161 219 350 455
 264 : 187 265 384 391 480 482
 268 : 74 167 241 250 353 432 446 475
 279 : 40 63 84 91 208 224 266 312 320 340 378 464
 287 : 24 37 134 239 282 287 315 330 344 354
 302 : 45 117 122 130 163 331 333 334 443 452
 312 : 21 22 106 107 180 290 296 318 343 399 407 484
 317 : 70 105 145 235 242 244 276 294 382 463 465
 333 : 34 71 120 179 211 420 430 431 437 486
 337 : 16 17 39 69 113 226 324 370 413 416 428 457 495
 361 : 55 98 109 144 220 308 369 481
 364 : 23 121 203 227 301 363 400 494
 374 : 27 30 78 101 342 356 357 408 448 476 483
 377 : 18 66 93 151 159 225 260 283 346 403 492
 396 : 43 75 148 181 199 223 258 386 438
 413 : 7 124 164 195 245 322 421 450 485
 418 : 1 264 295 303 313 375
 438 : 174 177 237 254 321 335 337 462 466 478
 449 : 35 126 217 232 325 361 404 414 453
 462 : 140 169 170 196 284 352 418 479
 474 : 10 67 90 116 142 268 417 468 488 491
 485 : 44 48 51 82 257 269 307
 493 : 6 42 53 89 128 131 149 153 194 200 243 263 314 380 392 419 496
SOLUTION:
  Value: -512108.000000
  Assigns: 320 22 276 489 143 395 493 234 395 5 234 64 489 72 172 496 337 337 377 183 347 102 312 102 485 99 395 395 489 58 371 172 312 64 333 148 198 176 102 337 320 167 489 396 303 339 72 148 485 268 246 485 143 493 391 496 244 340 303 58 346 303 102 391 64 64 377 322 347 337 371 333 83 234 268 102 183 167 485 346 429 148 485 259 279 339 395 64 151 493 339 198 408 377 125 246 391 244 167 276 125 276 64 99 340 377 312 312 322 417 371 83 148 337 151 391 234 58 276 346 333 244 371 58 346 244 391 371 83 340 340 493 64 244 371 143 408 183 83 198 322 395 371 312 340 496 64 102 234 493 167 377 371 493 22 151 176 151 125 377 172 276 143 320 429 183 183 268 371 339 320 72 395 303 395 99 5 485 234 496 312 396 198 148 312 417 125 276 489 58 176 391 167 303 493 493 172 125 99 396 493 339 408 347 312 408 172 172 279 99 320 395 151 102 279 429 198 276 176 148 167 485 259 396 279 371 371 176 340 58 72 417 125 496 102 151 391 418 417 259 72 268 391 493 5 276 151 183 58 83 259 244 64 346 46 151 143 485 396 151 395 143 58 391 418 246 279 102 346 485 303 259 64 143 99 99 417 46 176 46 493 489 64 391 346 183 143 22 143 259 303 99 339 99 303 496 312 176 234 496 496 496 268 418 346 198 303 485 408 176 58 176 279 418 493 347 322 417 429 408 279 340 259 493 337 489 346 347 172 64 183 320 172 167 320 489 429 99 99 340 279 303 303 312 22 339 377 346 489 64 268 333 391 268 148 244 148 417 83 5 151 259 337 198 22 244 198 322 391 320 337 176 172 320 58 418 320 72 322 246 322 198 396 279 148 322 396 5 268 303 485 22 493 408 102 143 22 244 102 312 347 72 259 377 102 268 5 312 5 395 339 333 408 417 183 172 337 396 418 493 333 83 83 99 408 172 268 64 337 246 333 333 83 83 493 5 347 333 396 22 72 246 429 391 244 148 268 5 5 46 347 176 408 198 347 167 151 337 339 429 244 176 279 276 279 22 22 58 347 172 46 99 143 83 276 268 244 408 198 303 347 320 340 496 346 347 167 268 148 176 5 125 371 244 417 337 493 485 58 496 
  Facilities: 48
 5 : 9 176 244 359 387 406 408 435 447 448 490
 22 : 1 154 287 344 364 391 396 439 465 466
 46 : 254 277 279 449 470
 58 : 29 59 117 123 189 229 248 262 310 374 467 498
 64 : 11 33 64 65 87 102 132 146 252 272 282 329 349 427
 72 : 13 46 171 230 240 377 401 440
 83 : 72 111 128 138 249 358 421 422 432 433 473
 99 : 25 103 175 198 209 274 275 291 293 337 338 423 471
 102 : 21 23 38 62 75 147 213 234 267 394 398 404
 125 : 94 100 158 186 197 232 491
 143 : 4 52 135 162 256 261 273 286 288 395 472
 148 : 35 47 81 112 183 219 354 356 384 445 488
 151 : 88 114 155 157 212 235 246 255 259 360 456
 167 : 41 77 98 150 192 220 333 455 486
 172 : 14 31 160 196 206 207 328 332 372 415 425 469
 176 : 37 156 190 218 227 278 297 309 311 371 451 461 489
 183 : 19 76 137 165 166 247 285 330 414
 198 : 36 91 139 182 216 305 363 366 381 453 478
 234 : 7 10 73 116 148 178 298
 244 : 56 97 121 125 133 251 355 365 397 444 460 476 493
 246 : 50 95 265 379 429 441
 259 : 83 222 239 250 271 289 322 361 402
 268 : 49 74 167 241 302 350 353 388 405 426 446 475 487
 276 : 2 99 101 118 161 187 217 245 463 474
 279 : 84 208 214 224 266 312 320 340 383 462 464
 303 : 44 58 61 173 193 270 290 294 306 341 342 389 479
 312 : 22 32 106 107 143 180 184 204 296 343 399 407
 320 : 0 40 163 170 210 331 334 369 373 376 481
 322 : 67 108 140 316 367 378 380 385
 333 : 34 71 120 351 411 420 430 431 437
 337 : 16 17 39 69 113 324 362 370 416 428 457 495
 339 : 45 85 90 169 201 292 345 410 458
 340 : 57 104 129 130 144 228 321 339 482
 346 : 60 79 119 124 253 268 284 304 326 347 484
 347 : 20 68 203 315 327 400 436 450 454 468 480 485
 371 : 30 70 110 122 127 134 142 152 168 225 226 492
 377 : 18 66 93 105 151 159 346 403
 391 : 54 63 96 115 126 191 236 242 263 283 352 368 443
 395 : 5 8 26 27 86 141 172 174 211 260 409
 396 : 43 181 199 223 258 382 386 417 438
 408 : 92 136 202 205 308 319 393 412 424 452 477
 417 : 109 185 231 238 276 317 357 413 494
 418 : 237 264 303 313 375 418
 429 : 80 164 215 318 336 442 459
 485 : 24 48 51 78 82 177 221 257 269 307 390 497
 489 : 3 12 28 42 188 281 325 335 348
 493 : 6 53 89 131 149 153 194 195 200 243 280 314 323 392 419 434 496
 496 : 15 55 145 179 233 295 299 300 301 483 499
SOLUTION:
  Value: -512115.000000
  Assigns: 345 418 75 125 6 345 220 346 99 5 474 472 107 316 201 155 150 316 316 175 155 312 312 175 485 99 302 317 168 5 268 198 312 95 406 175 198 176 275 268 220 167 201 396 303 302 175 44 485 268 275 485 150 493 176 493 472 168 168 316 346 303 150 220 472 150 69 474 115 44 317 75 176 107 268 396 69 167 479 346 346 69 485 74 279 303 316 115 220 493 474 198 176 377 125 95 153 100 167 275 125 479 167 6 100 317 312 312 201 107 345 95 167 99 153 175 474 302 233 346 74 107 302 472 346 479 150 268 493 377 302 493 75 472 275 69 155 153 99 198 62 107 474 168 275 317 75 168 275 493 167 152 472 493 303 107 176 74 125 377 152 107 376 302 472 345 275 268 152 220 406 125 279 95 346 99 5 485 376 152 312 396 198 100 312 316 125 264 155 115 176 220 406 303 493 493 95 125 99 396 201 152 479 479 376 175 5 74 279 99 74 69 316 125 168 155 198 69 176 115 168 485 472 275 279 406 125 376 175 168 317 115 74 99 479 317 346 418 150 75 346 268 317 493 5 107 220 62 74 233 346 479 152 346 150 95 220 485 396 95 377 75 107 376 418 406 279 44 474 485 44 220 100 44 99 99 317 155 176 95 152 5 201 377 346 100 220 316 220 74 303 99 168 99 317 418 312 176 69 75 472 125 376 418 346 198 303 175 472 176 95 220 479 418 493 62 115 5 6 95 279 268 418 107 275 152 95 150 176 479 406 302 74 6 150 115 152 99 99 153 279 303 44 312 275 6 377 346 75 150 268 168 155 62 150 167 115 152 201 5 479 472 150 198 233 176 198 176 100 153 69 176 264 115 493 418 201 493 279 485 493 198 317 74 264 176 396 316 233 303 100 264 493 316 406 376 376 107 107 312 62 62 479 377 62 155 5 312 5 153 176 95 168 115 99 75 167 474 418 493 62 376 233 99 95 6 95 155 176 485 44 6 268 152 233 5 155 302 396 474 150 107 220 302 472 233 268 155 5 75 479 175 302 107 220 167 5 6 74 115 220 176 279 317 107 317 303 155 474 316 69 99 345 95 493 268 474 155 198 303 264 233 264 346 346 201 220 153 107 176 5 474 377 345 6 233 493 233 44 6 
  Facilities: 46
 5 : 9 29 176 206 244 281 317 359 406 408 435 448 456 490
 6 : 4 103 318 333 345 425 431 457 494 499
 44 : 47 69 267 270 273 342 430 498
 62 : 140 247 315 353 400 401 404 420
 69 : 66 76 81 135 211 217 298 370 470
 74 : 83 120 157 207 210 232 248 289 332 383 458
 75 : 2 71 132 146 239 261 299 348 415 449
 95 : 33 95 111 173 196 255 259 279 310 319 326 411 424 426 473
 99 : 8 25 113 138 175 198 209 233 274 275 291 293 337 338 414 423 471
 100 : 97 104 183 272 285 368 390
 107 : 12 73 109 121 141 155 161 245 262 323 397 398 441 453 464 488
 115 : 68 87 189 219 231 316 335 356 373 413 459
 125 : 3 94 100 158 171 186 197 213 226 301
 150 : 16 52 62 65 126 238 254 327 334 349 354 362 440
 152 : 151 160 168 179 201 252 280 325 336 357 433
 153 : 96 114 137 339 369 409 487
 155 : 15 20 136 188 215 277 352 405 427 436 447 467 477
 167 : 41 77 98 102 112 150 355 416 455
 168 : 28 57 58 143 147 214 220 229 292 351 412
 175 : 19 23 35 46 115 205 228 307 451
 176 : 37 54 72 92 156 190 218 278 297 309 328 365 367 371 385 410 428 461 489
 198 : 31 36 91 139 182 216 305 363 366 381 478
 201 : 14 42 108 200 282 358 376 485
 220 : 6 40 63 88 169 191 246 256 271 286 288 311 442 454 460 486
 233 : 118 249 364 388 422 434 445 481 495 497
 264 : 187 372 384 391 480 482
 268 : 30 39 49 74 127 167 241 321 350 432 446 475
 275 : 38 50 99 134 144 148 166 223 324 344
 279 : 84 172 208 224 266 320 340 378 462
 302 : 26 45 117 122 130 163 331 437 443 452
 303 : 44 61 85 154 193 290 306 341 389 466 479
 312 : 21 22 32 106 107 180 184 296 343 399 407
 316 : 13 17 18 59 86 185 212 287 387 393 469
 317 : 27 70 105 145 230 235 242 276 294 382 463 465
 345 : 0 5 110 165 472 493
 346 : 7 60 79 80 119 124 174 236 240 250 253 284 304 347 483 484
 376 : 162 178 204 227 263 302 395 396 421
 377 : 93 129 159 260 283 346 403 492
 396 : 43 75 181 199 258 386 438
 406 : 34 170 192 225 265 330 394
 418 : 1 237 264 295 303 313 322 375 418
 472 : 11 56 64 123 133 152 164 222 300 308 361 444
 474 : 10 67 90 116 142 268 417 439 468 476 491
 479 : 78 101 125 202 203 234 251 312 329 360 402 450
 485 : 24 48 51 82 177 221 257 269 379 429
 493 : 53 55 89 128 131 149 153 194 195 243 314 374 377 380 392 419 474 496
