# Time: 7.780000
# Elapsed: 3.000834
# Input_file: splp/KoerkelGhosh-sym/250/c/gs250c-5
# Pool_size: 1000
# Iterations: 5
# Final_solutions: 3250
# Vision_range: 0
# Reduction_mode: REDUCTION_BESTS
SOLUTION:
  Value: -334635.000000
  Assigns: 185 185 185 17 185 113 83 17 113 83 83 185 83 83 113 113 83 113 113 17 113 17 17 17 83 113 185 17 83 17 113 113 83 17 185 83 185 113 185 113 113 17 113 83 113 185 113 113 185 17 83 17 113 185 185 185 83 113 83 83 83 83 113 83 83 113 83 17 185 17 83 17 17 185 83 185 17 113 83 113 185 113 113 83 113 113 83 113 113 185 17 17 113 83 17 113 113 113 17 113 83 83 113 113 185 17 185 113 113 185 17 83 185 17 17 17 83 185 83 17 185 113 185 113 113 113 17 113 185 185 17 83 83 17 185 17 17 83 83 185 83 17 185 185 83 113 113 113 83 113 113 17 113 17 17 83 17 185 17 185 185 83 17 185 185 17 185 83 17 113 17 83 17 17 185 83 83 83 113 83 113 17 83 185 83 185 83 185 17 17 185 185 17 83 185 113 185 17 83 185 83 17 83 17 17 83 185 83 185 113 185 185 185 83 17 113 185 185 17 83 83 185 17 185 83 113 17 83 113 185 113 113 83 113 185 113 17 113 185 83 185 185 17 83 83 17 113 113 113 113 
  Facilities: 4
 17 : 3 7 19 21 22 23 27 29 33 41 49 51 67 69 71 72 76 90 91 94 98 105 110 113 114 115 119 126 130 133 135 136 141 151 153 154 156 158 162 165 168 170 172 173 181 188 189 192 197 201 203 204 214 218 222 226 236 242 245
 83 : 6 9 10 12 13 16 24 28 32 35 43 50 56 58 59 60 61 63 64 66 70 74 78 83 86 93 100 101 111 116 118 131 132 137 138 140 144 148 155 161 167 171 175 176 177 179 182 184 186 193 198 200 202 205 207 213 219 220 224 227 232 239 243 244
 113 : 5 8 14 15 17 18 20 25 30 31 37 39 40 42 44 46 47 52 57 62 65 77 79 81 82 84 85 87 88 92 95 96 97 99 102 103 107 108 121 123 124 125 127 145 146 147 149 150 152 169 178 180 195 209 215 225 228 230 231 233 235 237 246 247 248 249
 185 : 0 1 2 4 11 26 34 36 38 45 48 53 54 55 68 73 75 80 89 104 106 109 112 117 120 122 128 129 134 139 142 143 157 159 160 163 164 166 174 183 185 187 190 191 194 196 199 206 208 210 211 212 216 217 221 223 229 234 238 240 241
SOLUTION:
  Value: -334797.000000
  Assigns: 83 83 208 212 113 113 83 113 113 83 212 208 83 212 212 208 83 113 208 83 212 208 83 83 83 212 208 208 212 212 212 113 83 212 208 83 113 113 208 113 113 83 212 83 212 113 113 113 212 83 83 212 113 113 208 208 83 113 83 212 83 83 208 83 83 113 83 113 212 212 83 212 212 83 83 208 212 113 83 113 208 113 113 83 113 113 208 208 113 208 208 212 113 83 83 212 208 113 113 113 83 83 113 113 208 208 212 113 208 212 83 208 212 212 208 212 212 83 83 208 83 113 212 113 208 208 212 113 83 208 83 83 83 208 212 208 208 83 83 83 83 113 113 83 83 212 113 113 83 212 113 208 113 212 208 83 212 83 212 212 208 83 212 83 83 212 208 83 208 113 113 83 113 208 208 83 208 83 212 83 208 83 83 208 83 212 83 113 83 83 113 208 83 83 208 113 212 208 83 212 83 208 83 212 212 83 208 208 212 208 212 212 208 83 113 113 113 208 208 83 83 113 83 208 208 113 208 83 113 208 113 212 83 212 208 212 208 113 208 212 113 212 208 208 83 113 208 113 113 113 
  Facilities: 4
 83 : 0 1 6 9 12 16 19 22 23 24 32 35 41 43 49 50 56 58 60 61 63 64 66 70 73 74 78 83 93 94 100 101 110 117 118 120 128 130 131 132 137 138 139 140 143 144 148 155 157 161 163 164 167 171 175 177 179 181 182 184 186 188 189 192 193 198 200 202 205 213 219 220 222 227 232 244
 113 : 4 5 7 8 17 31 36 37 39 40 45 46 47 52 53 57 65 67 77 79 81 82 84 85 88 92 97 98 99 102 103 107 121 123 127 141 142 146 147 150 152 169 170 172 187 190 195 214 215 216 221 225 228 230 237 240 245 247 248 249
 208 : 2 11 15 18 21 26 27 34 38 54 55 62 75 80 86 87 89 90 96 104 105 108 111 114 119 124 125 129 133 135 136 151 154 160 166 168 173 174 176 180 183 191 194 197 201 206 207 209 212 217 218 223 224 226 229 234 236 238 242 243 246
 212 : 3 10 13 14 20 25 28 29 30 33 42 44 48 51 59 68 69 71 72 76 91 95 106 109 112 113 115 116 122 126 134 145 149 153 156 158 159 162 165 178 185 196 199 203 204 208 210 211 231 233 235 239 241
SOLUTION:
  Value: -334812.000000
  Assigns: 203 155 113 97 155 203 113 113 113 203 97 155 203 203 203 203 155 113 155 155 113 155 155 155 203 155 97 97 203 97 203 113 113 97 203 97 113 155 97 113 113 113 113 113 113 113 113 113 97 155 97 155 203 97 97 97 203 113 203 155 113 97 97 203 97 113 155 97 203 155 155 203 97 155 203 155 155 113 113 113 203 113 113 155 113 113 97 113 113 155 155 203 113 203 203 113 203 97 113 113 113 113 113 113 97 113 155 113 155 97 97 97 97 97 155 97 155 203 203 97 113 113 97 155 203 203 97 113 155 155 203 97 97 155 155 113 97 155 203 97 113 155 203 203 203 113 203 113 97 203 113 97 113 155 203 203 97 203 155 97 97 203 97 155 97 155 155 203 203 113 155 203 203 113 155 203 97 97 97 97 203 203 97 97 203 155 203 203 155 113 113 203 97 97 155 113 203 97 203 97 203 113 97 203 113 155 97 203 203 155 203 97 203 113 113 203 97 97 97 203 97 113 113 97 203 113 97 155 113 155 113 203 97 113 203 97 155 113 155 97 97 97 113 203 203 203 97 113 155 113 
  Facilities: 4
 97 : 3 10 26 27 29 33 35 38 48 50 53 54 55 61 62 64 67 72 86 97 104 109 110 111 112 113 115 119 122 126 131 132 136 139 148 151 156 159 160 162 164 176 177 178 179 182 183 192 193 197 199 202 206 211 216 217 218 220 223 226 232 235 239 240 241 246
 113 : 2 6 7 8 17 20 31 32 36 39 40 41 42 43 44 45 46 47 57 60 65 77 78 79 81 82 84 85 87 88 92 95 98 99 100 101 102 103 105 107 120 121 127 135 140 145 147 150 152 169 173 189 190 195 201 204 213 214 221 222 225 228 230 233 237 242 247 249
 155 : 1 4 11 16 18 19 21 22 23 25 37 49 51 59 66 69 70 73 75 76 83 89 90 106 108 114 116 123 128 129 133 134 137 141 153 158 163 165 166 170 174 185 188 194 205 209 227 229 236 238 248
 203 : 0 5 9 12 13 14 15 24 28 30 34 52 56 58 63 68 71 74 80 91 93 94 96 117 118 124 125 130 138 142 143 144 146 149 154 155 157 161 167 168 171 172 175 180 181 184 186 187 191 196 198 200 203 207 208 210 212 215 219 224 231 234 243 244 245
SOLUTION:
  Value: -334851.000000
  Assigns: 203 155 212 212 155 203 113 113 113 203 155 155 203 203 203 203 155 113 155 155 212 155 155 155 203 212 212 203 212 212 203 113 212 203 203 203 113 155 113 113 113 113 212 113 212 113 113 113 212 155 113 212 203 155 113 212 203 113 203 212 212 212 203 203 212 113 155 203 212 155 155 212 212 155 203 155 212 113 212 113 203 113 113 155 113 113 203 113 113 155 155 203 113 203 203 212 203 113 113 113 113 212 113 113 212 113 155 113 155 212 212 113 212 212 155 155 212 203 212 113 113 113 212 155 203 203 212 113 155 155 203 212 113 155 155 113 212 155 203 155 113 155 203 203 203 212 203 113 203 212 113 212 113 212 203 203 212 203 212 203 212 203 212 155 155 212 155 203 203 113 155 203 203 113 155 203 113 212 212 113 203 203 155 212 203 212 212 203 155 113 113 203 212 212 155 113 212 113 203 212 203 113 113 212 212 155 212 203 212 155 212 212 203 113 113 203 113 155 155 203 113 113 113 113 203 113 212 155 113 155 113 203 203 212 203 212 155 113 155 212 113 212 113 203 203 203 203 113 155 113 
  Facilities: 4
 113 : 6 7 8 17 31 36 38 39 40 41 43 45 46 47 50 54 57 65 77 79 81 82 84 85 87 88 92 97 98 99 100 102 103 105 107 111 119 120 121 127 132 135 140 147 150 152 169 173 176 179 189 190 195 197 201 202 213 214 216 220 221 222 223 225 228 230 237 240 242 247 249
 155 : 1 4 10 11 16 18 19 21 22 23 37 49 53 66 69 70 73 75 83 89 90 106 108 114 115 123 128 129 133 134 137 139 141 163 164 166 170 174 182 188 194 205 209 217 218 227 229 236 238 248
 203 : 0 5 9 12 13 14 15 24 27 30 33 34 35 52 56 58 62 63 67 74 80 86 91 93 94 96 117 124 125 130 138 142 143 144 146 148 154 155 157 159 161 167 168 171 172 175 180 181 184 187 191 198 200 207 212 215 219 224 231 232 234 243 244 245 246
 212 : 2 3 20 25 26 28 29 32 42 44 48 51 55 59 60 61 64 68 71 72 76 78 95 101 104 109 110 112 113 116 118 122 126 131 136 145 149 151 153 156 158 160 162 165 177 178 183 185 186 192 193 196 199 203 204 206 208 210 211 226 233 235 239 241
SOLUTION:
  Value: -334901.000000
  Assigns: 83 155 208 212 155 83 83 83 208 83 155 155 155 212 212 208 83 83 208 155 212 155 155 155 83 212 208 208 212 212 212 83 83 212 208 83 155 155 208 212 155 83 212 83 212 208 212 155 212 83 83 212 212 155 208 208 83 212 83 212 83 83 208 83 83 155 155 212 212 155 155 212 212 155 83 155 212 83 83 208 208 155 208 83 212 212 208 208 212 155 155 212 83 83 155 212 155 83 212 208 83 83 155 83 208 208 155 212 155 212 83 208 212 212 208 155 212 83 83 208 83 212 212 155 208 208 212 208 83 155 83 83 83 208 155 208 208 83 83 155 83 155 155 83 83 212 212 212 83 212 83 208 155 212 208 83 212 83 212 212 208 83 212 155 155 212 208 83 208 208 155 83 83 208 208 83 208 83 212 83 208 155 83 208 83 212 83 83 155 83 83 208 83 83 155 155 212 208 83 212 83 208 83 212 212 155 208 208 212 155 212 212 208 83 212 155 155 208 208 83 83 155 83 208 208 208 208 83 83 208 155 212 83 212 208 212 208 212 155 212 208 212 208 208 83 155 208 83 155 155 
  Facilities: 4
 83 : 0 5 6 7 9 16 17 24 31 32 35 41 43 49 50 56 58 60 61 63 64 74 77 78 83 92 93 97 100 101 103 110 117 118 120 128 130 131 132 137 138 140 143 144 148 150 155 157 161 167 171 172 175 177 179 182 184 186 187 189 190 192 193 198 200 202 213 219 220 222 227 228 232 244 247
 155 : 1 4 10 11 12 19 21 22 23 36 37 40 47 53 65 66 69 70 73 75 81 89 90 94 96 102 106 108 115 123 129 134 139 141 142 152 163 164 170 181 188 194 195 205 209 215 216 221 230 238 245 248 249
 208 : 2 8 15 18 26 27 34 38 45 54 55 62 79 80 82 86 87 99 104 105 111 114 119 124 125 127 133 135 136 151 154 160 166 168 169 173 174 176 180 183 191 197 201 206 207 212 217 218 223 224 225 226 229 234 236 240 242 243 246
 212 : 3 13 14 20 25 28 29 30 33 39 42 44 46 48 51 52 57 59 67 68 71 72 76 84 85 88 91 95 98 107 109 112 113 116 121 122 126 145 146 147 149 153 156 158 159 162 165 178 185 196 199 203 204 208 210 211 214 231 233 235 237 239 241
SOLUTION:
  Value: -334912.000000
  Assigns: 185 185 185 185 185 113 83 113 113 83 83 185 83 83 113 199 83 113 199 83 113 199 83 83 83 199 185 199 83 83 113 113 83 199 185 83 185 113 185 113 113 199 199 83 199 199 113 113 185 185 83 199 113 185 185 185 83 113 199 199 83 83 113 199 199 113 83 199 185 199 83 185 199 185 83 185 83 113 83 113 185 113 113 83 113 113 199 113 113 185 83 199 113 199 83 113 113 113 113 199 83 83 113 113 185 113 185 113 113 185 83 83 199 199 83 113 199 185 83 199 185 113 185 199 113 113 199 113 199 185 199 83 199 199 185 113 83 199 199 185 83 199 185 185 83 113 113 113 199 199 113 199 113 199 185 83 199 199 199 185 185 83 185 185 199 113 185 83 113 113 199 83 113 199 185 83 83 83 113 83 113 185 83 185 83 185 83 199 199 199 185 185 83 83 185 113 199 83 83 185 83 83 83 113 199 83 199 83 185 199 185 185 185 83 113 113 185 185 199 83 83 185 83 185 83 113 113 83 113 185 113 113 83 113 199 113 83 113 185 83 185 199 113 83 83 113 199 199 113 113 
  Facilities: 4
 83 : 6 9 10 12 13 16 19 22 23 24 28 29 32 35 43 50 56 60 61 66 70 74 76 78 83 90 94 100 101 110 111 114 118 131 136 140 144 155 161 167 171 175 176 177 179 182 184 186 192 193 197 198 200 201 202 205 207 213 219 220 222 224 227 232 236 239 243 244
 113 : 5 7 8 14 17 20 30 31 37 39 40 46 47 52 57 62 65 77 79 81 82 84 85 87 88 92 95 96 97 98 102 103 105 107 108 115 121 124 125 127 135 145 146 147 150 152 165 168 169 172 178 180 195 203 214 215 225 226 228 230 231 233 235 237 242 245 248 249
 185 : 0 1 2 3 4 11 26 34 36 38 48 49 53 54 55 68 71 73 75 80 89 104 106 109 117 120 122 129 134 139 142 143 154 159 160 162 163 166 174 181 183 185 190 191 194 199 208 210 211 212 216 217 221 223 229 238 240
 199 : 15 18 21 25 27 33 41 42 44 45 51 58 59 63 64 67 69 72 86 91 93 99 112 113 116 119 123 126 128 130 132 133 137 138 141 148 149 151 153 156 157 158 164 170 173 187 188 189 196 204 206 209 218 234 241 246 247
SOLUTION:
  Value: -334954.000000
  Assigns: 203 117 212 117 203 203 113 113 117 203 117 203 203 203 203 203 117 113 113 117 212 203 117 117 203 212 117 117 117 212 203 113 212 117 203 203 113 113 117 113 113 117 212 117 117 113 113 113 212 113 113 212 203 117 113 212 203 113 203 212 212 212 117 203 212 113 212 117 212 212 113 212 117 117 203 117 212 113 212 113 203 113 113 117 117 113 203 113 113 203 212 203 113 203 203 212 203 113 117 113 113 212 113 113 212 113 212 113 113 117 117 117 212 212 117 212 212 117 117 113 113 113 117 113 203 203 212 113 113 203 203 212 113 203 212 113 212 203 203 117 113 113 203 203 203 212 203 113 203 212 113 212 113 212 203 203 212 203 212 203 212 117 117 117 117 212 212 117 203 113 117 203 203 117 212 203 117 212 212 117 203 203 117 212 203 212 212 203 212 113 117 203 212 212 117 113 212 113 203 212 203 113 113 212 212 117 212 117 212 212 212 117 203 113 113 203 113 117 117 203 113 113 113 113 203 113 212 203 113 117 113 203 117 117 203 212 212 113 117 212 113 212 113 117 203 203 203 113 113 113 
  Facilities: 4
 113 : 6 7 17 18 31 36 37 39 40 45 46 47 49 50 54 57 65 70 77 79 81 82 85 87 88 92 97 99 100 102 103 105 107 108 119 120 121 123 127 128 132 135 140 141 147 150 152 169 189 195 197 201 202 213 214 216 220 221 222 223 225 228 230 237 240 242 247 248 249
 117 : 1 3 8 10 16 19 22 23 26 27 28 33 38 41 43 44 53 62 67 72 73 75 83 84 98 109 110 111 114 117 118 122 139 161 162 163 164 167 170 173 176 179 182 190 194 205 207 211 217 218 229 232 233 238 243
 203 : 0 4 5 9 11 12 13 14 15 21 24 30 34 35 52 56 58 63 74 80 86 89 91 93 94 96 124 125 129 130 133 137 138 142 143 144 146 148 154 155 157 159 168 171 172 175 180 181 184 187 191 198 200 212 215 219 224 227 231 234 244 245 246
 212 : 2 20 25 29 32 42 48 51 55 59 60 61 64 66 68 69 71 76 78 90 95 101 104 106 112 113 115 116 126 131 134 136 145 149 151 153 156 158 160 165 166 174 177 178 183 185 186 188 192 193 196 199 203 204 206 208 209 210 226 235 236 239 241
SOLUTION:
  Value: -335010.000000
  Assigns: 203 199 113 97 203 203 113 113 113 203 97 203 203 203 203 203 97 113 199 199 113 203 203 199 203 199 97 199 203 97 203 113 113 97 203 97 113 113 97 113 113 199 199 113 199 199 113 113 97 113 97 199 203 97 97 97 203 113 199 199 113 199 97 203 199 113 203 97 203 199 97 203 199 203 203 199 203 113 113 113 203 113 113 97 113 113 97 113 113 199 97 203 113 199 203 113 203 97 113 199 113 113 113 113 199 113 113 113 113 97 97 97 199 97 97 97 199 203 203 199 199 113 97 199 203 203 199 113 199 203 199 97 199 97 199 113 97 199 199 97 113 199 203 203 203 113 203 113 199 203 113 199 113 199 203 203 199 203 199 97 97 203 97 203 97 113 97 203 203 113 199 203 203 199 97 203 97 97 97 199 203 203 97 97 203 199 203 199 199 199 113 203 97 199 97 113 203 97 203 97 203 113 97 203 199 203 199 203 203 199 203 97 203 113 113 203 97 97 97 203 97 113 113 97 203 113 97 203 113 113 113 203 97 113 203 97 97 113 199 97 97 199 113 203 203 203 97 199 113 113 
  Facilities: 4
 97 : 3 10 16 26 29 33 35 38 48 50 53 54 55 62 67 70 83 86 90 97 109 110 111 113 114 115 122 131 133 136 139 159 160 162 164 166 174 176 177 178 182 183 192 194 197 199 202 211 216 217 218 220 223 226 232 235 236 239 240 246
 113 : 2 6 7 8 17 20 31 32 36 37 39 40 43 46 47 49 57 60 65 77 78 79 81 82 84 85 87 88 92 95 98 100 101 102 103 105 106 107 108 121 127 135 140 145 147 150 152 165 169 190 195 201 213 214 221 222 225 228 229 230 233 237 242 248 249
 199 : 1 18 19 23 25 27 41 42 44 45 51 58 59 61 64 69 72 75 89 93 99 104 112 116 119 120 123 126 128 130 132 134 137 138 141 148 151 153 156 158 170 173 179 185 187 188 189 193 204 206 209 238 241 247
 203 : 0 4 5 9 11 12 13 14 15 21 22 24 28 30 34 52 56 63 66 68 71 73 74 76 80 91 94 96 117 118 124 125 129 142 143 144 146 149 154 155 157 161 163 167 168 171 172 175 180 181 184 186 191 196 198 200 203 205 207 208 210 212 215 219 224 227 231 234 243 244 245
SOLUTION:
  Value: -335010.000000
  Assigns: 158 83 158 158 158 113 83 113 113 83 83 158 83 158 113 199 83 158 199 83 113 158 158 83 83 199 83 158 83 158 158 113 83 199 158 83 113 113 199 113 113 199 199 83 199 199 113 113 158 83 158 199 113 113 158 113 83 113 199 158 83 83 113 199 199 113 83 158 158 199 83 158 199 158 83 199 83 113 83 113 158 113 113 83 113 113 158 113 113 199 83 199 113 199 83 113 158 113 113 199 83 83 113 113 199 113 113 158 113 199 83 158 199 199 83 158 199 83 83 199 199 113 158 199 113 113 199 113 199 199 199 83 199 158 199 113 158 199 199 199 83 199 158 83 83 113 113 158 199 199 113 199 113 199 113 83 158 199 199 158 158 83 199 83 199 113 158 83 113 113 158 83 113 158 158 83 83 83 113 83 113 83 158 158 83 199 83 199 199 199 158 158 83 83 83 113 158 158 83 158 158 83 83 113 158 158 199 83 113 199 158 158 199 83 113 113 113 158 199 83 83 158 83 113 83 113 113 158 113 158 113 113 83 113 199 113 83 113 158 83 113 199 113 158 83 158 199 199 113 113 
  Facilities: 4
 83 : 1 6 9 10 12 16 19 23 24 26 28 32 35 43 49 56 60 61 66 70 74 76 78 83 90 94 100 101 110 114 117 118 131 140 143 144 155 161 163 167 171 175 176 177 179 181 184 186 192 193 194 198 201 202 207 213 219 220 222 224 232 236 239 244
 113 : 5 7 8 14 20 31 36 37 39 40 46 47 52 53 55 57 62 65 77 79 81 82 84 85 87 88 92 95 97 98 102 103 105 106 108 121 124 125 127 135 145 146 150 152 154 165 168 169 172 178 180 195 203 208 214 215 216 223 225 226 228 230 231 233 235 237 240 242 248 249
 158 : 0 2 3 4 11 13 17 21 22 27 29 30 34 48 50 54 59 67 68 71 73 80 86 96 107 111 115 122 133 136 142 147 156 159 160 166 170 173 174 182 183 190 191 196 197 199 200 204 205 210 211 217 221 227 229 238 243 245
 199 : 15 18 25 33 38 41 42 44 45 51 58 63 64 69 72 75 89 91 93 99 104 109 112 113 116 119 120 123 126 128 129 130 132 134 137 138 139 141 148 149 151 153 157 158 162 164 185 187 188 189 206 209 212 218 234 241 246 247
SOLUTION:
  Value: -335021.000000
  Assigns: 17 17 17 165 203 203 165 17 17 17 165 165 203 165 203 203 17 165 199 17 165 17 17 17 203 199 17 17 203 165 203 199 165 203 165 165 199 165 199 17 165 17 199 165 199 199 199 165 17 17 165 17 203 165 199 165 17 165 199 165 17 199 165 203 199 165 165 17 17 199 165 165 199 165 203 199 17 203 17 165 203 203 203 17 165 165 199 203 199 199 17 203 165 199 17 203 203 17 17 199 199 165 17 199 165 17 203 165 165 199 17 165 199 17 17 17 199 165 17 199 199 165 199 199 203 203 199 17 199 203 199 165 199 17 165 17 17 199 199 199 199 17 203 203 203 199 203 199 199 203 199 199 203 17 17 203 17 203 17 203 17 203 17 203 199 17 165 165 203 17 17 203 17 17 203 203 199 17 203 199 203 17 165 165 203 199 203 199 17 199 165 17 17 17 17 17 203 17 165 17 165 17 165 203 17 165 199 165 203 165 203 199 203 165 17 203 165 165 199 203 17 165 17 165 203 199 165 203 203 165 165 203 165 165 203 203 17 165 165 165 203 199 17 203 203 203 199 199 203 165 
  Facilities: 4
 17 : 0 1 2 7 8 9 16 19 21 22 23 26 27 39 41 48 49 51 56 60 67 68 76 78 83 90 94 97 98 102 105 110 113 114 115 118 127 133 135 136 141 153 154 156 158 160 162 165 169 170 172 173 177 181 188 191 192 193 194 195 197 199 201 204 214 220 222 236 242
 165 : 3 6 10 11 13 17 20 29 32 34 35 37 40 43 47 50 53 55 57 59 62 65 66 70 71 73 79 84 85 92 101 104 107 108 111 117 121 131 134 166 167 182 183 190 198 200 202 205 207 209 213 216 217 221 223 226 229 230 232 233 237 238 239 249
 199 : 18 25 31 36 38 42 44 45 46 54 58 61 64 69 72 75 86 88 89 93 99 100 103 109 112 116 119 120 122 123 126 128 130 132 137 138 139 140 145 147 148 150 151 164 176 179 185 187 189 206 211 218 225 241 246 247
 203 : 4 5 12 14 15 24 28 30 33 52 63 74 77 80 81 82 87 91 95 96 106 124 125 129 142 143 144 146 149 152 155 157 159 161 163 168 171 174 175 178 180 184 186 196 203 208 210 212 215 219 224 227 228 231 234 235 240 243 244 245 248
