# Time: 102.220001
# Elapsed: 23.226587
# Input_file: splp/KoerkelGhosh-sym/250/a/gs250a-5
# Pool_size: 1000
# Iterations: 69
# Final_solutions: 65579
# Vision_range: 0
# Reduction_mode: REDUCTION_RANDOM
SOLUTION:
  Value: -260693.000000
  Assigns: 92 111 15 103 111 161 85 85 15 161 92 160 203 65 211 2 134 39 208 221 160 134 79 39 235 205 69 249 99 9 249 221 65 120 150 59 224 160 205 150 249 132 234 111 121 199 2 103 163 161 99 199 203 65 111 205 120 2 211 120 221 199 134 203 199 249 121 161 99 199 229 194 199 161 59 147 111 194 150 132 160 33 132 161 103 150 132 208 84 134 134 33 211 199 39 211 69 235 9 205 59 120 147 39 18 208 143 234 221 120 85 208 18 121 103 59 111 205 160 229 33 221 147 249 203 235 234 84 150 121 120 221 249 160 134 205 234 199 211 229 134 229 203 203 211 92 163 18 9 33 39 205 18 229 150 194 59 65 111 99 229 9 143 132 249 134 2 9 205 147 224 229 143 33 143 160 147 134 224 121 208 69 221 208 205 194 160 199 99 143 235 229 132 163 39 120 2 211 160 120 160 79 205 143 221 150 160 205 229 160 79 92 208 194 92 203 103 194 84 99 99 249 69 194 92 205 208 194 99 208 15 249 229 205 221 132 208 194 99 59 229 161 235 208 120 234 121 39 121 132 
  Facilities: 38
 2 : 15 46 57 166 196
 9 : 29 98 148 161 167
 15 : 2 8 230
 18 : 104 112 147 152
 33 : 81 91 120 149 173
 39 : 17 23 94 103 150 194 247
 59 : 35 74 100 115 156 239
 65 : 13 32 53 157
 69 : 26 96 181 222
 79 : 22 201 210
 84 : 88 127 218
 85 : 6 7 110
 92 : 0 10 145 211 214 224
 99 : 28 50 68 159 188 219 220 228 238
 103 : 3 47 84 114 216
 111 : 1 4 43 54 76 116 158
 120 : 33 56 59 101 109 130 195 199 244
 121 : 44 66 113 129 179 246 248
 132 : 41 79 82 86 163 192 235 249
 134 : 16 21 62 89 90 134 140 165 177
 143 : 106 162 172 174 189 203
 147 : 75 102 122 169 176
 150 : 34 39 78 85 128 154 205
 160 : 11 20 37 80 118 133 175 186 198 200 206 209
 161 : 5 9 49 67 73 83 241
 163 : 48 146 193
 194 : 71 77 155 185 213 217 223 227 237
 199 : 45 51 61 64 69 72 93 137 187
 203 : 12 52 63 124 142 143 215
 205 : 25 38 55 99 117 135 151 168 184 202 207 225 233
 208 : 18 87 105 111 180 183 212 226 229 236 243
 211 : 14 58 92 95 138 144 197
 221 : 19 31 60 108 121 131 182 204 234
 224 : 36 170 178
 229 : 70 119 139 141 153 160 171 191 208 232 240
 234 : 42 107 126 136 245
 235 : 24 97 125 190 242
 249 : 27 30 40 65 123 132 164 221 231
SOLUTION:
  Value: -260773.000000
  Assigns: 92 111 15 103 111 161 85 85 15 161 92 160 203 65 211 2 134 39 208 221 160 134 79 39 235 205 69 249 99 9 249 221 65 120 150 59 224 160 205 150 249 132 234 111 121 199 2 103 163 161 99 199 203 65 111 205 120 2 211 120 221 199 134 203 199 249 121 161 99 199 229 194 199 161 59 234 111 194 150 132 160 33 132 161 103 150 132 208 84 134 134 33 211 199 39 211 69 235 9 205 59 120 234 39 18 208 143 234 221 120 85 208 18 121 103 59 111 205 160 229 33 221 79 249 203 235 234 84 150 121 120 221 249 160 134 205 234 199 211 229 134 229 203 203 211 92 163 18 9 33 39 205 18 229 150 194 59 65 111 99 229 9 143 132 249 134 2 9 205 9 224 229 143 33 143 160 208 134 224 121 208 69 221 208 205 194 160 199 99 143 235 229 132 163 39 120 2 211 160 120 160 79 205 143 221 150 160 205 229 160 79 92 208 194 92 203 103 194 84 99 99 249 69 194 92 205 208 194 99 208 15 249 229 205 221 132 208 194 99 59 229 161 235 208 120 234 121 39 121 132 
  Facilities: 37
 2 : 15 46 57 166 196
 9 : 29 98 148 161 167 169
 15 : 2 8 230
 18 : 104 112 147 152
 33 : 81 91 120 149 173
 39 : 17 23 94 103 150 194 247
 59 : 35 74 100 115 156 239
 65 : 13 32 53 157
 69 : 26 96 181 222
 79 : 22 122 201 210
 84 : 88 127 218
 85 : 6 7 110
 92 : 0 10 145 211 214 224
 99 : 28 50 68 159 188 219 220 228 238
 103 : 3 47 84 114 216
 111 : 1 4 43 54 76 116 158
 120 : 33 56 59 101 109 130 195 199 244
 121 : 44 66 113 129 179 246 248
 132 : 41 79 82 86 163 192 235 249
 134 : 16 21 62 89 90 134 140 165 177
 143 : 106 162 172 174 189 203
 150 : 34 39 78 85 128 154 205
 160 : 11 20 37 80 118 133 175 186 198 200 206 209
 161 : 5 9 49 67 73 83 241
 163 : 48 146 193
 194 : 71 77 155 185 213 217 223 227 237
 199 : 45 51 61 64 69 72 93 137 187
 203 : 12 52 63 124 142 143 215
 205 : 25 38 55 99 117 135 151 168 184 202 207 225 233
 208 : 18 87 105 111 176 180 183 212 226 229 236 243
 211 : 14 58 92 95 138 144 197
 221 : 19 31 60 108 121 131 182 204 234
 224 : 36 170 178
 229 : 70 119 139 141 153 160 171 191 208 232 240
 234 : 42 75 102 107 126 136 245
 235 : 24 97 125 190 242
 249 : 27 30 40 65 123 132 164 221 231
SOLUTION:
  Value: -260773.000000
  Assigns: 92 111 15 222 111 161 85 66 15 161 92 160 203 65 211 2 134 222 208 221 160 134 79 39 235 205 69 249 66 9 249 221 65 120 92 59 224 160 205 103 249 163 234 111 121 226 226 103 163 161 134 199 203 65 66 205 120 2 211 120 221 199 134 203 199 249 121 161 121 222 229 194 199 161 59 226 111 194 205 15 160 33 33 222 103 33 65 208 84 134 134 33 211 199 39 211 69 235 66 205 59 120 222 39 18 66 143 226 221 66 85 208 18 121 103 59 111 205 160 229 33 66 79 249 203 235 234 84 224 121 120 221 249 160 134 205 234 199 211 229 226 229 203 203 211 92 163 18 9 33 39 205 222 229 226 194 59 65 111 92 229 9 222 121 249 226 2 9 205 9 224 229 143 33 143 160 208 134 224 121 208 69 221 208 205 194 160 199 143 143 235 229 249 163 39 120 2 211 222 120 160 226 205 143 221 235 160 205 229 160 226 92 208 194 92 203 103 226 226 143 66 249 69 226 92 205 208 194 221 208 15 249 229 222 221 66 208 194 79 59 229 161 235 208 120 234 121 39 121 221 
  Facilities: 37
 2 : 15 57 166 196
 9 : 29 148 161 167 169
 15 : 2 8 79 230
 18 : 104 112 147
 33 : 81 82 85 91 120 149 173
 39 : 23 94 103 150 194 247
 59 : 35 74 100 115 156 239
 65 : 13 32 53 86 157
 66 : 7 28 54 98 105 109 121 220 235
 69 : 26 96 181 222
 79 : 22 122 238
 84 : 88 127
 85 : 6 110
 92 : 0 10 34 145 159 211 214 224
 103 : 39 47 84 114 216
 111 : 1 4 43 76 116 158
 120 : 33 56 59 101 130 195 199 244
 121 : 44 66 68 113 129 163 179 246 248
 134 : 16 21 50 62 89 90 134 177
 143 : 106 172 174 188 189 203 219
 160 : 11 20 37 80 118 133 175 186 200 206 209
 161 : 5 9 49 67 73 241
 163 : 41 48 146 193
 194 : 71 77 155 185 213 227 237
 199 : 51 61 64 72 93 137 187
 203 : 12 52 63 124 142 143 215
 205 : 25 38 55 78 99 117 135 151 168 184 202 207 225
 208 : 18 87 111 176 180 183 212 226 229 236 243
 211 : 14 58 92 95 138 144 197
 221 : 19 31 60 108 131 182 204 228 234 249
 222 : 3 17 69 83 102 152 162 198 233
 224 : 36 128 170 178
 226 : 45 46 75 107 140 154 165 201 210 217 218 223
 229 : 70 119 139 141 153 160 171 191 208 232 240
 234 : 42 126 136 245
 235 : 24 97 125 190 205 242
 249 : 27 30 40 65 123 132 164 192 221 231
SOLUTION:
  Value: -260812.000000
  Assigns: 248 117 46 138 46 203 85 85 226 148 125 160 75 123 203 8 183 69 112 108 160 109 138 10 227 115 69 228 117 159 74 109 217 33 217 138 159 109 248 1 159 148 234 117 117 226 226 50 75 112 148 42 203 117 170 217 64 191 217 115 112 125 217 178 123 191 109 159 176 227 228 159 128 10 123 226 33 125 123 170 160 33 227 227 117 248 138 125 227 109 50 170 86 228 42 148 86 178 1 50 186 10 125 160 202 42 227 226 1 148 85 1 191 46 186 109 148 1 209 86 33 248 147 74 203 227 234 228 202 248 227 191 86 86 50 12 191 202 86 147 226 42 203 106 50 42 183 183 50 183 85 46 159 178 1 75 64 1 227 46 209 117 8 117 128 209 1 112 123 147 191 125 1 228 75 148 147 112 186 183 186 69 159 147 186 75 178 42 148 191 248 170 109 74 227 209 86 128 138 64 191 226 128 74 148 202 8 138 183 160 226 117 203 33 159 203 10 226 86 12 248 108 202 202 178 112 75 106 191 191 8 183 115 12 42 125 209 106 8 10 227 42 170 115 46 234 226 123 85 106 
  Facilities: 43
 1 : 39 98 108 111 117 154 157 166 172
 8 : 15 162 206 230 238
 10 : 23 73 101 216 239
 12 : 135 219 233
 33 : 33 76 81 120 213
 42 : 51 94 105 141 145 187 234 241
 46 : 2 4 113 151 159 244
 50 : 47 90 99 134 144 148
 64 : 56 156 199
 69 : 17 26 181
 74 : 30 123 193 203
 75 : 12 48 155 174 185 226
 85 : 6 7 110 150 248
 86 : 92 96 119 132 133 138 196 218
 106 : 143 227 237 249
 108 : 19 221
 109 : 21 31 37 66 89 115 192
 112 : 18 49 60 167 177 225
 115 : 25 59 232 243
 117 : 1 28 43 44 53 84 161 163 211
 123 : 13 64 74 78 168 247
 125 : 10 61 77 87 102 171 235
 128 : 72 164 197 202
 138 : 3 22 35 86 198 207
 147 : 122 139 169 176 183
 148 : 9 41 50 95 109 116 175 188 204
 159 : 29 36 40 67 71 152 182 214
 160 : 11 20 80 103 209
 170 : 54 79 91 191 242
 176 : 68
 178 : 63 97 153 186 224
 183 : 16 146 147 149 179 208 231
 186 : 100 114 178 180 184
 191 : 57 65 112 131 136 170 189 200 228 229
 202 : 104 128 137 205 222 223
 203 : 5 14 52 124 142 212 215
 209 : 118 160 165 195 236
 217 : 32 34 55 58 62
 226 : 8 45 46 75 107 140 201 210 217 246
 227 : 24 69 82 83 88 106 125 130 158 194 240
 228 : 27 70 93 127 173
 234 : 42 126 245
 248 : 0 38 85 121 129 190 220
SOLUTION:
  Value: -260841.000000
  Assigns: 92 111 15 103 111 161 85 85 15 161 67 160 50 65 211 2 134 39 208 67 160 134 79 39 227 205 69 249 103 159 249 221 65 120 92 59 159 160 205 103 249 67 234 111 121 199 2 103 185 161 134 199 203 65 159 205 120 2 211 120 221 199 134 203 199 249 121 159 185 199 229 159 199 161 59 185 111 194 205 15 160 33 227 227 103 33 218 208 227 134 50 33 211 199 39 211 69 235 9 50 59 120 213 39 18 208 143 227 221 227 85 208 18 121 218 59 111 205 160 229 33 221 213 249 203 235 234 213 224 121 120 221 249 160 134 227 234 199 211 229 134 213 203 203 211 218 163 18 50 33 39 205 159 159 50 194 59 65 227 67 229 9 143 121 249 134 2 9 205 9 224 229 143 33 143 67 213 134 224 121 208 69 159 208 205 194 160 199 143 213 235 229 249 163 213 120 218 211 67 120 160 79 205 143 221 235 160 205 229 160 185 92 185 194 92 203 103 194 84 143 33 249 69 50 92 205 208 194 221 208 15 249 229 67 221 120 208 194 79 59 227 161 235 208 120 234 121 39 121 221 
  Facilities: 41
 2 : 15 46 57 166
 9 : 98 161 167 169
 15 : 2 8 79 230
 18 : 104 112 147
 33 : 81 85 91 120 149 173 220
 39 : 17 23 94 103 150 247
 50 : 12 90 99 148 154 223
 59 : 35 74 100 115 156 239
 65 : 13 32 53 157
 67 : 10 19 41 159 175 198 233
 69 : 26 96 181 222
 79 : 22 201 238
 84 : 218
 85 : 6 7 110
 92 : 0 34 211 214 224
 103 : 3 28 39 47 84 216
 111 : 1 4 43 76 116
 120 : 33 56 59 101 130 195 199 235 244
 121 : 44 66 113 129 163 179 246 248
 134 : 16 21 50 62 89 134 140 165 177
 143 : 106 162 172 174 188 203 219
 159 : 29 36 54 67 71 152 153 182
 160 : 11 20 37 80 118 133 186 200 206 209
 161 : 5 9 49 73 241
 163 : 146 193
 185 : 48 68 75 210 212
 194 : 77 155 185 213 217 227 237
 199 : 45 51 61 64 69 72 93 137 187
 203 : 52 63 124 142 143 215
 205 : 25 38 55 78 117 151 168 184 202 207 225
 208 : 18 87 105 111 180 183 226 229 236 243
 211 : 14 58 92 95 138 144 197
 213 : 102 122 127 141 176 189 194
 218 : 86 114 145 196
 221 : 31 60 108 121 131 204 228 234 249
 224 : 128 170 178
 227 : 24 82 83 88 107 109 135 158 240
 229 : 70 119 139 160 171 191 208 232
 234 : 42 126 136 245
 235 : 97 125 190 205 242
 249 : 27 30 40 65 123 132 164 192 221 231
SOLUTION:
  Value: -260859.000000
  Assigns: 248 117 46 138 46 203 12 234 206 148 125 160 75 123 203 8 183 69 112 108 160 109 138 10 227 115 69 228 117 159 74 109 217 33 217 138 159 109 248 1 159 148 234 117 117 226 226 50 75 112 148 42 203 117 170 217 64 191 217 115 112 125 217 178 123 191 109 159 176 227 228 159 128 206 123 226 33 125 123 170 160 33 227 227 117 248 138 125 227 109 50 170 86 228 42 148 206 178 1 50 186 10 125 160 202 42 227 226 1 148 117 1 191 46 186 109 148 1 209 86 33 248 147 74 203 227 234 228 202 248 227 191 86 86 50 12 191 202 86 147 206 42 203 106 50 42 183 183 50 183 227 46 206 178 1 75 64 1 227 46 209 117 8 117 128 209 1 112 123 147 191 125 1 228 75 148 147 112 186 183 186 69 159 147 186 75 178 42 148 191 248 170 109 74 227 209 86 128 138 64 191 226 128 74 148 202 8 138 183 160 226 117 203 33 159 203 10 226 86 12 248 108 202 202 178 112 75 106 191 191 8 183 115 12 42 125 209 106 8 10 227 42 170 115 46 234 226 123 170 106 
  Facilities: 43
 1 : 39 98 108 111 117 154 157 166 172
 8 : 15 162 206 230 238
 10 : 23 101 216 239
 12 : 6 135 219 233
 33 : 33 76 81 120 213
 42 : 51 94 105 141 145 187 234 241
 46 : 2 4 113 151 159 244
 50 : 47 90 99 134 144 148
 64 : 56 156 199
 69 : 17 26 181
 74 : 30 123 193 203
 75 : 12 48 155 174 185 226
 86 : 92 119 132 133 138 196 218
 106 : 143 227 237 249
 108 : 19 221
 109 : 21 31 37 66 89 115 192
 112 : 18 49 60 167 177 225
 115 : 25 59 232 243
 117 : 1 28 43 44 53 84 110 161 163 211
 123 : 13 64 74 78 168 247
 125 : 10 61 77 87 102 171 235
 128 : 72 164 197 202
 138 : 3 22 35 86 198 207
 147 : 122 139 169 176 183
 148 : 9 41 50 95 109 116 175 188 204
 159 : 29 36 40 67 71 182 214
 160 : 11 20 80 103 209
 170 : 54 79 91 191 242 248
 176 : 68
 178 : 63 97 153 186 224
 183 : 16 146 147 149 179 208 231
 186 : 100 114 178 180 184
 191 : 57 65 112 131 136 170 189 200 228 229
 202 : 104 128 137 205 222 223
 203 : 5 14 52 124 142 212 215
 206 : 8 73 96 140 152
 209 : 118 160 165 195 236
 217 : 32 34 55 58 62
 226 : 45 46 75 107 201 210 217 246
 227 : 24 69 82 83 88 106 125 130 150 158 194 240
 228 : 27 70 93 127 173
 234 : 7 42 126 245
 248 : 0 38 85 121 129 190 220
SOLUTION:
  Value: -260863.000000
  Assigns: 248 117 46 138 46 203 12 234 226 148 125 160 75 123 203 8 183 69 112 108 160 109 138 10 227 115 69 228 117 159 74 109 217 33 217 138 159 109 248 1 159 148 234 117 117 226 226 50 75 112 148 42 203 117 170 217 64 191 217 115 112 125 217 178 123 191 109 159 176 227 228 159 128 10 123 226 33 125 123 170 160 33 227 227 117 248 138 125 227 109 50 170 86 228 42 148 86 178 1 50 186 10 125 160 202 42 227 226 1 148 117 1 191 46 186 109 148 1 209 86 33 248 147 74 203 227 234 228 202 248 227 191 86 86 50 12 191 202 86 147 226 42 203 106 50 42 183 183 50 183 227 46 159 178 1 75 64 1 227 46 209 117 8 117 128 209 1 112 123 147 191 125 1 228 75 148 147 112 186 183 186 69 159 147 186 75 178 42 148 191 248 170 109 74 227 209 86 128 138 64 191 226 128 74 148 202 8 138 183 160 226 117 203 33 159 203 10 226 86 12 248 108 202 202 178 112 75 106 191 191 8 183 115 12 42 125 209 106 8 10 227 42 170 115 46 234 226 123 170 106 
  Facilities: 42
 1 : 39 98 108 111 117 154 157 166 172
 8 : 15 162 206 230 238
 10 : 23 73 101 216 239
 12 : 6 135 219 233
 33 : 33 76 81 120 213
 42 : 51 94 105 141 145 187 234 241
 46 : 2 4 113 151 159 244
 50 : 47 90 99 134 144 148
 64 : 56 156 199
 69 : 17 26 181
 74 : 30 123 193 203
 75 : 12 48 155 174 185 226
 86 : 92 96 119 132 133 138 196 218
 106 : 143 227 237 249
 108 : 19 221
 109 : 21 31 37 66 89 115 192
 112 : 18 49 60 167 177 225
 115 : 25 59 232 243
 117 : 1 28 43 44 53 84 110 161 163 211
 123 : 13 64 74 78 168 247
 125 : 10 61 77 87 102 171 235
 128 : 72 164 197 202
 138 : 3 22 35 86 198 207
 147 : 122 139 169 176 183
 148 : 9 41 50 95 109 116 175 188 204
 159 : 29 36 40 67 71 152 182 214
 160 : 11 20 80 103 209
 170 : 54 79 91 191 242 248
 176 : 68
 178 : 63 97 153 186 224
 183 : 16 146 147 149 179 208 231
 186 : 100 114 178 180 184
 191 : 57 65 112 131 136 170 189 200 228 229
 202 : 104 128 137 205 222 223
 203 : 5 14 52 124 142 212 215
 209 : 118 160 165 195 236
 217 : 32 34 55 58 62
 226 : 8 45 46 75 107 140 201 210 217 246
 227 : 24 69 82 83 88 106 125 130 150 158 194 240
 228 : 27 70 93 127 173
 234 : 7 42 126 245
 248 : 0 38 85 121 129 190 220
SOLUTION:
  Value: -260880.000000
  Assigns: 248 117 46 176 46 203 144 234 226 148 125 160 75 123 203 8 183 69 112 108 160 109 64 10 227 115 69 228 117 159 74 109 217 33 217 69 159 109 248 1 159 148 234 117 117 226 226 144 75 112 148 144 203 117 170 217 64 191 217 115 133 125 217 178 123 191 109 159 176 133 228 159 128 10 123 226 33 125 123 170 160 33 227 227 117 248 133 125 227 109 50 170 86 228 42 148 86 178 1 50 186 10 125 160 202 42 227 226 1 148 117 1 191 46 186 109 148 1 209 86 33 248 147 74 203 227 234 144 202 248 227 191 86 86 50 12 191 202 86 147 226 42 203 106 50 42 183 183 50 183 227 46 159 178 1 75 64 1 227 46 209 117 8 117 128 209 1 112 123 147 191 125 1 228 75 148 147 112 133 183 133 69 159 147 186 75 178 144 148 191 248 170 109 74 227 209 86 128 160 64 191 226 128 74 148 202 8 117 183 160 129 144 203 33 159 203 10 226 86 12 248 108 202 202 178 112 75 106 191 191 8 183 115 12 42 125 209 106 8 10 227 42 170 115 144 234 226 123 129 106 
  Facilities: 44
 1 : 39 98 108 111 117 154 157 166 172
 8 : 15 162 206 230 238
 10 : 23 73 101 216 239
 12 : 135 219 233
 33 : 33 76 81 120 213
 42 : 94 105 141 145 234 241
 46 : 2 4 113 151 159
 50 : 90 99 134 144 148
 64 : 22 56 156 199
 69 : 17 26 35 181
 74 : 30 123 193 203
 75 : 12 48 155 174 185 226
 86 : 92 96 119 132 133 138 196 218
 106 : 143 227 237 249
 108 : 19 221
 109 : 21 31 37 66 89 115 192
 112 : 18 49 167 177 225
 115 : 25 59 232 243
 117 : 1 28 43 44 53 84 110 161 163 207
 123 : 13 64 74 78 168 247
 125 : 10 61 77 87 102 171 235
 128 : 72 164 197 202
 129 : 210 248
 133 : 60 69 86 178 180
 144 : 6 47 51 127 187 211 244
 147 : 122 139 169 176 183
 148 : 9 41 50 95 109 116 175 188 204
 159 : 29 36 40 67 71 152 182 214
 160 : 11 20 80 103 198 209
 170 : 54 79 91 191 242
 176 : 3 68
 178 : 63 97 153 186 224
 183 : 16 146 147 149 179 208 231
 186 : 100 114 184
 191 : 57 65 112 131 136 170 189 200 228 229
 202 : 104 128 137 205 222 223
 203 : 5 14 52 124 142 212 215
 209 : 118 160 165 195 236
 217 : 32 34 55 58 62
 226 : 8 45 46 75 107 140 201 217 246
 227 : 24 82 83 88 106 125 130 150 158 194 240
 228 : 27 70 93 173
 234 : 7 42 126 245
 248 : 0 38 85 121 129 190 220
SOLUTION:
  Value: -260881.000000
  Assigns: 241 117 57 214 81 241 144 241 241 8 216 5 24 70 139 8 5 214 81 57 132 213 171 117 24 34 90 249 117 220 249 23 83 81 70 139 171 200 81 23 249 132 241 44 153 133 36 144 81 76 90 144 220 117 242 136 171 136 214 214 133 83 132 200 57 86 220 216 212 133 34 212 214 153 44 12 136 153 83 132 57 171 132 220 117 70 133 133 213 171 44 105 214 144 17 212 86 246 76 220 36 171 213 216 136 242 249 81 36 76 17 76 44 81 246 38 212 23 86 76 144 44 70 249 132 36 38 171 220 133 153 38 249 86 90 12 76 81 86 132 76 213 171 83 249 136 132 139 132 171 34 5 139 246 17 23 17 220 200 36 133 5 47 117 249 47 249 36 241 12 242 81 17 47 241 81 213 90 133 83 220 76 34 136 5 212 83 144 139 76 117 136 132 38 213 200 81 246 36 44 216 136 139 5 17 117 8 117 212 36 212 144 44 83 17 70 242 34 86 12 83 249 17 23 36 24 246 90 70 70 8 249 36 12 136 132 8 105 8 90 47 8 216 105 144 213 153 200 220 132 
  Facilities: 37
 5 : 11 16 151 161 184 203
 8 : 9 15 206 230 236 238 241
 12 : 75 135 169 219 233
 17 : 94 110 154 156 172 204 214 222
 23 : 31 39 117 155 223
 24 : 12 24 225
 34 : 25 70 150 182 217
 36 : 46 100 108 125 159 167 198 209 224 232
 38 : 115 126 131 193
 44 : 43 74 90 112 121 199 212
 47 : 162 165 173 240
 57 : 2 19 64 80
 70 : 13 34 85 122 215 228 229
 76 : 49 98 109 111 119 136 140 181 189
 81 : 4 18 33 38 48 107 113 137 171 175 196
 83 : 32 61 78 143 179 186 213 220
 86 : 65 96 118 133 138 218
 90 : 26 50 134 177 227 239
 105 : 91 237 243
 117 : 1 23 28 53 84 163 190 205 207
 132 : 20 41 62 79 82 124 139 146 148 192 235 249
 133 : 45 60 69 86 87 129 160 178
 136 : 55 57 76 104 145 183 191 201 234
 139 : 14 35 147 152 188 202
 144 : 6 47 51 93 120 187 211 244
 153 : 44 73 77 130 246
 171 : 22 36 56 81 89 101 127 142 149
 200 : 37 63 158 195 247
 212 : 68 71 95 116 185 208 210
 213 : 21 88 102 141 176 194 245
 214 : 3 17 58 59 72 92
 216 : 10 67 103 200 242
 220 : 29 52 66 83 99 128 157 180 248
 241 : 0 5 7 8 42 168 174
 242 : 54 105 170 216
 246 : 97 114 153 197 226
 249 : 27 30 40 106 123 132 144 164 166 221 231
SOLUTION:
  Value: -260885.000000
  Assigns: 92 111 15 103 111 161 85 85 15 161 92 160 203 65 211 2 134 39 208 221 160 134 79 39 235 205 69 249 48 159 249 221 65 120 150 59 159 160 205 150 249 150 234 111 121 199 19 103 163 161 134 199 203 65 159 205 120 19 211 120 48 199 134 203 199 249 121 159 150 199 229 159 199 161 59 48 111 194 150 15 160 48 33 161 103 150 65 208 84 19 134 33 211 199 39 211 69 235 9 205 59 120 19 39 18 208 143 234 19 120 85 208 48 121 103 59 111 205 160 229 33 221 79 249 203 235 234 84 48 121 120 221 249 160 134 205 234 199 211 229 134 229 203 203 211 92 163 18 9 33 39 205 159 159 150 194 59 65 111 92 229 9 143 48 249 134 2 9 205 9 224 229 143 33 143 160 48 134 224 121 208 69 159 208 205 48 160 199 143 143 235 229 249 163 39 120 2 211 19 120 160 79 205 143 221 150 160 205 229 160 79 92 208 194 92 203 103 194 84 143 33 249 69 194 92 205 208 194 221 208 15 19 229 19 221 120 208 194 79 59 229 161 235 208 120 234 121 39 121 221 
  Facilities: 38
 2 : 15 166 196
 9 : 98 148 161 167 169
 15 : 2 8 79 230
 18 : 104 147
 19 : 46 57 89 102 108 198 231 233
 33 : 82 91 120 149 173 220
 39 : 17 23 94 103 150 194 247
 48 : 28 60 75 81 112 128 163 176 185
 59 : 35 74 100 115 156 239
 65 : 13 32 53 86 157
 69 : 26 96 181 222
 79 : 22 122 201 210 238
 84 : 88 127 218
 85 : 6 7 110
 92 : 0 10 145 159 211 214 224
 103 : 3 47 84 114 216
 111 : 1 4 43 76 116 158
 120 : 33 56 59 101 109 130 195 199 235 244
 121 : 44 66 113 129 179 246 248
 134 : 16 21 50 62 90 134 140 165 177
 143 : 106 162 172 174 188 189 203 219
 150 : 34 39 41 68 78 85 154 205
 159 : 29 36 54 67 71 152 153 182
 160 : 11 20 37 80 118 133 175 186 200 206 209
 161 : 5 9 49 73 83 241
 163 : 48 146 193
 194 : 77 155 213 217 223 227 237
 199 : 45 51 61 64 69 72 93 137 187
 203 : 12 52 63 124 142 143 215
 205 : 25 38 55 99 117 135 151 168 184 202 207 225
 208 : 18 87 105 111 180 183 212 226 229 236 243
 211 : 14 58 92 95 138 144 197
 221 : 19 31 121 131 204 228 234 249
 224 : 170 178
 229 : 70 119 139 141 160 171 191 208 232 240
 234 : 42 107 126 136 245
 235 : 24 97 125 190 242
 249 : 27 30 40 65 123 132 164 192 221
