# Time: 48456.699219
# Elapsed: 7675.480469
# Input_file: pmedian/pmed/pmed10.txt
# Pool_size: 400
# Iterations: 67
# Final_solutions: 26600
# Vision_range: 600
# Reduction_mode: REDUCTION_DISPERSE
# Dissimilitude: DISSIM_HAUSDORFF
# Facility_dist: FDISMODE_MINDIST
SOLUTION:
  Value: -1284.000000
  Assigns: 54 58 2 69 66 5 54 60 150 84 103 124 103 130 142 16 16 16 18 150 150 130 38 23 178 190 120 27 27 128 30 58 157 34 34 34 111 38 38 38 40 41 42 121 118 40 46 47 109 137 174 174 193 150 54 103 57 57 58 58 60 58 63 63 92 60 66 67 68 69 23 172 130 197 193 47 46 178 178 178 80 84 38 84 84 84 130 57 54 54 54 150 92 57 172 172 96 97 193 128 128 38 38 103 63 105 107 107 178 109 111 111 57 193 193 174 157 190 118 118 120 121 122 124 124 130 57 127 128 130 130 38 132 136 134 136 136 137 172 130 193 193 142 143 144 146 146 147 40 57 150 5 54 54 150 155 38 157 157 150 150 171 178 118 118 165 171 167 57 54 171 171 172 172 174 105 57 46 178 179 190 178 182 128 57 120 120 171 171 107 190 157 192 193 111 97 118 197 198 199 
  Facilities: 67
 2 : 2
 5 : 5 151
 16 : 15 16 17
 18 : 18
 23 : 23 70
 27 : 27 28
 30 : 30
 34 : 33 34 35
 38 : 22 37 38 39 82 101 102 131 156
 40 : 40 45 148
 41 : 41
 42 : 42
 46 : 46 76 177
 47 : 47 75
 54 : 0 6 54 88 89 90 152 153 169
 57 : 56 57 87 93 112 126 149 168 176 184
 58 : 1 31 58 59 61
 60 : 7 60 65
 63 : 62 63 104
 66 : 4 66
 67 : 67
 68 : 68
 69 : 3 69
 80 : 80
 84 : 9 81 83 84 85
 92 : 64 92
 96 : 96
 97 : 97 195
 103 : 10 12 55 103
 105 : 105 175
 107 : 106 107 189
 109 : 48 109
 111 : 36 110 111 194
 118 : 44 118 119 163 164 196
 120 : 26 120 185 186
 121 : 43 121
 122 : 122
 124 : 11 123 124
 127 : 127
 128 : 29 99 100 128 183
 130 : 13 21 72 86 125 129 130 139
 132 : 132
 134 : 134
 136 : 133 135 136
 137 : 49 137
 142 : 14 142
 143 : 143
 144 : 144
 146 : 145 146
 147 : 147
 150 : 8 19 20 53 91 150 154 159 160
 155 : 155
 157 : 32 116 157 158 191
 165 : 165
 167 : 167
 171 : 161 166 170 171 187 188
 172 : 71 94 95 138 172 173
 174 : 50 51 115 174
 178 : 24 77 78 79 108 162 178 181
 179 : 179
 182 : 182
 190 : 25 117 180 190
 192 : 192
 193 : 52 74 98 113 114 140 141 193
 197 : 73 197
 198 : 198
 199 : 199
SOLUTION:
  Value: -1308.000000
  Assigns: 54 58 2 69 66 5 54 60 150 84 103 124 103 130 142 16 16 16 18 150 150 130 38 190 178 190 120 27 27 128 30 58 157 34 34 34 111 38 38 38 40 41 42 121 118 40 46 47 109 137 174 174 193 150 54 103 57 57 58 58 60 58 63 63 92 60 66 67 68 69 190 172 130 197 193 47 46 178 178 178 80 84 38 84 84 84 130 57 54 54 54 150 92 57 172 172 96 97 193 128 128 38 38 103 63 105 107 107 178 109 111 111 57 193 193 174 157 190 118 118 120 121 122 124 124 130 57 127 128 130 130 38 132 136 134 136 136 137 172 130 193 193 142 143 144 146 146 147 40 57 150 5 54 54 150 155 38 157 157 150 150 171 178 118 118 165 171 167 57 54 171 171 172 172 174 105 57 46 178 179 190 178 182 128 57 120 120 171 171 107 190 157 192 193 111 97 118 197 198 199 
  Facilities: 66
 2 : 2
 5 : 5 151
 16 : 15 16 17
 18 : 18
 27 : 27 28
 30 : 30
 34 : 33 34 35
 38 : 22 37 38 39 82 101 102 131 156
 40 : 40 45 148
 41 : 41
 42 : 42
 46 : 46 76 177
 47 : 47 75
 54 : 0 6 54 88 89 90 152 153 169
 57 : 56 57 87 93 112 126 149 168 176 184
 58 : 1 31 58 59 61
 60 : 7 60 65
 63 : 62 63 104
 66 : 4 66
 67 : 67
 68 : 68
 69 : 3 69
 80 : 80
 84 : 9 81 83 84 85
 92 : 64 92
 96 : 96
 97 : 97 195
 103 : 10 12 55 103
 105 : 105 175
 107 : 106 107 189
 109 : 48 109
 111 : 36 110 111 194
 118 : 44 118 119 163 164 196
 120 : 26 120 185 186
 121 : 43 121
 122 : 122
 124 : 11 123 124
 127 : 127
 128 : 29 99 100 128 183
 130 : 13 21 72 86 125 129 130 139
 132 : 132
 134 : 134
 136 : 133 135 136
 137 : 49 137
 142 : 14 142
 143 : 143
 144 : 144
 146 : 145 146
 147 : 147
 150 : 8 19 20 53 91 150 154 159 160
 155 : 155
 157 : 32 116 157 158 191
 165 : 165
 167 : 167
 171 : 161 166 170 171 187 188
 172 : 71 94 95 138 172 173
 174 : 50 51 115 174
 178 : 24 77 78 79 108 162 178 181
 179 : 179
 182 : 182
 190 : 23 25 70 117 180 190
 192 : 192
 193 : 52 74 98 113 114 140 141 193
 197 : 73 197
 198 : 198
 199 : 199
SOLUTION:
  Value: -1331.000000
  Assigns: 54 58 2 69 74 151 54 60 150 84 103 124 103 130 14 16 16 16 76 150 150 130 39 190 178 190 120 28 28 128 30 58 32 34 34 34 111 39 39 39 57 41 42 43 57 57 76 75 48 49 50 50 193 150 54 103 57 57 58 58 60 58 63 63 64 60 150 67 103 69 190 71 130 74 74 75 76 178 178 178 80 83 39 83 84 84 130 57 54 54 54 150 64 57 94 94 96 97 74 99 100 39 39 103 63 105 107 107 94 48 111 111 57 193 193 115 157 190 164 164 120 43 122 124 124 130 57 127 128 130 130 39 132 136 136 136 136 49 83 130 193 193 14 143 144 146 146 147 148 57 150 151 54 54 151 155 39 157 157 150 150 171 94 164 164 165 171 167 57 54 171 171 94 71 115 105 57 76 178 179 190 178 182 128 57 120 120 171 171 107 190 157 192 193 111 97 57 74 198 54 
  Facilities: 67
 2 : 2
 14 : 14 142
 16 : 15 16 17
 28 : 27 28
 30 : 30
 32 : 32
 34 : 33 34 35
 39 : 22 37 38 39 82 101 102 131 156
 41 : 41
 42 : 42
 43 : 43 121
 48 : 48 109
 49 : 49 137
 50 : 50 51
 54 : 0 6 54 88 89 90 152 153 169 199
 57 : 40 44 45 56 57 87 93 112 126 149 168 176 184 196
 58 : 1 31 58 59 61
 60 : 7 60 65
 63 : 62 63 104
 64 : 64 92
 67 : 67
 69 : 3 69
 71 : 71 173
 74 : 4 73 74 98 197
 75 : 47 75
 76 : 18 46 76 177
 80 : 80
 83 : 81 83 138
 84 : 9 84 85
 94 : 94 95 108 162 172
 96 : 96
 97 : 97 195
 99 : 99
 100 : 100
 103 : 10 12 55 68 103
 105 : 105 175
 107 : 106 107 189
 111 : 36 110 111 194
 115 : 115 174
 120 : 26 120 185 186
 122 : 122
 124 : 11 123 124
 127 : 127
 128 : 29 128 183
 130 : 13 21 72 86 125 129 130 139
 132 : 132
 136 : 133 134 135 136
 143 : 143
 144 : 144
 146 : 145 146
 147 : 147
 148 : 148
 150 : 8 19 20 53 66 91 150 159 160
 151 : 5 151 154
 155 : 155
 157 : 116 157 158 191
 164 : 118 119 163 164
 165 : 165
 167 : 167
 171 : 161 166 170 171 187 188
 178 : 24 77 78 79 178 181
 179 : 179
 182 : 182
 190 : 23 25 70 117 180 190
 192 : 192
 193 : 52 113 114 140 141 193
 198 : 198
SOLUTION:
  Value: -1333.000000
  Assigns: 54 58 2 69 66 5 54 60 150 84 103 124 103 130 142 16 16 16 18 150 150 130 38 190 178 190 120 27 27 128 30 58 157 34 34 34 111 38 38 38 40 41 42 121 118 40 46 47 109 137 174 174 193 150 54 103 57 57 58 58 60 58 63 63 92 60 66 67 68 69 190 172 130 197 193 47 46 178 178 178 80 84 38 84 84 84 130 57 54 54 54 150 92 57 172 172 96 97 193 128 128 38 38 103 63 105 107 107 178 109 111 111 57 193 193 174 157 190 118 118 120 121 122 124 124 130 57 127 128 130 130 38 132 136 134 136 136 137 172 130 193 193 142 143 144 146 146 147 40 57 150 5 54 54 150 155 38 157 157 150 150 171 178 118 118 165 171 167 57 54 171 171 172 172 174 105 57 46 178 179 190 178 182 128 57 120 120 171 171 107 190 157 192 193 111 97 118 197 197 199 
  Facilities: 65
 2 : 2
 5 : 5 151
 16 : 15 16 17
 18 : 18
 27 : 27 28
 30 : 30
 34 : 33 34 35
 38 : 22 37 38 39 82 101 102 131 156
 40 : 40 45 148
 41 : 41
 42 : 42
 46 : 46 76 177
 47 : 47 75
 54 : 0 6 54 88 89 90 152 153 169
 57 : 56 57 87 93 112 126 149 168 176 184
 58 : 1 31 58 59 61
 60 : 7 60 65
 63 : 62 63 104
 66 : 4 66
 67 : 67
 68 : 68
 69 : 3 69
 80 : 80
 84 : 9 81 83 84 85
 92 : 64 92
 96 : 96
 97 : 97 195
 103 : 10 12 55 103
 105 : 105 175
 107 : 106 107 189
 109 : 48 109
 111 : 36 110 111 194
 118 : 44 118 119 163 164 196
 120 : 26 120 185 186
 121 : 43 121
 122 : 122
 124 : 11 123 124
 127 : 127
 128 : 29 99 100 128 183
 130 : 13 21 72 86 125 129 130 139
 132 : 132
 134 : 134
 136 : 133 135 136
 137 : 49 137
 142 : 14 142
 143 : 143
 144 : 144
 146 : 145 146
 147 : 147
 150 : 8 19 20 53 91 150 154 159 160
 155 : 155
 157 : 32 116 157 158 191
 165 : 165
 167 : 167
 171 : 161 166 170 171 187 188
 172 : 71 94 95 138 172 173
 174 : 50 51 115 174
 178 : 24 77 78 79 108 162 178 181
 179 : 179
 182 : 182
 190 : 23 25 70 117 180 190
 192 : 192
 193 : 52 74 98 113 114 140 141 193
 197 : 73 197 198
 199 : 199
SOLUTION:
  Value: -1336.000000
  Assigns: 54 58 2 3 74 151 54 60 150 84 103 124 103 130 14 16 16 16 76 150 150 130 39 190 178 190 120 27 27 128 30 58 32 34 34 34 111 39 39 39 57 41 54 43 57 57 76 75 48 49 51 51 193 150 54 103 57 57 58 58 60 58 63 63 64 60 150 67 103 3 190 71 130 74 74 75 76 178 178 178 80 83 39 83 84 84 130 57 54 54 54 150 64 57 94 94 96 97 74 99 100 39 39 103 63 105 107 107 94 48 111 111 57 193 193 115 157 190 164 164 120 43 122 124 124 130 57 127 128 130 130 39 132 136 134 136 136 49 83 130 193 193 14 143 144 146 146 147 148 57 150 151 54 54 151 155 39 157 157 150 150 171 94 164 164 165 171 167 57 54 171 171 94 71 115 105 57 76 178 179 190 178 182 128 57 120 120 171 171 107 190 157 192 193 111 97 57 74 198 54 
  Facilities: 67
 2 : 2
 3 : 3 69
 14 : 14 142
 16 : 15 16 17
 27 : 27 28
 30 : 30
 32 : 32
 34 : 33 34 35
 39 : 22 37 38 39 82 101 102 131 156
 41 : 41
 43 : 43 121
 48 : 48 109
 49 : 49 137
 51 : 50 51
 54 : 0 6 42 54 88 89 90 152 153 169 199
 57 : 40 44 45 56 57 87 93 112 126 149 168 176 184 196
 58 : 1 31 58 59 61
 60 : 7 60 65
 63 : 62 63 104
 64 : 64 92
 67 : 67
 71 : 71 173
 74 : 4 73 74 98 197
 75 : 47 75
 76 : 18 46 76 177
 80 : 80
 83 : 81 83 138
 84 : 9 84 85
 94 : 94 95 108 162 172
 96 : 96
 97 : 97 195
 99 : 99
 100 : 100
 103 : 10 12 55 68 103
 105 : 105 175
 107 : 106 107 189
 111 : 36 110 111 194
 115 : 115 174
 120 : 26 120 185 186
 122 : 122
 124 : 11 123 124
 127 : 127
 128 : 29 128 183
 130 : 13 21 72 86 125 129 130 139
 132 : 132
 134 : 134
 136 : 133 135 136
 143 : 143
 144 : 144
 146 : 145 146
 147 : 147
 148 : 148
 150 : 8 19 20 53 66 91 150 159 160
 151 : 5 151 154
 155 : 155
 157 : 116 157 158 191
 164 : 118 119 163 164
 165 : 165
 167 : 167
 171 : 161 166 170 171 187 188
 178 : 24 77 78 79 178 181
 179 : 179
 182 : 182
 190 : 23 25 70 117 180 190
 192 : 192
 193 : 52 113 114 140 141 193
 198 : 198
SOLUTION:
  Value: -1337.000000
  Assigns: 54 58 2 69 66 5 54 60 150 84 103 124 103 130 142 16 16 16 18 150 150 130 38 23 178 190 120 27 27 128 30 58 157 34 34 34 111 38 38 38 40 41 42 121 118 40 46 47 109 137 174 174 193 150 54 103 57 57 58 58 60 58 63 63 92 60 66 67 68 69 23 172 130 197 193 47 46 178 178 178 80 81 38 81 84 84 130 57 54 54 54 150 92 57 172 172 96 97 193 128 128 38 38 103 63 105 107 107 178 109 111 111 57 193 193 174 157 190 118 118 120 121 122 124 124 130 57 127 128 130 130 38 132 136 134 136 136 137 172 130 193 193 142 143 144 146 146 147 40 57 150 5 54 54 150 155 38 157 157 150 150 171 178 118 118 165 171 167 57 54 171 171 172 172 174 105 57 46 178 179 190 178 165 128 57 120 120 171 171 107 190 157 192 193 111 97 118 197 198 199 
  Facilities: 67
 2 : 2
 5 : 5 151
 16 : 15 16 17
 18 : 18
 23 : 23 70
 27 : 27 28
 30 : 30
 34 : 33 34 35
 38 : 22 37 38 39 82 101 102 131 156
 40 : 40 45 148
 41 : 41
 42 : 42
 46 : 46 76 177
 47 : 47 75
 54 : 0 6 54 88 89 90 152 153 169
 57 : 56 57 87 93 112 126 149 168 176 184
 58 : 1 31 58 59 61
 60 : 7 60 65
 63 : 62 63 104
 66 : 4 66
 67 : 67
 68 : 68
 69 : 3 69
 80 : 80
 81 : 81 83
 84 : 9 84 85
 92 : 64 92
 96 : 96
 97 : 97 195
 103 : 10 12 55 103
 105 : 105 175
 107 : 106 107 189
 109 : 48 109
 111 : 36 110 111 194
 118 : 44 118 119 163 164 196
 120 : 26 120 185 186
 121 : 43 121
 122 : 122
 124 : 11 123 124
 127 : 127
 128 : 29 99 100 128 183
 130 : 13 21 72 86 125 129 130 139
 132 : 132
 134 : 134
 136 : 133 135 136
 137 : 49 137
 142 : 14 142
 143 : 143
 144 : 144
 146 : 145 146
 147 : 147
 150 : 8 19 20 53 91 150 154 159 160
 155 : 155
 157 : 32 116 157 158 191
 165 : 165 182
 167 : 167
 171 : 161 166 170 171 187 188
 172 : 71 94 95 138 172 173
 174 : 50 51 115 174
 178 : 24 77 78 79 108 162 178 181
 179 : 179
 190 : 25 117 180 190
 192 : 192
 193 : 52 74 98 113 114 140 141 193
 197 : 73 197
 198 : 198
 199 : 199
SOLUTION:
  Value: -1352.000000
  Assigns: 54 58 2 120 74 151 54 60 150 84 103 124 103 130 14 16 16 16 76 150 150 130 39 190 178 190 120 27 27 128 30 58 32 34 34 34 111 39 39 39 57 41 54 43 57 45 76 75 48 49 51 51 193 150 54 103 57 57 58 58 60 58 63 63 64 60 150 67 68 120 190 71 130 74 74 75 76 178 178 178 80 83 39 83 84 84 130 57 54 54 54 150 64 57 94 94 96 97 74 99 100 39 39 103 63 105 107 107 94 48 111 111 57 193 193 115 157 190 164 164 120 43 122 124 124 130 57 127 128 130 130 39 132 136 136 136 136 49 83 130 193 193 14 143 144 146 146 147 148 57 150 151 54 54 151 155 39 157 157 150 150 171 94 164 164 165 171 167 57 54 171 171 94 71 115 105 57 76 178 179 190 178 182 128 57 120 120 171 171 107 190 157 192 193 111 97 57 74 198 54 
  Facilities: 67
 2 : 2
 14 : 14 142
 16 : 15 16 17
 27 : 27 28
 30 : 30
 32 : 32
 34 : 33 34 35
 39 : 22 37 38 39 82 101 102 131 156
 41 : 41
 43 : 43 121
 45 : 45
 48 : 48 109
 49 : 49 137
 51 : 50 51
 54 : 0 6 42 54 88 89 90 152 153 169 199
 57 : 40 44 56 57 87 93 112 126 149 168 176 184 196
 58 : 1 31 58 59 61
 60 : 7 60 65
 63 : 62 63 104
 64 : 64 92
 67 : 67
 68 : 68
 71 : 71 173
 74 : 4 73 74 98 197
 75 : 47 75
 76 : 18 46 76 177
 80 : 80
 83 : 81 83 138
 84 : 9 84 85
 94 : 94 95 108 162 172
 96 : 96
 97 : 97 195
 99 : 99
 100 : 100
 103 : 10 12 55 103
 105 : 105 175
 107 : 106 107 189
 111 : 36 110 111 194
 115 : 115 174
 120 : 3 26 69 120 185 186
 122 : 122
 124 : 11 123 124
 127 : 127
 128 : 29 128 183
 130 : 13 21 72 86 125 129 130 139
 132 : 132
 136 : 133 134 135 136
 143 : 143
 144 : 144
 146 : 145 146
 147 : 147
 148 : 148
 150 : 8 19 20 53 66 91 150 159 160
 151 : 5 151 154
 155 : 155
 157 : 116 157 158 191
 164 : 118 119 163 164
 165 : 165
 167 : 167
 171 : 161 166 170 171 187 188
 178 : 24 77 78 79 178 181
 179 : 179
 182 : 182
 190 : 23 25 70 117 180 190
 192 : 192
 193 : 52 113 114 140 141 193
 198 : 198
SOLUTION:
  Value: -1357.000000
  Assigns: 54 58 2 69 74 151 54 60 150 84 103 124 103 130 14 16 16 16 76 150 150 130 39 190 178 190 120 28 28 128 30 58 32 34 34 34 111 39 39 39 57 41 42 43 57 57 76 75 48 49 50 50 193 150 54 103 57 57 58 58 60 58 63 63 64 60 150 67 103 69 190 71 130 74 74 75 76 178 178 178 80 83 39 83 84 84 130 57 54 54 54 150 64 57 178 178 96 97 74 99 100 39 39 103 63 105 107 107 178 48 111 111 57 193 193 115 157 190 164 164 120 43 122 124 124 130 57 127 128 130 130 39 132 136 136 136 136 49 83 130 193 193 14 143 144 146 146 147 148 57 150 151 54 54 151 155 39 157 157 150 150 171 178 164 164 165 171 167 57 54 171 171 39 71 115 105 57 76 178 179 190 178 182 128 57 120 120 171 171 107 190 157 192 193 111 97 57 74 198 54 
  Facilities: 66
 2 : 2
 14 : 14 142
 16 : 15 16 17
 28 : 27 28
 30 : 30
 32 : 32
 34 : 33 34 35
 39 : 22 37 38 39 82 101 102 131 156 172
 41 : 41
 42 : 42
 43 : 43 121
 48 : 48 109
 49 : 49 137
 50 : 50 51
 54 : 0 6 54 88 89 90 152 153 169 199
 57 : 40 44 45 56 57 87 93 112 126 149 168 176 184 196
 58 : 1 31 58 59 61
 60 : 7 60 65
 63 : 62 63 104
 64 : 64 92
 67 : 67
 69 : 3 69
 71 : 71 173
 74 : 4 73 74 98 197
 75 : 47 75
 76 : 18 46 76 177
 80 : 80
 83 : 81 83 138
 84 : 9 84 85
 96 : 96
 97 : 97 195
 99 : 99
 100 : 100
 103 : 10 12 55 68 103
 105 : 105 175
 107 : 106 107 189
 111 : 36 110 111 194
 115 : 115 174
 120 : 26 120 185 186
 122 : 122
 124 : 11 123 124
 127 : 127
 128 : 29 128 183
 130 : 13 21 72 86 125 129 130 139
 132 : 132
 136 : 133 134 135 136
 143 : 143
 144 : 144
 146 : 145 146
 147 : 147
 148 : 148
 150 : 8 19 20 53 66 91 150 159 160
 151 : 5 151 154
 155 : 155
 157 : 116 157 158 191
 164 : 118 119 163 164
 165 : 165
 167 : 167
 171 : 161 166 170 171 187 188
 178 : 24 77 78 79 94 95 108 162 178 181
 179 : 179
 182 : 182
 190 : 23 25 70 117 180 190
 192 : 192
 193 : 52 113 114 140 141 193
 198 : 198
SOLUTION:
  Value: -1358.000000
  Assigns: 54 58 2 69 66 5 54 60 150 84 103 124 103 130 142 16 16 16 18 150 150 130 38 190 178 190 120 27 27 128 30 58 157 34 34 34 111 38 38 38 40 41 42 121 118 40 46 47 109 137 174 174 193 150 54 103 57 57 58 58 60 58 63 63 92 60 66 67 68 69 190 172 130 197 193 47 46 178 178 178 80 84 38 84 84 84 130 57 54 54 54 150 92 57 172 172 96 97 193 128 128 38 38 103 63 105 107 107 178 109 111 111 57 193 193 174 157 190 118 118 120 121 122 124 124 130 57 127 128 130 130 38 132 136 134 136 136 137 172 130 193 193 142 143 144 146 146 147 40 57 150 5 54 54 150 155 38 157 157 150 150 171 178 118 118 165 171 167 57 54 171 171 172 172 174 105 57 46 178 179 190 178 182 128 57 120 120 171 171 107 190 157 192 193 111 97 118 197 197 54 
  Facilities: 64
 2 : 2
 5 : 5 151
 16 : 15 16 17
 18 : 18
 27 : 27 28
 30 : 30
 34 : 33 34 35
 38 : 22 37 38 39 82 101 102 131 156
 40 : 40 45 148
 41 : 41
 42 : 42
 46 : 46 76 177
 47 : 47 75
 54 : 0 6 54 88 89 90 152 153 169 199
 57 : 56 57 87 93 112 126 149 168 176 184
 58 : 1 31 58 59 61
 60 : 7 60 65
 63 : 62 63 104
 66 : 4 66
 67 : 67
 68 : 68
 69 : 3 69
 80 : 80
 84 : 9 81 83 84 85
 92 : 64 92
 96 : 96
 97 : 97 195
 103 : 10 12 55 103
 105 : 105 175
 107 : 106 107 189
 109 : 48 109
 111 : 36 110 111 194
 118 : 44 118 119 163 164 196
 120 : 26 120 185 186
 121 : 43 121
 122 : 122
 124 : 11 123 124
 127 : 127
 128 : 29 99 100 128 183
 130 : 13 21 72 86 125 129 130 139
 132 : 132
 134 : 134
 136 : 133 135 136
 137 : 49 137
 142 : 14 142
 143 : 143
 144 : 144
 146 : 145 146
 147 : 147
 150 : 8 19 20 53 91 150 154 159 160
 155 : 155
 157 : 32 116 157 158 191
 165 : 165
 167 : 167
 171 : 161 166 170 171 187 188
 172 : 71 94 95 138 172 173
 174 : 50 51 115 174
 178 : 24 77 78 79 108 162 178 181
 179 : 179
 182 : 182
 190 : 23 25 70 117 180 190
 192 : 192
 193 : 52 74 98 113 114 140 141 193
 197 : 73 197 198
SOLUTION:
  Value: -1361.000000
  Assigns: 54 58 2 69 66 5 54 60 150 84 103 124 103 130 142 16 16 16 18 150 150 130 38 23 178 190 120 27 27 128 30 58 157 34 34 34 111 38 38 38 40 41 42 121 118 40 46 47 109 137 174 174 193 150 54 103 57 57 58 58 60 58 63 63 92 60 66 67 68 69 23 172 130 197 193 47 46 178 178 178 80 84 38 84 84 84 130 57 54 54 54 150 92 57 172 172 96 97 193 128 128 38 38 103 63 105 107 107 178 109 111 111 57 193 193 174 157 190 118 118 120 121 122 124 124 130 57 127 128 130 130 38 132 136 134 136 136 137 172 130 193 193 142 143 144 146 146 147 40 57 150 5 54 54 150 155 38 157 157 150 150 171 178 118 118 165 171 167 57 54 171 171 172 172 174 105 57 46 178 179 190 178 165 128 57 120 120 171 171 107 190 157 192 193 111 97 118 197 198 199 
  Facilities: 66
 2 : 2
 5 : 5 151
 16 : 15 16 17
 18 : 18
 23 : 23 70
 27 : 27 28
 30 : 30
 34 : 33 34 35
 38 : 22 37 38 39 82 101 102 131 156
 40 : 40 45 148
 41 : 41
 42 : 42
 46 : 46 76 177
 47 : 47 75
 54 : 0 6 54 88 89 90 152 153 169
 57 : 56 57 87 93 112 126 149 168 176 184
 58 : 1 31 58 59 61
 60 : 7 60 65
 63 : 62 63 104
 66 : 4 66
 67 : 67
 68 : 68
 69 : 3 69
 80 : 80
 84 : 9 81 83 84 85
 92 : 64 92
 96 : 96
 97 : 97 195
 103 : 10 12 55 103
 105 : 105 175
 107 : 106 107 189
 109 : 48 109
 111 : 36 110 111 194
 118 : 44 118 119 163 164 196
 120 : 26 120 185 186
 121 : 43 121
 122 : 122
 124 : 11 123 124
 127 : 127
 128 : 29 99 100 128 183
 130 : 13 21 72 86 125 129 130 139
 132 : 132
 134 : 134
 136 : 133 135 136
 137 : 49 137
 142 : 14 142
 143 : 143
 144 : 144
 146 : 145 146
 147 : 147
 150 : 8 19 20 53 91 150 154 159 160
 155 : 155
 157 : 32 116 157 158 191
 165 : 165 182
 167 : 167
 171 : 161 166 170 171 187 188
 172 : 71 94 95 138 172 173
 174 : 50 51 115 174
 178 : 24 77 78 79 108 162 178 181
 179 : 179
 190 : 25 117 180 190
 192 : 192
 193 : 52 74 98 113 114 140 141 193
 197 : 73 197
 198 : 198
 199 : 199
