# Time: 2.660000
# Elapsed: 1.557343
# Input_file: splp/GapB/1831GapBS.txt
# Pool_size: 200
# Iterations: 37
# Final_solutions: 7070
# Vision_range: 0
# Reduction_mode: REDUCTION_RANDOM
SOLUTION:
  Value: -78101.000000
  Assigns: 33 74 11 41 73 7 41 64 88 64 30 56 6 91 81 58 91 88 42 75 11 11 91 45 81 75 73 73 56 6 30 88 6 57 7 91 33 32 62 11 57 7 91 98 9 74 92 64 42 98 91 64 41 62 76 74 92 32 33 58 81 62 41 57 56 45 32 7 39 57 62 32 39 58 9 9 30 56 74 58 24 11 64 6 91 42 75 81 73 74 62 42 91 64 24 24 9 73 41 24 
  Facilities: 26
 6 : 12 29 32 83
 7 : 5 34 41 67
 9 : 44 74 75 96
 11 : 2 20 21 39 81
 24 : 80 94 95 99
 30 : 10 30 76
 32 : 37 57 66 71
 33 : 0 36 58
 39 : 68 72
 41 : 3 6 52 62 98
 42 : 18 48 85 91
 45 : 23 65
 56 : 11 28 64 77
 57 : 33 40 63 69
 58 : 15 59 73 79
 62 : 38 53 61 70 90
 64 : 7 9 47 51 82 93
 73 : 4 26 27 88 97
 74 : 1 45 55 78 89
 75 : 19 25 86
 76 : 54
 81 : 14 24 60 87
 88 : 8 17 31
 91 : 13 16 22 35 42 50 84 92
 92 : 46 56
 98 : 43 49
SOLUTION:
  Value: -78105.000000
  Assigns: 33 50 96 13 99 23 18 4 87 92 37 28 4 91 81 87 91 87 38 50 14 43 91 92 14 33 62 63 94 4 4 70 96 94 92 91 4 70 62 87 14 28 91 18 92 79 92 79 63 99 13 63 18 62 70 94 23 18 33 5 37 37 37 23 14 82 96 9 94 79 43 81 63 83 38 9 83 81 83 87 13 38 23 4 91 43 37 50 83 4 37 96 91 79 79 38 18 87 70 13 
  Facilities: 26
 4 : 7 12 29 30 36 83 89
 5 : 59
 9 : 67 75
 13 : 3 50 80 99
 14 : 20 24 40 64
 18 : 6 43 52 57 96
 23 : 5 56 63 82
 28 : 11 41
 33 : 0 25 58
 37 : 10 60 61 62 86 90
 38 : 18 74 81 95
 43 : 21 70 85
 50 : 1 19 87
 62 : 26 38 53
 63 : 27 48 51 72
 70 : 31 37 54 98
 79 : 45 47 69 93 94
 81 : 14 71 77
 82 : 65
 83 : 73 76 78 88
 87 : 8 15 17 39 79 97
 91 : 13 16 22 35 42 84 92
 92 : 9 23 34 44 46
 94 : 28 33 55 68
 96 : 2 32 66 91
 99 : 4 49
SOLUTION:
  Value: -81094.000000
  Assigns: 71 74 11 41 73 7 41 4 88 64 30 56 4 91 81 58 91 88 42 73 11 11 91 92 81 33 73 73 56 4 30 88 68 57 7 91 33 32 62 11 57 7 91 7 9 74 92 64 68 99 91 68 99 62 76 71 92 32 33 58 81 62 41 57 56 68 32 7 71 57 62 32 63 58 9 9 30 56 74 58 24 11 64 4 91 42 68 81 73 74 62 42 91 64 79 24 9 73 41 24 
  Facilities: 27
 4 : 7 12 29 83
 7 : 5 34 41 43 67
 9 : 44 74 75 96
 11 : 2 20 21 39 81
 24 : 80 95 99
 30 : 10 30 76
 32 : 37 57 66 71
 33 : 25 36 58
 41 : 3 6 62 98
 42 : 18 85 91
 56 : 11 28 64 77
 57 : 33 40 63 69
 58 : 15 59 73 79
 62 : 38 53 61 70 90
 63 : 72
 64 : 9 47 82 93
 68 : 32 48 51 65 86
 71 : 0 55 68
 73 : 4 19 26 27 88 97
 74 : 1 45 78 89
 76 : 54
 79 : 94
 81 : 14 24 60 87
 88 : 8 17 31
 91 : 13 16 22 35 42 50 84 92
 92 : 23 46 56
 99 : 49 52
SOLUTION:
  Value: -81102.000000
  Assigns: 71 54 97 49 18 26 18 7 87 39 37 56 28 89 81 87 19 87 38 89 53 38 33 16 40 33 89 71 56 79 30 97 97 23 7 26 33 53 53 87 98 28 97 18 23 79 89 97 30 98 54 19 18 7 83 71 23 18 90 16 37 37 37 6 56 54 81 7 39 79 40 89 39 83 38 6 30 56 83 90 90 38 23 6 16 49 37 16 83 38 49 26 81 79 18 38 18 39 81 54 
  Facilities: 27
 6 : 63 75 83
 7 : 7 34 53 67
 16 : 23 59 84 87
 18 : 4 6 43 52 57 94 96
 19 : 16 51
 23 : 33 44 56 82
 26 : 5 35 91
 28 : 12 41
 30 : 30 48 76
 33 : 22 25 36
 37 : 10 60 61 62 86
 38 : 18 21 74 81 89 95
 39 : 9 68 72 97
 40 : 24 70
 49 : 3 85 90
 53 : 20 37 38
 54 : 1 50 65 99
 56 : 11 28 64 77
 71 : 0 27 55
 79 : 29 45 69 93
 81 : 14 66 92 98
 83 : 54 73 78 88
 87 : 8 15 17 39
 89 : 13 19 26 46 71
 90 : 58 79 80
 97 : 2 31 32 42 47
 98 : 40 49
SOLUTION:
  Value: -81120.000000
  Assigns: 33 45 34 13 60 34 9 7 22 45 30 86 45 91 86 58 91 38 38 89 40 59 91 45 86 33 89 19 94 69 30 69 13 94 7 91 69 55 14 5 65 65 91 22 92 69 89 58 30 65 13 19 7 7 22 94 92 69 90 58 19 59 14 92 14 55 40 7 55 40 34 89 39 58 38 9 59 22 69 90 90 38 55 65 91 65 89 5 86 38 69 79 91 79 79 38 9 39 14 13 
  Facilities: 27
 5 : 39 87
 7 : 7 34 52 53 67
 9 : 6 75 96
 13 : 3 32 50 99
 14 : 38 62 64 98
 19 : 27 51 60
 22 : 8 43 54 77
 30 : 10 30 48
 33 : 0 25
 34 : 2 5 70
 38 : 17 18 74 81 89 95
 39 : 72 97
 40 : 20 66 69
 45 : 1 9 12 23
 55 : 37 65 68 82
 58 : 15 47 59 73
 59 : 21 61 76
 60 : 4
 65 : 40 41 49 83 85
 69 : 29 31 36 45 57 78 90
 79 : 91 93 94
 86 : 11 14 24 88
 89 : 19 26 46 71 86
 90 : 58 79 80
 91 : 13 16 22 35 42 84 92
 92 : 44 56 63
 94 : 28 33 55
SOLUTION:
  Value: -84096.000000
  Assigns: 33 74 11 41 73 23 41 64 88 64 30 56 61 91 86 58 91 88 38 13 11 11 91 13 81 33 73 73 56 69 30 88 85 23 76 91 69 85 62 11 57 61 91 98 9 74 38 64 42 98 13 64 41 62 76 74 23 69 33 58 81 62 41 61 56 23 81 9 98 57 62 81 78 58 38 9 30 56 74 58 13 11 23 91 91 42 23 81 73 74 69 42 91 64 79 38 9 73 41 13 
  Facilities: 28
 9 : 44 67 75 96
 11 : 2 20 21 39 81
 13 : 19 23 50 80 99
 23 : 5 33 56 65 82 86
 30 : 10 30 76
 33 : 0 25 58
 38 : 18 46 74 95
 41 : 3 6 52 62 98
 42 : 48 85 91
 56 : 11 28 64 77
 57 : 40 69
 58 : 15 59 73 79
 61 : 12 41 63
 62 : 38 53 61 70
 64 : 7 9 47 51 93
 69 : 29 36 57 90
 72 :
 73 : 4 26 27 88 97
 74 : 1 45 55 78 89
 76 : 34 54
 78 : 72
 79 : 94
 81 : 24 60 66 71 87
 85 : 32 37
 86 : 14
 88 : 8 17 31
 91 : 13 16 22 35 42 83 84 92
 98 : 43 49 68
SOLUTION:
  Value: -84102.000000
  Assigns: 33 74 11 41 73 2 18 64 88 64 30 56 18 91 86 58 91 88 78 13 11 11 91 2 81 33 73 73 56 69 30 88 13 57 51 91 69 48 62 11 57 42 91 18 9 74 2 64 42 51 13 36 18 62 76 74 72 51 33 58 2 62 41 57 56 80 81 9 36 57 62 81 78 58 9 9 30 56 74 58 13 11 64 91 91 42 86 81 73 74 69 42 91 64 18 81 18 73 41 13 
  Facilities: 28
 2 : 5 23 46 60
 9 : 44 67 74 75
 11 : 2 20 21 39 81
 13 : 19 32 50 80 99
 18 : 6 12 43 52 94 96
 30 : 10 30 76
 33 : 0 25 58
 36 : 51 68
 41 : 3 62 98
 42 : 41 48 85 91
 48 : 37
 51 : 34 49 57
 56 : 11 28 64 77
 57 : 33 40 63 69
 58 : 15 59 73 79
 62 : 38 53 61 70
 64 : 7 9 47 82 93
 69 : 29 36 90
 72 : 56
 73 : 4 26 27 88 97
 74 : 1 45 55 78 89
 76 : 54
 78 : 18 72
 80 : 65
 81 : 24 66 71 87 95
 86 : 14 86
 88 : 8 17 31
 91 : 13 16 22 35 42 83 84 92
SOLUTION:
  Value: -84110.000000
  Assigns: 33 74 11 41 73 2 41 64 88 64 30 56 28 91 86 58 91 88 78 13 11 11 91 2 81 33 73 73 56 69 30 88 13 57 51 91 69 48 62 11 57 28 91 88 9 74 2 64 42 51 13 36 41 62 76 74 72 51 33 58 2 62 41 57 56 80 81 9 36 57 62 81 78 58 9 9 30 56 74 58 13 11 64 91 91 42 86 81 73 74 69 42 91 64 48 81 9 73 41 13 
  Facilities: 28
 2 : 5 23 46 60
 9 : 44 67 74 75 96
 11 : 2 20 21 39 81
 13 : 19 32 50 80 99
 28 : 12 41
 30 : 10 30 76
 33 : 0 25 58
 36 : 51 68
 41 : 3 6 52 62 98
 42 : 48 85 91
 48 : 37 94
 51 : 34 49 57
 56 : 11 28 64 77
 57 : 33 40 63 69
 58 : 15 59 73 79
 62 : 38 53 61 70
 64 : 7 9 47 82 93
 69 : 29 36 90
 72 : 56
 73 : 4 26 27 88 97
 74 : 1 45 55 78 89
 76 : 54
 78 : 18 72
 80 : 65
 81 : 24 66 71 87 95
 86 : 14 86
 88 : 8 17 31 43
 91 : 13 16 22 35 42 83 84 92
SOLUTION:
  Value: -87087.000000
  Assigns: 8 74 11 41 18 23 18 70 88 45 63 85 83 91 90 36 91 88 26 89 11 11 91 45 72 33 73 72 62 45 33 88 26 23 76 91 85 85 62 11 65 65 91 18 23 74 89 88 63 65 91 36 18 62 70 74 23 18 8 16 8 62 41 23 16 23 96 82 28 76 43 89 63 83 11 74 80 83 74 90 90 11 23 16 91 43 23 16 83 74 62 96 91 72 18 43 18 73 85 8 
  Facilities: 29
 8 : 0 58 60 99
 11 : 2 20 21 39 74 81
 16 : 59 64 83 87
 18 : 4 6 43 52 57 94 96
 23 : 5 33 44 56 63 65 82 86
 26 : 18 32
 28 : 68
 33 : 25 30
 36 : 15 51
 41 : 3 62
 43 : 70 85 95
 45 : 9 23 29
 62 : 28 38 53 61 90
 63 : 10 48 72
 65 : 40 41 49
 70 : 7 54
 72 : 24 27 93
 73 : 26 97
 74 : 1 45 55 75 78 89
 76 : 34 69
 80 : 76
 82 : 67
 83 : 12 73 77 88
 85 : 11 36 37 98
 88 : 8 17 31 47
 89 : 19 46 71
 90 : 14 79 80
 91 : 13 16 22 35 42 50 84 92
 96 : 66 91
SOLUTION:
  Value: -87103.000000
  Assigns: 8 57 97 41 60 23 41 4 15 92 30 8 4 77 12 36 53 36 97 75 47 21 57 92 44 75 27 36 94 4 4 97 97 23 75 44 69 59 53 5 57 47 57 98 92 44 92 97 30 96 41 44 44 21 72 94 23 69 8 16 8 60 41 57 16 23 96 30 94 57 12 12 53 72 28 12 59 47 69 79 59 28 23 4 16 15 23 5 21 4 69 96 69 72 79 44 12 12 41 8 
  Facilities: 29
 4 : 7 12 29 30 83 89
 5 : 39 87
 8 : 0 11 58 60 99
 12 : 14 70 71 75 96 97
 15 : 8 85
 16 : 59 64 84
 21 : 21 53 88
 23 : 5 33 56 65 82 86
 27 : 26
 28 : 74 81
 30 : 10 48 67
 36 : 15 17 27
 41 : 3 6 50 62 98
 44 : 24 35 45 51 52 95
 47 : 20 41 77
 53 : 16 38 72
 57 : 1 22 40 42 63 69
 59 : 37 76 80
 60 : 4 61
 69 : 36 57 78 90 92
 72 : 54 73 93
 75 : 19 25 34
 77 : 13
 79 : 79 94
 92 : 9 23 44 46
 94 : 28 55 68
 96 : 49 66 91
 97 : 2 18 31 32 47
 98 : 43
