# Time: 2.050000
# Elapsed: 0.458105
# Input_file: splp/M/P/MP3
# Pool_size: 200
# Iterations: 7
# Final_solutions: 1136
# Vision_range: 0
# Reduction_mode: REDUCTION_RANDOM
SOLUTION:
  Value: -2865.971970
  Assigns: 149 146 156 140 156 156 79 140 146 140 79 146 140 149 146 146 79 146 140 149 146 140 156 156 140 140 149 140 146 149 156 149 156 156 156 146 156 146 149 149 79 140 79 156 149 79 79 140 156 156 146 140 156 156 140 146 79 140 140 140 156 146 146 146 146 79 140 156 149 146 146 79 140 156 79 146 146 149 149 149 146 79 156 140 149 149 79 146 140 79 79 79 79 146 79 156 79 140 79 156 156 146 149 79 140 140 79 146 149 149 146 146 149 146 149 156 146 149 140 149 156 149 79 156 156 149 149 149 79 140 149 140 156 79 146 149 140 79 149 156 146 156 156 149 140 79 79 140 140 79 156 140 146 149 156 140 140 146 149 79 79 146 140 140 146 156 140 146 146 156 146 149 156 156 156 79 79 140 79 140 156 140 149 156 156 140 146 146 140 140 146 140 79 156 149 149 156 146 79 140 
  Facilities: 5
 79 : 6 10 16 40 42 45 46 56 65 71 74 81 86 89 90 91 92 94 96 98 103 106 122 128 133 137 145 146 149 159 160 175 176 178 192 198
 140 : 3 7 9 12 18 21 24 25 27 41 47 51 54 57 58 59 66 72 83 88 97 104 105 118 129 131 136 144 147 148 151 155 156 162 163 166 177 179 181 185 188 189 191 199
 146 : 1 8 11 14 15 17 20 28 35 37 50 55 61 62 63 64 69 70 75 76 80 87 93 101 107 110 111 113 116 134 140 152 157 161 164 167 168 170 186 187 190 197
 149 : 0 13 19 26 29 31 38 39 44 68 77 78 79 84 85 102 108 109 112 114 117 119 121 125 126 127 130 135 138 143 153 158 171 182 194 195
 156 : 2 4 5 22 23 30 32 33 34 36 43 48 49 52 53 60 67 73 82 95 99 100 115 120 123 124 132 139 141 142 150 154 165 169 172 173 174 180 183 184 193 196
SOLUTION:
  Value: -2881.525390
  Assigns: 156 15 156 165 165 156 165 15 140 15 140 15 140 15 165 165 140 165 140 59 165 15 156 156 165 140 165 140 165 15 165 15 156 156 59 165 156 15 15 165 140 140 15 156 165 59 15 140 156 59 59 140 156 156 15 156 165 15 165 140 59 165 15 15 165 165 140 156 59 15 156 59 140 156 15 15 15 59 59 165 140 140 156 140 59 59 15 165 140 59 15 165 59 59 59 156 59 140 156 165 59 165 15 156 140 165 165 165 165 156 140 15 59 156 165 15 15 165 140 140 156 59 165 59 156 165 15 165 15 59 15 165 156 15 59 165 140 59 140 59 59 156 156 15 140 15 15 15 140 156 156 15 15 59 156 140 15 59 15 140 165 15 140 165 59 15 140 165 15 156 165 165 59 156 156 59 15 140 15 165 156 140 15 156 165 140 15 15 165 140 156 140 59 156 165 165 156 140 140 165 
  Facilities: 5
 15 : 1 7 9 11 13 21 29 31 37 38 42 46 54 57 62 63 69 74 75 76 86 90 102 111 115 116 126 128 130 133 143 145 146 147 151 152 156 158 161 165 168 176 178 182 186 187
 59 : 19 34 45 49 50 60 68 71 77 78 84 85 89 92 93 94 96 100 112 121 123 129 134 137 139 140 153 157 164 172 175 192
 140 : 8 10 12 16 18 25 27 40 41 47 51 59 66 72 80 81 83 88 97 104 110 118 119 136 138 144 148 155 159 162 166 177 181 185 189 191 197 198
 156 : 0 2 5 22 23 32 33 36 43 48 52 53 55 67 70 73 82 95 98 103 109 113 120 124 132 141 142 149 150 154 169 173 174 180 183 190 193 196
 165 : 3 4 6 14 15 17 20 24 26 28 30 35 39 44 56 58 61 64 65 79 87 91 99 101 105 106 107 108 114 117 122 125 127 131 135 160 163 167 170 171 179 184 188 194 195 199
SOLUTION:
  Value: -2920.908490
  Assigns: 149 146 156 146 194 156 79 194 146 142 194 146 142 149 146 146 79 142 79 149 146 79 142 156 142 142 149 79 146 149 156 149 156 194 142 146 156 146 149 142 79 146 194 156 142 142 79 79 156 156 194 194 156 156 149 142 79 142 156 194 142 146 146 146 146 79 142 142 149 142 146 142 142 156 142 146 146 149 149 149 142 79 142 142 142 149 79 146 149 142 142 142 79 194 79 156 79 142 79 156 156 142 194 79 194 149 79 146 142 149 146 194 149 146 149 194 146 149 194 149 156 149 79 156 156 149 194 194 79 142 149 156 156 194 194 149 142 79 149 156 146 156 142 194 149 79 79 79 149 79 156 194 146 149 142 142 149 194 149 79 79 194 194 194 146 156 142 146 146 156 194 149 156 156 156 194 79 194 79 194 156 142 149 156 156 149 146 142 194 146 142 194 79 156 149 149 156 146 79 194 
  Facilities: 6
 79 : 6 16 18 21 27 40 46 47 56 65 81 86 92 94 96 98 103 106 122 128 137 145 146 147 149 159 160 176 178 192 198
 142 : 9 12 17 22 24 25 34 39 44 45 55 57 60 66 67 69 71 72 74 80 82 83 84 89 90 91 97 101 108 129 136 142 154 155 166 181 187 190
 146 : 1 3 8 11 14 15 20 28 35 37 41 61 62 63 64 70 75 76 87 107 110 113 116 140 152 164 167 168 186 189 197
 149 : 0 13 19 26 29 31 38 54 68 77 78 79 85 88 105 109 112 114 117 119 121 125 130 135 138 144 148 153 156 158 171 182 185 194 195
 156 : 2 5 23 30 32 36 43 48 49 52 53 58 73 95 99 100 120 123 124 131 132 139 141 150 165 169 172 173 174 180 183 184 193 196
 194 : 4 7 10 33 42 50 51 59 93 102 104 111 115 118 126 127 133 134 143 151 157 161 162 163 170 175 177 179 188 191 199
SOLUTION:
  Value: -2936.559330
  Assigns: 149 146 156 146 194 156 79 194 146 156 194 146 146 149 146 146 79 146 79 149 146 79 156 156 79 194 149 79 146 149 156 149 156 194 194 146 156 146 149 149 79 146 194 156 149 79 79 79 156 156 194 194 156 156 149 146 79 79 156 194 156 146 146 146 146 79 149 156 149 194 146 79 146 156 194 146 146 149 149 149 146 79 156 149 149 149 79 146 149 79 79 79 79 194 79 156 79 194 79 156 156 146 194 79 194 149 79 146 149 149 146 194 149 146 149 194 146 149 194 149 156 149 79 156 156 149 194 194 79 79 149 156 156 194 194 149 149 79 149 156 146 156 156 194 149 79 79 79 149 79 156 194 146 149 156 149 149 194 149 79 79 194 194 194 146 156 156 146 146 156 194 149 156 156 156 194 79 194 79 194 156 156 149 156 156 149 146 146 194 146 146 194 79 156 149 149 156 146 79 194 
  Facilities: 5
 79 : 6 16 18 21 24 27 40 45 46 47 56 57 65 71 81 86 89 90 91 92 94 96 98 103 106 122 128 129 137 145 146 147 149 159 160 176 178 192 198
 146 : 1 3 8 11 12 14 15 17 20 28 35 37 41 55 61 62 63 64 70 72 75 76 80 87 101 107 110 113 116 140 152 164 167 168 186 187 189 190 197
 149 : 0 13 19 26 29 31 38 39 44 54 66 68 77 78 79 83 84 85 88 105 108 109 112 114 117 119 121 125 130 135 136 138 144 148 153 155 156 158 171 182 185 194 195
 156 : 2 5 9 22 23 30 32 36 43 48 49 52 53 58 60 67 73 82 95 99 100 120 123 124 131 132 139 141 142 150 154 165 166 169 172 173 174 180 181 183 184 193 196
 194 : 4 7 10 25 33 34 42 50 51 59 69 74 93 97 102 104 111 115 118 126 127 133 134 143 151 157 161 162 163 170 175 177 179 188 191 199
SOLUTION:
  Value: -2952.150410
  Assigns: 146 146 156 66 156 156 66 174 146 66 96 146 96 96 146 146 140 146 140 66 96 140 96 156 174 140 66 140 146 146 156 174 156 156 96 146 156 146 66 174 66 140 66 156 174 174 96 174 156 156 146 96 156 156 140 146 66 174 140 140 66 96 146 146 96 174 140 66 96 96 146 174 140 174 96 146 146 174 66 96 146 66 66 140 66 174 146 146 140 174 146 140 96 146 66 156 146 140 174 174 96 146 174 96 140 174 174 146 66 156 146 146 174 96 96 96 96 66 140 66 156 66 174 156 156 96 96 174 174 140 146 140 156 96 146 140 174 66 140 174 66 156 156 96 174 156 66 140 140 66 156 140 146 156 174 140 140 146 174 146 96 66 140 96 146 156 140 146 96 156 66 146 96 156 156 96 96 140 156 140 156 140 66 66 96 66 146 146 140 140 66 174 174 156 96 174 156 146 96 174 
  Facilities: 6
 66 : 3 6 9 19 26 38 40 42 56 60 67 78 81 82 84 94 108 117 119 121 137 140 146 149 161 170 182 183 185 190
 96 : 10 12 13 20 22 34 46 51 61 64 68 69 74 79 92 100 103 113 114 115 116 125 126 133 143 160 163 168 172 175 176 184 194 198
 140 : 16 18 21 25 27 41 54 58 59 66 72 83 88 91 97 104 118 129 131 135 138 147 148 151 155 156 162 166 177 179 181 188 189
 146 : 0 1 8 11 14 15 17 28 29 35 37 50 55 62 63 70 75 76 80 86 87 90 93 96 101 107 110 111 130 134 152 157 159 164 167 171 186 187 197
 156 : 2 4 5 23 30 32 33 36 43 48 49 52 53 95 109 120 123 124 132 141 142 145 150 153 165 169 173 174 178 180 193 196
 174 : 7 24 31 39 44 45 47 57 65 71 73 77 85 89 98 99 102 105 106 112 122 127 128 136 139 144 154 158 191 192 195 199
SOLUTION:
  Value: -2955.084680
  Assigns: 156 15 156 165 165 156 165 15 156 15 165 15 156 15 165 165 15 165 15 59 165 15 156 156 165 59 165 165 165 15 165 15 156 156 59 165 156 15 15 165 15 156 15 156 165 59 15 59 156 59 59 59 156 156 15 156 165 15 165 15 59 165 15 15 165 165 59 156 59 15 156 59 156 156 15 15 15 59 59 165 59 59 156 15 59 59 15 165 59 59 15 165 59 59 59 156 59 165 156 165 59 165 15 156 15 165 165 165 165 156 15 15 59 156 165 15 15 165 165 165 156 59 165 59 156 165 15 165 15 59 15 165 156 15 59 165 165 59 15 59 59 156 156 15 156 15 15 15 59 156 156 15 15 59 156 165 15 59 15 165 165 15 15 165 59 15 59 165 15 156 165 165 59 156 156 59 15 165 15 165 156 156 15 156 165 59 15 15 165 15 156 165 59 156 165 165 156 156 156 165 
  Facilities: 4
 15 : 1 7 9 11 13 16 18 21 29 31 37 38 40 42 46 54 57 59 62 63 69 74 75 76 83 86 90 102 104 110 111 115 116 126 128 130 133 138 143 145 146 147 151 152 156 158 161 162 165 168 176 178 182 186 187 189
 59 : 19 25 34 45 47 49 50 51 60 66 68 71 77 78 80 81 84 85 88 89 92 93 94 96 100 112 121 123 129 134 137 139 140 148 153 157 164 166 172 175 185 192
 156 : 0 2 5 8 12 22 23 32 33 36 41 43 48 52 53 55 67 70 72 73 82 95 98 103 109 113 120 124 132 141 142 144 149 150 154 169 173 174 180 181 183 190 193 196 197 198
 165 : 3 4 6 10 14 15 17 20 24 26 27 28 30 35 39 44 56 58 61 64 65 79 87 91 97 99 101 105 106 107 108 114 117 118 119 122 125 127 131 135 136 155 159 160 163 167 170 171 177 179 184 188 191 194 195 199
SOLUTION:
  Value: -2962.159140
  Assigns: 156 165 156 37 165 156 165 37 140 113 140 113 37 113 165 165 140 165 140 59 165 113 156 37 165 140 165 140 165 59 113 37 113 156 113 165 113 37 37 37 113 140 165 156 165 59 37 140 156 59 59 140 156 156 140 113 165 140 165 140 59 165 113 37 165 37 140 156 113 37 113 59 140 37 113 165 37 37 59 113 140 140 156 140 37 113 37 165 140 59 156 165 59 59 59 156 59 140 37 165 59 165 37 156 140 165 165 165 37 156 113 113 37 156 37 165 165 165 140 113 156 59 165 59 156 165 113 165 113 59 37 165 156 113 59 165 113 59 37 37 37 156 156 165 140 59 140 140 140 156 156 140 59 59 113 140 140 59 165 140 165 59 140 165 37 113 113 165 59 156 113 165 59 156 156 113 165 140 37 165 156 140 37 113 165 140 165 37 165 140 113 140 59 156 165 113 156 113 37 113 
  Facilities: 6
 37 : 3 7 12 23 31 37 38 39 46 63 65 69 73 76 77 84 86 98 102 108 112 114 130 138 139 140 164 178 182 187 198
 59 : 19 29 45 49 50 60 71 78 89 92 93 94 96 100 121 123 129 134 137 145 152 153 157 161 168 172 192
 113 : 9 11 13 21 30 32 34 36 40 55 62 68 70 74 79 85 110 111 119 126 128 133 136 154 165 166 170 175 183 190 195 197 199
 140 : 8 10 16 18 25 27 41 47 51 54 57 59 66 72 80 81 83 88 97 104 118 144 146 147 148 151 155 156 159 162 177 181 185 189 191
 156 : 0 2 5 22 33 43 48 52 53 67 82 90 95 103 109 113 120 124 132 141 142 149 150 169 173 174 180 193 196
 165 : 1 4 6 14 15 17 20 24 26 28 35 42 44 56 58 61 64 75 87 91 99 101 105 106 107 115 116 117 122 125 127 131 135 143 158 160 163 167 171 176 179 184 186 188 194
SOLUTION:
  Value: -2969.879940
  Assigns: 149 146 156 146 156 156 79 146 146 156 79 146 146 149 146 146 79 146 79 149 146 79 156 156 79 146 149 79 146 149 156 149 156 156 156 146 156 146 149 149 79 146 79 156 149 79 79 79 156 156 146 149 156 156 149 146 79 79 156 146 156 146 146 146 146 79 149 156 149 146 146 79 146 156 79 146 146 149 149 149 146 79 156 149 149 149 79 146 149 79 79 79 79 146 79 156 79 79 79 156 156 146 149 79 79 149 79 146 149 149 146 146 149 146 149 156 146 149 146 149 156 149 79 156 156 149 149 149 79 79 149 156 156 79 146 149 149 79 149 156 146 156 156 149 149 79 79 79 149 79 156 79 146 149 156 149 149 146 149 79 79 146 149 79 146 156 156 146 146 156 146 149 156 156 156 79 79 149 79 156 156 156 149 156 156 149 146 146 146 146 146 146 79 156 149 149 156 146 79 146 
  Facilities: 4
 79 : 6 10 16 18 21 24 27 40 42 45 46 47 56 57 65 71 74 81 86 89 90 91 92 94 96 97 98 103 104 106 122 128 129 133 137 145 146 147 149 151 159 160 163 175 176 178 192 198
 146 : 1 3 7 8 11 12 14 15 17 20 25 28 35 37 41 50 55 59 61 62 63 64 69 70 72 75 76 80 87 93 101 107 110 111 113 116 118 134 140 152 157 161 164 167 168 170 186 187 188 189 190 191 197 199
 149 : 0 13 19 26 29 31 38 39 44 51 54 66 68 77 78 79 83 84 85 88 102 105 108 109 112 114 117 119 121 125 126 127 130 135 136 138 143 144 148 153 155 156 158 162 171 177 182 185 194 195
 156 : 2 4 5 9 22 23 30 32 33 34 36 43 48 49 52 53 58 60 67 73 82 95 99 100 115 120 123 124 131 132 139 141 142 150 154 165 166 169 172 173 174 179 180 181 183 184 193 196
SOLUTION:
  Value: -2977.229980
  Assigns: 149 146 156 146 156 156 149 146 146 156 146 146 146 149 146 146 149 146 149 149 146 156 156 156 146 146 149 146 146 149 156 149 156 156 156 146 156 146 149 149 149 146 149 156 149 146 149 156 156 156 146 149 156 156 149 146 156 146 156 146 156 146 146 146 146 156 149 156 149 146 146 149 146 156 149 146 146 149 149 149 146 149 156 149 149 149 149 146 149 156 146 156 146 146 146 156 146 149 149 156 156 146 149 156 156 149 149 146 149 149 146 146 149 146 149 156 146 149 146 149 156 149 146 156 156 149 149 149 146 149 149 156 156 156 146 149 149 149 149 156 146 156 156 149 149 149 146 149 149 156 156 149 146 149 156 149 149 146 149 146 146 146 149 156 146 156 156 146 146 156 146 149 156 156 156 156 149 149 149 156 156 156 149 156 156 149 146 146 146 146 146 146 146 156 149 149 156 146 146 146 
  Facilities: 3
 146 : 1 3 7 8 10 11 12 14 15 17 20 24 25 27 28 35 37 41 45 50 55 57 59 61 62 63 64 69 70 72 75 76 80 87 90 92 93 94 96 101 107 110 111 113 116 118 122 128 134 140 146 152 157 159 160 161 164 167 168 170 186 187 188 189 190 191 192 197 198 199
 149 : 0 6 13 16 18 19 26 29 31 38 39 40 42 44 46 51 54 66 68 71 74 77 78 79 81 83 84 85 86 88 97 98 102 105 106 108 109 112 114 117 119 121 125 126 127 129 130 135 136 137 138 143 144 145 147 148 151 153 155 156 158 162 171 176 177 178 182 185 194 195
 156 : 2 4 5 9 21 22 23 30 32 33 34 36 43 47 48 49 52 53 56 58 60 65 67 73 82 89 91 95 99 100 103 104 115 120 123 124 131 132 133 139 141 142 149 150 154 163 165 166 169 172 173 174 175 179 180 181 183 184 193 196
SOLUTION:
  Value: -2977.360360
  Assigns: 141 77 96 37 37 140 96 37 140 77 96 77 96 96 141 140 140 141 77 141 96 140 96 37 37 140 77 140 140 77 77 37 37 141 96 96 77 37 37 37 141 140 77 140 141 37 96 18 37 140 77 141 18 37 140 77 18 77 140 140 77 96 96 37 96 141 140 18 96 77 18 141 140 37 96 96 37 141 77 96 18 140 77 18 37 141 37 96 140 141 141 141 96 37 18 140 18 140 141 141 18 37 18 96 140 141 77 37 18 77 140 141 37 96 96 96 141 96 140 96 141 77 96 140 77 77 96 96 141 37 141 140 18 77 77 140 77 77 37 37 18 77 18 77 140 77 96 140 140 96 140 141 141 18 96 77 140 18 96 77 96 18 140 18 18 77 140 96 96 18 18 18 96 37 18 18 77 140 18 140 18 140 77 141 96 140 18 37 140 140 77 141 18 37 77 141 96 18 96 140 
  Facilities: 6
 18 : 47 52 56 67 70 80 83 94 96 100 102 108 132 140 142 153 157 161 163 164 169 170 171 174 175 178 180 186 192 197
 37 : 3 4 7 23 24 31 32 37 38 39 45 48 53 63 73 76 84 86 93 101 107 112 129 138 139 173 187 193
 77 : 1 9 11 18 26 29 30 36 42 50 55 57 60 69 78 82 106 109 121 124 125 133 134 136 137 141 143 145 155 159 165 176 182 190 194
 96 : 2 6 10 12 13 20 22 34 35 46 61 62 64 68 74 75 79 87 92 103 113 114 115 117 119 122 126 127 146 149 154 158 160 167 168 172 184 196 198
 140 : 5 8 15 16 21 25 27 28 41 43 49 54 58 59 66 72 81 88 95 97 104 110 118 123 131 135 144 147 148 150 156 162 166 177 179 181 185 188 189 199
 141 : 0 14 17 19 33 40 44 51 65 71 77 85 89 90 91 98 99 105 111 116 120 128 130 151 152 183 191 195
