# Time: 25688.570312
# Elapsed: 6283.996582
# Input_file: splp/Fpp17/1FPP_17S.txt
# Pool_size: 400
# Iterations: 59
# Final_solutions: 23107
# Vision_range: 600
# Reduction_mode: REDUCTION_DISPERSE
# Dissimilitude: DISSIM_MSE
# Facility_dist: FDISMODE_MINDIST
SOLUTION:
  Value: -54607.000000
  Assigns: 89 265 141 126 127 269 158 22 278 24 215 43 215 265 278 158 48 269 141 158 249 22 22 24 24 249 278 116 43 22 119 24 22 48 24 158 265 126 127 71 269 265 43 43 249 269 249 48 48 278 43 83 141 43 278 48 71 89 48 22 265 24 265 215 269 22 269 24 83 158 71 71 215 278 89 278 215 22 71 24 43 71 83 83 116 48 43 119 89 89 83 48 215 83 126 127 89 249 43 89 22 116 24 48 119 22 249 24 71 141 249 126 127 265 71 116 116 269 119 119 83 43 265 116 22 126 141 127 24 119 269 48 89 126 127 278 126 127 83 278 141 141 265 158 89 43 269 43 141 71 48 141 48 116 71 278 119 158 158 116 249 83 119 126 127 158 83 89 158 126 127 116 89 71 119 71 265 22 141 24 269 126 127 215 141 83 22 83 24 278 22 89 24 89 116 158 141 119 43 116 215 158 119 48 126 127 22 43 24 126 127 43 48 158 215 215 48 249 116 141 116 119 215 119 141 215 71 43 126 127 126 127 48 265 249 71 158 269 83 71 22 158 24 141 89 141 278 83 249 249 265 83 215 89 269 71 249 89 215 249 158 43 158 278 265 265 48 83 269 269 215 116 265 89 119 265 269 278 278 269 116 126 127 119 116 278 249 119 278 71 126 127 249 215 126 127 141 22 215 24 116 83 265 119 249 141 269 
  Facilities: 18
 22 : 7 21 22 29 32 59 65 77 100 105 124 177 186 190 206 240 297
 24 : 9 23 24 31 34 61 67 79 102 107 128 179 188 192 208 242 299
 43 : 11 28 42 43 50 53 80 86 98 121 145 147 198 207 211 227 261
 48 : 16 33 47 48 55 58 85 91 103 131 150 152 203 212 216 232 266
 71 : 39 56 70 71 78 81 108 114 149 154 173 175 226 235 239 255 289
 83 : 51 68 82 83 90 93 120 138 161 166 185 187 238 247 251 267 301
 89 : 0 57 74 88 89 96 99 132 144 167 172 191 193 244 253 257 273
 116 : 27 84 101 115 116 123 153 159 171 194 199 218 220 271 280 284 300
 119 : 30 87 104 118 119 129 156 162 174 197 202 221 223 274 283 287 303
 126 : 3 37 94 111 125 133 136 163 169 181 204 209 228 230 281 290 294
 127 : 4 38 95 112 127 134 137 164 170 182 205 210 229 231 282 291 295
 141 : 2 18 52 109 126 140 141 148 151 178 184 196 219 224 243 245 296 305
 158 : 6 15 19 35 69 143 157 158 165 168 195 201 213 236 241 260 262
 215 : 10 12 63 72 76 92 183 200 214 215 222 225 252 258 270 293 298
 249 : 20 25 44 46 97 106 110 160 217 234 248 249 256 259 286 292 304
 265 : 1 13 36 41 60 62 113 122 142 176 233 250 264 265 272 275 302
 269 : 5 17 40 45 64 66 117 130 146 180 237 254 268 269 276 279 306
 278 : 8 14 26 49 54 73 75 135 139 155 189 246 263 277 278 285 288
SOLUTION:
  Value: -75606.000000
  Assigns: 139 206 154 300 274 148 7 7 23 306 280 154 27 136 7 154 139 7 223 108 223 36 23 23 167 148 27 27 167 181 23 154 184 23 27 36 36 27 181 191 40 184 306 36 167 184 36 40 191 192 7 280 191 192 206 87 280 89 181 148 23 184 7 206 187 154 23 206 191 192 27 274 87 36 89 280 108 40 23 36 223 113 306 206 223 7 87 87 89 89 7 36 181 108 87 300 89 300 113 89 223 306 191 192 136 27 23 108 108 7 27 7 113 113 36 108 148 206 40 36 113 136 154 40 139 23 89 23 280 27 87 27 89 148 223 274 136 280 139 139 36 280 87 136 40 108 139 148 300 181 113 274 167 154 306 148 113 280 148 191 192 154 7 108 154 87 181 89 113 184 87 7 187 136 167 7 139 167 23 136 181 181 27 184 184 148 187 187 181 87 191 191 192 89 187 27 113 154 191 192 36 191 192 148 40 206 206 23 40 154 108 27 108 206 136 113 206 306 181 136 36 184 223 223 187 7 148 184 191 192 223 148 154 223 191 192 181 154 136 184 136 23 87 206 89 167 191 192 280 206 148 87 148 89 36 87 154 89 154 274 223 206 184 108 181 280 223 184 300 191 192 167 108 89 306 192 108 113 223 280 280 113 7 181 206 300 184 280 184 187 280 187 108 191 192 191 192 113 23 300 300 223 27 148 136 306 306 
  Facilities: 25
 7 : 6 7 14 17 50 62 85 90 109 111 162 171 175 225 282
 23 : 8 22 23 30 33 60 66 78 106 125 127 178 207 241 298
 27 : 12 26 27 34 37 70 105 110 129 131 182 195 211 302
 36 : 21 35 36 43 46 73 79 91 114 119 140 200 220 254
 40 : 40 47 77 118 123 144 204 208
 87 : 55 72 86 87 94 130 142 165 170 189 242 251 255
 89 : 57 74 88 89 96 99 126 132 167 193 244 253 257 273
 108 : 19 76 93 107 108 115 145 163 210 212 263 272 276 292
 113 : 81 98 112 113 120 150 156 168 196 215 277 281 297
 136 : 13 104 121 136 143 173 179 214 219 238 240 304
 139 : 0 16 124 138 139 146 176
 148 : 5 25 59 116 133 147 155 158 185 203 226 231 250 252 303
 154 : 2 11 15 31 65 122 153 161 164 197 209 232 237 256 258
 167 : 24 28 44 152 174 177 245 271
 181 : 29 38 58 92 149 166 180 181 188 218 236 264 283
 184 : 32 41 45 61 169 183 184 221 227 239 262 267 286 288
 187 : 64 172 186 187 194 224 289 291
 191 : 39 48 52 68 102 159 190 191 198 201 228 234 246 269 293 295
 192 : 49 53 69 103 160 192 199 202 229 235 247 270 275 294 296
 206 : 1 54 63 67 83 117 205 206 213 216 243 249 261 284
 223 : 18 20 80 84 100 134 222 223 230 233 260 266 278 301
 274 : 4 71 135 151 259
 280 : 10 51 56 75 128 137 141 157 248 265 279 280 287 290
 300 : 3 95 97 148 268 285 299 300
 306 : 9 42 82 101 154 217 274 305 306
SOLUTION:
  Value: -75622.000000
  Assigns: 300 253 302 300 274 302 7 7 40 306 274 43 217 13 217 167 139 7 50 51 13 173 274 13 167 295 255 279 167 253 300 295 302 65 173 50 300 189 302 40 40 193 306 295 167 274 189 40 300 50 51 51 255 43 193 87 13 50 51 202 50 51 7 202 65 65 189 82 13 274 193 295 65 302 217 65 300 40 167 202 43 82 306 40 173 7 87 87 51 82 7 13 82 50 217 40 13 300 43 302 189 306 65 255 136 50 51 139 65 7 253 7 255 202 253 13 255 13 40 82 65 136 274 40 139 82 43 279 217 51 253 274 255 50 51 274 279 82 139 139 279 173 87 295 40 43 139 43 300 139 302 274 295 51 50 51 279 300 173 302 82 193 7 302 253 82 167 65 13 65 202 7 295 173 167 7 139 13 193 136 173 13 139 306 82 217 82 202 189 189 279 7 193 193 139 40 189 13 43 189 193 202 217 193 40 50 51 43 40 202 173 300 202 302 136 51 217 306 50 51 65 253 139 255 217 7 189 43 173 65 193 13 189 65 50 51 193 82 136 202 255 139 87 139 189 202 82 279 193 65 167 87 253 253 255 87 173 202 40 274 217 43 255 295 279 255 82 189 50 167 302 167 217 274 306 173 193 173 279 279 202 274 7 65 274 202 279 302 13 279 253 306 255 189 139 217 253 193 255 300 300 302 302 139 136 306 306 
  Facilities: 25
 7 : 6 7 17 62 85 90 109 111 162 171 175 191 225 282
 13 : 13 20 23 56 68 91 96 115 117 168 177 181 197 231 288
 40 : 8 39 40 47 77 83 95 118 123 144 195 204 208 258
 43 : 11 53 80 98 126 145 147 198 207 227 261
 50 : 18 35 49 57 60 93 105 133 154 205 218 234 268
 51 : 19 50 51 58 61 88 106 129 134 153 155 206 215 219 235
 65 : 33 64 65 72 75 102 108 120 167 169 220 229 233 249 283
 82 : 67 81 89 92 119 125 137 160 165 184 186 237 246 266
 87 : 55 86 87 142 242 251 255
 136 : 104 121 179 214 238 304
 139 : 16 107 124 138 139 146 149 176 182 194 222 241 243 294 303
 167 : 15 24 28 44 78 166 174 250 269 271
 173 : 21 34 84 141 158 173 180 210 228 256 275 277
 189 : 37 46 66 100 188 189 196 199 226 232 244 267 293
 193 : 41 54 70 161 178 192 193 200 203 230 236 248 276 297
 202 : 59 63 79 113 170 187 201 209 212 239 245 257 280 285
 217 : 12 14 74 94 128 185 202 216 224 260 272 295
 253 : 1 29 110 114 130 164 221 252 253 290 296
 255 : 26 52 103 112 116 132 223 240 254 262 265 292 298
 274 : 4 10 22 45 69 122 131 135 151 259 273 281 284
 279 : 27 127 136 140 156 190 247 264 278 279 286 289
 295 : 25 31 43 71 143 152 172 263
 300 : 0 3 30 36 48 76 97 148 157 211 299 300
 302 : 2 5 32 38 73 99 150 159 163 213 270 287 301 302
 306 : 9 42 82 101 183 217 274 291 305 306
SOLUTION:
  Value: -78530.000000
  Assigns: 297 153 125 300 209 208 209 130 40 306 153 240 44 136 153 167 240 106 161 171 223 53 161 24 24 40 165 297 167 44 300 24 171 297 24 240 125 240 53 40 40 130 306 44 167 297 198 40 171 201 139 44 53 53 44 87 208 209 201 198 53 24 201 53 187 208 209 24 297 208 209 300 104 297 106 198 300 40 167 24 223 44 171 40 223 208 209 87 240 104 53 106 297 125 87 300 53 240 187 44 223 306 24 104 136 106 106 24 53 198 125 104 201 106 104 130 106 240 40 208 209 153 44 40 125 125 24 44 24 130 87 53 125 165 223 125 136 130 139 171 130 104 87 106 40 297 44 104 44 106 165 240 153 153 306 187 171 300 297 104 161 161 125 153 165 87 198 130 125 201 87 171 165 130 167 165 139 209 171 136 125 171 139 198 106 130 187 104 24 87 153 223 24 208 209 40 153 198 161 44 201 201 165 125 40 198 104 208 44 209 106 300 44 130 171 208 209 306 208 209 165 53 223 223 187 240 171 125 44 125 223 153 130 223 130 198 153 53 136 240 136 139 87 139 201 167 209 240 165 171 167 208 209 198 171 87 201 153 40 104 223 106 44 161 209 297 223 165 300 167 187 167 104 171 306 171 198 240 223 201 125 198 297 240 201 300 208 209 104 187 106 187 209 125 139 240 297 297 130 24 300 223 198 201 136 306 306 
  Facilities: 26
 24 : 23 24 31 34 61 67 79 102 107 126 128 188 192 299
 40 : 8 25 39 40 47 77 83 118 123 144 195 204 258
 44 : 12 29 43 51 54 81 99 122 127 146 148 199 208 212 228 262
 53 : 21 38 52 53 60 63 90 96 108 131 221 237
 87 : 55 87 94 130 142 165 170 189 242 255
 104 : 72 89 103 111 114 141 147 159 187 206 259 272 288
 106 : 17 74 91 105 106 113 116 143 149 184 210 261 290
 125 : 2 36 93 110 124 125 132 135 162 168 180 203 227 229 280 293
 130 : 7 41 115 129 137 140 167 173 185 213 232 234 298
 136 : 13 104 136 179 238 240 304
 139 : 50 138 176 182 241 243 294
 153 : 1 10 14 121 152 153 163 190 196 231 236 257
 161 : 18 22 160 161 198 263
 165 : 26 133 150 164 172 175 202 220 248 267
 167 : 15 28 44 78 174 245 250 269 271
 171 : 19 32 48 82 139 156 171 178 181 214 226 249 254 273 275
 187 : 64 98 155 186 224 270 289 291
 198 : 46 59 75 109 166 183 197 205 235 253 276 281 302
 201 : 49 58 62 112 169 200 201 244 256 279 284 303
 208 : 5 56 65 69 85 119 193 207 215 218 251 286
 209 : 4 6 57 66 70 86 120 177 194 209 216 219 246 252 264 287 292
 223 : 20 80 84 100 134 191 222 223 230 233 260 266 278 301
 240 : 11 16 35 37 88 97 117 151 225 239 247 277 283 295
 297 : 0 27 33 45 68 73 92 145 158 265 282 296 297
 300 : 3 30 71 76 95 157 211 268 285 300
 306 : 9 42 101 154 217 274 305 306
SOLUTION:
  Value: -78555.000000
  Assigns: 123 16 254 300 127 208 306 236 213 306 11 281 236 13 284 167 16 281 11 248 284 11 292 13 248 254 16 291 167 281 254 236 284 236 123 187 300 189 127 40 292 73 306 248 167 248 189 40 300 254 13 254 281 16 11 284 13 281 73 16 284 213 291 292 187 208 189 291 292 84 213 300 73 73 213 107 281 40 167 284 73 284 306 84 84 208 291 87 291 292 213 123 107 236 16 40 248 236 187 16 189 306 254 306 136 248 107 139 123 248 73 254 127 236 107 13 73 107 40 208 16 84 123 123 213 248 127 84 73 281 123 254 284 123 127 167 136 127 139 84 292 284 87 136 40 284 139 236 291 292 107 73 291 292 306 187 73 300 281 248 123 284 107 306 127 87 11 84 13 292 127 16 187 136 167 73 139 13 123 11 16 213 139 306 16 107 187 187 84 189 107 136 281 208 187 11 189 13 213 189 16 123 291 292 236 127 123 208 40 107 127 300 213 213 136 208 248 306 208 136 213 236 254 213 187 123 189 123 73 11 187 127 189 248 16 236 236 73 136 84 136 139 87 139 189 167 236 248 84 281 213 208 84 254 254 248 213 73 40 291 292 254 107 208 254 187 281 189 300 167 187 167 189 236 306 107 291 292 123 236 281 281 127 284 284 300 208 123 13 187 291 291 292 189 139 127 213 254 291 292 300 291 84 248 136 306 306 
  Facilities: 26
 11 : 10 18 21 54 166 179 195 229
 13 : 13 23 50 56 115 168 177 197 288
 16 : 1 16 26 53 59 94 99 120 171 180 184 200 234
 40 : 39 47 77 95 118 144 208 258
 73 : 41 58 72 73 80 110 116 128 151 156 175 228 237 257
 84 : 69 83 84 121 127 139 167 188 239 248 252 302
 87 : 87 142 165 242
 107 : 75 92 106 114 117 150 162 185 190 209 262 275
 123 : 0 34 91 108 122 123 130 133 160 178 201 206 225 227 278 287
 127 : 4 38 112 126 134 137 164 170 205 210 231 282 295
 136 : 104 136 143 173 191 214 219 238 240 304
 139 : 107 138 146 176 182 241 243 294
 167 : 15 28 44 78 135 174 245 269 271
 187 : 35 64 98 155 172 186 187 194 224 230 265 270 289
 189 : 37 46 66 100 189 196 199 226 232 244 267 272 293
 208 : 5 65 85 119 193 207 215 218 251 263 286
 213 : 8 61 70 74 90 124 181 198 212 213 220 223 250 256 296
 236 : 7 12 31 33 93 97 113 147 204 221 235 236 246 273 279
 248 : 19 24 43 45 96 105 109 125 159 216 233 247 255 303
 254 : 2 25 30 49 51 102 111 131 222 253 254 261 264 297
 281 : 11 17 29 52 57 76 129 158 192 249 266 280 281
 284 : 14 20 32 55 60 79 81 132 141 145 161 283 284
 291 : 27 62 67 86 88 148 152 202 259 276 290 291 298 301
 292 : 22 40 63 68 89 140 149 153 169 203 260 277 292 299
 300 : 3 36 48 71 157 211 268 285 300
 306 : 6 9 42 82 101 103 154 163 183 217 274 305 306
SOLUTION:
  Value: -78564.000000
  Assigns: 1 1 205 300 274 229 270 0 1 306 0 1 264 136 15 15 139 32 270 224 143 224 15 24 24 15 229 297 167 152 300 32 32 297 24 264 300 0 1 40 264 270 32 0 167 297 270 40 300 252 139 203 15 205 143 0 1 89 15 264 203 24 205 152 187 270 205 24 297 32 15 274 224 297 89 32 300 40 0 24 203 224 306 40 1 224 87 87 89 89 229 123 297 15 87 300 89 300 187 89 252 306 0 306 0 1 229 24 123 252 32 143 264 252 203 32 205 15 40 15 152 264 123 123 139 264 24 270 143 252 123 274 89 123 32 274 136 152 139 139 229 264 87 143 40 297 139 270 300 139 143 274 152 143 306 0 1 300 297 152 123 300 152 252 0 87 167 89 0 1 15 203 187 205 167 264 139 167 123 24 143 270 139 15 0 1 187 32 24 152 205 89 224 89 187 152 32 229 143 15 32 123 203 203 40 205 123 152 297 224 203 300 205 203 136 205 32 306 0 1 252 143 139 224 224 123 143 123 229 229 152 224 264 15 224 152 229 252 136 229 136 139 87 139 89 167 203 143 205 264 167 252 252 89 152 270 152 89 203 252 205 224 252 264 264 297 229 224 300 167 187 167 229 89 264 0 1 270 123 224 270 203 297 205 229 300 203 123 205 187 15 187 0 1 139 252 297 297 143 24 300 264 224 139 136 203 306 
  Facilities: 26
 0 : 7 10 37 43 55 78 102 104 155 164 168 184 218 275 292
 1 : 0 1 8 11 38 56 84 105 156 169 185 219 276 293
 15 : 14 15 22 25 52 58 70 93 117 119 170 183 199 233 290
 24 : 23 24 34 61 67 79 107 126 179 188 299
 32 : 17 31 32 42 69 75 110 115 134 187 196 200 216
 40 : 39 47 77 83 118 144 204
 87 : 86 87 94 142 165 242
 89 : 57 74 88 89 96 99 132 167 191 193 244 253 257 273
 123 : 91 108 122 123 130 133 160 178 201 206 225 227 278 287
 136 : 13 136 214 238 240 304
 139 : 16 50 124 138 139 146 149 176 182 222 241 243 294 303
 143 : 20 54 111 128 143 150 153 180 198 221 226 247 298
 152 : 29 63 120 137 152 159 162 189 195 207 230 235 254 256
 167 : 28 44 166 174 177 245 250 269 271
 187 : 64 98 172 186 194 270 289 291
 203 : 51 60 80 114 171 202 203 210 213 246 258 281 286 305
 205 : 2 53 62 66 116 173 190 205 212 215 248 260 283 288
 224 : 19 21 72 81 85 192 209 223 224 231 234 261 267 279 302
 229 : 5 26 90 106 140 197 228 229 236 239 266 272 284
 252 : 49 100 109 113 129 163 220 237 251 252 259 262 295
 264 : 12 35 40 59 112 121 125 141 175 232 249 263 264 274 301
 270 : 6 18 41 46 65 127 147 181 255 277 280
 274 : 4 71 131 135 151
 297 : 27 33 45 68 73 92 145 158 208 265 282 296 297
 300 : 3 30 36 48 76 95 97 148 157 161 211 268 285 300
 306 : 9 82 101 103 154 217 306
SOLUTION:
  Value: -81529.000000
  Assigns: 1 265 125 300 36 37 7 7 1 306 239 26 241 265 29 167 159 7 288 51 159 36 37 175 167 26 26 179 167 29 300 260 175 26 239 36 36 37 1 40 179 265 306 36 37 188 36 40 300 188 7 51 175 68 306 260 1 260 51 288 265 51 265 26 288 188 29 68 68 26 159 274 87 36 37 68 300 40 68 36 37 26 306 40 29 288 175 87 51 241 7 36 37 125 51 300 239 300 187 188 239 306 241 306 136 1 51 29 260 26 125 68 29 265 36 37 239 260 40 36 37 260 265 40 125 125 265 159 26 51 87 29 125 29 51 274 136 260 139 37 36 37 87 175 40 288 68 179 300 139 239 68 241 51 306 51 188 300 159 159 175 300 125 306 179 288 159 167 125 159 68 260 68 188 167 7 139 167 179 179 125 26 139 306 29 1 179 188 188 179 26 36 37 29 187 188 159 29 188 288 36 37 159 125 40 37 51 239 40 241 167 300 175 29 159 51 179 306 175 1 36 37 139 68 187 188 241 125 260 125 175 188 68 265 179 51 68 159 239 239 136 139 87 188 26 167 239 29 241 239 265 241 68 175 36 87 288 179 175 260 260 159 179 159 265 265 188 260 300 167 260 167 265 288 306 265 1 175 241 175 125 179 239 179 241 300 68 288 288 187 188 187 188 1 139 288 241 260 288 300 300 26 265 139 136 306 306 
  Facilities: 27
 1 : 0 8 38 56 105 185 219 276 293
 7 : 6 7 17 50 90 175
 26 : 11 25 26 33 63 69 81 109 128 181 190 244 301
 29 : 14 29 66 84 107 112 131 133 184 193 197 213 247
 36 : 4 21 35 36 43 46 73 79 91 114 119 140 191 200 220 254
 37 : 5 22 37 44 74 80 92 115 120 139 141 192 201 205 221
 40 : 39 47 77 83 118 123 144 204 208
 51 : 19 51 58 61 88 94 106 129 134 153 155 206 215 235
 68 : 53 67 68 75 78 111 146 151 170 172 223 232 236 252 286
 87 : 72 87 130 142 242 255
 125 : 2 93 110 124 125 132 162 168 180 203 227 229 280
 136 : 104 136 240 304
 139 : 138 149 176 182 222 241 294 303
 159 : 16 20 70 127 158 159 166 169 196 202 214 237 261 263
 167 : 15 24 28 167 174 177 210 245 269 271
 175 : 23 32 52 86 143 160 212 218 230 253 258 277 279
 179 : 27 40 147 164 178 179 186 189 216 234 257 262 281 283
 187 : 98 194 224 289 291
 188 : 45 49 65 99 156 173 187 188 195 198 225 231 243 266 290 292
 239 : 10 34 96 100 116 150 207 238 239 246 249 282
 241 : 12 89 102 152 209 226 248 251 278 284 296
 260 : 31 55 57 108 117 121 137 171 228 259 260 267 270 297
 265 : 1 13 41 60 62 113 122 126 233 250 264 265 272 275 302
 274 : 71 135
 288 : 18 59 64 85 145 165 199 256 273 287 288 295 298
 300 : 3 30 48 76 95 97 148 157 161 211 268 285 299 300
 306 : 9 42 54 82 101 103 154 163 183 217 274 305 306
SOLUTION:
  Value: -81538.000000
  Assigns: 229 204 207 300 207 229 306 159 40 306 274 214 215 136 46 167 159 246 50 171 159 110 246 112 167 177 229 59 167 30 30 46 171 303 177 187 159 30 177 303 30 246 131 246 59 46 46 40 171 50 139 303 204 46 177 207 46 50 59 148 50 204 214 215 207 204 59 30 207 274 159 274 215 30 303 214 215 40 110 303 112 204 171 46 207 30 87 87 177 46 229 214 215 50 246 40 59 112 187 131 303 46 59 246 136 50 229 246 30 110 110 112 112 30 59 204 148 110 40 112 110 136 112 246 139 214 215 159 50 46 131 131 30 148 30 274 136 59 139 171 229 131 87 136 40 177 139 110 300 112 46 274 50 110 50 112 171 300 148 159 303 59 177 59 303 110 159 112 131 159 87 171 187 136 167 207 139 177 171 136 303 171 214 215 177 148 187 177 110 204 112 136 207 110 187 112 159 229 30 214 215 46 159 204 40 50 207 207 171 131 46 300 110 214 110 215 112 306 50 136 177 214 139 59 187 215 171 59 229 229 46 246 177 131 50 131 229 159 136 229 136 139 87 139 207 167 246 204 30 171 148 214 148 246 171 87 246 214 40 274 177 159 207 159 46 187 229 112 50 214 187 167 229 274 306 171 112 59 110 177 112 274 204 246 229 300 131 204 303 187 207 187 214 215 110 131 112 214 215 131 300 246 303 148 136 306 306 
  Facilities: 27
 30 : 29 30 37 40 67 73 85 108 113 132 134 198 248
 40 : 8 47 77 95 118 144 204 258
 46 : 14 31 45 46 53 56 83 89 101 129 150 201 210 230 264
 50 : 18 49 57 60 93 105 128 152 154 205 218 234 268
 59 : 27 44 58 66 96 102 114 137 161 163 223 227 277
 87 : 86 87 142 170 242 255
 110 : 21 78 109 110 117 120 147 153 165 188 193 212 214 278 294
 112 : 23 80 97 111 112 119 122 149 155 167 190 195 216 267 276 280 296
 131 : 42 99 130 131 141 168 209 233 235 286 295 299
 136 : 13 104 121 136 143 173 179 191 219 238 240 304
 139 : 50 124 138 146 176 222 241 243
 148 : 59 116 133 158 185 250 252 303
 159 : 7 16 20 36 70 127 159 166 169 196 202 237 261 263
 167 : 15 24 28 174 245 271
 171 : 19 32 48 82 139 156 171 178 181 208 226 249 254 275
 177 : 25 34 38 54 88 145 162 177 184 187 220 232 260 279
 187 : 35 98 172 186 194 224 265 270 289 291
 204 : 1 52 61 65 81 115 189 203 247 282 287
 207 : 2 4 55 64 68 84 175 192 206 207 244 262 290
 214 : 11 62 75 91 125 182 199 213 221 251 257 269 292 297
 215 : 12 63 72 76 92 126 183 200 215 225 293 298
 229 : 0 5 26 90 106 140 197 228 229 236 239 266 272 284
 246 : 17 22 41 43 94 103 107 123 231 246 253 256 283 301
 274 : 10 69 71 135 151 259 273 281
 300 : 3 148 157 211 285 300
 303 : 33 39 51 74 79 100 160 164 180 288 302
 306 : 6 9 217 274 305 306
SOLUTION:
  Value: -81546.000000
  Assigns: 203 298 141 227 268 305 306 150 40 306 262 150 217 13 217 167 139 222 141 222 13 250 227 13 167 295 250 150 167 30 30 295 121 262 298 187 300 30 161 268 30 305 306 295 268 250 298 40 137 201 13 203 141 305 306 87 13 262 201 148 203 150 201 268 187 217 295 30 13 298 222 295 161 30 217 227 305 40 167 222 203 305 306 222 227 30 87 87 227 121 295 13 295 298 217 40 13 300 187 222 305 306 305 306 136 137 121 250 30 141 262 250 201 30 203 13 148 13 40 262 121 136 137 262 139 268 141 250 217 161 87 121 30 148 30 150 137 137 139 262 141 141 87 295 40 268 298 148 300 150 150 141 295 305 306 298 295 300 121 298 161 161 305 306 121 87 305 167 13 201 87 203 295 262 167 298 121 13 141 268 137 13 305 306 141 148 187 187 203 87 222 136 137 150 187 40 141 13 30 121 201 201 217 203 40 150 295 222 201 298 203 300 227 203 30 137 217 306 250 136 137 222 139 121 141 121 148 227 150 222 187 148 222 150 227 250 268 227 136 161 136 139 87 139 201 167 203 262 30 250 250 87 148 268 217 87 201 250 203 222 250 262 262 161 227 187 298 268 300 262 227 167 217 305 306 268 121 222 268 201 295 203 227 298 201 121 203 250 13 187 305 187 137 250 139 217 141 298 298 300 300 137 295 201 136 222 306 
  Facilities: 27
 13 : 13 20 23 50 56 68 91 96 115 117 168 177 181 197 288
 30 : 29 30 37 40 67 73 85 108 113 132 134 198 214 248
 40 : 8 47 77 95 118 144 195 204
 87 : 55 86 87 130 142 165 170 189 242 251 255
 121 : 32 89 106 120 131 158 164 176 199 223 225 276 285
 136 : 104 121 191 219 238 240 304
 137 : 48 105 122 136 137 180 192 215 220 292 301
 139 : 16 124 138 222 241 243 294
 141 : 2 18 52 109 126 140 141 151 178 184 196 224 296
 148 : 59 116 133 147 185 226 231 252
 150 : 7 11 27 61 135 149 150 193 205 228 233
 161 : 38 72 129 160 161 239 263
 167 : 15 24 28 78 167 174 245 271
 187 : 35 64 98 186 187 194 230 265 289 291
 201 : 49 58 62 112 169 200 201 208 244 256 279 284 303
 203 : 0 51 60 80 114 171 188 203 210 213 246 258 281 286
 217 : 12 14 65 74 94 128 202 216 254 272 295
 222 : 17 19 70 79 83 99 190 207 221 229 232 259 277 305
 227 : 3 22 75 84 88 212 227 234 237 264 270 282
 250 : 21 26 45 107 111 127 218 235 249 250 257 260 287 293
 262 : 10 33 57 110 119 123 139 173 247 261 262 269
 268 : 4 39 44 63 125 145 179 236 253 267 275 278
 295 : 25 31 43 66 71 90 92 143 152 156 172 206 280 302
 298 : 1 34 46 69 93 146 155 159 175 209 266 283 297 298
 300 : 36 97 148 157 211 268 299 300
 305 : 5 41 53 76 81 100 102 153 162 166 182 273 290
 306 : 6 9 42 54 82 101 103 154 163 183 217 274 306
SOLUTION:
  Value: -81549.000000
  Assigns: 1 1 254 300 156 37 7 7 1 306 133 1 44 156 7 167 139 156 247 34 249 273 37 247 294 254 296 59 167 44 254 183 296 34 34 187 37 37 1 268 40 34 294 44 45 45 249 40 300 273 7 44 45 196 44 87 1 196 59 59 183 76 7 268 187 294 59 296 273 59 294 300 296 196 37 76 76 40 167 1 37 44 306 76 1 7 76 87 45 34 7 294 37 296 183 40 59 87 187 44 45 306 254 306 136 1 249 196 247 7 249 254 34 76 59 37 268 34 40 76 37 136 44 40 156 268 249 44 45 268 273 76 133 133 273 167 136 59 34 37 133 37 87 133 296 268 44 45 44 139 273 294 167 296 306 156 156 300 247 76 249 59 7 59 196 87 156 167 183 1 133 7 187 296 167 7 139 167 76 268 76 196 183 183 273 1 187 187 133 34 183 7 37 156 187 196 196 187 34 44 45 37 34 196 40 37 196 296 44 45 167 300 44 45 136 247 133 249 34 1 183 37 254 59 187 7 183 59 44 45 187 76 247 196 249 133 268 133 136 196 136 139 87 139 76 167 247 247 249 249 167 196 34 254 247 87 249 247 40 249 156 183 294 45 296 187 183 268 300 167 187 167 273 273 306 268 1 59 268 294 273 296 7 273 247 183 249 183 133 187 247 187 249 1 294 296 296 133 196 300 300 294 247 139 136 268 306 
  Facilities: 27
 1 : 0 1 8 11 38 56 79 84 105 169 185 219 276 293
 7 : 6 7 14 50 62 85 90 109 162 171 175 191 225 282
 34 : 19 33 34 41 89 112 117 138 189 198 202 218 252
 37 : 5 22 36 37 74 80 92 115 120 139 141 192 201 205 221
 40 : 40 47 77 95 118 123 204 258
 44 : 12 29 43 51 54 81 99 122 127 146 148 199 208 212 228
 45 : 44 45 52 88 100 128 147 200 209 213 229 263
 59 : 27 58 59 66 69 96 114 137 161 163 223 227 277
 76 : 61 75 76 83 86 113 119 131 159 178 180 231 244
 87 : 55 87 97 142 165 242 255
 133 : 10 132 133 140 143 170 188 216 235 237 288 297
 136 : 104 121 136 214 238 240 304
 139 : 16 149 176 241 243 303
 156 : 4 13 17 124 155 156 166 193 260
 167 : 15 28 78 135 152 167 174 177 210 245 250 269 271
 183 : 31 60 94 168 182 183 190 220 226 261 266 285 287
 187 : 35 64 98 172 186 187 194 197 224 230 265 270 289 291
 196 : 53 57 73 107 164 181 195 196 203 206 233 239 251 298
 247 : 18 23 108 158 215 232 246 247 254 257 284 290 302
 249 : 20 46 106 110 126 160 217 234 248 249 256 259 286 292
 254 : 2 25 30 102 111 222 253
 268 : 39 63 116 125 129 145 179 236 267 275 278 305
 273 : 21 49 68 130 134 150 184 272 273 280 283
 294 : 24 42 65 70 91 151 262 279 294 301
 296 : 26 32 67 72 93 144 153 173 207 264 281 295 296
 300 : 3 48 71 157 211 268 299 300
 306 : 9 82 101 103 154 274 306
