# Time: 6.750000
# Elapsed: 2.036427
# Input_file: splp/CLSC/1033GapCS.txt
# Pool_size: 1000
# Iterations: 16
# Final_solutions: 14100
# Vision_range: 0
# Reduction_mode: REDUCTION_BESTS
SOLUTION:
  Value: -42138.000000
  Assigns: 51 11 31 99 16 51 27 11 0 62 48 13 99 16 0 0 48 43 27 0 99 13 62 62 13 48 6 99 0 51 31 7 43 73 11 99 6 0 51 13 62 0 13 0 13 99 0 62 43 11 6 7 16 0 62 62 31 43 51 6 7 27 13 73 13 31 62 99 48 73 27 7 6 31 43 43 31 27 62 62 11 11 16 48 7 48 27 11 6 43 43 27 16 16 6 43 16 6 16 43 
  Facilities: 14
 0 : 8 14 15 19 28 37 41 43 46 53
 6 : 26 36 50 59 72 88 94 97
 7 : 31 51 60 71 84
 11 : 1 7 34 49 80 81 87
 13 : 11 21 24 39 42 44 62 64
 16 : 4 13 52 82 92 93 96 98
 27 : 6 18 61 70 77 86 91
 31 : 2 30 56 65 73 76
 43 : 17 32 48 57 74 75 89 90 95 99
 48 : 10 16 25 68 83 85
 51 : 0 5 29 38 58
 62 : 9 22 23 40 47 54 55 66 78 79
 73 : 33 63 69
 99 : 3 12 20 27 35 45 67
SOLUTION:
  Value: -42142.000000
  Assigns: 65 69 31 2 2 69 90 95 76 62 95 95 65 69 0 69 90 64 95 0 26 76 95 62 89 76 6 89 26 69 31 90 43 2 26 65 6 0 90 2 62 0 64 0 2 76 0 62 43 65 6 95 31 0 62 62 31 43 69 6 31 65 89 90 69 31 62 69 76 31 64 2 89 31 76 43 31 69 62 62 90 76 65 64 90 65 90 65 95 43 43 64 26 6 26 26 26 6 26 26 
  Facilities: 14
 0 : 14 19 37 41 43 46 53
 2 : 3 4 33 39 44 71
 6 : 26 36 50 59 93 97
 26 : 20 28 34 92 94 95 96 98 99
 31 : 2 30 52 56 60 65 69 73 76
 43 : 32 48 57 75 89 90
 62 : 9 23 40 47 54 55 66 78 79
 64 : 17 42 70 83 91
 65 : 0 12 35 49 61 82 85 87
 69 : 1 5 13 15 29 58 64 67 77
 76 : 8 21 25 45 68 74 81
 89 : 24 27 62 72
 90 : 6 16 31 38 63 80 84 86
 95 : 7 10 11 18 22 51 88
SOLUTION:
  Value: -42142.000000
  Assigns: 65 69 31 2 2 69 90 95 76 62 95 95 65 69 0 69 90 64 95 0 26 76 95 62 73 76 6 73 26 69 31 90 43 2 26 65 6 0 90 2 62 0 64 0 2 76 0 62 43 73 6 95 31 0 62 62 31 43 69 6 31 65 90 73 69 31 62 69 76 73 64 2 6 31 76 43 31 69 62 62 90 76 65 64 90 65 90 65 95 43 43 64 26 6 26 26 26 6 26 26 
  Facilities: 14
 0 : 14 19 37 41 43 46 53
 2 : 3 4 33 39 44 71
 6 : 26 36 50 59 72 93 97
 26 : 20 28 34 92 94 95 96 98 99
 31 : 2 30 52 56 60 65 73 76
 43 : 32 48 57 75 89 90
 62 : 9 23 40 47 54 55 66 78 79
 64 : 17 42 70 83 91
 65 : 0 12 35 61 82 85 87
 69 : 1 5 13 15 29 58 64 67 77
 73 : 24 27 49 63 69
 76 : 8 21 25 45 68 74 81
 90 : 6 16 31 38 62 80 84 86
 95 : 7 10 11 18 22 51 88
SOLUTION:
  Value: -42143.000000
  Assigns: 51 11 15 18 16 51 61 15 51 62 61 13 50 16 15 61 42 64 97 50 58 50 62 62 13 51 50 61 58 51 18 7 97 64 11 18 58 50 51 13 62 13 64 42 13 42 64 62 58 11 51 7 16 97 15 62 97 15 51 7 7 64 13 15 97 61 62 58 58 58 64 7 42 42 42 11 50 50 62 62 11 11 16 64 7 58 7 42 97 18 58 64 16 42 64 97 16 7 16 16 
  Facilities: 14
 7 : 31 51 59 60 71 84 86 97
 11 : 1 34 49 75 80 81
 13 : 11 24 39 41 44 62
 15 : 2 7 14 54 57 63
 16 : 4 13 52 82 92 96 98 99
 18 : 3 30 35 89
 42 : 16 43 45 72 73 74 87 93
 50 : 12 19 21 26 37 76 77
 51 : 0 5 8 25 29 38 50 58
 58 : 20 28 36 48 67 68 69 85 90
 61 : 6 10 15 27 65
 62 : 9 22 23 40 47 55 66 78 79
 64 : 17 33 42 46 61 70 83 91 94
 97 : 18 32 53 56 64 88 95
SOLUTION:
  Value: -42146.000000
  Assigns: 71 11 22 15 16 71 61 15 74 61 61 13 19 16 15 61 42 71 97 71 58 13 14 19 13 22 22 22 58 67 74 74 97 14 11 19 58 74 14 13 61 13 13 42 22 42 19 22 58 11 61 61 16 97 15 58 97 74 19 67 74 19 13 15 97 61 74 58 19 58 67 97 42 19 42 11 11 74 22 67 11 11 16 42 67 58 67 42 97 67 58 97 16 67 97 97 16 71 71 71 
  Facilities: 14
 11 : 1 34 49 75 76 80 81
 13 : 11 21 24 39 41 42 62
 14 : 22 33 38
 15 : 3 7 14 54 63
 16 : 4 13 52 82 92 96
 19 : 12 23 35 46 58 61 68 73
 22 : 2 25 26 27 44 47 78
 42 : 16 43 45 72 74 83 87
 58 : 20 28 36 48 55 67 69 85 90
 61 : 6 9 10 15 40 50 51 65
 67 : 29 59 70 79 84 86 89 93
 71 : 0 5 17 19 97 98 99
 74 : 8 30 31 37 57 60 66 77
 97 : 18 32 53 56 64 71 88 91 94 95
SOLUTION:
  Value: -42147.000000
  Assigns: 65 41 76 20 24 55 72 10 76 62 89 20 65 72 89 41 24 10 97 24 20 76 62 62 44 76 67 89 10 67 55 89 97 55 20 65 44 10 89 72 62 20 72 72 44 76 44 62 24 65 41 55 41 97 20 72 31 20 72 67 31 65 89 24 97 31 10 20 76 31 67 97 89 31 41 20 10 10 62 62 76 76 65 55 67 65 67 41 97 67 44 97 55 67 97 44 44 44 44 44 
  Facilities: 14
 10 : 7 17 28 37 66 76 77
 20 : 3 11 20 34 41 54 57 67 75
 24 : 4 16 19 48 63
 31 : 56 60 65 69 73
 41 : 1 15 50 52 74 87
 44 : 24 36 44 46 90 95 96 97 98 99
 55 : 5 30 33 51 83 92
 62 : 9 22 23 40 47 78 79
 65 : 0 12 35 49 61 82 85
 67 : 26 29 59 70 84 86 89 93
 72 : 6 13 39 42 43 55 58
 76 : 2 8 21 25 45 68 80 81
 89 : 10 14 27 31 38 62 72
 97 : 18 32 53 64 71 88 91 94
SOLUTION:
  Value: -42148.000000
  Assigns: 71 11 74 71 54 71 61 11 74 61 23 13 19 23 54 61 42 23 97 71 58 13 30 19 13 23 67 61 58 67 74 23 97 30 11 19 23 74 23 13 61 30 13 42 13 23 19 54 58 11 61 61 30 97 61 58 97 74 19 67 74 19 13 57 97 61 74 58 19 58 67 97 42 19 42 11 11 74 57 67 11 11 57 42 67 58 54 42 97 67 54 97 54 67 30 97 57 71 71 71 
  Facilities: 14
 11 : 1 7 34 49 75 76 80 81
 13 : 11 21 24 39 42 44 62
 19 : 12 23 35 46 58 61 68 73
 23 : 10 13 17 25 31 36 38 45
 30 : 22 33 41 52 94
 42 : 16 43 72 74 83 87
 54 : 4 14 47 86 90 92
 57 : 63 78 82 96
 58 : 20 28 48 55 67 69 85
 61 : 6 9 15 27 40 50 51 54 65
 67 : 26 29 59 70 79 84 89 93
 71 : 0 3 5 19 97 98 99
 74 : 2 8 30 37 57 60 66 77
 97 : 18 32 53 56 64 71 88 91 95
SOLUTION:
  Value: -42148.000000
  Assigns: 71 11 22 71 16 71 61 11 74 61 61 13 19 16 40 61 42 71 97 71 40 13 40 19 13 22 22 22 58 67 74 74 97 14 11 19 58 74 14 13 61 13 13 42 22 42 19 22 58 11 61 61 16 97 61 58 97 74 19 67 74 40 13 40 97 61 74 58 19 58 67 97 42 19 42 11 11 74 22 67 11 11 16 42 67 58 67 42 97 67 58 97 16 67 97 97 16 71 71 71 
  Facilities: 14
 11 : 1 7 34 49 75 76 80 81
 13 : 11 21 24 39 41 42 62
 14 : 33 38
 16 : 4 13 52 82 92 96
 19 : 12 23 35 46 58 68 73
 22 : 2 25 26 27 44 47 78
 40 : 14 20 22 61 63
 42 : 16 43 45 72 74 83 87
 58 : 28 36 48 55 67 69 85 90
 61 : 6 9 10 15 40 50 51 54 65
 67 : 29 59 70 79 84 86 89 93
 71 : 0 3 5 17 19 97 98 99
 74 : 8 30 31 37 57 60 66 77
 97 : 18 32 53 56 64 71 88 91 94 95
SOLUTION:
  Value: -42149.000000
  Assigns: 71 11 22 71 16 71 61 11 74 61 89 16 19 16 89 61 42 71 97 71 40 21 40 19 19 22 22 89 58 67 74 74 97 21 11 19 58 74 89 71 61 21 22 42 22 42 19 22 21 11 21 61 16 97 61 21 97 74 19 67 74 40 89 40 97 61 74 58 19 58 67 97 89 19 42 11 11 74 22 67 11 11 16 42 67 58 67 42 97 67 58 97 16 67 97 97 16 71 71 71 
  Facilities: 14
 11 : 1 7 34 49 75 76 80 81
 16 : 4 11 13 52 82 92 96
 19 : 12 23 24 35 46 58 68 73
 21 : 21 33 41 48 50 55
 22 : 2 25 26 42 44 47 78
 40 : 20 22 61 63
 42 : 16 43 45 74 83 87
 58 : 28 36 67 69 85 90
 61 : 6 9 15 40 51 54 65
 67 : 29 59 70 79 84 86 89 93
 71 : 0 3 5 17 19 39 97 98 99
 74 : 8 30 31 37 57 60 66 77
 89 : 10 14 27 38 62 72
 97 : 18 32 53 56 64 71 88 91 94 95
SOLUTION:
  Value: -42149.000000
  Assigns: 71 11 22 71 16 71 61 11 74 61 61 16 19 16 40 61 90 71 97 71 40 21 40 19 19 22 22 22 58 67 74 74 97 21 11 19 58 74 90 71 61 90 22 42 22 42 19 22 21 11 21 61 16 97 61 21 97 74 19 67 74 40 90 90 97 61 74 58 19 58 67 97 42 19 42 11 11 74 22 67 90 11 16 42 67 58 67 42 97 67 58 97 16 67 97 97 16 71 71 71 
  Facilities: 14
 11 : 1 7 34 49 75 76 81
 16 : 4 11 13 52 82 92 96
 19 : 12 23 24 35 46 58 68 73
 21 : 21 33 48 50 55
 22 : 2 25 26 27 42 44 47 78
 40 : 14 20 22 61
 42 : 43 45 72 74 83 87
 58 : 28 36 67 69 85 90
 61 : 6 9 10 15 40 51 54 65
 67 : 29 59 70 79 84 86 89 93
 71 : 0 3 5 17 19 39 97 98 99
 74 : 8 30 31 37 57 60 66 77
 90 : 16 38 41 62 63 80
 97 : 18 32 53 56 64 71 88 91 94 95
