# Time: 40217.980469
# Elapsed: 8191.380859
# Input_file: splp/Fpp17/16FPP_17S.txt
# Pool_size: 400
# Iterations: 59
# Final_solutions: 23107
# Vision_range: 600
# Reduction_mode: REDUCTION_DISPERSE
# Dissimilitude: DISSIM_HAUSDORFF
# Facility_dist: FDISMODE_SUMOFDELTAS
SOLUTION:
  Value: -54565.000000
  Assigns: 270 124 254 146 274 94 270 146 131 132 274 163 27 283 29 220 48 220 270 283 163 53 274 146 163 254 27 27 29 29 254 283 121 48 27 124 29 27 53 29 163 270 131 132 76 274 270 48 48 254 274 254 53 53 283 48 88 146 48 283 53 76 94 53 27 270 29 270 220 274 27 274 29 88 163 76 76 220 283 94 283 220 27 76 29 48 76 88 88 121 53 48 124 94 94 88 53 220 88 131 132 94 254 48 94 27 121 29 53 124 27 254 29 76 146 254 131 132 270 76 121 121 274 124 124 88 48 270 121 27 131 283 132 29 124 274 53 94 131 132 283 131 132 88 283 146 146 270 163 94 48 274 48 146 76 53 146 53 121 76 283 124 163 163 121 254 88 124 131 132 163 88 94 163 131 132 121 94 76 124 76 270 27 146 29 274 131 132 220 146 88 27 88 29 283 27 94 29 94 121 163 146 124 48 121 220 163 124 53 131 132 27 48 29 131 132 48 53 163 220 220 53 254 121 146 121 124 220 124 146 220 76 48 131 132 131 132 53 270 254 76 163 274 88 76 27 163 29 146 94 146 283 88 254 254 270 88 220 94 274 76 254 94 220 254 163 48 163 283 270 270 53 88 274 274 220 121 270 94 124 270 274 283 283 274 121 131 132 124 121 283 254 124 283 76 131 132 254 220 131 132 146 27 220 29 121 88 
  Facilities: 18
 27 : 12 26 27 34 37 64 70 82 105 110 129 182 191 195 211 245 302
 29 : 14 28 29 36 39 66 72 84 107 112 133 184 193 197 213 247 304
 48 : 16 33 47 48 55 58 85 91 103 126 150 152 203 212 216 232 266
 53 : 21 38 52 53 60 63 90 96 108 136 155 157 208 217 221 237 271
 76 : 44 61 75 76 83 86 113 119 154 159 178 180 231 240 244 260 294
 88 : 56 73 87 88 95 98 125 143 166 171 190 192 243 252 256 272 306
 94 : 5 62 79 93 94 101 104 137 149 172 177 196 198 249 258 262 278
 121 : 32 89 106 120 121 128 158 164 176 199 204 223 225 276 285 289 305
 124 : 1 35 92 109 123 124 134 161 167 179 202 207 226 228 279 288 292
 131 : 8 42 99 116 130 138 141 168 174 186 209 214 233 235 286 295 299
 132 : 9 43 100 117 132 139 142 169 175 187 210 215 234 236 287 296 300
 146 : 3 7 23 57 114 145 146 153 156 183 189 201 224 229 248 250 301
 163 : 11 20 24 40 74 148 162 163 170 173 200 206 218 241 246 265 267
 220 : 15 17 68 77 81 97 188 205 219 220 227 230 257 263 275 298 303
 254 : 2 25 30 49 51 102 111 115 165 222 239 253 254 261 264 291 297
 270 : 0 6 18 41 46 65 67 118 127 147 181 238 255 269 270 277 280
 274 : 4 10 22 45 50 69 71 122 135 151 185 242 259 273 274 281 284
 283 : 13 19 31 54 59 78 80 131 140 144 160 194 251 268 282 283 290 293
SOLUTION:
  Value: -90367.000000
  Assigns: 203 124 272 206 233 157 230 22 272 233 162 240 282 136 166 138 240 241 157 19 272 22 22 162 248 40 19 230 233 22 282 255 22 48 157 240 241 52 241 40 40 56 194 248 76 248 185 48 48 138 40 194 52 282 206 194 19 72 282 22 203 76 94 206 203 22 56 272 157 272 85 72 72 162 19 76 76 166 230 282 203 233 72 206 85 85 76 230 240 52 233 48 124 94 94 52 248 19 241 56 22 94 19 255 94 248 138 230 197 248 233 56 255 76 203 72 131 206 40 76 272 19 85 138 22 157 22 72 85 272 162 48 255 272 166 52 136 94 138 56 85 131 157 282 40 138 136 162 138 94 48 166 241 185 52 72 157 157 56 248 56 124 194 85 157 166 166 124 131 162 185 203 94 166 131 138 166 22 76 124 76 138 197 19 185 185 22 19 203 85 22 206 185 282 157 40 197 197 230 162 157 194 203 203 194 162 206 52 40 166 203 56 48 203 131 230 48 162 233 136 52 138 185 255 56 240 241 72 185 230 230 194 233 248 197 131 52 194 136 240 272 241 138 206 166 162 203 240 248 194 240 241 197 85 255 248 72 272 40 157 76 206 94 185 162 255 48 230 185 85 166 272 272 230 56 197 233 194 94 124 197 282 272 240 206 230 131 185 124 206 72 248 282 138 76 131 194 22 194 131 136 197 138 248 136 203 138 
  Facilities: 30
 19 : 19 26 56 74 97 102 121 183 187
 22 : 7 21 22 29 32 59 65 100 124 126 177 186 190 297
 40 : 25 39 40 50 118 144 195 208 258
 48 : 33 47 48 91 131 150 212 216 266
 52 : 37 52 89 95 135 154 207 220 236
 56 : 41 66 99 111 139 158 160 211 224 274
 72 : 57 71 72 82 115 127 155 227 256 290
 76 : 44 61 75 76 86 113 119 178 180 260 294
 85 : 70 84 85 122 128 140 163 189 253 269
 94 : 62 93 94 101 104 137 149 172 262 278
 124 : 1 92 161 167 179 279 288
 131 : 116 141 168 174 214 235 286 295 299
 136 : 13 136 146 219 238 300 304
 138 : 15 49 106 123 138 145 148 175 181 221 242 293 302 306
 157 : 5 18 34 68 125 142 156 157 164 194 200 259
 162 : 10 23 73 130 147 169 199 205 217 245 264
 166 : 14 77 134 151 165 166 173 176 209 244 270
 185 : 46 153 170 184 185 192 222 228 263 268 287
 194 : 42 51 55 162 201 204 231 237 249 277 296 298
 197 : 108 182 196 197 234 252 275 280 301
 203 : 0 60 64 80 114 171 188 202 203 210 213 246 305
 206 : 3 54 63 83 117 191 206 243 261 284 289
 230 : 6 27 78 87 107 198 215 229 230 267 273 285
 233 : 4 9 28 81 90 110 218 232 276
 240 : 11 16 35 88 225 239 247 250 283
 241 : 17 36 38 98 152 226 241 251
 248 : 24 43 45 96 105 109 159 233 248 255 291 303
 255 : 31 103 112 132 223 254 265
 272 : 2 8 20 67 69 120 129 133 240 257 271 272 282
 282 : 12 30 53 58 79 143 193 281 292
SOLUTION:
  Value: -114289.000000
  Assigns: 203 124 272 206 209 275 230 22 272 273 133 275 282 14 14 138 48 220 19 19 272 22 54 275 14 40 19 230 180 22 282 283 22 48 298 124 36 52 53 40 40 180 194 248 273 248 275 48 48 138 40 194 52 53 206 194 19 14 282 22 203 54 94 202 54 97 209 272 273 14 85 194 104 88 75 75 108 220 230 282 283 220 75 40 85 85 209 88 88 104 53 48 14 298 94 52 248 19 88 131 132 94 19 104 94 248 138 97 53 54 142 9 75 202 203 108 131 206 108 36 272 19 85 138 22 88 22 142 85 272 52 48 132 272 124 52 275 94 138 282 283 131 142 282 40 138 298 104 138 94 48 108 142 75 52 53 52 53 75 248 283 124 194 108 9 180 88 124 131 14 133 88 94 9 131 97 133 9 14 124 180 138 104 19 273 142 22 19 203 85 22 206 88 282 283 40 94 142 230 97 36 97 203 203 194 206 206 52 209 209 203 133 48 203 131 230 48 180 54 220 52 138 54 180 40 142 124 9 124 230 220 194 14 248 132 180 52 194 54 202 272 273 138 206 142 202 142 248 248 194 282 283 88 85 36 248 88 202 40 104 275 206 94 220 209 97 48 230 104 85 52 272 272 273 275 275 108 194 94 124 202 282 272 283 206 230 131 209 124 14 283 248 282 138 19 131 194 22 194 131 132 133 138 248 202 203 88 
  Facilities: 38
 9 : 111 164 173 177 227
 14 : 13 14 24 57 69 92 169 178 232 289
 19 : 18 19 26 56 97 102 121 183 187 294
 22 : 7 21 29 32 59 124 126 186 190 297
 36 : 36 119 200 254
 40 : 25 39 40 50 83 144 195 224 258
 48 : 16 33 47 48 91 131 150 212 216 266
 52 : 37 52 95 130 135 154 156 207 220 236 270
 53 : 38 53 90 108 155 157
 54 : 22 61 64 109 218 222 238
 75 : 74 75 82 112 153 158
 85 : 70 84 85 122 128 189 253 269
 88 : 73 87 88 98 125 166 171 192 252 256 306
 94 : 62 94 101 104 137 149 172 196 262 278
 97 : 65 107 175 199 201 265
 104 : 72 89 103 147 182 259 268
 108 : 76 115 118 151 163 276
 124 : 1 35 134 161 167 179 226 228 279 288
 131 : 99 116 141 168 174 214 286 295 299
 132 : 100 132 234 300
 133 : 10 170 176 211 301
 138 : 15 49 106 123 138 145 148 181 221 242 293 302
 142 : 110 127 142 152 185 197 225 244 246
 180 : 28 41 165 180 217 223 235
 194 : 42 51 55 71 162 204 231 237 249 277 296 298
 202 : 63 113 239 245 257 280 304
 203 : 0 60 114 188 202 203 210 213 305
 206 : 3 54 117 191 205 206 243 261 284
 209 : 4 66 86 208 209 264 287
 220 : 17 77 81 219 230 263
 230 : 6 27 78 198 215 229 267 285
 248 : 43 45 96 105 159 233 247 248 255 291 303
 272 : 2 8 20 67 120 129 133 240 271 272 282
 273 : 9 44 68 184 241 273
 275 : 5 11 23 46 136 260 274 275
 282 : 12 30 58 79 139 143 193 250 281 292
 283 : 31 80 140 160 194 251 283 290
 298 : 34 93 146
SOLUTION:
  Value: -117254.000000
  Assigns: 203 124 272 206 36 229 230 22 272 273 213 100 282 14 166 138 48 246 157 108 272 22 22 252 14 277 290 179 252 22 282 170 22 48 157 124 179 52 290 40 40 246 131 36 273 250 47 48 48 192 40 14 52 277 206 48 88 14 282 22 203 213 94 206 203 97 290 272 273 14 85 194 277 88 277 75 108 166 230 94 203 170 75 40 85 85 229 88 88 52 213 48 14 94 94 52 97 97 250 100 252 94 47 192 94 22 28 97 108 124 100 28 75 252 203 108 131 206 108 36 272 273 85 138 22 277 22 250 85 272 47 48 28 272 166 52 136 94 277 282 85 131 157 282 40 138 136 290 138 94 48 166 97 75 52 170 157 246 75 282 192 124 194 108 157 166 88 290 131 14 170 88 94 166 131 97 166 192 179 124 170 138 14 28 273 217 22 85 203 85 22 206 192 282 157 40 28 229 14 97 36 97 203 203 40 206 206 52 40 166 203 47 48 206 131 47 48 217 250 136 52 138 179 213 40 170 124 217 229 230 75 47 14 131 179 192 52 194 136 229 272 273 138 206 166 277 203 192 170 194 213 252 88 85 36 100 213 179 40 252 217 206 94 108 100 47 48 230 100 85 192 272 272 273 170 192 277 194 94 124 273 282 272 273 229 230 131 277 124 14 290 136 282 138 192 131 192 22 194 131 136 246 138 28 136 203 88 
  Facilities: 39
 14 : 13 24 51 57 69 92 169 182 198 232 289
 22 : 7 21 22 29 32 59 105 124 126 186 190 297
 28 : 106 111 132 183 196 303
 36 : 4 43 119 200 254
 40 : 39 40 50 83 144 195 204 208 224 258
 47 : 46 102 130 211 215 231 265
 48 : 16 33 47 48 55 91 131 150 212 216 266
 52 : 37 52 89 95 135 154 207 220 236
 75 : 75 82 112 153 158 230
 85 : 70 84 85 122 128 140 187 189 253 269
 88 : 56 73 87 88 166 171 252 306
 94 : 62 79 93 94 101 104 137 149 172 262 278
 97 : 65 96 97 107 152 175 199 201
 100 : 11 99 110 255 264 268
 108 : 19 76 108 115 118 163 263
 124 : 1 35 109 161 179 226 279 288
 131 : 42 116 141 168 174 214 233 286 295 299
 136 : 136 146 219 238 291 300 304
 138 : 15 123 145 148 181 221 242 293 302
 157 : 18 34 142 156 164 194
 166 : 14 77 134 151 165 173 176 209 244
 170 : 31 81 155 170 180 225 248 274
 179 : 27 36 178 222 234 257
 192 : 49 103 160 177 192 235 247 270 275 294 296
 194 : 71 162 237 249 277 298
 203 : 0 60 64 80 114 188 202 203 210 246 305
 206 : 3 54 63 117 191 205 206 213 243 261
 213 : 10 61 90 223 250 256
 217 : 185 217 227 260
 229 : 5 86 197 228 239 284
 230 : 6 78 229 267 285
 246 : 17 41 157 301
 250 : 45 98 127 218
 252 : 23 28 100 113 251 259
 272 : 2 8 20 67 120 129 133 240 271 272 282
 273 : 9 44 68 121 184 241 273 280 283
 277 : 25 53 72 74 125 138 245 276 287
 282 : 12 30 58 139 143 159 193 281 292
 290 : 26 38 66 147 167 290
SOLUTION:
  Value: -123238.000000
  Assigns: 203 124 272 206 233 275 230 22 97 273 215 275 282 14 166 138 48 246 8 108 20 22 145 275 14 277 19 230 233 22 282 283 22 48 66 124 51 52 190 40 40 246 131 248 273 248 275 48 48 192 40 14 52 277 206 48 19 14 282 22 203 51 94 20 27 97 66 190 273 14 85 194 215 66 277 20 108 166 230 94 283 233 27 40 85 85 8 230 51 104 233 48 14 94 94 52 97 19 250 131 22 94 19 192 94 22 51 97 108 109 233 250 8 145 203 108 131 206 108 109 272 19 20 138 22 277 215 250 85 272 52 48 275 272 166 52 275 94 277 282 283 131 40 282 40 138 109 104 138 94 48 166 97 51 52 145 52 246 190 248 192 124 194 108 109 166 166 124 131 14 66 203 94 166 131 20 166 192 14 124 97 138 14 19 273 217 22 19 203 190 190 206 192 282 283 40 94 190 14 97 145 97 203 203 40 206 206 52 40 166 203 109 48 206 131 215 48 217 233 51 52 138 215 145 40 215 8 190 124 230 66 194 14 248 66 192 52 194 20 202 272 273 138 206 166 27 203 145 248 194 250 283 215 85 217 248 246 202 40 104 217 206 94 108 109 97 48 230 104 85 192 272 272 273 275 192 277 194 94 124 202 282 272 283 206 230 131 277 124 14 283 248 282 138 192 131 192 22 194 131 8 246 138 248 202 250 202 
  Facilities: 41
 8 : 18 86 112 226 300
 14 : 13 24 51 57 69 92 169 178 182 198 232 289
 19 : 26 56 97 102 121 183 187
 20 : 20 63 75 122 175 238
 22 : 7 21 29 32 59 100 105 124 186 297
 27 : 64 82 245
 40 : 39 40 50 83 142 144 195 204 208 224 258
 48 : 16 33 47 48 55 91 131 150 212 216 266
 51 : 36 61 88 106 153 219
 52 : 37 52 95 130 135 154 156 207 220 236
 66 : 34 66 73 170 230 234
 85 : 70 84 85 128 253 269
 94 : 62 79 93 94 101 104 137 149 172 196 262 278
 97 : 8 65 96 107 152 180 199 201 265
 104 : 89 147 259 268
 108 : 19 76 108 115 118 163 263
 109 : 109 119 146 164 211 264
 124 : 1 35 161 167 179 228 279 288
 131 : 42 99 116 141 168 174 214 286 295 299
 138 : 15 123 145 148 181 221 242 293 302
 145 : 22 113 155 200 223 247
 166 : 14 77 134 151 165 166 173 176 209 244
 190 : 38 67 158 189 190 197 227
 192 : 49 103 160 177 192 235 270 275 294 296
 194 : 71 162 231 237 249 277 298
 202 : 239 257 280 304 306
 203 : 0 60 114 171 188 202 203 210 246
 206 : 3 54 117 191 205 206 213 243 261 284
 215 : 10 72 126 215 222 225 252
 217 : 185 217 254 260
 230 : 6 27 78 87 229 267 285
 233 : 4 28 81 90 110 218
 246 : 17 41 157 256 301
 248 : 43 45 159 233 248 255 291 303
 250 : 98 111 127 250 305
 272 : 2 120 129 133 240 271 272 282
 273 : 9 44 68 184 241 273
 275 : 5 11 23 46 132 136 274
 277 : 25 53 74 125 138 276 287
 282 : 12 30 58 139 143 193 281 292
 283 : 31 80 140 194 251 283 290
SOLUTION:
  Value: -123255.000000
  Assigns: 252 124 272 206 19 275 230 22 272 273 213 275 282 14 166 138 48 246 50 19 20 22 22 252 14 40 19 230 252 22 282 283 22 48 286 124 51 52 190 40 40 246 194 248 273 248 185 48 48 50 40 194 52 192 206 194 88 50 282 22 50 213 94 20 27 97 218 190 273 14 27 194 104 88 19 218 108 166 230 282 283 286 27 40 84 48 8 88 88 104 213 48 14 50 94 52 248 19 250 131 252 94 19 192 94 248 51 97 108 109 27 250 8 252 104 108 131 206 108 109 272 19 20 138 22 88 22 250 50 272 52 48 275 50 166 52 275 94 138 84 283 131 294 282 40 138 109 104 138 94 48 166 97 51 52 294 52 246 190 248 192 124 194 108 109 166 166 124 131 14 185 88 94 166 131 20 166 192 14 124 97 138 104 19 185 185 22 19 20 190 190 206 192 282 283 40 94 286 230 97 190 97 192 48 194 50 206 52 40 166 108 109 48 206 131 230 48 218 218 51 52 138 185 213 40 218 8 190 185 230 230 194 14 248 50 192 52 194 20 84 272 273 138 206 166 27 246 248 84 194 213 283 88 246 286 248 213 272 40 104 250 206 94 108 109 97 48 230 50 51 192 272 272 190 275 192 108 194 94 124 273 282 272 283 206 230 131 250 124 14 283 248 282 138 192 131 192 22 194 131 8 246 138 248 294 250 88 
  Facilities: 41
 8 : 86 112 226 300
 14 : 13 24 69 92 169 178 232 289
 19 : 4 19 26 74 97 102 121 183 187
 20 : 20 63 122 175 188 238
 22 : 7 21 22 29 32 59 124 126 186 297
 27 : 64 70 82 110 245
 40 : 25 39 40 50 83 144 195 208 224 258
 48 : 16 33 47 48 85 91 131 150 203 212 216 266
 50 : 18 49 57 60 93 128 133 205 234 268
 51 : 36 106 153 219 269
 52 : 37 52 95 130 135 154 156 207 220 236
 84 : 84 139 239 248
 88 : 56 73 87 88 125 171 252 306
 94 : 62 94 101 104 137 149 172 196 262 278
 97 : 65 107 152 180 199 201 265
 104 : 72 89 114 147 182 259
 108 : 76 108 115 118 163 210 263 276
 109 : 109 119 146 164 211 264
 124 : 1 35 161 167 179 279 288
 131 : 99 116 141 168 174 214 286 295 299
 138 : 15 123 138 145 148 181 221 242 293 302
 166 : 14 77 134 151 165 166 173 176 209 244
 185 : 46 170 184 185 222 228
 190 : 38 67 158 189 190 200 227 273
 192 : 53 103 160 177 192 202 235 270 275 294 296
 194 : 42 51 55 71 162 204 231 237 249 277 298
 206 : 3 54 117 191 206 213 243 261 284
 213 : 10 61 90 223 250 256
 218 : 66 75 217 218 225
 230 : 6 27 78 198 215 229 230 267 285
 246 : 17 41 157 246 253 301
 248 : 43 45 96 105 159 233 247 255 291 303
 250 : 98 111 127 260 287 305
 252 : 0 23 28 100 113
 272 : 2 8 120 129 240 257 271 272 282
 273 : 9 44 68 241 280
 275 : 5 11 132 136 274
 282 : 12 30 58 79 143 193 281 292
 283 : 31 80 140 194 251 283 290
 286 : 34 81 197 254
 294 : 142 155 304
SOLUTION:
  Value: -129216.000000
  Assigns: 203 124 272 206 274 275 230 22 97 273 274 275 282 14 166 104 48 246 50 19 272 22 145 275 14 277 19 230 171 22 282 283 171 48 27 124 51 52 190 40 40 246 74 248 273 248 47 48 272 50 40 14 52 277 206 194 19 50 282 22 203 51 94 206 27 97 218 190 273 14 85 274 277 88 277 218 108 166 230 282 283 74 27 206 85 85 118 230 51 104 105 48 14 50 94 52 97 19 88 131 22 94 19 192 94 22 51 97 108 109 27 74 105 145 203 105 131 206 108 109 272 19 274 40 22 277 22 84 50 272 47 283 275 50 166 52 275 94 277 84 283 131 294 282 283 108 109 104 105 94 48 274 97 51 52 145 171 246 190 248 192 124 194 108 109 166 166 124 85 14 171 294 94 118 131 190 166 192 74 124 97 171 14 19 273 274 22 19 203 190 190 206 192 282 283 40 118 190 14 97 145 97 203 203 194 50 206 52 40 166 203 47 48 203 131 47 48 218 218 51 52 166 118 145 40 218 171 190 124 230 230 194 14 248 50 192 52 194 74 84 272 273 74 206 166 27 203 145 84 194 282 283 88 85 171 248 246 272 40 104 105 206 94 108 109 47 48 230 50 85 192 272 272 273 275 192 277 194 94 124 273 282 272 283 206 230 131 277 124 105 283 248 282 283 192 131 192 22 194 131 145 246 84 248 294 203 88 
  Facilities: 43
 14 : 13 24 51 69 92 169 182 198 232
 19 : 19 26 56 97 102 121 183 187
 22 : 7 21 29 59 100 105 124 126 186 297
 27 : 34 64 82 110 245
 40 : 39 40 50 123 195 208 224 258
 47 : 46 130 211 215 265
 48 : 16 33 47 91 150 212 216 266
 50 : 18 49 57 93 128 133 205 234 268
 51 : 36 61 88 106 153 219
 52 : 37 52 95 135 154 207 220 236
 74 : 42 81 111 178 238 242
 84 : 127 139 239 248 302
 85 : 70 84 85 168 253 269
 88 : 73 98 252 306
 94 : 62 94 101 104 137 149 172 262 278
 97 : 8 65 96 107 152 180 199 201
 104 : 15 89 147 259
 105 : 90 112 115 148 260 289
 108 : 76 108 118 145 163 263
 109 : 109 119 146 164 264
 118 : 86 173 196 222
 124 : 1 35 161 167 179 228 279 288
 131 : 99 116 141 174 214 286 295 299
 145 : 22 113 155 200 223 247 300
 166 : 14 77 134 165 166 176 209 221 244
 171 : 28 32 156 170 181 226 254
 190 : 38 67 158 175 189 190 197 227
 192 : 103 160 177 192 235 270 275 294 296
 194 : 55 162 204 231 237 249 277 298
 203 : 0 60 114 188 202 203 210 213 246 305
 206 : 3 54 63 83 117 191 206 243 261 284
 218 : 66 75 217 218 225
 230 : 6 27 78 87 229 230 267 285
 246 : 17 41 157 256 301
 248 : 43 45 159 233 255 291 303
 272 : 2 20 48 120 129 240 257 271 272 282
 273 : 9 44 68 184 241 273 280
 274 : 4 10 71 122 151 185
 275 : 5 11 23 132 136 274
 277 : 25 53 72 74 125 138 276 287
 282 : 12 30 58 79 143 193 250 281 292
 283 : 31 80 131 140 144 194 251 283 290 293
 294 : 142 171 304
SOLUTION:
  Value: -129230.000000
  Assigns: 252 124 272 206 19 275 230 22 272 273 213 275 282 14 166 138 48 246 50 19 20 22 22 252 14 40 19 230 252 22 282 283 22 48 286 124 51 52 190 40 40 246 194 248 273 248 185 48 48 50 40 194 52 192 206 194 88 50 282 22 203 213 94 20 27 97 218 190 273 14 27 194 104 88 19 218 108 166 230 282 283 286 27 40 84 48 8 88 88 104 213 48 14 50 94 52 248 19 250 131 252 94 19 192 94 248 51 97 108 109 27 112 112 252 203 108 131 206 108 112 272 19 20 138 22 88 22 250 50 272 52 48 275 50 166 52 275 94 138 84 283 131 294 282 40 138 109 104 138 94 48 166 97 51 52 294 52 246 190 248 192 124 194 108 109 166 166 112 131 14 185 88 94 166 131 20 166 192 14 124 97 138 104 19 185 185 22 19 203 190 190 206 192 282 283 112 94 286 230 97 190 97 203 203 194 50 206 52 40 166 203 109 48 206 131 230 48 218 218 51 52 138 185 213 40 218 8 190 185 230 230 194 14 248 50 192 52 194 20 84 272 273 138 206 166 27 203 248 84 194 213 283 88 246 286 248 213 272 40 104 250 206 94 108 109 97 48 230 50 51 192 272 272 190 275 192 108 194 94 124 273 282 272 283 206 230 131 250 124 14 283 248 282 138 192 131 192 22 194 131 8 246 138 248 294 250 88 
  Facilities: 43
 8 : 86 226 300
 14 : 13 24 69 92 169 178 232 289
 19 : 4 19 26 74 97 102 121 183 187
 20 : 20 63 122 175 238
 22 : 7 21 22 29 32 59 124 126 186 297
 27 : 64 70 82 110 245
 40 : 25 39 40 50 83 144 208 224 258
 48 : 16 33 47 48 85 91 131 150 212 216 266
 50 : 18 49 57 93 128 133 205 234 268
 51 : 36 106 153 219 269
 52 : 37 52 95 130 135 154 156 207 220 236
 84 : 84 139 239 248
 88 : 56 73 87 88 125 171 252 306
 94 : 62 94 101 104 137 149 172 196 262 278
 97 : 65 107 152 180 199 201 265
 104 : 72 89 147 182 259
 108 : 76 108 115 118 163 263 276
 109 : 109 146 164 211 264
 112 : 111 112 119 167 195
 124 : 1 35 161 179 279 288
 131 : 99 116 141 168 174 214 286 295 299
 138 : 15 123 138 145 148 181 221 242 293 302
 166 : 14 77 134 151 165 166 173 176 209 244
 185 : 46 170 184 185 222 228
 190 : 38 67 158 189 190 200 227 273
 192 : 53 103 160 177 192 235 270 275 294 296
 194 : 42 51 55 71 162 204 231 237 249 277 298
 203 : 60 114 188 202 203 210 246
 206 : 3 54 117 191 206 213 243 261 284
 213 : 10 61 90 223 250 256
 218 : 66 75 217 218 225
 230 : 6 27 78 198 215 229 230 267 285
 246 : 17 41 157 253 301
 248 : 43 45 96 105 159 233 247 255 291 303
 250 : 98 127 260 287 305
 252 : 0 23 28 100 113
 272 : 2 8 120 129 240 257 271 272 282
 273 : 9 44 68 241 280
 275 : 5 11 132 136 274
 282 : 12 30 58 79 143 193 281 292
 283 : 31 80 140 194 251 283 290
 286 : 34 81 197 254
 294 : 142 155 304
SOLUTION:
  Value: -129248.000000
  Assigns: 203 124 272 206 36 302 230 22 272 273 213 235 282 14 166 138 48 246 50 108 272 22 225 252 14 277 19 230 252 22 282 170 302 48 27 124 29 52 302 40 40 164 131 36 273 250 47 48 48 50 40 14 52 277 206 48 88 50 282 22 203 213 94 202 27 22 29 272 273 14 85 194 277 88 277 164 108 166 230 94 203 170 225 40 85 85 225 88 88 104 213 48 14 50 94 52 235 19 250 100 252 94 47 192 94 22 51 246 108 54 27 250 29 252 203 108 131 206 108 36 272 19 85 138 22 277 22 250 50 272 47 48 164 50 166 52 225 94 277 282 85 131 40 282 40 138 235 104 138 94 302 166 48 51 52 170 52 246 54 282 192 124 194 108 164 166 88 124 131 14 170 88 94 166 131 138 166 192 100 124 170 138 14 19 273 217 22 19 203 85 22 206 192 282 194 40 94 29 14 192 36 202 203 203 40 50 206 52 40 166 203 47 48 206 131 47 48 217 250 51 52 138 54 213 40 170 124 217 124 230 230 47 14 131 235 192 52 194 54 202 272 273 164 206 166 27 203 164 170 194 213 252 88 85 36 100 213 202 40 104 217 206 225 108 100 47 48 230 225 85 192 272 272 273 170 192 277 194 94 124 202 282 272 273 206 230 131 277 124 14 235 213 282 138 192 131 192 22 194 131 217 246 138 85 202 203 88 
  Facilities: 43
 14 : 13 24 51 69 92 169 182 198 232 289
 19 : 26 97 121 183 187
 22 : 7 21 29 59 65 105 124 126 186 190 297
 27 : 34 64 110 245
 29 : 36 66 112 197
 36 : 4 43 119 200 254
 40 : 39 40 50 83 142 144 195 204 208 224 258
 47 : 46 102 130 211 215 231 265
 48 : 16 33 47 48 55 91 131 152 212 216 266
 50 : 18 49 57 93 128 133 205
 51 : 106 153 219
 52 : 37 52 95 135 154 156 207 220 236
 54 : 109 158 222 238
 85 : 70 84 85 122 140 189 253 269 303
 88 : 56 73 87 88 166 171 252 306
 94 : 62 79 94 101 104 137 149 172 196 278
 100 : 99 178 255 264
 104 : 89 147 259
 108 : 19 76 108 115 118 163 263
 124 : 1 35 161 167 179 226 228 279 288
 131 : 42 116 141 168 174 214 233 286 295 299
 138 : 15 123 145 148 175 181 221 293 302
 164 : 41 75 132 164 242 247
 166 : 14 77 134 151 165 173 176 209 244
 170 : 31 81 155 170 180 225 248 274
 192 : 103 160 177 192 199 235 270 275 294 296
 194 : 71 162 194 237 249 277 298
 202 : 63 201 239 257 280 304
 203 : 0 60 80 114 188 202 203 210 246 305
 206 : 3 54 117 191 206 213 243 261 284
 213 : 10 61 90 223 250 256 291
 217 : 185 217 227 260 300
 225 : 22 82 86 136 262 268
 230 : 6 27 78 229 230 267 285
 235 : 11 96 146 234 290
 246 : 17 107 157 301
 250 : 45 98 111 127 218
 252 : 23 28 100 113 251
 272 : 2 8 20 67 120 129 240 271 272 282
 273 : 9 44 68 184 241 273 283
 277 : 25 53 72 74 125 138 276 287
 282 : 12 30 58 139 143 159 193 281 292
 302 : 5 32 38 150
SOLUTION:
  Value: -132237.000000
  Assigns: 203 124 272 206 19 302 230 22 97 279 213 100 282 14 166 138 48 18 157 19 272 22 22 166 14 277 19 230 18 22 282 283 302 48 157 124 300 52 190 40 40 164 131 44 44 134 185 48 48 138 40 14 84 277 206 48 88 57 282 22 203 18 94 202 27 97 67 190 191 14 27 300 277 88 277 164 279 166 230 282 283 44 27 206 85 85 86 88 88 104 213 48 14 94 84 52 97 19 250 100 100 94 19 104 94 22 138 97 108 124 67 250 57 202 203 108 131 206 108 134 18 19 18 138 22 277 22 44 85 272 52 283 164 134 166 52 279 94 277 84 283 86 294 282 283 108 44 104 138 94 67 166 97 185 52 100 279 300 190 282 283 300 84 108 164 166 88 124 85 67 185 88 94 18 131 190 166 300 100 124 97 138 14 19 185 185 22 19 203 190 190 206 185 282 283 40 94 190 14 97 190 97 203 203 40 294 206 52 40 166 203 300 48 203 131 230 48 134 250 164 52 138 185 213 40 57 124 190 185 230 230 67 14 190 191 250 52 19 134 84 272 86 164 206 166 27 203 279 84 206 213 67 88 85 86 100 213 202 40 104 250 206 44 108 100 97 48 230 100 85 166 272 272 190 191 57 108 277 94 279 202 282 272 283 206 230 279 185 124 14 283 213 282 283 19 131 213 22 134 131 300 302 84 85 202 203 88 
  Facilities: 44
 14 : 13 24 51 69 92 182 198 232 289
 18 : 17 28 61 120 122 173
 19 : 4 19 26 97 102 121 183 187 237 294
 22 : 7 21 22 29 59 105 124 126 186 297
 27 : 64 70 82 245
 40 : 39 40 50 195 204 208 224 258
 44 : 43 44 81 127 146 262
 48 : 16 33 47 48 55 91 212 216 266
 52 : 37 95 130 135 154 207 220 236
 57 : 57 112 225 275
 67 : 66 110 150 169 231 251
 84 : 52 94 139 162 239 248 302
 85 : 84 85 128 168 253 269 303
 86 : 86 141 241 254
 88 : 56 73 87 88 166 171 252 306
 94 : 62 93 101 104 137 149 172 196 278
 97 : 8 65 96 107 152 180 199 201 265
 100 : 11 99 100 155 178 255 264 268
 104 : 89 103 147 259
 108 : 108 115 118 145 163 263 276
 124 : 1 35 109 167 179 226 288
 131 : 42 116 174 214 295 299
 134 : 45 119 133 217 238 298
 138 : 15 49 106 123 148 181 221
 157 : 18 34
 164 : 41 75 132 164 219 242
 166 : 14 23 77 134 151 165 176 209 244 270
 185 : 46 153 170 184 185 192 222 228 287
 190 : 38 67 158 175 189 190 197 200 227 233 273
 191 : 68 234 274
 202 : 63 113 257 280 304
 203 : 0 60 114 188 202 203 210 213 246 305
 206 : 3 54 83 117 191 206 243 249 261 284
 213 : 10 90 223 250 256 291 296
 230 : 6 27 78 215 229 230 267 285
 250 : 98 111 218 235 260
 272 : 2 20 129 240 271 272 282
 277 : 25 53 72 74 125 138 277
 279 : 9 76 136 156 247 279 286
 282 : 12 30 58 79 143 159 193 281 292
 283 : 31 80 131 140 144 160 194 283 290 293
 294 : 142 205
 300 : 36 71 157 161 177 211 300
 302 : 5 32 301
