# Time: 398.590027
# Elapsed: 63.341316
# Input_file: splp/KoerkelGhosh-sym/750/b/gs750b-5
# Pool_size: 1000
# Iterations: 36
# Final_solutions: 32958
# Vision_range: 0
# Reduction_mode: REDUCTION_RANDOM
SOLUTION:
  Value: -808886.000000
  Assigns: 534 278 70 302 17 456 422 157 525 422 302 358 370 278 422 358 206 424 70 661 525 661 456 358 171 302 227 229 157 16 153 229 661 424 370 157 424 358 206 358 534 534 302 661 17 302 370 426 115 358 115 153 206 153 229 370 661 115 424 426 171 171 229 358 206 370 157 229 358 534 422 302 16 229 534 534 278 229 534 227 153 16 17 171 115 525 370 456 206 157 424 370 370 358 278 171 153 115 227 422 302 17 17 157 229 302 422 17 17 426 206 171 358 426 278 157 661 195 195 422 115 525 70 227 358 70 426 370 17 525 278 456 157 302 206 70 278 426 70 525 16 426 206 157 115 16 227 424 206 278 206 227 525 278 195 171 422 525 17 171 157 424 358 424 422 227 115 426 661 358 70 206 227 424 426 534 70 424 661 115 70 16 661 115 16 302 16 534 206 153 229 227 370 115 115 206 358 370 278 17 70 229 16 422 229 17 525 456 422 115 302 302 115 426 661 534 302 370 115 525 16 17 302 424 426 171 525 206 227 661 456 525 278 456 525 70 422 227 525 171 534 70 115 153 534 16 195 525 171 227 17 661 171 456 206 195 358 302 16 661 17 424 115 17 661 206 534 422 70 70 206 456 171 525 157 206 534 358 153 153 17 422 206 153 370 278 115 370 227 153 153 171 278 115 171 370 171 358 229 534 206 534 195 229 70 227 153 661 153 525 157 17 206 534 525 206 534 358 525 153 358 171 227 661 157 456 422 70 661 525 426 227 422 661 229 171 227 153 229 153 525 278 17 16 16 115 195 661 16 370 115 171 17 17 525 661 115 525 426 157 153 358 534 171 358 424 302 227 70 227 227 370 157 426 227 456 195 278 16 17 358 229 424 358 358 227 370 157 534 195 171 16 424 17 370 171 661 302 229 227 426 422 525 370 525 70 358 171 426 525 157 424 370 157 525 227 16 70 195 661 195 153 171 206 17 370 278 153 171 17 157 358 424 278 456 70 422 229 302 115 229 370 370 206 157 227 525 227 370 456 424 16 525 370 16 17 195 302 456 426 227 525 525 456 661 422 534 456 302 227 115 278 525 153 70 422 534 534 206 525 278 358 278 16 278 661 16 422 661 426 70 171 302 370 171 426 153 157 206 206 525 17 153 422 206 424 70 302 70 302 661 534 422 229 157 195 153 302 358 661 227 16 278 195 227 206 422 525 195 424 358 157 16 206 302 302 358 525 424 70 422 70 195 229 171 358 115 157 370 278 227 358 422 358 278 302 426 70 227 358 229 358 278 17 661 278 171 17 456 370 661 456 70 525 426 17 661 227 358 358 370 422 456 157 153 358 534 195 424 229 195 171 17 171 358 171 456 70 17 195 227 422 17 661 424 456 206 171 227 426 424 456 370 227 206 278 426 426 17 195 456 153 534 302 426 171 16 229 171 153 534 278 358 278 302 157 206 534 358 206 153 302 422 426 153 153 206 426 206 115 115 206 426 661 534 534 534 661 157 422 16 426 115 424 16 426 358 206 227 661 153 278 661 70 426 17 422 525 115 424 424 278 370 534 661 426 426 229 17 153 456 171 157 422 115 525 115 278 302 302 661 358 229 206 424 157 17 227 157 426 153 227 153 426 302 153 370 227 153 16 302 229 70 426 195 534 157 157 229 525 227 534 206 422 17 370 171 426 302 171 16 115 370 115 17 456 278 370 278 370 
  Facilities: 22
 16 : 29 72 81 140 145 181 184 186 202 220 245 258 343 344 348 378 391 416 451 454 483 486 521 532 626 660 664 719 740
 17 : 4 44 82 101 102 107 108 128 158 199 205 221 250 260 263 280 311 342 352 353 379 393 424 429 455 501 563 567 575 592 598 602 618 675 688 706 734 744
 70 : 2 18 122 125 135 138 170 176 180 200 235 241 268 269 304 327 368 405 417 435 474 490 506 508 539 541 557 572 597 673 722
 115 : 48 50 57 84 97 120 144 166 179 183 193 194 209 212 218 242 262 286 293 345 350 356 439 470 546 649 650 662 678 694 696 741 743
 153 : 30 51 53 80 96 189 243 278 279 283 289 290 306 308 319 337 339 360 421 427 473 496 502 516 584 621 629 640 644 645 670 689 710 712 715 718
 157 : 7 28 35 66 89 103 115 132 143 160 274 310 324 359 372 387 410 413 430 444 497 514 531 547 583 635 658 692 705 708 726 727
 171 : 24 60 61 83 95 111 155 159 225 239 248 252 272 291 294 296 321 335 351 363 390 395 407 422 428 491 494 544 566 591 593 595 607 625 628 691 736 739
 195 : 117 118 154 246 255 302 346 376 389 418 420 456 515 523 528 542 587 590 599 619 724
 206 : 16 38 52 64 88 110 134 142 148 150 171 188 195 227 254 265 270 275 282 300 312 315 423 443 478 498 499 504 525 533 606 614 636 639 646 648 651 667 703 732
 227 : 26 79 98 123 146 151 165 172 191 228 237 249 288 305 322 331 336 367 369 370 374 385 399 415 445 447 460 469 520 524 550 558 577 600 608 613 668 707 711 717 730
 229 : 27 31 54 62 67 73 77 104 190 201 204 298 303 334 338 381 398 437 440 513 543 560 589 627 687 702 721 728
 278 : 1 13 76 94 114 130 136 149 153 198 232 285 292 341 377 426 433 471 480 482 484 522 549 554 562 565 615 631 633 671 681 697 746 748
 302 : 3 10 25 42 45 71 100 105 133 185 210 211 216 222 257 366 397 438 457 468 492 507 509 517 534 535 555 623 634 641 698 699 714 720 738
 358 : 11 15 23 37 39 49 63 68 93 112 124 162 169 196 256 277 297 317 320 361 364 380 383 384 406 431 481 518 530 536 545 551 553 559 561 578 579 585 594 632 638 666 701
 370 : 12 34 46 55 65 86 91 92 127 192 197 217 284 287 295 349 371 386 394 403 412 425 441 442 448 453 493 548 569 580 612 682 716 735 742 747 749
 422 : 6 9 14 70 99 106 119 156 164 203 208 236 267 281 326 332 401 436 465 475 487 503 512 526 540 552 581 601 642 659 676 693 733
 424 : 17 33 36 58 90 147 161 163 173 177 223 261 365 382 392 411 432 450 505 529 538 588 604 610 663 679 680 704
 426 : 47 59 109 113 126 137 141 167 174 213 224 330 358 373 400 408 459 489 495 556 574 609 616 617 624 643 647 652 661 665 674 685 686 709 713 723 737
 456 : 5 22 87 131 207 230 233 253 271 325 375 434 449 458 463 467 568 571 582 596 605 611 620 690 745
 525 : 8 20 85 121 129 139 152 157 206 219 226 231 234 238 247 273 309 314 318 329 340 354 357 402 404 409 414 446 452 461 462 472 479 500 527 537 573 677 695 729
 534 : 0 40 41 69 74 75 78 175 187 215 240 244 266 276 299 301 313 316 362 388 466 476 477 511 586 622 630 637 654 655 656 683 725 731
 661 : 19 21 32 43 56 116 168 178 182 214 229 251 259 264 307 323 328 333 347 355 396 419 464 485 488 510 519 564 570 576 603 653 657 669 672 684 700
SOLUTION:
  Value: -809551.000000
  Assigns: 372 278 486 302 17 456 422 157 71 422 565 71 370 278 422 358 486 302 71 153 525 278 456 358 486 302 227 229 157 16 153 229 434 370 370 157 372 358 206 93 372 525 302 456 486 302 370 358 115 486 565 153 206 611 229 370 372 115 171 71 171 171 229 434 206 370 157 229 358 611 422 372 16 229 456 171 71 229 153 227 153 16 17 171 115 525 486 456 93 157 611 370 370 358 278 171 565 115 227 71 302 611 17 372 611 302 422 611 17 422 206 171 358 171 278 157 565 195 195 422 115 525 486 93 358 486 71 370 17 93 278 456 93 611 206 153 93 93 434 525 16 358 206 157 115 565 486 229 206 434 206 227 525 278 195 171 422 525 17 71 157 486 358 206 422 227 115 171 278 358 611 206 227 93 565 370 278 565 611 115 195 16 153 434 16 302 16 372 206 486 229 227 370 115 115 206 358 370 278 372 486 229 16 422 611 434 525 456 93 434 611 302 115 195 71 71 302 370 115 525 611 17 302 565 486 171 93 206 227 565 456 525 565 456 611 372 372 227 525 486 486 93 115 153 611 16 195 525 372 227 71 153 171 456 611 195 358 93 16 611 17 525 611 17 434 206 171 422 227 434 206 456 434 525 157 206 565 358 565 486 486 422 206 153 370 278 115 370 227 153 153 171 278 565 171 370 171 358 229 565 206 115 195 229 611 227 565 157 71 434 157 565 206 565 525 206 71 358 486 153 372 171 227 434 93 456 422 71 206 486 71 227 372 434 229 171 434 153 229 153 525 278 17 16 486 115 611 422 16 611 115 434 17 486 525 227 611 525 93 157 153 358 16 171 358 71 302 227 171 93 93 370 71 370 93 456 195 278 16 17 358 229 486 358 358 227 370 486 71 195 171 16 302 17 370 171 93 302 486 486 434 422 525 370 525 565 358 171 206 525 157 229 370 157 525 227 16 229 195 302 195 153 565 206 17 370 278 153 171 17 157 358 71 278 456 157 422 372 302 93 229 370 372 206 611 227 525 227 370 456 71 16 525 71 434 17 434 302 456 93 227 525 525 456 93 422 195 456 93 227 115 278 525 611 16 422 229 434 206 525 71 358 278 16 278 278 565 422 229 206 195 372 302 565 171 565 153 157 486 206 525 17 153 422 565 206 486 302 93 302 153 153 422 229 157 195 486 302 358 456 227 16 278 195 227 206 422 486 195 370 486 157 16 206 302 302 358 525 171 302 422 157 372 229 565 358 115 157 370 278 227 611 71 611 278 302 229 71 227 358 229 358 278 434 93 278 71 17 372 370 565 456 486 525 358 17 525 372 358 358 370 486 456 157 153 358 434 93 206 229 195 171 17 171 358 171 456 486 17 195 565 611 17 71 434 456 206 171 434 372 17 565 370 372 206 278 206 71 17 434 486 93 278 302 434 71 93 71 171 153 611 372 93 278 302 157 611 611 358 486 153 302 486 486 153 153 206 16 206 486 115 93 358 195 372 153 206 157 157 422 16 229 115 611 16 93 358 206 227 278 153 278 565 71 486 17 422 525 115 565 157 278 370 611 227 93 486 229 17 153 456 171 157 422 115 525 115 278 302 565 372 358 229 611 229 157 93 227 157 434 565 227 486 486 302 153 370 227 153 71 302 229 195 611 195 227 434 157 229 611 227 93 206 422 17 370 171 153 302 171 565 115 370 115 486 456 278 370 278 370 
  Facilities: 24
 16 : 29 72 81 140 181 184 186 202 245 258 343 348 362 378 391 416 451 474 483 521 532 647 660 664
 17 : 4 82 102 108 128 158 221 260 263 342 352 379 393 424 429 455 501 567 575 592 598 602 610 618 675 688 734
 71 : 8 11 18 59 76 99 126 159 214 215 250 308 316 327 330 365 372 388 432 450 453 480 552 557 566 603 617 625 627 673 719
 93 : 39 88 123 129 132 136 137 173 208 226 241 257 324 358 369 370 374 396 439 459 464 468 508 564 587 621 626 632 651 665 685 706 731
 115 : 48 57 84 97 120 144 166 179 193 194 212 218 242 286 301 345 350 470 546 650 662 678 694 696 741 743
 153 : 19 30 51 78 80 135 182 243 251 283 289 290 319 337 339 360 421 427 496 502 510 511 584 629 640 644 645 655 670 689 715 718 737
 157 : 7 28 35 66 89 115 143 160 274 307 310 359 410 413 430 435 497 514 531 541 547 583 635 657 658 680 692 705 708 727
 171 : 58 60 61 75 83 95 111 113 155 167 225 252 266 291 294 296 321 335 363 368 390 395 407 428 494 538 591 593 595 607 628 691 736 739
 195 : 117 118 154 180 213 246 255 302 376 389 418 420 466 490 515 523 528 590 599 653 722 724
 206 : 38 52 64 110 134 142 148 150 163 171 188 195 227 265 270 275 282 300 312 315 328 408 423 443 478 489 499 505 525 533 588 606 614 616 646 648 656 667 732
 227 : 26 79 98 151 165 172 191 228 237 249 268 288 305 322 331 355 367 385 415 445 447 460 469 520 524 550 558 668 684 707 711 717 725 730
 229 : 27 31 54 62 67 73 77 147 190 201 298 303 334 338 381 411 417 440 476 488 513 543 556 560 589 661 687 702 704 721 728
 278 : 1 13 21 94 114 130 153 168 176 198 285 292 341 377 426 433 471 482 484 485 522 549 554 562 565 615 622 633 669 671 681 697 746 748
 302 : 3 17 25 42 45 100 105 185 211 216 222 366 392 397 419 438 457 492 507 509 517 534 535 539 555 623 634 641 698 714 720 738
 358 : 15 23 37 47 68 93 112 124 141 162 169 196 256 277 297 317 361 364 380 383 384 406 431 481 518 536 545 559 561 574 578 579 585 594 638 652 666 701
 370 : 12 33 34 46 55 65 91 92 127 175 192 197 217 284 287 295 371 373 386 394 403 412 425 441 448 529 548 569 580 612 682 716 735 742 747 749
 372 : 0 36 40 56 71 103 187 199 235 236 248 320 332 437 442 491 542 568 577 609 613 631 654 700
 422 : 6 9 14 70 106 109 119 156 164 203 267 281 326 347 401 436 465 475 487 503 512 526 540 659 676 693 733
 434 : 32 63 138 149 183 205 209 264 269 272 309 323 333 336 351 400 454 456 477 563 586 604 608 619 624 709 726
 456 : 5 22 43 74 87 131 207 230 233 253 271 325 375 434 449 458 463 467 519 571 582 596 605 690 745
 486 : 2 16 24 44 49 86 122 125 146 161 189 200 224 239 240 279 280 318 329 344 353 382 387 398 399 498 506 516 527 530 572 581 597 620 639 642 643 649 674 686 712 713 744
 525 : 20 41 85 121 139 152 157 206 219 231 238 247 261 273 314 340 354 357 402 404 409 414 446 452 461 462 472 479 500 537 573 576 677 695
 565 : 10 50 96 116 145 174 177 223 229 232 276 278 293 299 306 311 313 405 422 486 493 495 504 544 570 600 611 672 679 699 710 740
 611 : 53 69 90 101 104 107 133 170 178 204 210 220 234 244 254 259 262 304 346 349 356 444 473 551 553 601 630 636 637 663 683 703 723 729
SOLUTION:
  Value: -809681.000000
  Assigns: 372 278 486 302 17 456 422 157 71 422 565 71 370 278 422 358 486 302 71 153 525 278 456 358 486 302 227 229 157 16 153 229 434 370 370 73 372 358 206 358 372 525 302 295 486 302 79 73 115 486 565 153 206 611 229 370 73 115 171 71 171 171 73 434 206 370 295 229 358 611 422 372 79 229 456 171 71 229 153 227 153 16 17 171 115 525 486 456 206 157 79 370 370 358 278 171 565 115 227 71 302 611 17 372 611 302 422 611 17 422 206 79 358 171 278 157 565 195 195 422 115 79 486 79 358 486 71 370 17 525 278 456 79 611 206 153 278 73 434 525 16 79 206 157 115 565 486 229 206 434 206 227 525 278 195 171 422 525 17 71 157 486 358 73 422 227 115 171 278 358 611 206 73 370 565 370 278 565 73 115 195 16 153 434 16 302 16 372 206 486 229 227 370 115 115 206 358 370 278 372 486 229 16 422 611 434 525 456 422 434 611 302 115 195 79 71 302 370 115 525 611 79 302 565 486 171 525 79 227 73 456 525 565 456 611 372 73 227 525 73 486 372 115 153 611 16 195 525 372 227 71 153 171 456 611 195 295 295 16 611 17 525 611 17 434 206 295 422 227 434 206 73 434 525 157 206 565 358 565 486 486 422 206 153 370 278 115 370 227 153 79 171 278 565 171 370 171 358 229 565 206 115 195 229 611 227 565 157 79 434 157 79 206 295 525 206 71 358 486 153 372 171 227 434 565 456 422 71 206 486 71 227 372 434 229 73 434 153 79 153 525 278 17 16 486 73 611 422 16 611 115 434 17 486 525 227 73 525 295 157 153 358 16 171 358 71 302 79 171 73 295 370 71 370 227 456 195 278 16 17 358 229 486 358 79 227 370 486 71 195 171 16 302 17 370 171 79 302 486 486 434 73 525 370 525 565 358 171 206 525 157 229 370 157 525 79 16 229 195 302 73 153 565 206 17 370 278 153 171 17 157 358 71 278 456 157 422 73 302 79 229 370 372 206 611 227 295 227 370 456 71 16 525 71 295 17 434 302 456 79 227 525 525 456 17 422 195 456 295 227 115 278 525 611 79 422 229 434 79 525 71 358 73 16 73 278 565 422 79 206 295 372 302 565 171 565 153 157 486 206 525 79 153 422 565 295 295 302 302 302 153 153 295 229 157 195 486 302 358 456 227 16 278 195 227 206 422 486 195 79 486 295 16 206 302 302 358 525 73 302 422 157 372 229 295 358 115 157 370 278 73 611 71 611 278 302 229 71 227 79 229 358 295 434 79 278 71 17 372 370 565 456 486 525 358 17 525 372 358 358 370 486 456 157 153 358 434 195 206 229 195 171 17 171 358 171 456 486 79 195 565 73 17 71 434 456 206 295 434 372 73 565 370 372 206 278 206 71 295 434 486 153 278 302 434 71 611 71 171 153 611 372 358 278 302 157 611 611 358 486 153 302 486 486 153 153 206 79 206 486 115 206 295 295 372 79 206 157 157 295 16 229 115 611 73 358 358 206 227 278 153 278 565 71 486 17 422 525 115 295 157 73 370 611 227 611 486 79 17 295 456 171 157 422 115 295 115 278 302 565 372 358 229 611 229 157 565 227 157 434 565 227 486 486 302 79 73 73 153 71 302 229 195 73 195 295 434 295 229 611 227 79 206 422 17 370 171 153 302 171 565 115 370 115 486 456 73 370 278 370 
  Facilities: 26
 16 : 29 81 140 181 184 186 202 245 258 343 348 362 378 391 416 451 483 521 532 660
 17 : 4 82 102 108 128 158 260 263 342 352 379 393 424 429 455 464 567 575 592 602 675 688 734
 71 : 8 11 18 59 76 99 126 159 215 250 316 327 330 365 372 388 432 450 453 480 552 557 566 603 617 625 627 673 719
 73 : 35 47 56 62 137 163 172 178 229 236 239 271 335 345 356 369 401 420 437 482 484 538 550 601 610 664 681 716 717 723 746
 79 : 46 72 90 111 121 123 132 141 214 221 227 290 308 311 338 367 384 396 415 439 459 474 478 488 501 529 559 564 598 647 655 687 715 731
 115 : 48 57 84 97 120 144 166 179 193 194 212 218 242 286 301 350 470 546 650 662 678 694 696 741 743
 153 : 19 30 51 78 80 135 182 243 251 283 289 319 337 339 360 421 427 496 502 510 511 584 621 629 640 644 645 670 718 737
 157 : 7 28 89 115 143 160 274 307 310 359 410 413 430 435 497 514 541 547 583 635 657 658 680 692 705 708
 171 : 58 60 61 75 83 95 113 155 167 225 252 291 294 296 321 363 368 390 395 407 428 494 591 593 595 628 691 736 739
 195 : 117 118 154 180 213 246 255 302 376 389 418 466 515 523 528 587 590 599 722 724
 206 : 38 52 64 88 110 134 142 148 150 171 188 195 265 270 275 282 300 312 315 328 408 423 443 489 499 525 533 588 606 614 616 646 648 651 656 667 732
 227 : 26 79 98 151 165 191 228 237 249 268 288 305 322 331 355 374 385 445 447 460 469 520 524 558 668 684 707 711 730
 229 : 27 31 54 67 73 77 147 190 201 298 303 334 381 411 417 440 476 513 543 556 560 589 661 702 704 721 728
 278 : 1 13 21 94 114 130 136 153 168 176 198 285 292 341 377 426 433 471 485 522 549 554 565 615 622 633 669 671 697 748
 295 : 43 66 256 257 266 313 358 370 446 454 468 490 505 506 512 531 544 562 607 618 652 653 659 679 689 695 725 727
 302 : 3 17 25 42 45 100 105 185 211 216 222 366 392 397 419 438 457 492 507 508 509 517 534 535 539 555 623 634 641 698 714 720 738
 358 : 15 23 37 39 68 93 112 124 162 169 196 277 297 317 361 364 380 383 406 431 481 518 536 545 561 574 578 579 585 594 632 638 665 666 701
 370 : 12 33 34 55 65 91 92 127 173 175 192 197 217 284 287 295 371 373 386 394 403 412 425 441 448 548 569 580 612 682 735 742 747 749
 372 : 0 36 40 71 103 187 199 235 241 248 320 332 442 491 542 568 577 609 613 631 654 700
 422 : 6 9 14 70 106 109 119 156 164 203 208 267 281 326 347 436 465 475 487 503 526 540 676 693 733
 434 : 32 63 138 149 183 205 209 264 269 272 309 323 333 336 351 400 456 477 563 586 604 608 619 624 709 726
 456 : 5 22 74 87 131 207 230 233 253 325 375 434 449 458 463 467 519 571 582 596 605 690 745
 486 : 2 16 24 44 49 86 122 125 146 161 189 200 224 240 279 280 318 329 344 353 382 387 398 399 498 516 527 530 572 581 597 620 639 642 643 649 674 686 712 713 744
 525 : 20 41 85 129 139 152 157 206 219 226 231 238 247 261 273 314 340 354 357 402 404 409 414 452 461 462 472 479 500 537 573 576 677
 565 : 10 50 96 116 145 174 177 223 232 276 278 293 299 306 324 405 422 486 493 495 504 570 600 611 672 699 706 710 740
 611 : 53 69 101 104 107 133 170 204 210 220 234 244 254 259 262 304 346 349 444 473 551 553 626 630 636 637 663 683 685 703 729
SOLUTION:
  Value: -809729.000000
  Assigns: 372 278 486 302 17 456 422 157 71 422 565 71 370 278 422 358 486 302 71 153 525 278 456 358 486 302 227 229 157 16 153 229 434 370 370 73 372 358 206 358 372 525 302 456 486 302 79 73 115 486 565 153 206 611 229 370 73 115 171 71 171 171 73 434 206 370 157 229 358 611 422 372 79 229 456 171 71 229 153 227 153 16 17 171 115 525 486 456 206 157 79 370 370 358 278 171 565 115 227 71 302 611 17 372 611 302 422 611 17 422 206 79 358 171 278 157 565 195 195 422 115 79 486 79 358 486 71 370 17 525 278 456 79 611 206 153 278 73 434 525 16 79 206 157 115 565 486 229 206 434 206 227 525 278 195 171 422 525 17 71 157 486 358 73 422 227 115 171 278 358 611 206 73 370 565 370 278 565 73 115 195 16 153 434 16 302 16 372 206 486 229 227 370 115 115 206 358 370 278 372 486 229 16 422 611 434 525 456 422 434 611 302 115 195 79 71 302 370 115 525 611 79 302 565 486 171 525 79 227 73 456 525 565 456 611 372 73 227 525 73 486 372 115 153 611 16 195 525 372 227 71 153 171 456 611 195 79 302 16 611 17 525 611 17 434 206 171 422 227 434 206 73 434 525 157 206 565 358 565 486 486 422 206 153 370 278 115 370 227 153 79 171 278 565 171 370 171 358 229 565 206 115 195 229 611 227 565 157 79 434 157 79 206 565 525 206 71 358 486 153 372 171 227 434 565 456 422 71 206 486 71 227 372 434 229 73 434 153 79 153 525 278 17 16 486 73 611 422 16 611 115 434 17 486 525 227 73 525 206 157 153 358 16 171 358 71 302 79 171 73 227 370 71 370 227 456 195 278 16 17 358 229 486 358 79 227 370 486 71 195 171 16 302 17 370 171 79 302 486 486 434 73 525 370 525 565 358 171 206 525 157 229 370 157 525 79 16 229 195 302 73 153 565 206 17 370 278 153 171 17 157 358 71 278 456 157 422 73 302 79 229 370 372 206 611 227 525 227 370 456 71 16 525 71 434 17 434 302 456 79 227 525 525 456 17 422 195 456 565 227 115 278 525 611 79 422 229 434 79 525 71 358 73 16 73 278 565 422 79 206 195 372 302 565 171 565 153 157 486 206 525 79 153 422 565 206 486 302 302 302 153 153 422 229 157 195 486 302 358 456 227 16 278 195 227 206 422 486 195 79 486 157 16 206 302 302 358 525 73 302 422 157 372 229 565 358 115 157 370 278 73 611 71 611 278 302 229 71 227 79 229 358 278 434 79 278 71 17 372 370 565 456 486 525 358 17 525 372 358 358 370 486 456 157 153 358 434 195 206 229 195 171 17 171 358 171 456 486 79 195 565 73 17 71 434 456 206 171 434 372 73 565 370 372 206 278 206 71 17 434 486 153 278 302 434 71 611 71 171 153 611 372 358 278 302 157 611 611 358 486 153 302 486 486 153 153 206 79 206 486 115 206 358 195 372 79 206 157 157 422 16 229 115 611 73 358 358 206 227 278 153 278 565 71 486 17 422 525 115 565 157 73 370 611 227 611 486 79 17 153 456 171 157 422 115 525 115 278 302 565 372 358 229 611 229 157 565 227 157 434 565 227 486 486 302 79 73 73 153 71 302 229 195 73 195 227 434 157 229 611 227 79 206 422 17 370 171 153 302 171 565 115 370 115 486 456 73 370 278 370 
  Facilities: 25
 16 : 29 81 140 181 184 186 202 245 258 343 348 362 378 391 416 451 483 521 532 660
 17 : 4 82 102 108 128 158 260 263 342 352 379 393 424 429 455 464 567 575 592 602 618 675 688 734
 71 : 8 11 18 59 76 99 126 159 215 250 316 327 330 365 372 388 432 450 453 480 552 557 566 603 617 625 627 673 719
 73 : 35 47 56 62 137 163 172 178 229 236 239 271 335 345 356 369 401 420 437 482 484 538 550 601 610 664 681 716 717 723 746
 79 : 46 72 90 111 121 123 132 141 214 221 227 256 290 308 311 338 367 384 396 415 439 459 474 478 488 501 529 559 564 598 647 655 687 715 731
 115 : 48 57 84 97 120 144 166 179 193 194 212 218 242 286 301 350 470 546 650 662 678 694 696 741 743
 153 : 19 30 51 78 80 135 182 243 251 283 289 319 337 339 360 421 427 496 502 510 511 584 621 629 640 644 645 670 689 718 737
 157 : 7 28 66 89 115 143 160 274 307 310 359 410 413 430 435 497 514 531 541 547 583 635 657 658 680 692 705 708 727
 171 : 58 60 61 75 83 95 113 155 167 225 252 266 291 294 296 321 363 368 390 395 407 428 494 591 593 595 607 628 691 736 739
 195 : 117 118 154 180 213 246 255 302 376 389 418 466 490 515 523 528 587 590 599 653 722 724
 206 : 38 52 64 88 110 134 142 148 150 171 188 195 265 270 275 282 300 312 315 328 358 408 423 443 489 499 505 525 533 588 606 614 616 646 648 651 656 667 732
 227 : 26 79 98 151 165 191 228 237 249 268 288 305 322 331 355 370 374 385 445 447 460 469 520 524 558 668 684 707 711 725 730
 229 : 27 31 54 67 73 77 147 190 201 298 303 334 381 411 417 440 476 513 543 556 560 589 661 702 704 721 728
 278 : 1 13 21 94 114 130 136 153 168 176 198 285 292 341 377 426 433 471 485 522 549 554 562 565 615 622 633 669 671 697 748
 302 : 3 17 25 42 45 100 105 185 211 216 222 257 366 392 397 419 438 457 492 507 508 509 517 534 535 539 555 623 634 641 698 714 720 738
 358 : 15 23 37 39 68 93 112 124 162 169 196 277 297 317 361 364 380 383 406 431 481 518 536 545 561 574 578 579 585 594 632 638 652 665 666 701
 370 : 12 33 34 55 65 91 92 127 173 175 192 197 217 284 287 295 371 373 386 394 403 412 425 441 448 548 569 580 612 682 735 742 747 749
 372 : 0 36 40 71 103 187 199 235 241 248 320 332 442 491 542 568 577 609 613 631 654 700
 422 : 6 9 14 70 106 109 119 156 164 203 208 267 281 326 347 436 465 475 487 503 512 526 540 659 676 693 733
 434 : 32 63 138 149 183 205 209 264 269 272 309 323 333 336 351 400 454 456 477 563 586 604 608 619 624 709 726
 456 : 5 22 43 74 87 131 207 230 233 253 325 375 434 449 458 463 467 519 571 582 596 605 690 745
 486 : 2 16 24 44 49 86 122 125 146 161 189 200 224 240 279 280 318 329 344 353 382 387 398 399 498 506 516 527 530 572 581 597 620 639 642 643 649 674 686 712 713 744
 525 : 20 41 85 129 139 152 157 206 219 226 231 238 247 261 273 314 340 354 357 402 404 409 414 446 452 461 462 472 479 500 537 573 576 677 695
 565 : 10 50 96 116 145 174 177 223 232 276 278 293 299 306 313 324 405 422 468 486 493 495 504 544 570 600 611 672 679 699 706 710 740
 611 : 53 69 101 104 107 133 170 204 210 220 234 244 254 259 262 304 346 349 444 473 551 553 626 630 636 637 663 683 685 703 729
SOLUTION:
  Value: -809748.000000
  Assigns: 534 278 70 302 17 456 422 157 525 422 302 358 370 278 422 358 206 424 70 661 525 661 456 358 171 302 227 229 157 16 153 229 661 424 370 157 424 358 206 358 534 534 302 661 17 302 370 358 115 358 115 153 206 153 229 370 661 115 424 70 171 171 229 358 206 370 157 229 358 534 422 302 16 229 534 534 278 229 534 227 153 16 17 171 115 525 370 456 206 157 424 370 370 358 278 171 153 115 227 422 302 17 17 157 229 302 422 17 17 422 206 171 358 171 278 157 661 195 195 422 115 525 70 227 358 70 424 370 17 525 278 456 157 302 206 70 278 195 70 525 16 358 206 157 115 16 227 424 206 278 206 227 525 278 195 171 422 525 17 171 157 424 358 424 422 227 115 534 661 358 70 206 227 424 229 534 70 424 661 115 70 16 661 115 16 302 16 534 206 153 229 227 370 115 115 206 358 370 278 17 70 229 16 422 229 17 525 456 422 115 302 302 115 195 661 534 302 370 115 525 16 17 302 424 422 171 525 206 227 661 456 525 278 456 525 70 422 227 525 171 534 70 115 153 534 16 195 525 171 227 17 661 171 456 206 195 358 302 16 661 17 424 115 17 661 206 534 422 70 70 206 456 171 525 157 206 534 358 153 153 17 422 206 153 370 278 115 370 227 153 153 171 278 115 171 370 171 358 229 534 206 534 195 229 70 227 153 661 153 525 157 17 206 534 525 206 534 358 525 153 358 171 227 661 157 456 422 70 661 525 17 227 422 661 229 171 227 153 229 153 525 278 17 16 16 115 195 661 16 370 115 171 17 17 525 661 115 525 206 157 153 358 534 171 358 424 302 227 70 227 227 370 157 370 227 456 195 278 16 17 358 229 424 358 358 227 370 157 534 195 171 16 424 17 370 171 661 302 229 227 422 422 525 370 525 70 358 171 206 525 157 424 370 157 525 227 16 70 195 661 195 153 171 206 17 370 278 153 171 17 157 358 424 278 456 70 422 229 302 115 229 370 370 206 157 227 525 227 370 456 424 16 525 370 16 17 195 302 456 358 227 525 525 456 661 422 534 456 302 227 115 278 525 153 70 422 534 534 206 525 278 358 278 16 278 661 16 422 661 661 70 171 302 370 171 171 153 157 206 206 525 17 153 422 206 424 70 302 70 302 661 534 422 229 157 195 153 302 358 661 227 16 278 195 227 206 422 525 195 424 358 157 16 206 302 302 358 525 424 70 422 70 195 229 171 358 115 157 370 278 227 358 422 358 278 302 229 70 227 358 229 358 278 17 661 278 171 17 456 370 661 456 70 525 358 17 661 227 358 358 370 422 456 157 153 358 534 195 424 229 195 171 17 171 358 171 456 70 17 195 227 422 17 661 424 456 206 171 227 534 424 456 370 227 206 278 206 525 17 195 456 153 534 302 358 171 16 229 171 153 534 278 358 278 302 157 206 534 358 206 153 302 422 456 153 153 206 16 206 115 115 206 358 661 534 534 534 661 157 422 16 70 115 424 16 358 358 206 227 661 153 278 661 70 115 17 422 525 115 424 424 278 370 534 661 525 171 229 17 153 456 171 157 422 115 525 115 278 302 302 661 358 229 206 424 157 17 227 157 17 153 227 153 16 302 153 370 227 153 16 302 229 70 661 195 534 157 157 229 525 227 534 206 422 17 370 171 153 302 171 16 115 370 115 17 456 278 370 278 370 
  Facilities: 21
 16 : 29 72 81 140 145 181 184 186 202 220 245 258 343 344 348 378 391 416 451 454 483 486 521 532 626 647 660 664 713 719 740
 17 : 4 44 82 101 102 107 108 128 158 199 205 221 250 260 263 280 311 330 342 352 353 379 393 424 429 455 501 563 567 575 592 598 602 618 675 688 706 709 734 744
 70 : 2 18 59 122 125 135 138 170 176 180 200 235 241 268 269 304 327 368 405 417 435 474 490 506 508 539 541 557 572 597 661 673 722
 115 : 48 50 57 84 97 120 144 166 179 183 193 194 209 212 218 242 262 286 293 345 350 356 439 470 546 649 650 662 674 678 694 696 741 743
 153 : 30 51 53 80 96 189 243 278 279 283 289 290 306 308 319 337 339 360 421 427 473 496 502 516 584 621 629 640 644 645 670 689 710 712 715 718 737
 157 : 7 28 35 66 89 103 115 132 143 160 274 310 324 359 372 387 410 413 430 444 497 514 531 547 583 635 658 692 705 708 726 727
 171 : 24 60 61 83 95 111 113 155 159 225 239 248 252 272 291 294 296 321 335 351 363 390 395 407 422 428 491 494 495 544 566 591 593 595 607 625 628 686 691 736 739
 195 : 117 118 137 154 213 246 255 302 346 376 389 418 420 456 515 523 528 542 587 590 599 619 724
 206 : 16 38 52 64 88 110 134 142 148 150 171 188 195 227 254 265 270 275 282 300 312 315 358 408 423 443 478 498 499 504 525 533 606 614 616 636 639 646 648 651 667 703 732
 227 : 26 79 98 123 146 151 165 172 191 228 237 249 288 305 322 331 336 367 369 370 374 385 399 415 445 447 460 469 520 524 550 558 577 600 608 613 668 707 711 717 730
 229 : 27 31 54 62 67 73 77 104 174 190 201 204 298 303 334 338 381 398 437 440 513 543 556 560 589 627 687 702 721 728
 278 : 1 13 76 94 114 130 136 149 153 198 232 285 292 341 377 426 433 471 480 482 484 522 549 554 562 565 615 631 633 671 681 697 746 748
 302 : 3 10 25 42 45 71 100 105 133 185 210 211 216 222 257 366 397 438 457 468 492 507 509 517 534 535 555 623 634 641 698 699 714 720 738
 358 : 11 15 23 37 39 47 49 63 68 93 112 124 141 162 169 196 256 277 297 317 320 361 364 380 383 384 406 431 459 481 518 530 536 545 551 553 559 561 574 578 579 585 594 624 632 638 652 665 666 701
 370 : 12 34 46 55 65 86 91 92 127 192 197 217 284 287 295 349 371 373 386 394 403 412 425 441 442 448 453 493 548 569 580 612 682 716 735 742 747 749
 422 : 6 9 14 70 99 106 109 119 156 164 203 208 224 236 267 281 326 332 400 401 436 465 475 487 503 512 526 540 552 581 601 642 659 676 693 733
 424 : 17 33 36 58 90 126 147 161 163 173 177 223 261 365 382 392 411 432 450 505 529 538 588 604 610 663 679 680 704
 456 : 5 22 87 131 207 230 233 253 271 325 375 434 449 458 463 467 568 571 582 596 605 611 620 643 690 745
 525 : 8 20 85 121 129 139 152 157 206 219 226 231 234 238 247 273 309 314 318 329 340 354 357 402 404 409 414 446 452 461 462 472 479 500 527 537 573 617 677 685 695 729
 534 : 0 40 41 69 74 75 78 167 175 187 215 240 244 266 276 299 301 313 316 362 388 466 476 477 511 586 609 622 630 637 654 655 656 683 725 731
 661 : 19 21 32 43 56 116 168 178 182 214 229 251 259 264 307 323 328 333 347 355 396 419 464 485 488 489 510 519 564 570 576 603 653 657 669 672 684 700 723
SOLUTION:
  Value: -809778.000000
  Assigns: 534 278 70 302 117 456 422 157 117 422 302 358 370 278 422 358 206 424 509 153 525 278 456 358 171 302 227 229 157 16 153 229 195 424 370 157 424 358 206 358 534 534 302 456 17 302 370 358 115 358 115 153 206 153 229 370 456 115 424 70 171 171 229 358 206 370 157 229 358 509 422 302 16 229 534 534 278 229 534 227 153 16 17 171 115 525 370 456 117 157 424 370 370 358 278 171 153 115 227 422 302 17 17 157 229 302 422 17 17 422 206 171 358 509 278 157 525 195 195 422 115 525 70 227 358 70 424 370 17 525 278 456 157 302 206 70 278 195 509 525 16 358 206 157 115 117 227 424 117 117 206 227 525 278 195 171 422 525 17 171 509 424 358 424 422 227 115 534 278 358 70 206 227 424 229 534 70 424 117 115 70 16 153 115 117 302 16 534 206 153 229 227 370 117 115 117 358 370 278 17 70 229 16 422 229 17 525 456 422 115 302 302 115 195 153 534 302 117 115 117 16 17 302 424 422 117 525 206 227 227 456 525 509 456 525 70 422 117 525 509 534 70 115 153 534 16 195 525 171 227 17 153 171 117 509 195 358 117 16 153 17 424 115 17 17 206 534 422 70 70 206 456 171 525 157 206 534 358 153 117 117 422 206 153 370 278 509 117 227 117 153 171 278 115 117 370 171 358 229 534 206 534 509 229 70 227 153 157 153 525 157 17 206 534 525 206 534 358 525 153 358 171 117 422 157 456 422 70 206 525 17 227 422 456 229 171 227 117 229 153 525 117 17 16 16 115 195 422 16 370 117 171 17 17 525 117 115 525 206 157 153 358 534 171 358 424 302 227 70 227 227 370 157 370 227 456 195 278 117 17 358 229 424 358 358 227 370 157 534 195 171 16 424 17 370 171 509 302 229 227 422 422 525 370 525 70 358 171 206 525 157 424 370 157 509 227 16 70 195 302 195 153 171 206 17 370 278 153 171 17 157 358 424 278 456 70 422 229 117 509 229 370 370 206 157 227 525 227 370 456 424 16 525 370 16 17 195 302 456 358 227 525 525 456 117 422 534 456 302 227 115 509 525 153 70 422 117 534 206 509 278 358 278 16 278 278 16 422 229 206 70 171 302 370 171 171 117 157 206 206 525 17 153 422 206 424 70 302 70 302 153 534 422 229 157 195 153 302 358 456 227 16 278 195 227 206 422 525 195 424 358 157 16 206 302 302 117 525 424 70 422 70 195 229 171 358 115 157 370 278 227 358 422 358 278 302 229 70 227 358 229 358 278 17 117 278 171 17 509 370 16 456 70 525 358 509 525 227 358 358 370 117 456 157 153 358 534 195 424 229 195 117 17 171 358 509 456 70 17 195 227 422 17 153 424 456 206 171 227 534 424 456 370 227 206 278 206 525 17 195 456 153 534 302 117 171 16 229 171 153 534 117 358 278 302 157 206 534 358 206 153 302 422 456 153 153 206 16 206 115 115 206 117 195 534 534 534 157 157 422 16 70 115 424 16 358 358 206 227 278 153 509 509 70 509 17 422 525 115 424 424 278 509 534 227 525 171 229 17 153 456 171 157 422 115 525 115 278 302 302 509 358 229 206 424 157 17 227 157 17 117 227 153 16 302 117 370 227 153 16 509 229 70 153 195 534 117 157 229 525 509 534 206 422 17 370 171 153 302 171 16 115 370 115 509 509 278 370 278 370 
  Facilities: 22
 16 : 29 72 81 140 181 186 202 220 245 258 343 344 348 391 416 451 454 483 486 521 532 570 626 647 660 664 713 719 740
 17 : 44 82 101 102 107 108 128 158 199 205 221 250 260 263 264 311 330 342 352 353 379 393 424 429 455 501 563 567 592 598 602 618 675 688 706 709 734
 70 : 2 59 122 125 135 170 176 180 200 235 241 268 269 304 327 368 405 417 435 474 490 506 508 539 541 557 572 597 661 673 722
 115 : 48 50 57 84 97 120 144 166 179 183 194 209 212 218 242 262 293 345 356 470 546 649 650 662 678 694 696 741 743
 117 : 4 8 88 145 148 149 178 184 193 195 217 219 225 237 253 257 279 280 287 289 294 322 337 341 350 355 378 438 464 476 496 536 564 581 591 624 631 652 710 715 726
 153 : 19 30 51 53 80 96 182 189 214 243 251 259 278 283 290 306 308 319 339 360 421 427 473 502 510 516 584 603 621 629 640 644 645 670 689 712 718 723 737
 157 : 7 28 35 66 89 103 115 132 143 274 307 310 324 359 372 387 410 413 430 444 497 514 531 547 583 635 657 658 692 705 708 727
 171 : 24 60 61 83 95 111 155 159 248 252 272 291 296 321 335 351 363 390 395 407 422 428 491 494 495 544 566 593 607 625 628 686 691 736 739
 195 : 32 117 118 137 154 213 246 255 346 376 389 418 420 456 515 523 528 542 587 590 599 619 653 724
 206 : 16 38 52 64 110 134 142 150 171 188 227 265 270 275 282 300 312 315 328 358 408 423 443 478 489 498 499 504 525 533 606 614 616 636 639 646 648 651 667 703 732
 227 : 26 79 98 123 146 151 165 172 191 228 229 249 288 305 331 336 367 369 370 374 385 399 415 445 447 460 469 520 524 550 558 577 600 608 613 668 684 707 711 717
 229 : 27 31 54 62 67 73 77 104 174 190 201 204 298 303 334 338 381 398 437 440 488 513 543 556 560 589 627 687 702 721 728
 278 : 1 13 21 76 94 114 130 136 153 168 198 285 292 377 426 433 480 482 484 485 522 549 554 562 565 615 633 669 681 697 746 748
 302 : 3 10 25 42 45 71 100 105 133 185 210 211 216 222 366 397 419 457 468 492 507 509 517 534 535 555 623 634 641 698 699 714 738
 358 : 11 15 23 37 39 47 49 63 68 93 112 124 141 162 169 196 256 277 297 317 320 361 364 380 383 384 406 431 459 481 518 530 545 551 553 559 561 574 578 579 585 594 632 638 665 666 701
 370 : 12 34 46 55 65 86 91 92 127 192 197 284 295 349 371 373 386 394 403 412 425 441 442 448 453 493 548 569 580 612 716 735 742 747 749
 422 : 6 9 14 70 99 106 109 119 156 164 203 208 224 236 267 281 323 326 332 347 400 401 436 465 475 487 503 512 526 540 552 601 642 659 676 693 733
 424 : 17 33 36 58 90 126 147 161 163 173 177 223 261 365 382 392 411 432 450 505 529 538 588 604 610 663 679 680 704
 456 : 5 22 43 56 87 131 207 230 233 271 325 333 375 434 449 458 463 467 519 571 582 596 605 611 620 643 690
 509 : 18 69 113 138 160 232 239 254 286 302 396 414 439 471 479 568 575 595 671 672 674 682 700 720 730 744 745
 525 : 20 85 116 121 129 139 152 157 206 226 231 234 238 247 273 309 314 318 329 340 354 357 402 404 409 446 452 461 462 472 500 527 537 573 576 617 677 685 695 729
 534 : 0 40 41 74 75 78 167 175 187 215 240 244 266 276 299 301 313 316 362 388 466 477 511 586 609 622 630 637 654 655 656 683 725 731
SOLUTION:
  Value: -809785.000000
  Assigns: 372 278 486 302 17 456 422 157 71 422 565 71 370 278 422 358 486 302 71 153 525 278 456 358 486 302 227 229 157 16 153 229 434 370 370 157 372 358 206 358 372 525 302 456 486 302 79 358 115 486 565 153 206 611 229 370 79 115 171 71 171 171 229 434 206 370 157 229 358 611 422 372 79 229 456 171 71 229 153 227 153 16 17 171 115 525 486 456 206 157 79 370 370 358 278 171 565 115 227 71 302 611 17 372 611 302 422 611 17 422 206 79 358 171 278 157 565 195 195 422 115 79 486 79 358 486 71 370 17 525 278 456 79 611 206 153 278 195 434 525 16 79 206 157 115 565 486 229 206 434 206 227 525 278 195 171 422 525 17 71 157 486 358 206 422 227 115 171 278 358 611 206 227 370 565 370 278 565 611 115 195 16 153 434 16 302 16 372 206 486 229 227 370 115 115 206 358 370 278 372 486 229 16 422 611 434 525 456 422 434 611 302 115 195 79 71 302 370 115 525 611 79 302 565 486 171 525 79 227 565 456 525 565 456 611 372 372 227 525 486 486 372 115 153 611 16 195 525 372 227 71 153 171 456 611 195 79 302 16 611 17 525 611 17 434 206 171 422 227 434 206 456 434 525 157 206 565 358 565 486 486 422 206 153 370 278 115 370 227 153 79 171 278 565 171 370 171 358 229 565 206 115 195 229 611 227 565 157 79 434 157 79 206 565 525 206 71 358 486 153 372 171 227 434 565 456 422 71 206 486 71 227 372 434 229 171 434 153 79 153 525 278 17 16 486 115 611 422 16 611 115 434 17 486 525 227 611 525 206 157 153 358 16 171 358 71 302 79 171 227 227 370 71 370 227 456 195 278 16 17 358 229 486 358 79 227 370 486 71 195 171 16 302 17 370 171 79 302 486 486 434 422 525 370 525 565 358 171 206 525 157 229 370 157 525 79 16 229 195 302 195 153 565 206 17 370 278 153 171 17 157 358 71 278 456 157 422 372 302 79 229 370 372 206 611 227 525 227 370 456 71 16 525 71 434 17 434 302 456 79 227 525 525 456 17 422 195 456 565 227 115 278 525 611 79 422 229 434 79 525 71 358 278 16 278 278 565 422 79 206 195 372 302 565 171 565 153 157 486 206 525 79 153 422 565 206 486 302 302 302 153 153 422 229 157 195 486 302 358 456 227 16 278 195 227 206 422 486 195 79 486 157 16 206 302 302 358 525 171 302 422 157 372 229 565 358 115 157 370 278 227 611 71 611 278 302 229 71 227 79 229 358 278 434 79 278 71 17 372 370 565 456 486 525 358 17 525 372 358 358 370 486 456 157 153 358 434 195 206 229 195 171 17 171 358 171 456 486 79 195 565 611 17 71 434 456 206 171 434 372 17 565 370 372 206 278 206 71 17 434 486 153 278 302 434 71 611 71 171 153 611 372 358 278 302 157 611 611 358 486 153 302 486 486 153 153 206 79 206 486 115 206 358 195 372 79 206 157 157 422 16 229 115 611 16 358 358 206 227 278 153 278 565 71 486 17 422 525 115 565 157 278 370 611 227 611 486 79 17 153 456 171 157 422 115 525 115 278 302 565 372 358 229 611 229 157 565 227 157 434 565 227 486 486 302 79 370 227 153 71 302 229 195 611 195 227 434 157 229 611 227 79 206 422 17 370 171 153 302 171 565 115 370 115 486 456 278 370 278 370 
  Facilities: 24
 16 : 29 81 140 181 184 186 202 245 258 343 348 362 378 391 416 451 483 521 532 660 664
 17 : 4 82 102 108 128 158 260 263 342 352 379 393 424 429 455 464 567 575 592 602 610 618 675 688 734
 71 : 8 11 18 59 76 99 126 159 215 250 316 327 330 365 372 388 432 450 453 480 552 557 566 603 617 625 627 673 719
 79 : 46 56 72 90 111 121 123 132 141 214 221 227 256 290 308 311 338 367 384 396 415 439 459 474 478 488 501 529 559 564 598 647 655 687 715 731
 115 : 48 57 84 97 120 144 166 179 193 194 212 218 242 286 301 345 350 470 546 650 662 678 694 696 741 743
 153 : 19 30 51 78 80 135 182 243 251 283 289 319 337 339 360 421 427 496 502 510 511 584 621 629 640 644 645 670 689 718 737
 157 : 7 28 35 66 89 115 143 160 274 307 310 359 410 413 430 435 497 514 531 541 547 583 635 657 658 680 692 705 708 727
 171 : 58 60 61 75 83 95 113 155 167 225 252 266 291 294 296 321 335 363 368 390 395 407 428 494 538 591 593 595 607 628 691 736 739
 195 : 117 118 137 154 180 213 246 255 302 376 389 418 420 466 490 515 523 528 587 590 599 653 722 724
 206 : 38 52 64 88 110 134 142 148 150 163 171 188 195 265 270 275 282 300 312 315 328 358 408 423 443 489 499 505 525 533 588 606 614 616 646 648 651 656 667 732
 227 : 26 79 98 151 165 172 191 228 237 249 268 288 305 322 331 355 369 370 374 385 445 447 460 469 520 524 550 558 668 684 707 711 717 725 730
 229 : 27 31 54 62 67 73 77 147 190 201 298 303 334 381 411 417 440 476 513 543 556 560 589 661 702 704 721 728
 278 : 1 13 21 94 114 130 136 153 168 176 198 285 292 341 377 426 433 471 482 484 485 522 549 554 562 565 615 622 633 669 671 681 697 746 748
 302 : 3 17 25 42 45 100 105 185 211 216 222 257 366 392 397 419 438 457 492 507 508 509 517 534 535 539 555 623 634 641 698 714 720 738
 358 : 15 23 37 39 47 68 93 112 124 162 169 196 277 297 317 361 364 380 383 406 431 481 518 536 545 561 574 578 579 585 594 632 638 652 665 666 701
 370 : 12 33 34 55 65 91 92 127 173 175 192 197 217 284 287 295 371 373 386 394 403 412 425 441 448 548 569 580 612 682 716 735 742 747 749
 372 : 0 36 40 71 103 187 199 235 236 241 248 320 332 437 442 491 542 568 577 609 613 631 654 700
 422 : 6 9 14 70 106 109 119 156 164 203 208 267 281 326 347 401 436 465 475 487 503 512 526 540 659 676 693 733
 434 : 32 63 138 149 183 205 209 264 269 272 309 323 333 336 351 400 454 456 477 563 586 604 608 619 624 709 726
 456 : 5 22 43 74 87 131 207 230 233 253 271 325 375 434 449 458 463 467 519 571 582 596 605 690 745
 486 : 2 16 24 44 49 86 122 125 146 161 189 200 224 239 240 279 280 318 329 344 353 382 387 398 399 498 506 516 527 530 572 581 597 620 639 642 643 649 674 686 712 713 744
 525 : 20 41 85 129 139 152 157 206 219 226 231 238 247 261 273 314 340 354 357 402 404 409 414 446 452 461 462 472 479 500 537 573 576 677 695
 565 : 10 50 96 116 145 174 177 223 229 232 276 278 293 299 306 313 324 405 422 468 486 493 495 504 544 570 600 611 672 679 699 706 710 740
 611 : 53 69 101 104 107 133 170 178 204 210 220 234 244 254 259 262 304 346 349 356 444 473 551 553 601 626 630 636 637 663 683 685 703 723 729
SOLUTION:
  Value: -810121.000000
  Assigns: 91 338 486 366 0 552 174 702 338 465 508 465 338 148 712 702 366 268 268 216 702 54 0 293 486 293 552 433 268 297 702 508 293 91 486 712 174 702 642 148 216 181 500 237 174 731 91 642 479 486 338 486 508 54 181 572 465 642 148 702 731 297 642 712 552 731 366 642 293 642 268 268 216 366 338 54 433 91 702 293 731 0 268 174 216 237 268 237 500 237 500 712 297 508 366 293 293 508 297 338 181 712 181 297 465 366 508 433 486 731 293 0 508 181 479 268 433 148 293 702 0 433 486 216 508 486 0 552 479 731 500 479 712 366 54 465 268 433 433 712 54 237 366 293 731 712 486 54 297 642 702 479 216 712 181 54 702 268 712 366 293 486 338 702 712 54 712 237 572 0 91 91 433 297 366 297 174 297 293 91 508 338 433 366 642 293 237 479 237 293 293 54 572 297 572 216 338 552 0 552 174 508 702 338 465 465 148 366 433 297 712 181 712 181 486 297 148 293 181 479 508 181 148 297 642 338 91 268 297 54 297 338 712 500 572 500 508 433 338 237 486 148 731 508 293 0 148 731 572 642 433 731 338 268 174 293 702 91 54 54 91 237 181 731 552 366 642 216 293 479 479 181 181 500 702 465 174 642 433 297 486 433 500 268 297 500 293 552 237 0 433 297 500 731 0 712 216 366 91 293 433 237 366 91 297 174 702 702 216 508 181 479 293 731 465 0 508 237 486 552 91 465 338 216 293 712 174 479 642 486 712 465 0 552 500 216 731 642 181 366 366 465 181 712 486 338 0 268 54 433 148 216 297 486 297 338 433 552 297 552 712 702 731 148 479 174 297 508 508 433 297 297 148 181 268 91 731 293 712 293 500 268 486 433 91 500 712 366 181 0 91 486 433 174 642 174 433 479 486 486 572 479 174 433 572 0 148 237 216 297 91 552 54 366 479 268 702 54 712 731 268 712 366 293 486 54 174 91 731 148 216 500 54 712 642 293 508 268 479 91 0 0 268 486 216 508 366 237 237 465 731 465 508 297 148 148 54 174 181 297 486 500 500 0 479 465 642 338 465 91 508 702 216 181 642 174 338 338 366 642 91 572 552 338 216 486 712 174 702 237 433 293 181 486 572 0 366 366 486 712 552 268 702 712 731 366 479 338 174 479 508 0 500 712 338 268 486 174 508 552 148 148 465 174 572 500 642 486 148 508 486 508 731 702 0 479 54 181 572 465 366 508 572 338 268 486 500 0 702 433 293 465 500 572 552 297 712 297 338 552 174 237 268 702 731 293 572 508 479 500 712 181 712 181 712 0 54 552 216 293 338 486 552 500 479 0 500 712 297 297 54 465 712 268 500 479 54 731 366 297 0 552 508 338 293 297 486 572 642 366 91 486 508 465 338 293 572 479 508 486 486 216 0 366 54 293 216 366 500 174 572 479 293 0 91 148 702 237 174 54 174 268 486 486 174 366 174 293 148 91 702 181 54 479 642 174 181 500 268 268 174 91 366 465 338 508 366 642 731 642 465 297 366 293 0 54 702 366 366 433 181 433 338 148 433 366 486 268 0 508 174 479 508 237 174 731 0 702 181 572 54 54 712 642 338 174 181 712 572 366 702 731 91 486 181 0 91 237 297 338 642 712 293 508 702 181 572 479 642 572 712 293 174 479 0 479 338 642 297 148 702 572 433 552 465 500 433 181 479 486 
  Facilities: 25
 0 : 4 22 81 111 120 126 169 198 245 289 294 315 332 346 389 405 440 441 463 495 511 534 547 575 585 600 622 633 674 688 696 715 734
 54 : 21 53 75 134 140 147 155 165 191 229 258 259 348 412 417 425 432 456 536 576 590 596 624 639 652 675 700 701
 91 : 0 33 46 77 170 171 179 226 257 260 298 303 320 375 384 390 410 427 439 469 480 610 634 649 661 712 716
 148 : 13 39 58 117 206 216 222 241 246 350 363 372 406 429 454 455 520 521 528 635 648 683 739
 174 : 6 36 44 83 176 200 254 276 305 326 365 393 395 402 426 457 475 487 508 517 523 560 629 638 640 644 646 655 660 690 694 705 732
 181 : 41 54 100 102 113 154 211 213 218 221 262 271 272 310 338 342 373 388 458 473 492 537 571 573 651 656 680 698 706 714 725 747
 216 : 19 40 72 84 123 152 195 267 296 308 323 335 351 408 430 444 472 484 578 621 626
 237 : 43 85 87 89 141 167 186 188 239 261 288 301 317 407 447 448 489 561 637 693 717
 268 : 17 18 28 70 71 82 86 115 136 157 227 253 283 347 374 381 415 420 437 442 501 515 544 562 593 641 658 659 687
 293 : 23 25 32 68 79 95 96 110 118 143 160 178 185 189 190 217 244 255 268 286 299 312 324 377 379 423 435 491 550 565 579 604 615 625 632 647 673 722 731
 297 : 29 61 92 98 103 148 173 175 177 193 209 215 223 228 230 279 284 291 304 352 354 358 366 370 371 409 453 459 555 557 588 589 599 605 671 718 738
 338 : 1 8 12 50 74 99 162 181 196 203 225 231 238 252 322 345 355 467 476 477 483 507 514 543 558 580 603 614 664 682 704 719 736
 366 : 3 16 66 73 94 105 133 142 159 174 183 207 265 297 302 339 340 387 413 422 446 478 496 497 505 540 598 609 623 627 645 662 666 672 677 678 685 709
 433 : 27 76 107 116 121 137 138 172 182 208 237 250 278 281 290 300 349 356 369 383 392 396 403 490 549 679 681 684 742 746
 465 : 9 11 56 104 135 204 205 275 314 321 331 341 449 451 465 468 522 539 551 591 613 663 670 744
 479 : 48 114 128 131 151 187 219 269 270 311 327 364 397 401 414 438 464 506 509 535 568 584 595 617 631 653 691 727 733 735 748
 486 : 2 24 34 49 51 108 122 125 146 161 214 240 280 318 329 344 353 382 391 398 399 424 443 460 485 493 498 516 527 530 545 581 606 611 619 620 642 643 686 713 749
 500 : 42 88 90 130 233 235 273 282 285 292 334 380 385 431 461 462 512 525 546 552 569 583 586 594 628 657 745
 508 : 10 31 52 93 97 106 112 124 180 201 220 236 243 309 316 367 368 436 445 452 470 510 518 529 531 541 567 602 612 618 665 689 692 723
 552 : 5 26 64 127 197 199 264 287 319 333 357 359 411 482 500 519 554 559 577 582 601 743
 572 : 55 168 192 194 234 248 400 404 481 494 524 538 542 553 566 607 616 630 699 708 726 729 741
 642 : 38 47 57 62 67 69 149 184 224 249 266 277 328 337 394 434 466 474 479 526 608 654 667 669 703 720 728 737
 702 : 7 15 20 30 37 59 78 119 150 156 163 202 256 274 306 307 361 416 471 488 502 533 548 563 636 650 676 697 710 724 740
 712 : 14 35 63 91 101 132 139 145 153 158 164 166 210 212 232 295 325 330 343 360 378 386 418 421 433 486 499 503 513 556 570 572 574 587 592 702 707 721 730
 731 : 45 60 65 80 109 129 144 242 247 251 263 293 313 336 362 376 419 428 450 504 532 564 597 668 695 711
SOLUTION:
  Value: -810152.000000
  Assigns: 372 278 486 302 17 456 422 157 71 422 565 71 370 278 422 358 486 302 71 153 525 278 456 358 486 302 227 229 157 16 153 229 434 370 370 157 372 358 206 358 372 525 302 456 486 302 370 358 115 486 565 153 206 611 229 370 372 115 171 71 171 171 229 434 206 370 157 229 358 611 422 372 16 229 456 171 71 229 153 227 153 16 17 171 115 525 486 456 206 157 611 370 370 358 278 171 565 115 227 71 302 611 17 372 611 302 422 611 17 422 206 171 358 171 278 157 565 195 195 422 115 525 486 227 358 486 71 370 17 525 278 456 157 611 206 153 278 195 434 525 16 358 206 157 115 565 486 229 206 434 206 227 525 278 195 171 422 525 17 71 157 486 358 206 422 227 115 171 278 358 611 206 227 370 565 370 278 565 611 115 195 16 153 434 16 302 16 372 206 486 229 227 370 115 115 206 358 370 278 372 486 229 16 422 611 434 525 456 422 434 611 302 115 195 71 71 302 370 115 525 611 17 302 565 486 171 525 206 227 565 456 525 565 456 611 372 372 227 525 486 486 372 115 153 611 16 195 525 372 227 71 153 171 456 611 195 358 302 16 611 17 525 611 17 434 206 171 422 227 434 206 456 434 525 157 206 565 358 565 486 486 422 206 153 370 278 115 370 227 153 153 171 278 565 171 370 171 358 229 565 206 115 195 229 611 227 565 157 71 434 157 565 206 565 525 206 71 358 486 153 372 171 227 434 565 456 422 71 206 486 71 227 372 434 229 171 434 153 229 153 525 278 17 16 486 115 611 422 16 611 115 434 17 486 525 227 611 525 206 157 153 358 16 171 358 71 302 227 171 227 227 370 71 370 227 456 195 278 16 17 358 229 486 358 358 227 370 486 71 195 171 16 302 17 370 171 195 302 486 486 434 422 525 370 525 565 358 171 206 525 157 229 370 157 525 227 16 229 195 302 195 153 565 206 17 370 278 153 171 17 157 358 71 278 456 157 422 372 302 115 229 370 372 206 611 227 525 227 370 456 71 16 525 71 434 17 434 302 456 358 227 525 525 456 17 422 195 456 565 227 115 278 525 611 16 422 229 434 206 525 71 358 278 16 278 278 565 422 229 206 195 372 302 565 171 565 153 157 486 206 525 17 153 422 565 206 486 302 302 302 153 153 422 229 157 195 486 302 358 456 227 16 278 195 227 206 422 486 195 370 486 157 16 206 302 302 358 525 171 302 422 157 372 229 565 358 115 157 370 278 227 611 71 611 278 302 229 71 227 358 229 358 278 434 358 278 71 17 372 370 565 456 486 525 358 17 525 372 358 358 370 486 456 157 153 358 434 195 206 229 195 171 17 171 358 171 456 486 17 195 565 611 17 71 434 456 206 171 434 372 17 565 370 372 206 278 206 71 17 434 486 153 278 302 434 71 611 71 171 153 611 372 358 278 302 157 611 611 358 486 153 302 486 486 153 153 206 16 206 486 115 206 358 195 372 153 206 157 157 422 16 229 115 611 16 358 358 206 227 278 153 278 565 71 486 17 422 525 115 565 157 278 370 611 227 611 486 229 17 153 456 171 157 422 115 525 115 278 302 565 372 358 229 611 229 157 565 227 157 434 565 227 486 486 302 153 370 227 153 71 302 229 195 611 195 227 434 157 229 611 227 71 206 422 17 370 171 153 302 171 565 115 370 115 486 456 278 370 278 370 
  Facilities: 23
 16 : 29 72 81 140 181 184 186 202 245 258 343 348 362 378 391 416 451 474 483 521 532 647 660 664
 17 : 4 82 102 108 128 158 221 260 263 342 352 379 393 424 429 455 464 501 567 575 592 598 602 610 618 675 688 734
 71 : 8 11 18 59 76 99 126 159 214 215 250 308 316 327 330 365 372 388 432 450 453 480 552 557 566 603 617 625 627 673 719 731
 115 : 48 57 84 97 120 144 166 179 193 194 212 218 242 286 301 345 350 439 470 546 650 662 678 694 696 741 743
 153 : 19 30 51 78 80 135 182 243 251 283 289 290 319 337 339 360 421 427 496 502 510 511 584 621 629 640 644 645 655 670 689 715 718 737
 157 : 7 28 35 66 89 115 132 143 160 274 307 310 359 410 413 430 435 497 514 531 541 547 583 635 657 658 680 692 705 708 727
 171 : 58 60 61 75 83 95 111 113 155 167 225 252 266 291 294 296 321 335 363 368 390 395 407 428 494 538 591 593 595 607 628 691 736 739
 195 : 117 118 137 154 180 213 246 255 302 376 389 396 418 420 466 490 515 523 528 587 590 599 653 722 724
 206 : 38 52 64 88 110 134 142 148 150 163 171 188 195 227 265 270 275 282 300 312 315 328 358 408 423 443 478 489 499 505 525 533 588 606 614 616 646 648 651 656 667 732
 227 : 26 79 98 123 151 165 172 191 228 237 249 268 288 305 322 331 355 367 369 370 374 385 415 445 447 460 469 520 524 550 558 668 684 707 711 717 725 730
 229 : 27 31 54 62 67 73 77 147 190 201 298 303 334 338 381 411 417 440 476 488 513 543 556 560 589 661 687 702 704 721 728
 278 : 1 13 21 94 114 130 136 153 168 176 198 285 292 341 377 426 433 471 482 484 485 522 549 554 562 565 615 622 633 669 671 681 697 746 748
 302 : 3 17 25 42 45 100 105 185 211 216 222 257 366 392 397 419 438 457 492 507 508 509 517 534 535 539 555 623 634 641 698 714 720 738
 358 : 15 23 37 39 47 68 93 112 124 141 162 169 196 256 277 297 317 361 364 380 383 384 406 431 459 481 518 536 545 559 561 564 574 578 579 585 594 632 638 652 665 666 701
 370 : 12 33 34 46 55 65 91 92 127 173 175 192 197 217 284 287 295 371 373 386 394 403 412 425 441 448 529 548 569 580 612 682 716 735 742 747 749
 372 : 0 36 40 56 71 103 187 199 235 236 241 248 320 332 437 442 491 542 568 577 609 613 631 654 700
 422 : 6 9 14 70 106 109 119 156 164 203 208 267 281 326 347 401 436 465 475 487 503 512 526 540 659 676 693 733
 434 : 32 63 138 149 183 205 209 264 269 272 309 323 333 336 351 400 454 456 477 563 586 604 608 619 624 709 726
 456 : 5 22 43 74 87 131 207 230 233 253 271 325 375 434 449 458 463 467 519 571 582 596 605 690 745
 486 : 2 16 24 44 49 86 122 125 146 161 189 200 224 239 240 279 280 318 329 344 353 382 387 398 399 498 506 516 527 530 572 581 597 620 639 642 643 649 674 686 712 713 744
 525 : 20 41 85 121 129 139 152 157 206 219 226 231 238 247 261 273 314 340 354 357 402 404 409 414 446 452 461 462 472 479 500 537 573 576 677 695
 565 : 10 50 96 116 145 174 177 223 229 232 276 278 293 299 306 311 313 324 405 422 468 486 493 495 504 544 570 600 611 672 679 699 706 710 740
 611 : 53 69 90 101 104 107 133 170 178 204 210 220 234 244 254 259 262 304 346 349 356 444 473 551 553 601 626 630 636 637 663 683 685 703 723 729
SOLUTION:
  Value: -810211.000000
  Assigns: 244 512 333 727 244 576 82 82 727 512 706 727 244 407 244 297 79 706 164 59 727 407 576 244 407 407 63 481 706 297 164 347 265 512 407 727 706 297 82 265 79 244 333 515 481 512 79 63 407 164 576 244 59 59 576 59 79 244 164 652 347 297 576 347 82 265 407 59 347 576 79 333 79 265 59 576 244 515 63 706 244 265 481 481 481 576 244 727 333 568 63 59 297 706 727 512 481 568 568 164 727 727 512 333 347 706 164 59 481 265 79 347 82 568 481 407 576 576 265 347 512 265 63 63 481 244 333 652 244 333 265 481 265 706 333 512 706 407 481 512 82 568 481 568 706 407 59 576 297 652 727 244 515 164 82 347 244 244 63 347 706 333 244 297 297 481 568 244 63 244 576 407 727 297 63 297 652 297 515 652 706 706 727 59 407 407 512 568 63 652 265 347 706 297 407 82 164 515 481 706 333 706 512 82 512 59 164 347 407 297 265 63 59 333 79 297 515 727 59 63 576 79 481 297 265 265 347 79 82 515 297 82 265 347 347 244 265 407 515 576 652 481 79 727 568 265 481 63 481 706 265 512 244 79 407 706 568 706 164 265 652 576 297 347 515 706 727 333 515 407 347 63 63 333 265 333 515 481 164 297 515 265 59 512 512 706 164 265 706 333 79 59 407 79 407 727 265 164 63 265 568 244 481 576 265 407 63 568 512 512 407 79 512 297 63 652 512 576 347 59 297 63 79 63 568 652 515 568 59 63 265 727 82 297 652 59 333 515 79 481 576 347 568 333 512 652 63 652 63 63 63 512 512 333 265 347 481 706 297 82 164 515 727 706 265 265 297 727 164 576 297 297 568 481 347 727 576 297 265 512 706 265 347 82 63 576 63 727 407 79 82 576 568 706 164 512 727 568 265 347 63 407 407 59 164 727 568 244 652 512 515 568 706 568 576 79 79 244 347 727 164 164 164 652 515 515 652 652 164 265 347 82 512 333 333 652 63 63 244 79 568 59 82 515 63 82 265 59 333 727 265 407 568 297 59 407 265 407 333 244 407 347 407 706 164 568 244 568 297 576 407 481 59 59 727 244 347 347 79 568 706 576 512 79 515 512 297 347 652 568 63 164 333 244 244 164 652 727 706 63 652 79 59 576 652 265 727 63 164 568 59 512 576 333 59 244 568 481 576 265 265 265 481 407 333 576 82 515 63 59 652 727 512 347 244 407 79 706 515 407 265 333 164 244 407 347 347 568 576 515 79 407 333 515 706 297 652 347 164 347 82 652 244 347 79 706 79 244 244 164 407 515 481 265 407 407 512 347 164 652 297 244 297 512 652 82 512 164 576 297 244 265 481 265 164 727 652 265 79 706 512 63 59 82 82 727 727 568 63 515 82 244 727 481 407 568 512 59 512 481 481 265 333 407 706 481 63 164 265 82 347 706 652 244 63 512 568 333 576 265 515 706 512 82 481 706 512 79 333 79 568 512 59 568 407 481 407 727 59 347 407 576 576 576 82 297 727 407 512 82 244 297 347 347 333 347 244 407 706 407 706 82 63 515 265 63 481 79 265 727 265 244 512 265 333 164 59 82 481 79 512 59 59 82 481 79 79 59 727 297 265 568 164 265 727 706 333 265 297 297 481 59 244 297 727 347 59 481 333 576 244 652 568 63 63 512 727 297 297 512 347 347 706 407 515 347 407 164 164 347 
  Facilities: 19
 59 : 19 52 53 55 67 74 91 107 146 183 205 212 218 282 291 319 328 335 403 441 447 454 472 473 502 510 514 529 602 617 652 658 696 701 702 707 721 726
 63 : 26 47 78 90 122 123 158 168 174 188 211 219 247 271 272 298 306 314 321 323 329 346 348 349 350 384 386 400 436 437 444 490 499 507 528 601 608 626 634 682 685 733 734
 79 : 16 40 46 56 70 72 110 214 221 227 242 253 290 293 311 322 338 389 415 416 439 478 483 501 536 550 564 566 598 647 649 687 699 705 706
 82 : 6 7 38 64 112 140 154 195 203 228 231 332 359 383 390 431 442 445 526 560 585 603 604 610 629 643 664 669 681 697 703
 164 : 18 30 49 58 99 106 153 196 206 258 278 286 297 360 368 394 404 420 421 422 428 464 491 495 508 542 558 569 578 587 594 627 695 712 747 748
 244 : 0 4 12 14 23 41 51 57 76 80 86 125 128 151 156 157 162 167 169 235 252 301 407 417 438 459 466 475 493 494 515 534 543 562 567 568 581 590 611 633 670 676 691 722 730
 265 : 32 39 65 73 81 109 118 121 130 132 190 210 224 225 232 236 245 250 259 274 281 287 296 299 304 330 354 364 365 378 381 398 429 446 450 456 505 519 520 521 540 573 591 593 597 621 628 639 684 688 690 693 710 713 717
 297 : 15 29 37 61 92 148 163 164 173 175 177 193 209 215 223 230 262 279 313 320 333 358 366 370 371 377 453 468 486 555 580 582 589 665 671 709 718 719 723 737 738
 333 : 2 42 71 88 103 126 129 134 161 200 213 267 273 275 289 336 343 353 433 434 448 458 492 513 524 541 552 622 637 648 674 694 716 728
 347 : 31 60 63 68 104 111 119 155 159 191 207 226 233 234 263 270 318 341 355 374 382 399 418 430 461 476 477 487 533 545 546 557 559 563 577 630 659 672 673 675 725 740 741 745 749
 407 : 13 21 24 25 34 48 66 115 137 145 171 184 185 194 208 237 254 269 292 294 305 310 388 401 402 451 455 457 460 462 470 523 535 539 544 551 570 574 575 614 623 654 656 660 667 677 679 743 746
 481 : 27 44 82 83 84 96 108 114 124 131 138 142 165 198 222 241 246 248 277 302 339 356 373 471 517 522 572 592 613 619 620 625 644 655 686 698 704 720 727
 512 : 1 9 33 45 95 102 120 135 139 186 202 204 251 283 284 308 309 312 316 344 351 352 379 395 409 432 482 485 511 532 576 583 586 600 616 618 635 642 646 651 668 692 700 735 739
 515 : 43 77 152 178 197 216 229 238 264 268 276 280 326 337 361 410 424 425 443 484 527 538 549 553 571 609 640 683 744
 568 : 89 97 98 113 141 143 166 187 244 256 300 307 324 327 342 372 392 397 406 411 413 440 452 465 467 479 489 509 516 547 607 615 636 650 653 711 732
 576 : 5 22 50 54 62 69 75 85 116 117 147 170 220 239 261 303 317 340 369 376 385 391 414 469 481 503 512 518 525 548 588 638 661 662 663 729
 652 : 59 127 149 176 179 189 240 260 315 325 334 345 347 408 423 426 427 435 488 496 500 504 530 556 561 579 584 596 632 731
 706 : 10 17 28 36 79 93 105 133 136 144 160 180 181 192 199 201 249 255 257 265 285 288 357 363 380 393 412 463 480 498 537 554 565 599 624 631 641 645 678 680 715 742
 727 : 3 8 11 20 35 87 94 100 101 150 172 182 217 243 266 295 331 362 367 375 387 396 405 419 449 474 497 506 531 595 605 606 612 657 666 689 708 714 724 736
