# Time: 4.240000
# Elapsed: 1.929218
# Input_file: splp/GapA/1732GapAS.txt
# Pool_size: 400
# Iterations: 35
# Final_solutions: 13300
# Vision_range: 0
# Reduction_mode: REDUCTION_RANDOM
SOLUTION:
  Value: -75116.000000
  Assigns: 48 65 48 65 71 36 88 88 90 91 54 1 16 36 0 25 18 0 54 43 48 91 23 48 89 77 80 89 60 25 90 37 80 2 80 82 89 36 48 48 1 69 60 36 54 54 37 67 18 23 67 69 71 91 80 30 71 90 54 48 60 80 90 82 82 18 0 43 82 18 60 0 89 88 82 71 67 48 69 69 67 37 1 88 1 48 2 23 1 0 65 89 16 25 89 37 54 82 80 82 
  Facilities: 25
 0 : 14 17 66 71 89
 1 : 11 40 82 84 88
 2 : 33 86
 16 : 12 92
 18 : 16 48 65 69
 23 : 22 49 87
 25 : 15 29 93
 30 : 55
 36 : 5 13 37 43
 37 : 31 46 81 95
 43 : 19 67
 48 : 0 2 20 23 38 39 59 77 85
 54 : 10 18 44 45 58 96
 60 : 28 42 60 70
 65 : 1 3 90
 67 : 47 50 76 80
 69 : 41 51 78 79
 71 : 4 52 56 75
 77 : 25
 80 : 26 32 34 54 61 98
 82 : 35 63 64 68 74 97 99
 88 : 6 7 73 83
 89 : 24 27 36 72 91 94
 90 : 8 30 57 62
 91 : 9 21 53
SOLUTION:
  Value: -75116.000000
  Assigns: 49 79 97 17 27 17 52 60 97 91 63 1 16 49 75 79 16 41 52 52 49 6 49 16 41 32 46 24 32 17 96 91 76 17 80 46 12 96 96 12 41 52 60 67 76 80 76 12 46 24 67 49 6 91 80 41 32 24 41 52 24 63 52 24 83 8 16 83 97 5 60 75 6 24 41 27 67 83 17 12 91 63 1 24 1 12 32 16 1 80 96 46 63 41 52 27 17 27 80 79 
  Facilities: 25
 1 : 11 82 84 88
 5 : 69
 6 : 21 52 72
 8 : 65
 12 : 36 39 47 79 85
 16 : 12 16 23 66 87
 17 : 3 5 29 33 78 96
 24 : 27 49 57 60 63 73 83
 27 : 4 75 95 97
 32 : 25 28 56 86
 41 : 17 24 40 55 58 74 93
 46 : 26 35 48 91
 49 : 0 13 20 22 51
 52 : 6 18 19 41 59 62 94
 60 : 7 42 70
 63 : 10 61 81 92
 67 : 43 50 76
 75 : 14 71
 76 : 32 44 46
 79 : 1 15 99
 80 : 34 45 54 89 98
 83 : 64 67 77
 91 : 9 31 53 80
 96 : 30 37 38 90
 97 : 2 8 68
SOLUTION:
  Value: -75117.000000
  Assigns: 49 40 50 99 71 35 34 27 90 41 35 1 5 49 40 36 35 78 35 1 49 11 49 11 41 11 46 1 82 9 34 78 69 40 78 46 39 36 66 10 41 10 50 36 40 35 82 33 46 35 78 49 11 36 46 41 71 49 41 66 27 92 90 78 33 35 50 33 82 39 50 9 9 34 99 71 42 41 10 92 36 9 50 99 1 10 92 69 1 42 39 66 10 66 34 27 10 82 71 39 
  Facilities: 25
 1 : 11 19 27 84 88
 5 : 12
 9 : 29 71 72 81
 10 : 39 41 78 85 92 96
 11 : 21 23 25 52
 27 : 7 60 95
 33 : 47 64 67
 34 : 6 30 73 94
 35 : 5 10 16 18 45 49 65
 36 : 15 37 43 53 80
 39 : 36 69 90 99
 40 : 1 14 33 44
 41 : 9 24 40 55 58 77
 42 : 76 89
 46 : 26 35 48 54
 49 : 0 13 20 22 51 57
 50 : 2 42 66 70 82
 66 : 38 59 91 93
 69 : 32 87
 71 : 4 56 75 98
 78 : 17 31 34 50 63
 82 : 28 46 68 97
 90 : 8 62
 92 : 61 79 86
 99 : 3 74 83
SOLUTION:
  Value: -78105.000000
  Assigns: 89 45 50 65 33 51 58 88 97 45 54 28 16 36 99 25 16 56 54 89 51 46 58 16 58 45 46 89 32 45 10 45 22 28 51 46 89 36 30 56 88 10 50 36 54 54 82 33 46 28 98 30 45 36 46 32 36 97 54 22 98 32 97 82 33 32 50 33 97 32 50 51 65 88 99 32 66 51 10 77 82 30 50 28 56 10 54 23 65 98 65 66 10 58 89 99 30 82 30 82 
  Facilities: 26
 10 : 30 41 78 85 92
 16 : 12 16 23
 22 : 32 59
 23 : 87
 25 : 15
 28 : 11 33 49 83
 30 : 38 51 81 96 98
 32 : 28 55 61 65 69 75
 33 : 4 47 64 67
 36 : 13 37 43 53 56
 45 : 1 9 25 29 31 52
 46 : 21 26 35 48 54
 50 : 2 42 66 70 82
 51 : 5 20 34 71 77
 54 : 10 18 44 45 58 86
 56 : 17 39 84
 58 : 6 22 24 93
 65 : 3 72 88 90
 66 : 76 91
 77 : 79
 82 : 46 63 80 97 99
 88 : 7 40 73
 89 : 0 19 27 36 94
 97 : 8 57 62 68
 98 : 50 60 89
 99 : 14 74 95
SOLUTION:
  Value: -78111.000000
  Assigns: 89 16 50 18 71 35 4 27 64 19 35 67 16 64 3 25 18 56 35 64 3 73 89 16 89 53 80 89 76 73 10 35 19 4 80 43 89 89 43 56 64 10 50 67 76 80 76 33 19 35 16 89 71 76 80 20 71 24 53 4 73 53 3 24 20 8 16 43 8 18 50 53 89 24 73 71 67 19 10 24 67 16 73 24 56 10 25 16 50 80 57 89 16 25 89 27 10 64 80 73 
  Facilities: 26
 3 : 14 20 62
 4 : 6 33 59
 8 : 65 68
 10 : 30 41 78 85 96
 16 : 1 12 23 50 66 81 87 92
 18 : 3 16 69
 19 : 9 32 48 77
 20 : 55 64
 24 : 57 63 73 79 83
 25 : 15 86 93
 27 : 7 95
 33 : 47
 35 : 5 10 18 31 49
 43 : 35 38 67
 50 : 2 42 70 88
 53 : 25 58 61 71
 56 : 17 39 84
 57 : 90
 62 :
 64 : 8 13 19 40 97
 67 : 11 43 76 80
 71 : 4 52 56 75
 73 : 21 29 60 74 82 99
 76 : 28 44 46 53
 80 : 26 34 45 54 89 98
 89 : 0 22 24 27 36 37 51 72 91 94
SOLUTION:
  Value: -78111.000000
  Assigns: 48 79 50 99 27 52 52 60 96 91 36 60 79 12 15 79 7 78 52 52 48 6 7 48 41 70 80 24 60 8 96 78 76 15 80 76 12 36 48 48 41 69 60 36 76 80 76 12 78 24 98 69 6 91 80 41 36 24 41 52 98 80 52 70 70 8 50 70 52 39 50 78 6 24 99 92 24 48 69 12 91 7 50 99 80 48 25 69 50 15 7 78 70 41 52 27 80 92 80 79 
  Facilities: 26
 6 : 21 52 72
 7 : 16 22 81 90
 8 : 29 65
 12 : 13 36 47 79
 15 : 14 33 89
 24 : 27 49 57 73 76
 25 : 86
 27 : 4 95
 36 : 10 37 43 56
 39 : 69
 41 : 24 40 55 58 93
 48 : 0 20 23 38 39 77 85
 50 : 2 66 70 82 88
 52 : 5 6 18 19 59 62 68 94
 60 : 7 11 28 42
 69 : 41 51 78 87
 70 : 25 63 64 67 92
 76 : 32 35 44 46
 78 : 17 31 48 71 91
 79 : 1 12 15 99
 80 : 26 34 45 54 61 84 96 98
 91 : 9 53 80
 92 : 75 97
 96 : 8 30
 98 : 50 60
 99 : 3 74 83
SOLUTION:
  Value: -81103.000000
  Assigns: 13 86 59 99 27 61 94 60 96 59 54 28 13 49 99 25 56 59 83 59 19 96 49 74 46 32 46 94 32 9 96 9 19 28 55 46 61 86 96 56 94 69 60 99 54 54 59 66 46 28 74 49 86 13 46 94 74 49 60 66 73 32 61 19 83 32 49 83 32 39 60 9 9 55 99 27 66 83 56 77 56 9 73 28 56 69 25 23 54 59 94 66 9 94 13 27 54 86 61 73 
  Facilities: 27
 9 : 29 31 71 72 81 92
 13 : 0 12 53 94
 19 : 20 32 63
 23 : 87
 25 : 15 86
 27 : 4 75 95
 28 : 11 33 49 83
 32 : 25 28 61 65 68
 39 : 69
 46 : 24 26 35 48 54
 49 : 13 22 51 57 66
 54 : 10 44 45 88 96
 55 : 34 73
 56 : 16 39 78 80 84
 59 : 2 9 17 19 46 89
 60 : 7 42 58 70
 61 : 5 36 62 98
 66 : 47 59 76 91
 69 : 41 85
 73 : 60 82 99
 74 : 23 50 56
 77 : 79
 83 : 18 64 67 77
 86 : 1 37 52 97
 94 : 6 27 40 55 90 93
 96 : 8 21 30 38
 99 : 3 14 43 74
SOLUTION:
  Value: -81104.000000
  Assigns: 52 65 59 65 31 81 52 81 63 59 29 1 53 64 38 4 38 59 52 64 63 11 23 31 43 32 31 94 32 38 70 37 80 63 80 32 31 57 43 29 1 4 23 67 81 80 37 70 67 23 59 63 21 94 31 32 32 31 37 4 24 63 52 70 20 32 21 83 32 38 64 53 65 31 81 32 67 83 21 69 29 37 70 24 1 69 57 23 65 59 94 94 63 94 64 65 11 21 80 94 
  Facilities: 27
 1 : 11 40 84
 4 : 15 41 59
 11 : 21 96
 20 : 64
 21 : 52 66 78 97
 23 : 22 42 49 87
 24 : 60 83
 29 : 10 39 80
 31 : 4 23 26 36 54 57 73
 32 : 25 28 35 55 56 65 68 75
 37 : 31 46 58 81
 38 : 14 16 29 69
 43 : 24 38
 52 : 0 6 18 62
 53 : 12 71
 57 : 37 86
 59 : 2 9 17 50 89
 63 : 8 20 33 51 61 92
 64 : 13 19 70 94
 65 : 1 3 72 88 95
 67 : 43 48 76
 69 : 79 85
 70 : 30 47 63 82
 80 : 32 34 45 98
 81 : 5 7 44 74
 83 : 67 77
 94 : 27 53 90 91 93 99
SOLUTION:
  Value: -81109.000000
  Assigns: 52 65 59 65 31 81 52 81 63 40 29 1 53 64 40 4 83 59 52 64 63 11 23 31 43 32 31 94 32 24 70 37 80 63 80 32 31 57 43 29 1 4 23 67 81 80 37 70 67 23 59 63 21 94 31 32 32 31 37 4 24 63 52 70 20 32 21 83 32 32 64 53 65 31 81 32 67 83 21 69 29 37 70 24 1 69 57 23 65 59 94 94 63 94 64 65 11 21 80 94 
  Facilities: 27
 1 : 11 40 84
 4 : 15 41 59
 11 : 21 96
 20 : 64
 21 : 52 66 78 97
 23 : 22 42 49 87
 24 : 29 60 83
 29 : 10 39 80
 31 : 4 23 26 36 54 57 73
 32 : 25 28 35 55 56 65 68 69 75
 37 : 31 46 58 81
 40 : 9 14
 43 : 24 38
 52 : 0 6 18 62
 53 : 12 71
 57 : 37 86
 59 : 2 17 50 89
 63 : 8 20 33 51 61 92
 64 : 13 19 70 94
 65 : 1 3 72 88 95
 67 : 43 48 76
 69 : 79 85
 70 : 30 47 63 82
 80 : 32 34 45 98
 81 : 5 7 44 74
 83 : 16 67 77
 94 : 27 53 90 91 93 99
SOLUTION:
  Value: -81110.000000
  Assigns: 52 65 59 65 31 81 52 81 63 59 29 1 53 64 87 4 83 59 52 64 63 11 23 31 87 32 31 94 32 86 70 37 80 63 80 32 31 86 43 29 1 4 23 67 81 80 37 70 67 23 59 63 86 94 31 32 32 31 87 4 11 63 52 70 20 32 21 83 32 32 64 53 65 31 81 32 67 83 21 69 29 37 70 43 1 69 57 23 65 59 94 94 63 94 64 65 11 21 80 94 
  Facilities: 27
 1 : 11 40 84
 4 : 15 41 59
 11 : 21 60 96
 20 : 64
 21 : 66 78 97
 23 : 22 42 49 87
 29 : 10 39 80
 31 : 4 23 26 36 54 57 73
 32 : 25 28 35 55 56 65 68 69 75
 37 : 31 46 81
 43 : 38 83
 52 : 0 6 18 62
 53 : 12 71
 57 : 86
 59 : 2 9 17 50 89
 63 : 8 20 33 51 61 92
 64 : 13 19 70 94
 65 : 1 3 72 88 95
 67 : 43 48 76
 69 : 79 85
 70 : 30 47 63 82
 80 : 32 34 45 98
 81 : 5 7 44 74
 83 : 16 67 77
 86 : 29 37 52
 87 : 14 24 58
 94 : 27 53 90 91 93 99
