# Time: 558.679993
# Elapsed: 320.871613
# Input_file: splp/KoerkelGhosh-sym/500/c/gs500c-3
# Pool_size: 400
# Iterations: 8
# Final_solutions: 2454
# Vision_range: 600
# Reduction_mode: REDUCTION_DISPERSE
# Dissimilitude: DISSIM_HAUSDORFF
# Facility_dist: FDISMODE_SUMOFDELTAS
SOLUTION:
  Value: -621614.000000
  Assigns: 435 215 194 384 194 384 194 384 211 194 215 384 384 194 211 211 384 211 384 435 215 384 435 435 194 435 215 211 194 194 194 194 215 435 435 194 194 194 215 384 215 384 194 384 435 211 211 384 211 215 215 384 211 215 211 384 194 384 384 384 211 211 435 435 211 215 211 215 435 194 194 384 194 215 215 211 194 384 435 215 384 211 215 211 435 194 215 215 384 211 194 435 215 384 211 384 194 194 215 211 435 215 211 384 211 211 384 435 435 215 211 194 384 194 194 215 194 435 384 384 211 435 384 215 215 211 211 211 211 435 384 211 211 215 211 211 384 194 384 435 435 215 211 435 211 211 211 384 211 435 194 211 435 194 384 215 215 215 435 215 211 215 384 194 215 384 215 384 435 435 384 435 194 435 211 435 194 194 211 215 194 384 194 211 194 435 215 194 211 384 211 435 384 194 435 211 384 215 384 384 435 384 435 435 215 215 211 384 215 194 194 194 384 194 194 194 194 211 215 194 194 435 215 211 384 194 384 435 435 384 211 211 215 211 435 384 215 211 211 435 194 215 211 211 435 211 435 384 215 211 435 435 435 194 435 194 215 215 435 384 194 194 215 435 211 194 435 384 384 384 215 435 194 435 194 384 435 384 194 384 215 211 435 435 435 435 215 215 384 435 384 215 435 435 435 384 194 194 435 194 211 384 211 215 215 384 194 211 194 215 384 215 384 211 215 435 215 215 384 215 215 211 211 384 194 211 384 215 435 194 211 211 211 435 215 194 215 211 194 211 211 384 435 194 384 211 435 435 384 384 194 435 215 211 435 194 435 211 211 211 215 435 215 384 194 435 384 384 194 215 384 384 384 384 194 194 211 384 435 194 215 384 194 435 435 194 384 384 211 211 215 211 215 384 435 215 215 194 215 194 215 211 211 211 435 384 384 435 384 211 215 435 384 215 211 211 435 384 215 194 211 215 215 384 435 215 384 384 194 194 194 435 435 384 194 384 435 194 384 215 194 211 435 211 194 194 215 211 435 194 215 194 435 211 435 211 384 194 194 215 384 194 384 435 435 384 384 194 194 194 215 211 384 215 194 384 194 384 194 194 384 215 215 384 435 211 211 435 194 384 384 435 384 435 435 384 211 215 194 194 
  Facilities: 5
 194 : 2 4 6 9 13 24 28 29 30 31 35 36 37 42 56 69 70 72 76 85 90 96 97 111 113 114 116 137 150 153 163 172 176 177 180 182 184 187 193 209 210 211 213 214 215 216 219 220 225 240 253 255 260 261 265 272 274 278 296 297 299 306 308 324 329 335 338 343 350 355 364 368 374 375 379 382 385 397 399 419 428 429 430 434 437 440 444 445 449 451 457 458 461 467 468 469 474 476 478 479 488 498 499
 211 : 8 14 15 17 27 45 46 48 52 54 60 61 64 66 75 81 83 89 94 99 102 104 105 110 120 125 126 127 128 131 132 134 135 142 144 145 146 148 151 160 174 178 183 188 190 195 206 217 223 230 231 233 237 238 242 243 245 249 264 281 300 302 307 313 321 322 325 330 331 332 337 339 340 345 353 357 358 359 376 388 389 391 401 402 403 409 414 415 420 441 443 447 453 455 471 485 486 496
 215 : 1 10 20 26 32 38 40 49 50 53 65 67 73 74 79 82 86 87 92 98 101 109 115 123 124 133 141 155 156 157 159 161 164 166 179 186 197 204 205 208 218 222 232 236 241 248 256 257 262 270 280 286 287 291 303 304 309 311 314 316 317 319 320 327 334 336 352 360 362 369 380 390 392 395 396 398 400 410 413 418 421 422 425 439 446 450 459 470 473 481 482 497
 384 : 3 5 7 11 12 16 18 21 39 41 43 47 51 55 57 58 59 71 77 80 88 93 95 103 106 112 118 119 122 130 136 138 147 154 162 165 167 170 181 189 192 196 198 199 201 207 212 224 226 229 235 247 259 267 268 269 275 277 279 288 290 295 301 305 310 312 318 323 326 341 344 348 349 363 366 367 370 371 372 373 377 381 386 387 393 405 406 408 412 417 423 426 427 433 435 438 456 460 462 465 466 472 475 477 480 483 489 490 492 495
 435 : 0 19 22 23 25 33 34 44 62 63 68 78 84 91 100 107 108 117 121 129 139 140 143 149 152 158 168 169 171 173 175 185 191 194 200 202 203 221 227 228 234 239 244 246 250 251 252 254 258 263 266 271 273 276 282 283 284 285 289 292 293 294 298 315 328 333 342 346 347 351 354 356 361 365 378 383 384 394 404 407 411 416 424 431 432 436 442 448 452 454 463 464 484 487 491 493 494
SOLUTION:
  Value: -621632.000000
  Assigns: 435 194 194 254 194 97 194 254 384 97 254 384 384 254 97 97 384 435 384 435 254 97 435 435 97 435 234 234 194 234 194 254 254 254 97 194 194 234 234 384 254 97 234 384 234 435 234 384 254 254 97 384 435 254 254 384 194 384 384 384 97 234 254 97 435 194 194 234 435 194 194 384 194 435 234 234 194 384 97 97 384 254 97 384 435 194 234 234 384 97 194 435 254 97 234 384 254 194 435 254 435 384 97 384 234 97 384 435 435 97 97 234 254 194 254 435 194 234 384 234 234 435 97 194 384 234 234 234 384 435 384 384 435 254 234 97 384 254 384 435 435 97 254 435 234 254 234 384 97 435 194 234 435 194 234 97 435 97 435 234 435 254 384 254 254 384 97 234 435 435 384 435 254 435 97 435 194 194 97 254 194 384 194 234 194 435 97 194 97 384 435 435 254 194 97 254 384 254 384 97 254 384 435 234 384 435 194 384 254 97 194 254 384 234 234 254 194 234 97 194 194 435 234 435 97 254 384 435 435 234 254 254 384 194 435 97 384 384 97 435 97 234 435 234 97 254 97 384 435 194 435 435 435 194 435 194 234 194 97 97 194 194 194 435 254 194 435 384 384 384 97 97 194 97 194 254 435 384 254 384 384 97 97 254 435 435 97 384 234 97 234 254 234 435 97 234 254 194 435 194 234 234 384 97 435 254 194 97 194 97 97 254 254 254 234 435 194 384 384 234 234 97 254 234 194 254 234 384 435 254 254 254 254 435 254 97 194 97 254 234 234 234 435 234 384 384 234 234 254 97 194 234 234 254 234 194 435 254 97 234 234 435 234 384 194 97 384 254 194 97 384 384 97 384 194 234 234 384 435 194 254 254 194 435 435 194 384 234 234 435 254 194 435 384 254 234 254 194 254 194 254 194 384 384 435 384 384 435 384 435 435 435 254 254 97 254 435 384 97 194 234 234 234 97 435 254 384 97 234 194 254 234 435 384 234 234 435 194 97 234 254 97 435 97 254 254 234 194 254 97 435 254 435 254 435 97 384 234 194 384 254 194 384 254 435 384 384 194 234 254 384 234 384 254 234 384 194 384 194 194 384 234 254 97 435 254 97 435 194 384 384 435 234 435 435 384 435 234 194 194 
  Facilities: 6
 97 : 5 9 14 15 21 24 34 41 50 60 63 78 79 82 89 93 102 105 109 110 122 135 141 148 155 157 166 174 178 186 188 194 199 209 218 224 235 238 240 244 246 258 259 270 271 273 281 282 286 289 294 303 307 309 310 321 335 337 349 358 365 369 372 414 418 423 427 438 441 443 449 455 483 486
 194 : 1 2 4 6 28 30 35 36 56 65 66 69 70 72 76 85 90 97 113 116 123 150 153 176 177 180 182 184 187 193 206 210 216 219 220 233 249 253 255 257 260 261 262 265 272 274 297 299 306 308 316 324 336 350 355 364 368 374 379 382 385 391 397 399 401 419 429 437 447 458 461 467 476 478 479 488 498 499
 234 : 26 27 29 37 38 42 44 46 61 67 74 75 86 87 94 104 111 117 119 120 125 126 127 134 144 146 151 154 159 167 183 203 213 214 217 222 229 241 243 256 288 290 292 295 300 301 314 319 320 323 326 339 340 341 343 346 347 351 352 354 359 360 362 375 376 387 388 395 420 421 422 428 431 434 435 439 446 457 468 471 474 481 492 497
 254 : 3 7 10 13 20 31 32 33 40 48 49 53 54 62 81 92 96 99 112 114 133 137 142 145 161 163 164 172 179 192 195 197 200 208 211 215 225 230 231 245 264 275 278 283 291 296 305 311 312 313 322 325 329 330 331 332 334 338 348 353 357 367 380 381 390 394 396 398 400 412 413 415 425 430 440 444 445 448 451 453 460 463 469 473 482 485
 384 : 8 11 12 16 18 39 43 47 51 55 57 58 59 71 77 80 83 88 95 101 103 106 118 124 128 130 131 136 138 147 162 165 170 181 189 196 198 201 204 207 212 226 232 236 237 247 267 268 269 277 279 280 287 302 317 318 327 344 345 363 366 370 371 373 377 386 393 402 403 405 406 408 417 426 433 456 459 462 465 466 470 472 475 477 480 489 490 495
 435 : 0 17 19 22 23 25 45 52 64 68 73 84 91 98 100 107 108 115 121 129 132 139 140 143 149 152 156 158 160 168 169 171 173 175 185 190 191 202 205 221 223 227 228 234 239 242 248 250 251 252 254 263 266 276 284 285 293 298 304 315 328 333 342 356 361 378 383 384 389 392 404 407 409 410 411 416 424 432 436 442 450 452 454 464 484 487 491 493 494 496
SOLUTION:
  Value: -622017.000000
  Assigns: 435 234 234 254 97 97 384 254 384 97 254 384 384 254 97 97 384 435 384 435 254 97 435 435 97 435 234 234 384 234 97 254 254 254 97 435 384 234 234 384 254 97 234 384 234 435 234 384 254 254 97 384 435 254 254 384 435 384 384 384 97 234 254 97 435 97 97 234 435 384 234 384 97 435 234 234 97 384 97 97 384 254 97 384 435 384 234 234 384 97 435 435 254 97 234 384 254 234 435 254 435 384 97 384 234 97 384 435 435 97 97 234 254 234 254 435 384 234 384 234 234 435 97 384 384 234 234 234 384 435 384 384 435 254 234 97 384 254 384 435 435 97 254 435 234 254 234 384 97 435 435 234 435 97 234 97 435 97 435 234 435 254 384 254 254 384 97 234 435 435 384 435 254 435 97 435 97 234 97 254 384 384 435 234 384 435 97 234 97 384 435 435 254 384 97 254 384 254 384 97 254 384 435 234 384 435 254 384 254 97 97 254 384 234 234 254 97 234 97 435 97 435 234 435 97 254 384 435 435 234 254 254 384 97 435 97 384 384 97 435 97 234 435 234 97 254 97 384 435 234 435 435 435 384 435 254 234 97 97 97 234 234 435 435 254 435 435 384 384 384 97 97 435 97 384 254 435 384 254 384 384 97 97 254 435 435 97 384 234 97 234 254 234 435 97 234 254 435 435 254 234 234 384 97 435 254 97 97 384 97 97 254 254 254 234 435 234 384 384 234 234 97 254 234 234 254 234 384 435 254 254 254 254 435 254 97 97 97 254 234 234 234 435 234 384 384 234 234 254 97 234 234 234 254 234 435 435 254 97 234 234 435 234 384 384 97 384 254 384 97 384 384 97 384 234 234 234 384 435 234 254 254 435 435 435 234 384 234 234 435 254 435 435 384 254 234 254 384 254 435 254 254 384 384 435 384 384 435 384 435 435 435 254 254 97 254 435 384 97 435 234 234 234 97 435 254 384 97 234 384 254 234 435 384 234 234 435 384 97 234 254 97 435 97 254 254 234 254 254 97 435 254 435 254 435 97 384 234 435 384 254 234 384 254 435 384 384 254 234 254 384 234 384 254 234 384 234 384 97 384 384 234 254 97 435 254 97 435 97 384 384 435 234 435 435 384 435 234 254 384 
  Facilities: 5
 97 : 4 5 9 14 15 21 24 30 34 41 50 60 63 65 66 72 76 78 79 82 89 93 102 105 109 110 122 135 141 148 153 155 157 166 174 176 178 186 188 194 199 209 210 216 218 220 224 233 235 238 240 244 246 257 258 259 270 271 273 281 282 286 289 294 303 306 307 309 310 321 335 336 337 349 358 365 369 372 414 418 423 427 438 441 443 449 455 478 483 486 488
 234 : 1 2 26 27 29 37 38 42 44 46 61 67 70 74 75 86 87 94 97 104 111 113 117 119 120 125 126 127 134 144 146 151 154 159 167 177 183 187 203 213 214 217 222 229 241 243 249 256 260 261 288 290 292 295 300 301 314 316 319 320 323 324 326 339 340 341 343 346 347 350 351 352 354 359 360 362 374 375 376 379 385 387 388 395 420 421 422 428 431 434 435 439 446 457 461 468 471 474 476 481 492 497
 254 : 3 7 10 13 20 31 32 33 40 48 49 53 54 62 81 92 96 99 112 114 133 137 142 145 161 163 164 172 179 192 195 197 200 206 208 211 215 225 230 231 245 255 264 275 278 283 291 296 299 305 311 312 313 322 325 329 330 331 332 334 338 348 353 357 367 380 381 390 394 396 398 400 401 412 413 415 425 430 440 444 445 447 448 451 453 460 463 467 469 473 482 485 498
 384 : 6 8 11 12 16 18 28 36 39 43 47 51 55 57 58 59 69 71 77 80 83 85 88 95 101 103 106 116 118 123 124 128 130 131 136 138 147 162 165 170 180 181 184 189 193 196 198 201 204 207 212 226 232 236 237 247 253 267 268 269 274 277 279 280 287 302 308 317 318 327 344 345 363 364 366 368 370 371 373 377 386 393 397 402 403 405 406 408 417 426 429 433 437 456 459 462 465 466 470 472 475 477 479 480 489 490 495 499
 435 : 0 17 19 22 23 25 35 45 52 56 64 68 73 84 90 91 98 100 107 108 115 121 129 132 139 140 143 149 150 152 156 158 160 168 169 171 173 175 182 185 190 191 202 205 219 221 223 227 228 234 239 242 248 250 251 252 254 262 263 265 266 272 276 284 285 293 297 298 304 315 328 333 342 355 356 361 378 382 383 384 389 391 392 399 404 407 409 410 411 416 419 424 432 436 442 450 452 454 458 464 484 487 491 493 494 496
SOLUTION:
  Value: -622022.000000
  Assigns: 307 307 234 430 97 97 384 254 384 430 254 384 384 254 97 97 430 430 384 307 254 97 97 234 97 97 234 234 307 234 430 254 254 254 97 307 307 307 234 384 307 97 234 384 234 430 234 384 307 254 97 307 234 254 254 384 430 384 384 307 97 234 254 97 254 430 97 307 384 307 430 384 97 430 430 234 97 384 307 97 384 254 97 307 307 384 234 234 384 97 234 97 307 97 430 384 254 307 384 430 97 430 97 384 234 97 430 430 384 430 97 234 254 234 307 430 384 234 384 234 234 307 97 430 384 234 234 307 384 254 384 384 430 307 234 97 384 254 384 384 254 97 254 307 430 254 234 384 307 97 234 234 307 97 234 97 307 97 307 234 97 430 384 430 254 384 307 234 307 430 384 430 254 307 97 430 97 234 97 254 384 430 307 234 384 430 97 234 97 384 97 234 254 430 97 254 384 254 384 430 254 384 254 430 384 254 254 384 307 307 97 254 307 234 234 254 97 430 97 307 97 254 307 97 307 254 384 307 307 234 430 307 384 97 254 97 384 430 97 234 307 234 430 234 97 254 97 384 430 430 430 307 254 384 234 254 307 97 97 97 307 430 430 384 254 430 430 384 384 384 97 307 234 97 307 254 307 384 254 384 384 97 97 254 430 307 97 430 234 97 307 254 234 234 430 430 254 430 307 307 234 234 384 430 430 254 97 97 307 430 97 430 254 307 234 254 234 384 384 234 234 97 254 234 234 254 307 384 234 254 254 254 307 97 254 97 97 307 307 234 430 234 234 307 384 430 430 234 430 97 234 234 430 254 234 307 254 307 97 234 234 384 307 384 307 97 384 254 384 97 384 384 97 430 234 234 234 384 254 234 254 254 307 384 430 307 384 234 234 254 430 430 307 384 254 234 254 307 430 307 254 307 430 307 430 384 384 254 384 430 430 430 254 254 97 430 430 384 430 430 234 234 307 97 97 254 384 97 234 384 254 234 234 384 234 234 307 384 97 430 254 430 430 97 254 430 234 254 254 97 307 254 254 254 430 97 384 234 234 384 254 307 384 430 307 384 384 254 234 254 307 430 384 254 430 384 234 384 97 384 384 234 254 97 97 254 97 97 307 384 430 384 234 234 254 384 234 234 254 430 
  Facilities: 6
 97 : 4 5 14 15 21 22 24 25 34 41 50 60 63 66 72 76 79 82 89 91 93 100 102 105 110 122 135 141 149 153 155 157 160 174 176 178 186 188 190 194 210 216 218 220 223 233 235 238 244 246 257 258 259 270 273 281 282 286 289 306 307 310 321 333 335 336 349 358 365 369 372 414 423 424 427 438 443 449 455 478 483 484 486 487
 234 : 2 23 26 27 29 38 42 44 46 52 61 75 86 87 90 104 111 113 117 119 120 125 126 134 146 150 151 154 159 167 177 183 187 191 213 214 229 239 241 243 254 272 288 292 293 300 301 314 316 319 320 323 324 328 339 341 342 347 350 351 354 359 360 374 375 376 379 387 388 395 420 421 428 431 432 434 435 446 457 458 468 476 481 492 493 496 497
 254 : 7 10 13 20 31 32 33 49 53 54 62 64 81 96 112 129 137 140 142 145 164 172 179 192 195 197 200 202 205 206 211 215 221 225 234 245 252 255 264 275 278 283 291 296 305 312 315 322 325 329 330 331 334 353 356 367 378 380 381 389 394 396 400 407 412 413 425 430 440 444 447 448 451 452 453 460 467 469 473 482 485 494 498
 307 : 0 1 19 28 35 36 37 40 48 51 59 67 69 78 83 84 92 97 114 121 127 133 143 148 152 156 158 166 168 173 182 208 209 212 219 222 224 227 228 231 240 251 256 260 271 274 276 285 290 298 299 308 313 326 332 337 338 343 355 357 362 364 382 385 392 397 399 401 403 422 436 450 461 464 470 488
 384 : 6 8 11 12 18 39 43 47 55 57 58 68 71 77 80 85 88 95 98 103 108 116 118 124 128 130 131 136 138 139 147 162 165 170 180 184 189 196 198 201 204 207 226 232 236 247 253 263 267 268 269 277 279 280 302 317 318 327 344 361 363 366 368 370 371 377 383 386 393 405 406 408 417 426 429 433 437 456 459 462 465 466 472 475 477 479 480 489 491 495
 430 : 3 9 16 17 30 45 56 65 70 73 74 94 99 101 106 107 109 115 123 132 144 161 163 169 171 175 181 185 193 199 203 217 230 237 242 248 249 250 261 262 265 266 284 287 294 295 297 303 304 309 311 340 345 346 348 352 373 384 390 391 398 402 404 409 410 411 415 416 418 419 439 441 442 445 454 463 471 474 490 499
SOLUTION:
  Value: -622447.000000
  Assigns: 435 161 161 254 194 97 194 254 161 97 254 384 384 254 97 97 384 435 384 435 254 97 435 435 97 435 161 97 194 161 194 254 254 254 97 194 194 194 435 384 161 97 254 384 97 435 97 384 254 254 97 384 435 254 254 384 194 384 384 161 97 435 254 97 435 194 194 97 435 194 194 384 194 435 254 435 161 384 97 97 384 254 97 384 435 194 384 97 384 97 194 435 254 97 161 384 254 194 435 254 435 384 97 161 384 97 384 435 435 97 97 194 254 194 254 435 194 161 384 384 435 161 97 161 161 435 384 384 384 435 384 384 435 254 194 97 384 254 384 435 435 161 254 435 161 254 161 384 97 435 194 435 435 194 161 97 435 97 161 254 435 254 384 254 254 384 97 97 435 435 384 161 254 435 97 435 194 161 97 254 194 384 194 254 194 435 97 194 97 384 161 435 254 194 97 254 384 254 384 97 254 384 435 435 384 435 194 384 254 97 194 254 384 194 194 161 194 161 97 194 194 435 384 435 97 254 384 435 435 384 161 254 384 194 435 97 161 384 97 435 97 161 161 194 97 254 97 384 435 194 435 435 435 194 435 194 384 194 97 97 194 161 194 435 254 194 435 384 384 384 97 97 194 97 194 254 435 384 254 161 384 97 97 254 161 435 161 384 384 97 384 161 161 161 97 97 254 194 435 194 161 97 384 161 161 254 194 97 194 161 97 254 254 254 435 435 194 384 384 97 384 161 254 161 194 254 97 384 435 254 254 254 254 435 254 97 194 97 161 254 254 97 435 161 384 161 435 435 254 97 194 435 161 254 254 194 161 254 97 161 161 435 161 161 194 97 384 254 194 97 384 384 97 384 194 194 254 384 435 194 254 254 194 435 435 161 161 97 161 435 254 194 435 384 254 97 254 194 254 194 254 194 384 384 435 384 384 435 384 161 435 161 161 254 97 254 435 161 97 194 161 194 194 97 161 254 161 97 194 194 161 435 435 384 194 254 435 194 97 161 254 161 435 97 254 254 161 161 254 97 435 254 435 254 435 161 384 97 194 384 254 161 384 254 435 384 384 194 194 254 384 161 384 254 194 384 194 384 194 194 384 194 254 97 161 254 97 435 194 161 384 435 254 435 435 384 435 161 194 161 
  Facilities: 6
 97 : 5 9 14 15 21 24 27 34 41 44 46 50 60 63 67 78 79 82 87 89 93 102 105 109 110 122 135 148 155 157 166 167 174 178 186 188 194 199 209 218 224 235 238 240 244 246 258 259 270 271 273 281 282 289 294 295 301 307 310 319 326 335 337 341 349 358 365 369 372 387 395 414 418 423 427 438 443 449 457 483 486
 161 : 1 2 8 26 29 40 59 76 94 103 117 121 123 124 141 144 146 154 158 171 177 190 215 217 230 236 241 242 261 279 284 286 291 292 293 300 303 304 309 321 323 338 343 345 352 356 359 360 362 363 385 386 388 409 411 412 417 420 424 426 430 439 441 446 447 455 461 471 484 489 497 499
 194 : 4 6 28 30 35 36 37 56 65 66 69 70 72 85 90 97 111 113 116 134 150 153 176 180 182 184 187 193 206 210 213 214 216 219 220 233 243 249 253 255 257 260 262 265 272 274 297 299 306 308 316 324 336 350 355 364 368 374 375 379 382 391 397 399 401 419 421 422 428 429 434 437 458 467 468 474 476 478 479 481 488 498
 254 : 3 7 10 13 20 31 32 33 42 48 49 53 54 62 74 81 92 96 99 112 114 133 137 142 145 159 161 163 164 172 179 183 192 195 197 200 208 211 225 231 245 264 275 278 283 296 305 311 312 313 322 325 329 330 331 332 334 339 340 348 353 354 357 367 376 380 381 390 394 396 398 400 413 415 425 435 440 444 445 448 451 453 460 463 469 473 482 485 492
 384 : 11 12 16 18 39 43 47 51 55 57 58 71 77 80 83 86 88 95 101 104 106 118 119 126 127 128 130 131 136 138 147 162 165 170 181 189 196 198 201 204 207 212 222 226 229 232 237 247 256 267 268 269 277 280 287 288 290 302 317 318 320 327 344 366 370 371 373 377 393 402 403 405 406 408 433 456 459 462 465 466 470 472 475 477 480 490 495
 435 : 0 17 19 22 23 25 38 45 52 61 64 68 73 75 84 91 98 100 107 108 115 120 125 129 132 139 140 143 149 151 152 156 160 168 169 173 175 185 191 202 203 205 221 223 227 228 234 239 248 250 251 252 254 263 266 276 285 298 314 315 328 333 342 346 347 351 361 378 383 384 389 392 404 407 410 416 431 432 436 442 450 452 454 464 487 491 493 494 496
SOLUTION:
  Value: -622454.000000
  Assigns: 307 307 234 491 491 384 384 254 384 491 254 384 491 254 254 234 384 234 384 307 491 491 384 234 307 234 234 234 307 234 491 254 254 254 491 307 307 491 234 384 307 307 234 491 234 491 234 384 307 491 307 307 234 254 254 384 491 384 384 307 234 234 254 307 491 491 234 307 384 307 491 384 491 491 234 234 491 384 307 307 384 254 307 307 307 384 234 234 491 491 491 307 491 491 491 384 254 307 384 254 491 491 254 384 234 234 491 254 384 254 307 234 254 234 307 234 384 234 384 234 234 307 384 307 384 234 234 307 384 254 384 384 384 307 234 307 384 254 384 384 254 307 254 307 234 254 234 384 307 491 234 234 307 491 491 491 307 307 307 234 491 254 384 254 254 384 307 234 307 384 384 491 491 307 491 254 384 491 491 254 384 384 491 234 384 491 491 234 491 384 491 491 254 384 491 254 491 491 384 307 254 384 254 234 491 491 491 384 307 307 384 254 307 234 234 254 491 234 307 307 307 254 307 491 307 254 384 307 307 234 491 307 384 491 254 491 491 384 254 491 491 234 491 234 491 254 254 384 307 234 491 307 491 384 234 254 307 234 254 234 307 234 491 384 254 384 234 384 384 384 254 307 491 254 307 254 307 384 254 491 384 384 254 254 384 307 254 491 234 254 307 254 234 234 384 234 254 307 491 307 234 234 491 254 491 254 254 384 307 254 254 254 254 491 234 491 234 384 384 234 234 384 254 234 234 254 307 491 234 254 254 254 491 254 254 307 384 307 307 234 234 234 234 307 384 384 491 234 254 491 234 234 234 254 234 307 491 307 491 234 234 384 307 491 307 254 384 254 491 491 384 384 384 384 234 234 234 384 254 491 254 254 307 384 491 491 384 234 234 254 254 384 307 384 254 491 491 307 254 307 254 307 384 307 307 491 384 254 384 491 491 307 491 254 307 254 307 384 307 491 234 234 307 234 491 254 491 384 234 384 254 234 234 491 234 234 307 384 384 234 254 254 491 234 254 254 234 254 254 254 491 254 254 491 234 307 384 491 234 384 254 307 384 254 307 384 384 254 234 254 307 234 384 254 234 384 234 384 491 384 384 234 254 384 307 254 384 491 307 384 384 384 234 234 491 384 234 234 254 307 
  Facilities: 5
 234 : 2 15 17 23 25 26 27 29 38 42 44 46 52 60 61 66 74 75 86 87 104 105 111 113 115 117 119 120 125 126 134 144 146 150 151 159 167 183 187 203 213 214 217 229 241 243 249 254 257 259 261 266 288 292 293 295 300 301 314 316 319 320 323 324 328 339 340 341 342 347 350 351 352 354 359 360 374 375 376 387 388 420 421 423 428 431 432 434 435 439 443 446 454 458 468 471 474 476 481 492 493 496 497
 254 : 7 10 13 14 31 32 33 53 54 62 81 96 99 102 107 109 112 129 137 140 142 145 161 163 164 175 179 192 195 200 202 211 215 221 225 234 238 245 246 255 258 264 270 273 275 278 282 283 286 289 291 296 303 305 306 309 310 311 312 322 325 329 330 331 333 334 348 353 365 367 378 380 381 389 390 394 398 400 407 413 415 425 430 440 441 444 445 447 448 449 451 452 460 463 467 469 473 482 485 498
 307 : 0 1 19 24 28 35 36 40 41 48 50 51 59 63 67 69 78 79 82 83 84 91 97 110 114 121 123 127 133 135 141 143 148 152 156 157 158 166 168 173 199 208 209 212 218 219 220 222 224 227 228 231 248 251 256 260 271 274 276 285 290 297 299 308 326 335 337 338 343 355 357 362 364 382 392 397 399 401 403 404 411 414 416 418 422 436 455 461 464 470 484 488 499
 384 : 5 6 8 11 16 18 22 39 47 55 57 58 68 71 77 80 85 95 98 103 108 116 118 122 124 128 130 131 132 136 138 139 147 162 165 169 170 176 180 181 184 189 193 198 201 207 210 226 232 237 247 253 263 265 267 268 269 277 280 281 284 294 307 317 318 321 336 344 345 361 366 370 371 372 373 377 383 386 391 393 402 406 408 417 427 429 437 438 456 459 462 465 466 472 475 477 479 480 483 486 489 490 491 495
 491 : 3 4 9 12 20 21 30 34 37 43 45 49 56 64 65 70 72 73 76 88 89 90 92 93 94 100 101 106 149 153 154 155 160 171 172 174 177 178 182 185 186 188 190 191 194 196 197 204 205 206 216 223 230 233 235 236 239 240 242 244 250 252 262 272 279 287 298 302 304 313 315 327 332 346 349 356 358 363 368 369 379 384 385 395 396 405 409 410 412 419 424 426 433 442 450 453 457 478 487 494
SOLUTION:
  Value: -622458.000000
  Assigns: 307 161 161 430 97 97 97 254 161 430 254 254 161 254 97 97 430 430 430 307 254 97 97 234 97 97 161 234 307 161 430 254 254 254 97 307 307 307 234 161 307 97 234 234 234 430 234 307 307 254 97 307 234 254 254 234 430 161 430 161 97 234 254 97 254 430 97 307 161 307 161 430 97 430 430 234 161 307 307 97 307 254 97 307 307 234 234 234 307 97 234 97 307 97 161 307 254 307 161 430 97 430 97 161 234 97 430 430 234 430 97 234 254 234 307 430 97 161 97 234 234 161 97 161 161 234 234 307 430 161 254 234 430 307 234 97 430 254 307 254 254 161 254 307 161 254 234 161 307 97 234 234 307 97 161 97 307 97 161 234 97 430 254 430 254 234 307 234 161 430 254 161 254 307 97 430 97 161 97 254 430 430 307 234 161 430 97 234 97 307 161 234 254 430 97 254 254 254 430 430 254 430 254 430 430 254 254 97 307 307 97 254 307 234 234 161 97 430 97 307 97 254 307 97 307 254 97 307 307 234 430 307 97 97 254 97 161 430 97 234 307 234 430 234 97 254 97 307 430 430 430 307 254 234 234 254 307 97 97 97 307 430 430 307 254 430 430 97 254 234 97 307 234 97 307 254 307 97 254 161 254 97 97 254 430 307 161 430 234 97 307 161 161 161 430 430 254 161 161 307 161 234 97 430 161 254 97 97 307 161 97 430 254 307 234 254 161 307 234 234 234 161 254 234 234 254 307 307 234 254 254 254 307 97 254 97 161 307 307 234 430 234 234 161 161 161 430 234 430 97 234 234 161 254 234 161 161 307 97 161 234 161 307 161 307 97 97 254 161 97 234 97 97 430 234 234 234 307 254 234 254 254 307 307 430 161 161 234 234 161 430 430 307 254 254 234 254 307 430 307 254 307 430 307 430 307 430 254 161 161 430 161 161 254 97 430 430 161 430 430 234 234 307 97 161 254 161 97 234 161 161 234 234 430 234 234 307 430 97 430 254 161 430 97 254 430 161 161 254 97 307 254 254 254 430 161 234 234 234 307 254 161 234 430 307 254 254 254 234 254 307 430 97 254 430 234 161 307 97 307 430 234 254 97 161 254 97 97 307 161 430 254 234 234 254 430 234 234 254 430 
  Facilities: 6
 97 : 4 5 6 14 15 21 22 24 25 34 41 50 60 63 66 72 79 82 89 91 93 100 102 105 110 116 118 122 135 149 153 155 157 160 174 176 178 186 188 194 207 210 216 218 220 223 226 232 233 235 238 244 246 257 258 259 267 270 273 277 281 282 289 302 306 307 310 333 335 349 358 365 366 369 371 372 414 423 427 438 443 449 472 478 483 486 487
 161 : 1 2 8 12 26 29 39 57 59 68 70 76 94 98 103 117 121 123 124 129 141 144 147 154 158 168 171 177 184 190 215 236 279 286 291 292 293 297 298 300 304 309 316 321 336 343 344 345 352 355 356 359 361 363 368 385 386 389 408 409 411 412 417 424 426 429 430 441 446 447 455 461 476 484 489
 234 : 23 27 38 42 43 44 46 52 55 61 75 85 86 87 90 104 108 111 113 119 120 125 126 131 134 146 150 151 159 165 167 183 187 191 213 214 229 239 241 243 253 254 269 272 288 301 314 318 319 320 323 324 328 339 341 342 347 350 351 354 360 370 374 375 376 379 387 388 395 420 421 428 431 432 434 435 456 457 458 462 468 475 481 492 493 496 497
 254 : 7 10 11 13 20 31 32 33 49 53 54 62 64 81 96 112 130 137 139 140 142 145 162 164 170 172 179 192 195 196 197 200 202 205 206 211 221 225 234 245 252 255 264 268 275 278 280 283 296 305 312 315 322 325 329 330 331 334 353 367 378 380 381 393 394 396 400 407 413 425 440 444 448 451 452 453 460 465 466 467 469 473 482 485 491 494 498
 307 : 0 19 28 35 36 37 40 47 48 51 67 69 77 78 80 83 84 88 92 95 97 114 127 133 138 143 148 152 156 166 173 182 189 208 209 212 219 222 224 227 228 231 240 247 251 256 260 263 271 274 276 285 290 299 308 313 317 326 327 332 337 338 357 362 364 377 382 383 392 397 399 401 403 405 422 436 450 459 464 470 477 479 488
 430 : 3 9 16 17 18 30 45 56 58 65 71 73 74 99 101 106 107 109 115 128 132 136 161 163 169 175 180 181 185 193 198 199 201 203 204 217 230 237 242 248 249 250 261 262 265 266 284 287 294 295 303 311 340 346 348 373 384 390 391 398 402 404 406 410 415 416 418 419 433 437 439 442 445 454 463 471 474 480 490 495 499
SOLUTION:
  Value: -622537.000000
  Assigns: 303 194 194 430 194 384 194 430 303 430 211 384 384 194 211 303 430 211 384 435 303 430 303 435 194 435 384 211 194 194 194 194 430 303 435 194 194 303 430 384 211 430 303 384 435 303 211 384 303 303 303 384 211 430 211 384 194 384 384 384 211 211 435 435 211 430 303 430 435 303 194 384 194 430 430 211 194 384 435 435 384 211 211 211 435 194 384 430 384 303 194 435 303 303 430 384 194 194 435 430 435 430 303 384 211 211 430 435 435 430 303 194 384 194 430 435 194 435 384 430 211 435 384 430 211 211 303 211 211 435 384 211 211 303 211 211 384 194 384 435 435 303 211 435 430 211 211 384 211 435 194 303 435 194 384 303 303 194 435 430 211 430 384 430 430 384 211 384 435 430 384 303 430 435 211 435 194 194 430 194 194 303 194 211 194 430 303 194 211 303 211 435 384 430 435 430 384 430 303 430 303 384 435 430 384 435 211 384 303 194 194 194 384 194 194 303 194 430 211 194 303 303 384 211 430 430 384 435 435 303 430 211 303 211 435 303 384 430 211 303 430 303 430 211 435 211 435 384 430 211 435 435 435 194 435 194 303 303 303 384 194 430 430 435 211 194 435 384 384 384 194 435 194 435 194 384 435 384 303 384 384 211 303 430 430 435 211 430 303 435 384 384 435 435 430 430 430 194 435 194 211 303 211 430 303 303 194 211 194 211 303 430 303 211 211 435 194 303 384 303 303 211 211 430 194 211 303 384 435 194 211 211 303 435 194 194 194 430 194 303 430 384 435 194 384 303 303 303 430 384 194 435 430 303 435 194 303 211 211 211 303 435 303 384 194 435 303 384 303 303 384 384 384 430 194 194 430 384 435 194 430 384 303 435 435 194 384 430 211 211 430 211 435 384 435 303 211 194 430 194 435 211 211 211 435 384 303 435 384 211 435 435 384 384 430 430 303 384 303 194 430 194 211 384 435 194 384 384 194 194 303 435 435 384 194 384 435 194 384 430 194 211 430 211 194 430 194 211 303 303 211 194 435 211 430 211 384 194 194 384 384 303 384 430 435 384 384 194 194 303 384 430 384 430 430 384 303 384 194 194 384 194 435 384 303 211 303 435 194 384 430 435 303 435 435 384 303 194 194 430 
  Facilities: 6
 194 : 1 2 4 6 13 24 28 29 30 31 35 36 56 70 72 76 85 90 96 97 111 113 116 137 150 153 157 176 177 179 180 182 184 187 209 210 211 213 214 216 219 253 255 260 265 270 272 274 297 299 306 308 316 324 329 334 335 336 338 343 350 355 364 374 375 379 385 397 399 419 421 425 428 429 434 437 440 444 446 451 457 458 467 468 478 479 481 488 497 498
 211 : 10 14 17 27 40 46 52 54 60 61 64 75 81 82 83 104 105 120 124 125 127 128 131 132 134 135 142 145 146 148 160 166 174 183 188 190 206 218 223 231 233 238 243 245 249 264 281 286 300 302 307 309 313 314 321 322 325 330 331 357 358 359 388 389 391 396 401 402 403 409 422 441 443 447 450 453 455 485
 303 : 0 8 15 20 22 33 37 42 45 48 49 50 66 69 89 92 93 102 110 126 133 141 151 155 156 171 181 186 189 198 200 208 215 220 221 229 232 235 239 241 256 257 258 278 282 288 301 304 305 310 312 317 319 320 326 332 339 345 346 347 353 356 360 362 366 368 369 382 395 406 416 418 430 448 449 461 469 476 484 486 492 496
 384 : 5 11 12 18 26 39 43 47 51 55 57 58 59 71 77 80 86 88 95 103 112 118 122 130 136 138 147 154 162 165 167 170 192 196 201 204 207 212 222 226 236 247 259 267 268 269 275 277 279 280 290 291 318 327 341 344 349 363 367 370 371 372 377 381 386 393 405 408 412 413 417 423 426 427 433 435 438 456 459 460 462 465 466 470 472 475 477 480 483 489 495
 430 : 3 7 9 16 21 32 38 41 53 65 67 73 74 87 94 99 101 106 109 114 119 123 144 159 161 163 164 169 172 178 185 193 195 197 199 203 217 224 225 230 237 240 242 248 261 262 283 284 287 294 295 296 303 311 323 337 340 348 352 373 376 380 387 390 398 414 415 420 439 442 445 454 463 471 473 474 490 499
 435 : 19 23 25 34 44 62 63 68 78 79 84 91 98 100 107 108 115 117 121 129 139 140 143 149 152 158 168 173 175 191 194 202 205 227 228 234 244 246 250 251 252 254 263 266 271 273 276 285 289 292 293 298 315 328 333 342 351 354 361 365 378 383 384 392 394 400 404 407 410 411 424 431 432 436 452 464 482 487 491 493 494
SOLUTION:
  Value: -622727.000000
  Assigns: 303 194 194 384 194 384 194 384 303 194 211 384 384 194 211 303 384 211 384 435 303 384 303 435 194 435 384 211 194 194 194 194 303 303 435 194 194 303 211 384 211 384 303 384 435 303 211 384 303 303 303 384 211 194 211 384 194 384 384 384 211 211 435 435 211 303 303 303 435 303 194 384 194 435 384 211 194 384 435 435 384 211 211 211 435 194 384 435 384 303 194 435 303 303 211 384 194 194 435 211 435 303 303 384 211 211 384 435 435 211 303 194 384 194 194 435 194 435 384 384 211 435 384 194 211 211 303 211 211 435 384 211 211 303 211 211 384 194 384 435 435 303 211 435 211 211 211 384 211 435 194 303 435 194 384 303 303 194 435 211 211 303 384 194 435 384 211 384 435 435 384 303 303 435 211 435 194 194 211 194 194 303 194 211 194 435 303 194 211 303 211 435 384 194 435 211 384 384 303 384 303 384 435 435 384 435 211 384 303 194 194 194 384 194 194 303 194 211 211 194 303 303 384 211 384 303 384 435 435 303 211 211 303 211 435 303 384 211 211 303 194 303 211 211 435 211 435 384 211 211 435 435 435 194 435 194 303 303 303 384 194 194 194 435 211 194 435 384 384 384 194 435 194 435 194 384 435 384 303 384 384 211 303 435 435 435 211 303 303 435 384 384 435 435 435 384 194 194 435 194 211 303 211 194 303 303 194 211 194 211 303 211 303 211 211 435 194 303 384 303 303 211 211 384 194 211 303 384 435 194 211 211 303 435 194 194 194 211 194 303 211 384 435 194 384 303 303 303 384 384 194 435 303 303 435 194 303 211 211 211 303 435 303 384 194 435 303 384 303 303 384 384 384 303 194 194 211 384 435 194 211 384 303 435 435 194 384 384 211 211 303 211 435 384 435 303 211 194 211 194 435 211 211 211 435 384 303 435 384 211 435 435 384 384 211 303 303 384 303 194 303 194 211 384 435 194 384 384 194 194 303 435 435 384 194 384 435 194 384 211 194 211 435 211 194 194 194 211 303 303 211 194 435 211 435 211 384 194 194 384 384 303 384 435 435 384 384 194 194 303 384 303 384 303 194 384 303 384 194 194 384 194 435 384 303 211 303 435 194 384 384 435 303 435 435 384 303 194 194 194 
  Facilities: 5
 194 : 1 2 4 6 9 13 24 28 29 30 31 35 36 53 56 70 72 76 85 90 96 97 111 113 114 116 123 137 150 153 157 163 176 177 179 180 182 184 187 193 209 210 211 213 214 216 219 240 253 255 260 261 262 265 270 272 274 296 297 299 303 306 308 316 324 329 334 335 336 338 343 350 355 364 374 375 379 385 397 399 419 421 425 428 429 434 437 440 444 445 446 451 457 458 467 468 474 478 479 481 488 497 498 499
 211 : 10 14 17 27 38 40 46 52 54 60 61 64 75 81 82 83 94 99 104 105 109 120 124 125 127 128 131 132 134 135 142 144 145 146 148 159 160 166 174 178 183 188 190 195 206 217 218 223 230 231 233 237 238 242 243 245 248 249 264 281 286 300 302 307 309 311 313 314 321 322 325 330 331 337 340 357 358 359 376 380 388 389 391 396 398 401 402 403 409 414 422 439 441 443 447 450 453 455 485
 303 : 0 8 15 20 22 32 33 37 42 45 48 49 50 65 66 67 69 89 92 93 101 102 110 126 133 141 151 155 156 161 171 172 181 186 189 198 200 208 215 220 221 225 229 232 235 239 241 256 257 258 278 282 287 288 301 304 305 310 312 317 319 320 326 332 339 345 346 347 352 353 356 360 362 366 368 369 373 382 390 395 406 415 416 418 420 430 448 449 461 469 471 473 476 484 486 492 496
 384 : 3 5 7 11 12 16 18 21 26 39 41 43 47 51 55 57 58 59 71 74 77 80 86 88 95 103 106 112 118 119 122 130 136 138 147 154 162 165 167 170 192 196 197 199 201 204 207 212 222 224 226 236 247 259 267 268 269 275 277 279 280 290 291 295 318 323 327 341 344 348 349 363 367 370 371 372 377 381 386 387 393 405 408 412 413 417 423 426 427 433 435 438 456 459 460 462 465 466 470 472 475 477 480 483 489 490 495
 435 : 19 23 25 34 44 62 63 68 73 78 79 84 87 91 98 100 107 108 115 117 121 129 139 140 143 149 152 158 164 168 169 173 175 185 191 194 202 203 205 227 228 234 244 246 250 251 252 254 263 266 271 273 276 283 284 285 289 292 293 294 298 315 328 333 342 351 354 361 365 378 383 384 392 394 400 404 407 410 411 424 431 432 436 442 452 454 463 464 482 487 491 493 494
SOLUTION:
  Value: -622730.000000
  Assigns: 244 307 244 430 97 97 97 430 97 430 244 244 244 97 97 97 430 430 430 77 244 97 97 307 97 97 244 77 77 244 430 77 307 244 97 307 244 307 430 244 307 97 97 244 97 430 77 77 307 77 97 307 244 430 244 77 430 77 244 307 97 244 97 244 244 430 97 307 77 244 430 430 97 430 430 244 244 307 307 244 307 244 97 244 307 244 307 97 307 97 77 97 244 97 77 307 77 244 244 430 97 430 97 307 244 97 430 430 244 430 97 97 430 77 307 430 244 430 97 244 77 77 77 430 97 307 244 77 77 244 430 244 430 307 244 97 77 244 307 244 244 97 430 307 430 307 77 430 307 97 307 77 307 97 97 97 307 97 307 430 97 430 97 430 430 77 307 97 77 77 244 430 77 307 97 430 97 307 97 77 77 430 77 307 77 430 97 307 244 307 77 244 77 430 97 97 307 307 430 430 244 430 77 430 244 244 97 97 307 307 97 97 307 77 77 244 244 244 97 307 97 77 307 97 244 430 97 307 77 244 430 307 77 244 97 97 244 244 97 244 307 244 430 77 97 77 97 77 430 77 77 244 77 244 430 244 307 244 97 97 307 430 430 244 244 430 244 97 77 77 97 307 77 97 307 244 307 244 97 430 77 97 97 430 430 244 244 430 244 244 307 307 307 77 430 430 430 77 307 307 307 97 97 430 430 244 244 77 307 430 97 430 97 307 77 307 97 307 244 77 244 244 244 97 244 307 307 244 97 307 97 244 77 244 244 97 97 307 307 244 430 244 97 307 77 77 430 97 430 77 244 244 430 307 244 244 430 307 97 244 244 430 244 97 244 97 244 97 77 77 77 97 97 430 97 244 430 307 97 430 77 244 307 307 77 244 77 244 244 244 430 430 307 307 430 244 77 307 430 307 307 307 430 307 430 244 77 244 97 430 77 430 77 77 97 430 77 244 430 430 307 97 307 97 97 97 430 97 430 77 77 244 244 430 77 244 307 77 97 244 77 430 430 97 244 430 77 244 307 97 307 97 244 307 430 97 77 97 244 307 77 307 244 430 307 430 307 244 244 97 307 430 244 307 244 77 307 244 97 307 430 77 430 97 244 77 97 77 307 77 430 244 430 77 307 430 430 97 244 430 
  Facilities: 5
 77 : 19 27 28 31 46 47 49 55 57 68 90 94 96 113 120 121 122 127 128 136 146 151 165 168 169 172 179 180 182 184 190 192 202 213 214 221 228 232 243 245 247 249 250 252 268 269 272 280 293 297 307 314 319 332 344 345 349 368 369 370 380 384 386 396 406 410 412 413 416 429 430 434 437 440 446 456 460 475 481 485 487 489 493
 97 : 4 5 6 8 13 14 15 21 22 24 25 34 41 42 44 50 60 62 66 72 82 87 89 91 93 100 102 105 110 111 118 124 135 141 149 153 154 155 157 160 162 167 174 176 178 186 194 195 206 207 210 211 218 220 223 226 234 235 238 244 246 258 259 267 270 273 278 281 282 301 302 310 312 316 323 328 330 335 336 342 347 358 363 365 367 371 372 374 378 408 414 421 423 424 425 427 438 443 449 451 455 457 469 478 483 486 497
 244 : 0 2 10 11 12 20 26 29 33 36 39 43 52 54 58 61 63 64 69 75 76 79 81 83 85 92 97 98 104 108 116 119 126 129 131 134 137 139 140 170 188 191 200 204 205 215 216 217 224 229 233 236 237 239 241 251 253 255 257 263 264 266 275 277 285 286 288 289 305 306 318 320 321 322 324 327 331 333 334 339 341 350 351 354 355 359 360 362 364 366 375 381 385 387 388 389 395 405 407 417 431 432 435 439 444 447 452 458 462 467 468 472 474 477 484 491 498
 307 : 1 23 32 35 37 40 48 51 59 67 77 78 80 84 86 88 95 103 114 125 133 138 143 145 148 150 152 156 158 166 173 177 183 187 189 196 197 208 209 212 219 222 227 231 240 256 260 271 274 276 290 291 292 298 299 300 308 313 315 317 325 326 329 337 338 343 353 357 377 382 383 392 393 397 399 400 401 403 420 422 436 448 450 453 459 461 464 466 470 473 476 479 488 494
 430 : 3 7 9 16 17 18 30 38 45 53 56 65 70 71 73 74 99 101 106 107 109 112 115 117 123 130 132 142 144 147 159 161 163 164 171 175 181 185 193 198 199 201 203 225 230 242 248 254 261 262 265 279 283 284 287 294 295 296 303 304 309 311 340 346 348 352 356 361 373 376 379 390 391 394 398 402 404 409 411 415 418 419 426 428 433 441 442 445 454 463 465 471 480 482 490 492 495 496 499
