# Time: 546.679993
# Elapsed: 321.918732
# Input_file: splp/KoerkelGhosh-sym/500/c/gs500c-2
# Pool_size: 400
# Iterations: 8
# Final_solutions: 2447
# Vision_range: 600
# Reduction_mode: REDUCTION_DISPERSE
# Dissimilitude: DISSIM_HAUSDORFF
# Facility_dist: FDISMODE_SUMOFDELTAS
SOLUTION:
  Value: -620434.000000
  Assigns: 69 69 494 423 423 438 69 438 285 423 423 285 69 494 285 494 494 69 438 423 494 423 438 285 285 438 438 285 494 494 423 494 494 423 423 438 423 438 494 494 423 438 423 69 69 69 285 285 423 285 423 69 69 423 69 494 438 285 423 285 438 69 69 69 69 438 285 285 285 423 494 69 285 69 285 285 494 438 438 285 69 285 423 494 285 285 494 285 69 494 69 285 285 69 494 438 494 285 285 423 438 69 438 494 423 438 285 285 423 494 285 494 423 438 285 438 438 423 438 285 423 494 69 423 285 69 494 494 494 438 423 494 423 285 285 285 438 438 423 438 438 285 438 494 438 494 438 438 494 69 285 494 494 285 438 438 494 494 423 423 494 423 423 69 69 438 494 285 285 423 438 494 69 69 423 438 438 69 423 423 285 69 423 494 285 423 285 69 494 423 494 494 494 438 423 285 423 69 423 438 285 69 69 69 69 423 285 494 285 69 69 438 438 423 423 438 438 285 423 69 69 438 423 438 423 423 285 494 69 423 494 285 423 69 285 438 285 438 285 423 69 423 438 69 69 438 423 423 69 494 285 285 438 285 285 69 69 494 494 438 69 494 423 69 69 69 438 494 438 494 285 423 438 494 494 438 69 438 69 438 285 69 438 494 285 438 494 494 285 494 69 285 69 438 285 423 423 423 69 438 438 494 423 423 438 423 438 438 438 438 423 423 69 438 438 438 423 69 423 438 285 285 423 438 438 438 494 69 285 69 494 285 423 438 438 494 423 494 494 285 69 438 423 285 438 69 69 423 494 438 494 423 285 69 438 438 69 285 494 69 494 438 69 69 69 423 285 69 438 423 423 69 438 494 285 423 423 423 69 438 423 423 285 423 69 438 69 494 285 423 69 423 438 285 494 285 69 69 423 285 423 494 423 438 69 494 494 438 69 494 69 494 494 69 69 285 285 423 423 423 423 494 423 494 438 69 438 285 423 69 69 285 438 285 285 438 423 423 285 69 423 69 285 494 423 69 285 438 69 438 438 438 285 285 423 494 423 69 423 285 494 423 494 438 423 494 494 423 285 494 423 69 285 438 494 438 69 423 438 494 438 494 285 494 69 285 494 438 69 423 438 423 494 69 423 285 438 69 69 423 
  Facilities: 5
 69 : 0 1 6 12 17 43 44 45 51 52 54 61 62 63 64 71 73 80 88 90 93 101 122 125 149 163 164 172 173 177 181 187 197 201 202 203 204 209 210 219 220 228 233 240 243 244 248 255 256 260 263 264 265 276 278 281 290 292 298 312 317 327 329 340 345 346 353 356 359 362 363 364 367 371 378 384 386 390 396 397 404 408 410 413 414 425 429 430 439 441 445 448 457 471 476 484 488 493 497 498
 285 : 8 11 14 23 24 27 46 47 49 57 59 66 67 68 72 74 75 79 81 84 85 87 91 92 97 98 106 107 110 114 119 124 133 134 135 141 150 153 167 168 180 184 186 195 200 206 208 217 226 231 234 236 238 250 251 253 254 270 280 284 288 291 294 320 321 328 331 339 343 352 357 366 374 382 388 393 395 399 415 416 427 431 433 434 438 442 446 452 453 459 468 472 482 485 495
 423 : 3 4 9 10 19 21 30 33 34 36 40 42 48 50 53 58 69 82 99 104 108 112 117 120 123 130 132 138 158 159 161 162 169 174 178 179 182 185 189 194 196 198 205 213 214 218 222 224 225 229 232 239 241 246 247 262 271 295 296 297 302 303 305 310 311 316 318 322 332 336 342 347 351 365 369 370 375 376 377 380 381 383 389 391 398 400 402 417 418 419 420 422 428 436 437 440 444 454 456 458 461 464 467 470 477 489 491 494 499
 438 : 5 7 18 22 25 26 35 37 41 56 60 65 77 78 95 100 102 105 113 115 116 118 129 136 137 139 140 142 144 146 147 154 155 165 170 175 176 193 199 211 212 215 216 221 223 235 237 242 245 252 259 266 268 272 275 277 279 282 285 293 299 300 304 306 307 308 309 313 314 315 319 323 324 325 333 334 341 344 349 354 355 361 368 372 379 385 392 403 407 424 426 432 435 447 449 450 451 463 473 475 478 480 487 490 496
 494 : 2 13 15 16 20 28 29 31 32 38 39 55 70 76 83 86 89 94 96 103 109 111 121 126 127 128 131 143 145 148 151 152 156 157 160 166 171 183 188 190 191 192 207 227 230 249 257 258 261 267 269 273 274 283 286 287 289 301 326 330 335 337 338 348 350 358 360 373 387 394 401 405 406 409 411 412 421 423 443 455 460 462 465 466 469 474 479 481 483 486 492
SOLUTION:
  Value: -620944.000000
  Assigns: 69 69 494 423 423 438 337 438 69 337 423 337 69 494 337 494 494 69 438 423 494 423 438 337 337 438 337 337 494 494 423 494 494 423 423 337 423 337 494 494 423 438 423 69 69 69 494 337 337 337 337 69 69 337 69 494 438 438 337 337 438 69 69 69 69 438 337 438 423 423 494 69 438 69 423 337 494 438 438 337 69 423 423 337 438 438 494 423 337 494 69 494 438 69 494 438 494 69 423 423 438 69 337 337 423 438 494 423 423 494 337 494 423 438 423 438 438 423 438 337 423 494 69 423 438 69 494 494 494 438 423 337 423 337 337 337 438 438 337 438 438 438 337 337 438 494 438 438 494 69 337 494 494 438 438 438 494 494 423 423 494 423 423 69 69 438 494 494 494 423 438 494 69 337 337 438 438 69 337 337 337 69 423 337 337 423 494 69 494 337 494 494 494 438 423 337 423 69 423 438 337 69 69 69 69 423 337 494 423 337 69 337 337 423 423 438 438 494 423 69 69 438 337 438 337 423 337 494 69 423 494 69 423 69 337 438 423 438 69 423 69 423 438 69 69 438 423 423 69 494 438 494 438 438 494 69 337 494 494 438 69 494 337 69 337 69 438 494 438 494 69 423 438 494 494 438 69 438 69 337 337 69 438 494 494 438 494 494 337 494 69 423 69 337 438 423 423 423 69 438 438 337 423 337 438 423 438 438 438 438 423 423 69 438 438 438 423 69 337 438 438 438 423 438 438 337 494 69 438 69 494 337 423 438 438 494 423 494 494 423 69 438 423 494 438 69 69 423 494 438 337 423 423 69 438 438 69 69 494 69 337 438 69 337 69 337 438 69 438 423 423 69 337 494 337 423 337 423 69 438 423 423 438 423 69 337 69 337 69 423 69 423 438 494 494 423 69 337 337 337 423 337 423 438 69 337 337 337 69 494 69 494 494 69 69 337 438 423 423 337 337 494 337 494 438 69 438 337 423 69 69 69 438 337 69 337 423 423 438 69 423 69 337 494 423 69 69 438 69 438 438 438 69 423 423 494 337 69 337 423 494 423 494 438 423 494 494 423 494 494 423 69 337 438 494 438 337 423 438 494 438 494 423 494 69 337 494 438 69 423 438 423 494 69 337 337 438 337 69 423 
  Facilities: 5
 69 : 0 1 8 12 17 43 44 45 51 52 54 61 62 63 64 71 73 80 90 93 97 101 122 125 149 163 164 172 177 181 187 197 201 202 203 204 210 219 220 228 231 233 238 240 243 244 248 255 260 263 265 270 276 278 281 290 292 298 312 317 327 329 340 345 346 353 356 357 359 362 364 367 371 378 384 386 388 390 396 404 408 410 413 414 425 429 430 431 434 439 441 445 446 448 452 457 471 484 488 493 498
 337 : 6 9 11 14 23 24 26 27 35 37 47 48 49 50 53 58 59 66 75 79 83 88 102 103 110 119 131 133 134 135 138 142 143 150 173 174 178 179 180 183 184 189 195 200 206 209 211 212 222 224 226 234 256 262 264 279 280 288 293 301 303 318 325 331 350 360 363 365 372 374 376 385 387 397 398 399 401 405 406 407 415 419 420 422 427 433 435 442 456 458 472 476 485 494 495 497
 423 : 3 4 10 19 21 30 33 34 36 40 42 68 69 74 81 82 87 98 99 104 107 108 112 114 117 120 123 130 132 158 159 161 162 169 182 185 194 196 198 205 208 213 214 218 225 229 232 236 239 241 246 247 271 291 295 296 297 302 305 310 311 316 322 332 336 339 342 347 351 352 369 370 375 377 380 381 383 389 391 395 400 402 417 418 428 436 437 440 444 453 454 459 461 464 467 470 477 482 489 491 499
 438 : 5 7 18 22 25 41 56 57 60 65 67 72 77 78 84 85 92 95 100 105 113 115 116 118 124 129 136 137 139 140 141 144 146 147 153 154 155 165 170 175 176 193 199 215 216 221 223 235 237 242 245 250 252 253 259 266 268 272 275 277 282 285 294 299 300 304 306 307 308 309 313 314 315 319 320 321 323 324 328 333 334 341 344 349 354 355 361 366 368 379 382 392 403 416 424 426 432 438 447 449 450 451 463 473 475 478 480 487 490 496
 494 : 2 13 15 16 20 28 29 31 32 38 39 46 55 70 76 86 89 91 94 96 106 109 111 121 126 127 128 145 148 151 152 156 157 160 166 167 168 171 186 188 190 191 192 207 217 227 230 249 251 254 257 258 261 267 269 273 274 283 284 286 287 289 326 330 335 337 338 343 348 358 373 393 394 409 411 412 421 423 443 455 460 462 465 466 468 469 474 479 481 483 486 492
SOLUTION:
  Value: -621019.000000
  Assigns: 69 69 185 423 423 438 185 438 69 423 423 185 69 336 336 423 336 69 185 423 336 185 438 69 336 438 336 185 185 438 185 438 423 423 423 336 423 438 185 336 185 438 423 69 69 69 336 336 423 69 336 69 69 423 69 336 438 438 423 185 438 69 336 69 336 438 185 185 423 336 69 69 438 69 336 336 336 438 438 185 69 423 423 438 336 336 69 423 69 185 336 185 438 69 423 438 438 69 423 423 438 69 438 336 423 185 438 336 423 336 185 185 423 438 336 438 438 423 438 69 423 336 69 423 438 69 438 185 423 438 423 185 423 336 185 423 438 438 423 438 438 438 336 185 438 438 438 438 438 69 185 69 438 336 438 438 185 69 423 423 69 423 423 69 69 438 336 438 336 423 438 69 69 69 423 438 185 185 423 336 185 69 423 185 336 423 336 69 185 423 423 69 69 438 423 185 423 69 423 438 438 69 69 69 336 423 185 69 423 185 69 438 438 336 336 438 438 185 423 336 69 438 185 438 185 423 336 423 69 423 336 69 423 69 336 438 423 438 69 423 69 423 185 69 69 438 423 336 69 336 438 336 438 336 185 185 69 69 336 438 69 69 185 336 336 69 438 336 438 69 185 423 438 69 336 185 69 336 185 438 336 336 185 423 69 336 69 69 336 185 69 423 69 438 438 423 423 423 69 438 438 438 423 423 438 423 438 185 336 438 185 185 69 438 438 438 185 336 336 438 438 438 423 438 438 438 438 69 185 69 69 336 336 185 438 185 423 185 185 423 69 336 423 336 438 185 185 423 336 438 69 423 185 69 185 438 69 69 185 69 185 185 69 69 69 423 185 69 438 423 423 69 336 336 438 423 423 336 185 185 423 423 438 423 69 438 185 336 185 423 69 185 438 423 185 423 69 336 423 438 423 438 423 438 69 185 185 438 69 423 69 185 185 69 336 185 438 185 336 185 185 336 336 185 185 69 438 336 423 69 69 185 438 185 69 185 336 423 438 185 423 69 438 336 423 69 69 438 69 185 185 336 69 423 423 185 336 69 185 423 438 423 185 438 423 185 336 423 336 185 185 69 336 438 69 438 185 423 438 336 336 336 185 185 69 336 185 438 336 423 438 423 336 69 185 336 438 69 69 423 
  Facilities: 5
 69 : 0 1 8 12 17 23 43 44 45 49 51 52 54 61 63 70 71 73 80 86 88 93 97 101 119 122 125 149 151 157 160 163 164 171 172 173 181 187 191 192 197 201 202 203 207 210 220 228 231 233 238 240 243 244 248 256 257 260 261 265 269 273 276 284 286 287 290 292 298 312 327 329 330 340 350 353 356 357 359 362 363 364 367 371 384 390 396 404 408 410 413 425 429 430 434 441 445 446 448 452 457 471 474 484 493 497 498
 185 : 2 6 11 18 21 27 28 30 38 40 59 66 67 79 89 91 105 110 111 127 131 134 143 150 156 176 177 180 183 188 195 206 209 217 222 224 242 254 255 262 270 275 278 282 289 307 310 311 316 328 333 335 337 338 345 346 352 354 358 360 361 366 378 379 386 388 391 394 405 406 411 412 415 417 419 420 423 424 431 433 435 439 449 450 455 458 462 465 469 470 476 482 483 486 494
 336 : 13 14 16 20 24 26 35 39 46 47 50 55 62 64 69 74 75 76 84 85 90 103 107 109 114 121 133 142 153 166 168 179 184 186 204 213 214 219 226 230 234 247 249 251 253 258 263 264 267 274 277 280 281 285 288 308 317 318 331 332 341 343 348 372 373 377 387 397 414 418 421 422 427 436 443 451 456 466 468 472 479 480 481 485 488 492 495
 423 : 3 4 9 10 15 19 32 33 34 36 42 48 53 58 68 81 82 87 94 98 99 104 108 112 117 120 123 128 130 132 135 138 158 159 161 162 169 174 178 182 185 189 190 194 196 198 205 208 218 225 227 229 232 236 239 241 246 271 283 291 295 296 297 302 303 305 322 336 339 342 347 351 365 369 370 375 376 380 381 383 389 393 395 398 400 402 409 428 437 440 444 453 454 459 461 464 467 477 489 491 499
 438 : 5 7 22 25 29 31 37 41 56 57 60 65 72 77 78 83 92 95 96 100 102 106 113 115 116 118 124 126 129 136 137 139 140 141 144 145 146 147 148 152 154 155 165 167 170 175 193 199 200 211 212 215 216 221 223 235 237 245 250 252 259 266 268 272 279 293 294 299 300 301 304 306 309 313 314 315 319 320 321 323 324 325 326 334 344 349 355 368 374 382 385 392 399 401 403 407 416 426 432 438 442 447 460 463 473 475 478 487 490 496
SOLUTION:
  Value: -621203.000000
  Assigns: 69 61 61 423 423 438 61 438 69 337 423 337 69 337 337 423 438 69 438 114 114 423 438 337 61 438 114 61 61 438 423 438 114 423 114 114 423 337 114 61 423 114 423 69 69 69 114 337 337 337 337 69 69 337 69 114 61 438 337 337 438 114 69 69 69 438 114 438 61 61 61 69 61 69 423 114 423 61 438 337 69 423 61 337 438 61 69 423 337 69 69 114 438 61 423 438 61 69 423 423 438 69 114 337 423 114 438 114 423 114 337 61 61 438 61 438 438 423 114 337 114 438 114 423 438 69 114 61 114 438 114 337 423 337 61 114 438 438 114 438 438 438 337 337 438 337 438 438 114 69 337 69 438 114 438 438 114 61 423 423 114 61 423 69 69 438 423 61 423 423 438 337 69 337 337 438 114 61 337 61 337 69 423 337 337 423 114 69 337 337 114 69 69 438 423 337 423 61 114 438 114 69 69 114 114 423 337 69 423 337 69 337 337 423 423 438 438 114 114 69 69 438 337 438 337 423 337 423 69 423 423 69 423 61 337 61 423 438 114 423 69 423 438 69 69 438 423 114 69 114 114 61 438 114 61 61 337 61 114 438 69 69 337 61 337 69 438 337 438 114 114 423 438 69 438 61 69 438 69 337 114 61 438 423 337 114 69 69 114 114 69 114 61 61 438 423 423 423 69 438 61 337 423 337 438 423 438 438 438 438 61 423 61 114 438 438 423 69 61 114 61 61 423 438 438 337 438 69 114 114 69 337 61 438 438 114 423 114 61 423 69 438 423 114 438 69 69 423 114 438 337 423 61 61 438 438 69 61 337 69 337 61 69 337 69 337 438 69 438 423 423 69 337 61 337 423 337 61 69 114 423 423 438 423 69 337 61 337 61 423 69 423 114 423 337 114 61 337 337 337 423 337 423 438 69 61 61 61 69 337 69 337 114 69 114 61 114 423 423 337 337 114 337 114 438 69 438 114 423 69 69 114 438 337 69 337 423 423 438 61 423 69 337 114 423 61 69 438 69 438 438 438 114 423 423 69 337 61 337 423 438 423 61 61 423 61 438 423 114 61 423 69 337 61 69 438 61 114 114 337 438 114 114 438 69 337 61 438 69 423 438 423 438 69 337 61 438 337 69 423 
  Facilities: 6
 61 : 1 2 6 24 27 28 39 56 68 69 70 72 77 82 85 93 96 111 112 114 127 134 157 161 167 177 179 197 233 235 251 254 255 257 263 275 281 292 293 300 310 312 318 320 321 332 338 352 353 357 361 373 377 386 388 396 405 406 407 415 439 445 457 462 463 465 469 473 476 486 495
 69 : 0 8 12 17 43 44 45 51 52 54 62 63 64 71 73 80 86 89 90 97 101 125 149 151 163 164 172 181 187 191 192 201 202 207 210 219 220 228 231 240 243 244 248 260 261 265 273 276 278 286 287 290 298 317 327 330 340 345 346 356 359 362 364 367 371 378 384 390 404 408 410 413 425 429 430 434 441 446 448 455 471 474 484 488 493 498
 114 : 19 20 26 32 34 35 38 41 46 55 61 66 75 91 102 105 107 109 118 120 122 126 128 130 135 138 148 153 156 160 176 186 190 198 200 203 204 217 218 238 247 249 250 253 258 269 270 280 285 288 289 291 313 319 328 329 335 337 343 348 379 392 395 412 414 416 421 423 427 431 443 452 468 477 478 481 482
 337 : 9 11 13 14 23 37 47 48 49 50 53 58 59 79 83 88 103 110 119 131 133 142 143 145 150 171 173 174 178 180 183 184 188 189 195 206 209 211 212 222 224 226 234 256 262 264 267 279 284 301 303 325 331 350 358 360 363 365 372 374 376 385 387 394 397 398 399 401 409 411 419 420 422 433 435 442 456 458 472 479 485 494 497
 423 : 3 4 10 15 21 30 33 36 40 42 74 76 81 87 94 98 99 104 108 117 123 132 158 159 162 166 168 169 182 185 194 196 205 208 213 214 225 227 229 230 232 236 239 241 246 271 283 295 296 297 302 305 311 316 322 336 339 342 347 351 369 370 375 380 381 383 389 391 393 400 402 417 418 428 436 437 440 444 453 454 459 461 464 467 470 489 491 499
 438 : 5 7 16 18 22 25 29 31 57 60 65 67 78 84 92 95 100 106 113 115 116 121 124 129 136 137 139 140 141 144 146 147 152 154 155 165 170 175 193 199 215 216 221 223 237 242 245 252 259 266 268 272 274 277 282 294 299 304 306 307 308 309 314 315 323 324 326 333 334 341 344 349 354 355 366 368 382 403 424 426 432 438 447 449 450 451 460 466 475 480 483 487 490 492 496
SOLUTION:
  Value: -621270.000000
  Assigns: 69 69 174 50 69 438 69 438 69 50 438 184 69 184 184 174 184 69 50 50 50 174 438 69 438 438 50 50 174 50 184 50 50 50 184 184 50 438 438 174 184 50 69 69 69 69 174 184 50 184 174 69 69 174 184 174 50 174 184 184 438 69 69 174 50 438 50 184 438 174 50 69 184 69 174 174 184 438 438 50 69 184 174 438 438 50 69 184 50 184 69 50 438 69 50 438 438 69 50 69 438 69 438 174 50 438 438 438 174 50 438 174 184 438 184 438 438 50 438 184 438 184 69 50 438 184 438 184 50 438 174 174 174 184 174 438 438 438 50 438 50 50 174 69 50 174 438 438 174 50 50 69 438 50 184 438 174 50 69 184 184 50 438 69 69 438 184 438 438 174 438 69 69 69 50 50 50 174 174 184 50 69 69 50 174 69 50 69 174 174 50 174 69 438 69 184 69 69 184 438 174 69 69 184 174 50 50 69 50 69 69 50 438 50 184 438 438 438 50 69 69 438 174 174 184 50 184 174 69 184 174 69 50 184 50 174 69 438 184 50 69 50 438 69 69 174 174 184 69 184 438 174 438 50 50 69 69 69 50 438 174 69 184 69 50 69 438 184 438 69 174 184 438 184 438 50 69 438 69 438 50 69 174 184 174 438 69 69 184 50 69 69 69 438 50 174 438 174 69 50 438 438 174 50 438 50 438 50 184 438 184 50 69 50 174 438 184 50 50 438 174 184 50 184 50 50 438 184 438 174 69 184 184 438 438 184 50 174 174 50 69 438 50 50 438 69 69 438 50 438 50 50 184 69 174 438 69 50 50 50 184 184 69 69 69 174 438 69 174 50 174 69 438 184 174 50 174 50 69 438 50 184 50 184 69 438 174 184 184 69 50 50 184 174 174 69 174 50 174 50 184 174 438 438 69 184 69 174 69 184 69 69 174 69 69 69 174 69 438 50 184 50 438 174 438 69 438 184 174 69 69 50 438 174 174 50 184 438 174 69 174 69 438 50 184 174 69 438 69 184 438 50 174 184 184 69 174 69 174 50 438 50 438 438 69 50 184 174 50 50 438 69 174 438 69 438 69 174 50 50 438 50 174 438 50 50 69 438 69 50 438 69 438 69 438 184 438 69 69 174 
  Facilities: 5
 50 : 3 9 18 19 20 26 27 29 31 32 33 36 41 48 56 64 66 70 79 85 88 91 94 98 104 109 117 123 128 138 140 141 144 149 150 153 157 161 174 175 176 180 183 186 190 205 206 208 211 213 218 225 232 234 239 241 253 254 258 264 275 280 289 294 299 303 305 307 311 313 317 318 322 324 325 336 339 342 343 348 350 351 357 358 359 369 375 377 380 382 390 391 397 399 419 421 431 435 443 451 459 461 465 468 469 478 479 481 484 485 489
 69 : 0 1 4 6 8 12 17 23 42 43 44 45 51 52 61 62 71 73 80 86 90 93 97 99 101 122 143 151 158 163 164 171 172 173 181 182 185 187 192 194 196 197 201 202 207 209 210 219 220 228 231 236 240 243 244 248 255 256 257 261 263 265 269 276 278 281 286 287 290 291 292 298 312 330 340 345 346 353 356 362 363 364 367 371 378 384 389 395 404 406 408 410 411 413 414 415 417 425 429 430 439 441 446 448 455 457 464 471 474 476 486 488 491 493 497 498
 174 : 2 15 21 28 39 46 50 53 55 57 63 69 74 75 82 103 108 111 130 131 132 134 142 145 148 156 169 177 178 184 188 189 191 200 204 222 223 227 230 235 245 246 251 260 270 282 284 295 297 302 314 320 329 337 338 354 365 368 370 374 376 386 393 394 396 398 401 407 412 416 423 428 433 434 438 440 445 452 456 458 467 472 477 482 499
 184 : 11 13 14 16 30 34 35 40 47 49 54 58 59 67 72 76 81 87 89 112 114 119 121 125 127 133 154 159 160 166 179 195 198 203 214 224 226 229 233 238 247 249 262 267 271 273 283 288 308 310 316 321 323 327 331 332 335 352 360 361 373 381 383 387 388 392 400 405 409 420 427 436 444 449 453 454 466 495
 438 : 5 7 10 22 24 25 37 38 60 65 68 77 78 83 84 92 95 96 100 102 105 106 107 110 113 115 116 118 120 124 126 129 135 136 137 139 146 147 152 155 162 165 167 168 170 193 199 212 215 216 217 221 237 242 250 252 259 266 268 272 274 277 279 285 293 296 300 301 304 306 309 315 319 326 328 333 334 341 344 347 349 355 366 372 379 385 402 403 418 422 424 426 432 437 442 447 450 460 462 463 470 473 475 480 483 487 490 492 494 496
SOLUTION:
  Value: -621416.000000
  Assigns: 69 61 61 423 423 438 61 438 285 423 423 285 69 438 285 423 438 69 438 423 61 423 438 285 61 438 438 61 61 438 423 438 285 423 423 438 423 438 438 61 423 61 423 69 69 69 285 285 423 285 423 69 69 61 69 285 61 285 423 285 438 69 69 69 69 438 61 285 61 61 61 69 61 69 285 285 285 61 438 285 69 285 61 438 285 285 69 285 69 69 69 285 285 61 423 438 61 285 285 423 438 69 438 69 423 438 285 285 423 61 285 61 61 438 61 438 438 423 438 285 423 285 69 423 285 69 438 61 423 438 423 69 423 285 61 285 438 438 423 438 438 285 438 61 438 438 438 438 438 69 285 69 438 285 438 438 438 61 423 423 69 61 423 69 69 438 423 285 285 423 438 69 69 69 423 438 61 61 423 61 285 69 423 285 61 423 285 69 285 61 423 69 69 438 423 285 423 61 423 438 285 69 69 69 69 423 285 69 285 69 69 438 438 423 423 438 438 285 423 69 69 438 61 438 61 423 285 423 69 423 423 285 423 61 285 61 285 438 285 423 69 423 438 69 69 438 423 61 69 423 285 285 438 285 285 61 69 61 438 438 69 69 423 61 69 69 438 61 438 285 285 423 438 69 438 61 69 438 69 438 61 61 438 423 285 438 69 69 285 61 69 285 61 61 285 423 423 423 69 438 61 438 423 423 438 423 438 438 438 438 61 423 61 438 438 438 423 69 61 438 285 61 423 438 438 438 438 69 285 69 69 285 61 438 438 438 423 69 61 285 69 438 423 285 438 69 69 423 423 438 69 423 61 61 438 438 69 61 423 69 61 61 69 69 69 61 285 69 438 423 423 69 438 61 285 423 423 61 69 438 423 423 285 423 69 438 61 285 285 423 69 423 438 285 423 285 61 69 423 285 423 438 423 438 69 61 61 61 69 423 69 61 423 69 69 285 285 423 423 61 423 423 61 69 438 69 438 285 423 69 69 285 438 285 285 61 423 423 285 61 423 69 285 438 423 61 285 438 69 438 438 438 285 285 423 285 423 61 423 285 438 423 61 61 423 61 285 423 285 61 423 69 285 61 69 438 61 423 438 285 438 69 285 438 69 285 61 438 69 423 438 423 438 69 423 285 438 69 69 423 
  Facilities: 5
 61 : 1 2 6 20 24 27 28 39 41 53 56 66 68 69 70 72 77 82 93 96 109 111 112 114 127 134 143 157 161 176 177 179 184 189 197 222 224 233 235 247 255 257 263 267 275 280 281 289 292 293 300 310 312 318 321 332 338 352 353 357 360 361 365 373 377 386 396 405 406 407 411 419 422 435 439 445 457 462 463 465 469 473 476 486
 69 : 0 12 17 43 44 45 51 52 54 61 62 63 64 71 73 80 86 88 89 90 101 103 122 125 131 149 151 160 163 164 171 172 173 181 187 191 192 201 202 203 204 207 209 210 219 220 228 240 243 244 248 256 260 261 264 265 273 276 278 286 287 290 298 317 327 329 330 337 340 345 346 350 356 359 362 363 364 367 371 378 384 390 397 404 408 410 413 414 423 425 429 430 441 448 471 474 481 484 488 493 497 498
 285 : 8 11 14 23 32 46 47 49 55 57 59 67 74 75 76 79 81 84 85 87 91 92 97 98 106 107 110 119 121 124 133 135 141 150 153 167 168 180 183 186 188 195 200 206 208 217 226 231 234 236 238 250 251 253 254 269 270 284 288 291 294 320 328 331 339 343 366 374 382 387 388 393 395 399 415 416 427 431 433 434 438 442 446 452 453 455 459 466 468 472 479 482 485 495
 423 : 3 4 9 10 15 19 21 30 33 34 36 40 42 48 50 58 94 99 104 108 117 120 123 128 130 132 138 158 159 162 166 169 174 178 182 185 190 194 196 198 205 213 214 218 225 227 229 230 232 239 241 246 249 262 271 283 295 296 297 302 303 305 311 316 322 336 342 347 348 351 358 369 370 375 376 380 381 383 389 391 394 398 400 402 409 412 417 418 420 421 428 436 437 440 444 454 456 458 461 464 467 470 477 489 491 494 499
 438 : 5 7 13 16 18 22 25 26 29 31 35 37 38 60 65 78 83 95 100 102 105 113 115 116 118 126 129 136 137 139 140 142 144 145 146 147 148 152 154 155 156 165 170 175 193 199 211 212 215 216 221 223 237 242 245 252 258 259 266 268 272 274 277 279 282 285 299 301 304 306 307 308 309 313 314 315 319 323 324 325 326 333 334 335 341 344 349 354 355 368 372 379 385 392 401 403 424 426 432 443 447 449 450 451 460 475 478 480 483 487 490 492 496
SOLUTION:
  Value: -621671.000000
  Assigns: 69 69 69 423 423 438 69 438 285 423 423 285 69 386 285 423 386 69 386 423 285 423 438 285 285 438 386 386 285 438 423 386 285 423 423 438 423 438 438 386 423 386 423 69 386 69 386 285 386 285 423 69 69 423 69 285 438 285 423 285 438 386 69 69 69 438 386 285 285 386 386 69 285 69 285 386 285 438 386 285 69 285 423 386 285 285 69 285 386 386 69 285 285 69 423 438 438 285 285 423 438 69 438 386 386 438 285 285 423 423 285 386 423 438 285 438 438 386 438 285 386 285 386 423 285 69 386 386 386 438 423 69 386 285 285 285 438 438 423 438 438 285 438 386 438 438 438 438 438 69 285 69 438 285 438 386 438 386 423 423 386 423 423 69 69 438 386 285 386 423 438 69 69 69 423 386 438 69 423 386 285 69 423 386 285 423 285 69 285 423 423 386 386 438 423 386 423 69 386 438 285 69 69 386 69 423 285 69 285 69 69 386 438 386 423 438 438 285 423 69 69 438 386 386 423 423 285 423 69 423 423 285 423 69 285 438 285 386 285 423 69 423 438 69 69 386 423 423 69 423 285 285 438 285 285 69 386 69 386 438 69 69 423 69 69 69 386 386 438 386 285 386 438 69 438 438 69 386 69 438 285 69 438 423 285 438 69 69 386 285 69 285 69 438 285 386 423 423 386 386 438 438 423 423 438 423 438 386 438 438 423 423 69 438 438 438 423 69 386 438 285 285 423 438 438 438 438 69 285 386 69 285 386 438 438 386 423 69 69 285 69 386 423 285 386 69 69 423 386 438 69 423 285 69 438 438 69 285 423 69 386 438 69 69 69 386 285 69 438 423 386 69 438 285 285 423 386 423 69 438 423 423 285 423 69 438 69 386 285 386 69 423 386 285 423 285 69 69 423 386 423 386 423 438 69 386 386 386 69 423 69 386 386 386 386 285 285 386 423 423 423 386 423 69 386 69 438 285 423 69 69 285 438 285 285 438 423 423 285 69 423 69 386 386 423 69 285 438 69 438 438 438 285 386 423 285 423 69 423 285 438 423 285 438 423 386 386 423 285 386 423 69 285 438 69 438 386 423 386 285 438 386 285 438 69 285 69 438 69 423 438 423 438 69 423 285 438 69 69 423 
  Facilities: 5
 69 : 0 1 2 6 12 17 43 45 51 52 54 62 63 64 71 73 80 86 90 93 101 125 131 149 151 163 164 171 172 173 177 181 187 197 201 202 204 207 209 210 219 220 228 233 240 243 244 248 255 257 260 261 263 264 265 273 276 278 281 286 287 290 292 312 317 327 330 337 338 340 345 346 350 353 356 359 362 363 364 367 371 378 384 386 390 396 397 404 408 410 423 425 429 430 439 441 445 448 457 471 474 484 486 488 493 497 498
 285 : 8 11 14 20 23 24 28 32 47 49 55 57 59 67 68 72 74 76 79 81 84 85 87 91 92 97 98 106 107 110 114 119 121 124 133 134 135 141 150 153 167 180 184 186 188 200 206 208 217 226 231 234 236 238 250 251 253 254 270 280 284 289 291 294 320 321 328 331 339 343 352 357 366 373 374 382 388 393 395 415 416 427 431 433 434 438 446 452 455 459 462 468 472 479 482 485 495
 386 : 13 16 18 26 27 31 39 41 44 46 48 61 66 69 70 75 78 83 88 89 103 104 111 117 120 122 126 127 128 132 143 155 157 160 166 168 175 179 183 191 192 195 198 203 211 213 222 223 237 245 256 258 266 267 269 271 277 288 295 298 299 307 318 329 332 335 341 344 348 360 365 370 376 387 389 392 399 401 405 406 407 411 412 413 414 417 421 424 442 443 453 465 466 469 476 478 481
 423 : 3 4 9 10 15 19 21 30 33 34 36 40 42 50 53 58 82 94 99 108 109 112 123 130 138 158 159 161 162 169 174 178 182 185 189 190 194 196 205 214 218 224 225 227 229 230 232 239 241 246 247 249 262 283 296 297 302 303 305 310 311 316 322 336 342 347 351 358 369 375 377 380 381 383 391 394 398 400 402 409 418 419 420 422 428 436 437 440 444 454 456 458 461 464 467 470 477 489 491 494 499
 438 : 5 7 22 25 29 35 37 38 56 60 65 77 95 96 100 102 105 113 115 116 118 129 136 137 139 140 142 144 145 146 147 148 152 154 156 165 170 176 193 199 212 215 216 221 235 242 252 259 268 272 274 275 279 282 285 293 300 301 304 306 308 309 313 314 315 319 323 324 325 326 333 334 349 354 355 361 368 372 379 385 403 426 432 435 447 449 450 451 460 463 473 475 480 483 487 490 492 496
SOLUTION:
  Value: -621895.000000
  Assigns: 69 69 494 69 232 438 69 438 285 494 438 174 69 494 285 494 494 69 232 494 494 494 438 285 232 438 232 232 494 494 232 494 494 232 232 232 438 438 494 494 438 438 69 69 69 69 285 285 285 232 174 69 69 174 232 494 232 174 438 285 438 69 69 174 69 438 285 285 285 174 494 69 285 69 285 285 494 438 438 285 69 285 174 232 285 285 494 285 232 494 69 285 285 69 494 438 494 285 285 69 438 232 232 174 232 438 285 285 494 174 285 174 232 438 285 438 438 438 438 285 285 232 69 285 285 69 494 494 494 438 174 174 174 285 285 232 438 438 285 438 232 285 174 494 438 494 438 438 494 69 232 494 494 285 232 438 174 494 232 285 494 285 232 69 69 438 494 285 232 174 438 494 69 69 69 438 438 174 174 232 285 69 232 494 174 494 285 69 494 174 494 494 494 438 69 232 69 69 232 438 285 69 69 69 174 232 174 494 285 69 69 174 438 232 232 438 438 285 69 232 69 438 174 174 174 285 285 494 69 285 494 285 232 69 285 174 285 232 285 232 69 232 438 69 69 174 174 232 69 494 285 285 438 285 285 69 69 494 494 438 174 494 285 69 69 69 438 494 438 494 232 174 438 494 494 438 69 438 69 438 285 69 174 494 285 438 494 232 232 494 69 285 69 232 285 174 438 174 69 438 438 494 174 438 438 69 438 232 438 438 174 232 69 174 174 438 438 69 232 438 285 285 232 438 438 438 494 69 285 174 494 174 69 438 438 494 285 174 174 285 69 438 232 285 438 69 69 494 232 438 494 232 285 69 174 438 69 285 494 69 232 232 69 69 69 174 285 69 174 285 174 69 438 494 285 69 174 174 69 438 285 232 285 232 69 232 174 494 232 232 69 285 438 285 494 285 174 69 174 232 494 174 438 438 69 232 494 174 69 494 69 494 494 232 69 285 174 232 232 285 232 232 438 174 232 69 438 232 174 69 69 285 438 174 232 174 174 285 285 69 232 69 285 494 494 174 285 438 69 438 438 438 232 285 438 494 174 69 232 285 494 232 494 438 232 494 494 174 285 174 438 69 232 438 494 438 69 232 232 494 438 174 174 494 232 285 494 438 69 494 438 69 494 232 494 285 438 69 69 174 
  Facilities: 6
 69 : 0 1 3 6 12 17 42 43 44 45 51 52 61 62 64 71 73 80 90 93 99 122 125 149 163 164 172 173 174 181 187 194 196 197 201 202 203 209 210 218 220 228 233 240 243 244 248 255 256 263 264 265 276 278 281 290 292 298 305 312 317 327 332 340 345 346 353 356 359 362 363 364 367 371 375 378 384 390 397 404 408 410 414 425 429 430 439 441 448 457 471 476 488 491 497 498
 174 : 11 50 53 57 63 69 82 103 109 111 130 131 132 142 156 169 177 178 184 189 204 206 211 222 223 224 235 245 246 260 271 282 295 297 302 310 313 314 329 331 337 338 354 365 368 370 376 377 386 396 398 401 407 416 423 428 433 435 436 445 456 467 469 481 482 499
 232 : 4 18 24 26 27 30 33 34 35 49 54 56 83 88 101 102 104 112 121 135 140 150 154 158 162 168 179 182 195 198 205 213 214 219 232 237 239 241 247 270 287 288 293 307 311 318 322 342 348 351 360 361 381 383 385 388 389 399 405 413 417 418 420 421 424 427 434 440 452 458 461 464 472 477 478 484 493
 285 : 8 14 23 46 47 48 59 66 67 68 72 74 75 79 81 84 85 87 91 92 97 98 106 107 110 114 119 120 123 124 133 134 138 141 153 159 161 167 180 186 200 208 217 225 226 229 231 234 236 238 250 251 253 254 262 280 284 291 294 320 321 328 336 339 343 352 357 366 369 374 380 382 391 393 395 415 419 431 437 438 442 446 453 459 468 485 495
 438 : 5 7 10 22 25 36 37 40 41 58 60 65 77 78 95 100 105 113 115 116 117 118 129 136 137 139 144 146 147 155 165 170 175 176 193 199 212 215 216 221 242 252 259 266 268 272 275 277 279 285 296 299 300 303 304 306 308 309 315 316 319 323 324 325 333 334 341 344 349 355 372 379 392 402 403 422 426 432 447 449 450 451 454 463 470 473 475 480 487 490 496
 494 : 2 9 13 15 16 19 20 21 28 29 31 32 38 39 55 70 76 86 89 94 96 108 126 127 128 143 145 148 151 152 157 160 166 171 183 185 188 190 191 192 207 227 230 249 257 258 261 267 269 273 274 283 286 289 301 326 330 335 347 350 358 373 387 394 400 406 409 411 412 443 444 455 460 462 465 466 474 479 483 486 489 492 494
SOLUTION:
  Value: -621953.000000
  Assigns: 69 61 61 423 423 438 61 438 69 337 423 337 69 337 337 423 438 69 438 423 61 423 438 337 61 438 337 61 61 438 423 438 423 423 423 337 423 337 438 61 423 61 423 69 69 69 423 337 337 337 337 69 69 337 69 423 61 438 337 337 438 69 69 69 69 438 61 438 61 61 61 69 61 69 423 337 423 61 438 337 69 423 61 337 438 61 69 423 337 69 69 423 438 61 423 438 61 69 423 423 438 69 337 337 423 438 438 423 423 61 337 61 61 438 61 438 438 423 438 337 423 438 69 423 438 69 438 61 337 438 423 337 423 337 61 337 438 438 337 438 438 438 337 337 438 337 438 438 438 69 337 69 438 438 438 438 337 61 423 423 337 61 423 69 69 438 423 61 423 423 438 337 69 337 337 438 61 61 337 61 337 69 423 337 337 423 423 69 337 337 337 69 69 438 423 337 423 61 423 438 337 69 69 69 69 423 337 69 423 337 69 337 337 423 423 438 438 61 423 69 69 438 337 438 337 423 337 423 69 423 423 69 423 61 337 61 423 438 69 423 69 423 438 69 69 438 423 61 69 423 61 61 438 438 61 61 337 61 337 438 69 69 337 61 337 69 438 337 438 69 69 423 438 69 438 61 69 438 69 337 61 61 438 423 337 438 69 69 337 61 69 423 61 61 438 423 423 423 69 438 61 337 423 337 438 423 438 438 438 438 61 423 61 438 438 438 423 69 61 438 61 61 423 438 438 337 438 69 438 69 69 337 61 438 438 438 423 69 61 423 69 438 423 337 438 69 69 423 423 438 337 423 61 61 438 438 69 61 337 69 337 61 69 337 69 337 438 69 438 423 423 69 337 61 337 423 337 61 69 438 423 423 438 423 69 337 61 337 61 423 69 423 438 423 337 423 61 337 337 337 423 337 423 438 69 61 61 61 69 337 69 337 423 69 69 61 438 423 423 337 337 423 337 69 438 69 438 337 423 69 69 69 438 337 69 337 423 423 438 61 423 69 337 438 423 61 69 438 69 438 438 438 69 423 423 69 337 61 337 423 438 423 61 61 423 61 438 423 423 61 423 69 337 61 69 438 61 423 438 337 438 69 61 438 69 337 61 438 69 423 438 423 438 69 337 61 438 337 69 423 
  Facilities: 5
 61 : 1 2 6 20 24 27 28 39 41 56 66 68 69 70 72 77 82 85 93 96 109 111 112 114 127 134 157 161 167 176 177 179 197 217 233 235 247 250 251 254 255 257 263 275 280 281 289 292 293 300 310 312 318 320 321 332 338 352 353 357 361 373 377 386 388 396 405 406 407 415 439 445 457 462 463 465 469 473 476 482 486 495
 69 : 0 8 12 17 43 44 45 51 52 54 61 62 63 64 71 73 80 86 89 90 97 101 122 125 149 151 163 164 172 181 187 191 192 201 202 203 204 207 210 219 220 228 231 238 240 243 244 248 260 261 265 269 270 273 276 278 286 287 290 298 317 327 329 330 337 340 345 346 356 359 362 364 367 371 378 384 390 404 408 410 413 414 423 425 429 430 431 434 441 446 448 452 455 471 474 481 484 488 493 498
 337 : 9 11 13 14 23 26 35 37 47 48 49 50 53 58 59 75 79 83 88 102 103 110 119 128 131 133 135 138 142 143 145 150 156 160 171 173 174 178 180 183 184 188 189 190 195 200 206 209 211 212 222 224 226 234 256 258 262 264 267 279 284 288 301 303 325 331 343 350 358 360 363 365 372 374 376 385 387 394 397 398 399 401 409 411 419 420 422 427 433 435 442 456 458 472 479 485 494 497
 423 : 3 4 10 15 19 21 30 32 33 34 36 40 42 46 55 74 76 81 87 91 94 98 99 104 107 108 117 120 123 130 132 158 159 162 166 168 169 182 185 186 194 196 198 205 208 213 214 218 225 227 229 230 232 236 239 241 246 249 271 283 291 295 296 297 302 305 311 316 322 336 339 342 347 348 351 369 370 375 380 381 383 389 391 393 395 400 402 412 417 418 421 428 436 437 440 444 453 454 459 461 464 467 468 470 477 489 491 499
 438 : 5 7 16 18 22 25 29 31 38 57 60 65 67 78 84 92 95 100 105 106 113 115 116 118 121 124 126 129 136 137 139 140 141 144 146 147 148 152 153 154 155 165 170 175 193 199 215 216 221 223 237 242 245 252 253 259 266 268 272 274 277 282 285 294 299 304 306 307 308 309 313 314 315 319 323 324 326 328 333 334 335 341 344 349 354 355 366 368 379 382 392 403 416 424 426 432 438 443 447 449 450 451 460 466 475 478 480 483 487 490 492 496
SOLUTION:
  Value: -622102.000000
  Assigns: 69 69 494 69 69 438 69 438 285 494 438 174 69 494 285 494 494 69 174 494 494 494 438 285 285 438 438 285 494 494 69 494 494 494 69 438 438 438 494 494 438 438 69 69 69 69 285 285 285 285 174 69 69 174 69 494 438 174 438 285 438 69 69 174 69 438 285 285 285 174 494 69 285 69 285 285 494 438 438 285 69 285 174 494 285 285 494 285 174 494 69 285 285 69 494 438 494 285 285 69 438 69 438 174 285 438 285 285 494 174 285 174 285 438 285 438 438 438 438 285 285 494 69 285 285 69 494 494 494 438 174 174 174 285 285 285 438 438 285 438 438 285 174 494 438 494 438 438 494 69 285 494 494 285 438 438 174 494 69 285 494 285 438 69 69 438 494 285 285 174 438 494 69 69 69 438 438 174 174 285 285 69 69 494 174 494 285 69 494 174 494 494 494 438 69 285 69 69 438 438 285 69 69 69 174 494 174 494 285 69 69 174 438 438 494 438 438 285 69 69 69 438 174 174 174 285 285 494 69 285 494 285 438 69 285 174 285 438 285 438 69 69 438 69 69 174 174 438 69 494 285 285 438 285 285 69 69 494 494 438 174 494 285 69 69 69 438 494 438 494 285 174 438 494 494 438 69 438 69 438 285 69 174 494 285 438 494 494 174 494 69 285 69 438 285 174 438 174 69 438 438 494 174 438 438 69 438 438 438 438 174 494 69 174 174 438 438 69 285 438 285 285 438 438 438 438 494 69 285 174 494 174 69 438 438 494 285 174 174 285 69 438 174 285 438 69 69 494 494 438 494 494 285 69 174 438 69 285 494 69 494 438 69 69 69 174 285 69 174 285 174 69 438 494 285 69 174 174 69 438 285 494 285 494 69 438 174 494 285 69 69 285 438 285 494 285 174 69 174 285 494 174 438 438 69 494 494 174 69 494 69 494 494 69 69 285 174 494 438 285 69 494 438 174 438 69 438 285 174 69 69 285 438 174 285 174 174 285 285 69 174 69 285 494 494 174 285 438 69 438 438 438 174 285 438 494 174 69 174 285 494 494 494 438 69 494 494 174 285 174 438 69 285 438 494 438 69 174 438 494 438 174 174 494 69 285 494 438 69 494 438 69 494 69 494 285 438 69 69 174 
  Facilities: 5
 69 : 0 1 3 4 6 12 17 30 34 42 43 44 45 51 52 54 61 62 64 71 73 80 90 93 99 101 122 125 149 158 163 164 172 173 174 181 182 187 194 196 197 201 202 203 209 210 218 219 220 228 233 240 241 243 244 248 255 256 263 264 265 276 278 281 290 292 298 305 312 317 327 332 340 345 346 353 356 359 362 363 364 367 371 375 378 384 389 390 397 404 408 410 413 414 420 425 429 430 439 441 448 457 464 471 476 484 488 491 493 497 498
 174 : 11 18 50 53 57 63 69 82 88 103 109 111 130 131 132 142 156 169 177 178 184 189 204 206 211 222 223 224 235 245 246 260 271 282 288 295 297 302 310 313 314 329 331 337 338 342 354 365 368 370 376 377 386 396 398 401 407 416 423 428 433 435 436 440 445 452 456 458 467 469 477 481 482 499
 285 : 8 14 23 24 27 46 47 48 49 59 66 67 68 72 74 75 79 81 84 85 87 91 92 97 98 104 106 107 110 112 114 119 120 123 124 133 134 135 138 141 150 153 159 161 167 168 179 180 186 195 200 208 217 225 226 229 231 234 236 238 250 251 253 254 262 270 280 284 291 294 318 320 321 328 336 339 343 352 357 366 369 374 380 382 388 391 393 395 399 415 419 427 431 434 437 438 442 446 453 459 468 472 485 495
 438 : 5 7 10 22 25 26 35 36 37 40 41 56 58 60 65 77 78 95 100 102 105 113 115 116 117 118 129 136 137 139 140 144 146 147 154 155 162 165 170 175 176 193 198 199 212 213 215 216 221 232 237 239 242 247 252 259 266 268 272 275 277 279 285 293 296 299 300 303 304 306 307 308 309 315 316 319 322 323 324 325 333 334 341 344 349 355 361 372 379 385 392 402 403 418 422 424 426 432 447 449 450 451 454 463 470 473 475 478 480 487 490 496
 494 : 2 9 13 15 16 19 20 21 28 29 31 32 33 38 39 55 70 76 83 86 89 94 96 108 121 126 127 128 143 145 148 151 152 157 160 166 171 183 185 188 190 191 192 205 207 214 227 230 249 257 258 261 267 269 273 274 283 286 287 289 301 311 326 330 335 347 348 350 351 358 360 373 381 383 387 394 400 405 406 409 411 412 417 421 443 444 455 460 461 462 465 466 474 479 483 486 489 492 494
