# Time: 647.159973
# Elapsed: 178.927124
# Input_file: splp/PCodes/1234PCodesS.txt
# Pool_size: 200
# Iterations: 28
# Final_solutions: 5328
# Vision_range: 400
# Reduction_mode: REDUCTION_DISPERSE
# Dissimilitude: DISSIM_CLIENTDELTA
SOLUTION:
  Value: -51214.000000
  Assigns: 1 1 10 1 36 1 22 71 10 25 10 10 76 29 10 47 80 25 22 51 22 29 22 22 56 25 10 25 29 29 22 29 36 1 98 51 36 36 36 47 56 105 10 47 36 47 47 47 56 51 51 51 36 117 22 51 56 25 56 51 56 29 126 47 80 1 98 71 76 71 71 71 76 105 10 91 76 76 76 71 80 80 80 91 80 117 22 71 80 91 91 91 76 29 126 91 98 105 98 98 36 117 98 71 105 105 98 105 76 105 126 47 80 117 98 51 117 117 126 117 56 105 126 91 126 117 126 126 
  Facilities: 17
 1 : 0 1 3 5 33 65
 10 : 2 8 10 11 14 26 42 74
 22 : 6 18 20 22 23 30 54 86
 25 : 9 17 25 27 57
 29 : 13 21 28 29 31 61 93
 36 : 4 32 36 37 38 44 52 100
 47 : 15 39 43 45 46 47 63 111
 51 : 19 35 49 50 51 55 59 115
 56 : 24 40 48 56 58 60 120
 71 : 7 67 69 70 71 79 87 103
 76 : 12 68 72 76 77 78 92 108
 80 : 16 64 80 81 82 84 88 112
 91 : 75 83 89 90 91 95 123
 98 : 34 66 96 98 99 102 106 114
 105 : 41 73 97 104 105 107 109 121
 117 : 53 85 101 113 116 117 119 125
 126 : 62 94 110 118 122 124 126 127
SOLUTION:
  Value: -57191.000000
  Assigns: 1 1 10 1 36 1 22 71 10 25 10 10 76 29 10 47 80 25 22 51 22 29 22 22 56 25 10 25 29 29 22 63 40 1 98 51 36 36 36 47 40 105 40 47 40 47 47 63 56 51 51 51 36 117 22 63 40 25 56 63 56 63 63 47 80 1 98 71 76 71 71 71 76 105 10 91 76 76 76 71 80 80 80 91 80 117 22 71 80 91 91 91 76 29 126 91 98 105 98 98 36 117 98 71 40 105 98 105 76 105 126 47 80 117 98 51 117 117 126 117 56 105 126 91 126 117 126 63 
  Facilities: 19
 1 : 0 1 3 5 33 65
 10 : 2 8 10 11 14 26 74
 22 : 6 18 20 22 23 30 54 86
 25 : 9 17 25 27 57
 29 : 13 21 28 29 93
 36 : 4 36 37 38 52 100
 40 : 32 40 42 44 56 104
 47 : 15 39 43 45 46 63 111
 51 : 19 35 49 50 51 115
 56 : 24 48 58 60 120
 63 : 31 47 55 59 61 62 127
 71 : 7 67 69 70 71 79 87 103
 76 : 12 68 72 76 77 78 92 108
 80 : 16 64 80 81 82 84 88 112
 91 : 75 83 89 90 91 95 123
 98 : 34 66 96 98 99 102 106 114
 105 : 41 73 97 105 107 109 121
 117 : 53 85 101 113 116 117 119 125
 126 : 94 110 118 122 124 126
SOLUTION:
  Value: -63178.000000
  Assigns: 8 3 3 3 36 69 22 3 8 25 8 3 8 77 78 47 20 25 22 3 20 20 22 22 8 25 58 25 20 25 22 63 40 49 98 3 36 36 36 47 40 105 40 47 40 47 47 63 49 49 58 49 20 49 22 63 40 25 58 63 124 63 63 47 80 69 98 3 69 69 78 69 8 105 78 91 78 77 78 78 80 80 80 91 80 69 22 119 80 91 91 91 124 77 78 91 98 105 98 115 36 69 98 119 40 105 98 105 124 105 78 47 80 115 98 115 124 119 119 115 124 105 58 115 124 124 124 63 
  Facilities: 21
 3 : 1 2 3 7 11 19 35 67
 8 : 0 8 10 12 24 72
 20 : 16 20 21 28 52
 22 : 6 18 22 23 30 54 86
 25 : 9 17 25 27 29 57
 36 : 4 36 37 38 100
 40 : 32 40 42 44 56 104
 47 : 15 39 43 45 46 63 111
 49 : 33 48 49 51 53
 58 : 26 50 58 122
 63 : 31 47 55 59 61 62 127
 69 : 5 65 68 69 71 85 101
 77 : 13 77 93
 78 : 14 70 74 76 78 79 94 110
 80 : 64 80 81 82 84 88 112
 91 : 75 83 89 90 91 95
 98 : 34 66 96 98 102 106 114
 105 : 41 73 97 105 107 109 121
 115 : 99 113 115 119 123
 119 : 87 103 117 118
 124 : 60 92 108 116 120 124 125 126
SOLUTION:
  Value: -66167.000000
  Assigns: 8 3 3 3 36 69 22 3 8 25 8 3 12 29 12 47 80 25 22 3 22 29 22 22 8 25 58 25 12 29 22 63 48 49 98 3 36 36 36 47 44 105 58 47 44 47 47 63 49 49 48 49 48 49 22 63 48 25 58 63 44 63 63 47 80 69 98 3 69 69 78 69 8 105 78 91 12 69 78 78 80 80 80 91 80 117 22 119 80 91 91 91 124 29 78 91 98 105 98 98 36 117 98 119 105 105 98 105 44 105 78 47 48 49 98 119 117 117 119 117 124 105 58 91 124 117 124 63 
  Facilities: 22
 3 : 1 2 3 7 11 19 35 67
 8 : 0 8 10 24 72
 12 : 12 14 28 76
 22 : 6 18 20 22 23 30 54 86
 25 : 9 17 25 27 57
 29 : 13 21 29 93
 36 : 4 36 37 38 100
 44 : 40 44 60 108
 47 : 15 39 43 45 46 63 111
 48 : 32 50 52 56 112
 49 : 33 48 49 51 53 113
 58 : 26 42 58 122
 63 : 31 47 55 59 61 62 127
 69 : 5 65 68 69 71 77
 78 : 70 74 78 79 94 110
 80 : 16 64 80 81 82 84 88
 91 : 75 83 89 90 91 95 123
 98 : 34 66 96 98 99 102 106 114
 105 : 41 73 97 104 105 107 109 121
 117 : 85 101 116 117 119 125
 119 : 87 103 115 118
 124 : 92 120 124 126
SOLUTION:
  Value: -69159.000000
  Assigns: 4 33 18 3 4 4 38 3 72 25 42 3 4 45 78 79 18 25 18 18 4 85 18 55 56 25 18 25 28 25 28 63 33 97 38 99 4 33 38 55 56 33 42 42 45 45 42 63 56 33 18 55 116 55 55 63 56 25 56 63 28 63 63 63 72 97 82 99 4 85 78 79 72 72 78 79 72 79 79 78 82 85 82 82 116 117 82 85 72 25 82 123 124 85 78 79 97 99 99 99 116 117 38 99 72 97 42 123 124 45 78 79 116 97 82 99 117 85 116 117 124 123 123 123 116 117 124 63 
  Facilities: 23
 3 : 3 7 11
 4 : 0 4 5 12 20 36 68
 18 : 2 16 18 19 22 26 50
 25 : 9 17 25 27 29 57 89
 28 : 28 30 60
 33 : 1 32 37 41 49
 38 : 6 34 38 102
 42 : 10 42 43 46 106
 45 : 13 44 45 109
 55 : 23 39 51 53 54
 56 : 24 40 48 56 58
 63 : 31 47 55 59 61 62 63 127
 72 : 8 64 72 73 76 88 104
 78 : 14 70 74 79 94 110
 79 : 15 71 75 77 78 95 111
 82 : 66 80 82 83 86 90 114
 85 : 21 69 81 87 93 117
 97 : 33 65 96 105 113
 99 : 35 67 97 98 99 103 115
 116 : 52 84 100 112 118 124
 117 : 85 101 116 119 125
 123 : 91 107 121 122 123
 124 : 92 108 120 126
SOLUTION:
  Value: -72148.000000
  Assigns: 4 33 18 3 4 4 38 3 72 25 42 3 4 45 78 79 24 25 18 18 4 85 18 55 24 24 24 25 24 25 62 63 33 97 38 99 4 33 38 55 56 33 42 42 45 45 42 63 56 33 18 55 116 55 62 63 24 25 56 63 62 63 62 63 72 97 82 99 4 85 78 79 72 72 78 79 72 79 79 78 82 85 82 82 116 117 82 85 72 25 82 123 124 85 78 79 97 99 99 99 116 117 38 99 72 97 42 123 124 45 78 79 116 97 82 99 117 85 116 117 124 123 123 123 116 117 124 63 
  Facilities: 24
 3 : 3 7 11
 4 : 0 4 5 12 20 36 68
 18 : 2 18 19 22 50
 24 : 16 24 25 26 28 56
 25 : 9 17 27 29 57 89
 33 : 1 32 37 41 49
 38 : 6 34 38 102
 42 : 10 42 43 46 106
 45 : 13 44 45 109
 55 : 23 39 51 53
 56 : 40 48 58
 62 : 30 54 60 62
 63 : 31 47 55 59 61 63 127
 72 : 8 64 72 73 76 88 104
 78 : 14 70 74 79 94 110
 79 : 15 71 75 77 78 95 111
 82 : 66 80 82 83 86 90 114
 85 : 21 69 81 87 93 117
 97 : 33 65 96 105 113
 99 : 35 67 97 98 99 103 115
 116 : 52 84 100 112 118 124
 117 : 85 101 116 119 125
 123 : 91 107 121 122 123
 124 : 92 108 120 126
SOLUTION:
  Value: -75137.000000
  Assigns: 64 33 18 3 36 7 7 3 40 25 42 3 12 12 12 7 18 25 18 18 84 85 18 55 56 89 18 25 28 25 28 63 40 97 98 99 36 33 36 55 40 33 40 42 40 109 42 63 56 33 18 55 116 55 55 63 40 25 56 63 28 63 63 63 64 97 98 99 84 85 78 7 64 89 78 91 12 109 78 78 84 89 18 91 84 84 84 85 89 89 91 89 84 89 78 91 98 99 99 99 36 109 98 99 40 97 42 99 109 109 78 109 116 97 98 99 84 85 116 55 56 89 122 122 116 109 122 63 
  Facilities: 25
 3 : 3 7 11
 7 : 5 6 15 71
 12 : 12 13 14 76
 18 : 2 16 18 19 22 26 50 82
 25 : 9 17 27 29 57
 28 : 28 30 60
 33 : 1 37 41 49
 36 : 4 36 38 100
 40 : 8 32 40 42 44 56 104
 42 : 10 43 46 106
 55 : 23 39 51 53 54 119
 56 : 24 48 58 120
 63 : 31 47 55 59 61 62 63 127
 64 : 0 64 72
 78 : 70 74 78 79 94 110
 84 : 20 68 80 84 85 86 92 116
 85 : 21 69 87 117
 89 : 25 73 81 88 89 91 93 121
 91 : 75 83 90 95
 97 : 33 65 105 113
 98 : 34 66 96 102 114
 99 : 35 67 97 98 99 103 107 115
 109 : 45 77 101 108 109 111 125
 116 : 52 112 118 124
 122 : 122 123 126
SOLUTION:
  Value: -75138.000000
  Assigns: 64 9 18 7 36 7 7 7 9 25 42 9 28 9 78 7 17 25 18 18 84 17 18 55 56 89 18 25 28 25 28 63 40 97 98 99 36 36 36 55 40 40 40 42 40 109 42 63 56 17 18 55 116 55 55 63 40 25 56 63 28 63 63 63 64 97 98 99 68 68 78 7 64 89 78 91 78 109 78 78 84 89 83 83 68 84 84 83 89 89 91 83 84 89 78 91 98 99 99 99 36 109 98 99 40 97 42 99 109 109 78 109 116 97 98 99 84 116 116 55 56 89 122 122 116 109 122 63 
  Facilities: 25
 7 : 3 5 6 7 15 71
 9 : 1 8 11 13
 17 : 16 21 49
 18 : 2 18 19 22 26 50
 25 : 9 17 27 29 57
 28 : 12 28 30 60
 36 : 4 36 37 38 100
 40 : 32 40 41 42 44 56 104
 42 : 10 43 46 106
 55 : 23 39 51 53 54 119
 56 : 24 48 58 120
 63 : 31 47 55 59 61 62 63 127
 64 : 0 64 72
 68 : 68 69 84
 78 : 14 70 74 76 78 79 94 110
 83 : 82 83 87 91
 84 : 20 80 85 86 92 116
 89 : 25 73 81 88 89 93 121
 91 : 75 90 95
 97 : 33 65 105 113
 98 : 34 66 96 102 114
 99 : 35 67 97 98 99 103 107 115
 109 : 45 77 101 108 109 111 125
 116 : 52 112 117 118 124
 122 : 122 123 126
SOLUTION:
  Value: -75141.000000
  Assigns: 64 33 18 7 36 7 7 7 10 25 10 10 12 77 10 7 80 25 18 18 52 85 18 31 25 25 18 25 12 25 31 31 40 97 98 99 36 33 36 47 40 33 40 47 40 47 47 63 50 33 50 50 52 52 50 63 40 25 50 63 52 63 63 47 64 97 98 99 64 85 78 7 64 77 78 91 12 77 78 78 80 80 80 91 85 85 118 85 80 91 91 123 124 77 78 91 98 99 99 99 36 97 118 99 40 97 98 123 124 77 78 47 80 97 98 99 118 85 118 118 124 123 123 123 124 124 118 63 
  Facilities: 25
 7 : 3 5 6 7 15 71
 10 : 8 10 11 14
 12 : 12 28 76
 18 : 2 18 19 22 26
 25 : 9 17 24 25 27 29 57
 31 : 23 30 31
 33 : 1 37 41 49
 36 : 4 36 38 100
 40 : 32 40 42 44 56 104
 47 : 39 43 45 46 63 111
 50 : 48 50 51 54 58
 52 : 20 52 53 60
 63 : 47 55 59 61 62 127
 64 : 0 64 68 72
 77 : 13 73 77 93 109
 78 : 70 74 78 79 94 110
 80 : 16 80 81 82 88 112
 85 : 21 69 84 85 87 117
 91 : 75 83 89 90 95
 97 : 33 65 101 105 113
 98 : 34 66 96 106 114
 99 : 35 67 97 98 99 103 115
 118 : 86 102 116 118 119 126
 123 : 91 107 121 122 123
 124 : 92 108 120 124 125
SOLUTION:
  Value: -75141.000000
  Assigns: 4 33 18 3 4 4 4 3 72 25 42 3 4 45 78 79 24 25 18 18 4 85 18 55 24 24 24 25 24 25 62 63 33 97 34 99 4 33 34 55 56 33 34 42 45 45 42 63 56 33 34 55 116 55 62 63 24 25 56 63 62 63 62 63 72 97 70 99 4 85 78 70 72 72 78 79 72 79 79 78 82 85 82 82 116 117 70 85 72 25 82 123 124 85 78 79 97 99 34 99 116 117 70 99 72 97 42 123 124 45 78 79 116 97 82 99 117 85 116 117 124 123 123 123 116 117 124 63 
  Facilities: 25
 3 : 3 7 11
 4 : 0 4 5 6 12 20 36 68
 18 : 2 18 19 22
 24 : 16 24 25 26 28 56
 25 : 9 17 27 29 57 89
 33 : 1 32 37 41 49
 34 : 34 38 42 50 98
 42 : 10 43 46 106
 45 : 13 44 45 109
 55 : 23 39 51 53
 56 : 40 48 58
 62 : 30 54 60 62
 63 : 31 47 55 59 61 63 127
 70 : 66 71 86 102
 72 : 8 64 72 73 76 88 104
 78 : 14 70 74 79 94 110
 79 : 15 75 77 78 95 111
 82 : 80 82 83 90 114
 85 : 21 69 81 87 93 117
 97 : 33 65 96 105 113
 99 : 35 67 97 99 103 115
 116 : 52 84 100 112 118 124
 117 : 85 101 116 119 125
 123 : 91 107 121 122 123
 124 : 92 108 120 126
