# Time: 934.880005
# Elapsed: 269.604706
# Input_file: splp/GapB/2531GapBS.txt
# Pool_size: 400
# Iterations: 22
# Final_solutions: 8100
# Vision_range: 600
# Reduction_mode: REDUCTION_DISPERSE
# Dissimilitude: DISSIM_CLIENTDELTA
SOLUTION:
  Value: -45124.000000
  Assigns: 73 92 75 73 75 9 92 73 59 84 97 84 92 97 22 8 1 73 97 68 2 43 2 22 2 84 92 43 8 9 97 8 97 90 2 75 73 1 43 22 92 8 73 97 2 8 59 73 68 9 8 43 97 59 92 47 92 75 2 2 47 1 75 92 43 59 47 59 68 84 84 9 75 8 2 1 97 47 59 92 90 22 68 75 43 22 43 84 9 9 9 73 8 84 9 59 73 43 90 75 
  Facilities: 15
 1 : 16 37 61 75
 2 : 20 22 24 34 44 58 59 74
 8 : 15 28 31 41 45 50 73 92
 9 : 5 29 49 71 88 89 90 94
 22 : 14 23 39 81 85
 43 : 21 27 38 51 64 84 86 97
 47 : 55 60 66 77
 59 : 8 46 53 65 67 78 95
 68 : 19 48 68 82
 73 : 0 3 7 17 36 42 47 91 96
 75 : 2 4 35 57 62 72 83 99
 84 : 9 11 25 69 70 87 93
 90 : 33 80 98
 92 : 1 6 12 26 40 54 56 63 79
 97 : 10 13 18 30 32 43 52 76
SOLUTION:
  Value: -48126.000000
  Assigns: 73 35 75 73 75 64 26 73 26 77 23 82 35 35 23 8 82 82 35 13 12 26 41 64 57 37 64 82 8 13 12 77 24 24 86 75 35 12 57 37 23 8 73 23 26 8 37 41 86 12 8 24 13 86 23 82 86 64 86 26 41 86 75 77 77 77 23 24 12 64 12 64 75 26 64 57 12 37 41 24 64 24 82 75 23 35 82 23 12 13 37 13 8 77 86 35 73 57 57 75 
  Facilities: 16
 8 : 15 28 41 45 50 92
 12 : 20 30 37 49 68 70 76 88
 13 : 19 29 52 89 91
 23 : 10 14 40 43 54 66 84 87
 24 : 32 33 51 67 79 81
 26 : 6 8 21 44 59 73
 35 : 1 12 13 18 36 85 95
 37 : 25 39 46 77 90
 41 : 22 47 60 78
 57 : 24 38 75 97 98
 64 : 5 23 26 57 69 71 74 80
 73 : 0 3 7 42 96
 75 : 2 4 35 62 72 83 99
 77 : 9 31 63 64 65 93
 82 : 11 16 17 27 55 82 86
 86 : 34 48 53 56 58 61 94
SOLUTION:
  Value: -51110.000000
  Assigns: 94 92 75 98 75 64 98 92 59 29 97 27 92 97 29 72 58 58 97 72 95 96 58 22 98 58 92 80 29 72 94 98 97 96 22 22 27 50 80 22 92 27 27 97 96 95 80 46 29 58 58 22 98 72 92 50 92 64 95 27 46 94 58 92 94 59 64 80 96 64 80 64 75 29 50 29 46 96 59 92 64 22 94 75 96 22 27 72 29 50 95 72 46 80 80 59 29 98 58 75 
  Facilities: 17
 22 : 23 34 35 39 51 81 85
 27 : 11 36 41 42 59 86
 29 : 9 14 28 48 73 75 88 96
 46 : 47 60 76 92
 50 : 37 55 74 89
 58 : 16 17 22 25 49 50 62 98
 59 : 8 65 78 95
 64 : 5 57 66 69 71 80
 72 : 15 19 29 53 87 91
 75 : 2 4 72 83 99
 80 : 27 38 46 67 70 93 94
 92 : 1 7 12 26 40 54 56 63 79
 94 : 0 30 61 64 82
 95 : 20 45 58 90
 96 : 21 33 44 68 77 84
 97 : 10 13 18 32 43
 98 : 3 6 24 31 52 97
SOLUTION:
  Value: -54086.000000
  Assigns: 73 92 3 73 75 9 92 73 59 84 97 84 92 97 89 28 3 73 97 81 12 28 74 63 81 63 92 55 8 55 12 8 97 90 22 22 73 12 74 22 92 8 28 97 3 8 59 73 89 9 55 22 55 63 92 81 92 89 28 81 28 89 90 92 63 59 74 3 12 89 12 9 75 8 89 63 12 89 59 92 90 22 28 75 55 22 3 84 9 9 9 74 8 84 9 59 73 63 90 75 
  Facilities: 18
 3 : 2 16 44 67 86
 8 : 28 31 41 45 73 92
 9 : 5 49 71 88 89 90 94
 12 : 20 30 37 68 70 76
 22 : 34 35 39 51 81 85
 28 : 15 21 42 58 60 82
 55 : 27 29 50 52 84
 59 : 8 46 65 78 95
 63 : 23 25 53 64 75 97
 73 : 0 3 7 17 36 47 96
 74 : 22 38 66 91
 75 : 4 72 83 99
 81 : 19 24 55 59
 84 : 9 11 87 93
 89 : 14 48 57 61 69 74 77
 90 : 33 62 80 98
 92 : 1 6 12 26 40 54 56 63 79
 97 : 10 13 18 32 43
SOLUTION:
  Value: -54100.000000
  Assigns: 87 92 31 73 75 64 92 73 59 1 97 82 17 97 31 72 82 82 97 68 2 15 87 64 2 58 64 82 8 72 97 8 97 97 2 75 4 1 8 87 92 8 73 97 2 31 59 31 87 58 58 1 17 72 4 82 92 64 82 2 15 1 58 92 31 59 64 59 68 64 17 68 75 8 64 1 97 17 59 92 64 4 68 75 8 15 82 72 87 17 4 72 8 15 1 59 73 64 58 75 
  Facilities: 18
 1 : 9 37 51 61 75 94
 2 : 20 24 34 44 59
 4 : 36 54 81 90
 8 : 28 31 38 41 73 84 92
 15 : 21 60 85 93
 17 : 12 52 70 77 89
 31 : 2 14 45 47 64
 58 : 25 49 50 62 98
 59 : 8 46 65 67 78 95
 64 : 5 23 26 57 66 69 74 80 97
 68 : 19 68 71 82
 72 : 15 29 53 87 91
 73 : 3 7 42 96
 75 : 4 35 72 83 99
 82 : 11 16 17 27 55 58 86
 87 : 0 22 39 48 88
 92 : 1 6 40 56 63 79
 97 : 10 13 18 30 32 33 43 76
SOLUTION:
  Value: -54104.000000
  Assigns: 73 92 3 73 75 64 39 73 39 84 43 84 92 39 31 96 3 73 3 6 95 43 58 64 57 84 6 43 6 6 6 39 61 96 86 75 4 43 57 61 92 61 73 39 3 31 39 31 86 58 58 43 39 86 4 56 92 64 95 56 61 86 58 92 31 57 64 3 96 64 84 6 75 95 64 57 31 96 4 92 64 4 56 75 43 56 43 84 61 56 4 73 31 84 86 84 73 57 58 75 
  Facilities: 18
 3 : 2 16 18 44 67
 4 : 36 54 78 81 90
 6 : 19 26 28 29 30 71
 31 : 14 45 47 64 76 92
 39 : 6 8 13 31 43 46 52
 43 : 10 21 27 37 51 84 86
 56 : 55 59 82 85 89
 57 : 24 38 65 75 97
 58 : 22 49 50 62 98
 61 : 32 39 41 60 88
 64 : 5 23 57 66 69 74 80
 73 : 0 3 7 17 42 91 96
 75 : 4 35 72 83 99
 84 : 9 11 25 70 87 93 95
 86 : 34 48 53 61 94
 92 : 1 12 40 56 63 79
 95 : 20 58 73
 96 : 15 33 68 77
SOLUTION:
  Value: -54105.000000
  Assigns: 10 92 5 98 75 47 98 92 93 84 97 84 92 97 10 95 1 69 97 69 2 69 2 22 2 84 92 71 85 55 97 98 71 97 2 75 5 1 47 22 92 85 71 97 2 95 10 93 68 69 55 85 98 75 92 47 92 95 95 2 47 1 71 98 93 68 47 93 68 84 84 68 85 95 55 1 97 47 55 92 10 22 68 75 55 22 10 84 93 5 95 71 55 84 1 71 10 98 71 75 
  Facilities: 18
 1 : 16 37 61 75 94
 2 : 20 22 24 34 44 59
 5 : 2 36 89
 10 : 0 14 46 80 86 96
 22 : 23 39 81 85
 47 : 5 38 55 60 66 77
 55 : 29 50 74 78 84 92
 68 : 48 65 68 71 82
 69 : 17 19 21 49
 71 : 27 32 42 62 91 95 98
 75 : 4 35 53 83 99
 84 : 9 11 25 69 70 87 93
 85 : 28 41 51 72
 92 : 1 7 12 26 40 54 56 79
 93 : 8 47 64 67 88
 95 : 15 45 57 58 73 90
 97 : 10 13 18 30 33 43 76
 98 : 3 6 31 52 63 97
SOLUTION:
  Value: -54107.000000
  Assigns: 87 92 57 15 87 64 26 92 26 84 23 82 92 87 89 72 82 82 78 13 12 15 87 22 57 84 92 82 8 72 12 8 72 36 22 22 40 12 57 22 92 8 40 23 40 57 36 13 89 12 78 22 13 72 92 82 92 89 78 26 15 89 87 92 78 57 64 40 12 64 12 78 89 26 89 57 12 89 13 92 64 22 78 57 89 15 82 72 12 13 36 72 8 84 40 84 84 57 36 15 
  Facilities: 18
 8 : 28 31 41 92
 12 : 20 30 37 49 68 70 76 88
 13 : 19 47 52 78 89
 15 : 3 21 60 85 99
 22 : 23 34 35 39 51 81
 23 : 10 43
 26 : 6 8 59 73
 36 : 33 46 90 98
 40 : 36 42 44 67 94
 57 : 2 24 38 45 65 75 83 97
 64 : 5 66 69 80
 72 : 15 29 32 53 87 91
 78 : 18 50 58 64 71 82
 82 : 11 16 17 27 55 86
 84 : 9 25 93 95 96
 87 : 0 4 13 22 62
 89 : 14 48 57 61 72 74 77 84
 92 : 1 7 12 26 40 54 56 63 79
SOLUTION:
  Value: -54108.000000
  Assigns: 40 92 75 79 75 64 92 92 59 84 97 84 92 97 30 96 30 50 97 50 2 28 74 64 2 84 64 55 85 55 40 85 79 96 2 75 4 50 74 85 92 85 28 97 40 30 59 79 74 28 55 85 55 14 4 50 92 64 28 2 28 14 30 92 85 59 74 40 96 64 84 64 85 40 50 4 97 96 59 14 64 4 28 75 14 79 85 84 30 50 4 74 55 84 40 59 84 64 4 75 
  Facilities: 18
 2 : 20 24 34 59
 4 : 36 54 75 81 90 98
 14 : 53 61 79 84
 28 : 21 42 49 58 60 82
 30 : 14 16 45 62 88
 40 : 0 30 44 67 73 94
 50 : 17 19 37 55 74 89
 55 : 27 29 50 52 92
 59 : 8 46 65 78 95
 64 : 5 23 26 57 69 71 80 97
 74 : 22 38 48 66 91
 75 : 2 4 35 83 99
 79 : 3 32 47 85
 84 : 9 11 25 70 87 93 96
 85 : 28 31 39 41 51 64 72 86
 92 : 1 6 7 12 40 56 63
 96 : 15 33 68 77
 97 : 10 13 18 43 76
SOLUTION:
  Value: -54110.000000
  Assigns: 87 13 16 98 75 30 98 90 45 16 28 0 13 87 89 45 30 24 57 13 12 28 87 63 57 63 56 40 45 13 40 98 24 24 45 75 40 45 57 87 23 16 28 23 40 57 0 13 87 12 45 24 98 63 30 56 28 89 28 56 28 89 30 98 63 57 23 40 12 89 16 13 75 16 89 63 12 89 13 24 90 24 0 75 23 56 45 23 30 13 56 13 0 0 40 0 98 98 90 75 
  Facilities: 18
 0 : 11 46 82 92 93 95
 12 : 20 49 68 76
 13 : 1 12 19 29 47 71 78 89 91
 16 : 2 9 41 70 73
 23 : 40 43 66 84 87
 24 : 17 32 33 51 79 81
 28 : 10 21 42 56 58 60
 30 : 5 16 54 62 88
 40 : 27 30 36 44 67 94
 45 : 8 15 28 34 37 50 86
 56 : 26 55 59 85 90
 57 : 18 24 38 45 65
 63 : 23 25 53 64 75
 75 : 4 35 72 83 99
 87 : 0 13 22 39 48
 89 : 14 57 61 69 74 77
 90 : 7 80 98
 98 : 3 6 31 52 63 96 97
