# Time: 903.699951
# Elapsed: 247.184097
# Input_file: splp/GapB/2831GapBS.txt
# Pool_size: 400
# Iterations: 23
# Final_solutions: 8469
# Vision_range: 600
# Reduction_mode: REDUCTION_DISPERSE
# Dissimilitude: DISSIM_CLIENTDELTA
SOLUTION:
  Value: -45125.000000
  Assigns: 80 27 80 80 47 47 33 80 56 6 47 19 33 37 79 17 27 27 18 31 40 31 27 56 27 18 9 19 56 18 33 19 17 56 9 9 33 40 56 81 19 18 79 9 19 37 81 47 33 37 33 6 27 47 31 31 47 47 37 80 40 80 79 19 40 18 80 19 33 33 31 79 19 18 40 27 81 56 27 17 80 81 9 40 81 17 79 18 17 40 47 6 79 81 9 6 80 56 31 56 
  Facilities: 15
 6 : 9 51 91 95
 9 : 26 34 35 43 82 94
 17 : 15 32 79 85 88
 18 : 18 25 29 41 65 73 87
 19 : 11 27 31 40 44 63 67 72
 27 : 1 16 17 22 24 52 75 78
 31 : 19 21 54 55 70 98
 33 : 6 12 30 36 48 50 68 69
 37 : 13 45 49 58
 40 : 20 37 60 64 74 83 89
 47 : 4 5 10 47 53 56 57 90
 56 : 8 23 28 33 38 77 97 99
 79 : 14 42 62 71 86 92
 80 : 0 2 3 7 59 61 66 80 96
 81 : 39 46 76 81 84 93
SOLUTION:
  Value: -48126.000000
  Assigns: 47 27 89 20 22 47 33 17 0 89 47 50 33 17 50 17 27 27 18 44 59 28 27 28 27 18 22 33 17 18 70 22 17 89 59 0 33 28 0 81 50 18 79 70 59 59 81 59 33 28 33 89 27 47 70 50 89 47 44 20 18 0 89 0 89 18 28 59 22 33 70 79 44 18 70 27 81 50 27 17 20 81 89 17 70 17 79 18 17 28 47 20 79 81 44 17 18 59 22 44 
  Facilities: 16
 0 : 8 35 38 61 63
 17 : 7 13 15 28 32 79 83 85 88 95
 18 : 18 25 29 41 60 65 73 87 96
 20 : 3 59 80 91
 22 : 4 26 31 68 98
 27 : 1 16 17 22 24 52 75 78
 28 : 21 23 37 49 66 89
 33 : 6 12 27 36 48 50 69
 44 : 19 58 72 94 99
 47 : 0 5 10 53 57 90
 50 : 11 14 40 55 77
 59 : 20 34 44 45 47 67 97
 70 : 30 43 54 70 74 84
 79 : 42 71 86 92
 81 : 39 46 76 81 93
 89 : 2 9 33 51 56 62 64 82
SOLUTION:
  Value: -51111.000000
  Assigns: 3 3 16 66 8 70 58 17 56 26 26 58 88 88 79 17 2 58 18 16 62 39 91 66 39 62 26 58 56 8 70 26 66 3 66 79 62 88 66 16 26 18 79 70 3 8 26 16 3 26 16 2 62 66 70 58 62 14 3 91 16 8 79 56 66 79 91 14 88 14 16 79 39 18 70 26 16 91 14 17 62 88 39 8 70 17 79 88 17 39 91 58 79 62 14 8 62 56 66 39 
  Facilities: 17
 2 : 16 51
 3 : 0 1 33 44 48 58
 8 : 4 29 45 61 83 95
 14 : 57 67 69 78 94
 16 : 2 19 39 47 50 60 70 76
 17 : 7 15 79 85 88
 18 : 18 41 73
 26 : 9 10 26 31 40 46 49 75
 39 : 21 24 72 82 89 99
 56 : 8 28 63 97
 58 : 6 11 17 27 55 91
 62 : 20 25 36 52 56 80 93 96
 66 : 3 23 32 34 38 53 64 98
 70 : 5 30 43 54 74 84
 79 : 14 35 42 62 65 71 86 92
 88 : 12 13 37 68 81 87
 91 : 22 59 66 77 90
SOLUTION:
  Value: -54102.000000
  Assigns: 80 3 16 80 8 47 58 80 35 26 47 58 33 17 79 28 83 58 10 16 35 28 91 28 83 83 26 58 56 8 33 26 17 3 9 9 3 28 56 10 26 91 79 9 19 8 26 16 33 28 16 19 83 47 33 83 47 47 3 80 16 8 79 19 35 79 28 19 33 33 16 79 19 26 10 26 16 91 10 17 80 35 9 8 35 17 79 35 17 28 91 58 79 28 9 8 80 56 83 56 
  Facilities: 18
 3 : 1 33 36 58
 8 : 4 29 45 61 83 95
 9 : 34 35 43 82 94
 10 : 18 39 74 78
 16 : 2 19 47 50 60 70 76
 17 : 13 32 79 85 88
 19 : 44 51 63 67 72
 26 : 9 26 31 40 46 73 75
 28 : 15 21 23 37 49 66 89 93
 33 : 12 30 48 54 68 69
 35 : 8 20 64 81 84 87
 47 : 5 10 53 56 57
 56 : 28 38 97 99
 58 : 6 11 17 27 91
 79 : 14 42 62 65 71 86 92
 80 : 0 3 7 59 80 96
 83 : 16 24 25 52 55 98
 91 : 22 41 77 90
SOLUTION:
  Value: -54108.000000
  Assigns: 47 20 76 20 54 47 58 54 0 54 2 58 43 17 0 76 2 58 18 55 98 39 54 76 39 18 54 58 4 30 70 26 17 55 13 0 13 30 55 39 26 18 30 70 54 26 26 55 76 13 55 30 43 47 70 58 98 20 30 20 98 0 20 0 0 18 98 20 55 76 70 30 39 18 70 0 4 4 98 17 20 13 39 17 70 17 2 54 17 39 47 58 13 54 43 13 4 30 13 39 
  Facilities: 18
 0 : 8 14 35 61 63 64 75
 2 : 10 16 86
 4 : 28 76 77 96
 13 : 34 36 49 81 92 95 98
 17 : 13 32 79 83 85 88
 18 : 18 25 41 65 73
 20 : 1 3 57 59 62 67 80
 26 : 31 40 45 46
 30 : 29 37 42 51 58 71 97
 39 : 21 24 39 72 82 89 99
 43 : 12 52 94
 47 : 0 5 53 90
 54 : 4 7 9 22 26 44 87 93
 55 : 19 33 38 47 50 68
 58 : 6 11 17 27 55 91
 70 : 30 43 54 70 74 84
 76 : 2 15 23 48 69
 98 : 20 56 60 66 78
SOLUTION:
  Value: -54108.000000
  Assigns: 53 27 16 35 68 84 33 17 94 6 26 84 43 17 42 84 27 27 18 16 35 39 42 5 27 18 26 94 17 30 33 26 17 68 68 5 33 5 84 16 26 18 30 5 53 26 26 16 33 26 16 6 27 84 53 84 42 42 30 25 16 5 68 25 35 18 94 94 33 33 16 30 39 18 25 27 16 25 27 17 43 94 42 17 35 43 68 35 17 39 94 6 25 5 43 6 53 30 5 39 
  Facilities: 18
 5 : 23 35 37 43 61 93 98
 6 : 9 51 91 95
 16 : 2 19 39 47 50 60 70 76
 17 : 7 13 28 32 79 83 88
 18 : 18 25 41 65 73
 25 : 59 63 74 77 92
 26 : 10 26 31 40 45 46 49
 27 : 1 16 17 24 52 75 78
 30 : 29 42 58 71 97
 33 : 6 30 36 48 68 69
 35 : 3 20 64 84 87
 39 : 21 72 89 99
 42 : 14 22 56 57 82
 43 : 12 80 85 94
 53 : 0 44 54 96
 68 : 4 33 34 62 86
 84 : 5 11 15 38 53 55
 94 : 8 27 66 67 81 90
SOLUTION:
  Value: -54110.000000
  Assigns: 40 27 16 66 22 29 88 4 23 6 23 1 6 88 79 9 27 27 18 16 59 79 27 66 27 18 9 9 4 23 7 22 66 1 9 9 6 40 66 16 86 18 79 9 86 86 7 16 66 7 16 29 27 66 69 29 4 1 29 22 16 69 4 59 40 79 1 59 22 86 16 79 23 18 40 27 16 4 27 29 69 88 9 69 86 9 79 88 86 16 22 6 79 22 9 6 4 59 22 7 
  Facilities: 18
 1 : 11 33 57 66
 4 : 7 28 56 62 77 96
 6 : 9 12 36 91 95
 7 : 30 46 49 99
 9 : 15 26 27 34 35 43 82 85 94
 16 : 2 19 39 47 50 60 70 76 89
 18 : 18 25 41 73
 22 : 4 31 59 68 90 93 98
 23 : 8 10 29 72
 27 : 1 16 17 22 24 52 75 78
 29 : 5 51 55 58 79
 40 : 0 37 64 74
 59 : 20 63 67 97
 66 : 3 23 32 38 48 53
 69 : 54 61 80 83
 79 : 14 21 42 65 71 86 92
 86 : 40 44 45 69 84 88
 88 : 6 13 81 87
SOLUTION:
  Value: -54112.000000
  Assigns: 40 27 16 56 54 54 15 54 94 6 11 1 37 37 79 94 27 95 18 16 95 79 54 76 27 15 54 94 56 18 70 37 40 56 15 79 6 40 56 36 11 18 79 70 54 37 11 16 76 37 16 6 11 1 70 52 11 1 37 70 16 6 79 56 40 79 1 94 15 76 16 79 36 94 70 6 16 15 27 95 11 94 40 40 70 95 79 54 36 76 94 6 79 54 52 6 52 56 95 56 
  Facilities: 18
 1 : 11 53 57 66
 6 : 9 36 51 61 75 91 95
 11 : 10 40 46 52 56 80
 15 : 6 25 34 68 77
 16 : 2 19 47 50 60 70 76
 18 : 18 29 41
 27 : 1 16 24 78
 36 : 39 72 88
 37 : 12 13 31 45 49 58
 40 : 0 32 37 64 82 83
 52 : 55 94 96
 54 : 4 5 7 22 26 44 87 93
 56 : 3 28 33 38 63 97 99
 70 : 30 43 54 59 74 84
 76 : 23 48 69 89
 79 : 14 21 35 42 62 65 71 86 92
 94 : 8 15 27 67 73 81 90
 95 : 17 20 79 85 98
SOLUTION:
  Value: -54124.000000
  Assigns: 53 27 91 20 8 74 88 75 35 46 26 61 61 93 8 55 61 27 18 93 35 53 91 93 27 90 26 9 35 8 75 26 46 55 9 9 13 88 55 74 26 18 13 9 53 8 26 55 20 13 55 93 27 46 53 90 9 90 75 20 13 93 20 46 35 18 91 75 55 46 46 61 93 18 90 27 53 91 27 53 20 88 9 8 35 9 27 90 74 93 91 20 75 13 9 8 53 46 13 61 
  Facilities: 18
 8 : 4 14 29 45 83 95
 9 : 27 34 35 43 56 82 85 94
 13 : 36 42 49 60 93 98
 18 : 18 41 65 73
 20 : 3 48 59 62 80 91
 26 : 10 26 31 40 46
 27 : 1 17 24 52 75 78 86
 35 : 8 20 28 64 84
 46 : 9 32 53 63 69 70 97
 53 : 0 21 44 54 76 79 96
 55 : 15 33 38 47 50 68
 61 : 11 12 16 71 99
 74 : 5 39 88
 75 : 7 30 58 67 92
 88 : 6 37 81
 90 : 25 55 57 74 87
 91 : 2 22 66 77 90
 93 : 13 19 23 51 61 72 89
SOLUTION:
  Value: -54130.000000
  Assigns: 53 72 76 66 22 70 15 75 50 6 11 50 6 93 50 76 75 76 32 93 98 53 53 76 32 15 22 32 56 30 70 22 66 32 9 9 6 30 66 77 50 93 30 70 53 6 32 72 76 72 15 6 11 77 70 50 98 72 30 70 98 93 50 56 72 70 98 75 15 76 76 30 93 98 70 6 53 15 98 53 11 70 9 50 70 98 77 75 32 93 22 6 75 22 9 6 32 56 22 72 
  Facilities: 18
 6 : 9 12 36 45 51 75 91 95
 9 : 34 35 82 94
 11 : 10 52 80
 15 : 6 25 50 68 77
 22 : 4 26 31 90 93 98
 30 : 29 37 42 58 71
 32 : 18 24 27 33 46 88 96
 50 : 8 11 14 40 55 62 83
 53 : 0 21 22 44 76 79
 56 : 28 63 97
 66 : 3 32 38
 70 : 5 30 43 54 59 65 74 81 84
 72 : 1 47 49 57 64 99
 75 : 7 16 67 87 92
 76 : 2 15 17 23 48 69 70
 77 : 39 53 86
 93 : 13 19 41 61 72 89
 98 : 20 56 60 66 73 78 85
