# Time: 159.910004
# Elapsed: 26.836445
# Input_file: splp/KoerkelGhosh-asym/500/b/ga500b-5
# Pool_size: 1000
# Iterations: 31
# Final_solutions: 27813
# Vision_range: 0
# Reduction_mode: REDUCTION_RANDOM
SOLUTION:
  Value: -547125.000000
  Assigns: 61 152 53 398 53 482 307 54 82 82 54 3 53 54 112 53 302 302 97 112 54 107 112 53 482 398 112 482 61 482 53 107 450 112 302 107 3 307 61 99 97 53 107 53 398 3 107 54 307 112 54 450 450 302 482 3 97 398 450 398 307 3 82 107 107 112 302 112 482 398 112 450 152 61 450 307 82 450 307 152 99 307 3 152 482 97 112 307 398 99 307 307 54 152 107 307 482 450 112 61 53 482 53 53 450 112 54 54 53 152 307 3 3 82 53 61 107 53 53 112 302 82 82 482 398 99 450 61 482 97 398 398 398 3 450 82 302 307 53 97 482 61 53 82 53 53 82 107 398 450 3 61 61 97 61 398 112 61 53 398 53 398 82 482 302 82 307 97 152 107 97 307 3 112 53 307 107 107 482 398 54 307 302 112 112 112 53 53 107 152 398 3 152 482 53 302 53 3 152 61 482 54 307 53 398 82 3 53 152 302 450 3 302 152 112 53 398 97 82 53 82 97 54 99 398 307 398 302 3 307 112 398 53 482 61 152 53 307 307 97 99 302 97 307 53 112 398 61 107 398 450 3 61 398 107 112 398 99 107 54 307 53 61 97 53 54 82 107 307 302 53 482 307 450 112 398 97 54 398 398 307 302 54 61 82 53 3 3 450 450 450 112 82 53 107 53 97 99 99 112 54 82 302 112 99 450 152 3 82 450 302 3 152 307 152 3 99 107 54 3 450 3 3 54 482 450 82 112 482 99 152 53 54 53 53 53 99 450 450 53 99 302 99 107 152 302 97 54 107 450 61 99 307 82 82 82 61 53 482 54 107 398 99 302 97 99 152 97 398 112 54 152 482 99 307 307 54 398 53 307 99 97 302 3 61 152 54 53 54 450 482 53 54 398 307 61 398 307 82 482 54 112 3 53 53 54 112 97 99 99 82 61 61 54 54 398 54 107 152 97 107 450 107 61 53 112 3 53 302 53 307 152 398 3 54 307 152 112 53 482 3 307 112 398 307 61 99 61 3 107 3 302 302 398 53 3 307 152 107 107 97 61 112 112 53 61 302 398 307 482 82 398 61 82 152 302 97 302 152 3 152 107 61 3 112 450 99 450 54 112 99 61 398 450 450 3 112 450 152 398 
  Facilities: 15
 3 : 11 36 45 55 61 82 111 112 133 150 172 191 197 206 211 228 251 286 287 307 311 315 319 321 322 383 402 426 433 440 448 450 455 479 483 495
 53 : 2 4 12 15 23 30 41 43 100 102 103 108 114 117 118 138 142 144 145 158 160 174 186 187 194 196 203 207 215 219 232 236 244 261 264 270 285 293 295 331 333 334 335 339 357 378 387 391 403 404 424 427 429 438 454 464
 54 : 7 10 13 20 47 50 92 106 107 180 201 222 259 265 277 282 300 318 323 332 347 359 370 376 386 388 392 400 405 413 414 416 434 488
 61 : 0 28 38 73 99 115 127 141 151 152 154 157 199 234 247 252 262 283 350 356 384 395 411 412 423 445 447 461 465 472 482 491
 82 : 8 9 62 76 113 121 122 135 143 146 162 165 205 218 220 266 284 292 301 308 326 353 354 355 398 410 470 473
 97 : 18 40 56 85 129 139 153 167 170 217 221 239 242 263 276 296 346 364 367 381 407 419 460 476
 99 : 39 80 89 125 223 240 257 297 298 304 316 329 336 340 342 351 362 365 373 380 408 409 446 486 490
 107 : 21 31 35 42 46 63 64 94 116 147 169 176 177 188 248 254 258 267 294 317 343 348 360 417 420 422 449 458 459 481
 112 : 14 19 22 26 33 49 65 67 70 86 98 105 119 156 173 183 184 185 214 230 245 255 274 291 299 303 327 369 401 406 425 437 442 462 463 484 489 496
 152 : 1 72 79 83 93 109 168 189 192 198 208 213 235 306 312 314 330 344 366 371 385 418 431 436 457 474 478 480 498
 302 : 16 17 34 53 66 120 136 164 182 195 209 212 227 241 269 281 302 310 341 345 363 382 428 451 452 466 475 477
 307 : 6 37 48 60 75 78 81 87 90 91 95 110 137 166 171 175 181 202 225 229 237 238 243 260 268 272 280 313 352 374 375 379 394 397 430 435 441 444 456 468
 398 : 3 25 44 57 59 69 88 124 130 131 132 148 155 159 161 179 190 204 216 224 226 231 246 249 253 256 275 278 279 361 368 377 393 396 415 432 443 453 467 471 492 499
 450 : 32 51 52 58 71 74 77 97 104 126 134 149 210 250 273 288 289 290 305 309 320 325 337 338 349 389 421 485 487 493 494 497
 482 : 5 24 27 29 54 68 84 96 101 123 128 140 163 178 193 200 233 271 324 328 358 372 390 399 439 469
SOLUTION:
  Value: -547268.000000
  Assigns: 428 258 477 398 289 373 290 373 258 89 373 490 290 486 325 89 490 202 486 428 398 124 124 486 124 398 325 258 358 89 428 396 182 289 358 486 477 396 373 289 428 182 428 396 398 237 486 182 202 89 490 396 477 289 258 358 182 210 258 373 290 202 202 258 358 289 182 358 373 398 396 290 490 490 258 358 89 284 124 396 373 477 289 210 89 398 290 284 89 490 210 258 373 284 284 396 490 325 289 289 289 486 325 486 358 210 486 289 486 486 373 490 396 237 477 396 258 477 486 289 258 428 210 396 398 202 289 290 290 398 398 290 490 210 124 89 182 428 258 237 325 358 210 396 182 290 398 237 398 477 182 486 202 486 477 398 237 486 486 398 290 325 210 396 182 396 202 490 486 477 284 358 89 358 325 428 258 182 210 398 284 258 290 237 486 284 237 284 428 284 258 284 477 490 202 428 202 373 477 290 398 358 477 325 210 477 237 258 477 428 89 428 373 182 398 182 428 202 124 258 124 210 124 124 398 124 398 428 486 373 237 398 89 428 258 477 237 490 284 202 325 358 428 290 486 396 325 210 210 398 284 486 210 398 289 290 373 182 89 237 124 89 258 428 210 490 325 182 182 284 289 325 490 89 396 398 373 290 284 398 490 202 89 124 428 290 396 290 89 477 486 289 202 325 373 182 284 396 124 477 358 237 373 258 89 428 490 490 237 289 237 210 490 358 290 396 290 182 490 284 325 398 477 358 210 182 237 182 477 428 398 490 325 289 124 290 486 290 477 428 89 290 373 396 237 89 373 182 89 477 258 398 202 373 210 202 396 124 284 398 258 398 325 89 289 373 398 89 398 396 237 373 477 124 202 210 396 373 182 258 325 258 358 289 89 477 182 237 486 258 182 124 258 398 237 490 398 428 258 373 428 358 124 124 373 325 486 210 486 477 258 325 490 89 358 373 89 284 325 237 290 210 373 398 210 289 202 358 284 289 202 373 398 210 428 124 428 237 237 202 477 258 358 398 486 490 398 202 358 373 373 237 258 398 237 289 258 358 490 396 428 202 89 428 89 237 124 396 237 290 477 398 373 290 428 486 284 124 258 237 89 124 210 202 210 289 182 490 325 428 325 289 398 358 428 490 284 486 486 398 
  Facilities: 19
 89 : 9 15 29 49 76 84 88 135 172 210 232 258 261 273 282 288 304 340 345 348 363 367 384 413 416 462 464 480
 124 : 21 22 24 78 134 218 220 222 223 225 260 283 298 334 357 373 391 402 403 435 466 477 481
 182 : 32 41 47 56 66 136 144 150 164 177 213 215 257 267 268 295 317 325 327 347 378 386 390 486
 202 : 17 48 61 62 125 152 166 194 196 217 239 281 292 352 355 374 426 430 439 447 461 483
 210 : 57 83 90 105 122 133 142 162 178 204 221 247 248 252 264 311 324 354 375 407 421 424 433 482 484
 237 : 45 113 139 147 156 183 186 206 230 236 259 301 308 310 326 344 370 387 394 419 437 438 451 454 465 468 479
 258 : 1 8 27 54 58 63 74 91 116 120 138 176 181 190 207 219 234 262 303 350 360 379 381 389 392 398 410 441 452 456 478
 284 : 77 87 93 94 170 180 185 187 189 191 238 250 269 278 296 319 358 417 428 476 496
 289 : 4 33 39 53 65 82 98 99 100 107 119 126 254 270 291 309 333 364 383 425 429 455 485 491
 290 : 6 12 60 71 86 127 128 131 145 160 182 199 243 255 277 285 287 314 316 335 337 341 420 469 473
 325 : 14 26 97 102 140 161 174 203 240 246 266 271 293 320 332 362 380 405 411 418 488 490
 358 : 28 34 55 64 67 75 104 141 171 173 201 241 300 313 323 382 401 414 427 442 448 457 493
 373 : 5 7 10 38 59 68 80 92 110 197 212 229 256 276 294 302 342 346 353 365 371 377 399 404 415 422 431 449 450 472
 396 : 31 37 43 51 70 79 95 112 115 123 143 163 165 245 274 286 297 315 343 356 369 376 459 467
 398 : 3 20 25 44 69 85 124 129 130 146 148 155 159 179 200 214 224 226 231 249 253 275 279 321 330 351 359 361 366 368 393 396 423 432 443 446 453 471 492 499
 428 : 0 19 30 40 42 121 137 175 188 195 209 211 216 227 233 242 263 284 305 329 339 397 400 434 436 460 463 474 489 494
 477 : 2 36 52 81 114 117 149 154 169 192 198 202 205 208 235 289 299 322 328 338 349 372 385 409 440 470
 486 : 13 18 23 35 46 101 103 106 108 109 118 151 153 157 158 168 184 228 244 251 290 336 388 406 408 444 475 497 498
 490 : 11 16 50 72 73 89 96 111 132 167 193 237 265 272 280 306 307 312 318 331 395 412 445 458 487 495
SOLUTION:
  Value: -547358.000000
  Assigns: 61 50 53 398 53 482 13 54 82 82 54 13 464 54 112 53 50 302 97 112 54 107 112 53 482 398 50 482 13 482 53 107 13 112 302 107 152 13 61 99 464 464 107 53 398 13 107 54 464 112 54 53 13 302 482 13 97 398 13 398 307 99 82 107 107 112 302 112 482 398 112 54 152 61 50 307 82 307 307 152 99 307 107 464 482 13 112 307 398 99 307 307 54 152 107 307 482 50 112 50 53 482 53 53 13 112 54 54 53 152 307 302 50 82 53 61 50 53 53 112 302 82 82 464 398 99 464 61 482 97 398 398 398 61 398 82 302 307 53 97 482 61 53 82 53 13 464 107 398 50 97 61 61 97 61 398 112 61 53 398 53 398 82 50 302 82 464 97 152 107 13 307 464 112 53 307 107 107 482 398 54 307 302 112 112 50 53 53 107 152 464 97 152 13 53 302 53 307 152 13 482 54 307 53 398 82 152 50 152 302 152 50 302 152 112 53 398 97 82 53 82 464 54 99 398 307 398 302 54 307 112 398 53 482 61 152 53 307 307 97 464 464 97 307 53 112 398 464 107 398 99 50 61 398 107 112 398 99 107 54 307 53 61 97 50 54 82 107 307 302 53 482 307 99 112 398 97 54 398 398 307 302 54 61 82 53 482 50 307 54 99 112 82 53 107 464 97 99 99 112 54 82 302 112 99 97 152 53 13 307 302 464 152 307 152 482 99 464 54 61 50 398 13 54 50 13 82 112 50 99 152 53 50 13 50 53 99 50 99 53 99 302 99 107 152 302 97 54 107 13 61 99 50 82 82 82 464 53 482 54 107 398 99 302 97 99 152 97 464 112 54 50 482 50 307 307 54 398 53 13 99 13 302 152 61 152 54 53 54 482 482 464 54 398 50 61 398 13 82 482 54 112 99 53 53 54 112 97 464 99 82 61 13 54 54 398 54 107 152 97 107 464 107 61 53 112 464 53 302 464 307 152 398 464 54 50 152 464 53 482 99 307 112 464 307 50 99 61 464 107 107 302 302 398 53 307 307 152 107 107 97 61 112 112 53 61 302 398 307 482 13 398 61 82 152 13 97 302 152 302 152 107 50 464 112 107 99 97 54 13 99 61 398 50 82 464 112 13 152 398 
  Facilities: 16
 13 : 6 11 28 32 37 45 52 55 58 85 104 145 170 193 199 308 322 325 333 349 379 381 397 412 470 475 489 497
 50 : 1 16 26 74 97 99 112 116 149 163 185 207 211 251 264 287 320 324 328 332 334 337 352 371 373 394 435 445 482 493
 53 : 2 4 15 23 30 43 51 100 102 103 108 114 117 118 138 142 144 158 160 174 186 187 194 196 203 215 219 232 236 244 261 270 285 293 307 331 335 339 357 378 387 403 404 424 427 438 454 464
 54 : 7 10 13 20 47 50 71 92 106 107 180 201 222 228 259 265 277 282 289 300 318 323 347 359 370 376 386 388 392 400 405 413 414 416 434 488
 61 : 0 38 73 115 127 133 141 151 152 154 157 234 252 262 283 319 350 384 395 411 423 447 461 465 472 491
 82 : 8 9 62 76 113 121 122 135 143 162 165 205 218 220 266 284 292 301 326 353 354 355 398 410 473 494
 97 : 18 56 129 139 150 153 167 191 217 239 242 263 276 296 305 346 364 367 407 419 460 476 487
 99 : 39 61 80 89 125 223 250 257 273 290 297 298 304 316 329 336 338 340 342 351 362 365 380 402 409 440 446 486 490
 107 : 21 31 35 42 46 63 64 82 94 147 169 176 177 188 248 254 258 267 294 343 348 360 417 420 422 449 450 458 459 481 485
 112 : 14 19 22 33 49 65 67 70 86 98 105 119 156 173 183 184 214 230 245 255 274 291 299 303 327 369 401 406 425 442 462 463 484 496
 152 : 36 72 79 93 109 168 189 192 198 206 208 210 213 235 306 312 314 330 344 366 383 385 418 431 436 457 474 478 480 498
 302 : 17 34 53 66 111 120 136 164 182 195 209 212 227 269 281 302 310 341 345 363 382 428 451 452 466 477 479
 307 : 60 75 77 78 81 87 90 91 95 110 137 171 175 181 197 202 225 229 237 238 243 260 268 272 280 288 309 313 374 375 430 441 444 455 456 468
 398 : 3 25 44 57 59 69 88 124 130 131 132 134 148 155 159 161 179 204 216 224 226 231 246 249 253 256 275 278 279 321 361 377 393 396 415 432 453 467 471 492 499
 464 : 12 40 41 48 83 123 126 146 166 172 190 221 240 241 247 295 311 317 356 368 391 408 421 426 429 433 437 443 448 483 495
 482 : 5 24 27 29 54 68 84 96 101 128 140 178 200 233 271 286 315 358 372 389 390 399 439 469
SOLUTION:
  Value: -547384.000000
  Assigns: 61 53 53 398 108 482 307 54 82 82 54 53 183 54 415 53 302 302 97 112 54 415 112 415 482 398 183 183 108 415 53 107 82 112 302 107 183 415 108 99 97 53 107 53 398 61 107 54 307 112 54 53 54 108 482 99 97 398 415 398 307 99 82 107 107 183 302 112 482 398 112 183 183 61 310 307 82 307 307 112 99 307 107 183 482 97 112 307 108 183 307 307 310 302 107 307 482 183 108 61 53 108 415 53 97 112 54 54 183 108 183 302 482 82 53 183 108 53 53 112 302 82 82 482 398 99 108 61 482 97 398 398 398 61 398 183 302 307 53 97 482 61 53 82 53 53 108 183 398 398 310 61 61 97 61 398 112 61 53 398 53 398 82 482 108 82 310 97 415 107 97 307 310 112 53 307 107 107 482 398 54 307 302 112 112 112 310 53 107 415 398 97 107 310 53 183 53 307 82 415 482 54 307 53 108 415 310 183 61 310 82 183 302 310 112 53 415 183 82 53 82 97 54 99 398 307 398 302 310 307 112 398 53 482 61 310 53 307 183 108 108 310 97 307 53 112 398 415 107 398 99 82 183 398 107 112 398 99 107 54 307 108 61 97 183 183 108 107 307 302 53 482 183 99 112 398 415 108 398 415 108 302 54 61 82 53 482 53 310 183 415 112 183 53 107 53 97 99 99 112 54 82 302 112 99 97 108 53 82 307 183 398 183 307 302 415 99 107 54 61 183 398 310 54 310 82 82 112 108 99 398 53 54 53 310 53 99 482 99 310 99 183 99 107 302 415 97 54 415 183 61 99 307 82 82 82 183 53 482 54 107 398 99 302 97 415 398 97 398 415 54 183 482 99 183 307 54 183 53 307 99 97 302 415 61 307 183 53 54 108 415 53 54 183 108 61 398 307 82 482 183 112 183 53 415 54 112 415 108 99 82 61 310 54 54 398 54 107 61 97 107 107 107 61 53 112 398 53 302 53 307 183 398 54 54 307 53 310 183 482 99 307 112 398 183 61 108 61 183 107 107 415 302 398 53 307 307 99 108 310 97 61 112 108 53 183 302 398 307 482 82 398 61 82 108 302 97 302 108 302 54 107 61 112 310 107 99 415 183 183 99 415 398 61 82 302 108 482 302 398 
  Facilities: 16
 53 : 1 2 11 15 30 41 43 51 100 103 114 117 118 138 142 144 145 158 160 174 187 194 196 203 215 219 232 236 244 270 285 287 293 295 307 331 333 335 357 378 387 391 403 424 427 429 436 454 464
 54 : 7 10 13 20 47 50 52 106 107 180 201 222 259 282 300 318 323 332 347 359 370 376 388 392 405 413 414 416 433 434 480
 61 : 0 45 73 99 127 133 141 151 152 154 157 208 234 262 283 319 350 384 395 411 418 423 445 447 461 472 482 493
 82 : 8 9 32 62 76 113 121 122 143 162 165 198 210 218 220 251 284 301 308 325 326 353 354 355 398 410 470 473 494
 97 : 18 40 56 85 104 129 139 153 167 170 191 221 242 263 296 305 346 364 367 381 419 460 476
 99 : 39 55 61 80 125 223 250 257 273 297 298 304 316 329 336 338 340 342 351 362 373 380 409 440 457 486 490
 107 : 31 35 42 46 63 64 82 94 169 176 177 188 192 248 254 258 267 294 317 343 360 417 420 421 422 449 450 481 485
 108 : 4 28 38 53 88 98 101 109 116 126 146 164 204 239 240 261 266 277 280 306 328 389 394 408 446 458 463 474 478 496
 112 : 19 22 33 49 67 70 79 86 105 119 156 173 183 184 185 214 230 245 255 274 291 299 303 327 401 406 425 442 462 483
 183 : 12 26 27 36 65 71 72 83 89 97 108 110 115 135 147 195 207 211 217 238 252 264 265 272 289 292 310 312 320 341 349 356 371 374 377 386 393 400 402 431 438 444 448 465 488 489
 302 : 16 17 34 66 93 111 120 136 182 212 227 269 281 302 314 344 363 382 428 452 466 475 477 479 495 498
 307 : 6 48 60 75 77 78 81 87 90 91 95 137 171 175 181 197 202 225 229 237 243 260 268 309 313 352 375 379 385 397 430 435 441 455 456 468
 310 : 74 92 150 166 172 186 193 206 209 213 228 235 241 288 322 324 334 339 412 437 459 484
 398 : 3 25 44 57 59 69 124 130 131 132 134 148 149 155 159 161 179 190 224 226 231 246 249 253 256 275 278 311 321 330 361 366 368 396 415 426 432 443 453 467 471 492 499
 415 : 14 21 23 29 37 58 102 168 189 199 205 216 247 276 279 290 315 345 348 365 369 383 390 404 407 451 487 491
 482 : 5 24 54 68 84 96 112 123 128 140 163 178 200 233 271 286 337 358 372 399 439 469 497
SOLUTION:
  Value: -547431.000000
  Assigns: 61 152 53 398 53 482 307 54 281 82 54 3 53 54 112 53 302 302 97 112 54 107 112 53 482 398 112 482 61 482 281 107 82 112 302 107 3 307 483 99 97 281 281 53 398 3 107 54 307 112 54 53 54 302 482 483 97 398 54 398 307 3 82 107 107 112 302 281 482 398 112 54 152 483 483 307 82 307 307 152 99 307 3 152 482 97 112 307 398 99 307 307 54 152 107 307 482 152 112 483 281 482 53 53 97 112 54 54 53 152 307 3 3 82 53 61 107 53 53 112 302 82 82 482 398 99 483 61 482 97 398 398 483 3 398 82 302 307 483 97 482 61 53 82 53 281 281 483 398 483 3 61 61 97 61 398 112 61 53 398 53 398 82 482 302 82 281 483 483 107 97 307 281 483 53 307 107 107 482 398 54 307 302 112 112 281 53 53 107 152 398 3 152 482 53 302 281 3 152 61 482 54 307 53 398 82 3 483 152 302 152 3 302 152 112 53 483 483 82 53 82 483 54 99 398 307 398 302 3 307 281 398 53 482 61 152 53 307 307 281 99 302 97 307 53 112 398 281 107 398 99 483 61 398 483 112 398 99 107 54 307 53 61 97 281 54 82 107 307 483 53 482 307 3 112 398 97 54 398 398 307 302 54 61 82 53 3 3 307 54 99 112 483 53 107 53 97 99 99 483 281 82 302 112 99 281 152 3 82 483 302 3 152 307 152 3 99 107 54 3 3 3 3 54 482 82 82 112 482 99 152 53 54 53 281 53 99 281 99 53 99 302 281 107 152 302 483 54 281 483 61 99 307 82 82 82 61 53 482 54 483 398 99 302 97 99 152 483 398 112 54 281 482 99 281 307 54 398 53 307 99 97 302 3 61 152 54 53 54 482 482 53 54 398 307 61 398 307 82 482 54 112 3 53 53 54 112 97 99 99 82 61 61 54 54 398 54 107 152 97 107 3 107 61 53 112 3 53 302 53 307 152 398 3 54 307 152 112 53 482 3 307 112 398 281 61 99 61 3 107 3 302 302 398 53 3 307 152 107 281 97 61 112 112 53 61 302 398 307 482 281 398 61 82 152 483 97 302 152 3 152 107 61 3 112 107 99 97 54 112 99 483 398 483 82 3 112 281 152 398 
  Facilities: 16
 3 : 11 36 45 61 82 111 112 133 150 191 197 206 211 228 273 286 287 307 311 315 319 320 321 322 383 402 421 426 433 440 448 450 455 479 483 495
 53 : 2 4 12 15 23 43 51 102 103 108 114 117 118 142 144 158 160 174 186 187 194 203 215 219 232 236 244 261 270 285 293 295 331 333 335 339 357 378 387 391 403 404 424 427 429 438 454 464
 54 : 7 10 13 20 47 50 52 58 71 92 106 107 180 201 222 259 265 277 282 289 318 323 332 347 359 370 376 386 388 392 400 405 413 414 416 434 488
 61 : 0 28 115 127 141 151 152 154 157 199 234 252 262 283 350 356 384 395 411 412 423 445 447 461 465 472 482
 82 : 9 32 62 76 113 121 122 135 143 162 165 205 218 220 266 284 301 308 325 326 353 354 355 398 410 473 494
 97 : 18 40 56 85 104 129 139 153 170 242 263 276 296 364 381 407 419 460 476 487
 99 : 39 80 89 125 223 240 250 257 290 297 298 304 316 329 336 338 340 351 362 365 373 380 408 409 446 486 490
 107 : 21 31 35 46 63 64 94 116 169 176 177 188 248 258 267 294 317 343 417 420 422 449 458 481 485
 112 : 14 19 22 26 33 49 65 70 86 98 105 119 156 183 184 214 245 255 274 291 303 327 369 401 406 425 437 442 462 463 484 489 496
 152 : 1 72 79 83 93 97 109 189 192 198 208 210 213 235 306 312 314 330 344 366 385 418 431 436 457 474 478 480 498
 281 : 8 30 41 42 67 100 145 146 166 172 185 196 230 239 247 264 300 305 334 337 342 348 371 374 444 459 470 497
 302 : 16 17 34 53 66 120 136 164 182 195 209 212 227 241 281 302 310 341 345 363 382 428 451 452 466 477
 307 : 6 37 48 60 75 77 78 81 87 90 91 95 110 137 171 175 181 202 225 229 237 238 243 260 268 272 280 288 313 352 375 379 394 397 430 435 441 456 468
 398 : 3 25 44 57 59 69 88 124 130 131 134 148 155 159 161 179 190 204 224 226 231 246 249 253 256 275 278 279 361 368 377 393 396 415 432 443 453 467 471 492 499
 482 : 5 24 27 29 54 68 84 96 101 123 128 140 163 178 193 200 233 271 324 328 358 372 389 390 399 439 469
 483 : 38 55 73 74 99 126 132 138 147 149 167 168 173 207 216 217 221 251 254 269 292 299 309 346 349 360 367 475 491 493
SOLUTION:
  Value: -547474.000000
  Assigns: 61 152 53 398 53 482 307 54 281 82 54 3 53 54 325 53 302 302 97 112 54 107 112 53 482 398 325 482 61 482 281 107 82 112 302 107 3 307 61 99 97 281 281 325 398 3 107 54 307 112 54 53 54 302 482 3 97 398 54 398 307 3 82 107 107 112 302 281 482 398 112 325 152 61 482 307 82 307 307 152 325 307 3 152 482 97 112 307 398 99 307 307 54 152 107 307 482 325 112 61 281 482 325 53 97 112 54 54 325 152 307 3 3 82 53 61 107 53 53 112 302 82 82 482 398 99 325 61 482 97 398 398 398 3 398 82 302 307 53 97 482 61 53 82 53 281 281 107 398 398 325 61 61 97 61 398 112 61 53 398 53 325 82 482 302 82 281 97 152 107 97 307 281 112 325 307 107 107 482 398 54 307 302 112 112 281 53 53 107 152 398 3 152 482 53 302 281 3 152 61 482 54 307 53 398 82 3 53 152 302 152 3 302 152 112 53 398 97 82 53 82 97 54 99 398 307 398 302 3 307 281 398 53 482 61 152 53 307 307 281 325 302 97 307 53 112 325 281 107 398 99 3 61 398 281 112 398 99 107 54 307 53 61 97 281 54 325 107 307 302 53 325 307 3 112 398 97 54 398 398 307 302 54 61 82 53 3 3 307 54 99 112 82 53 107 53 97 99 99 112 281 82 302 112 99 281 152 3 82 3 302 3 152 307 152 3 99 107 54 3 325 3 3 54 482 82 82 112 482 99 152 53 325 53 281 53 99 281 99 53 99 302 281 107 152 302 97 54 281 398 61 99 307 82 82 82 61 325 482 54 107 398 325 302 97 99 152 97 398 112 54 281 482 99 281 307 54 398 53 307 99 97 302 3 61 152 54 53 54 325 482 53 54 398 307 61 398 307 82 482 54 112 3 53 53 54 112 97 99 99 82 61 61 325 54 398 54 107 325 97 107 3 107 61 53 112 3 53 302 53 307 152 398 3 54 325 152 112 53 482 3 307 112 398 281 61 99 61 3 107 3 302 302 398 53 3 307 152 325 281 97 61 112 112 53 61 302 398 307 482 281 398 61 82 152 302 97 302 152 3 152 107 61 3 112 107 99 97 325 112 325 61 398 61 82 3 112 281 152 398 
  Facilities: 16
 3 : 11 36 45 55 61 82 111 112 133 191 197 206 211 228 251 273 286 287 307 309 311 315 319 321 322 383 402 421 426 433 440 448 450 455 479 483 495
 53 : 2 4 12 15 23 51 103 114 117 118 138 142 144 158 160 186 187 194 203 207 215 219 232 236 244 261 270 285 293 295 331 333 335 339 378 387 391 403 404 424 427 429 438 454 464
 54 : 7 10 13 20 47 50 52 58 92 106 107 180 201 222 259 265 277 282 289 318 323 347 359 370 376 386 388 392 400 405 414 416 434
 61 : 0 28 38 73 99 115 127 141 151 152 154 157 199 234 252 262 283 350 356 384 395 411 412 423 445 447 461 465 472 482 491 493
 82 : 9 32 62 76 113 121 122 135 143 162 165 205 218 220 284 292 301 308 325 326 353 354 355 398 410 473 494
 97 : 18 40 56 85 104 129 139 153 167 170 217 221 242 263 276 296 346 364 367 381 407 419 460 476 487
 99 : 39 89 125 223 250 257 290 297 298 304 316 329 336 338 340 351 365 373 380 408 409 446 486
 107 : 21 31 35 46 63 64 94 116 147 169 176 177 188 248 258 267 294 317 343 360 417 420 422 449 481 485
 112 : 19 22 33 49 65 70 86 98 105 119 156 173 183 184 214 245 255 274 291 299 303 327 369 401 406 425 437 442 462 463 484 489 496
 152 : 1 72 79 83 93 109 168 189 192 198 208 210 213 235 306 312 314 330 344 366 385 431 436 457 474 478 480 498
 281 : 8 30 41 42 67 100 145 146 166 172 185 196 230 239 247 254 264 300 305 334 337 342 348 371 374 444 459 470 497
 302 : 16 17 34 53 66 120 136 164 182 195 209 212 227 241 269 281 302 310 341 345 363 382 428 451 452 466 475 477
 307 : 6 37 48 60 75 77 78 81 87 90 91 95 110 137 171 175 181 202 225 229 237 238 243 260 268 272 280 288 313 352 375 379 394 397 430 441 456 468
 325 : 14 26 43 71 80 97 102 108 126 150 161 174 240 246 266 271 320 332 357 362 389 413 418 435 458 488 490
 398 : 3 25 44 57 59 69 88 124 130 131 132 134 148 149 155 159 179 190 204 216 224 226 231 249 253 256 275 278 279 349 361 368 377 393 396 415 432 443 453 467 471 492 499
 482 : 5 24 27 29 54 68 74 84 96 101 123 128 140 163 178 193 200 233 324 328 358 372 390 399 439 469
SOLUTION:
  Value: -547634.000000
  Assigns: 61 53 53 17 108 482 307 54 82 82 54 53 183 54 17 311 302 17 97 112 54 415 112 415 482 398 183 183 108 415 53 107 383 383 302 107 183 17 108 99 97 53 107 53 398 61 107 54 307 112 311 53 54 108 482 17 97 398 415 398 307 99 82 107 107 183 302 112 311 398 383 17 183 61 311 307 82 307 307 112 99 307 107 183 311 97 112 307 108 183 307 17 383 302 107 307 482 183 108 383 17 108 415 53 97 112 54 54 183 108 183 302 482 82 53 183 108 53 311 112 302 82 82 482 398 99 17 61 482 97 398 398 398 17 398 183 302 307 53 97 482 61 53 82 53 53 108 183 311 398 183 61 61 97 61 398 383 61 53 398 53 398 82 482 108 82 17 17 415 107 97 307 183 17 53 307 107 17 482 398 54 307 383 112 112 112 53 311 107 415 398 97 107 17 53 183 53 307 82 383 482 54 307 53 108 415 17 183 61 302 82 383 302 17 112 53 415 183 82 53 82 97 54 99 398 307 398 302 54 307 112 398 53 482 61 17 53 307 183 108 108 383 97 307 53 112 398 383 107 398 99 311 383 398 107 112 398 99 107 54 307 108 61 17 183 183 108 383 307 302 53 482 17 99 112 398 415 108 311 17 108 302 54 61 82 53 482 311 17 183 415 311 183 53 107 17 97 99 99 112 17 17 302 112 99 97 108 53 82 307 183 398 17 307 302 415 99 107 54 311 17 398 61 54 482 82 82 112 108 99 398 311 54 17 53 53 99 482 17 53 99 183 99 107 302 415 311 54 415 183 61 99 307 82 82 82 17 53 482 54 107 398 99 302 97 415 398 97 398 415 54 183 482 99 17 307 54 17 53 307 99 97 383 415 61 383 183 53 54 108 415 53 54 183 108 61 398 307 82 482 183 112 183 53 415 54 383 415 108 99 82 61 61 54 54 398 54 107 61 17 107 383 107 61 53 112 398 53 302 53 307 183 398 383 54 307 53 383 183 482 99 307 112 398 183 61 108 61 183 107 107 415 302 398 383 307 307 99 108 107 97 61 112 108 53 183 302 17 307 482 82 398 61 82 311 302 97 302 108 302 54 107 61 112 383 107 99 415 383 383 99 415 398 61 82 17 108 482 302 398 
  Facilities: 18
 17 : 3 14 17 37 55 71 91 100 126 133 166 167 173 177 193 206 213 235 263 272 279 288 295 300 301 312 320 333 338 356 374 377 419 467 495
 53 : 1 2 11 30 41 43 51 103 114 117 138 142 144 145 158 160 174 186 194 196 203 215 219 232 236 244 270 285 293 307 334 335 339 357 378 387 391 403 424 427 429 436 464
 54 : 7 10 13 20 47 52 106 107 180 201 222 228 259 282 318 323 332 347 359 370 376 388 392 405 413 414 416 434 480
 61 : 0 45 73 127 141 151 152 154 157 208 234 262 283 322 350 384 395 411 412 418 423 445 447 461 472 482 493
 82 : 8 9 62 76 113 121 122 143 162 165 198 210 218 220 284 308 325 326 353 354 355 398 410 470 473 494
 97 : 18 40 56 85 104 129 139 153 170 191 221 242 296 305 364 367 381 460 476
 99 : 39 61 80 125 223 250 257 273 297 298 304 316 329 336 340 342 351 362 373 380 409 440 457 486 490
 107 : 31 35 42 46 63 64 82 94 169 176 188 192 248 254 258 294 317 343 360 417 420 422 449 450 459 481 485
 108 : 4 28 38 53 88 98 101 109 116 146 164 204 239 240 261 266 277 280 306 328 389 394 408 446 458 463 478 496
 112 : 19 22 49 67 79 86 105 119 183 184 185 214 230 245 255 274 299 303 327 401 425 442 462 483
 183 : 12 26 27 36 65 72 83 89 97 108 110 115 135 147 150 172 195 207 217 238 264 265 289 292 310 341 349 371 386 393 400 402 431 438 444 448 465
 302 : 16 34 66 93 111 120 136 209 212 227 269 281 302 314 344 363 428 452 466 475 477 479 498
 307 : 6 48 60 75 77 78 81 87 90 95 137 171 175 181 197 202 225 229 237 243 260 268 309 313 352 375 379 397 430 435 441 455 456 468
 311 : 15 50 68 74 84 118 148 187 251 278 287 291 319 331 346 474
 383 : 32 33 70 92 99 156 182 199 211 241 247 252 267 382 385 406 421 433 437 454 484 488 489
 398 : 25 44 57 59 69 124 130 131 132 134 149 155 159 161 179 190 224 226 231 246 249 253 256 275 311 321 330 361 366 368 396 415 426 432 443 453 471 492 499
 415 : 21 23 29 58 102 168 189 205 216 276 290 315 345 348 365 369 383 390 404 407 451 487 491
 482 : 5 24 54 96 112 123 128 140 163 178 200 233 271 286 324 337 358 372 399 439 469 497
SOLUTION:
  Value: -547642.000000
  Assigns: 428 258 290 398 289 373 290 373 258 89 373 490 290 486 325 89 490 202 486 428 398 124 124 486 124 398 325 258 358 89 428 396 182 289 358 486 258 396 373 289 428 182 428 396 398 237 486 182 202 89 490 396 373 289 258 358 182 210 258 373 290 202 202 258 358 289 182 358 373 398 396 290 490 490 258 358 89 284 124 396 373 284 289 210 89 398 290 284 89 490 210 258 373 284 284 396 490 325 289 289 289 486 325 486 358 210 486 289 486 486 373 490 396 237 202 396 258 210 486 289 258 428 210 396 398 202 289 290 290 398 398 290 490 210 124 89 182 428 258 237 325 358 210 396 182 290 398 237 398 237 182 486 202 486 398 398 237 486 486 398 290 325 210 396 182 396 202 490 486 182 284 358 89 358 325 428 258 182 210 398 284 258 290 237 486 284 237 284 428 284 258 284 398 490 202 428 202 373 373 290 398 358 124 325 210 373 237 258 284 428 89 428 373 182 398 182 428 202 124 258 124 210 124 124 398 124 398 428 486 373 237 398 89 428 258 89 237 490 284 202 325 358 428 290 486 396 325 210 210 398 284 486 210 398 289 290 373 182 89 237 124 89 258 428 210 490 325 182 182 284 289 325 490 89 396 398 373 290 284 398 490 202 89 124 428 290 396 290 89 490 486 289 202 325 373 182 284 396 124 490 358 237 373 258 89 428 490 490 237 289 237 210 490 358 290 396 290 182 490 284 325 398 237 358 210 182 237 182 124 428 398 490 325 289 124 290 486 290 182 428 89 290 373 396 237 89 373 182 89 289 258 398 202 373 210 202 396 124 284 398 258 398 325 89 289 373 398 89 398 396 237 373 289 124 202 210 396 373 182 258 325 258 358 289 89 284 182 237 486 258 182 124 258 398 237 490 398 428 258 373 428 358 124 124 373 325 486 210 486 486 258 325 490 89 358 373 89 284 325 237 290 210 373 398 210 289 202 358 284 289 202 373 398 210 428 124 428 237 237 202 325 258 358 398 486 490 398 202 358 373 373 237 258 398 237 289 258 358 490 396 428 202 89 428 89 237 124 396 237 290 89 398 373 290 428 486 284 124 258 237 89 124 210 202 210 289 182 490 325 428 325 289 398 358 428 490 284 486 486 398 
  Facilities: 18
 89 : 9 15 29 49 76 84 88 135 172 210 232 235 258 261 273 282 288 304 340 345 348 363 367 384 413 416 462 464 470 480
 124 : 21 22 24 78 134 202 218 220 222 223 225 260 283 298 328 334 357 373 391 402 403 435 466 477 481
 182 : 32 41 47 56 66 136 144 150 164 169 177 213 215 257 267 268 295 317 325 327 338 347 378 386 390 486
 202 : 17 48 61 62 114 125 152 166 194 196 217 239 281 292 352 355 374 426 430 439 447 461 483
 210 : 57 83 90 105 117 122 133 142 162 178 204 221 247 248 252 264 311 324 354 375 407 421 424 433 482 484
 237 : 45 113 139 147 149 156 183 186 206 230 236 259 301 308 310 322 326 344 370 387 394 419 437 438 451 454 465 468 479
 258 : 1 8 27 36 54 58 63 74 91 116 120 138 176 181 190 207 219 234 262 303 350 360 379 381 389 392 398 410 441 452 456 478
 284 : 77 81 87 93 94 170 180 185 187 189 191 208 238 250 269 278 296 319 358 385 417 428 476 496
 289 : 4 33 39 53 65 82 98 99 100 107 119 126 254 270 291 309 333 349 364 372 383 425 429 455 485 491
 290 : 2 6 12 60 71 86 127 128 131 145 160 182 199 243 255 277 285 287 314 316 335 337 341 420 469 473
 325 : 14 26 97 102 140 161 174 203 240 246 266 271 293 320 332 362 380 405 411 418 440 488 490
 358 : 28 34 55 64 67 75 104 141 171 173 201 241 300 313 323 382 401 414 427 442 448 457 493
 373 : 5 7 10 38 52 59 68 80 92 110 197 198 205 212 229 256 276 294 302 342 346 353 365 371 377 399 404 415 422 431 449 450 472
 396 : 31 37 43 51 70 79 95 112 115 123 143 163 165 245 274 286 297 315 343 356 369 376 459 467
 398 : 3 20 25 44 69 85 124 129 130 146 148 154 155 159 179 192 200 214 224 226 231 249 253 275 279 321 330 351 359 361 366 368 393 396 423 432 443 446 453 471 492 499
 428 : 0 19 30 40 42 121 137 175 188 195 209 211 216 227 233 242 263 284 305 329 339 397 400 434 436 460 463 474 489 494
 486 : 13 18 23 35 46 101 103 106 108 109 118 151 153 157 158 168 184 228 244 251 290 336 388 406 408 409 444 475 497 498
 490 : 11 16 50 72 73 89 96 111 132 167 193 237 265 272 280 289 299 306 307 312 318 331 395 412 445 458 487 495
SOLUTION:
  Value: -547673.000000
  Assigns: 408 259 393 398 404 422 217 217 157 422 403 435 393 217 451 408 217 253 408 472 451 472 408 414 253 304 127 435 393 393 404 422 157 451 34 259 472 408 217 393 403 393 472 414 393 403 119 404 253 414 393 472 119 294 404 294 34 398 422 398 259 404 294 127 294 157 34 253 294 398 304 472 404 408 119 451 304 34 259 435 253 422 414 451 253 398 34 404 398 403 408 404 119 253 472 435 157 34 119 393 435 435 451 119 34 119 157 119 404 253 408 472 435 451 472 435 119 34 435 414 404 408 408 435 398 259 34 119 217 294 398 398 398 127 435 393 253 259 157 435 393 403 404 259 253 127 403 451 398 472 393 403 435 119 398 398 253 408 422 398 119 398 451 408 127 119 294 119 253 34 403 34 294 422 34 408 253 294 393 398 422 404 472 157 435 304 253 34 259 435 398 119 435 217 393 451 34 414 157 422 398 408 404 404 393 472 119 404 472 451 304 435 414 259 403 259 259 435 217 404 403 451 451 451 398 157 398 259 472 127 157 398 451 403 304 259 127 253 304 253 451 217 451 217 157 435 294 34 304 34 403 414 435 398 422 408 398 217 259 34 422 404 259 217 393 408 127 408 408 404 259 253 34 119 253 398 435 408 119 422 403 472 408 403 404 435 451 217 217 259 253 393 414 414 253 34 472 217 451 393 34 408 294 157 404 34 403 408 422 217 34 253 157 253 435 393 34 393 127 404 217 398 408 127 253 157 34 414 157 157 393 451 414 408 294 404 157 34 119 119 259 304 294 304 422 217 34 157 472 34 414 253 414 34 393 34 422 393 294 398 451 119 119 422 294 259 398 435 398 253 217 127 472 157 34 451 393 259 157 472 403 422 119 422 127 217 253 422 403 34 451 472 414 422 398 451 259 403 393 157 34 34 435 472 294 422 217 294 404 217 127 403 127 253 408 393 435 422 157 403 253 472 127 157 414 253 119 259 408 393 414 414 398 127 408 253 157 408 294 127 259 259 119 414 403 414 294 127 34 398 259 157 217 398 127 422 435 414 259 414 408 472 304 403 422 127 404 435 294 294 435 472 404 217 422 414 403 34 393 304 119 304 157 157 157 294 414 435 217 119 259 304 472 294 294 294 451 259 403 398 
  Facilities: 19
 34 : 34 56 66 77 86 97 104 117 126 169 171 174 187 196 247 249 259 272 295 300 305 310 316 326 337 346 349 353 355 374 389 400 401 448 477
 119 : 46 52 74 92 98 103 105 107 116 127 153 160 165 167 191 206 273 278 338 339 361 362 382 426 442 480 489
 127 : 26 63 133 145 164 229 236 266 318 323 371 384 410 412 422 433 439 447 454 465
 157 : 8 32 65 96 106 138 183 198 225 230 244 303 312 325 328 329 336 347 373 378 399 418 423 436 451 482 483 484
 217 : 6 7 13 16 38 128 193 218 241 243 257 263 287 288 297 309 320 345 370 385 406 409 452 473 488
 253 : 17 24 48 67 80 84 93 109 136 144 156 168 176 186 237 239 271 274 290 294 311 313 324 351 369 386 413 420 425 435
 259 : 1 35 60 78 125 137 143 188 213 215 216 227 235 258 262 270 289 340 365 377 396 427 440 441 450 458 490 497
 294 : 53 55 62 64 68 129 166 172 177 246 302 334 342 358 364 404 407 438 446 468 469 485 493 494 495
 304 : 25 70 76 185 210 234 238 248 341 343 462 479 481 491
 393 : 2 12 28 29 39 41 44 50 99 135 140 150 178 194 204 264 291 299 315 317 330 354 357 376 398 415 429 478
 398 : 3 57 59 69 85 88 124 130 131 132 148 154 155 159 161 179 190 200 224 226 231 253 256 275 321 359 366 368 394 432 449 453 499
 403 : 10 40 45 89 141 146 151 170 214 220 233 250 280 283 306 380 388 397 411 419 444 463 476 498
 404 : 4 30 47 54 61 72 87 91 108 120 142 181 202 203 207 219 261 269 284 304 319 335 408 466 472
 408 : 0 15 18 22 37 73 90 110 121 122 157 163 175 201 255 265 267 268 277 282 301 307 322 333 414 428 434 437 460
 414 : 23 43 49 82 119 197 212 251 292 293 327 332 350 352 392 424 430 431 443 445 457 459 475 486
 422 : 5 9 31 58 81 158 173 180 199 254 260 279 308 344 356 363 381 383 387 393 405 417 455 464 474
 435 : 11 27 79 95 100 101 112 115 118 123 134 139 152 184 189 192 211 217 245 252 276 285 314 367 402 416 456 467 470 487
 451 : 14 20 33 75 83 102 113 147 162 195 209 221 222 223 232 240 242 286 298 331 360 375 390 395 496
 472 : 19 21 36 42 51 71 94 111 114 149 182 205 208 228 281 296 348 372 379 391 403 421 461 471 492
SOLUTION:
  Value: -547729.000000
  Assigns: 403 259 300 398 136 422 228 217 132 209 403 435 304 209 294 66 217 253 472 472 300 472 66 414 300 209 127 435 136 66 404 422 34 300 34 136 472 66 217 34 228 403 472 414 398 300 209 404 253 414 304 136 119 294 404 132 34 398 136 398 259 136 294 127 294 294 34 253 294 398 209 472 136 472 119 472 304 300 259 435 253 422 414 294 253 398 66 404 398 403 127 404 209 253 472 66 472 136 119 66 435 435 132 119 136 119 34 119 404 253 127 472 136 294 132 435 228 66 435 300 404 209 119 300 398 259 34 66 217 294 398 398 398 127 435 132 253 259 136 435 66 228 404 259 253 127 403 132 398 300 132 300 435 119 300 398 253 404 422 398 119 228 132 300 228 119 294 119 253 34 403 34 136 422 34 300 253 294 66 398 422 404 472 209 435 304 253 34 259 228 228 119 435 217 259 228 136 66 300 66 66 228 404 404 209 132 119 404 472 136 304 132 209 259 300 259 228 66 228 228 403 209 217 209 398 66 398 259 472 127 422 398 228 403 300 259 127 209 304 253 472 217 472 217 119 136 294 66 304 34 403 414 132 398 300 132 398 217 132 34 136 404 259 217 217 294 127 304 209 404 259 253 66 119 253 398 228 66 119 422 403 228 398 403 404 209 404 132 136 259 253 136 414 414 253 34 472 217 136 66 34 304 294 228 300 34 403 435 422 217 34 253 66 228 435 228 34 217 127 404 217 398 294 127 253 294 34 414 422 472 398 398 300 136 294 404 136 34 119 119 259 304 294 304 422 66 34 136 472 34 414 253 414 34 209 228 422 209 66 66 228 119 119 422 294 259 398 435 398 132 209 127 472 228 34 66 209 259 228 472 403 422 132 209 127 217 228 228 403 132 132 136 414 422 136 209 259 403 132 259 34 34 228 132 294 422 217 294 404 217 127 403 127 253 209 398 435 422 435 403 209 472 127 217 414 136 119 228 217 66 414 414 398 127 259 253 34 209 294 127 228 228 119 414 403 414 294 127 136 300 228 209 217 398 127 422 66 132 259 414 66 136 304 136 422 127 404 435 294 294 435 472 404 217 422 66 403 34 294 66 119 300 136 66 403 294 414 435 217 119 259 304 472 300 294 294 472 136 403 398 
  Facilities: 21
 34 : 32 34 39 56 66 106 126 169 171 174 187 249 259 295 300 305 310 316 326 337 346 349 353 374 400 401 436 477
 66 : 15 22 29 37 86 95 99 117 127 140 178 197 199 200 217 225 247 272 277 299 312 345 358 359 375 429 456 460 475 479 483
 119 : 52 74 98 103 105 107 122 153 160 165 167 191 206 244 273 278 338 339 361 362 426 442 480 489
 127 : 26 63 90 110 133 145 229 236 266 318 323 371 384 410 412 422 433 439 447 454 465
 132 : 8 55 102 114 135 147 150 162 205 211 252 255 258 287 369 382 389 390 398 403 457
 136 : 4 28 35 51 58 61 72 97 104 112 138 172 196 209 245 260 288 291 298 333 336 347 391 394 425 448 461 463 482 497
 209 : 9 13 25 46 70 92 121 183 204 212 221 223 237 268 285 354 357 370 376 383 395 414 420 437 451
 217 : 7 16 38 128 193 222 241 243 257 263 264 297 309 317 320 385 406 409 423 428 452 473 488
 228 : 6 40 116 141 161 164 189 190 195 201 216 218 219 232 276 281 303 313 315 355 360 373 378 386 387 402 427 440 441 450
 253 : 17 48 67 80 84 93 109 136 144 156 168 176 186 239 271 274 290 294 311 324 351 413 435
 259 : 1 60 78 125 137 143 188 194 213 215 227 235 262 270 289 340 365 377 396 399 434 458 490
 294 : 14 53 62 64 65 68 83 113 129 166 177 246 265 302 322 325 334 342 364 404 407 438 446 468 469 478 485 494 495
 300 : 2 20 24 33 45 77 119 123 149 151 154 163 175 198 214 234 254 304 332 449 481 493
 304 : 12 50 76 185 210 238 248 267 301 341 343 462 491
 398 : 3 44 57 59 69 85 88 124 130 131 132 148 155 159 179 224 226 231 253 256 275 282 321 330 331 366 368 415 432 453 499
 403 : 0 10 41 89 146 170 220 233 250 280 283 306 380 388 397 411 419 444 476 484 498
 404 : 30 47 54 87 91 108 120 142 157 181 202 203 207 261 269 284 286 319 335 408 466 472
 414 : 23 43 49 82 251 292 293 327 350 352 392 424 430 431 443 445 459 486
 422 : 5 31 81 158 173 180 230 279 308 328 344 356 363 381 393 405 417 455 464 474
 435 : 11 27 79 100 101 115 118 134 139 152 184 192 307 314 367 416 418 467 470 487
 472 : 18 19 21 36 42 71 73 75 94 96 111 182 208 228 240 242 296 329 348 372 379 421 471 492 496
