# Time: 101.940002
# Elapsed: 40.901230
# Input_file: pmedian/pmed/pmed6.txt
# Pool_size: 200
# Iterations: 5
# Final_solutions: 1000
# Vision_range: 400
# Reduction_mode: REDUCTION_DISPERSE
# Dissimilitude: DISSIM_HAUSDORFF
# Facility_dist: FDISMODE_MINDIST
SOLUTION:
  Value: -7911.000000
  Assigns: 168 125 100 100 168 168 168 125 177 168 168 177 168 100 177 177 137 137 125 100 100 168 137 177 168 168 177 137 125 125 177 177 177 100 177 125 100 168 177 125 177 125 168 125 125 125 137 177 168 137 137 100 100 168 177 177 177 168 137 137 137 168 125 125 177 125 177 168 100 137 137 125 125 137 137 137 137 177 177 177 137 125 125 168 177 177 177 177 100 100 177 168 168 168 177 137 177 100 177 100 100 100 168 125 125 100 100 168 168 168 168 100 100 100 168 100 100 168 168 168 168 100 125 125 125 125 125 168 168 125 125 125 168 100 100 100 100 137 137 125 125 125 125 125 168 100 137 177 125 168 137 100 100 100 125 168 168 177 100 100 177 125 100 168 168 168 100 125 168 137 177 168 168 100 125 125 137 177 177 125 125 168 168 137 100 100 177 177 177 177 177 125 177 177 100 100 100 100 168 168 
  Facilities: 5
 100 : 2 3 13 19 20 33 36 51 52 68 88 89 97 99 100 101 105 106 111 112 113 115 116 121 133 134 135 136 145 151 152 153 158 159 162 166 173 184 185 194 195 196 197
 125 : 1 7 18 28 29 35 39 41 43 44 45 62 63 65 71 72 81 82 103 104 122 123 124 125 126 129 130 131 139 140 141 142 143 148 154 161 167 174 175 179 180 191
 137 : 16 17 22 27 46 49 50 58 59 60 69 70 73 74 75 76 80 95 137 138 146 150 169 176 183
 168 : 0 4 5 6 9 10 12 21 24 25 37 42 48 53 57 61 67 83 91 92 93 102 107 108 109 110 114 117 118 119 120 127 128 132 144 149 155 156 163 164 165 168 171 172 181 182 198 199
 177 : 8 11 14 15 23 26 30 31 32 34 38 40 47 54 55 56 64 66 77 78 79 84 85 86 87 90 94 96 98 147 157 160 170 177 178 186 187 188 189 190 192 193
SOLUTION:
  Value: -8379.000000
  Assigns: 0 125 100 100 168 168 0 125 177 168 168 177 168 100 177 177 125 125 125 100 100 168 177 177 168 168 177 177 125 125 177 177 177 100 177 125 100 168 177 125 177 125 168 125 125 125 100 177 168 177 100 100 100 168 177 177 177 168 168 177 168 168 125 125 177 125 177 168 100 168 168 125 125 177 177 177 177 177 177 177 177 125 125 168 177 177 177 177 100 100 177 168 168 168 177 125 177 100 177 100 100 100 168 125 125 100 100 168 168 168 168 100 100 100 168 100 100 168 168 168 168 100 125 125 125 125 125 168 168 125 125 125 168 100 100 100 100 168 177 125 125 125 125 125 168 100 125 177 125 168 177 100 100 100 125 168 168 177 100 100 177 125 100 168 168 168 100 125 168 177 177 168 168 100 125 125 177 177 177 125 125 168 168 177 100 100 177 177 177 177 177 125 177 177 100 100 100 100 168 0 
  Facilities: 5
 0 : 0 6 199
 100 : 2 3 13 19 20 33 36 46 50 51 52 68 88 89 97 99 100 101 105 106 111 112 113 115 116 121 133 134 135 136 145 151 152 153 158 159 162 166 173 184 185 194 195 196 197
 125 : 1 7 16 17 18 28 29 35 39 41 43 44 45 62 63 65 71 72 81 82 95 103 104 122 123 124 125 126 129 130 131 139 140 141 142 143 146 148 154 161 167 174 175 179 180 191
 168 : 4 5 9 10 12 21 24 25 37 42 48 53 57 58 60 61 67 69 70 83 91 92 93 102 107 108 109 110 114 117 118 119 120 127 128 132 137 144 149 155 156 163 164 165 168 171 172 181 182 198
 177 : 8 11 14 15 22 23 26 27 30 31 32 34 38 40 47 49 54 55 56 59 64 66 73 74 75 76 77 78 79 80 84 85 86 87 90 94 96 98 138 147 150 157 160 169 170 176 177 178 183 186 187 188 189 190 192 193
SOLUTION:
  Value: -8452.000000
  Assigns: 168 125 100 100 168 168 168 125 177 168 168 177 168 100 177 177 125 125 125 100 100 168 177 177 168 168 177 177 125 125 177 177 177 100 177 125 100 168 177 125 177 125 168 125 125 125 100 177 168 177 100 100 100 168 177 177 177 168 168 177 168 168 125 125 177 125 177 168 100 168 168 125 125 177 177 177 177 177 177 177 177 125 125 168 177 177 177 177 100 100 177 168 168 168 177 125 177 100 177 100 100 100 168 125 125 100 100 168 168 168 168 100 100 100 168 100 100 117 117 168 168 100 125 125 125 125 125 168 168 125 125 125 168 100 100 100 100 168 177 125 125 125 125 125 168 100 125 177 125 168 177 100 100 100 125 168 168 177 100 100 177 125 100 168 168 168 100 125 168 177 177 168 168 100 125 125 177 177 177 125 125 168 168 177 100 100 177 177 177 177 177 125 177 177 100 100 100 100 168 168 
  Facilities: 5
 100 : 2 3 13 19 20 33 36 46 50 51 52 68 88 89 97 99 100 101 105 106 111 112 113 115 116 121 133 134 135 136 145 151 152 153 158 159 162 166 173 184 185 194 195 196 197
 117 : 117 118
 125 : 1 7 16 17 18 28 29 35 39 41 43 44 45 62 63 65 71 72 81 82 95 103 104 122 123 124 125 126 129 130 131 139 140 141 142 143 146 148 154 161 167 174 175 179 180 191
 168 : 0 4 5 6 9 10 12 21 24 25 37 42 48 53 57 58 60 61 67 69 70 83 91 92 93 102 107 108 109 110 114 119 120 127 128 132 137 144 149 155 156 163 164 165 168 171 172 181 182 198 199
 177 : 8 11 14 15 22 23 26 27 30 31 32 34 38 40 47 49 54 55 56 59 64 66 73 74 75 76 77 78 79 80 84 85 86 87 90 94 96 98 138 147 150 157 160 169 170 176 177 178 183 186 187 188 189 190 192 193
SOLUTION:
  Value: -8568.000000
  Assigns: 168 125 100 100 168 168 168 125 177 168 168 177 168 100 177 177 125 125 125 100 100 168 177 177 168 168 177 177 125 125 177 177 177 100 177 125 100 168 177 125 177 125 168 125 125 125 100 177 168 177 100 100 100 168 177 177 177 168 168 177 168 168 125 125 177 125 177 168 100 168 168 125 125 177 177 177 177 177 177 177 177 125 125 168 177 177 177 177 100 100 177 168 168 168 177 125 177 100 177 100 100 100 168 125 125 100 100 168 168 168 168 100 100 100 168 100 100 168 168 168 168 100 125 125 125 125 125 168 168 125 125 125 168 100 100 100 100 168 177 125 125 125 125 125 168 100 125 177 125 168 177 100 100 100 125 168 168 177 100 100 177 125 100 168 168 168 100 125 168 177 177 168 168 100 125 125 177 177 177 125 125 168 168 177 100 100 177 177 177 177 177 125 177 177 100 100 100 100 168 168 
  Facilities: 4
 100 : 2 3 13 19 20 33 36 46 50 51 52 68 88 89 97 99 100 101 105 106 111 112 113 115 116 121 133 134 135 136 145 151 152 153 158 159 162 166 173 184 185 194 195 196 197
 125 : 1 7 16 17 18 28 29 35 39 41 43 44 45 62 63 65 71 72 81 82 95 103 104 122 123 124 125 126 129 130 131 139 140 141 142 143 146 148 154 161 167 174 175 179 180 191
 168 : 0 4 5 6 9 10 12 21 24 25 37 42 48 53 57 58 60 61 67 69 70 83 91 92 93 102 107 108 109 110 114 117 118 119 120 127 128 132 137 144 149 155 156 163 164 165 168 171 172 181 182 198 199
 177 : 8 11 14 15 22 23 26 27 30 31 32 34 38 40 47 49 54 55 56 59 64 66 73 74 75 76 77 78 79 80 84 85 86 87 90 94 96 98 138 147 150 157 160 169 170 176 177 178 183 186 187 188 189 190 192 193
SOLUTION:
  Value: -8827.000000
  Assigns: 168 45 177 177 168 168 168 177 177 168 168 177 168 177 177 177 45 45 45 45 45 168 62 177 168 45 177 177 45 45 177 177 40 177 177 45 168 168 177 40 40 40 168 177 45 45 168 177 168 177 177 168 168 168 177 177 177 168 168 177 62 62 62 45 40 45 177 168 177 168 168 177 177 177 45 177 177 177 177 177 177 45 45 168 177 177 177 177 177 177 177 168 168 168 177 45 177 177 177 168 168 168 168 45 45 168 45 168 168 168 168 168 168 168 168 168 177 168 168 168 168 168 45 40 40 45 45 168 168 45 45 45 168 177 168 168 168 168 45 45 45 45 45 45 168 168 168 177 177 168 177 45 45 168 45 168 168 177 45 168 177 45 168 168 168 168 168 177 168 177 177 168 168 168 45 45 177 177 177 45 45 168 168 177 168 177 177 177 177 177 177 40 177 177 168 45 177 177 168 168 
  Facilities: 5
 40 : 32 39 40 41 64 123 124 191
 45 : 1 16 17 18 19 20 25 28 29 35 44 45 63 65 74 81 82 95 103 104 106 122 125 126 129 130 131 138 139 140 141 142 143 151 152 154 158 161 174 175 179 180 195
 62 : 22 60 61 62
 168 : 0 4 5 6 9 10 12 21 24 36 37 42 46 48 51 52 53 57 58 67 69 70 83 91 92 93 99 100 101 102 105 107 108 109 110 111 112 113 114 115 117 118 119 120 121 127 128 132 134 135 136 137 144 145 146 149 153 155 156 159 162 163 164 165 166 168 171 172 173 181 182 184 194 198 199
 177 : 2 3 7 8 11 13 14 15 23 26 27 30 31 33 34 38 43 47 49 50 54 55 56 59 66 68 71 72 73 75 76 77 78 79 80 84 85 86 87 88 89 90 94 96 97 98 116 133 147 148 150 157 160 167 169 170 176 177 178 183 185 186 187 188 189 190 192 193 196 197
SOLUTION:
  Value: -8935.000000
  Assigns: 0 45 177 177 168 168 0 177 177 168 168 177 168 177 177 177 45 45 45 45 45 168 62 177 168 45 177 177 45 45 177 177 177 177 177 45 168 168 177 45 177 45 168 177 45 45 168 177 168 177 177 168 168 168 177 177 177 168 168 177 62 62 62 45 177 45 177 168 177 168 168 177 177 177 45 177 177 177 177 177 177 45 45 168 177 177 177 177 177 177 177 168 168 168 177 45 177 177 177 168 168 168 168 45 45 168 45 168 168 168 168 168 168 168 168 168 177 168 168 168 168 168 45 177 177 45 45 168 168 45 45 45 168 177 168 168 168 168 45 45 45 45 45 45 168 168 168 177 177 168 177 45 45 168 45 168 168 177 45 168 177 45 168 168 168 168 168 177 168 177 177 168 168 168 45 45 177 177 177 45 45 168 168 177 168 177 177 177 177 177 177 177 177 177 168 45 177 177 168 0 
  Facilities: 5
 0 : 0 6 199
 45 : 1 16 17 18 19 20 25 28 29 35 39 41 44 45 63 65 74 81 82 95 103 104 106 122 125 126 129 130 131 138 139 140 141 142 143 151 152 154 158 161 174 175 179 180 195
 62 : 22 60 61 62
 168 : 4 5 9 10 12 21 24 36 37 42 46 48 51 52 53 57 58 67 69 70 83 91 92 93 99 100 101 102 105 107 108 109 110 111 112 113 114 115 117 118 119 120 121 127 128 132 134 135 136 137 144 145 146 149 153 155 156 159 162 163 164 165 166 168 171 172 173 181 182 184 194 198
 177 : 2 3 7 8 11 13 14 15 23 26 27 30 31 32 33 34 38 40 43 47 49 50 54 55 56 59 64 66 68 71 72 73 75 76 77 78 79 80 84 85 86 87 88 89 90 94 96 97 98 116 123 124 133 147 148 150 157 160 167 169 170 176 177 178 183 185 186 187 188 189 190 191 192 193 196 197
SOLUTION:
  Value: -8971.000000
  Assigns: 0 125 177 177 168 168 0 125 177 168 168 177 168 177 177 177 125 125 125 177 125 168 177 177 168 168 177 177 125 125 177 177 177 177 177 125 168 168 177 125 177 125 168 125 125 125 125 177 168 177 177 168 168 168 177 177 177 168 168 177 168 168 125 125 177 125 177 168 177 168 168 125 125 177 177 177 177 177 177 177 177 125 125 168 177 177 177 177 177 177 177 168 168 168 177 125 177 177 177 168 168 168 168 125 125 168 125 168 168 168 168 168 168 168 168 168 177 117 117 168 168 168 125 125 125 125 125 168 168 125 125 125 168 177 168 168 168 168 177 125 125 125 125 125 168 168 125 177 125 168 177 125 125 168 125 168 168 177 125 168 177 125 168 168 168 168 168 125 168 177 177 168 168 168 125 125 177 177 177 125 125 168 168 177 168 177 177 177 177 177 177 125 177 177 168 125 177 177 168 0 
  Facilities: 5
 0 : 0 6 199
 117 : 117 118
 125 : 1 7 16 17 18 20 28 29 35 39 41 43 44 45 46 62 63 65 71 72 81 82 95 103 104 106 122 123 124 125 126 129 130 131 139 140 141 142 143 146 148 151 152 154 158 161 167 174 175 179 180 191 195
 168 : 4 5 9 10 12 21 24 25 36 37 42 48 51 52 53 57 58 60 61 67 69 70 83 91 92 93 99 100 101 102 105 107 108 109 110 111 112 113 114 115 119 120 121 127 128 132 134 135 136 137 144 145 149 153 155 156 159 162 163 164 165 166 168 171 172 173 181 182 184 194 198
 177 : 2 3 8 11 13 14 15 19 22 23 26 27 30 31 32 33 34 38 40 47 49 50 54 55 56 59 64 66 68 73 74 75 76 77 78 79 80 84 85 86 87 88 89 90 94 96 97 98 116 133 138 147 150 157 160 169 170 176 177 178 183 185 186 187 188 189 190 192 193 196 197
SOLUTION:
  Value: -9000.000000
  Assigns: 168 45 177 177 168 168 168 177 177 168 168 177 168 177 177 177 45 45 45 45 45 168 62 177 168 45 177 177 45 45 177 177 68 177 177 45 168 168 177 45 177 45 168 177 45 45 168 177 168 177 177 168 168 168 177 177 177 168 168 177 62 62 62 45 177 45 177 168 68 68 168 177 177 177 45 177 177 177 177 177 177 45 45 168 177 177 177 177 177 177 177 168 168 168 177 45 177 177 177 168 168 168 168 45 45 168 45 168 168 168 168 168 168 168 168 168 177 168 168 168 168 168 45 177 177 45 45 168 168 45 45 45 168 68 168 168 168 168 45 45 45 45 45 45 168 168 168 177 177 168 177 45 45 168 45 168 168 177 45 168 177 45 168 168 168 168 168 177 168 177 177 168 168 168 45 45 177 177 177 45 45 168 168 177 168 177 177 177 177 177 177 177 177 177 168 45 177 177 168 168 
  Facilities: 5
 45 : 1 16 17 18 19 20 25 28 29 35 39 41 44 45 63 65 74 81 82 95 103 104 106 122 125 126 129 130 131 138 139 140 141 142 143 151 152 154 158 161 174 175 179 180 195
 62 : 22 60 61 62
 68 : 32 68 69 133
 168 : 0 4 5 6 9 10 12 21 24 36 37 42 46 48 51 52 53 57 58 67 70 83 91 92 93 99 100 101 102 105 107 108 109 110 111 112 113 114 115 117 118 119 120 121 127 128 132 134 135 136 137 144 145 146 149 153 155 156 159 162 163 164 165 166 168 171 172 173 181 182 184 194 198 199
 177 : 2 3 7 8 11 13 14 15 23 26 27 30 31 33 34 38 40 43 47 49 50 54 55 56 59 64 66 71 72 73 75 76 77 78 79 80 84 85 86 87 88 89 90 94 96 97 98 116 123 124 147 148 150 157 160 167 169 170 176 177 178 183 185 186 187 188 189 190 191 192 193 196 197
SOLUTION:
  Value: -9008.000000
  Assigns: 168 45 177 177 168 168 168 177 177 168 168 177 168 177 177 177 45 45 45 45 45 168 62 177 168 45 177 177 45 45 177 177 177 177 177 45 168 168 177 45 177 45 168 177 45 45 168 177 168 177 177 168 168 168 177 177 177 168 168 177 62 62 62 45 177 45 177 168 177 168 168 177 177 177 45 177 177 177 177 177 177 45 45 168 177 177 177 177 177 177 177 168 168 168 177 45 177 177 177 168 168 168 168 45 45 168 45 168 168 168 168 168 168 168 168 168 177 117 117 168 168 168 45 177 177 45 45 168 168 45 45 45 168 177 168 168 168 168 45 45 45 45 45 45 168 168 168 177 177 168 177 45 45 168 45 168 168 177 45 168 177 45 168 168 168 168 168 177 168 177 177 168 168 168 45 45 177 177 177 45 45 168 168 177 168 177 177 177 177 177 177 177 177 177 168 45 177 177 168 168 
  Facilities: 5
 45 : 1 16 17 18 19 20 25 28 29 35 39 41 44 45 63 65 74 81 82 95 103 104 106 122 125 126 129 130 131 138 139 140 141 142 143 151 152 154 158 161 174 175 179 180 195
 62 : 22 60 61 62
 117 : 117 118
 168 : 0 4 5 6 9 10 12 21 24 36 37 42 46 48 51 52 53 57 58 67 69 70 83 91 92 93 99 100 101 102 105 107 108 109 110 111 112 113 114 115 119 120 121 127 128 132 134 135 136 137 144 145 146 149 153 155 156 159 162 163 164 165 166 168 171 172 173 181 182 184 194 198 199
 177 : 2 3 7 8 11 13 14 15 23 26 27 30 31 32 33 34 38 40 43 47 49 50 54 55 56 59 64 66 68 71 72 73 75 76 77 78 79 80 84 85 86 87 88 89 90 94 96 97 98 116 123 124 133 147 148 150 157 160 167 169 170 176 177 178 183 185 186 187 188 189 190 191 192 193 196 197
SOLUTION:
  Value: -9087.000000
  Assigns: 0 125 177 177 168 168 0 125 177 168 168 177 168 177 177 177 125 125 125 177 125 168 177 177 168 168 177 177 125 125 177 177 177 177 177 125 168 168 177 125 177 125 168 125 125 125 125 177 168 177 177 168 168 168 177 177 177 168 168 177 168 168 125 125 177 125 177 168 177 168 168 125 125 177 177 177 177 177 177 177 177 125 125 168 177 177 177 177 177 177 177 168 168 168 177 125 177 177 177 168 168 168 168 125 125 168 125 168 168 168 168 168 168 168 168 168 177 168 168 168 168 168 125 125 125 125 125 168 168 125 125 125 168 177 168 168 168 168 177 125 125 125 125 125 168 168 125 177 125 168 177 125 125 168 125 168 168 177 125 168 177 125 168 168 168 168 168 125 168 177 177 168 168 168 125 125 177 177 177 125 125 168 168 177 168 177 177 177 177 177 177 125 177 177 168 125 177 177 168 0 
  Facilities: 4
 0 : 0 6 199
 125 : 1 7 16 17 18 20 28 29 35 39 41 43 44 45 46 62 63 65 71 72 81 82 95 103 104 106 122 123 124 125 126 129 130 131 139 140 141 142 143 146 148 151 152 154 158 161 167 174 175 179 180 191 195
 168 : 4 5 9 10 12 21 24 25 36 37 42 48 51 52 53 57 58 60 61 67 69 70 83 91 92 93 99 100 101 102 105 107 108 109 110 111 112 113 114 115 117 118 119 120 121 127 128 132 134 135 136 137 144 145 149 153 155 156 159 162 163 164 165 166 168 171 172 173 181 182 184 194 198
 177 : 2 3 8 11 13 14 15 19 22 23 26 27 30 31 32 33 34 38 40 47 49 50 54 55 56 59 64 66 68 73 74 75 76 77 78 79 80 84 85 86 87 88 89 90 94 96 97 98 116 133 138 147 150 157 160 169 170 176 177 178 183 185 186 187 188 189 190 192 193 196 197
