# Time: 33.669998
# Elapsed: 4.940194
# Input_file: splp/KoerkelGhosh-sym/750/c/gs750c-4
# Pool_size: 400
# Iterations: 8
# Final_solutions: 2800
# Vision_range: 0
# Reduction_mode: REDUCTION_BESTS
SOLUTION:
  Value: -901239.000000
  Assigns: 286 150 150 720 138 286 627 720 521 286 138 150 150 25 521 286 25 25 286 138 138 286 138 150 521 25 150 25 521 521 627 720 150 150 25 521 720 720 720 138 627 720 286 521 150 286 25 720 138 720 25 720 138 720 521 627 138 521 286 286 521 627 150 25 627 720 150 521 150 138 720 25 286 286 720 521 150 150 25 720 720 25 720 286 25 286 25 286 521 25 521 720 138 521 521 286 720 720 521 521 286 521 720 286 286 25 627 521 138 627 286 521 150 138 286 521 25 150 138 720 627 627 138 521 138 150 150 521 720 150 25 720 720 720 627 720 138 627 627 150 286 720 627 150 138 150 521 720 25 627 150 521 720 25 521 720 720 25 720 720 25 521 138 138 150 627 286 286 286 25 720 138 286 25 150 286 627 521 138 25 138 627 521 150 521 521 25 521 720 286 150 521 150 720 138 138 521 521 150 286 138 627 720 521 286 627 521 138 521 627 150 286 627 286 720 25 138 720 521 150 627 25 627 720 286 627 25 720 720 720 286 25 521 25 286 138 150 286 138 627 150 286 138 150 150 150 521 521 150 627 720 521 138 25 627 521 521 286 521 627 720 138 720 521 521 286 720 286 150 150 521 150 25 138 150 25 138 138 150 138 627 150 138 138 521 286 720 25 286 138 286 150 521 627 25 521 25 286 286 521 286 25 521 138 720 150 138 150 720 150 138 627 25 150 627 138 286 150 150 286 521 286 720 627 25 150 286 150 150 627 627 150 138 627 138 25 521 521 25 286 150 627 138 720 720 627 25 627 521 150 150 720 138 286 138 720 521 25 627 138 720 25 138 150 286 286 720 286 627 521 521 138 521 720 25 25 720 627 521 627 286 720 25 627 138 286 138 138 521 25 720 286 720 138 25 521 521 286 138 286 150 720 138 286 25 286 286 25 521 286 25 720 720 25 720 720 138 138 25 25 25 521 720 150 627 286 150 138 138 521 138 521 25 521 627 720 138 25 138 286 521 720 150 627 720 286 150 521 521 521 138 286 138 720 627 25 286 138 627 25 150 150 521 286 150 286 720 138 25 720 150 720 150 286 521 150 150 286 150 720 627 25 627 720 521 286 286 25 521 25 521 138 627 150 150 25 150 627 25 138 521 521 150 286 627 720 25 286 138 150 627 286 150 286 138 521 627 150 627 286 150 138 521 521 521 286 138 138 286 286 150 138 286 521 627 150 25 720 720 720 720 286 521 286 720 286 521 720 286 138 521 286 521 521 138 138 286 150 150 150 25 25 627 521 150 627 720 720 286 138 138 286 286 521 150 627 521 25 286 150 286 138 138 138 138 150 150 521 25 720 150 150 150 627 150 286 150 138 720 627 720 627 138 150 521 720 286 150 720 150 286 138 25 25 150 138 150 627 286 25 25 521 521 720 627 720 150 138 627 720 521 627 720 138 286 521 25 521 720 25 720 25 627 25 25 138 627 627 720 25 720 150 25 138 720 521 720 720 521 720 138 627 521 150 720 286 720 521 25 521 138 138 150 150 286 150 627 25 286 138 25 627 25 521 150 25 138 150 720 286 25 25 138 286 627 521 521 720 627 150 286 720 150 25 720 627 286 286 720 521 627 150 25 627 627 627 150 25 627 138 286 25 627 286 521 286 138 627 138 286 150 627 138 138 138 627 627 286 286 521 25 25 720 286 627 720 150 627 138 150 
  Facilities: 7
 25 : 13 16 17 25 27 34 46 50 63 71 78 81 84 86 89 105 116 130 148 153 157 160 169 173 179 186 215 221 226 231 233 253 272 275 287 294 296 301 312 324 335 338 346 357 361 374 375 382 389 394 404 407 410 413 418 419 420 432 437 455 459 468 481 487 489 495 498 506 536 560 561 577 588 612 613 619 620 636 639 641 643 644 649 652 668 677 680 682 685 690 691 703 712 717 721 740 741
 138 : 4 10 19 20 22 39 48 52 56 69 92 108 113 118 122 124 136 144 162 163 171 178 180 194 195 200 207 216 235 238 242 252 261 273 276 277 279 282 283 289 303 306 310 315 332 334 342 352 354 359 362 371 384 386 387 393 398 402 416 417 427 428 430 436 438 450 452 457 467 491 499 508 514 521 526 527 531 549 554 555 569 570 581 582 583 584 597 602 611 615 627 633 645 653 660 670 671 679 686 692 719 726 728 732 733 734 748
 150 : 1 2 11 12 23 26 32 33 44 62 66 68 76 77 112 117 125 126 129 139 143 145 150 164 174 183 190 192 198 210 219 236 240 243 244 245 248 268 269 271 274 278 281 291 305 307 309 313 317 318 325 327 328 331 340 349 350 363 400 423 426 442 446 460 461 464 470 472 475 476 478 493 494 496 502 509 512 517 520 530 535 557 558 559 564 574 579 585 586 590 591 592 594 596 603 607 609 614 616 626 651 663 672 673 675 684 687 699 702 711 716 730 746 749
 286 : 0 5 9 15 18 21 42 45 58 59 72 73 83 85 87 95 100 103 104 110 114 140 166 167 168 172 175 189 199 204 211 213 224 230 234 237 241 257 265 267 285 288 290 297 298 300 316 319 321 326 339 353 364 365 367 380 385 391 397 399 403 405 406 409 425 439 445 451 456 463 465 473 477 485 486 503 507 511 513 519 525 528 529 532 541 543 545 548 551 556 568 571 572 578 580 595 606 610 618 634 665 674 678 689 693 700 706 707 720 723 725 729 737 738 743
 521 : 8 14 24 28 29 35 43 54 57 60 67 75 88 90 93 94 98 99 101 107 111 115 123 127 146 151 154 161 177 182 184 185 187 191 196 197 203 206 208 218 232 246 247 251 255 256 258 263 264 270 284 292 295 299 302 320 336 337 348 356 369 370 372 378 388 395 396 408 421 429 431 433 440 447 448 449 462 474 484 488 490 500 501 515 522 523 524 533 542 546 550 552 553 563 573 576 587 604 621 622 630 635 637 655 658 662 667 669 683 695 696 709 724 739
 627 : 6 30 40 55 61 64 106 109 120 121 134 137 138 142 149 165 176 181 201 205 209 212 220 222 225 239 249 254 259 280 293 311 314 323 329 330 333 341 345 347 358 368 377 379 383 424 434 443 454 458 480 482 492 497 504 510 516 518 534 562 565 575 593 599 601 617 624 628 631 642 646 647 661 676 681 694 698 705 710 713 714 715 718 722 727 731 735 736 744 747
 720 : 3 7 31 36 37 38 41 47 49 51 53 65 70 74 79 80 82 91 96 97 102 119 128 131 132 133 135 141 147 152 155 156 158 159 170 188 193 202 214 217 223 227 228 229 250 260 262 266 286 304 308 322 343 344 351 355 360 366 373 376 381 390 392 401 411 412 414 415 422 435 441 444 453 466 469 471 479 483 505 537 538 539 540 544 547 566 567 589 598 600 605 608 623 625 629 632 638 640 648 650 654 656 657 659 664 666 688 697 701 704 708 742 745
SOLUTION:
  Value: -901339.000000
  Assigns: 720 242 55 720 138 627 627 720 521 55 138 55 720 720 521 627 651 55 627 651 651 242 138 720 521 242 720 521 521 242 627 720 242 242 55 651 720 242 720 138 627 55 651 521 521 242 627 720 138 720 627 720 138 720 521 627 138 521 651 55 521 627 242 138 627 720 720 521 521 138 720 651 55 242 720 651 55 651 242 720 720 720 720 651 242 242 242 138 521 651 521 720 242 521 521 242 720 720 55 521 720 242 720 720 651 242 627 55 242 242 138 521 521 55 55 242 651 242 138 720 627 627 138 651 138 242 242 521 720 651 138 720 720 720 627 720 138 627 627 521 651 720 627 55 138 521 521 651 138 627 651 521 720 720 521 720 720 55 720 720 242 55 651 138 242 651 55 651 242 138 720 242 521 521 55 55 627 521 138 242 138 627 242 55 521 521 242 521 651 55 627 521 521 720 242 138 521 521 242 55 138 55 720 521 627 627 521 138 521 627 242 55 627 720 720 651 242 720 55 55 627 55 627 720 651 242 651 242 720 720 651 521 521 138 521 138 521 242 138 627 651 138 138 138 242 521 521 521 55 627 720 55 138 651 242 521 521 627 521 627 651 138 720 521 521 651 720 651 521 55 521 242 55 138 242 627 651 651 627 138 55 55 138 138 521 55 720 242 720 138 138 242 521 627 627 521 55 242 720 521 242 521 521 55 720 720 138 521 720 138 138 55 627 138 627 651 651 242 651 138 521 627 242 651 651 55 521 521 242 627 627 55 138 627 651 627 521 521 55 55 720 627 138 720 720 627 521 55 521 242 242 651 138 651 55 720 521 55 627 138 651 138 242 651 242 651 720 651 627 651 521 138 521 720 242 242 720 627 521 627 651 720 55 627 138 242 242 651 651 651 720 55 720 138 651 521 521 55 138 242 55 720 138 651 627 242 627 720 521 651 242 720 242 651 651 720 55 138 242 138 242 521 242 55 627 242 651 138 138 521 138 521 521 521 627 720 651 242 138 55 521 720 720 627 720 720 651 242 521 521 138 651 138 55 627 138 720 138 627 521 242 242 55 55 55 242 720 138 138 720 55 720 651 651 521 627 651 651 521 720 627 651 627 55 242 651 651 651 521 651 521 138 627 138 651 651 242 627 242 138 521 242 521 651 627 651 242 242 138 55 55 138 720 651 138 521 627 521 627 521 720 242 521 651 521 55 138 651 55 242 242 651 242 651 627 651 651 55 720 720 720 627 521 55 720 627 521 242 651 242 521 651 521 521 242 138 651 521 242 521 720 242 55 521 521 627 720 720 242 138 242 627 521 521 651 55 521 242 138 55 651 138 138 55 138 651 521 521 627 720 651 242 138 55 55 651 55 138 242 651 720 627 138 55 651 720 242 521 720 55 651 138 55 651 55 138 242 55 521 55 651 521 521 55 627 720 651 55 627 651 521 242 651 55 627 242 138 521 242 242 720 242 627 242 55 138 627 627 720 55 720 138 521 138 720 55 720 242 521 720 242 627 521 651 720 627 651 521 55 55 138 138 242 720 55 55 651 242 651 138 55 242 242 521 627 55 138 627 720 521 242 242 138 720 627 521 521 720 627 521 720 720 138 521 651 242 651 627 720 55 55 55 55 627 627 55 242 720 627 651 138 521 627 55 521 55 55 627 138 138 55 627 138 242 138 55 627 651 242 521 651 521 720 651 627 242 651 627 138 720 
  Facilities: 7
 55 : 2 9 11 17 34 41 59 72 76 98 107 113 114 143 157 161 166 174 175 183 189 199 201 211 218 219 221 248 251 269 272 280 281 285 296 303 311 325 331 338 339 347 354 357 382 391 397 400 416 423 439 453 462 463 464 470 483 509 510 525 528 537 543 562 575 579 583 593 594 596 603 609 612 614 617 619 623 627 633 644 649 655 668 669 674 675 680 685 709 710 711 712 715 723 725 726 730 735
 138 : 4 10 22 39 48 52 56 63 69 87 110 118 122 124 130 136 144 148 163 169 178 180 195 200 207 233 235 238 241 242 243 252 261 273 279 282 283 289 290 306 309 310 313 319 332 342 352 359 361 371 384 393 398 402 417 419 427 428 430 438 450 452 455 457 467 468 491 493 499 508 511 514 526 555 569 578 581 582 584 592 597 602 611 615 636 645 651 653 670 671 679 686 692 702 720 728 729 732 734 748
 242 : 1 21 25 29 32 33 37 45 62 73 78 84 85 86 92 95 101 105 108 109 115 117 125 126 160 164 168 171 179 182 186 194 198 210 216 225 227 237 244 254 271 274 287 291 297 300 317 322 328 349 350 362 364 374 375 385 386 399 405 410 412 418 420 422 425 437 447 460 461 465 484 496 498 501 506 507 521 529 530 532 547 549 554 558 561 568 570 577 591 598 606 616 631 635 638 639 641 643 657 660 672 677 681 682 690 691 705 716 733 738 745
 521 : 8 14 24 27 28 43 44 54 57 60 67 68 88 90 93 94 99 111 112 127 139 145 146 151 154 172 173 177 184 185 187 191 192 196 197 203 206 208 231 232 234 236 245 246 247 255 256 258 263 264 268 270 284 292 295 299 301 302 307 320 326 327 336 337 346 348 356 370 372 378 395 396 408 421 429 431 432 433 440 448 449 459 474 478 488 490 500 502 515 517 519 522 524 542 546 550 552 553 557 559 563 564 572 573 576 586 587 607 618 621 622 630 637 652 658 662 667 683 689 695 696 699 703 721 724 739 741
 627 : 5 6 15 18 30 40 46 50 55 61 64 106 120 121 134 137 138 142 149 176 181 190 204 205 209 212 220 222 239 249 257 259 275 278 293 294 312 314 321 329 330 333 335 341 345 358 368 377 379 383 404 406 424 434 443 454 458 475 480 482 492 497 504 516 518 534 541 545 565 571 588 601 624 628 634 642 646 647 661 665 684 687 694 698 707 713 714 718 722 727 731 736 744 747
 651 : 16 19 20 35 42 58 71 75 77 83 89 104 116 123 129 140 147 150 162 165 167 188 215 224 226 230 240 253 260 265 267 276 277 315 316 318 323 324 334 351 353 360 363 365 367 369 380 387 388 389 394 403 409 413 414 426 436 446 451 472 473 476 477 481 485 486 487 489 494 495 503 505 513 523 527 531 533 535 536 548 551 556 574 580 585 590 595 599 604 610 613 620 626 629 632 663 666 676 678 704 706 719 737 740 743 746
 720 : 0 3 7 12 13 23 26 31 36 38 47 49 51 53 65 66 70 74 79 80 81 82 91 96 97 100 102 103 119 128 131 132 133 135 141 152 153 155 156 158 159 170 193 202 213 214 217 223 228 229 250 262 266 286 288 298 304 305 308 340 343 344 355 366 373 376 381 390 392 401 407 411 415 435 441 442 444 445 456 466 469 471 479 512 520 538 539 540 544 560 566 567 589 600 605 608 625 640 648 650 654 656 659 664 673 688 693 697 700 701 708 717 742 749
SOLUTION:
  Value: -901736.000000
  Assigns: 720 150 150 720 138 458 521 720 521 150 138 150 458 720 521 150 458 138 554 651 651 521 138 150 521 554 150 521 521 521 521 720 150 458 458 651 720 458 458 138 150 554 458 458 150 521 150 720 138 720 138 458 138 720 521 554 138 458 651 138 521 138 150 458 720 720 150 521 150 138 720 458 521 138 720 554 150 458 458 458 720 554 720 651 458 720 554 138 521 651 521 720 458 458 521 458 720 720 521 521 720 521 720 720 651 458 720 521 138 554 138 521 150 138 554 521 554 150 138 720 521 554 138 651 458 554 458 521 720 458 138 554 720 720 458 720 138 138 554 150 651 720 138 150 138 150 521 651 458 138 651 521 720 720 521 720 720 521 554 720 150 554 458 138 150 651 521 651 458 554 720 138 521 554 150 720 554 521 138 138 138 458 554 150 521 521 720 521 651 458 150 521 150 720 138 458 458 521 150 150 138 458 458 521 554 138 521 138 521 458 150 458 138 150 720 651 138 720 521 150 720 150 150 720 651 651 651 554 720 720 651 521 521 138 521 458 150 138 458 651 554 138 554 150 554 150 521 521 150 458 458 554 138 554 554 521 521 720 521 554 651 138 458 521 521 651 720 651 150 150 458 150 554 138 150 554 651 458 150 138 554 150 138 138 521 138 720 458 720 138 138 554 521 554 720 521 651 150 720 554 651 458 521 138 720 150 138 150 720 150 138 720 138 150 651 651 458 554 150 458 521 138 720 651 651 458 150 150 150 458 458 150 138 138 651 554 521 458 150 651 150 138 138 458 720 138 521 138 521 150 554 458 138 458 138 720 458 720 150 458 651 138 458 150 651 651 458 651 554 651 521 138 458 720 651 554 720 720 521 554 651 720 150 458 138 554 138 458 651 150 720 458 720 458 651 554 521 720 138 458 150 720 138 554 458 458 554 554 521 651 554 720 720 651 458 720 138 554 554 138 150 521 720 458 521 458 554 138 138 521 554 521 554 521 521 720 651 458 138 554 521 720 150 521 720 720 150 554 521 521 138 651 138 458 554 138 720 138 150 521 150 150 521 554 150 138 720 138 138 720 554 720 651 651 521 150 651 458 150 720 458 651 458 720 554 651 651 651 521 651 521 138 554 150 150 651 150 458 720 138 521 554 150 651 720 651 458 138 138 150 554 138 150 651 458 521 554 150 554 554 150 138 458 651 521 521 138 651 521 720 150 651 554 651 720 651 458 720 720 720 720 554 521 138 720 150 521 651 651 138 521 651 521 521 138 138 651 150 150 150 150 651 554 521 554 521 720 720 554 138 554 458 521 521 458 651 554 554 138 150 651 138 138 138 554 150 150 458 554 720 150 150 150 554 150 554 150 138 720 651 458 720 138 150 651 720 458 150 720 554 651 138 458 651 554 138 150 138 521 554 651 521 521 651 458 720 651 458 651 651 521 458 651 138 150 521 150 521 720 521 720 458 651 150 720 138 458 720 720 554 720 150 521 138 720 521 458 720 521 554 138 150 521 651 720 651 651 458 554 554 138 138 150 150 150 150 651 458 651 138 554 651 651 521 150 458 138 554 720 521 458 458 138 720 458 521 521 720 138 554 458 554 150 521 651 651 651 458 720 458 458 150 138 150 554 458 150 720 554 651 138 458 150 150 521 554 554 521 138 138 150 521 458 554 138 138 150 651 554 521 651 554 720 651 150 720 554 138 138 150 
  Facilities: 7
 138 : 4 10 17 22 39 48 50 52 56 59 61 69 73 87 108 110 113 118 122 130 136 137 142 144 149 163 171 178 179 180 194 200 205 207 212 216 233 237 241 252 261 273 279 282 283 285 289 290 303 306 310 312 321 332 333 341 342 345 347 352 354 361 371 384 386 398 402 416 419 427 428 438 450 452 455 457 465 467 468 491 499 507 508 511 521 526 543 549 554 555 569 578 581 582 583 597 602 611 615 617 633 645 653 660 670 671 679 686 692 698 712 720 728 729 734 735 747 748
 150 : 1 2 9 11 15 23 26 32 40 44 46 62 66 68 76 112 117 139 143 145 160 164 174 183 190 192 198 199 210 213 219 221 222 236 243 245 248 268 269 271 274 278 281 297 305 307 309 313 318 326 327 328 331 338 340 349 358 363 382 389 400 420 442 446 458 460 461 464 475 478 493 494 496 502 509 512 517 520 530 545 557 558 559 560 579 585 586 590 591 592 594 596 603 607 616 634 636 643 651 661 672 673 674 675 684 702 711 713 716 722 723 730 736 744 749
 458 : 5 12 16 33 34 37 38 42 43 51 57 63 71 77 78 79 84 92 93 95 105 124 126 129 134 148 162 168 181 189 195 196 201 202 209 211 235 238 249 250 262 270 277 287 301 316 319 325 329 330 337 343 351 353 356 359 362 366 372 383 387 391 393 399 404 405 414 423 425 437 453 477 480 482 497 506 514 522 536 571 574 587 600 606 612 624 627 631 641 646 656 667 677 685 690 691 694 700 707 709 710 715 721 732
 521 : 6 8 14 21 24 27 28 29 30 45 54 60 67 72 88 90 94 98 99 101 107 111 115 120 127 146 151 154 157 166 172 177 184 185 187 191 197 203 206 208 218 231 232 234 246 247 255 256 258 263 264 284 292 295 302 320 336 346 348 370 378 396 408 421 424 429 431 433 434 440 443 448 449 459 462 474 488 490 500 515 524 525 528 542 546 550 552 553 563 565 572 573 618 621 622 630 635 637 639 652 655 658 662 683 689 695 696 703 724 727 731 739
 554 : 18 25 41 55 75 81 86 109 114 116 121 125 131 138 158 161 169 173 176 182 204 227 240 242 244 251 253 254 259 272 275 280 291 293 299 317 335 350 368 375 379 385 395 403 406 407 410 417 418 426 430 432 439 447 454 463 470 484 492 501 510 516 518 519 532 541 562 564 568 570 576 577 584 588 593 595 609 614 619 649 659 668 669 680 687 699 701 714 718 725 726 733 738 741 746
 651 : 19 20 35 58 83 89 104 123 140 147 150 165 167 188 215 224 225 226 230 239 260 265 267 276 296 300 314 315 323 324 334 339 360 364 365 367 369 374 380 388 394 409 413 436 451 472 473 476 481 485 486 487 489 495 503 505 513 523 527 531 533 535 547 548 551 556 561 575 580 599 604 610 613 620 623 626 628 629 632 642 663 665 666 676 678 681 682 704 705 706 719 737 740 743
 720 : 0 3 7 13 31 36 47 49 53 64 65 70 74 80 82 85 91 96 97 100 102 103 106 119 128 132 133 135 141 152 153 155 156 159 170 175 186 193 214 217 220 223 228 229 257 266 286 288 294 298 304 308 311 322 344 355 357 373 376 377 381 390 392 397 401 411 412 415 422 435 441 444 445 456 466 469 471 479 483 498 504 529 534 537 538 539 540 544 566 567 589 598 601 605 608 625 638 640 644 647 648 650 654 657 664 688 693 697 708 717 742 745
SOLUTION:
  Value: -901742.000000
  Assigns: 286 150 150 720 138 94 521 720 521 94 138 150 94 25 521 286 25 25 94 138 138 286 138 94 521 94 150 25 521 94 521 720 150 94 25 521 720 720 94 138 150 720 286 521 150 286 25 720 138 720 25 720 138 720 521 94 138 521 286 286 521 25 150 94 720 720 94 521 94 138 720 25 286 286 720 94 150 150 25 720 94 25 94 286 25 286 25 94 521 25 521 720 138 521 521 286 720 720 521 521 286 521 720 286 286 25 720 521 94 720 286 521 150 138 286 521 25 150 138 720 521 138 138 94 138 94 94 521 720 150 25 720 720 720 286 720 138 138 94 150 94 720 138 150 138 150 521 94 25 94 150 521 720 25 521 720 720 25 720 720 25 521 94 94 150 25 286 286 94 25 94 138 286 25 150 286 94 521 138 25 138 150 521 150 521 94 25 521 720 286 150 521 150 720 138 138 521 521 150 286 138 521 720 521 286 138 521 138 521 94 150 286 138 286 720 25 138 720 521 94 720 25 150 720 286 138 25 720 720 720 286 25 521 25 286 138 150 286 94 94 94 286 138 150 150 94 521 94 150 286 720 94 138 25 286 521 521 286 521 521 720 138 720 521 521 286 720 286 150 150 521 150 25 94 150 25 138 94 150 138 150 150 138 138 521 286 720 94 286 138 286 150 521 720 25 521 25 286 286 521 286 25 521 138 720 150 94 150 720 150 138 94 25 150 720 138 286 150 150 286 521 286 720 138 25 94 286 150 150 720 94 150 138 138 138 25 521 521 25 286 150 138 138 720 720 94 25 94 521 150 150 720 138 286 94 720 94 25 150 138 720 25 138 150 94 286 720 286 94 521 94 138 94 720 25 25 720 720 521 286 286 720 25 150 138 286 138 138 521 25 720 286 720 138 25 521 521 286 138 286 150 720 138 286 94 286 286 25 521 286 25 720 720 25 720 720 138 138 94 25 25 521 720 150 286 286 150 138 138 521 138 521 25 94 94 720 138 94 138 286 521 720 150 521 720 286 150 521 521 521 138 286 138 720 150 25 286 138 94 25 94 150 521 94 150 286 720 138 25 720 94 720 94 286 521 150 150 286 150 720 94 25 94 720 94 286 286 25 521 25 521 138 150 150 150 25 150 720 25 138 521 94 150 286 720 94 25 286 138 150 94 286 150 286 138 521 286 150 150 286 150 94 521 521 521 286 138 94 286 286 150 94 286 521 720 150 25 94 720 720 720 286 521 286 720 286 521 720 286 138 521 286 521 521 138 138 286 150 150 150 25 25 25 521 150 94 720 720 286 138 138 286 286 521 150 286 521 25 286 150 94 138 94 138 138 150 150 521 25 720 150 150 150 94 94 286 150 138 94 25 720 94 138 150 521 720 286 150 720 150 286 138 25 94 94 138 150 138 286 25 25 521 521 94 286 720 150 138 94 720 521 94 720 138 286 521 25 94 720 25 720 94 150 25 25 138 25 94 94 94 720 150 25 138 720 521 720 94 521 720 138 286 521 150 720 286 94 521 25 94 138 138 150 150 286 150 94 94 286 138 25 94 25 521 150 25 138 150 720 286 25 25 138 94 720 94 521 720 138 150 286 720 150 25 720 138 286 286 94 521 150 150 25 150 25 521 150 25 94 138 286 25 286 286 521 94 138 94 138 286 150 521 138 138 138 138 150 286 286 521 25 25 720 286 150 720 150 138 138 150 
  Facilities: 7
 25 : 13 16 17 27 34 46 50 61 71 78 81 84 86 89 105 116 130 148 153 157 160 165 169 173 179 186 215 221 226 231 233 253 272 275 294 296 301 312 324 335 338 346 357 361 374 375 382 389 394 407 410 413 419 420 432 455 459 468 481 487 489 495 498 506 536 560 561 562 577 588 599 612 619 620 636 639 643 644 646 652 668 680 682 685 690 691 703 712 714 717 721 740 741
 94 : 5 9 12 18 23 25 29 33 38 55 63 66 68 75 80 82 87 108 123 125 126 138 140 147 149 162 163 168 170 176 185 209 219 238 239 240 245 247 251 273 277 287 306 311 325 330 345 347 354 356 364 368 370 372 404 418 433 434 437 458 460 463 470 472 480 482 484 501 505 510 521 527 531 537 565 580 582 593 594 598 601 613 614 623 628 631 637 641 647 648 649 657 666 669 676 677 681 693 695 708 718 725 727
 138 : 4 10 19 20 22 39 48 52 56 69 92 113 118 121 122 124 136 137 142 144 171 178 180 194 195 200 205 207 212 216 225 235 242 252 261 276 279 282 283 289 303 310 315 323 332 333 334 341 342 352 359 362 371 384 386 387 393 398 402 416 417 427 428 430 436 438 450 452 457 467 491 499 508 514 526 549 554 555 569 570 581 583 584 597 602 611 615 617 627 633 645 653 660 670 671 679 686 692 698 705 719 726 728 732 733 734 735 747 748
 150 : 1 2 11 26 32 40 44 62 76 77 112 117 129 139 143 145 150 164 174 181 183 190 192 198 210 222 236 243 244 248 268 269 271 274 278 280 281 291 305 307 309 313 317 318 327 328 331 340 349 350 358 363 383 400 423 426 442 446 454 461 464 475 476 478 492 493 494 496 502 509 512 517 518 520 530 535 557 558 559 564 574 579 585 586 590 591 592 596 603 607 609 616 626 642 651 663 672 673 675 684 687 699 702 710 711 713 716 730 736 744 746 749
 286 : 0 15 21 42 45 58 59 72 73 83 85 95 100 103 104 110 114 134 166 167 172 175 189 199 204 211 213 224 230 234 237 241 249 254 257 265 267 285 288 290 297 298 300 316 319 321 326 339 353 365 367 379 380 385 391 397 399 403 405 406 409 424 425 439 445 451 456 465 473 477 485 486 503 507 511 513 516 519 525 528 529 532 541 543 545 548 551 556 568 571 572 575 578 595 606 610 618 624 634 661 665 674 678 689 700 706 707 720 722 723 729 737 738 743
 521 : 6 8 14 24 28 30 35 43 54 57 60 67 88 90 93 94 98 99 101 107 111 115 120 127 146 151 154 161 177 182 184 187 191 196 197 201 203 206 208 218 232 246 255 256 258 259 263 264 270 284 292 295 299 302 320 336 337 348 369 378 388 395 396 408 421 429 431 440 443 447 448 449 462 474 488 490 500 515 522 523 524 533 542 546 550 552 553 563 573 576 587 604 621 622 630 635 655 658 662 667 683 696 709 715 724 731 739
 720 : 3 7 31 36 37 41 47 49 51 53 64 65 70 74 79 91 96 97 102 106 109 119 128 131 132 133 135 141 152 155 156 158 159 188 193 202 214 217 220 223 227 228 229 250 260 262 266 286 293 304 308 314 322 329 343 344 351 355 360 366 373 376 377 381 390 392 401 411 412 414 415 422 435 441 444 453 466 469 471 479 483 497 504 534 538 539 540 544 547 566 567 589 600 605 608 625 629 632 638 640 650 654 656 659 664 688 694 697 701 704 742 745
SOLUTION:
  Value: -901802.000000
  Assigns: 286 173 150 286 138 286 627 627 521 173 138 150 150 25 521 286 25 25 286 138 138 286 138 150 173 173 150 25 521 521 627 627 150 173 25 173 138 627 173 138 627 173 286 521 150 173 25 173 138 138 25 150 138 138 521 627 138 521 286 286 521 627 150 25 627 521 150 521 150 173 173 25 286 286 138 521 150 150 25 150 173 25 173 286 25 286 25 286 521 25 521 521 138 521 521 173 138 627 173 521 286 521 286 286 286 25 627 521 138 173 286 521 150 138 286 173 25 173 138 150 627 627 138 173 138 150 173 521 173 173 25 25 173 25 627 173 138 173 627 150 286 138 627 150 138 150 521 173 25 627 150 521 150 25 521 627 25 25 627 173 25 521 173 138 173 627 286 286 286 25 521 138 286 25 173 286 627 521 138 25 138 627 173 150 521 521 25 521 627 286 150 521 150 138 138 138 521 521 150 286 138 627 173 521 173 627 521 138 521 627 150 286 627 286 173 173 173 138 521 150 627 25 627 25 286 173 25 173 25 173 286 25 521 25 286 138 150 286 138 627 150 286 138 150 150 150 521 173 150 627 627 173 138 25 173 521 521 286 521 173 150 138 150 521 521 286 138 286 150 173 521 173 173 138 150 25 138 173 150 138 627 150 173 138 521 286 286 25 286 138 286 150 521 627 25 521 173 286 286 521 286 173 521 138 150 150 138 150 286 150 138 627 25 150 627 138 286 150 150 173 521 286 138 627 25 150 286 150 150 627 627 150 138 627 138 25 521 521 25 173 150 627 138 173 150 627 25 627 521 150 173 521 138 286 138 521 521 25 627 138 286 25 138 150 286 286 173 286 627 521 521 138 173 25 25 173 138 627 521 627 286 173 25 627 138 286 138 173 521 25 138 286 521 138 25 521 521 286 138 286 150 173 138 173 25 286 286 25 521 286 25 150 150 25 286 173 138 138 25 25 25 521 173 150 627 286 150 138 138 521 138 521 173 521 627 138 173 25 138 286 521 627 150 627 173 286 150 173 521 521 138 286 138 173 627 25 286 173 627 25 150 150 521 286 150 286 173 138 25 286 150 521 173 286 521 150 150 286 150 173 627 25 627 521 521 286 286 25 521 25 521 138 627 173 173 173 150 627 25 138 521 521 150 286 627 150 25 286 138 150 173 286 150 286 173 521 627 150 627 286 150 138 521 173 521 286 138 138 286 286 150 138 286 521 627 150 25 173 521 521 521 286 521 286 286 286 521 173 286 138 521 286 521 521 138 138 286 150 150 150 25 25 627 521 150 627 25 25 173 138 138 286 286 521 173 627 173 25 286 150 173 138 138 138 138 150 150 521 25 173 150 150 150 627 150 286 173 138 173 173 138 627 138 150 173 25 286 150 173 150 286 138 25 25 150 138 150 627 286 25 25 521 521 627 627 173 150 138 627 627 521 627 25 138 286 521 25 521 138 25 627 25 627 25 173 138 627 627 286 25 627 150 25 138 150 521 173 150 521 173 138 627 173 150 150 286 173 173 25 173 138 138 173 173 173 150 627 25 286 138 25 627 25 521 150 173 138 150 521 286 25 25 138 286 627 521 521 138 627 150 286 521 150 25 150 627 173 286 286 521 627 150 25 627 627 627 150 25 627 138 286 25 627 286 521 286 138 627 138 286 150 627 138 173 138 627 627 286 173 521 25 25 286 286 627 173 150 627 138 150 
  Facilities: 7
 25 : 13 16 17 27 34 46 50 63 71 78 81 84 86 89 105 116 130 131 133 148 153 156 157 160 169 173 179 186 221 223 226 228 231 233 253 275 287 294 312 324 335 338 346 357 361 373 374 382 389 394 404 407 410 413 418 419 420 437 455 459 468 481 487 489 498 506 536 560 561 566 567 577 588 605 612 613 619 620 632 636 639 641 643 649 652 668 677 680 682 690 691 703 712 717 721 740 741
 138 : 4 10 19 20 22 36 39 48 49 52 53 56 74 92 96 108 113 118 122 124 136 141 144 163 171 178 180 193 194 195 200 207 217 235 238 242 252 261 266 273 276 279 283 289 303 306 310 315 322 332 334 342 352 354 359 362 371 376 384 386 390 393 398 402 416 417 427 428 430 435 438 450 452 467 491 499 508 521 526 527 531 549 554 555 569 570 581 582 583 584 597 600 602 611 615 627 633 638 645 653 660 670 671 679 686 692 697 719 726 728 732 734 748
 150 : 2 11 12 23 26 32 44 51 62 66 68 76 77 79 112 119 125 139 143 145 150 152 183 190 192 198 210 219 236 240 243 244 245 248 260 262 268 274 278 281 291 304 305 307 309 313 317 318 325 327 328 331 340 344 349 363 400 411 412 423 426 442 446 460 461 464 470 475 476 478 496 502 505 509 512 517 520 530 535 557 558 559 564 579 585 586 590 591 592 594 603 607 609 614 616 626 651 654 657 663 664 675 684 687 699 702 704 711 716 730 746 749
 173 : 1 9 24 25 33 35 38 41 45 47 69 70 80 82 95 98 109 115 117 123 126 128 129 132 135 137 147 159 162 164 174 182 202 204 214 215 216 225 227 229 247 251 254 259 269 271 272 277 282 296 301 319 339 343 350 366 372 375 381 387 401 403 415 422 432 436 444 447 453 457 466 472 479 493 494 495 510 514 523 537 547 568 574 576 580 589 596 598 599 604 608 625 644 656 659 662 666 667 669 672 673 674 685 706 733 738 745
 286 : 0 3 5 15 18 21 42 58 59 72 73 83 85 87 100 102 103 104 110 114 140 166 167 168 172 175 189 199 211 213 224 230 234 237 241 257 265 267 285 286 288 290 297 298 300 308 316 321 326 353 360 364 365 367 380 385 391 397 399 405 406 409 414 425 439 445 451 456 463 465 469 473 477 485 486 503 507 511 513 519 525 528 529 532 541 543 544 545 548 551 556 571 572 578 595 606 610 618 634 648 665 678 689 693 700 707 708 720 723 725 729 737 742 743
 521 : 8 14 28 29 43 54 57 60 65 67 75 88 90 91 93 94 99 101 107 111 127 146 151 154 161 170 177 184 185 187 191 196 197 203 206 208 218 232 246 255 256 258 263 264 270 284 292 295 299 302 320 336 337 348 351 355 356 369 370 378 388 392 395 396 408 421 429 431 433 440 448 449 462 471 474 483 484 488 490 500 501 515 522 524 533 538 539 540 542 546 550 552 553 563 573 587 621 622 630 635 637 655 658 683 688 695 696 701 709 724 739
 627 : 6 7 30 31 37 40 55 61 64 97 106 120 121 134 138 142 149 155 158 165 176 181 188 201 205 209 212 220 222 239 249 250 280 293 311 314 323 329 330 333 341 345 347 358 368 377 379 383 424 434 441 443 454 458 480 482 492 497 504 516 518 534 562 565 575 593 601 617 623 624 628 629 631 640 642 646 647 650 661 676 681 694 698 705 710 713 714 715 718 722 727 731 735 736 744 747
SOLUTION:
  Value: -901828.000000
  Assigns: 720 242 55 720 138 244 521 720 521 55 138 55 720 720 521 244 244 55 244 244 651 242 138 720 521 244 720 521 521 242 244 720 242 242 55 651 720 242 720 138 244 55 651 244 521 242 651 720 138 720 55 720 138 720 521 55 138 521 651 55 521 242 242 138 720 720 720 521 521 138 244 244 55 242 720 651 55 651 242 720 244 720 720 651 242 242 242 138 521 651 521 720 242 521 521 242 720 720 55 521 720 242 720 720 651 242 720 55 242 242 244 521 244 55 55 242 651 242 138 720 242 138 138 244 138 242 242 521 720 244 138 720 720 720 55 720 138 138 242 521 651 720 138 55 138 521 521 651 138 55 651 521 244 720 521 720 720 55 720 720 242 55 651 138 242 651 55 651 242 138 720 242 521 521 55 55 244 521 138 242 138 720 242 55 521 521 242 521 651 55 138 521 244 720 244 138 244 521 244 55 138 55 720 521 521 55 521 244 244 244 242 55 138 720 720 651 242 720 55 55 720 55 55 720 651 242 651 242 720 720 651 521 521 138 521 138 521 242 138 651 651 138 138 244 242 521 521 521 55 244 720 55 138 651 242 521 521 720 244 244 651 138 720 521 521 651 720 651 521 55 521 242 55 138 242 521 651 651 244 138 55 55 138 138 521 55 720 242 244 138 138 242 521 55 244 521 55 242 720 521 242 244 521 55 720 720 138 521 720 138 138 55 244 138 651 651 244 242 651 138 521 138 242 651 651 55 521 521 242 244 55 55 138 138 651 138 521 521 55 55 720 138 138 720 720 138 521 55 521 242 242 244 138 651 244 720 244 55 138 138 651 138 242 651 242 651 720 651 244 651 521 138 521 720 242 242 720 720 521 55 651 720 55 55 138 242 242 651 651 651 720 55 720 138 651 521 521 55 138 242 55 720 138 651 244 242 138 720 521 651 242 720 244 651 651 720 55 244 242 138 242 521 242 55 521 242 651 138 138 521 138 521 521 521 521 720 651 244 138 55 521 720 244 55 720 720 651 242 521 521 138 651 138 244 242 138 720 138 138 244 244 242 55 55 55 244 720 138 138 720 55 720 651 651 521 521 651 651 521 720 244 651 55 55 242 651 651 651 521 651 521 138 242 138 651 651 242 720 242 138 244 242 521 651 720 651 242 242 138 55 55 138 720 651 138 244 651 521 242 521 244 242 521 244 521 55 138 651 244 242 242 651 242 651 244 651 244 55 720 720 720 138 521 55 720 242 521 242 651 242 521 651 521 521 242 138 651 521 242 521 720 242 55 521 521 521 720 720 242 138 244 521 521 521 651 55 521 242 138 55 651 138 138 55 244 651 244 521 55 720 244 242 138 55 55 651 55 244 242 651 244 244 138 55 651 720 242 521 720 55 651 138 55 651 55 138 242 55 521 55 651 521 521 55 244 720 651 55 242 651 244 242 651 55 138 242 138 244 242 242 720 244 651 244 55 138 242 244 720 55 720 138 521 138 720 55 720 242 521 720 242 244 244 651 720 651 651 521 55 55 138 138 244 720 55 55 651 242 651 138 244 242 242 521 521 55 138 720 720 244 244 244 138 720 720 521 521 720 138 521 720 244 138 521 651 242 651 244 720 55 55 55 55 138 55 55 242 720 242 651 138 244 244 55 521 55 55 521 138 138 55 521 244 242 138 55 55 651 244 521 651 521 720 651 244 242 651 138 138 720 
  Facilities: 7
 55 : 2 9 11 17 34 41 50 55 59 72 76 98 107 113 114 134 143 149 157 161 166 174 175 183 189 199 201 205 211 218 219 221 222 248 251 269 272 280 281 285 293 296 303 311 325 330 331 338 339 347 357 379 382 383 391 397 400 416 423 439 443 462 463 464 470 482 483 509 510 525 537 543 562 575 579 583 588 593 594 596 603 609 612 614 617 619 623 627 633 644 649 655 668 669 674 675 685 709 710 711 712 714 715 723 725 726 730 735 736
 138 : 4 10 22 39 48 52 56 63 69 87 118 121 122 124 130 136 137 142 144 148 163 169 178 180 190 195 200 212 233 235 238 241 242 252 261 273 279 282 283 289 290 306 309 310 313 319 321 332 333 335 341 342 345 352 358 359 361 371 384 393 398 402 406 419 427 428 430 438 450 452 455 457 458 467 468 491 493 499 508 511 514 526 541 555 569 578 581 582 592 602 611 615 634 636 645 651 653 670 671 679 686 692 698 702 713 720 728 729 734 747 748
 242 : 1 21 29 32 33 37 45 61 62 73 78 84 85 86 92 95 101 105 108 109 115 117 120 125 126 138 160 164 168 171 179 182 186 210 216 225 227 237 244 254 271 274 287 291 297 300 317 322 328 349 350 362 364 374 375 385 386 399 405 410 418 420 422 425 447 454 461 484 492 496 498 501 506 507 518 521 529 530 532 545 547 549 554 558 561 568 577 591 598 606 616 628 631 635 638 639 646 657 660 677 681 682 705 716 718 733 745
 244 : 5 15 16 18 19 25 30 40 43 70 71 80 110 112 123 129 152 176 192 194 196 198 207 208 209 243 249 258 259 278 288 294 301 312 316 329 351 354 356 368 404 412 417 437 442 453 459 460 465 480 500 515 520 523 528 534 536 570 584 586 590 597 600 601 624 630 637 641 643 647 661 662 672 680 689 690 691 701 707 721 722 732 738 744
 521 : 6 8 14 24 27 28 44 54 57 60 67 68 88 90 93 94 99 111 127 139 145 146 151 154 172 173 177 184 185 187 191 197 203 204 206 231 232 234 236 245 246 247 255 256 263 264 268 270 275 284 292 295 299 302 307 320 326 327 336 337 346 348 370 372 378 395 396 408 421 424 429 431 432 433 434 440 448 449 474 475 478 488 490 502 517 519 522 524 542 546 550 552 553 557 559 563 564 565 571 572 573 576 587 607 618 621 622 652 658 667 683 684 695 696 699 703 724 727 731 739 741
 651 : 20 35 42 46 58 75 77 83 89 104 116 140 147 150 162 165 167 188 215 224 226 230 239 240 253 260 265 267 276 277 314 315 318 323 324 334 353 360 363 365 367 369 380 387 388 389 394 403 409 413 414 426 436 446 451 472 473 476 477 481 485 486 487 489 494 495 503 505 513 516 527 531 533 535 548 551 556 574 580 585 595 599 604 610 613 620 626 629 632 642 663 665 666 676 678 704 706 719 737 740 743 746
 720 : 0 3 7 12 13 23 26 31 36 38 47 49 51 53 64 65 66 74 79 81 82 91 96 97 100 102 103 106 119 128 131 132 133 135 141 153 155 156 158 159 170 181 193 202 213 214 217 220 223 228 229 250 257 262 266 286 298 304 305 308 340 343 344 355 366 373 376 377 381 390 392 401 407 411 415 435 441 444 445 456 466 469 471 479 497 504 512 538 539 540 544 560 566 567 589 605 608 625 640 648 650 654 656 659 664 673 687 688 693 694 697 700 708 717 742 749
SOLUTION:
  Value: -901846.000000
  Assigns: 80 80 55 720 133 286 521 720 133 80 55 133 133 25 521 80 25 55 286 133 80 286 720 720 521 133 720 25 521 521 521 720 133 80 55 521 80 720 720 133 80 55 80 521 521 286 25 720 133 720 25 720 80 720 521 55 55 80 286 286 521 133 286 25 80 720 133 521 521 55 720 25 55 133 720 521 55 80 25 133 720 25 720 286 25 286 133 286 521 133 521 720 55 521 80 286 720 720 55 521 286 133 720 286 286 25 720 133 133 80 286 521 133 55 286 521 25 25 286 80 521 133 720 80 25 133 133 521 720 80 25 720 720 720 133 720 25 286 521 521 286 720 286 55 720 80 521 133 25 55 55 80 720 25 521 720 720 25 720 720 25 55 80 80 720 133 286 286 286 25 80 720 80 25 55 55 80 521 521 25 133 720 133 55 521 521 25 521 720 80 25 521 80 720 133 55 133 521 55 286 133 55 720 521 286 55 521 720 521 133 25 55 80 286 720 25 521 720 55 55 80 55 25 720 133 55 25 80 720 720 286 25 521 25 133 720 521 286 286 720 55 286 521 286 80 80 80 521 80 133 720 55 80 25 286 521 521 286 80 133 55 133 720 521 133 286 720 286 521 55 521 80 25 55 80 25 80 80 25 286 55 55 25 80 521 286 720 80 80 55 286 80 521 133 25 521 55 286 133 133 286 25 521 55 720 720 521 521 720 80 25 55 25 25 80 133 286 133 80 286 521 286 720 521 133 80 286 133 80 80 55 55 80 25 133 25 521 521 25 55 720 286 55 80 720 80 25 55 521 133 80 720 720 286 55 80 521 25 25 286 720 25 133 80 286 286 720 286 133 133 521 80 80 720 80 133 720 80 521 80 80 720 25 80 720 286 80 80 521 25 720 286 720 720 25 521 521 55 80 286 55 720 80 286 25 80 286 25 521 286 25 720 720 25 720 720 55 521 25 133 80 521 720 55 286 286 286 55 286 521 286 133 80 521 521 720 720 25 521 286 521 720 133 55 720 80 55 521 521 521 80 286 133 55 133 25 286 133 80 25 286 521 55 55 25 286 720 720 25 720 55 720 133 286 521 521 55 286 521 720 521 25 55 55 80 286 286 25 521 25 521 521 80 80 55 25 25 720 25 286 521 80 133 286 720 55 25 55 133 55 133 286 80 286 286 521 55 521 133 286 80 286 80 521 521 55 133 55 55 55 80 55 286 133 133 133 25 55 720 720 720 286 521 286 720 286 521 55 286 133 80 286 80 521 55 55 286 521 25 133 25 133 55 521 133 521 720 133 286 55 133 286 133 521 55 55 521 133 286 55 80 720 286 55 55 286 521 133 25 720 521 133 133 55 55 286 80 133 720 133 720 720 80 55 521 133 286 286 80 55 286 80 25 25 55 286 80 55 286 55 25 133 521 55 286 720 133 55 286 720 521 55 80 55 286 133 25 521 80 25 720 25 55 25 55 80 25 133 720 55 720 521 25 286 720 55 133 133 521 720 80 286 80 80 720 286 55 521 25 55 55 80 133 720 286 55 133 80 286 80 25 133 25 80 133 25 80 133 720 286 25 25 521 286 720 521 521 720 55 521 286 80 80 25 720 55 286 286 720 55 55 25 55 80 25 55 133 25 80 80 133 25 80 286 521 80 55 80 80 286 80 521 133 80 133 55 133 133 286 521 25 25 720 286 133 133 80 80 25 25 
  Facilities: 7
 25 : 13 16 27 46 50 63 71 78 81 84 105 116 117 124 130 136 148 153 157 160 169 173 179 186 190 210 215 222 226 231 233 253 272 275 278 282 294 301 310 312 313 333 335 338 346 357 358 361 382 389 394 404 407 410 413 418 437 455 459 464 468 481 487 489 495 496 498 506 536 558 560 588 612 613 620 636 639 641 643 646 652 668 680 682 685 690 691 703 711 714 717 721 740 741 748 749
 55 : 2 10 17 34 41 55 56 69 72 76 92 98 113 143 149 150 161 174 175 183 195 198 201 205 211 218 219 221 225 240 251 260 269 273 280 281 289 296 303 311 330 331 339 342 347 354 397 400 416 423 427 443 446 453 462 463 470 476 482 483 494 505 507 509 516 525 527 528 529 531 537 547 554 555 562 569 574 575 579 583 584 593 594 603 609 614 617 619 623 627 631 633 642 644 649 655 666 669 670 675 698 705 709 710 712 715 726 735
 80 : 0 1 9 15 20 33 36 40 42 52 57 64 77 94 109 119 123 129 145 151 162 163 170 172 176 189 192 212 220 227 244 245 246 248 252 258 271 274 276 277 283 287 288 291 309 314 318 325 328 329 332 343 345 350 355 363 371 372 374 377 379 380 383 386 387 398 402 405 420 432 445 450 458 484 492 493 501 512 520 522 530 550 552 580 596 602 608 611 616 632 638 645 660 662 663 671 677 679 683 686 701 702 713 718 719 722 725 727 728 730 733 746 747
 133 : 4 8 11 12 19 25 32 39 48 61 66 73 79 86 89 101 107 108 112 121 125 126 134 147 165 180 182 194 196 200 209 224 234 249 259 261 264 293 298 299 315 317 324 327 334 349 362 368 369 375 419 431 442 452 454 457 472 502 508 510 518 526 533 534 535 549 559 561 564 567 570 572 577 587 591 592 597 599 605 621 626 635 647 656 657 672 676 681 684 687 716 720 732 734 736 737 744 745
 286 : 5 18 21 45 58 59 62 83 85 87 95 100 103 104 110 114 118 137 140 142 166 167 168 199 204 213 230 237 238 241 243 254 257 265 267 279 285 290 297 300 316 319 321 326 341 353 359 364 365 367 385 391 399 403 406 409 424 425 426 428 430 439 451 456 460 465 473 477 485 486 499 503 511 513 514 519 521 532 541 543 545 548 551 556 568 571 578 582 585 595 606 607 610 615 618 624 628 634 653 661 665 674 678 689 693 700 706 707 723 729 738 743
 521 : 6 14 24 28 29 30 35 43 44 54 60 67 68 75 88 90 93 99 111 115 120 127 138 139 146 154 177 178 184 185 187 191 197 203 206 208 216 232 236 242 247 255 256 263 268 270 284 292 295 302 306 307 320 323 336 337 348 356 370 378 388 395 396 408 417 421 429 433 434 438 440 447 448 449 461 474 475 478 480 488 490 491 500 515 517 523 524 542 546 553 557 563 565 573 576 586 590 604 622 630 637 651 658 667 692 695 696 699 724 731 739
 720 : 3 7 22 23 26 31 37 38 47 49 51 53 65 70 74 80 82 91 96 97 102 106 122 128 131 132 133 135 141 144 152 155 156 158 159 164 171 181 188 193 202 207 214 217 223 228 229 235 239 250 262 266 286 304 305 308 322 340 344 351 352 360 366 373 376 381 384 390 392 393 401 411 412 414 415 422 435 436 441 444 466 467 469 471 479 497 504 538 539 540 544 566 581 589 598 600 601 625 629 640 648 650 654 659 664 673 688 694 697 704 708 742
SOLUTION:
  Value: -901892.000000
  Assigns: 720 106 55 720 106 627 627 720 106 55 55 55 106 720 521 627 106 55 627 651 651 242 106 720 521 242 720 106 521 242 627 720 242 242 55 651 106 242 106 627 627 55 651 521 521 242 627 720 106 720 627 720 55 720 521 627 627 521 651 106 521 627 242 106 627 720 720 521 521 55 106 651 55 242 720 651 55 651 242 106 720 720 720 651 242 242 106 521 521 651 521 720 242 521 521 242 720 720 55 521 720 242 720 720 651 242 106 55 242 242 106 521 106 55 106 242 106 242 55 720 627 627 720 651 651 242 242 521 720 106 651 720 720 720 627 720 242 627 627 521 651 720 627 55 720 521 521 651 651 627 651 521 106 720 521 720 720 55 106 720 242 55 651 627 242 651 55 651 242 55 720 242 521 106 55 55 627 521 106 242 242 627 242 106 521 521 242 521 651 55 627 521 106 720 242 55 521 521 242 55 521 55 720 521 627 627 521 720 521 627 242 55 627 720 720 651 242 720 55 106 627 55 627 720 651 242 651 242 720 720 651 521 521 55 521 720 521 242 521 627 651 55 521 106 242 521 521 521 55 627 720 55 106 106 242 521 521 627 521 106 651 627 720 521 521 651 720 651 521 55 521 242 55 55 242 627 651 651 627 242 55 55 521 651 521 55 720 242 106 55 242 242 521 627 627 521 106 242 720 521 242 106 521 55 720 720 106 521 720 651 106 55 627 627 627 651 106 242 651 720 521 627 242 651 651 55 106 521 242 627 627 55 55 627 651 627 521 521 55 55 720 627 55 106 720 627 521 55 521 106 242 651 720 651 55 720 521 106 627 627 106 242 242 651 242 651 720 651 627 651 106 106 521 720 242 242 720 627 521 627 651 720 55 627 720 242 242 651 651 651 720 55 720 720 651 521 521 55 106 242 55 106 651 651 627 242 106 720 521 651 242 720 242 651 651 720 55 106 242 55 242 521 242 106 627 242 651 55 651 521 242 106 106 106 106 720 651 242 651 55 521 720 720 627 720 720 651 242 521 521 651 651 55 55 627 627 720 106 627 521 106 242 55 55 55 242 720 651 106 720 55 720 651 651 521 627 651 651 106 720 627 651 627 55 242 651 651 651 521 651 521 242 627 106 651 651 242 106 242 521 106 242 521 651 627 651 242 242 521 55 55 627 720 106 242 521 627 521 627 106 720 242 106 106 106 55 106 651 55 242 242 651 242 651 627 651 651 55 720 720 720 627 521 55 720 627 521 242 651 242 106 651 521 521 242 651 651 106 242 106 720 242 55 521 106 627 720 720 242 55 242 627 106 521 106 55 521 242 106 55 651 720 106 55 55 106 521 521 627 720 106 242 720 55 55 651 55 627 242 106 720 627 106 55 651 720 106 521 720 55 651 106 55 651 55 242 242 55 521 55 651 521 521 55 627 720 106 55 627 651 106 106 651 106 627 106 521 521 242 242 720 242 627 242 55 651 627 627 720 55 720 521 521 627 720 55 106 242 521 720 242 627 521 651 720 627 651 521 106 55 55 627 242 720 55 55 651 242 651 242 55 242 242 521 627 55 55 627 720 521 242 106 521 106 627 521 521 720 106 521 720 720 651 106 651 242 651 106 106 55 55 55 55 627 627 55 242 720 106 651 106 106 627 55 521 55 55 106 55 106 55 627 106 242 627 55 627 651 106 521 651 106 720 651 627 106 106 627 651 720 
  Facilities: 7
 55 : 2 9 10 11 17 34 41 52 69 72 76 98 107 113 118 143 157 161 166 169 174 175 189 195 199 201 211 218 221 233 241 248 251 269 272 273 280 281 285 289 303 311 325 331 332 338 339 342 347 354 382 391 397 400 416 419 427 439 452 453 462 463 464 470 483 509 510 525 528 537 543 562 569 575 579 583 584 593 594 596 603 609 612 614 617 619 623 627 644 649 655 669 670 674 675 680 685 686 709 710 711 712 715 723 725 726 728 730 735
 106 : 1 4 8 12 16 22 27 36 38 48 59 63 70 79 86 106 110 112 114 116 129 152 158 173 178 183 192 219 243 252 253 259 288 296 301 306 310 316 326 343 349 357 360 370 371 398 401 406 417 423 431 432 433 434 457 460 468 478 493 497 500 513 519 522 523 524 526 550 557 559 564 572 574 578 582 585 590 599 602 606 611 626 630 631 633 635 656 668 691 693 698 703 707 708 718 720 721 727 729 732 738 741 745 746
 242 : 21 25 29 32 33 37 45 62 73 78 84 85 92 95 101 105 108 109 115 117 125 126 136 160 164 168 171 179 180 182 186 194 198 210 216 225 227 237 244 254 271 274 279 287 290 291 297 300 317 322 328 350 361 362 364 374 375 385 386 399 405 410 412 418 420 422 425 430 437 447 461 465 484 491 496 498 501 506 507 514 521 529 530 532 547 549 554 558 561 568 570 577 591 598 615 616 638 639 641 643 657 660 672 677 679 681 682 690 705 716 733
 521 : 14 24 28 43 44 54 57 60 67 68 87 88 90 93 94 99 111 127 139 145 146 151 154 172 177 184 185 187 191 196 197 200 203 206 208 231 232 234 236 238 242 245 246 247 255 256 258 263 264 268 270 282 284 292 295 299 302 307 320 327 336 337 346 348 356 372 378 395 396 408 421 429 440 448 449 459 474 488 490 499 502 508 515 517 542 546 552 553 563 573 576 586 587 607 618 621 622 636 637 651 652 658 662 667 683 689 692 695 696 699 724 739
 627 : 5 6 15 18 30 39 40 46 50 55 56 61 64 120 121 134 137 138 142 149 163 176 181 190 204 205 209 212 220 222 239 249 257 261 275 278 293 294 312 313 314 321 329 330 333 335 341 345 358 359 368 377 379 383 404 424 443 454 455 458 475 480 482 492 504 511 516 518 534 541 545 565 571 588 597 601 624 628 634 642 646 647 653 661 665 671 684 687 694 713 714 722 731 734 736 744 747
 651 : 19 20 35 42 58 71 75 77 83 89 104 123 124 130 140 147 148 150 162 165 167 188 215 224 226 230 240 260 265 267 276 277 283 309 315 318 323 324 334 351 353 363 365 367 369 380 387 388 389 394 402 403 409 413 414 426 428 436 438 446 450 451 467 472 473 476 477 481 485 486 487 489 494 495 503 505 527 531 533 535 536 548 551 555 556 580 595 604 610 613 620 629 632 645 663 666 676 678 702 704 706 719 737 740 743 748
 720 : 0 3 7 13 23 26 31 47 49 51 53 65 66 74 80 81 82 91 96 97 100 102 103 119 122 128 131 132 133 135 141 144 153 155 156 159 170 193 202 207 213 214 217 223 228 229 235 250 262 266 286 298 304 305 308 319 340 344 352 355 366 373 376 381 384 390 392 393 407 411 415 435 441 442 444 445 456 466 469 471 479 512 520 538 539 540 544 560 566 567 581 589 592 600 605 608 625 640 648 650 654 659 664 673 688 697 700 701 717 742 749
SOLUTION:
  Value: -901896.000000
  Assigns: 286 173 173 286 133 286 627 627 133 133 286 133 458 596 521 286 458 596 286 133 458 286 458 596 173 173 458 286 521 521 627 133 133 173 458 173 458 458 458 627 627 173 458 458 521 173 627 133 133 596 627 596 596 458 521 627 627 458 286 286 521 627 627 458 627 521 133 521 521 173 173 458 286 133 133 596 133 458 458 133 173 133 173 286 458 286 133 596 521 458 521 596 458 458 521 173 596 627 173 521 286 596 596 286 286 458 627 133 133 173 286 521 133 133 286 596 173 173 286 133 627 627 627 133 458 133 133 521 173 458 596 596 173 133 133 173 458 173 627 521 286 133 627 458 133 521 521 133 458 627 458 521 596 173 521 627 286 521 596 173 458 133 458 627 173 133 286 286 286 458 521 596 286 596 173 286 627 521 458 133 458 458 173 596 521 521 596 521 627 458 173 521 521 286 133 458 133 521 173 286 133 627 458 521 173 627 521 627 521 133 627 458 596 286 173 173 173 286 521 173 627 133 627 458 133 173 596 596 173 173 286 521 521 286 133 458 596 286 458 627 596 286 521 286 627 596 596 173 173 627 458 596 133 286 173 596 521 286 596 133 521 596 458 521 133 286 458 286 521 173 458 173 173 596 458 596 627 458 627 286 627 596 173 627 521 286 286 458 286 458 286 596 521 627 627 521 173 286 133 133 286 458 521 286 458 286 173 521 286 173 286 627 627 286 627 596 458 133 286 458 521 286 173 627 133 458 286 133 596 458 627 133 596 627 133 627 521 458 286 173 458 627 596 458 596 627 133 627 521 133 173 596 458 286 133 521 458 521 596 458 286 173 133 596 286 286 458 286 627 133 521 173 458 173 596 133 596 627 521 627 286 173 173 627 173 286 596 458 521 596 596 458 521 458 596 521 521 286 133 458 627 596 173 173 596 458 286 133 521 286 458 521 133 596 458 173 458 521 133 133 596 521 173 458 627 286 627 596 286 521 596 133 173 521 627 596 173 458 458 286 596 627 133 627 173 286 458 173 521 521 133 458 133 173 627 627 286 173 627 133 596 521 133 286 596 286 173 596 596 286 458 521 173 286 521 627 596 458 521 173 458 521 458 596 521 286 286 458 521 596 521 521 458 173 173 173 173 458 627 286 521 521 133 286 627 596 596 286 133 627 133 286 133 286 596 521 627 596 458 286 133 286 458 173 596 286 133 521 286 286 173 173 596 133 596 133 458 173 521 521 521 286 521 286 286 286 521 173 286 133 133 286 521 521 458 173 286 521 458 133 286 133 596 521 133 627 458 133 173 286 133 286 133 521 173 133 173 133 286 596 133 627 286 173 173 286 521 133 627 458 596 133 133 627 286 286 173 133 173 133 458 627 286 627 173 133 458 286 173 596 458 596 458 596 173 286 133 627 286 133 458 133 521 458 627 173 133 458 627 627 596 458 133 596 286 133 133 521 596 596 596 458 627 286 173 627 458 133 286 596 627 521 596 173 458 521 133 596 521 173 458 627 173 596 458 286 173 458 173 596 521 627 173 596 286 627 627 458 286 596 521 627 133 521 133 173 596 133 521 286 458 596 521 286 627 521 521 173 627 596 286 521 596 521 133 627 173 458 286 458 458 596 286 627 627 596 133 458 627 627 133 458 627 286 521 458 133 627 133 286 173 627 458 173 133 627 133 133 596 521 286 173 133 286 627 133 458 627 133 596 
  Facilities: 7
 133 : 4 8 9 11 19 31 32 47 48 66 73 74 76 79 81 86 107 108 112 113 119 123 125 126 133 134 141 144 147 161 165 179 194 196 200 209 221 224 234 252 259 264 298 299 317 324 327 331 334 346 349 354 362 369 375 398 407 412 418 419 431 442 450 452 459 462 502 508 510 512 520 526 533 535 549 550 559 561 564 567 570 572 575 577 580 587 591 592 597 599 605 616 619 621 626 632 635 636 647 656 682 684 687 704 716 720 726 728 734 736 737 742 745 748
 173 : 1 2 24 25 33 35 41 45 69 70 80 82 95 98 109 116 117 128 132 135 137 153 159 164 174 182 190 198 204 214 215 216 219 225 228 229 247 248 254 269 271 272 282 296 306 309 322 339 350 361 371 373 381 382 384 402 403 415 422 432 436 444 447 453 457 466 472 479 493 494 495 496 523 530 531 537 547 555 568 574 576 583 584 596 598 604 608 614 625 644 653 659 662 666 668 672 685 697 706 730 733 741
 286 : 0 3 5 10 15 18 21 27 58 59 72 83 85 100 103 104 110 114 118 140 156 166 167 168 172 175 193 199 213 217 230 233 237 241 243 253 257 265 267 279 285 286 288 290 297 300 303 305 308 310 313 318 321 326 338 353 360 364 365 367 380 385 397 406 409 425 428 439 445 456 463 465 469 473 485 486 499 503 507 511 513 519 521 525 528 529 541 543 544 545 548 551 556 560 569 571 578 582 585 594 595 602 607 615 618 634 643 648 665 674 678 689 693 700 708 712 723 729 740 743
 458 : 12 16 20 22 26 34 36 37 38 42 43 53 57 63 71 77 78 84 89 92 93 105 124 129 136 143 148 150 160 162 169 178 180 181 189 195 202 211 223 235 238 250 262 266 270 274 277 287 289 301 304 316 319 325 329 337 340 343 352 356 359 366 372 387 391 393 399 405 410 414 416 423 437 438 446 451 470 477 480 482 487 492 497 518 522 536 554 558 566 589 600 606 610 612 620 623 627 631 641 646 654 660 664 667 677 690 707 709 710 717 721 725 732 746
 521 : 14 28 29 44 54 60 65 67 68 88 90 94 99 111 127 139 145 146 151 154 157 170 177 184 185 187 191 192 197 203 206 208 218 231 232 242 256 260 263 268 284 292 295 302 307 320 336 348 355 357 370 378 388 392 395 396 408 411 417 421 429 433 448 449 461 471 474 478 481 484 488 490 491 500 501 515 527 538 539 540 542 546 552 553 557 563 573 586 622 637 651 655 658 670 680 683 688 692 695 696 701 703 724 739
 596 : 13 17 23 49 51 52 75 87 91 96 101 102 115 130 131 152 158 171 173 183 186 212 226 227 236 240 245 246 251 255 258 261 273 275 281 291 315 328 332 342 344 351 358 363 374 376 386 389 390 394 401 404 413 420 427 430 435 440 460 464 467 468 476 483 489 505 506 514 517 524 532 534 562 579 590 609 611 613 630 633 638 639 640 649 652 657 663 669 673 679 686 691 699 702 711 715 738 749
 627 : 6 7 30 39 40 46 50 55 56 61 62 64 97 106 120 121 122 138 142 149 155 163 176 188 201 205 207 210 220 222 239 244 249 276 278 280 283 293 294 311 312 314 323 330 333 335 341 345 347 368 377 379 383 400 424 426 434 441 443 454 455 458 475 498 504 509 516 565 581 588 593 601 603 617 624 628 629 642 645 650 661 671 675 676 681 694 698 705 713 714 718 719 722 727 731 735 744 747
SOLUTION:
  Value: -901971.000000
  Assigns: 720 242 55 720 528 627 627 720 521 528 55 55 720 720 521 627 651 55 627 651 651 242 242 720 521 242 720 521 521 242 627 720 528 242 55 651 528 242 720 528 627 528 651 521 521 242 627 720 651 720 627 720 55 720 521 627 528 528 651 55 521 627 242 528 528 720 720 521 521 55 720 651 55 242 720 528 528 651 528 720 720 528 720 651 242 242 528 521 521 651 521 720 242 521 521 242 720 720 55 521 720 242 720 720 651 242 627 55 242 242 242 521 521 55 528 242 528 242 55 720 627 627 720 651 651 242 242 521 720 651 651 720 720 720 627 528 242 627 627 528 651 720 627 55 528 521 521 651 528 627 651 521 720 720 528 720 720 55 528 720 242 55 651 627 242 651 55 651 242 528 528 528 521 521 55 55 627 521 528 528 242 627 528 55 521 521 242 521 651 55 528 521 521 720 242 55 521 521 242 55 521 55 720 521 528 627 521 720 521 627 242 55 627 720 720 651 242 720 55 55 627 55 627 720 651 242 651 242 720 720 651 521 521 55 521 720 521 242 521 627 651 55 521 528 528 521 521 521 528 627 720 528 55 528 242 521 521 627 521 528 651 528 720 521 528 651 720 651 521 55 528 242 55 55 242 627 651 651 627 242 55 55 521 651 521 55 720 242 720 55 528 528 521 627 627 521 55 242 720 521 242 521 521 55 720 720 521 521 720 651 55 55 528 528 627 651 528 242 528 720 521 627 242 651 651 55 521 521 242 627 627 55 55 627 651 627 521 521 55 55 720 627 55 720 720 627 521 55 521 242 242 651 528 651 55 720 521 55 627 627 651 528 242 651 242 651 528 651 627 651 521 528 521 720 242 242 720 627 521 627 651 720 55 627 528 242 242 528 651 651 720 55 720 720 651 521 521 55 627 242 55 720 651 651 627 242 528 720 521 651 242 720 242 528 651 720 55 521 242 528 242 521 242 528 627 242 651 55 651 521 242 521 521 521 528 720 651 242 651 55 521 720 720 627 720 720 651 242 521 521 651 651 55 55 627 627 528 528 627 521 242 242 55 55 55 528 720 651 528 720 55 720 528 651 521 627 651 651 521 720 627 651 627 55 242 651 651 651 528 651 521 242 627 528 651 528 242 528 242 521 521 242 521 651 627 651 242 242 521 55 55 627 720 651 242 521 627 521 627 521 528 242 521 651 521 55 528 651 55 242 242 651 242 651 627 651 651 55 720 720 720 627 521 55 720 627 521 242 528 242 521 651 521 521 242 651 651 528 242 528 720 242 55 521 528 627 720 720 242 55 242 528 521 521 651 55 528 242 242 55 651 720 528 55 55 651 521 528 627 720 651 242 528 55 528 651 55 528 242 651 720 627 651 55 651 720 242 521 720 55 651 528 55 651 55 242 242 55 521 55 651 528 521 55 627 720 651 55 627 651 521 242 651 55 627 242 521 521 242 242 720 242 627 242 55 651 627 627 720 55 720 521 521 627 720 55 720 242 521 720 242 627 528 651 720 627 528 521 55 55 55 627 242 720 55 55 651 242 651 242 55 242 242 521 627 528 528 627 720 521 242 242 521 720 627 528 521 720 528 521 720 720 651 521 651 242 651 627 720 55 55 528 55 627 627 55 242 720 627 651 528 521 627 55 521 55 55 627 528 627 55 627 651 242 528 55 627 651 528 521 651 521 720 651 627 242 651 627 651 528 
  Facilities: 7
 55 : 2 10 11 17 34 52 59 69 72 98 107 113 118 143 157 161 166 174 175 183 189 195 199 201 211 218 219 221 233 241 252 269 272 273 280 281 285 289 296 303 310 311 325 331 332 338 339 342 347 354 357 382 391 397 400 416 427 439 452 453 462 463 464 470 483 509 510 525 528 537 543 562 569 575 579 583 584 593 596 603 609 612 614 617 619 623 627 633 644 649 655 668 669 670 674 675 680 709 710 712 715 723 725 726 730 735
 242 : 1 21 22 25 29 33 37 45 62 73 84 85 92 95 101 105 108 109 110 115 117 125 126 136 160 164 168 180 186 194 198 210 216 225 227 237 254 271 274 279 287 297 300 317 322 328 349 350 362 364 374 375 385 386 399 405 410 412 418 420 422 425 430 437 447 460 461 484 491 496 498 501 506 507 514 521 529 530 532 547 549 554 558 561 568 570 577 578 591 598 606 615 616 631 635 638 639 641 643 657 660 672 677 679 681 682 690 691 705 716 733 745
 521 : 8 14 24 27 28 43 44 54 60 67 68 87 88 90 93 94 99 111 112 127 145 146 151 172 173 177 184 185 187 191 192 196 197 200 203 206 208 231 232 234 236 238 242 245 246 247 255 256 258 263 268 282 284 292 295 299 301 302 306 307 320 326 327 336 337 346 348 356 370 372 378 395 396 408 417 421 429 431 432 433 440 448 449 459 474 478 490 499 500 502 508 515 517 519 522 524 542 546 550 552 553 563 572 573 586 607 618 622 630 636 637 651 652 658 667 683 689 692 696 699 703 721 724 739 741
 528 : 4 9 32 36 39 41 56 57 63 64 75 76 78 81 86 114 116 135 139 144 148 154 158 169 170 171 178 179 182 190 204 243 244 248 251 253 259 261 264 270 290 291 312 313 316 318 352 361 366 371 384 387 406 413 419 423 434 456 457 465 468 472 488 493 495 497 520 526 548 557 559 564 571 576 582 587 592 594 597 611 621 662 666 685 686 695 698 711 720 728 734 738 749
 627 : 5 6 15 18 30 40 46 50 55 61 106 120 121 134 137 138 142 149 163 176 181 205 209 212 220 222 239 249 257 275 278 293 294 314 321 329 330 333 335 341 345 358 359 368 377 379 383 398 404 424 443 454 455 458 475 480 482 492 504 511 516 518 534 541 545 565 588 601 624 628 634 642 646 647 653 661 665 671 684 687 694 707 713 714 718 722 727 729 731 736 744 747
 651 : 16 19 20 35 42 48 58 71 77 83 89 104 123 124 129 130 140 147 150 162 165 167 188 215 224 226 230 240 260 265 267 276 277 283 309 315 323 324 334 351 353 360 363 365 367 369 380 388 389 394 402 403 409 414 426 428 436 438 446 450 451 467 473 476 477 481 485 486 487 489 494 503 505 513 523 527 531 533 535 536 551 555 556 574 580 585 590 595 599 602 604 610 613 620 626 629 632 645 663 676 678 702 704 706 719 732 737 740 743 746 748
 720 : 0 3 7 12 13 23 26 31 38 47 49 51 53 65 66 70 74 79 80 82 91 96 97 100 102 103 119 122 128 131 132 133 141 152 153 155 156 159 193 202 207 213 214 217 223 228 229 235 250 262 266 286 288 298 304 305 308 319 340 343 344 355 373 376 381 390 392 393 401 407 411 415 435 441 442 444 445 466 469 471 479 512 538 539 540 544 560 566 567 581 589 600 605 608 625 640 648 650 654 656 659 664 673 688 693 697 700 701 708 717 742
