# Time: 652.099976
# Elapsed: 264.152771
# Input_file: splp/GapA/832GapAS.txt
# Pool_size: 200
# Iterations: 34
# Final_solutions: 6500
# Vision_range: 400
# Reduction_mode: REDUCTION_DISPERSE
# Dissimilitude: DISSIM_MSE
# Facility_dist: FDISMODE_MINDIST
SOLUTION:
  Value: -39139.000000
  Assigns: 18 47 83 94 99 86 28 28 29 29 12 94 86 29 94 83 83 18 83 57 99 94 38 38 38 99 12 28 61 18 61 99 12 47 38 12 47 78 12 29 86 28 83 47 57 99 61 86 78 83 38 28 83 99 86 94 38 57 61 29 86 83 83 57 28 47 47 83 78 12 18 94 86 28 83 78 61 18 83 18 38 94 83 61 47 12 78 12 57 83 99 94 29 86 38 61 57 29 29 78 
  Facilities: 13
 12 : 10 26 32 35 38 69 85 87
 18 : 0 17 29 70 77 79
 28 : 6 7 27 41 51 64 73
 29 : 8 9 13 39 59 92 97 98
 38 : 22 23 24 34 50 56 80 94
 47 : 1 33 36 43 65 66 84
 57 : 19 44 57 63 88 96
 61 : 28 30 46 58 76 83 95
 78 : 37 48 68 75 86 99
 83 : 2 15 16 18 42 49 52 61 62 67 74 78 82 89
 86 : 5 12 40 47 54 60 72 93
 94 : 3 11 14 21 55 71 81 91
 99 : 4 20 25 31 45 53 90
SOLUTION:
  Value: -60132.000000
  Assigns: 3 47 3 33 56 22 77 55 55 55 22 5 22 82 33 22 13 78 82 78 77 77 99 55 55 43 61 48 61 5 61 99 20 3 5 20 47 3 47 43 20 71 22 47 20 99 55 32 78 20 56 43 33 99 5 33 3 3 22 20 48 61 56 56 74 47 77 55 78 77 22 77 20 13 5 78 55 22 20 56 77 77 61 61 47 20 78 33 43 43 99 13 55 22 22 61 71 3 5 78 
  Facilities: 20
 3 : 0 2 33 37 56 57 97
 5 : 11 29 34 54 74 98
 13 : 16 73 91
 20 : 32 35 40 44 49 59 72 78 85
 22 : 5 10 12 15 42 58 70 77 93 94
 32 : 47
 33 : 3 14 52 55 87
 43 : 25 39 51 88 89
 47 : 1 36 38 43 65 84
 48 : 27 60
 55 : 7 8 9 23 24 46 67 76 92
 56 : 4 50 62 63 79
 61 : 26 28 30 61 82 83 95
 71 : 41 96
 74 : 64
 77 : 6 20 21 66 69 71 80 81
 78 : 17 19 48 68 75 86 99
 82 : 13 18
 93 :
 99 : 22 31 45 53 90
SOLUTION:
  Value: -66165.000000
  Assigns: 79 76 1 43 56 13 77 8 46 74 74 5 76 82 53 97 13 32 82 68 77 77 46 76 68 43 61 48 61 5 66 76 82 68 31 13 31 76 79 43 48 66 82 74 74 97 61 32 31 97 56 43 68 97 79 8 46 53 61 5 53 61 56 56 74 1 77 13 8 1 32 97 46 13 5 93 61 1 46 46 68 77 61 61 1 53 97 46 43 43 31 8 79 56 93 61 8 97 5 66 
  Facilities: 22
 1 : 2 65 69 77 84
 5 : 11 29 59 74 98
 8 : 7 55 68 91 96
 13 : 5 16 35 67 73
 31 : 34 36 48 90
 32 : 17 47 70
 43 : 3 25 39 51 88 89
 46 : 8 22 56 72 78 79 87
 48 : 27 40
 53 : 14 57 60 85
 56 : 4 50 62 63 93
 61 : 26 28 46 58 61 76 82 83 95
 66 : 30 41 99
 68 : 19 24 33 52 80
 71 :
 74 : 9 10 43 44 64
 76 : 1 12 23 31 37
 77 : 6 20 21 66 81
 79 : 0 38 54 92
 82 : 13 18 32 42
 93 : 75 94
 97 : 15 45 49 53 71 86 97
SOLUTION:
  Value: -69173.000000
  Assigns: 31 76 1 43 56 13 77 8 1 74 74 27 76 82 95 97 13 95 82 31 77 77 95 76 68 43 61 48 61 5 95 76 82 68 31 13 31 76 61 43 48 66 82 74 74 97 27 32 31 97 56 43 68 97 5 8 97 31 61 5 75 61 56 93 74 1 77 95 8 1 32 97 8 13 31 95 75 1 70 56 68 77 70 61 1 70 97 48 75 43 31 8 27 56 93 61 8 97 5 66 
  Facilities: 23
 1 : 2 8 65 69 77 84
 5 : 29 54 59 98
 8 : 7 55 68 72 91 96
 13 : 5 16 35 73
 27 : 11 46 92
 31 : 0 19 34 36 48 57 74 90
 32 : 47 70
 43 : 3 25 39 51 89
 48 : 27 40 87
 56 : 4 50 62 79 93
 61 : 26 28 38 58 61 83 95
 66 : 41 99
 68 : 24 33 52 80
 70 : 78 82 85
 71 :
 74 : 9 10 43 44 64
 75 : 60 76 88
 76 : 1 12 23 31 37
 77 : 6 20 21 66 81
 82 : 13 18 32 42
 93 : 63 94
 95 : 14 17 22 30 67 75
 97 : 15 45 49 53 56 71 86 97
SOLUTION:
  Value: -72150.000000
  Assigns: 79 90 4 43 56 13 77 8 96 90 74 5 76 82 96 96 13 32 82 31 77 77 4 24 24 43 8 48 4 5 66 76 82 96 31 13 31 76 24 43 48 66 82 74 74 97 4 32 31 97 56 43 68 97 79 8 97 90 90 5 75 32 56 93 74 24 77 13 8 79 32 97 8 13 31 90 75 31 70 4 68 77 70 4 96 70 97 4 75 43 31 8 79 56 93 75 8 97 5 96 
  Facilities: 24
 4 : 2 22 28 46 79 83 87
 5 : 11 29 59 98
 8 : 7 26 55 68 72 91 96
 13 : 5 16 35 67 73
 24 : 23 24 38 65
 31 : 19 34 36 48 74 77 90
 32 : 17 47 61 70
 43 : 3 25 39 51 89
 48 : 27 40
 56 : 4 50 62 93
 66 : 30 41
 68 : 52 80
 70 : 78 82 85
 71 :
 74 : 10 43 44 64
 75 : 60 76 88 95
 76 : 12 31 37
 77 : 6 20 21 66 81
 79 : 0 54 69 92
 82 : 13 18 32 42
 90 : 1 9 57 58 75
 93 : 63 94
 96 : 8 14 15 33 84 99
 97 : 45 49 53 56 71 86 97
SOLUTION:
  Value: -72156.000000
  Assigns: 79 76 1 33 56 13 77 8 1 33 74 5 76 82 33 97 13 32 82 31 77 77 73 76 68 43 61 48 61 5 66 76 82 68 31 13 31 76 73 43 48 66 82 74 74 97 73 32 31 97 56 43 33 97 73 33 97 31 61 5 75 61 56 93 74 1 77 13 8 1 32 97 8 13 31 93 75 1 70 56 68 77 70 61 1 70 97 33 75 43 31 8 79 56 93 61 8 97 5 66 
  Facilities: 24
 1 : 2 8 65 69 77 84
 5 : 11 29 59 98
 8 : 7 68 72 91 96
 13 : 5 16 35 67 73
 31 : 19 34 36 48 57 74 90
 32 : 17 47 70
 33 : 3 9 14 52 55 87
 43 : 25 39 51 89
 48 : 27 40
 56 : 4 50 62 79 93
 61 : 26 28 58 61 83 95
 66 : 30 41 99
 68 : 24 33 80
 70 : 78 82 85
 71 :
 73 : 22 38 46 54
 74 : 10 43 44 64
 75 : 60 76 88
 76 : 1 12 23 31 37
 77 : 6 20 21 66 81
 79 : 0 92
 82 : 13 18 32 42
 93 : 63 75 94
 97 : 15 45 49 53 56 71 86 97
SOLUTION:
  Value: -72156.000000
  Assigns: 34 34 1 43 56 22 77 8 29 29 22 85 76 82 95 22 13 95 82 31 77 77 95 76 68 43 8 48 34 5 95 76 82 68 31 13 31 76 34 43 48 66 22 74 74 85 34 32 31 34 56 43 68 75 5 8 29 31 22 29 75 32 56 93 74 1 77 95 8 1 22 77 8 13 31 95 75 1 70 56 68 77 70 95 1 70 85 48 75 43 31 8 29 22 22 75 8 29 29 34 
  Facilities: 24
 1 : 2 65 69 77 84
 5 : 29 54
 8 : 7 26 55 68 72 91 96
 13 : 16 35 73
 22 : 5 10 15 42 58 70 93 94
 29 : 8 9 56 59 92 97 98
 31 : 19 34 36 48 57 74 90
 32 : 47 61
 34 : 0 1 28 38 46 49 99
 43 : 3 25 39 51 89
 48 : 27 40 87
 56 : 4 50 62 79
 66 : 41
 68 : 24 33 52 80
 70 : 78 82 85
 71 :
 74 : 43 44 64
 75 : 53 60 76 88 95
 76 : 12 23 31 37
 77 : 6 20 21 66 71 81
 82 : 13 18 32
 85 : 11 45 86
 93 : 63
 95 : 14 17 22 30 67 75 83
SOLUTION:
  Value: -72158.000000
  Assigns: 31 47 4 54 56 13 77 8 54 33 74 27 76 82 33 97 13 32 82 31 77 77 4 76 68 43 8 48 4 5 66 76 82 68 31 13 47 76 47 43 48 66 82 47 74 97 27 54 31 97 56 43 33 97 5 33 97 31 54 5 75 32 56 93 74 47 77 13 8 77 32 97 8 13 31 54 75 31 70 4 68 77 70 4 47 70 97 4 75 43 31 8 27 56 93 75 8 97 5 66 
  Facilities: 24
 4 : 2 22 28 79 83 87
 5 : 29 54 59 98
 8 : 7 26 68 72 91 96
 13 : 5 16 35 67 73
 27 : 11 46 92
 31 : 0 19 34 48 57 74 77 90
 32 : 17 61 70
 33 : 9 14 52 55
 43 : 25 39 51 89
 47 : 1 36 38 43 65 84
 48 : 27 40
 54 : 3 8 47 58 75
 56 : 4 50 62 93
 66 : 30 41 99
 68 : 24 33 80
 70 : 78 82 85
 71 :
 74 : 10 44 64
 75 : 60 76 88 95
 76 : 12 23 31 37
 77 : 6 20 21 66 69 81
 82 : 13 18 32 42
 93 : 63 94
 97 : 15 45 49 53 56 71 86 97
SOLUTION:
  Value: -72162.000000
  Assigns: 79 90 4 94 56 13 77 8 21 90 74 94 76 23 94 4 13 32 82 31 77 77 4 76 68 43 8 48 4 5 66 76 82 68 31 13 31 76 79 43 48 66 23 94 74 75 4 32 31 94 56 43 68 75 79 94 23 90 90 5 75 32 56 93 74 21 77 13 8 79 32 94 8 13 31 90 75 31 70 4 68 94 70 4 94 70 21 4 75 43 31 94 79 56 93 75 8 90 5 21 
  Facilities: 24
 4 : 2 15 22 28 46 79 83 87
 5 : 29 59 98
 8 : 7 26 68 72 96
 13 : 5 16 35 67 73
 21 : 8 65 86 99
 23 : 13 42 56
 31 : 19 34 36 48 74 77 90
 32 : 17 47 61 70
 43 : 25 39 51 89
 48 : 27 40
 56 : 4 50 62 93
 66 : 30 41
 68 : 24 33 52 80
 70 : 78 82 85
 71 :
 74 : 10 44 64
 75 : 45 53 60 76 88 95
 76 : 12 23 31 37
 77 : 6 20 21 66
 79 : 0 38 54 69 92
 82 : 18 32
 90 : 1 9 57 58 75 97
 93 : 63 94
 94 : 3 11 14 43 49 55 71 81 84 91
SOLUTION:
  Value: -75131.000000
  Assigns: 23 76 4 94 56 22 77 8 29 29 22 94 76 23 94 22 13 32 82 31 77 77 4 24 24 43 8 48 4 5 66 76 82 68 31 13 31 76 24 43 48 66 23 94 74 97 4 32 31 97 56 43 68 97 5 94 23 31 22 29 75 32 56 56 74 24 77 13 8 77 22 97 8 13 31 93 23 31 70 4 68 94 70 4 94 70 97 4 43 43 31 94 29 22 22 75 8 97 29 66 
  Facilities: 25
 4 : 2 22 28 46 79 83 87
 5 : 29 54
 8 : 7 26 68 72 96
 13 : 16 35 67 73
 22 : 5 10 15 58 70 93 94
 23 : 0 13 42 56 76
 24 : 23 24 38 65
 29 : 8 9 59 92 98
 31 : 19 34 36 48 57 74 77 90
 32 : 17 47 61
 43 : 25 39 51 88 89
 48 : 27 40
 56 : 4 50 62 63
 66 : 30 41 99
 68 : 33 52 80
 70 : 78 82 85
 71 :
 74 : 44 64
 75 : 60 95
 76 : 1 12 31 37
 77 : 6 20 21 66 69
 82 : 18 32
 93 : 75
 94 : 3 11 14 43 55 81 84 91
 97 : 45 49 53 71 86 97
