# Time: 3678.149902
# Elapsed: 1052.955200
# Input_file: splp/Chess/1834ChessS.txt
# Pool_size: 400
# Iterations: 43
# Final_solutions: 16544
# Vision_range: 600
# Reduction_mode: REDUCTION_DISPERSE
# Dissimilitude: DISSIM_HAUSDORFF
# Facility_dist: FDISMODE_MINDIST
SOLUTION:
  Value: -54227.000000
  Assigns: 132 132 135 135 135 6 6 7 7 142 142 132 25 25 25 28 28 6 7 7 7 34 34 34 25 25 25 28 28 28 43 43 43 34 34 34 25 25 25 28 52 52 43 43 43 34 34 34 61 61 61 52 52 52 43 43 43 70 70 70 61 61 61 52 52 52 79 79 79 70 70 70 61 61 61 88 88 88 79 79 79 70 70 70 97 97 97 88 88 88 79 79 79 106 106 106 97 97 97 88 88 88 115 115 115 106 106 106 97 97 97 124 124 124 115 115 115 106 106 106 132 132 135 135 135 124 115 115 115 142 142 142 132 132 135 135 135 6 6 6 7 142 142 142 
  Facilities: 18
 6 : 5 6 17 137 138 139
 7 : 7 8 18 19 20 140
 25 : 12 13 14 24 25 26 36 37 38
 28 : 15 16 27 28 29 39
 34 : 21 22 23 33 34 35 45 46 47
 43 : 30 31 32 42 43 44 54 55 56
 52 : 40 41 51 52 53 63 64 65
 61 : 48 49 50 60 61 62 72 73 74
 70 : 57 58 59 69 70 71 81 82 83
 79 : 66 67 68 78 79 80 90 91 92
 88 : 75 76 77 87 88 89 99 100 101
 97 : 84 85 86 96 97 98 108 109 110
 106 : 93 94 95 105 106 107 117 118 119
 115 : 102 103 104 114 115 116 126 127 128
 124 : 111 112 113 125
 132 : 0 1 11 120 121 132 133
 135 : 2 3 4 122 123 124 134 135 136
 142 : 9 10 129 130 131 141 142 143
SOLUTION:
  Value: -57216.000000
  Assigns: 143 134 134 134 5 5 7 7 7 142 142 142 25 25 25 28 5 28 7 7 7 34 34 34 25 25 25 28 28 28 43 43 43 34 34 34 25 25 25 28 28 52 43 43 57 34 34 34 61 61 61 52 52 52 43 43 57 57 57 70 61 61 61 52 52 52 79 79 79 70 70 70 61 61 61 88 88 88 79 79 79 70 70 70 97 97 97 88 88 88 79 79 79 106 106 106 97 97 97 88 88 88 115 115 115 106 106 106 97 97 97 112 112 112 115 115 115 106 106 106 143 134 134 112 112 112 115 115 115 142 143 143 143 134 134 134 5 5 7 7 7 142 142 143 
  Facilities: 19
 5 : 4 5 16 136 137
 7 : 6 7 8 18 19 20 138 139 140
 25 : 12 13 14 24 25 26 36 37 38
 28 : 15 17 27 28 29 39 40
 34 : 21 22 23 33 34 35 45 46 47
 43 : 30 31 32 42 43 54 55
 52 : 41 51 52 53 63 64 65
 57 : 44 56 57 58
 61 : 48 49 50 60 61 62 72 73 74
 70 : 59 69 70 71 81 82 83
 79 : 66 67 68 78 79 80 90 91 92
 88 : 75 76 77 87 88 89 99 100 101
 97 : 84 85 86 96 97 98 108 109 110
 106 : 93 94 95 105 106 107 117 118 119
 112 : 111 112 113 123 124 125
 115 : 102 103 104 114 115 116 126 127 128
 134 : 1 2 3 121 122 133 134 135
 142 : 9 10 11 129 141 142
 143 : 0 120 130 131 132 143
SOLUTION:
  Value: -57225.000000
  Assigns: 133 12 133 136 136 136 7 7 7 142 142 12 25 12 25 28 28 28 7 7 7 34 34 12 12 12 25 28 28 28 43 43 43 34 34 34 25 25 25 28 28 52 43 43 43 34 34 34 61 61 61 52 52 52 43 43 43 70 70 70 61 61 61 52 52 52 79 79 79 70 70 70 61 61 61 88 88 88 79 79 79 70 70 70 97 97 97 100 100 100 79 79 79 106 106 106 97 97 97 88 100 88 115 115 115 106 106 106 97 97 97 100 100 100 115 115 115 106 130 130 133 133 133 136 136 136 115 115 115 142 130 142 133 133 133 136 136 136 7 7 7 130 130 130 
  Facilities: 19
 7 : 6 7 8 18 19 20 138 139 140
 12 : 1 11 13 23 24 25
 25 : 12 14 26 36 37 38
 28 : 15 16 17 27 28 29 39 40
 34 : 21 22 33 34 35 45 46 47
 43 : 30 31 32 42 43 44 54 55 56
 52 : 41 51 52 53 63 64 65
 61 : 48 49 50 60 61 62 72 73 74
 70 : 57 58 59 69 70 71 81 82 83
 79 : 66 67 68 78 79 80 90 91 92
 88 : 75 76 77 99 101
 97 : 84 85 86 96 97 98 108 109 110
 100 : 87 88 89 100 111 112 113
 106 : 93 94 95 105 106 107 117
 115 : 102 103 104 114 115 116 126 127 128
 130 : 118 119 130 141 142 143
 133 : 0 2 120 121 122 132 133 134
 136 : 3 4 5 123 124 125 135 136 137
 142 : 9 10 129 131
SOLUTION:
  Value: -57230.000000
  Assigns: 132 132 135 135 135 6 6 7 7 142 142 132 35 26 26 28 28 6 7 7 7 34 34 35 35 26 26 28 28 28 43 43 43 34 34 34 35 26 26 26 28 52 43 43 43 34 34 34 61 61 61 52 52 52 43 43 43 70 70 70 61 61 61 52 52 52 79 79 79 70 70 70 61 61 61 88 88 88 79 79 79 70 70 70 97 97 97 88 88 88 79 79 79 106 106 106 97 97 97 88 88 88 115 115 115 106 106 106 97 97 97 124 124 124 115 115 115 106 106 106 132 132 135 135 135 124 115 115 115 142 142 142 132 132 135 135 135 6 6 6 7 142 142 142 
  Facilities: 19
 6 : 5 6 17 137 138 139
 7 : 7 8 18 19 20 140
 26 : 13 14 25 26 37 38 39
 28 : 15 16 27 28 29 40
 34 : 21 22 33 34 35 45 46 47
 35 : 12 23 24 36
 43 : 30 31 32 42 43 44 54 55 56
 52 : 41 51 52 53 63 64 65
 61 : 48 49 50 60 61 62 72 73 74
 70 : 57 58 59 69 70 71 81 82 83
 79 : 66 67 68 78 79 80 90 91 92
 88 : 75 76 77 87 88 89 99 100 101
 97 : 84 85 86 96 97 98 108 109 110
 106 : 93 94 95 105 106 107 117 118 119
 115 : 102 103 104 114 115 116 126 127 128
 124 : 111 112 113 125
 132 : 0 1 11 120 121 132 133
 135 : 2 3 4 122 123 124 134 135 136
 142 : 9 10 129 130 131 141 142 143
SOLUTION:
  Value: -60206.000000
  Assigns: 132 132 135 135 135 6 6 7 7 142 142 132 25 25 25 28 28 6 7 7 7 34 34 34 25 25 25 28 28 28 43 43 43 34 34 34 25 25 25 28 52 52 43 43 57 34 34 34 61 61 61 52 52 52 43 43 57 57 57 70 61 61 61 52 52 52 79 79 57 70 70 70 61 61 61 88 88 88 79 79 79 70 70 70 97 97 97 100 100 100 79 79 79 106 106 106 97 97 97 88 100 88 115 115 115 106 106 106 97 97 97 124 124 100 115 115 115 106 106 106 132 132 135 135 135 124 115 115 115 142 142 142 132 132 135 135 135 6 6 6 7 142 142 142 
  Facilities: 20
 6 : 5 6 17 137 138 139
 7 : 7 8 18 19 20 140
 25 : 12 13 14 24 25 26 36 37 38
 28 : 15 16 27 28 29 39
 34 : 21 22 23 33 34 35 45 46 47
 43 : 30 31 32 42 43 54 55
 52 : 40 41 51 52 53 63 64 65
 57 : 44 56 57 58 68
 61 : 48 49 50 60 61 62 72 73 74
 70 : 59 69 70 71 81 82 83
 79 : 66 67 78 79 80 90 91 92
 88 : 75 76 77 99 101
 97 : 84 85 86 96 97 98 108 109 110
 100 : 87 88 89 100 113
 106 : 93 94 95 105 106 107 117 118 119
 115 : 102 103 104 114 115 116 126 127 128
 124 : 111 112 125
 132 : 0 1 11 120 121 132 133
 135 : 2 3 4 122 123 124 134 135 136
 142 : 9 10 129 130 131 141 142 143
SOLUTION:
  Value: -60220.000000
  Assigns: 143 134 134 134 5 5 7 7 7 142 142 142 35 26 26 28 5 28 7 7 7 34 34 35 35 26 26 28 28 28 43 43 43 34 34 34 35 26 26 26 28 52 43 43 43 34 34 34 61 61 61 52 52 52 43 43 43 70 70 70 61 61 61 52 52 52 79 79 79 70 70 70 61 61 61 88 88 88 79 79 79 70 70 70 97 97 97 88 88 88 79 79 79 106 106 106 97 97 97 88 88 88 115 115 115 106 106 106 97 122 97 122 125 125 115 115 115 106 106 106 143 134 134 122 125 125 125 115 115 142 143 143 143 122 134 122 5 125 125 7 7 142 142 143 
  Facilities: 20
 5 : 4 5 16 136
 7 : 6 7 8 18 19 20 139 140
 26 : 13 14 25 26 37 38 39
 28 : 15 17 27 28 29 40
 34 : 21 22 33 34 35 45 46 47
 35 : 12 23 24 36
 43 : 30 31 32 42 43 44 54 55 56
 52 : 41 51 52 53 63 64 65
 61 : 48 49 50 60 61 62 72 73 74
 70 : 57 58 59 69 70 71 81 82 83
 79 : 66 67 68 78 79 80 90 91 92
 88 : 75 76 77 87 88 89 99 100 101
 97 : 84 85 86 96 97 98 108 110
 106 : 93 94 95 105 106 107 117 118 119
 115 : 102 103 104 114 115 116 127 128
 122 : 109 111 123 133 135
 125 : 112 113 124 125 126 137 138
 134 : 1 2 3 121 122 134
 142 : 9 10 11 129 141 142
 143 : 0 120 130 131 132 143
SOLUTION:
  Value: -63189.000000
  Assigns: 132 12 135 135 135 6 6 7 7 141 141 12 25 12 25 28 28 6 7 7 7 34 34 12 12 12 25 28 28 28 43 43 43 34 34 34 25 25 25 28 28 52 43 43 57 34 34 34 61 61 61 52 52 52 43 43 57 57 57 70 61 61 61 52 52 52 79 79 57 70 70 70 61 61 61 88 88 88 79 79 79 70 70 70 97 97 97 88 88 88 79 79 79 106 106 106 97 97 97 88 88 88 115 115 115 118 106 118 97 97 97 124 124 124 115 115 115 118 118 118 132 132 135 135 135 124 115 115 141 118 141 118 132 132 135 135 135 6 6 6 141 141 141 132 
  Facilities: 21
 6 : 5 6 17 137 138 139
 7 : 7 8 18 19 20
 12 : 1 11 13 23 24 25
 25 : 12 14 26 36 37 38
 28 : 15 16 27 28 29 39 40
 34 : 21 22 33 34 35 45 46 47
 43 : 30 31 32 42 43 54 55
 52 : 41 51 52 53 63 64 65
 57 : 44 56 57 58 68
 61 : 48 49 50 60 61 62 72 73 74
 70 : 59 69 70 71 81 82 83
 79 : 66 67 78 79 80 90 91 92
 88 : 75 76 77 87 88 89 99 100 101
 97 : 84 85 86 96 97 98 108 109 110
 106 : 93 94 95 106
 115 : 102 103 104 114 115 116 126 127
 118 : 105 107 117 118 119 129 131
 124 : 111 112 113 125
 132 : 0 120 121 132 133 143
 135 : 2 3 4 122 123 124 134 135 136
 141 : 9 10 128 130 140 141 142
SOLUTION:
  Value: -66196.000000
  Assigns: 132 134 134 134 5 5 7 7 7 142 142 12 25 12 25 28 5 28 7 7 7 34 34 12 12 12 25 28 28 28 43 42 43 34 34 34 25 25 25 28 28 28 42 42 57 34 34 34 61 61 61 64 64 42 43 43 57 57 57 70 61 61 61 64 64 64 79 79 79 70 70 70 61 61 61 88 88 88 79 79 79 70 70 70 97 97 97 88 88 88 79 79 79 106 106 106 97 108 97 88 88 88 115 115 115 106 106 108 97 97 97 124 124 124 115 115 115 106 106 108 132 132 134 134 124 124 115 115 115 142 142 142 132 132 134 134 5 124 7 7 7 142 142 142 
  Facilities: 22
 5 : 4 5 16 136
 7 : 6 7 8 18 19 20 138 139 140
 12 : 11 13 23 24 25
 25 : 12 14 26 36 37 38
 28 : 15 17 27 28 29 39 40 41
 34 : 21 22 33 34 35 45 46 47
 42 : 31 42 43 53
 43 : 30 32 54 55
 57 : 44 56 57 58
 61 : 48 49 50 60 61 62 72 73 74
 64 : 51 52 63 64 65
 70 : 59 69 70 71 81 82 83
 79 : 66 67 68 78 79 80 90 91 92
 88 : 75 76 77 87 88 89 99 100 101
 97 : 84 85 86 96 98 108 109 110
 106 : 93 94 95 105 106 117 118
 108 : 97 107 119
 115 : 102 103 104 114 115 116 126 127 128
 124 : 111 112 113 124 125 137
 132 : 0 120 121 132 133
 134 : 1 2 3 122 123 134 135
 142 : 9 10 129 130 131 141 142 143
SOLUTION:
  Value: -66209.000000
  Assigns: 11 134 134 134 17 17 17 7 7 142 142 11 35 26 26 28 17 28 7 7 7 33 11 35 35 26 26 28 28 28 17 42 33 33 33 35 35 26 26 26 28 52 42 42 33 33 33 35 61 61 61 52 52 42 42 42 69 69 69 70 61 61 61 52 52 52 79 79 69 69 70 70 61 61 61 88 88 88 79 79 79 70 70 70 97 97 97 88 88 88 79 79 79 106 106 106 97 97 97 88 88 88 115 115 115 106 106 106 97 97 97 124 124 124 115 115 115 106 130 120 120 134 134 134 124 124 115 115 115 142 130 142 120 120 134 134 124 124 7 7 7 142 130 142 
  Facilities: 22
 7 : 7 8 18 19 20 138 139 140
 11 : 0 11 22
 17 : 4 5 6 16 30
 26 : 13 14 25 26 37 38 39
 28 : 15 17 27 28 29 40
 33 : 21 32 33 34 44 45 46
 35 : 12 23 24 35 36 47
 42 : 31 42 43 53 54 55
 52 : 41 51 52 63 64 65
 61 : 48 49 50 60 61 62 72 73 74
 69 : 56 57 58 68 69
 70 : 59 70 71 81 82 83
 79 : 66 67 78 79 80 90 91 92
 88 : 75 76 77 87 88 89 99 100 101
 97 : 84 85 86 96 97 98 108 109 110
 106 : 93 94 95 105 106 107 117
 115 : 102 103 104 114 115 116 126 127 128
 120 : 119 120 132 133
 124 : 111 112 113 124 125 136 137
 130 : 118 130 142
 134 : 1 2 3 121 122 123 134 135
 142 : 9 10 129 131 141 143
SOLUTION:
  Value: -66220.000000
  Assigns: 12 2 2 2 16 16 7 7 7 142 142 12 25 12 25 2 16 16 7 7 7 34 34 12 12 26 25 26 29 16 43 43 43 34 34 34 25 25 25 26 29 29 29 43 43 34 34 34 61 61 61 64 64 64 43 43 43 70 70 70 61 61 61 64 64 64 79 79 79 70 70 70 61 61 61 64 64 88 79 79 79 70 70 70 97 97 97 88 88 88 79 79 79 106 106 106 109 97 97 88 88 88 115 115 115 106 106 106 97 109 97 124 124 125 125 115 115 106 106 120 120 109 109 124 125 124 125 115 115 142 142 142 120 120 2 2 125 125 125 7 7 142 142 142 
  Facilities: 22
 2 : 1 2 3 15 134 135
 7 : 6 7 8 18 19 20 139 140
 12 : 0 11 13 23 24
 16 : 4 5 16 17 29
 25 : 12 14 26 36 37 38
 26 : 25 27 39
 29 : 28 40 41 42
 34 : 21 22 33 34 35 45 46 47
 43 : 30 31 32 43 44 54 55 56
 61 : 48 49 50 60 61 62 72 73 74
 64 : 51 52 53 63 64 65 75 76
 70 : 57 58 59 69 70 71 81 82 83
 79 : 66 67 68 78 79 80 90 91 92
 88 : 77 87 88 89 99 100 101
 97 : 84 85 86 97 98 108 110
 106 : 93 94 95 105 106 107 117 118
 109 : 96 109 121 122
 115 : 102 103 104 115 116 127 128
 120 : 119 120 132 133
 124 : 111 112 123 125
 125 : 113 114 124 126 136 137 138
 142 : 9 10 129 130 131 141 142 143
