# Time: 8.250000
# Elapsed: 3.426324
# Input_file: splp/PCodes/1134PCodesS.txt
# Pool_size: 400
# Iterations: 48
# Final_solutions: 18528
# Vision_range: 0
# Reduction_mode: REDUCTION_RANDOM
SOLUTION:
  Value: -105151.000000
  Assigns: 32 5 6 19 36 69 22 6 12 41 42 43 14 12 78 14 24 19 22 19 22 85 22 22 88 24 58 19 60 61 22 95 36 41 35 43 32 45 39 37 41 105 42 42 36 45 14 45 49 49 34 35 36 49 22 39 60 61 58 58 60 60 60 61 80 67 67 67 69 85 6 69 88 105 78 67 12 93 78 79 80 85 80 19 85 69 118 95 88 88 88 123 88 93 95 95 32 105 34 67 36 69 118 39 105 105 42 43 100 125 78 79 80 49 118 123 118 125 118 118 88 123 123 123 60 93 118 125 
  Facilities: 35
 5 : 1
 6 : 2 7 70
 12 : 8 13 76
 14 : 12 15 46
 19 : 3 17 19 27 83
 22 : 6 18 20 22 23 30 54
 24 : 16 25
 32 : 0 36 96
 34 : 50 98
 35 : 34 51
 36 : 4 32 44 52 100
 37 : 39
 39 : 38 55 103
 41 : 9 33 40
 42 : 10 42 43 106
 43 : 11 35 107
 45 : 37 45 47
 49 : 48 49 53 113
 58 : 26 58 59
 60 : 28 56 60 61 62 124
 61 : 29 57 63
 67 : 65 66 67 75 99
 69 : 5 68 71 85 101
 78 : 14 74 78 110
 79 : 79 111
 80 : 64 80 82 112
 85 : 21 69 81 84
 88 : 24 72 88 89 90 92 120
 93 : 77 93 125
 95 : 31 87 94 95
 100 : 108
 105 : 41 73 97 104 105
 118 : 86 102 114 116 118 119 126
 123 : 91 115 121 122 123
 125 : 109 117 127
SOLUTION:
  Value: -105154.000000
  Assigns: 32 5 6 19 36 69 22 6 12 41 42 15 14 12 78 14 24 19 22 19 22 85 22 22 88 24 58 19 60 61 22 95 36 41 35 35 32 45 39 37 41 105 42 42 36 45 14 45 49 49 34 35 36 49 22 39 60 61 58 58 60 60 60 61 80 67 67 67 69 85 6 69 88 105 78 67 12 93 78 79 80 85 80 19 85 69 118 95 88 88 88 123 88 93 95 95 32 105 34 67 36 69 118 39 105 105 42 105 100 125 78 79 80 49 118 123 118 125 118 118 88 123 123 123 60 93 118 125 
  Facilities: 35
 5 : 1
 6 : 2 7 70
 12 : 8 13 76
 14 : 12 15 46
 15 : 11
 19 : 3 17 19 27 83
 22 : 6 18 20 22 23 30 54
 24 : 16 25
 32 : 0 36 96
 34 : 50 98
 35 : 34 35 51
 36 : 4 32 44 52 100
 37 : 39
 39 : 38 55 103
 41 : 9 33 40
 42 : 10 42 43 106
 45 : 37 45 47
 49 : 48 49 53 113
 58 : 26 58 59
 60 : 28 56 60 61 62 124
 61 : 29 57 63
 67 : 65 66 67 75 99
 69 : 5 68 71 85 101
 78 : 14 74 78 110
 79 : 79 111
 80 : 64 80 82 112
 85 : 21 69 81 84
 88 : 24 72 88 89 90 92 120
 93 : 77 93 125
 95 : 31 87 94 95
 100 : 108
 105 : 41 73 97 104 105 107
 118 : 86 102 114 116 118 119 126
 123 : 91 115 121 122 123
 125 : 109 117 127
SOLUTION:
  Value: -111157.000000
  Assigns: 64 3 3 3 36 69 38 3 9 41 14 9 14 9 14 14 17 17 82 17 16 29 86 31 88 29 90 59 29 29 14 29 36 41 35 3 36 53 36 38 56 105 40 35 36 109 14 111 56 53 114 35 53 55 55 55 56 56 56 59 124 29 126 55 64 67 74 3 69 69 86 69 74 89 74 67 92 109 74 111 82 17 66 82 92 69 82 86 89 88 90 90 124 92 86 31 64 105 66 98 36 69 98 111 105 109 74 105 100 105 111 111 114 117 114 114 117 53 114 55 124 89 90 59 92 109 126 111 
  Facilities: 37
 3 : 1 2 3 7 35 67
 9 : 8 11 13
 14 : 10 12 14 15 30 46
 16 : 20
 17 : 16 17 19 81
 29 : 21 25 28 29 31 61
 31 : 23 95
 35 : 34 43 51
 36 : 4 32 36 38 44 100
 38 : 6 39
 40 : 42
 41 : 9 33
 53 : 37 49 52 117
 55 : 53 54 55 63 119
 56 : 40 48 56 57 58
 59 : 27 59 123
 64 : 0 64 96
 66 : 82 98
 67 : 65 75
 69 : 5 68 69 71 85 101
 74 : 66 72 74 78 106
 82 : 18 80 83 86
 86 : 22 70 87 94
 88 : 24 89
 89 : 73 88 121
 90 : 26 90 91 122
 92 : 76 84 93 124
 98 : 99 102
 100 : 108
 102 :
 105 : 41 97 104 107 109
 109 : 45 77 105 125
 111 : 47 79 103 110 111 127
 114 : 50 112 114 115 118
 117 : 113 116
 124 : 60 92 120
 126 : 62 126
SOLUTION:
  Value: -111166.000000
  Assigns: 0 0 0 67 12 4 70 39 8 25 8 9 44 12 12 79 80 25 18 18 52 53 18 87 25 25 18 25 60 25 94 63 0 49 32 99 32 39 39 39 44 57 58 107 60 44 110 39 49 49 114 49 53 49 54 39 120 57 58 58 52 60 63 127 72 67 70 99 70 85 70 79 8 9 72 67 12 79 94 79 80 85 80 67 85 85 70 86 72 25 90 90 94 85 86 94 32 101 102 67 102 101 102 99 72 107 110 107 44 101 102 79 114 49 114 114 52 101 114 127 120 57 120 127 60 127 127 127 
  Facilities: 37
 0 : 0 1 2 32
 4 : 5
 8 : 8 10 72
 9 : 11 73
 12 : 4 13 14 76
 18 : 18 19 22 26
 25 : 9 17 24 25 27 29 89
 32 : 34 36 96
 39 : 7 37 38 39 47 55
 44 : 12 40 45 108
 48 :
 49 : 33 48 49 51 53 113
 52 : 20 60 116
 53 : 21 52
 54 : 54
 57 : 41 57 121
 58 : 42 58 59
 60 : 28 44 61 124
 63 : 31 62
 67 : 3 65 75 83 99
 70 : 6 66 68 70 86
 72 : 64 74 88 104
 79 : 15 71 77 79 111
 80 : 16 80 82
 85 : 69 81 84 85 93
 86 : 87 94
 87 : 23
 90 : 90 91
 94 : 30 78 92 95
 99 : 35 67 103
 101 : 97 101 109 117
 102 : 98 100 102 110
 107 : 43 105 107
 110 : 46 106
 114 : 50 112 114 115 118
 120 : 56 120 122
 127 : 63 119 123 125 126 127
SOLUTION:
  Value: -114158.000000
  Assigns: 1 0 0 1 20 7 22 7 8 25 8 9 44 77 78 79 80 25 22 18 52 20 20 22 88 25 18 31 20 31 22 95 0 1 50 99 52 39 39 7 44 57 46 107 46 44 46 39 52 48 54 50 53 52 62 39 120 57 62 57 52 57 62 62 72 81 67 99 4 101 78 79 8 9 72 67 78 79 78 79 112 80 80 67 20 81 22 95 72 81 88 95 124 77 95 95 112 101 102 67 102 101 102 99 72 107 107 107 44 101 78 79 112 112 50 99 52 101 54 87 120 57 120 107 120 124 62 95 
  Facilities: 38
 0 : 1 2 32
 1 : 0 3 33
 4 : 68
 7 : 5 7 39
 8 : 8 10 72
 9 : 11 73
 18 : 19 26
 20 : 4 21 22 28 84
 22 : 6 18 23 30 86
 25 : 9 17 25
 31 : 27 29
 39 : 37 38 47 55
 44 : 12 40 45 108
 46 : 42 44 46
 48 : 49
 50 : 34 51 114
 52 : 20 36 48 53 60 116
 53 : 52
 54 : 50 118
 57 : 41 57 59 61 121
 62 : 54 58 62 63 126
 67 : 66 75 83 99
 72 : 64 74 88 104
 77 : 13 93
 78 : 14 70 76 78 110
 79 : 15 71 77 79 111
 80 : 16 81 82
 81 : 65 85 89
 87 : 119
 88 : 24 90
 95 : 31 87 91 94 95 127
 99 : 35 67 103 115
 101 : 69 97 101 109 117
 102 : 98 100 102
 107 : 43 105 106 107 123
 112 : 80 96 112 113
 120 : 56 120 122 124
 124 : 92 125
SOLUTION:
  Value: -117139.000000
  Assigns: 4 33 10 19 4 21 4 23 10 25 10 75 44 15 78 15 18 25 50 83 4 21 18 21 25 25 10 31 60 21 31 23 33 33 50 33 38 33 38 38 44 33 106 107 46 44 46 46 50 33 114 50 54 21 50 23 60 61 50 63 44 60 46 127 65 97 66 65 4 85 66 79 104 105 106 79 78 79 78 111 112 85 66 19 85 21 94 95 90 25 90 75 94 95 95 95 97 65 66 97 116 97 38 111 106 107 106 107 104 105 78 111 114 112 50 114 116 116 116 127 104 105 90 127 60 61 127 127 
  Facilities: 39
 4 : 0 4 6 20 68
 8 :
 10 : 2 8 10 26
 15 : 13 15
 18 : 16 22
 19 : 3 83
 21 : 5 21 23 29 53 85
 23 : 7 31 55
 25 : 9 17 24 25 89
 31 : 27 30
 33 : 1 32 33 35 37 41 49
 38 : 36 38 39 102
 44 : 12 40 45 60
 46 : 44 46 47 62
 50 : 18 34 48 51 54 58 114
 54 : 52
 60 : 28 56 61 124
 61 : 57 125
 63 : 59
 65 : 64 67 97
 66 : 66 70 82 98
 75 : 11 91
 78 : 14 76 78 110
 79 : 71 75 77
 83 : 19
 85 : 69 81 84
 90 : 88 90 122
 94 : 86 92
 95 : 87 93 94 95
 97 : 65 96 99 101
 104 : 72 108 120
 105 : 73 109 121
 106 : 42 74 104 106
 107 : 43 105 107
 111 : 79 103 111
 112 : 80 113
 114 : 50 112 115
 116 : 100 116 117 118
 127 : 63 119 123 126 127
SOLUTION:
  Value: -117151.000000
  Assigns: 0 0 6 7 6 21 22 6 10 41 10 75 44 77 10 15 0 21 22 51 84 21 22 22 26 89 10 26 28 21 22 15 0 41 32 99 32 45 6 7 44 41 106 47 45 44 14 45 112 51 54 51 54 21 22 51 58 61 122 58 28 45 54 127 65 65 82 99 84 77 6 7 8 89 10 91 77 77 14 111 112 65 82 91 116 84 84 119 89 91 26 75 84 77 90 91 32 65 106 99 100 100 100 99 106 41 122 106 100 125 106 47 112 112 122 119 116 119 116 119 122 89 90 127 125 125 127 119 
  Facilities: 39
 0 : 0 1 16 32
 6 : 2 4 7 38 70
 7 : 3 39 71
 8 : 72
 10 : 8 10 14 26 74
 14 : 46 78
 15 : 15 31
 21 : 5 17 21 29 53
 22 : 6 18 22 23 30 54
 26 : 24 27 90
 28 : 28 60
 32 : 34 36 96
 41 : 9 33 41 105
 44 : 12 40 45
 45 : 37 44 47 61
 47 : 43 111
 51 : 19 49 51 55
 54 : 50 52 62
 58 : 56 59
 61 : 57
 65 : 64 65 81 97
 75 : 11 91
 77 : 13 69 76 77 93
 82 : 66 82
 84 : 20 68 85 86 92
 87 :
 89 : 25 73 88 121
 90 : 94 122
 91 : 75 83 89 95
 99 : 35 67 99 103
 100 : 100 101 102 108
 106 : 42 98 104 107 110
 111 : 79
 112 : 48 80 112 113
 116 : 84 116 118
 119 : 87 115 117 119 127
 122 : 58 106 114 120
 125 : 109 124 125
 127 : 63 123 126
SOLUTION:
  Value: -120135.000000
  Assigns: 64 0 0 7 20 69 22 7 8 41 42 9 8 15 30 15 17 81 22 17 22 20 20 22 88 29 30 31 60 29 22 15 36 41 98 39 32 45 39 55 56 57 42 42 36 45 42 45 56 57 114 55 36 55 22 39 56 56 56 123 60 60 60 55 64 81 74 67 69 85 86 69 8 9 74 67 72 69 94 111 64 85 86 67 20 69 118 86 72 88 88 123 94 85 30 94 97 97 114 98 36 69 98 111 72 41 74 111 100 125 111 111 114 81 114 114 118 119 118 119 88 57 114 123 60 125 118 119 
  Facilities: 40
 0 : 1 2
 7 : 3 7
 8 : 8 12 72
 9 : 11 73
 15 : 13 15 31
 17 : 16 19
 20 : 4 21 22 84
 22 : 6 18 20 23 30 54
 29 : 25 29
 30 : 14 26 94
 31 : 27
 32 : 36
 36 : 32 44 52 100
 39 : 35 38 55
 41 : 9 33 105
 42 : 10 42 43 46
 45 : 37 45 47
 55 : 39 51 53 63
 56 : 40 48 56 57 58
 57 : 41 49 121
 60 : 28 60 61 62 124
 64 : 0 64 80
 67 : 67 75 83
 69 : 5 68 71 77 85 101
 72 : 76 88 104
 74 : 66 74 106
 81 : 17 65 113
 85 : 69 81 93
 86 : 70 82 87
 88 : 24 89 90 120
 94 : 78 92 95
 97 : 96 97
 98 : 34 99 102
 100 : 108
 111 : 79 103 107 110 111
 114 : 50 98 112 114 115 122
 118 : 86 116 118 126
 119 : 117 119 127
 123 : 59 91 123
 125 : 109 125
SOLUTION:
  Value: -120135.000000
  Assigns: 2 5 34 2 5 5 7 7 8 11 2 11 8 77 30 7 17 81 2 23 52 17 30 7 88 17 30 11 60 61 62 23 33 97 35 99 38 33 39 38 104 33 106 11 60 61 62 39 49 33 114 35 53 49 62 23 60 61 62 51 52 60 62 127 64 81 70 99 70 85 70 7 104 77 74 11 77 77 70 77 64 17 90 81 85 81 70 71 88 81 90 90 88 77 30 127 97 97 34 97 100 97 70 99 106 97 74 106 104 125 106 127 114 49 114 114 52 119 119 119 88 125 90 127 60 125 62 119 
  Facilities: 40
 2 : 0 3 10 18
 5 : 1 4 5
 7 : 6 7 15 23 71
 8 : 8 12
 11 : 9 11 27 43 75
 17 : 16 21 25 81
 23 : 19 31 55
 30 : 14 22 26 94
 33 : 32 37 41 49
 34 : 2 98
 35 : 34 51
 38 : 36 39
 39 : 38 47
 49 : 48 53 113
 51 : 59
 52 : 20 60 116
 53 : 52
 54 :
 60 : 28 44 56 61 124
 61 : 29 45 57
 62 : 30 46 54 58 62 126
 64 : 64 80
 70 : 66 68 70 78 86 102
 71 : 87
 74 : 74 106
 77 : 13 73 76 77 79 93
 81 : 17 65 83 85 89
 85 : 69 84
 88 : 24 88 92 120
 90 : 82 90 91 122
 97 : 33 96 97 99 101 105
 99 : 35 67 103
 100 : 100
 104 : 40 72 108
 106 : 42 104 107 110
 114 : 50 112 114 115
 119 : 117 118 119 127
 125 : 109 121 125
 126 :
 127 : 63 95 111 123
SOLUTION:
  Value: -120139.000000
  Assigns: 2 5 34 2 5 5 7 7 24 13 2 11 13 77 78 7 24 81 2 23 52 17 54 7 26 24 58 26 60 13 26 23 34 97 35 99 38 53 34 38 104 9 106 11 60 13 38 111 49 49 114 35 53 49 54 23 60 49 26 58 52 60 54 127 64 81 70 99 70 77 70 7 104 9 74 11 77 77 78 77 64 17 90 81 116 81 70 71 88 81 26 90 88 77 78 127 97 97 34 97 100 97 70 99 106 97 74 106 104 125 78 111 114 49 114 114 52 119 116 119 88 125 90 127 60 125 127 119 
  Facilities: 40
 2 : 0 3 10 18
 5 : 1 4 5
 7 : 6 7 15 23 71
 9 : 41 73
 11 : 11 43 75
 13 : 9 12 29 45
 17 : 21 81
 23 : 19 31 55
 24 : 8 16 25
 26 : 24 27 30 58 90
 34 : 2 32 38 98
 35 : 34 51
 38 : 36 39 46
 49 : 48 49 53 57 113
 52 : 20 60 116
 53 : 37 52
 54 : 22 54 62
 58 : 26 59
 60 : 28 44 56 61 124
 64 : 64 80
 70 : 66 68 70 86 102
 71 : 87
 74 : 74 106
 77 : 13 69 76 77 79 93
 78 : 14 78 94 110
 81 : 17 65 83 85 89
 88 : 88 92 120
 90 : 82 91 122
 97 : 33 96 97 99 101 105
 99 : 35 67 103
 100 : 100
 104 : 40 72 108
 106 : 42 104 107
 111 : 47 111
 114 : 50 112 114 115
 116 : 84 118
 119 : 117 119 127
 125 : 109 121 125
 126 :
 127 : 63 95 123 126
