# Time: 16942.189453
# Elapsed: 3064.709473
# Input_file: pmedian/pmed/pmed18.txt
# Pool_size: 200
# Iterations: 40
# Final_solutions: 8000
# Vision_range: 400
# Reduction_mode: REDUCTION_DISPERSE
# Dissimilitude: DISSIM_CLIENTDELTA
SOLUTION:
  Value: -4873.000000
  Assigns: 358 1 3 3 3 32 32 230 230 103 167 41 41 167 169 214 164 261 62 32 389 24 24 230 24 24 26 26 230 356 24 62 32 202 169 49 113 167 57 49 41 41 306 167 41 275 190 24 227 49 49 52 52 41 167 356 251 57 202 214 190 356 62 103 32 103 214 251 26 335 335 389 167 202 167 230 203 118 230 57 251 219 230 297 227 85 230 335 251 268 266 266 335 320 41 202 3 3 203 52 103 164 24 103 214 167 320 113 49 57 41 24 57 113 261 261 261 49 118 1 266 1 167 167 41 26 190 297 103 85 26 335 32 320 320 118 140 137 57 227 140 268 3 26 309 356 227 227 202 324 1 41 113 113 113 261 389 103 167 389 214 297 190 140 164 164 140 167 164 169 358 227 230 230 266 140 140 3 190 103 261 41 335 202 203 230 266 297 167 202 190 389 214 230 358 167 320 103 251 167 57 202 202 203 203 167 57 113 227 309 356 32 164 230 214 214 306 57 219 219 57 57 52 227 24 164 219 227 167 251 230 167 356 1 320 266 261 297 167 103 389 320 261 335 297 214 335 251 24 167 214 251 230 57 85 219 169 261 320 24 358 261 24 62 261 164 266 3 268 103 275 230 268 389 275 275 275 164 203 227 57 275 41 335 164 251 137 113 103 251 57 57 227 227 52 358 297 297 297 261 214 26 268 203 320 320 306 62 309 309 358 167 356 356 164 261 32 32 140 324 320 251 261 167 324 167 266 320 356 335 251 275 268 24 335 335 49 164 32 320 41 275 266 230 230 52 24 167 57 167 297 230 62 227 356 324 356 320 358 358 320 320 389 190 137 49 57 268 230 320 268 251 356 190 167 261 103 24 167 167 140 57 57 309 62 261 41 3 389 389 230 230 219 356 268 251 275 266 320 320 
  Facilities: 40
 1 : 1 119 121 150 233
 3 : 2 3 4 96 97 142 177 267 387
 24 : 21 22 24 25 30 47 102 111 224 248 259 262 333 346 377
 26 : 26 27 68 125 130 143 301
 32 : 5 6 19 32 64 132 211 316 317 338
 41 : 11 12 40 41 44 53 94 110 124 151 181 282 340 386
 49 : 35 39 49 50 108 117 336 365
 52 : 51 52 99 222 294 345
 57 : 38 57 79 109 112 138 200 206 217 220 221 253 280 290 291 348 366 381 382
 62 : 18 31 62 263 307 352 384
 85 : 85 129 254
 103 : 9 63 65 100 103 128 157 179 197 239 269 288 376
 113 : 36 107 113 152 153 154 207 287
 118 : 77 118 135
 137 : 137 286 364
 140 : 136 140 163 166 175 176 318 380
 164 : 16 101 164 165 168 212 225 265 277 284 314 337
 167 : 10 13 37 43 54 72 74 105 122 123 158 167 188 195 199 205 228 231 238 249 311 323 325 347 349 374 378 379
 169 : 14 34 169 256
 190 : 46 60 126 162 178 190 363 373
 202 : 33 58 73 95 148 183 189 201 202
 203 : 76 98 184 203 204 278 303
 214 : 15 59 66 104 160 192 214 215 245 250 300
 219 : 81 218 219 226 255 392
 227 : 48 84 139 146 147 171 208 223 227 279 292 293 353
 230 : 7 8 23 28 75 78 82 86 172 173 185 193 213 230 252 271 343 344 351 368 390 391
 251 : 56 67 80 88 198 229 247 251 285 289 321 330 371 395
 261 : 17 114 115 116 155 180 236 242 257 261 264 299 315 322 375 385
 266 : 90 91 120 174 186 235 266 326 342 397
 268 : 89 141 268 272 302 332 367 370 394
 275 : 45 270 274 275 276 281 331 341 396
 297 : 83 127 161 187 237 244 296 297 298 350
 306 : 42 216 306
 309 : 144 209 308 309 383
 320 : 93 106 133 134 196 234 241 258 304 305 320 327 339 357 360 361 369 398 399
 324 : 149 319 324 355
 335 : 69 70 87 92 131 182 243 246 283 329 334 335
 356 : 29 55 61 145 210 232 312 313 328 354 356 372 393
 358 : 0 170 194 260 295 310 358 359
 389 : 20 71 156 159 191 240 273 362 388 389
SOLUTION:
  Value: -4930.000000
  Assigns: 358 1 3 3 3 32 32 230 230 103 167 41 41 167 169 214 164 261 62 32 389 24 24 230 24 24 26 26 230 356 24 62 32 202 169 49 113 167 57 49 41 41 266 167 41 275 190 24 227 49 49 52 52 41 167 356 251 57 202 214 190 356 62 103 32 103 214 251 26 335 335 389 167 202 167 230 203 118 230 57 251 219 230 297 227 85 230 335 251 268 266 266 335 320 41 202 3 3 203 52 103 164 24 103 214 167 320 113 49 57 41 24 57 113 261 261 261 49 118 1 266 1 167 167 41 26 190 297 103 85 26 335 32 320 320 118 140 137 57 227 140 268 3 26 309 356 227 227 202 324 1 41 113 113 113 261 389 103 167 389 214 297 190 140 164 164 140 167 164 169 358 227 230 230 266 140 140 3 190 103 261 41 335 202 203 230 266 297 167 202 190 389 214 230 358 167 320 103 251 167 57 202 202 203 203 167 57 113 227 309 356 32 164 230 214 214 214 57 219 219 57 57 52 227 24 164 219 227 167 251 230 167 356 1 320 266 261 297 167 103 389 320 261 335 297 214 335 251 24 167 214 251 230 57 85 219 169 261 320 24 358 261 24 62 261 164 266 3 268 103 275 230 268 389 275 275 275 164 203 227 57 275 41 335 164 251 137 113 103 251 57 57 227 227 52 358 297 297 297 261 214 26 268 203 320 320 275 62 309 309 358 167 356 356 164 261 32 32 140 324 320 251 261 167 324 167 266 320 356 335 251 275 268 24 335 335 49 164 32 320 41 275 266 230 230 52 24 167 57 167 297 230 62 227 356 324 356 320 358 358 320 320 389 190 137 49 57 268 230 320 268 251 356 190 167 261 103 24 167 167 140 57 57 309 62 261 41 3 389 389 230 230 219 356 268 251 275 266 320 320 
  Facilities: 39
 1 : 1 119 121 150 233
 3 : 2 3 4 96 97 142 177 267 387
 24 : 21 22 24 25 30 47 102 111 224 248 259 262 333 346 377
 26 : 26 27 68 125 130 143 301
 32 : 5 6 19 32 64 132 211 316 317 338
 41 : 11 12 40 41 44 53 94 110 124 151 181 282 340 386
 49 : 35 39 49 50 108 117 336 365
 52 : 51 52 99 222 294 345
 57 : 38 57 79 109 112 138 200 206 217 220 221 253 280 290 291 348 366 381 382
 62 : 18 31 62 263 307 352 384
 85 : 85 129 254
 103 : 9 63 65 100 103 128 157 179 197 239 269 288 376
 113 : 36 107 113 152 153 154 207 287
 118 : 77 118 135
 137 : 137 286 364
 140 : 136 140 163 166 175 176 318 380
 164 : 16 101 164 165 168 212 225 265 277 284 314 337
 167 : 10 13 37 43 54 72 74 105 122 123 158 167 188 195 199 205 228 231 238 249 311 323 325 347 349 374 378 379
 169 : 14 34 169 256
 190 : 46 60 126 162 178 190 363 373
 202 : 33 58 73 95 148 183 189 201 202
 203 : 76 98 184 203 204 278 303
 214 : 15 59 66 104 160 192 214 215 216 245 250 300
 219 : 81 218 219 226 255 392
 227 : 48 84 139 146 147 171 208 223 227 279 292 293 353
 230 : 7 8 23 28 75 78 82 86 172 173 185 193 213 230 252 271 343 344 351 368 390 391
 251 : 56 67 80 88 198 229 247 251 285 289 321 330 371 395
 261 : 17 114 115 116 155 180 236 242 257 261 264 299 315 322 375 385
 266 : 42 90 91 120 174 186 235 266 326 342 397
 268 : 89 141 268 272 302 332 367 370 394
 275 : 45 270 274 275 276 281 306 331 341 396
 297 : 83 127 161 187 237 244 296 297 298 350
 309 : 144 209 308 309 383
 320 : 93 106 133 134 196 234 241 258 304 305 320 327 339 357 360 361 369 398 399
 324 : 149 319 324 355
 335 : 69 70 87 92 131 182 243 246 283 329 334 335
 356 : 29 55 61 145 210 232 312 313 328 354 356 372 393
 358 : 0 170 194 260 295 310 358 359
 389 : 20 71 156 159 191 240 273 362 388 389
SOLUTION:
  Value: -4934.000000
  Assigns: 358 211 3 3 3 211 211 230 230 103 167 41 41 167 34 214 211 315 62 211 389 24 24 230 24 24 26 26 230 356 24 62 211 202 34 49 113 167 211 49 41 41 266 167 41 275 190 24 227 49 49 51 51 391 167 356 251 57 332 214 190 182 62 103 211 103 214 251 26 182 182 389 167 202 167 230 204 118 230 57 251 182 230 297 227 254 230 324 251 332 266 266 182 196 41 332 97 97 98 51 103 196 24 103 214 167 320 113 49 57 41 24 57 113 315 315 315 49 118 275 266 254 167 167 41 26 190 297 103 254 26 182 211 320 320 118 140 137 57 227 140 332 3 26 144 356 227 227 202 324 211 41 113 113 113 315 389 103 167 389 214 297 190 140 211 211 140 167 196 34 358 227 230 230 266 140 140 3 190 103 315 41 182 332 297 230 266 297 167 202 190 389 214 230 358 167 196 103 251 167 57 202 202 204 204 167 57 113 227 144 211 211 214 230 214 214 214 57 182 182 57 57 51 227 24 140 227 227 167 251 230 167 356 211 320 266 315 297 167 103 389 320 315 24 297 214 182 251 24 167 214 251 230 57 254 182 34 315 320 24 358 315 24 98 315 211 266 3 332 103 275 230 332 389 275 275 275 140 320 227 57 275 41 182 214 251 137 113 103 251 57 57 227 227 51 358 297 297 297 315 214 26 196 196 196 196 196 62 103 358 358 167 356 356 103 315 315 315 140 324 320 251 315 167 324 167 266 320 356 324 251 275 332 24 62 182 49 211 211 320 41 275 266 230 230 51 24 167 57 167 297 230 62 227 356 324 356 196 358 358 320 320 389 190 137 49 57 227 230 196 144 251 356 190 167 315 103 24 167 167 140 57 211 144 62 315 41 3 389 389 230 391 196 356 332 251 275 266 320 320 
  Facilities: 40
 3 : 2 3 4 142 177 267 387
 24 : 21 22 24 25 30 47 102 111 224 243 248 259 262 333 346 377
 26 : 26 27 68 125 130 143 301
 34 : 14 34 169 256
 41 : 11 12 40 41 44 94 110 124 151 181 282 340 386
 49 : 35 39 49 50 108 117 336 365
 51 : 51 52 99 222 294 345
 57 : 57 79 109 112 138 200 206 217 220 221 253 280 290 291 348 366 381
 62 : 18 31 62 307 334 352 384
 97 : 96 97
 98 : 98 263
 103 : 9 63 65 100 103 128 157 179 197 239 269 288 308 314 376
 113 : 36 107 113 152 153 154 207 287
 118 : 77 118 135
 137 : 137 286 364
 140 : 136 140 163 166 175 176 225 277 318 380
 144 : 144 209 370 383
 167 : 10 13 37 43 54 72 74 105 122 123 158 167 188 195 199 205 228 231 238 249 311 323 325 347 349 374 378 379
 182 : 61 69 70 81 92 131 182 218 219 246 255 283 335
 190 : 46 60 126 162 178 190 363 373
 196 : 93 101 168 196 302 303 304 305 306 357 369 392
 202 : 33 73 148 189 201 202
 204 : 76 203 204
 211 : 1 5 6 16 19 32 38 64 132 150 164 165 210 211 233 265 337 338 382
 214 : 15 59 66 104 160 192 212 214 215 216 245 250 284 300
 227 : 48 84 139 146 147 171 208 223 226 227 279 292 293 353 367
 230 : 7 8 23 28 75 78 82 86 172 173 185 193 213 230 252 271 343 344 351 368 390
 251 : 56 67 80 88 198 229 247 251 285 289 321 330 371 395
 254 : 85 121 129 254
 266 : 42 90 91 120 174 186 235 266 326 342 397
 275 : 45 119 270 274 275 276 281 331 341 396
 297 : 83 127 161 184 187 237 244 296 297 298 350
 315 : 17 114 115 116 155 180 236 242 257 261 264 299 315 316 317 322 375 385
 320 : 106 133 134 234 241 258 278 320 327 339 360 361 398 399
 324 : 87 149 319 324 329 355
 332 : 58 89 95 141 183 268 272 332 394
 356 : 29 55 145 232 312 313 328 354 356 372 393
 358 : 0 170 194 260 295 309 310 358 359
 389 : 20 71 156 159 191 240 273 362 388 389
 391 : 53 391
SOLUTION:
  Value: -4935.000000
  Assigns: 358 211 3 3 3 211 211 230 230 269 167 160 41 167 169 214 211 180 167 211 389 275 25 230 25 25 26 26 230 356 25 384 211 202 169 49 113 167 211 49 269 41 266 167 41 275 190 25 227 49 49 167 167 41 167 356 80 57 202 214 190 356 384 180 211 269 214 80 26 335 335 389 167 202 167 230 204 80 230 57 80 80 230 247 227 254 230 335 80 141 266 266 335 279 41 202 3 3 98 204 180 140 25 180 214 167 320 113 49 57 41 25 57 113 227 160 160 49 80 275 266 254 167 167 41 26 190 237 335 254 26 335 211 320 320 320 140 80 57 227 140 141 3 26 209 356 227 227 202 324 211 41 113 113 113 180 389 180 167 160 160 237 190 140 211 211 140 167 279 169 358 227 269 269 266 140 140 25 190 180 180 41 335 202 237 230 266 237 167 202 190 389 214 230 358 167 320 180 247 167 57 202 202 204 204 167 57 113 227 209 211 211 214 230 214 214 214 57 335 335 57 57 49 227 25 25 279 227 167 167 230 167 356 211 320 266 227 237 167 180 389 320 180 335 244 160 335 247 25 167 214 80 230 57 254 169 169 180 320 25 358 180 25 98 180 335 266 3 141 269 275 230 209 389 275 275 275 140 320 279 57 275 41 335 214 80 80 113 180 80 57 57 227 227 230 358 237 237 180 202 160 301 320 247 320 320 275 384 209 209 358 167 356 356 211 180 211 211 140 324 320 209 180 167 324 167 266 320 356 335 209 275 141 269 335 335 49 211 211 320 41 275 266 230 230 227 25 167 57 167 237 230 384 227 356 324 356 320 358 358 209 320 389 190 49 49 279 227 230 320 141 41 356 190 167 180 335 25 167 167 140 57 211 209 384 180 41 247 389 389 230 230 279 356 141 247 275 266 320 399 
  Facilities: 40
 3 : 2 3 4 96 97 142 267
 25 : 22 24 25 30 47 102 111 177 224 225 248 259 262 346 377
 26 : 26 27 68 125 130 143
 41 : 12 41 44 53 94 110 124 151 181 282 340 371 386
 49 : 35 39 49 50 108 117 222 336 364 365
 57 : 57 79 109 112 138 200 206 217 220 221 253 280 290 291 348 381
 80 : 56 67 77 80 81 88 118 137 251 285 286 289
 98 : 98 263
 113 : 36 107 113 152 153 154 207 287
 140 : 101 136 140 163 166 175 176 277 318 380
 141 : 89 141 268 332 370 394
 160 : 11 115 116 159 160 245 300
 167 : 10 13 18 37 43 51 52 54 72 74 105 122 123 158 167 188 195 199 205 228 229 231 238 249 311 323 325 347 349 374 378 379
 169 : 14 34 169 255 256
 180 : 17 63 100 103 155 157 179 180 197 239 242 257 261 264 288 298 315 322 375 385
 190 : 46 60 126 162 178 190 363 373
 202 : 33 58 73 95 148 183 189 201 202 299
 204 : 76 99 203 204
 209 : 144 209 272 308 309 321 330 360 383
 211 : 1 5 6 16 19 32 38 64 132 150 164 165 210 211 233 314 316 317 337 338 382
 214 : 15 59 66 104 192 212 214 215 216 250 284
 227 : 48 84 114 139 146 147 171 208 223 227 236 292 293 345 353 367
 230 : 7 8 23 28 75 78 82 86 185 193 213 230 252 271 294 343 344 351 368 390 391
 237 : 127 161 184 187 237 296 297 350
 244 : 244
 247 : 83 198 247 303 387 395
 254 : 85 121 129 254
 266 : 42 90 91 120 174 186 235 266 326 342 397
 269 : 9 40 65 172 173 269 333
 275 : 21 45 119 270 274 275 276 281 306 331 341 396
 279 : 93 168 226 279 366 392
 301 : 301
 320 : 106 133 134 135 196 234 241 258 278 302 304 305 320 327 339 357 361 369 398
 324 : 149 319 324 355
 335 : 69 70 87 92 128 131 182 218 219 243 246 265 283 329 334 335 376
 356 : 29 55 61 145 232 312 313 328 354 356 372 393
 358 : 0 170 194 260 295 310 358 359
 384 : 31 62 307 352 384
 389 : 20 71 156 191 240 273 362 388 389
 399 : 399
SOLUTION:
  Value: -4937.000000
  Assigns: 358 32 3 3 3 32 32 230 230 269 167 41 41 167 169 214 164 261 62 32 389 24 24 230 24 24 26 26 230 356 24 62 32 164 169 49 113 167 57 49 269 41 91 167 41 275 356 24 227 49 49 52 52 41 167 356 251 57 332 214 230 61 62 239 32 269 214 251 26 182 182 389 167 389 167 230 203 118 230 57 251 182 230 297 227 254 230 324 251 332 91 91 182 93 41 332 3 3 203 52 239 164 24 239 214 167 320 113 49 57 110 24 57 113 261 261 261 49 118 275 91 254 167 167 41 26 24 297 239 254 26 61 32 320 320 118 239 286 57 227 140 332 3 26 269 356 227 227 389 324 32 41 113 113 113 239 389 239 167 389 214 297 24 140 164 164 140 167 93 169 358 227 269 269 140 140 140 3 230 239 239 41 182 332 203 230 91 297 167 389 24 389 214 230 358 167 320 239 251 167 57 389 389 203 203 167 57 113 227 269 356 32 164 230 214 214 214 57 182 182 57 57 52 227 24 164 93 227 167 251 230 167 356 32 320 91 261 297 167 239 389 320 239 24 244 214 182 251 24 167 214 251 230 57 254 182 169 239 320 24 358 261 24 62 261 164 91 3 332 269 275 230 332 389 275 275 275 164 203 93 57 275 41 182 164 251 286 113 239 251 57 57 227 227 52 358 297 297 297 261 214 26 320 203 320 320 275 62 239 358 358 167 356 356 164 261 32 32 140 324 320 251 239 167 324 167 91 320 356 324 251 275 332 269 62 182 49 164 32 320 41 275 91 230 230 52 24 167 57 167 93 230 62 227 356 324 356 320 358 358 320 320 389 24 286 49 93 227 230 320 164 251 356 356 167 261 239 24 167 167 140 57 57 269 62 261 41 3 389 389 230 230 93 356 332 251 275 91 320 399 
  Facilities: 40
 3 : 2 3 4 96 97 142 177 267 387
 24 : 21 22 24 25 30 47 102 111 126 162 190 224 243 248 259 262 346 363 377
 26 : 26 27 68 125 130 143 301
 32 : 1 5 6 19 32 64 132 150 211 233 316 317 338
 41 : 11 12 41 44 53 94 124 151 181 282 340 386
 49 : 35 39 49 50 108 117 336 365
 52 : 51 52 99 222 294 345
 57 : 38 57 79 109 112 138 200 206 217 220 221 253 280 290 291 348 381 382
 61 : 61 131
 62 : 18 31 62 263 307 334 352 384
 91 : 42 90 91 120 186 235 266 326 342 397
 93 : 93 168 226 279 350 366 392
 110 : 110
 113 : 36 107 113 152 153 154 207 287
 118 : 77 118 135
 140 : 140 163 166 174 175 176 318 380
 164 : 16 33 101 164 165 212 225 265 277 284 314 337 370
 167 : 10 13 37 43 54 72 74 105 122 123 158 167 188 195 199 205 228 231 238 249 311 323 325 347 349 374 378 379
 169 : 14 34 169 256
 182 : 69 70 81 92 182 218 219 246 255 283 335
 203 : 76 98 184 203 204 278 303
 214 : 15 59 66 104 160 192 214 215 216 245 250 300
 227 : 48 84 139 146 147 171 208 223 227 292 293 353 367
 230 : 7 8 23 28 60 75 78 82 86 178 185 193 213 230 252 271 343 344 351 368 390 391
 239 : 63 100 103 128 136 155 157 179 180 197 239 242 257 288 308 322 376
 244 : 244
 251 : 56 67 80 88 198 229 247 251 285 289 321 330 371 395
 254 : 85 121 129 254
 261 : 17 114 115 116 236 261 264 299 315 375 385
 269 : 9 40 65 144 172 173 209 269 333 383
 275 : 45 119 270 274 275 276 281 306 331 341 396
 286 : 137 286 364
 297 : 83 127 161 187 237 296 297 298
 320 : 106 133 134 196 234 241 258 302 304 305 320 327 339 357 360 361 369 398
 324 : 87 149 319 324 329 355
 332 : 58 89 95 141 183 268 272 332 394
 356 : 29 46 55 145 210 232 312 313 328 354 356 372 373 393
 358 : 0 170 194 260 295 309 310 358 359
 389 : 20 71 73 148 156 159 189 191 201 202 240 273 362 388 389
 399 : 399
SOLUTION:
  Value: -4942.000000
  Assigns: 209 211 3 3 3 211 211 230 230 103 167 41 41 158 34 214 320 261 62 211 389 24 24 230 24 24 320 320 230 356 24 62 211 202 34 49 113 167 211 49 41 41 266 167 41 275 356 24 227 49 49 52 52 391 167 356 251 57 202 214 230 182 62 103 211 103 214 251 49 182 182 389 167 202 167 230 203 118 230 57 251 182 230 237 227 254 230 324 251 268 266 266 182 93 41 202 3 3 203 52 103 140 24 103 214 167 320 113 49 57 41 24 57 113 261 261 261 49 118 275 266 254 167 167 41 320 24 237 103 254 182 182 211 320 320 118 140 364 57 227 140 268 3 3 209 356 227 227 202 324 211 41 113 113 113 103 389 103 158 389 214 237 24 140 211 211 140 167 93 34 260 227 230 230 266 140 140 3 230 103 103 41 182 202 237 230 266 237 167 202 24 389 214 230 356 167 320 103 251 167 57 202 202 203 203 167 57 113 227 209 211 211 214 230 214 214 214 57 182 182 57 57 52 227 24 140 93 227 167 251 230 167 356 211 320 266 261 237 167 103 389 320 103 24 244 214 182 251 24 167 214 251 230 57 254 182 34 103 320 24 260 261 24 62 261 211 266 3 268 209 275 230 209 389 275 275 275 140 203 93 57 275 41 182 214 251 364 113 103 251 57 57 227 227 52 260 237 237 261 261 214 301 268 203 320 320 275 62 209 209 260 167 356 356 103 261 211 211 140 324 320 209 103 167 324 167 266 320 356 324 209 275 268 24 62 182 49 211 211 320 41 275 266 230 230 52 260 167 57 167 93 230 62 227 356 324 356 320 260 260 209 320 389 24 364 49 93 268 158 320 268 251 356 356 167 261 103 24 167 167 140 57 211 209 62 261 41 3 389 389 230 391 93 356 268 251 275 266 320 399 
  Facilities: 40
 3 : 2 3 4 96 97 142 143 177 267 387
 24 : 21 22 24 25 30 47 102 111 126 162 190 224 243 248 259 262 333 363 377
 34 : 14 34 169 256
 41 : 11 12 40 41 44 94 110 124 151 181 282 340 386
 49 : 35 39 49 50 68 108 117 336 365
 52 : 51 52 99 222 294 345
 57 : 57 79 109 112 138 200 206 217 220 221 253 280 290 291 348 381
 62 : 18 31 62 263 307 334 352 384
 93 : 93 168 226 279 350 366 392
 103 : 9 63 65 100 103 128 155 157 179 180 197 239 242 257 288 314 322 376
 113 : 36 107 113 152 153 154 207 287
 118 : 77 118 135
 140 : 101 136 140 163 166 175 176 225 277 318 380
 158 : 13 158 368
 167 : 10 37 43 54 72 74 105 122 123 167 188 195 199 205 228 231 238 249 311 323 325 347 349 374 378 379
 182 : 61 69 70 81 92 130 131 182 218 219 246 255 283 335
 202 : 33 58 73 95 148 183 189 201 202
 203 : 76 98 203 204 278 303
 209 : 0 144 209 269 272 308 309 321 330 360 383
 211 : 1 5 6 19 32 38 64 132 150 164 165 210 211 233 265 316 317 337 338 382
 214 : 15 59 66 104 160 192 212 214 215 216 245 250 284 300
 227 : 48 84 139 146 147 171 208 223 227 292 293 353
 230 : 7 8 23 28 60 75 78 82 86 172 173 178 185 193 213 230 252 271 343 344 351 390
 237 : 83 127 161 184 187 237 296 297
 244 : 244
 251 : 56 67 80 88 198 229 247 251 285 289 371 395
 254 : 85 121 129 254
 260 : 170 260 295 310 346 358 359
 261 : 17 114 115 116 236 261 264 298 299 315 375 385
 266 : 42 90 91 120 174 186 235 266 326 342 397
 268 : 89 141 268 302 332 367 370 394
 275 : 45 119 270 274 275 276 281 306 331 341 396
 301 : 301
 320 : 16 26 27 106 125 133 134 196 234 241 258 304 305 320 327 339 357 361 369 398
 324 : 87 149 319 324 329 355
 356 : 29 46 55 145 194 232 312 313 328 354 356 372 373 393
 364 : 137 286 364
 389 : 20 71 156 159 191 240 273 362 388 389
 391 : 53 391
 399 : 399
SOLUTION:
  Value: -4942.000000
  Assigns: 358 32 3 3 3 32 32 230 230 103 167 160 41 167 34 214 320 322 167 32 389 24 24 230 24 24 320 320 230 356 24 230 32 202 34 49 113 167 57 49 41 41 266 167 41 275 356 24 48 49 49 167 167 41 167 356 103 57 202 214 230 356 141 103 32 103 214 57 49 335 335 389 167 202 167 230 76 118 230 57 103 219 230 247 48 254 230 335 236 141 266 266 335 320 41 202 3 3 98 76 103 163 24 103 214 167 320 113 49 57 41 24 236 113 236 160 160 49 118 275 266 254 356 167 41 320 24 297 103 254 219 335 32 322 322 118 103 137 57 48 163 141 3 3 209 356 48 48 202 324 32 41 113 113 113 322 389 103 167 160 160 297 24 163 32 165 163 167 165 34 358 48 230 230 266 163 163 3 230 103 322 41 335 202 297 230 266 297 167 202 24 389 214 230 358 167 320 103 247 167 57 202 202 76 76 167 57 113 236 209 356 32 214 230 214 214 214 57 219 219 57 57 49 48 24 163 219 48 356 356 230 167 356 32 320 266 236 297 167 103 389 320 322 335 244 160 335 247 24 167 214 236 230 57 254 219 34 322 320 24 358 236 24 98 236 335 266 3 141 209 275 230 209 389 275 275 275 163 320 48 57 275 41 335 214 167 137 113 103 57 57 57 236 236 230 358 297 297 322 202 160 301 320 247 320 320 275 165 209 209 358 167 356 356 103 236 32 32 163 324 320 209 322 167 324 167 266 320 356 335 209 275 141 24 335 335 49 32 32 320 41 275 266 230 230 48 24 167 57 167 297 230 141 48 356 324 356 320 358 358 209 320 389 24 137 49 57 141 230 320 141 41 356 356 167 236 103 24 167 167 163 236 57 209 141 322 41 247 389 389 230 230 219 356 141 247 275 266 320 399 
  Facilities: 40
 3 : 2 3 4 96 97 142 143 177 267
 24 : 21 22 24 25 30 47 102 111 126 162 190 224 248 259 262 333 346 363 377
 32 : 1 5 6 19 32 64 132 150 164 211 233 316 317 337 338
 34 : 14 34 169 256
 41 : 12 40 41 44 53 94 110 124 151 181 282 340 371 386
 48 : 48 84 139 146 147 171 223 227 279 345 353
 49 : 35 39 49 50 68 108 117 222 336 365
 57 : 38 57 67 79 109 138 200 206 217 220 221 253 280 289 290 291 348 366 382
 76 : 76 99 203 204
 98 : 98 263
 103 : 9 56 63 65 80 100 103 128 136 157 179 197 239 288 314 376
 113 : 36 107 113 152 153 154 207 287
 118 : 77 118 135
 137 : 137 286 364
 141 : 62 89 141 268 332 352 367 370 384 394
 160 : 11 115 116 159 160 245 300
 163 : 101 140 163 166 175 176 225 277 318 380
 165 : 165 168 307
 167 : 10 13 18 37 43 51 52 54 72 74 105 123 158 167 188 195 199 205 231 238 249 285 311 323 325 347 349 374 378 379
 202 : 33 58 73 95 148 183 189 201 202 299
 209 : 144 209 269 272 308 309 321 330 360 383
 214 : 15 59 66 104 192 212 214 215 216 250 284
 219 : 81 130 218 219 226 255 392
 230 : 7 8 23 28 31 60 75 78 82 86 172 173 178 185 193 213 230 252 271 294 343 344 351 368 390 391
 236 : 88 112 114 208 236 251 261 264 292 293 315 375 381
 244 : 244
 247 : 83 198 247 303 387 395
 254 : 85 121 129 254
 266 : 42 90 91 120 174 186 235 266 326 342 397
 275 : 45 119 270 274 275 276 281 306 331 341 396
 297 : 127 161 184 187 237 296 297 350
 301 : 301
 320 : 16 26 27 93 106 125 196 234 241 258 278 302 304 305 320 327 339 357 361 369 398
 322 : 17 133 134 155 180 242 257 298 322 385
 324 : 149 319 324 355
 335 : 69 70 87 92 131 182 243 246 265 283 329 334 335
 356 : 29 46 55 61 122 145 210 228 229 232 312 313 328 354 356 372 373 393
 358 : 0 170 194 260 295 310 358 359
 389 : 20 71 156 191 240 273 362 388 389
 399 : 399
SOLUTION:
  Value: -4944.000000
  Assigns: 330 32 3 3 3 32 32 230 230 103 123 160 41 323 169 214 164 261 323 32 389 24 24 230 24 24 220 220 230 356 24 384 32 164 169 49 113 323 220 49 140 41 266 323 41 275 356 24 227 49 49 330 330 41 123 356 80 57 332 214 230 182 384 103 220 103 123 80 49 182 182 389 123 389 323 230 204 80 230 57 80 182 230 247 227 254 230 324 80 332 266 266 182 93 41 332 3 3 98 204 103 164 24 103 214 323 320 113 49 57 41 24 220 113 261 160 261 49 80 275 266 254 356 123 41 220 24 297 103 254 182 182 32 320 320 320 140 80 57 227 140 332 3 3 330 356 227 227 389 324 32 41 113 113 123 261 389 103 323 160 160 297 24 140 164 164 140 323 93 169 358 227 230 230 266 140 140 3 230 103 261 41 182 332 220 230 266 297 323 389 24 389 214 230 358 323 320 103 247 323 57 160 389 204 204 323 57 113 227 330 356 32 164 230 214 214 214 57 182 182 220 220 49 227 24 164 93 227 356 356 230 323 356 32 320 266 261 297 123 103 389 320 261 24 244 160 182 247 24 123 214 80 230 57 254 182 169 261 320 24 358 261 24 98 261 164 266 3 332 103 275 230 332 389 275 275 275 164 220 93 220 275 41 182 164 80 80 113 103 80 57 57 227 227 230 358 297 297 297 261 160 301 320 247 320 320 275 384 103 358 358 123 356 356 164 261 32 32 140 324 320 330 261 323 324 323 266 320 356 324 330 275 332 24 182 182 49 164 32 320 41 275 266 230 230 227 24 123 57 323 93 230 384 227 356 324 356 320 358 358 330 320 389 24 49 49 93 227 230 320 164 41 356 356 123 261 103 24 323 323 140 220 220 330 384 261 41 247 389 389 230 230 93 356 332 247 275 266 320 399 
  Facilities: 40
 3 : 2 3 4 96 97 142 143 177 267
 24 : 21 22 24 25 30 47 102 111 126 162 190 224 243 248 259 262 333 346 363 377
 32 : 1 5 6 19 32 132 150 211 233 316 317 338
 41 : 12 41 44 53 94 110 124 151 181 282 340 371 386
 49 : 35 39 49 50 68 108 117 222 336 364 365
 57 : 57 79 109 138 200 206 217 253 290 291 348
 80 : 56 67 77 80 88 118 137 251 285 286 289
 93 : 93 168 226 279 350 366 392
 98 : 98 263
 103 : 9 63 65 100 103 128 157 179 197 239 269 288 308 376
 113 : 36 107 113 152 153 207 287
 123 : 10 54 66 72 123 154 238 249 311 347 374
 140 : 40 136 140 163 166 175 176 318 380
 160 : 11 115 159 160 201 245 300
 164 : 16 33 101 164 165 212 225 265 277 284 314 337 370
 169 : 14 34 169 256
 182 : 61 69 70 81 92 130 131 182 218 219 246 255 283 334 335
 204 : 76 99 203 204
 214 : 15 59 104 192 214 215 216 250
 220 : 26 27 38 64 112 125 184 220 221 278 280 381 382
 227 : 48 84 139 146 147 171 208 223 227 292 293 345 353 367
 230 : 7 8 23 28 60 75 78 82 86 172 173 178 185 193 213 230 252 271 294 343 344 351 368 390 391
 244 : 244
 247 : 83 198 247 303 387 395
 254 : 85 121 129 254
 261 : 17 114 116 155 180 236 242 257 261 264 299 315 322 375 385
 266 : 42 90 91 120 174 186 235 266 326 342 397
 275 : 45 119 270 274 275 276 281 306 331 341 396
 297 : 127 161 187 237 296 297 298
 301 : 301
 320 : 106 133 134 135 196 234 241 258 302 304 305 320 327 339 357 361 369 398
 323 : 13 18 37 43 74 105 158 167 188 195 199 205 231 323 325 349 378 379
 324 : 87 149 319 324 329 355
 330 : 0 51 52 144 209 321 330 360 383
 332 : 58 89 95 141 183 268 272 332 394
 356 : 29 46 55 122 145 210 228 229 232 312 313 328 354 356 372 373 393
 358 : 170 194 260 295 309 310 358 359
 384 : 31 62 307 352 384
 389 : 20 71 73 148 156 189 191 202 240 273 362 388 389
 399 : 399
SOLUTION:
  Value: -4950.000000
  Assigns: 167 32 3 3 3 32 32 230 230 103 167 41 41 158 103 214 320 261 62 32 389 275 25 230 25 25 320 320 230 356 25 62 32 202 320 49 113 167 57 49 41 41 342 167 41 275 190 25 48 49 49 52 52 391 167 356 251 57 202 214 190 356 62 103 32 103 214 251 49 335 335 389 167 202 167 230 203 118 230 57 251 219 230 237 48 254 230 335 251 268 342 342 335 320 41 202 3 3 203 52 103 140 25 103 214 167 320 113 49 57 41 25 57 113 261 261 261 49 118 275 342 254 167 167 41 320 190 237 103 254 219 335 32 320 320 118 140 364 57 48 140 268 3 3 383 356 48 48 202 324 32 41 113 113 113 261 389 103 158 389 214 237 190 140 32 32 140 167 320 335 260 48 230 230 342 140 140 25 190 103 261 41 335 202 237 230 342 237 167 202 190 389 214 230 356 167 320 103 251 167 57 202 202 203 203 167 57 113 261 383 356 32 214 230 214 214 214 57 219 219 57 57 52 48 25 25 219 48 167 251 230 167 356 32 320 342 261 237 167 103 389 320 261 335 244 214 335 251 25 167 214 251 230 57 254 219 335 261 320 25 260 261 25 62 261 335 342 3 268 103 275 230 383 389 275 275 275 140 203 48 57 275 41 335 214 251 364 113 103 251 57 57 261 261 52 260 237 237 261 261 214 301 268 203 320 320 275 62 383 383 260 167 356 356 103 261 32 32 140 324 320 383 261 167 324 167 342 320 356 335 383 275 268 103 335 335 49 32 32 320 41 275 342 230 230 52 260 167 57 167 237 230 62 48 356 324 356 320 260 260 383 320 389 190 364 49 57 268 158 320 268 251 356 190 167 261 103 25 167 167 140 57 57 383 62 261 41 3 389 389 230 391 219 356 268 251 275 342 320 399 
  Facilities: 40
 3 : 2 3 4 96 97 142 143 267 387
 25 : 22 24 25 30 47 102 111 177 224 225 248 259 262 377
 32 : 1 5 6 19 32 64 132 150 164 165 211 233 316 317 337 338
 41 : 11 12 40 41 44 94 110 124 151 181 282 340 386
 48 : 48 84 139 146 147 171 223 227 279 353
 49 : 35 39 49 50 68 108 117 336 365
 52 : 51 52 99 222 294 345
 57 : 38 57 79 109 112 138 200 206 217 220 221 253 280 290 291 348 366 381 382
 62 : 18 31 62 263 307 352 384
 103 : 9 14 63 65 100 103 128 157 179 197 239 269 288 314 333 376
 113 : 36 107 113 152 153 154 207 287
 118 : 77 118 135
 140 : 101 136 140 163 166 175 176 277 318 380
 158 : 13 158 368
 167 : 0 10 37 43 54 72 74 105 122 123 167 188 195 199 205 228 231 238 249 311 323 325 347 349 374 378 379
 190 : 46 60 126 162 178 190 363 373
 202 : 33 58 73 95 148 183 189 201 202
 203 : 76 98 203 204 278 303
 214 : 15 59 66 104 160 192 212 214 215 216 245 250 284 300
 219 : 81 130 218 219 226 255 392
 230 : 7 8 23 28 75 78 82 86 172 173 185 193 213 230 252 271 343 344 351 390
 237 : 83 127 161 184 187 237 296 297 350
 244 : 244
 251 : 56 67 80 88 198 229 247 251 285 289 371 395
 254 : 85 121 129 254
 260 : 170 260 295 310 346 358 359
 261 : 17 114 115 116 155 180 208 236 242 257 261 264 292 293 298 299 315 322 375 385
 268 : 89 141 268 302 332 367 370 394
 275 : 21 45 119 270 274 275 276 281 306 331 341 396
 301 : 301
 320 : 16 26 27 34 93 106 125 133 134 168 196 234 241 258 304 305 320 327 339 357 361 369 398
 324 : 149 319 324 355
 335 : 69 70 87 92 131 169 182 243 246 256 265 283 329 334 335
 342 : 42 90 91 120 174 186 235 266 326 342 397
 356 : 29 55 61 145 194 210 232 312 313 328 354 356 372 393
 364 : 137 286 364
 383 : 144 209 272 308 309 321 330 360 383
 389 : 20 71 156 159 191 240 273 362 388 389
 391 : 53 391
 399 : 399
SOLUTION:
  Value: -4956.000000
  Assigns: 123 211 3 3 3 211 211 230 230 103 123 41 41 323 169 214 211 315 323 211 71 24 24 230 24 24 26 26 230 356 24 384 211 148 169 49 113 323 211 49 41 41 266 323 41 275 190 24 227 49 49 51 51 41 123 356 251 57 332 214 190 182 384 103 211 103 123 251 68 182 182 71 123 148 323 230 203 118 230 57 251 226 230 297 227 85 230 87 251 332 266 266 182 320 41 332 3 3 263 51 103 140 24 103 214 323 320 113 49 57 41 24 57 113 315 315 315 49 118 275 266 275 356 123 41 26 190 297 103 85 26 182 211 320 320 118 140 137 57 227 140 332 3 26 309 356 227 227 148 87 211 41 113 113 123 315 71 103 323 71 214 297 190 140 211 211 140 323 320 169 87 227 230 230 266 140 140 3 190 103 315 41 182 332 203 230 266 297 323 148 190 71 214 230 356 323 320 103 251 323 57 148 148 203 203 323 57 113 227 309 211 211 214 230 214 214 214 57 182 226 57 57 51 227 24 140 226 227 356 251 230 323 356 211 320 266 315 297 123 103 71 320 315 24 297 214 182 251 24 123 214 251 230 57 85 226 169 315 320 24 309 315 24 263 315 211 266 3 332 103 275 230 332 71 275 275 275 140 203 226 57 275 41 182 214 251 137 113 103 251 57 57 227 227 51 87 297 297 297 315 214 26 320 203 320 320 275 384 309 309 309 123 356 356 103 315 211 211 140 320 320 251 315 323 87 323 266 320 356 87 251 275 332 24 182 182 49 211 211 320 41 275 266 230 230 51 24 123 57 323 226 230 384 227 356 87 356 320 309 275 360 320 71 190 137 49 57 227 230 320 332 251 356 190 123 315 103 24 323 323 140 57 211 309 384 315 41 3 71 71 230 230 226 356 332 251 275 266 320 320 
  Facilities: 40
 3 : 2 3 4 96 97 142 177 267 387
 24 : 21 22 24 25 30 47 102 111 224 243 248 259 262 333 346 377
 26 : 26 27 125 130 143 301
 41 : 11 12 40 41 44 53 94 110 124 151 181 282 340 386
 49 : 35 39 49 50 108 117 336 365
 51 : 51 52 99 222 294 345
 57 : 57 79 109 112 138 200 206 217 220 221 253 280 290 291 348 366 381
 68 : 68
 71 : 20 71 156 159 191 240 273 362 388 389
 85 : 85 129 254
 87 : 87 149 170 295 324 329 355
 103 : 9 63 65 100 103 128 157 179 197 239 269 288 314 376
 113 : 36 107 113 152 153 207 287
 118 : 77 118 135
 123 : 0 10 54 66 72 123 154 238 249 311 347 374
 137 : 137 286 364
 140 : 101 136 140 163 166 175 176 225 277 318 380
 148 : 33 73 148 189 201 202
 169 : 14 34 169 256
 182 : 61 69 70 92 131 182 218 246 283 334 335
 190 : 46 60 126 162 178 190 363 373
 203 : 76 184 203 204 278 303
 211 : 1 5 6 16 19 32 38 64 132 150 164 165 210 211 233 265 316 317 337 338 382
 214 : 15 59 104 160 192 212 214 215 216 245 250 284 300
 226 : 81 219 226 255 279 350 392
 227 : 48 84 139 146 147 171 208 223 227 292 293 353 367
 230 : 7 8 23 28 75 78 82 86 172 173 185 193 213 230 252 271 343 344 351 368 390 391
 251 : 56 67 80 88 198 229 247 251 285 289 321 330 371 395
 263 : 98 263
 266 : 42 90 91 120 174 186 235 266 326 342 397
 275 : 45 119 121 270 274 275 276 281 306 331 341 359 396
 297 : 83 127 161 187 237 244 296 297 298
 309 : 144 209 260 308 309 310 358 383
 315 : 17 114 115 116 155 180 236 242 257 261 264 299 315 322 375 385
 320 : 93 106 133 134 168 196 234 241 258 302 304 305 319 320 327 339 357 361 369 398 399
 323 : 13 18 37 43 74 105 158 167 188 195 199 205 231 323 325 349 378 379
 332 : 58 89 95 141 183 268 272 332 370 394
 356 : 29 55 122 145 194 228 232 312 313 328 354 356 372 393
 360 : 360
 384 : 31 62 307 352 384
