# Time: 765.070007
# Elapsed: 77.909409
# Input_file: splp/Uniform/1923UnifS.txt
# Pool_size: 400
# Iterations: 21
# Final_solutions: 6769
# Vision_range: 600
# Reduction_mode: REDUCTION_DISPERSE
# Dissimilitude: DISSIM_CLIENTDELTA
SOLUTION:
  Value: -76980.000000
  Assigns: 75 34 74 34 11 99 74 19 24 79 70 79 67 74 67 18 67 58 70 11 79 19 34 79 19 24 75 4 99 74 79 79 67 75 4 99 11 18 11 67 67 4 99 24 34 74 79 75 19 19 74 18 34 24 70 11 75 75 24 58 70 18 74 74 34 11 19 74 67 4 18 58 70 74 74 75 79 99 11 58 74 99 4 58 4 79 24 24 4 11 4 75 67 67 11 58 74 18 11 75 
  Facilities: 13
 4 : 27 34 41 69 82 84 88 90
 11 : 4 19 36 38 55 65 78 89 94 98
 18 : 15 37 51 61 70 97
 19 : 7 21 24 48 49 66
 24 : 8 25 43 53 58 86 87
 34 : 1 3 22 44 52 64
 58 : 17 59 71 79 83 95
 67 : 12 14 16 32 39 40 68 92 93
 70 : 10 18 54 60 72
 74 : 2 6 13 29 45 50 62 63 67 73 74 80 96
 75 : 0 26 33 47 56 57 75 91 99
 79 : 9 11 20 23 30 31 46 76 85
 99 : 5 28 35 42 77 81
SOLUTION:
  Value: -77122.000000
  Assigns: 75 34 74 34 94 53 94 53 94 11 70 81 67 76 76 53 67 85 70 11 76 94 34 76 81 4 75 4 76 74 37 76 67 75 4 75 11 34 11 67 67 37 85 74 81 85 81 75 81 34 74 85 34 85 37 11 75 37 85 37 70 76 74 74 34 11 70 74 67 4 76 81 70 74 94 75 67 53 11 37 74 37 4 76 4 81 53 85 4 11 4 75 67 67 76 94 74 67 11 75 
  Facilities: 13
 4 : 25 27 34 69 82 84 88 90
 11 : 9 19 36 38 55 65 78 89 98
 34 : 1 3 22 37 49 52 64
 37 : 30 41 54 57 59 79 81
 53 : 5 7 15 77 86
 67 : 12 16 32 39 40 68 76 92 93 97
 70 : 10 18 60 66 72
 74 : 2 29 43 50 62 63 67 73 80 96
 75 : 0 26 33 35 47 56 75 91 99
 76 : 13 14 20 23 28 31 61 70 83 94
 81 : 11 24 44 46 48 71 85
 85 : 17 42 45 51 53 58 87
 94 : 4 6 8 21 74 95
SOLUTION:
  Value: -77331.000000
  Assigns: 75 34 74 34 11 99 74 19 24 79 70 79 67 74 67 58 67 58 70 11 79 19 34 79 19 24 75 4 99 74 79 79 67 75 4 99 11 34 11 67 67 4 99 24 34 74 79 75 19 19 74 99 34 24 70 11 75 75 24 58 70 99 74 74 34 11 19 74 67 4 79 58 70 74 74 75 79 99 11 58 74 99 4 58 4 79 24 24 4 11 4 75 67 67 11 58 74 67 11 75 
  Facilities: 12
 4 : 27 34 41 69 82 84 88 90
 11 : 4 19 36 38 55 65 78 89 94 98
 19 : 7 21 24 48 49 66
 24 : 8 25 43 53 58 86 87
 34 : 1 3 22 37 44 52 64
 58 : 15 17 59 71 79 83 95
 67 : 12 14 16 32 39 40 68 92 93 97
 70 : 10 18 54 60 72
 74 : 2 6 13 29 45 50 62 63 67 73 74 80 96
 75 : 0 26 33 47 56 57 75 91 99
 79 : 9 11 20 23 30 31 46 70 76 85
 99 : 5 28 35 42 51 61 77 81
SOLUTION:
  Value: -77926.000000
  Assigns: 75 34 74 34 94 53 94 53 94 11 70 81 67 76 76 53 67 94 70 11 76 94 34 76 81 4 75 4 76 74 37 76 67 75 4 75 11 34 11 67 67 37 75 74 81 74 81 75 81 34 74 53 34 37 37 11 75 37 94 37 70 76 74 74 34 11 70 74 67 4 76 81 70 74 94 75 67 53 11 37 74 37 4 76 4 81 53 4 4 11 4 75 67 67 76 94 74 67 11 75 
  Facilities: 12
 4 : 25 27 34 69 82 84 87 88 90
 11 : 9 19 36 38 55 65 78 89 98
 34 : 1 3 22 37 49 52 64
 37 : 30 41 53 54 57 59 79 81
 53 : 5 7 15 51 77 86
 67 : 12 16 32 39 40 68 76 92 93 97
 70 : 10 18 60 66 72
 74 : 2 29 43 45 50 62 63 67 73 80 96
 75 : 0 26 33 35 42 47 56 75 91 99
 76 : 13 14 20 23 28 31 61 70 83 94
 81 : 11 24 44 46 48 71 85
 94 : 4 6 8 17 21 58 74 95
SOLUTION:
  Value: -78224.000000
  Assigns: 75 99 2 59 0 30 60 0 60 11 10 30 30 0 67 0 67 58 30 11 10 67 67 75 81 4 75 4 99 60 0 60 67 60 4 99 11 2 10 67 0 0 99 58 81 60 81 75 0 11 59 30 67 81 0 11 75 75 60 58 59 99 10 59 99 11 59 30 67 4 0 58 10 99 2 75 59 99 11 60 30 10 4 58 4 81 0 58 4 11 2 0 67 2 30 58 75 67 11 2 
  Facilities: 13
 0 : 4 7 13 15 30 40 41 48 54 70 86 91
 2 : 2 37 74 90 93 99
 4 : 25 27 34 69 82 84 88
 10 : 10 20 38 62 72 81
 11 : 9 19 36 49 55 65 78 89 98
 30 : 5 11 12 18 51 67 80 94
 58 : 17 43 59 71 83 87 95
 59 : 3 50 60 63 66 76
 60 : 6 8 29 31 33 45 58 79
 67 : 14 16 21 22 32 39 52 68 92 97
 75 : 0 23 26 47 56 57 75 96
 81 : 24 44 46 53 85
 99 : 1 28 35 42 61 64 73 77
SOLUTION:
  Value: -78434.000000
  Assigns: 75 99 2 59 0 30 60 0 60 11 10 30 30 0 67 0 67 58 30 11 10 67 67 75 59 4 75 4 99 60 0 60 67 60 4 99 11 2 10 67 0 0 99 58 59 60 60 75 0 11 59 30 67 60 0 11 75 75 60 58 59 99 10 59 99 11 59 30 67 4 0 58 10 99 2 75 59 99 11 60 30 10 4 58 4 4 0 58 4 11 2 0 67 2 30 58 75 67 11 2 
  Facilities: 12
 0 : 4 7 13 15 30 40 41 48 54 70 86 91
 2 : 2 37 74 90 93 99
 4 : 25 27 34 69 82 84 85 88
 10 : 10 20 38 62 72 81
 11 : 9 19 36 49 55 65 78 89 98
 30 : 5 11 12 18 51 67 80 94
 58 : 17 43 59 71 83 87 95
 59 : 3 24 44 50 60 63 66 76
 60 : 6 8 29 31 33 45 46 53 58 79
 67 : 14 16 21 22 32 39 52 68 92 97
 75 : 0 23 26 47 56 57 75 96
 99 : 1 28 35 42 61 64 73 77
SOLUTION:
  Value: -78569.000000
  Assigns: 75 34 74 34 0 41 74 0 59 79 59 79 0 74 41 0 67 85 19 11 79 19 34 79 19 4 75 4 41 41 0 79 67 75 4 75 11 90 11 67 0 0 85 74 34 85 79 75 19 19 74 85 34 85 0 11 75 85 85 90 59 79 74 59 34 11 19 74 67 4 0 34 59 74 90 75 59 0 11 90 74 41 4 41 4 79 0 41 4 11 4 0 67 67 11 85 74 67 11 75 
  Facilities: 13
 0 : 4 7 12 15 30 40 41 54 70 77 86 91
 4 : 25 27 34 69 82 84 88 90
 11 : 19 36 38 55 65 78 89 94 98
 19 : 18 21 24 48 49 66
 34 : 1 3 22 44 52 64 71
 41 : 5 14 28 29 81 83 87
 59 : 8 10 60 63 72 76
 67 : 16 32 39 68 92 93 97
 74 : 2 6 13 43 50 62 67 73 80 96
 75 : 0 26 33 35 47 56 75 99
 79 : 9 11 20 23 31 46 61 85
 85 : 17 42 45 51 53 57 58 95
 90 : 37 59 74 79
SOLUTION:
  Value: -78611.000000
  Assigns: 67 9 2 34 0 30 74 65 38 30 14 30 30 76 76 38 67 85 30 9 76 67 34 76 9 9 28 4 76 74 0 76 67 34 4 28 14 2 65 67 0 0 85 9 34 85 65 34 0 28 74 85 34 85 0 28 65 85 65 38 38 76 74 74 34 38 2 30 67 4 0 34 65 74 2 65 38 9 2 76 74 14 4 76 4 65 28 85 9 9 2 0 67 2 76 14 74 67 67 2 
  Facilities: 14
 0 : 4 30 40 41 48 54 70 91
 2 : 2 37 66 74 78 90 93 99
 4 : 27 34 69 82 84
 9 : 1 19 24 25 43 77 88 89
 14 : 10 36 81 95
 28 : 26 35 49 55 86
 30 : 5 9 11 12 18 67
 34 : 3 22 33 44 47 52 64 71
 38 : 8 15 59 60 65 76
 65 : 7 38 46 56 58 72 75 85
 67 : 0 16 21 32 39 68 92 97 98
 74 : 6 29 50 62 63 73 80 96
 76 : 13 14 20 23 28 31 61 79 83 94
 85 : 17 42 45 51 53 57 87
SOLUTION:
  Value: -78640.000000
  Assigns: 75 9 88 34 94 30 94 65 59 11 94 30 30 76 76 58 67 58 30 11 76 94 34 76 9 9 75 88 76 94 94 76 67 75 4 72 11 34 65 67 67 4 30 58 34 65 72 75 94 34 59 30 34 88 34 11 75 75 65 58 59 76 94 59 34 72 59 30 88 4 76 58 65 72 88 65 59 9 11 58 30 72 4 76 4 65 88 58 9 9 4 75 67 67 76 58 75 72 11 75 
  Facilities: 14
 4 : 34 41 69 82 84 90
 9 : 1 24 25 77 88 89
 11 : 9 19 36 55 78 98
 30 : 5 11 12 18 42 51 67 80
 34 : 3 22 37 44 49 52 54 64
 58 : 15 17 43 59 71 79 87 95
 59 : 8 50 60 63 66 76
 65 : 7 38 45 58 72 75 85
 67 : 16 32 39 40 92 93
 72 : 35 46 65 73 81 97
 75 : 0 26 33 47 56 57 91 96 99
 76 : 13 14 20 23 28 31 61 70 83 94
 88 : 2 27 53 68 74 86
 94 : 4 6 10 21 29 30 48 62
SOLUTION:
  Value: -78664.000000
  Assigns: 75 34 74 34 0 41 74 0 59 79 59 79 0 74 41 0 67 85 85 11 79 67 34 79 59 4 75 4 41 41 0 79 67 75 4 75 11 90 11 67 0 0 85 74 34 85 79 75 0 34 74 85 34 85 0 11 75 85 85 90 59 79 74 59 34 11 59 74 67 4 0 34 59 74 90 75 59 0 11 90 74 41 4 41 4 79 0 41 4 11 4 0 67 67 11 85 74 67 11 75 
  Facilities: 12
 0 : 4 7 12 15 30 40 41 48 54 70 77 86 91
 4 : 25 27 34 69 82 84 88 90
 11 : 19 36 38 55 65 78 89 94 98
 34 : 1 3 22 44 49 52 64 71
 41 : 5 14 28 29 81 83 87
 59 : 8 10 24 60 63 66 72 76
 67 : 16 21 32 39 68 92 93 97
 74 : 2 6 13 43 50 62 67 73 80 96
 75 : 0 26 33 35 47 56 75 99
 79 : 9 11 20 23 31 46 61 85
 85 : 17 18 42 45 51 53 57 58 95
 90 : 37 59 74 79
