# Time: 2227.840088
# Elapsed: 947.387756
# Input_file: splp/KoerkelGhosh-asym/500/b/ga500b-1
# Pool_size: 200
# Iterations: 27
# Final_solutions: 4574
# Vision_range: 400
# Reduction_mode: REDUCTION_DISPERSE
# Dissimilitude: DISSIM_HAUSDORFF
# Facility_dist: FDISMODE_MINDIST
SOLUTION:
  Value: -539810.000000
  Assigns: 378 396 276 125 244 286 493 409 365 378 244 276 429 276 286 286 377 126 377 183 377 276 365 409 268 286 365 429 378 378 268 365 377 409 276 268 268 125 493 268 115 429 493 396 303 268 276 126 286 268 115 268 286 493 378 493 244 396 303 378 125 303 429 378 244 286 377 126 115 493 402 396 493 244 268 396 126 378 244 409 429 115 429 402 378 303 409 115 183 493 183 365 378 377 125 244 183 244 115 276 125 276 126 268 396 377 402 244 244 409 402 183 183 125 126 409 365 286 276 365 409 244 244 378 183 244 409 268 493 377 276 493 115 244 365 402 303 183 402 183 125 409 365 402 303 268 396 115 396 493 115 377 268 493 303 115 402 125 125 377 396 276 377 268 429 183 183 268 183 286 125 125 126 303 402 493 365 303 365 244 396 396 409 268 126 303 125 276 493 115 115 396 276 303 493 493 303 125 303 396 493 365 303 126 286 115 429 268 396 365 183 115 286 125 286 429 244 276 125 115 126 378 378 396 365 377 429 268 396 378 378 268 125 303 276 396 183 396 286 378 402 268 396 493 429 276 409 183 378 365 268 244 126 402 377 377 126 126 396 268 377 365 429 493 276 244 429 183 409 244 303 365 429 126 126 183 378 493 183 126 493 409 377 377 126 183 276 125 409 276 303 126 183 115 303 402 396 276 402 125 268 378 268 377 378 183 303 409 286 276 409 402 429 493 493 378 115 126 429 409 303 268 365 493 409 365 115 244 115 402 183 286 126 126 115 115 429 286 303 365 115 303 303 378 402 402 377 429 286 493 126 377 303 268 409 244 115 303 493 402 396 286 409 409 125 244 402 429 268 286 365 183 244 115 493 377 115 493 378 286 493 126 396 396 125 377 396 115 365 303 378 365 493 365 183 286 493 244 377 286 115 126 244 377 276 268 365 402 244 409 126 402 276 115 183 126 286 396 396 493 286 493 377 244 429 303 268 115 126 409 268 125 268 183 493 409 365 402 396 365 115 378 429 115 244 126 268 493 493 409 286 396 276 115 286 402 303 377 115 429 244 183 493 276 126 429 303 115 402 378 244 429 276 244 276 268 244 378 126 303 286 409 303 303 244 365 429 268 396 365 268 125 377 244 244 409 493 303 378 378 
  Facilities: 17
 115 : 40 50 68 81 87 98 132 147 150 155 189 190 205 211 219 293 316 326 328 334 335 340 356 373 376 387 400 413 427 440 443 453 458 467
 125 : 3 37 60 94 100 113 140 157 158 170 171 186 197 213 218 232 287 299 364 384 431 491
 126 : 17 47 67 76 102 114 172 184 203 220 252 256 257 273 274 279 284 291 317 332 333 350 381 401 410 415 428 445 464 478
 183 : 19 88 90 96 111 112 124 137 139 165 166 168 210 236 247 267 275 278 285 292 305 330 371 394 414 433 461
 244 : 4 10 56 64 73 78 95 97 107 108 121 122 125 133 179 216 251 265 269 327 355 365 372 397 402 408 423 444 460 470 473 476 484 493 494
 268 : 24 30 35 36 39 45 49 51 74 103 127 145 152 163 167 183 207 227 231 241 250 259 300 302 321 353 368 405 426 430 432 446 475 487 490
 276 : 2 11 13 21 34 46 99 101 118 130 161 187 192 217 234 245 264 286 289 297 309 404 412 452 463 472 474
 286 : 5 14 15 25 48 52 65 117 169 204 212 214 238 308 331 337 348 361 369 379 395 399 416 420 450 454 480
 303 : 44 58 61 85 136 144 154 173 177 185 193 196 198 202 233 270 290 294 306 320 338 341 342 352 357 389 425 456 466 479 482 483 497
 365 : 8 22 26 31 91 116 119 134 142 176 178 201 209 224 249 261 271 322 325 339 370 388 391 393 406 436 439 485 489
 377 : 16 18 20 32 66 93 105 129 151 159 162 225 254 255 260 282 283 303 346 351 375 385 398 403 422 457 492
 378 : 0 9 28 29 54 59 63 77 84 92 123 221 222 229 230 239 248 276 301 304 315 343 378 390 441 469 477 498 499
 396 : 1 43 57 71 75 104 146 148 160 180 181 191 199 208 223 228 235 237 242 258 296 360 382 383 386 417 418 438 451 488
 402 : 70 83 106 110 135 138 143 156 174 240 253 295 298 311 329 344 345 359 366 407 411 437 455 468
 409 : 7 23 33 79 86 109 115 120 126 141 182 246 268 281 288 307 310 319 324 354 362 363 409 429 435 449 481 495
 429 : 12 27 41 62 80 82 164 206 215 226 244 262 266 272 312 318 336 347 367 424 442 459 465 471 486
 493 : 6 38 42 53 55 69 72 89 128 131 149 153 175 188 194 195 200 243 263 277 280 313 314 323 349 358 374 377 380 392 396 419 421 434 447 448 462 496
SOLUTION:
  Value: -539896.000000
  Assigns: 378 396 276 303 244 286 493 409 365 378 244 276 429 276 286 286 377 126 377 183 377 276 365 409 268 286 365 429 378 378 268 365 377 409 276 268 268 378 493 268 115 429 493 396 303 268 276 126 286 268 115 268 286 493 378 493 244 396 303 378 183 303 429 378 244 286 377 126 115 493 402 396 493 244 268 396 126 378 244 409 429 115 429 402 378 303 409 115 183 493 183 365 378 377 115 244 183 244 115 276 303 276 126 268 396 377 402 244 244 409 402 183 183 409 126 409 365 286 276 365 409 244 244 378 183 244 409 268 493 377 276 493 115 244 365 402 303 183 402 183 493 409 365 402 303 268 396 115 396 493 115 377 268 493 303 115 402 268 115 377 396 276 377 268 429 183 183 268 183 286 244 396 126 303 402 493 365 303 365 244 396 396 409 268 126 303 429 276 493 115 115 396 276 303 493 493 303 286 303 396 493 365 303 126 286 115 429 268 396 365 183 115 286 276 286 429 244 276 377 115 126 378 378 396 365 377 429 268 396 378 378 268 429 303 276 396 183 396 286 378 402 268 396 493 429 276 409 183 378 365 268 244 126 402 377 377 126 126 396 268 377 365 429 493 276 244 429 183 409 244 303 365 429 126 126 183 378 493 183 126 493 409 377 377 126 183 276 396 409 276 303 126 183 115 303 402 396 276 402 396 268 378 268 377 378 183 303 409 286 276 409 402 429 493 493 378 115 126 429 409 303 268 365 493 409 365 115 244 115 402 183 286 126 126 115 115 429 286 303 365 115 303 303 378 402 402 377 429 286 493 126 377 303 268 409 244 115 303 493 402 396 286 409 409 286 244 402 429 268 286 365 183 244 115 493 377 115 493 378 286 493 126 396 396 115 377 396 115 365 303 378 365 493 365 183 286 493 244 377 286 115 126 244 377 276 268 365 402 244 409 126 402 276 115 183 126 286 396 396 493 286 493 377 244 429 303 268 115 126 409 268 268 268 183 493 409 365 402 396 365 115 378 429 115 244 126 268 493 493 409 286 396 276 115 286 402 303 377 115 429 244 183 493 276 126 429 303 115 402 378 244 429 276 244 276 268 244 378 126 303 286 409 303 303 244 365 429 268 396 365 268 493 377 244 244 409 493 303 378 378 
  Facilities: 16
 115 : 40 50 68 81 87 94 98 132 147 150 155 158 189 190 205 211 219 293 316 326 328 334 335 340 356 373 376 384 387 400 413 427 440 443 453 458 467
 126 : 17 47 67 76 102 114 172 184 203 220 252 256 257 273 274 279 284 291 317 332 333 350 381 401 410 415 428 445 464 478
 183 : 19 60 88 90 96 111 112 124 137 139 165 166 168 210 236 247 267 275 278 285 292 305 330 371 394 414 433 461
 244 : 4 10 56 64 73 78 95 97 107 108 121 122 125 133 170 179 216 251 265 269 327 355 365 372 397 402 408 423 444 460 470 473 476 484 493 494
 268 : 24 30 35 36 39 45 49 51 74 103 127 145 152 157 163 167 183 207 227 231 241 250 259 300 302 321 353 368 405 426 430 431 432 446 475 487 490
 276 : 2 11 13 21 34 46 99 101 118 130 161 187 192 213 217 234 245 264 286 289 297 309 404 412 452 463 472 474
 286 : 5 14 15 25 48 52 65 117 169 197 204 212 214 238 308 331 337 348 361 364 369 379 395 399 416 420 450 454 480
 303 : 3 44 58 61 85 100 136 144 154 173 177 185 193 196 198 202 233 270 290 294 306 320 338 341 342 352 357 389 425 456 466 479 482 483 497
 365 : 8 22 26 31 91 116 119 134 142 176 178 201 209 224 249 261 271 322 325 339 370 388 391 393 406 436 439 485 489
 377 : 16 18 20 32 66 93 105 129 151 159 162 218 225 254 255 260 282 283 303 346 351 375 385 398 403 422 457 492
 378 : 0 9 28 29 37 54 59 63 77 84 92 123 221 222 229 230 239 248 276 301 304 315 343 378 390 441 469 477 498 499
 396 : 1 43 57 71 75 104 146 148 160 171 180 181 191 199 208 223 228 235 237 242 258 287 296 299 360 382 383 386 417 418 438 451 488
 402 : 70 83 106 110 135 138 143 156 174 240 253 295 298 311 329 344 345 359 366 407 411 437 455 468
 409 : 7 23 33 79 86 109 113 115 120 126 141 182 246 268 281 288 307 310 319 324 354 362 363 409 429 435 449 481 495
 429 : 12 27 41 62 80 82 164 186 206 215 226 232 244 262 266 272 312 318 336 347 367 424 442 459 465 471 486
 493 : 6 38 42 53 55 69 72 89 128 131 140 149 153 175 188 194 195 200 243 263 277 280 313 314 323 349 358 374 377 380 392 396 419 421 434 447 448 462 491 496
SOLUTION:
  Value: -540191.000000
  Assigns: 378 396 276 303 244 286 493 409 365 378 244 276 429 276 286 286 377 126 377 429 377 276 365 409 268 286 365 429 378 378 268 365 377 409 276 268 268 378 493 268 115 429 493 396 303 268 276 126 286 268 115 268 286 493 378 493 244 396 303 378 126 303 429 378 244 286 377 126 115 493 402 396 493 244 268 396 126 378 244 409 429 115 429 402 378 303 409 115 402 493 396 365 378 377 115 244 126 244 115 276 303 276 126 268 396 377 402 244 244 409 402 268 276 409 126 409 365 286 276 365 409 244 244 378 126 244 409 268 493 377 276 493 115 244 365 402 303 268 402 286 493 409 365 402 303 268 396 115 396 493 115 377 268 493 303 115 402 268 115 377 396 276 377 268 429 402 244 268 115 286 244 396 126 303 402 493 365 303 365 244 396 396 409 268 126 303 429 276 493 115 115 396 276 303 493 493 303 286 303 396 493 365 303 126 286 115 429 268 396 365 409 115 286 276 286 429 244 276 377 115 126 378 378 396 365 377 429 268 396 378 378 268 429 303 276 396 244 396 286 378 402 268 396 493 429 276 409 409 378 365 268 244 126 402 377 377 126 126 396 268 377 365 429 493 276 244 429 286 409 244 303 365 429 126 126 409 378 493 286 126 493 409 377 377 126 115 276 396 409 276 303 126 377 115 303 402 396 276 402 396 268 378 268 377 378 268 303 409 286 276 409 402 429 493 493 378 115 126 429 409 303 268 365 493 409 365 115 244 115 402 365 286 126 126 115 115 429 286 303 365 115 303 303 378 402 402 377 429 286 493 126 377 303 268 409 244 115 303 493 402 396 286 409 409 286 244 402 429 268 286 365 286 244 115 493 377 115 493 378 286 493 126 396 396 115 377 396 115 365 303 378 365 493 365 126 286 493 244 377 286 115 126 244 377 276 268 365 402 244 409 126 402 276 115 429 126 286 396 396 493 286 493 377 244 429 303 268 115 126 409 268 268 268 377 493 409 365 402 396 365 115 378 429 115 244 126 268 493 493 409 286 396 276 115 286 402 303 377 115 429 244 402 493 276 126 429 303 115 402 378 244 429 276 244 276 268 244 378 126 303 286 409 303 303 244 365 429 268 396 365 268 493 377 244 244 409 493 303 378 378 
  Facilities: 15
 115 : 40 50 68 81 87 94 98 132 147 150 155 158 168 189 190 205 211 219 285 293 316 326 328 334 335 340 356 373 376 384 387 400 413 427 440 443 453 458 467
 126 : 17 47 60 67 76 96 102 114 124 172 184 203 220 252 256 257 273 274 279 284 291 317 332 333 350 381 394 401 410 415 428 445 464 478
 244 : 4 10 56 64 73 78 95 97 107 108 121 122 125 133 166 170 179 216 236 251 265 269 327 355 365 372 397 402 408 423 444 460 470 473 476 484 493 494
 268 : 24 30 35 36 39 45 49 51 74 103 111 127 137 145 152 157 163 167 183 207 227 231 241 250 259 300 302 305 321 353 368 405 426 430 431 432 446 475 487 490
 276 : 2 11 13 21 34 46 99 101 112 118 130 161 187 192 213 217 234 245 264 286 289 297 309 404 412 452 463 472 474
 286 : 5 14 15 25 48 52 65 117 139 169 197 204 212 214 238 267 278 308 331 337 348 361 364 369 371 379 395 399 416 420 450 454 480
 303 : 3 44 58 61 85 100 136 144 154 173 177 185 193 196 198 202 233 270 290 294 306 320 338 341 342 352 357 389 425 456 466 479 482 483 497
 365 : 8 22 26 31 91 116 119 134 142 176 178 201 209 224 249 261 271 322 325 330 339 370 388 391 393 406 436 439 485 489
 377 : 16 18 20 32 66 93 105 129 151 159 162 218 225 254 255 260 282 283 292 303 346 351 375 385 398 403 422 433 457 492
 378 : 0 9 28 29 37 54 59 63 77 84 92 123 221 222 229 230 239 248 276 301 304 315 343 378 390 441 469 477 498 499
 396 : 1 43 57 71 75 90 104 146 148 160 171 180 181 191 199 208 223 228 235 237 242 258 287 296 299 360 382 383 386 417 418 438 451 488
 402 : 70 83 88 106 110 135 138 143 156 165 174 240 253 295 298 311 329 344 345 359 366 407 411 437 455 461 468
 409 : 7 23 33 79 86 109 113 115 120 126 141 182 210 246 247 268 275 281 288 307 310 319 324 354 362 363 409 429 435 449 481 495
 429 : 12 19 27 41 62 80 82 164 186 206 215 226 232 244 262 266 272 312 318 336 347 367 414 424 442 459 465 471 486
 493 : 6 38 42 53 55 69 72 89 128 131 140 149 153 175 188 194 195 200 243 263 277 280 313 314 323 349 358 374 377 380 392 396 419 421 434 447 448 462 491 496
SOLUTION:
  Value: -540598.000000
  Assigns: 378 396 286 303 244 286 493 409 365 378 244 115 429 286 286 286 377 126 377 429 377 115 365 409 268 286 365 429 378 378 268 365 377 409 378 268 268 378 493 268 115 429 493 396 303 268 268 126 286 268 115 268 286 493 378 493 244 396 303 378 126 303 429 378 244 286 377 126 115 493 402 396 493 244 268 396 126 378 244 409 429 115 429 402 378 303 409 115 402 493 396 365 378 377 115 244 126 244 115 244 303 126 126 268 396 377 402 244 244 409 402 268 115 409 126 409 365 286 402 365 409 244 244 378 126 244 409 268 493 377 286 493 115 244 365 402 303 268 402 286 493 409 365 402 303 268 396 115 396 493 115 377 268 493 303 115 402 268 115 377 396 268 377 268 429 402 244 268 115 286 244 396 126 303 402 493 365 303 365 244 396 396 409 268 126 303 429 409 493 115 115 396 493 303 493 493 303 286 303 396 493 365 303 126 286 115 429 268 396 365 409 115 286 396 286 429 244 429 377 115 126 378 378 396 365 377 429 268 396 378 378 268 429 303 493 396 244 396 286 378 402 268 396 493 429 286 409 409 378 365 268 244 126 402 377 377 126 126 396 268 377 365 429 493 286 244 429 286 409 244 303 365 429 126 126 409 378 493 286 126 493 409 377 377 126 115 286 396 409 402 303 126 377 115 303 402 396 126 402 396 268 378 268 377 378 268 303 409 286 493 409 402 429 493 493 378 115 126 429 409 303 268 365 493 409 365 115 244 115 402 365 286 126 126 115 115 429 286 303 365 115 303 303 378 402 402 377 429 286 493 126 377 303 268 409 244 115 303 493 402 396 286 409 409 286 244 402 429 268 286 365 286 244 115 493 377 115 493 378 286 493 126 396 396 115 377 396 115 365 303 378 365 493 365 126 286 493 244 377 286 115 126 244 377 126 268 365 402 244 409 126 402 377 115 429 126 286 396 396 493 286 493 377 244 429 303 268 115 126 409 268 268 268 377 493 409 365 402 396 365 115 378 429 115 244 126 268 493 493 409 286 396 429 115 286 402 303 377 115 429 244 402 493 268 126 429 303 115 402 378 244 429 126 244 493 268 244 378 126 303 286 409 303 303 244 365 429 268 396 365 268 493 377 244 244 409 493 303 378 378 
  Facilities: 14
 115 : 11 21 40 50 68 81 87 94 98 112 132 147 150 155 158 168 189 190 205 211 219 285 293 316 326 328 334 335 340 356 373 376 384 387 400 413 427 440 443 453 458 467
 126 : 17 47 60 67 76 96 101 102 114 124 172 184 203 220 252 256 257 273 274 279 284 291 297 317 332 333 350 381 394 401 404 410 415 428 445 464 472 478
 244 : 4 10 56 64 73 78 95 97 99 107 108 121 122 125 133 166 170 179 216 236 251 265 269 327 355 365 372 397 402 408 423 444 460 470 473 476 484 493 494
 268 : 24 30 35 36 39 45 46 49 51 74 103 111 127 137 145 152 157 161 163 167 183 207 227 231 241 250 259 300 302 305 321 353 368 405 426 430 431 432 446 463 475 487 490
 286 : 2 5 13 14 15 25 48 52 65 117 130 139 169 197 204 212 214 238 245 264 267 278 286 308 331 337 348 361 364 369 371 379 395 399 416 420 450 454 480
 303 : 3 44 58 61 85 100 136 144 154 173 177 185 193 196 198 202 233 270 290 294 306 320 338 341 342 352 357 389 425 456 466 479 482 483 497
 365 : 8 22 26 31 91 116 119 134 142 176 178 201 209 224 249 261 271 322 325 330 339 370 388 391 393 406 436 439 485 489
 377 : 16 18 20 32 66 93 105 129 151 159 162 218 225 254 255 260 282 283 292 303 346 351 375 385 398 403 412 422 433 457 492
 378 : 0 9 28 29 34 37 54 59 63 77 84 92 123 221 222 229 230 239 248 276 301 304 315 343 378 390 441 469 477 498 499
 396 : 1 43 57 71 75 90 104 146 148 160 171 180 181 191 199 208 213 223 228 235 237 242 258 287 296 299 360 382 383 386 417 418 438 451 488
 402 : 70 83 88 106 110 118 135 138 143 156 165 174 240 253 289 295 298 311 329 344 345 359 366 407 411 437 455 461 468
 409 : 7 23 33 79 86 109 113 115 120 126 141 182 187 210 246 247 268 275 281 288 307 310 319 324 354 362 363 409 429 435 449 481 495
 429 : 12 19 27 41 62 80 82 164 186 206 215 217 226 232 244 262 266 272 312 318 336 347 367 414 424 442 452 459 465 471 486
 493 : 6 38 42 53 55 69 72 89 128 131 140 149 153 175 188 192 194 195 200 234 243 263 277 280 309 313 314 323 349 358 374 377 380 392 396 419 421 434 447 448 462 474 491 496
SOLUTION:
  Value: -541236.000000
  Assigns: 378 396 286 429 244 286 493 409 365 378 244 115 429 286 286 286 377 126 377 429 377 115 365 409 268 286 365 429 378 378 268 365 377 409 378 268 268 378 493 268 115 429 493 396 396 268 268 126 286 268 115 268 286 493 378 493 244 396 429 378 126 286 429 378 244 286 377 126 115 493 402 396 493 244 268 396 126 378 244 409 429 115 429 402 378 377 409 115 402 493 396 365 378 377 115 244 126 244 115 244 409 126 126 268 396 377 402 244 244 409 402 268 115 409 126 409 365 286 402 365 409 244 244 378 126 244 409 268 493 377 286 493 115 244 365 402 409 268 402 286 493 409 365 402 268 268 396 115 396 493 115 377 268 493 409 115 402 268 115 377 396 268 377 268 429 402 244 268 115 286 244 396 126 402 402 493 365 378 365 244 396 396 409 268 126 126 429 409 493 115 115 396 493 268 493 493 396 286 429 396 493 365 286 126 286 115 429 268 396 365 409 115 286 396 286 429 244 429 377 115 126 378 378 396 365 377 429 268 396 378 378 268 429 396 493 396 244 396 286 378 402 268 396 493 429 286 409 409 378 365 268 244 126 402 377 377 126 126 396 268 377 365 429 493 286 244 429 286 409 244 268 365 429 126 126 409 378 493 286 126 493 409 377 377 126 115 286 396 409 402 402 126 377 115 244 402 396 126 402 396 268 378 268 377 378 268 365 409 286 493 409 402 429 493 493 378 115 126 429 409 493 268 365 493 409 365 115 244 115 402 365 286 126 126 115 115 429 286 286 365 115 115 409 378 402 402 377 429 286 493 126 377 377 268 409 244 115 409 493 402 396 286 409 409 286 244 402 429 268 286 365 286 244 115 493 377 115 493 378 286 493 126 396 396 115 377 396 115 365 377 378 365 493 365 126 286 493 244 377 286 115 126 244 377 126 268 365 402 244 409 126 402 377 115 429 126 286 396 396 493 286 493 377 244 429 286 268 115 126 409 268 268 268 377 493 409 365 402 396 365 115 378 429 115 244 126 268 493 493 409 286 396 429 115 286 402 115 377 115 429 244 402 493 268 126 429 244 115 402 378 244 429 126 244 493 268 244 378 126 365 286 409 429 402 244 365 429 268 396 365 268 493 377 244 244 409 493 429 378 378 
  Facilities: 13
 115 : 11 21 40 50 68 81 87 94 98 112 132 147 150 155 158 168 189 190 205 211 219 285 293 316 326 328 334 335 340 341 356 373 376 384 387 400 413 427 440 443 453 456 458 467
 126 : 17 47 60 67 76 96 101 102 114 124 172 184 185 203 220 252 256 257 273 274 279 284 291 297 317 332 333 350 381 394 401 404 410 415 428 445 464 472 478
 244 : 4 10 56 64 73 78 95 97 99 107 108 121 122 125 133 166 170 179 216 236 251 265 269 294 327 355 365 372 397 402 408 423 444 460 466 470 473 476 484 493 494
 268 : 24 30 35 36 39 45 46 49 51 74 103 111 127 137 144 145 152 157 161 163 167 183 193 207 227 231 241 250 259 270 300 302 305 321 353 368 405 426 430 431 432 446 463 475 487 490
 286 : 2 5 13 14 15 25 48 52 61 65 117 130 139 169 197 202 204 212 214 238 245 264 267 278 286 308 331 337 338 348 361 364 369 371 379 395 399 416 420 425 450 454 480
 365 : 8 22 26 31 91 116 119 134 142 176 178 201 209 224 249 261 271 306 322 325 330 339 370 388 391 393 406 436 439 479 485 489
 377 : 16 18 20 32 66 85 93 105 129 151 159 162 218 225 254 255 260 282 283 292 303 346 351 352 375 385 389 398 403 412 422 433 457 492
 378 : 0 9 28 29 34 37 54 59 63 77 84 92 123 177 221 222 229 230 239 248 276 301 304 315 343 378 390 441 469 477 498 499
 396 : 1 43 44 57 71 75 90 104 146 148 160 171 180 181 191 196 199 208 213 223 228 233 235 237 242 258 287 296 299 360 382 383 386 417 418 438 451 488
 402 : 70 83 88 106 110 118 135 138 143 156 165 173 174 240 253 289 290 295 298 311 329 344 345 359 366 407 411 437 455 461 468 483
 409 : 7 23 33 79 86 100 109 113 115 120 126 136 141 154 182 187 210 246 247 268 275 281 288 307 310 319 324 342 354 357 362 363 409 429 435 449 481 495
 429 : 3 12 19 27 41 58 62 80 82 164 186 198 206 215 217 226 232 244 262 266 272 312 318 336 347 367 414 424 442 452 459 465 471 482 486 497
 493 : 6 38 42 53 55 69 72 89 128 131 140 149 153 175 188 192 194 195 200 234 243 263 277 280 309 313 314 320 323 349 358 374 377 380 392 396 419 421 434 447 448 462 474 491 496
SOLUTION:
  Value: -541287.000000
  Assigns: 279 152 276 303 236 286 315 286 99 378 315 435 429 276 33 286 377 435 377 153 377 276 33 121 315 99 279 121 378 188 268 33 377 64 276 268 33 378 64 268 279 429 236 429 303 268 152 236 286 268 188 315 33 286 378 377 121 286 303 378 153 315 429 378 64 64 121 121 378 315 429 286 279 279 268 378 286 121 315 303 429 152 429 153 378 303 127 64 435 378 121 279 378 377 127 127 153 99 276 276 303 276 64 99 315 377 64 286 33 33 429 268 276 99 153 99 64 286 276 315 153 435 188 378 121 152 286 268 268 377 127 153 64 33 127 33 315 153 99 64 33 303 435 127 303 268 64 276 33 99 127 152 64 378 303 268 378 315 99 377 152 276 377 127 429 153 429 268 152 315 152 236 279 303 268 99 279 188 236 152 121 33 315 33 121 303 429 276 121 127 99 64 276 303 279 377 152 33 99 127 152 152 153 435 153 279 429 127 279 99 188 279 286 276 286 429 99 276 152 236 435 378 378 268 279 377 429 188 33 378 236 33 429 99 121 99 279 127 286 378 188 268 153 378 429 276 127 303 378 429 236 64 152 315 377 377 279 236 236 99 377 315 429 268 276 236 279 188 377 153 121 279 64 188 99 99 378 121 121 286 152 64 64 377 64 279 276 127 303 127 315 99 152 99 303 121 315 276 127 121 127 378 268 377 378 121 303 33 127 152 33 279 279 64 286 378 152 315 429 152 279 268 303 435 188 152 188 188 188 315 127 286 315 315 377 429 429 315 99 153 279 303 303 378 315 121 377 429 286 64 268 377 127 268 378 435 152 152 153 99 303 286 33 286 152 315 378 279 127 188 188 236 33 377 276 99 429 152 279 315 303 315 152 279 435 377 64 315 268 303 378 429 153 435 153 286 435 286 377 286 64 315 153 377 33 268 188 121 378 153 279 236 276 429 99 435 286 377 279 127 286 236 377 99 429 303 268 64 121 315 33 236 268 152 188 236 236 64 64 33 236 378 429 127 377 315 268 127 236 378 121 315 276 315 286 276 303 377 378 429 188 127 279 276 121 429 303 188 303 152 153 99 276 315 276 268 33 378 377 303 152 64 435 303 64 435 429 153 377 236 268 64 377 279 276 188 121 315 378 378 
  Facilities: 19
 33 : 14 22 31 36 52 108 109 133 135 140 148 181 183 197 228 231 307 310 362 372 404 430 439 476
 64 : 33 38 64 65 87 102 106 116 132 139 146 152 191 251 272 281 282 284 313 349 386 400 427 437 438 481 484 491
 99 : 8 25 97 103 113 115 138 149 158 175 190 198 209 216 233 235 259 274 275 291 293 338 359 375 414 423 471
 121 : 23 27 56 66 67 77 90 124 180 184 188 234 270 277 278 295 299 305 345 407 428 450 464 496
 127 : 86 94 95 130 134 143 150 163 189 199 207 237 246 287 289 298 300 308 330 352 368 419 443 447 461
 152 : 1 46 81 125 151 160 168 170 179 196 200 201 218 252 280 292 309 316 319 325 356 357 364 377 382 433 469 480
 153 : 19 60 83 96 114 120 131 137 165 202 204 242 269 339 358 392 394 402 409 470 487
 188 : 29 50 122 177 210 227 240 267 273 324 326 327 328 369 370 406 434 460 467 495
 236 : 4 42 47 171 178 219 230 250 257 258 265 371 411 421 431 435 436 440 448 489
 268 : 30 35 39 45 49 74 111 127 128 145 155 167 174 223 241 263 302 321 350 353 388 405 426 432 446 475 490
 276 : 2 13 21 34 98 99 101 112 118 147 161 187 192 213 217 245 264 286 297 374 412 452 455 463 472 474 494
 279 : 0 26 40 72 73 91 172 176 194 205 208 211 224 236 256 266 271 285 311 312 320 340 367 378 383 410 418 462 493
 286 : 5 7 15 48 53 57 71 76 107 117 126 212 214 238 279 314 331 348 361 363 395 397 399 416 420 454
 303 : 3 44 58 79 85 100 141 144 154 173 185 193 247 288 294 306 322 341 342 360 380 389 425 456 466 468 479 483
 315 : 6 10 24 51 61 69 78 104 119 136 157 169 182 253 261 290 296 317 329 332 333 337 344 365 379 381 387 401 429 445 451 453 473 497
 377 : 16 18 20 32 55 93 105 129 159 162 195 225 254 255 260 268 283 303 334 346 351 373 385 398 403 417 422 444 457 478 488 492
 378 : 9 28 37 54 59 63 68 75 84 89 92 123 153 156 221 222 229 239 243 248 276 301 304 315 343 354 366 390 408 441 449 458 477 498 499
 429 : 12 41 43 62 70 80 82 110 164 166 186 206 215 226 232 244 249 262 318 335 336 347 376 391 413 424 442 459 465 486
 435 : 11 17 88 121 142 203 220 323 355 384 393 396 415 482 485
SOLUTION:
  Value: -541324.000000
  Assigns: 279 152 276 303 236 286 315 286 99 378 315 435 429 276 33 286 377 435 377 153 377 276 33 121 315 99 279 121 378 378 268 33 377 64 276 268 33 378 64 268 279 429 236 429 303 268 152 236 286 268 315 315 33 286 378 377 121 286 303 378 153 315 429 378 64 64 121 121 378 315 429 286 279 279 268 378 286 121 315 303 429 152 429 153 378 303 127 64 435 378 121 279 378 377 127 127 153 99 276 276 303 276 64 99 315 377 64 286 33 33 429 268 276 99 153 99 64 286 276 315 153 435 153 378 121 152 286 268 268 377 127 153 64 33 127 33 315 153 99 64 33 303 435 127 303 268 64 276 33 99 127 152 64 378 303 268 378 315 99 377 152 276 377 127 429 153 429 268 152 315 152 236 279 303 268 99 279 303 236 152 121 33 315 33 121 303 429 276 121 127 99 64 276 303 279 377 152 33 99 127 152 152 153 435 153 279 429 127 279 99 152 279 286 276 286 429 99 276 152 236 435 378 378 268 279 377 429 435 33 378 236 33 429 99 121 99 279 127 286 378 236 268 153 378 429 276 127 303 378 429 236 64 152 315 377 377 279 236 236 99 377 315 429 268 276 236 279 286 377 153 121 279 64 121 99 99 378 121 121 286 152 64 64 377 64 279 276 127 303 127 315 99 152 99 303 121 315 276 127 121 127 378 268 377 378 121 303 33 127 152 33 279 279 64 286 378 152 315 429 152 279 268 303 435 153 152 435 315 377 315 127 286 315 315 377 429 429 315 99 153 279 303 303 378 315 121 377 429 286 64 268 377 127 268 378 435 152 152 153 99 303 286 33 286 152 315 378 279 127 153 315 236 33 377 276 99 429 152 279 315 303 315 152 279 435 377 64 315 268 303 378 429 153 435 153 286 435 286 377 286 64 315 153 377 33 268 268 121 378 153 279 236 276 429 99 435 286 377 279 127 286 236 377 99 429 303 268 64 121 315 33 236 268 152 236 236 236 64 64 33 236 378 429 127 377 315 268 127 236 378 121 315 276 315 286 276 303 377 378 429 268 127 279 276 121 429 303 303 303 152 153 99 276 315 276 268 33 378 377 303 152 64 435 303 64 435 429 153 377 236 268 64 377 279 276 279 121 315 378 378 
  Facilities: 18
 33 : 14 22 31 36 52 108 109 133 135 140 148 181 183 197 228 231 307 310 362 372 404 430 439 476
 64 : 33 38 64 65 87 102 106 116 132 139 146 152 191 251 272 281 282 284 313 349 386 400 427 437 438 481 484 491
 99 : 8 25 97 103 113 115 138 149 158 175 190 198 209 216 233 235 259 274 275 291 293 338 359 375 414 423 471
 121 : 23 27 56 66 67 77 90 124 180 184 188 234 270 273 277 278 295 299 305 345 407 428 450 464 496
 127 : 86 94 95 130 134 143 150 163 189 199 207 237 246 287 289 298 300 308 330 352 368 419 443 447 461
 152 : 1 46 81 125 151 160 168 170 179 196 200 201 210 218 252 280 292 309 316 319 325 356 357 364 377 382 433 469 480
 153 : 19 60 83 96 114 120 122 131 137 165 202 204 242 269 324 339 358 369 392 394 402 409 470 487
 236 : 4 42 47 171 178 219 230 240 250 257 258 265 371 411 421 431 434 435 436 440 448 489
 268 : 30 35 39 45 49 74 111 127 128 145 155 167 174 223 241 263 302 321 350 353 388 405 406 426 432 446 460 475 490
 276 : 2 13 21 34 98 99 101 112 118 147 161 187 192 213 217 245 264 286 297 374 412 452 455 463 472 474 494
 279 : 0 26 40 72 73 91 172 176 194 205 208 211 224 236 256 266 271 285 311 312 320 340 367 378 383 410 418 462 493 495
 286 : 5 7 15 48 53 57 71 76 107 117 126 212 214 238 267 279 314 331 348 361 363 395 397 399 416 420 454
 303 : 3 44 58 79 85 100 141 144 154 173 177 185 193 247 288 294 306 322 341 342 360 380 389 425 456 466 467 468 479 483
 315 : 6 10 24 50 51 61 69 78 104 119 136 157 169 182 253 261 290 296 317 327 329 332 333 337 344 365 370 379 381 387 401 429 445 451 453 473 497
 377 : 16 18 20 32 55 93 105 129 159 162 195 225 254 255 260 268 283 303 328 334 346 351 373 385 398 403 417 422 444 457 478 488 492
 378 : 9 28 29 37 54 59 63 68 75 84 89 92 123 153 156 221 222 229 239 243 248 276 301 304 315 343 354 366 390 408 441 449 458 477 498 499
 429 : 12 41 43 62 70 80 82 110 164 166 186 206 215 226 232 244 249 262 318 335 336 347 376 391 413 424 442 459 465 486
 435 : 11 17 88 121 142 203 220 227 323 326 355 384 393 396 415 482 485
SOLUTION:
  Value: -541662.000000
  Assigns: 298 152 286 303 236 298 315 286 298 378 298 435 429 298 33 286 377 435 377 153 377 286 33 121 315 99 279 121 378 378 268 33 377 64 279 268 33 378 64 268 279 429 236 429 303 268 152 236 286 268 315 315 33 286 378 377 121 286 303 378 153 315 429 378 64 64 121 121 378 315 429 286 279 279 268 378 298 121 315 303 429 152 429 153 378 303 127 64 435 378 121 279 378 377 127 127 153 99 286 153 303 33 64 99 315 377 64 286 33 33 429 268 33 99 153 99 64 286 33 315 153 435 153 378 121 152 286 268 268 377 298 153 64 33 127 33 315 153 99 298 33 298 435 127 303 268 64 268 33 99 127 152 64 378 303 268 378 315 99 377 152 268 377 127 429 153 429 268 152 315 152 236 279 303 268 99 298 303 236 152 121 33 315 33 121 303 429 152 121 127 99 64 298 303 279 377 152 33 99 127 152 152 153 435 153 279 429 127 279 99 152 279 286 99 286 429 99 429 152 236 435 378 378 268 279 377 429 435 33 378 236 33 429 99 121 99 279 127 286 378 298 268 153 378 429 286 127 298 378 429 236 64 152 315 377 377 279 236 236 99 377 315 429 268 279 236 279 286 377 153 121 279 64 121 99 99 378 121 121 286 152 64 64 377 64 279 236 127 303 127 315 99 152 99 303 121 315 298 127 121 127 378 268 377 378 121 298 33 127 152 33 279 279 64 286 378 152 315 429 152 279 298 303 435 153 152 435 315 377 315 127 286 315 315 377 429 429 315 99 153 279 303 303 378 315 121 377 429 286 64 268 377 127 268 378 435 152 152 153 99 303 286 33 298 152 315 378 279 127 153 315 298 33 377 121 99 429 152 279 315 303 315 152 279 435 377 64 315 268 303 378 429 153 435 153 286 435 286 377 286 64 298 153 377 33 268 268 121 378 153 279 236 377 429 99 435 286 377 279 127 286 236 377 99 429 303 268 64 121 315 33 236 268 152 236 298 236 64 298 33 298 378 429 127 377 315 268 127 236 378 121 315 315 315 286 64 303 377 378 429 268 127 279 268 121 429 298 303 298 152 153 99 33 315 152 268 33 378 377 303 152 64 435 303 64 435 429 153 377 236 268 64 377 279 298 279 121 315 378 378 
  Facilities: 18
 33 : 14 22 31 36 52 101 108 109 112 118 133 135 140 148 181 183 197 228 231 307 310 362 372 404 430 439 472 476
 64 : 33 38 64 65 87 102 106 116 132 146 152 191 251 272 281 282 284 313 349 386 400 427 437 455 481 484 491
 99 : 25 97 103 113 115 138 149 158 175 190 198 209 213 216 233 235 259 274 275 291 293 338 359 375 414 423 471
 121 : 23 27 56 66 67 77 90 124 180 184 188 234 270 273 277 278 295 299 305 345 374 407 428 450 464 496
 127 : 86 94 95 134 143 150 163 189 199 207 237 246 287 289 298 300 308 330 352 368 419 443 447 461
 152 : 1 46 81 125 151 160 168 170 179 187 196 200 201 210 218 252 280 292 309 316 319 325 356 357 364 377 382 433 469 474 480
 153 : 19 60 83 96 99 114 120 122 131 137 165 202 204 242 269 324 339 358 369 392 394 402 409 470 487
 236 : 4 42 47 171 178 219 230 250 257 258 265 286 411 421 431 434 436 448 489
 268 : 30 35 39 45 49 74 111 127 128 145 147 155 161 167 174 223 241 263 302 350 353 388 405 406 426 432 446 460 463 475 490
 279 : 26 34 40 72 73 91 172 194 205 208 211 224 236 256 264 266 271 285 311 312 320 340 367 378 383 410 418 462 493 495
 286 : 2 7 15 21 48 53 57 71 98 107 117 126 212 214 238 245 267 279 314 331 348 361 395 397 399 416 420 454
 298 : 0 5 8 10 13 76 130 139 141 176 192 240 247 297 306 321 363 371 401 435 438 440 466 468 494
 303 : 3 44 58 79 85 100 144 154 173 177 185 193 288 294 322 341 342 360 380 389 425 456 467 479 483
 315 : 6 24 50 51 61 69 78 104 119 136 157 169 182 253 261 290 296 317 327 329 332 333 337 344 365 370 379 381 387 429 445 451 452 453 473 497
 377 : 16 18 20 32 55 93 105 129 159 162 195 225 254 255 260 268 283 303 328 334 346 351 373 385 398 403 412 417 422 444 457 478 488 492
 378 : 9 28 29 37 54 59 63 68 75 84 89 92 123 153 156 221 222 229 239 243 248 276 301 304 315 343 354 366 390 408 441 449 458 477 498 499
 429 : 12 41 43 62 70 80 82 110 164 166 186 206 215 217 226 232 244 249 262 318 335 336 347 376 391 413 424 442 459 465 486
 435 : 11 17 88 121 142 203 220 227 323 326 355 384 393 396 415 482 485
SOLUTION:
  Value: -541716.000000
  Assigns: 279 152 286 303 236 286 315 286 99 378 315 435 429 315 33 286 377 435 377 153 377 286 33 121 315 99 279 121 378 378 268 33 377 64 279 268 33 378 64 268 279 429 236 429 303 268 152 236 286 268 315 315 33 286 378 377 121 286 303 378 153 315 429 378 64 64 121 121 378 315 429 286 279 279 268 378 286 121 315 303 429 152 429 153 378 303 127 64 435 378 121 279 378 377 127 127 153 99 286 153 303 33 64 99 315 377 64 286 33 33 429 268 33 99 153 99 64 286 33 315 153 435 153 378 121 152 286 268 268 377 127 153 64 33 127 33 315 153 99 64 33 303 435 127 303 268 64 268 33 99 127 152 64 378 303 268 378 315 99 377 152 268 377 127 429 153 429 268 152 315 152 236 279 303 268 99 279 303 236 152 121 33 315 33 121 303 429 152 121 127 99 64 127 303 279 377 152 33 99 127 152 152 153 435 153 279 429 127 279 99 152 279 286 99 286 429 99 429 152 236 435 378 378 268 279 377 429 435 33 378 236 33 429 99 121 99 279 127 286 378 236 268 153 378 429 286 127 303 378 429 236 64 152 315 377 377 279 236 236 99 377 315 429 268 279 236 279 286 377 153 121 279 64 121 99 99 378 121 121 286 152 64 64 377 64 279 236 127 303 127 315 99 152 99 303 121 315 153 127 121 127 378 268 377 378 121 303 33 127 152 33 279 279 64 286 378 152 315 429 152 279 268 303 435 153 152 435 315 377 315 127 286 315 315 377 429 429 315 99 153 279 303 303 378 315 121 377 429 286 64 268 377 127 268 378 435 152 152 153 99 303 286 33 286 152 315 378 279 127 153 315 236 33 377 121 99 429 152 279 315 303 315 152 279 435 377 64 315 268 303 378 429 153 435 153 286 435 286 377 286 64 315 153 377 33 268 268 121 378 153 279 236 377 429 99 435 286 377 279 127 286 236 377 99 429 303 268 64 121 315 33 236 268 152 236 236 236 64 64 33 236 378 429 127 377 315 268 127 236 378 121 315 315 315 286 64 303 377 378 429 268 127 279 268 121 429 303 303 303 152 153 99 33 315 152 268 33 378 377 303 152 64 435 303 64 435 429 153 377 236 268 64 377 279 429 279 121 315 378 378 
  Facilities: 17
 33 : 14 22 31 36 52 101 108 109 112 118 133 135 140 148 181 183 197 228 231 307 310 362 372 404 430 439 472 476
 64 : 33 38 64 65 87 102 106 116 132 139 146 152 191 251 272 281 282 284 313 349 386 400 427 437 438 455 481 484 491
 99 : 8 25 97 103 113 115 138 149 158 175 190 198 209 213 216 233 235 259 274 275 291 293 338 359 375 414 423 471
 121 : 23 27 56 66 67 77 90 124 180 184 188 234 270 273 277 278 295 299 305 345 374 407 428 450 464 496
 127 : 86 94 95 130 134 143 150 163 189 192 199 207 237 246 287 289 298 300 308 330 352 368 419 443 447 461
 152 : 1 46 81 125 151 160 168 170 179 187 196 200 201 210 218 252 280 292 309 316 319 325 356 357 364 377 382 433 469 474 480
 153 : 19 60 83 96 99 114 120 122 131 137 165 202 204 242 269 297 324 339 358 369 392 394 402 409 470 487
 236 : 4 42 47 171 178 219 230 240 250 257 258 265 286 371 411 421 431 434 435 436 440 448 489
 268 : 30 35 39 45 49 74 111 127 128 145 147 155 161 167 174 223 241 263 302 321 350 353 388 405 406 426 432 446 460 463 475 490
 279 : 0 26 34 40 72 73 91 172 176 194 205 208 211 224 236 256 264 266 271 285 311 312 320 340 367 378 383 410 418 462 493 495
 286 : 2 5 7 15 21 48 53 57 71 76 98 107 117 126 212 214 238 245 267 279 314 331 348 361 363 395 397 399 416 420 454
 303 : 3 44 58 79 85 100 141 144 154 173 177 185 193 247 288 294 306 322 341 342 360 380 389 425 456 466 467 468 479 483
 315 : 6 10 13 24 50 51 61 69 78 104 119 136 157 169 182 253 261 290 296 317 327 329 332 333 337 344 365 370 379 381 387 401 429 445 451 452 453 473 497
 377 : 16 18 20 32 55 93 105 129 159 162 195 225 254 255 260 268 283 303 328 334 346 351 373 385 398 403 412 417 422 444 457 478 488 492
 378 : 9 28 29 37 54 59 63 68 75 84 89 92 123 153 156 221 222 229 239 243 248 276 301 304 315 343 354 366 390 408 441 449 458 477 498 499
 429 : 12 41 43 62 70 80 82 110 164 166 186 206 215 217 226 232 244 249 262 318 335 336 347 376 391 413 424 442 459 465 486 494
 435 : 11 17 88 121 142 203 220 227 323 326 355 384 393 396 415 482 485
SOLUTION:
  Value: -541969.000000
  Assigns: 115 396 286 429 244 286 493 409 365 115 244 115 429 286 286 286 377 126 377 429 377 115 365 409 268 286 365 429 377 286 268 365 377 409 402 268 268 365 493 268 115 429 493 396 396 268 268 126 286 268 115 268 286 493 429 493 244 396 429 377 126 286 429 409 244 286 377 126 115 493 402 396 493 244 268 396 126 402 244 409 429 115 429 402 286 377 409 115 402 493 396 365 409 377 115 244 126 244 115 244 409 126 126 268 396 377 402 244 244 409 402 268 115 409 126 409 365 286 402 365 409 244 244 126 126 244 409 268 493 377 286 493 115 244 365 402 409 268 402 286 493 409 365 402 268 268 396 115 396 493 115 377 268 493 409 115 402 268 115 377 396 268 377 268 429 402 244 268 115 286 244 396 126 402 402 493 365 126 365 244 396 396 409 268 126 126 429 409 493 115 115 396 493 268 493 493 396 286 429 396 493 365 286 126 286 115 429 268 396 365 409 115 286 396 286 429 244 429 377 115 126 244 402 396 365 377 429 268 396 126 286 268 429 396 493 396 244 396 286 286 402 268 396 493 429 286 409 409 429 365 268 244 126 402 377 377 126 126 396 268 377 365 429 493 286 244 429 286 409 244 268 365 429 126 126 409 268 493 286 126 493 409 377 377 126 115 286 396 409 402 402 126 377 115 244 402 396 126 402 396 268 286 268 377 402 268 365 409 286 493 409 402 429 493 493 493 115 126 429 409 493 268 365 493 409 365 115 244 115 402 365 286 126 126 115 115 429 286 286 365 115 115 409 493 402 402 377 429 286 493 126 377 377 268 409 244 115 409 493 402 396 286 409 409 286 244 402 429 268 286 365 286 244 115 493 377 115 493 396 286 493 126 396 396 115 377 396 115 365 377 126 365 493 365 126 286 493 244 377 286 115 126 244 377 126 268 365 402 244 409 126 402 377 115 429 126 286 396 396 493 286 493 377 244 429 286 268 115 126 409 268 268 268 377 493 409 365 402 396 365 115 286 429 115 244 126 268 493 493 409 286 396 429 115 286 402 115 377 115 429 244 402 493 268 126 429 244 115 402 365 244 429 126 244 493 268 244 126 126 365 286 409 429 402 244 365 429 268 396 365 268 493 377 244 244 409 493 429 126 365 
  Facilities: 12
 115 : 0 9 11 21 40 50 68 81 87 94 98 112 132 147 150 155 158 168 189 190 205 211 219 285 293 316 326 328 334 335 340 341 356 373 376 384 387 400 413 427 440 443 453 456 458 467
 126 : 17 47 60 67 76 96 101 102 114 123 124 172 177 184 185 203 220 229 252 256 257 273 274 279 284 291 297 317 332 333 350 381 390 394 401 404 410 415 428 445 464 472 477 478 498
 244 : 4 10 56 64 73 78 95 97 99 107 108 121 122 125 133 166 170 179 216 221 236 251 265 269 294 327 355 365 372 397 402 408 423 444 460 466 470 473 476 484 493 494
 268 : 24 30 35 36 39 45 46 49 51 74 103 111 127 137 144 145 152 157 161 163 167 183 193 207 227 231 241 250 259 270 276 300 302 305 321 353 368 405 426 430 431 432 446 463 475 487 490
 286 : 2 5 13 14 15 25 29 48 52 61 65 84 117 130 139 169 197 202 204 212 214 230 238 239 245 264 267 278 286 301 308 331 337 338 348 361 364 369 371 379 395 399 416 420 425 441 450 454 480
 365 : 8 22 26 31 37 91 116 119 134 142 176 178 201 209 224 249 261 271 306 322 325 330 339 370 388 391 393 406 436 439 469 479 485 489 499
 377 : 16 18 20 28 32 59 66 85 93 105 129 151 159 162 218 225 254 255 260 282 283 292 303 346 351 352 375 385 389 398 403 412 422 433 457 492
 396 : 1 43 44 57 71 75 90 104 146 148 160 171 180 181 191 196 199 208 213 223 228 233 235 237 242 258 287 296 299 360 378 382 383 386 417 418 438 451 488
 402 : 34 70 77 83 88 106 110 118 135 138 143 156 165 173 174 222 240 253 289 290 295 298 304 311 329 344 345 359 366 407 411 437 455 461 468 483
 409 : 7 23 33 63 79 86 92 100 109 113 115 120 126 136 141 154 182 187 210 246 247 268 275 281 288 307 310 319 324 342 354 357 362 363 409 429 435 449 481 495
 429 : 3 12 19 27 41 54 58 62 80 82 164 186 198 206 215 217 226 232 244 248 262 266 272 312 318 336 347 367 414 424 442 452 459 465 471 482 486 497
 493 : 6 38 42 53 55 69 72 89 128 131 140 149 153 175 188 192 194 195 200 234 243 263 277 280 309 313 314 315 320 323 343 349 358 374 377 380 392 396 419 421 434 447 448 462 474 491 496
