# Time: 29.680000
# Elapsed: 3.585199
# Input_file: splp/ORLIB/ORLIB-uncap/a-c/capc.txt
# Pool_size: 1000
# Iterations: 19
# Final_solutions: 15833
# Vision_range: 0
# Reduction_mode: REDUCTION_RANDOM
SOLUTION:
  Value: -12187920.787030
  Assigns: 69 45 91 65 45 8 69 75 64 64 75 5 75 75 8 43 45 64 91 65 69 43 5 5 5 45 69 91 91 65 75 45 45 5 5 8 43 43 8 65 5 75 8 64 64 91 65 5 65 5 75 5 8 5 8 64 91 65 69 43 69 64 5 45 65 91 43 75 69 45 65 64 65 69 65 5 64 65 43 75 65 64 45 45 69 43 5 64 5 5 43 65 91 75 8 45 45 43 91 91 69 65 75 43 5 69 8 5 8 65 69 5 64 64 43 8 8 8 43 64 5 8 43 5 43 65 65 75 43 64 65 45 91 64 45 75 75 69 75 65 69 5 8 43 45 91 91 75 75 43 45 65 43 43 45 5 8 43 64 75 64 8 65 8 5 75 8 91 75 45 5 64 64 65 75 69 69 69 69 75 64 69 45 75 43 5 5 43 64 45 69 64 65 43 5 5 69 43 8 91 45 64 45 69 75 5 8 64 64 75 69 8 8 8 65 69 75 5 75 69 8 65 45 65 43 91 43 64 64 65 75 91 65 43 43 64 64 65 65 45 8 65 75 45 5 45 5 75 69 64 65 45 75 75 75 5 43 65 75 8 64 5 64 5 5 65 91 5 5 69 65 43 75 43 5 64 43 43 8 91 69 43 69 69 8 43 43 5 45 65 91 64 8 65 64 5 64 75 8 91 5 69 75 8 8 69 75 8 64 5 75 45 8 64 65 91 69 43 65 69 75 75 91 5 8 65 65 45 64 75 91 91 43 8 8 45 65 43 75 75 8 45 5 91 75 45 69 75 91 91 65 75 8 45 45 69 8 64 8 45 65 5 64 8 45 8 91 69 64 91 64 8 8 91 43 65 5 91 69 69 45 69 45 69 69 64 5 75 69 75 64 43 8 45 64 45 64 75 8 43 64 69 8 43 64 8 91 43 69 65 45 69 65 8 64 43 45 64 45 65 65 65 45 45 43 45 65 69 45 91 69 69 5 43 91 5 65 5 65 5 65 45 45 65 75 65 65 65 69 45 75 75 45 8 91 75 69 43 8 65 75 69 69 65 69 65 45 75 64 45 64 91 5 43 69 45 43 65 75 65 65 65 8 8 69 8 91 45 45 91 64 43 43 43 91 45 64 91 75 75 8 5 8 91 65 8 8 45 8 64 91 69 65 69 69 75 69 69 45 45 43 5 75 43 64 65 65 75 65 5 75 5 69 64 8 69 64 75 43 91 75 8 91 65 43 43 69 8 5 69 45 43 5 65 43 65 65 75 8 65 69 91 75 45 8 65 8 91 69 64 75 5 64 45 45 5 64 8 45 75 43 45 45 75 43 5 64 64 65 5 65 43 75 8 43 65 65 65 64 43 43 5 43 69 45 8 64 75 75 75 45 64 8 69 5 64 65 45 65 43 45 65 75 69 8 43 69 75 45 75 65 64 43 75 75 91 64 45 5 8 5 8 8 65 43 45 75 45 8 8 43 45 8 64 69 8 8 45 8 5 45 45 8 5 75 64 64 45 65 75 91 45 64 43 91 5 5 64 64 75 45 43 43 75 45 69 8 8 69 69 64 5 45 64 45 8 75 5 69 65 5 5 64 91 5 65 43 8 5 91 69 45 45 43 45 45 69 8 8 91 45 43 5 64 65 69 65 64 8 75 91 75 75 64 75 43 8 75 8 45 43 45 91 5 45 43 5 8 75 65 91 75 45 91 43 69 75 69 69 91 5 65 64 69 91 45 8 8 75 75 75 8 43 69 64 64 69 65 75 69 8 45 75 91 43 64 75 45 45 91 69 5 64 43 64 45 64 75 8 69 5 69 5 91 65 65 45 65 65 64 5 5 45 8 5 69 45 45 69 64 65 64 69 91 8 64 91 69 45 75 65 91 64 43 5 43 65 64 65 69 64 8 45 69 5 75 64 5 8 43 64 69 91 69 5 64 45 43 43 65 45 64 75 43 64 43 64 75 5 69 64 8 65 91 64 75 64 45 69 69 91 65 43 69 43 8 5 8 64 64 64 5 8 75 64 91 5 45 65 45 45 5 65 69 64 75 75 69 43 65 65 64 65 64 91 8 75 5 43 43 65 69 64 75 64 43 65 91 75 5 75 5 45 8 69 69 8 64 65 64 64 45 75 69 45 43 5 45 5 43 64 75 5 5 69 5 43 91 64 64 8 65 65 8 65 64 43 75 65 64 8 5 64 64 65 8 75 69 69 8 5 8 43 5 43 69 45 43 5 65 69 45 43 69 8 8 45 69 75 75 
  Facilities: 9
 5 : 11 22 23 24 33 34 40 47 49 51 53 62 75 86 88 89 104 107 111 120 123 141 155 164 170 185 186 194 195 205 217 244 246 255 261 263 264 267 268 274 287 295 300 309 323 342 361 376 386 432 435 437 439 472 501 521 529 531 548 552 571 575 585 589 601 614 638 640 659 663 675 676 691 697 700 701 704 708 722 743 746 760 791 800 802 810 811 814 834 844 847 854 868 886 891 896 901 917 929 931 946 948 952 953 955 971 980 983 988
 8 : 5 14 35 38 42 52 54 94 106 108 115 116 117 121 142 156 161 163 166 198 206 211 212 213 220 240 259 278 284 292 298 303 304 307 312 324 333 334 340 352 356 358 363 365 371 372 392 398 402 405 413 453 458 482 483 485 500 502 505 506 508 534 541 547 558 564 566 577 593 605 612 624 639 641 642 648 649 652 655 656 658 662 686 687 695 707 717 718 728 736 738 747 766 767 771 780 798 813 824 841 848 871 885 887 892 915 933 936 960 963 970 975 979 981 994 995
 43 : 15 21 36 37 59 66 78 85 90 97 103 114 118 122 124 128 143 149 152 153 157 184 187 193 197 224 226 233 234 256 271 273 276 277 281 285 286 317 332 337 374 391 399 403 407 415 424 433 457 473 476 491 492 493 520 523 538 544 545 551 554 580 584 591 594 599 600 602 619 625 632 644 650 673 681 682 706 713 721 735 740 745 754 772 784 793 833 835 849 857 858 863 865 882 884 908 918 919 925 945 949 956 966 982 984 987 992
 45 : 1 4 16 25 31 32 63 69 82 83 95 96 131 134 144 150 154 169 182 189 200 202 222 239 243 245 251 288 311 327 335 341 345 353 354 359 364 380 382 393 395 410 416 418 422 423 425 428 441 442 449 452 466 469 475 487 488 495 507 518 519 550 563 573 574 578 581 582 604 610 617 620 628 637 645 647 651 657 660 661 667 671 680 684 692 694 711 712 714 715 720 739 741 744 752 765 781 787 788 795 806 812 816 817 828 842 856 860 877 897 899 900 932 941 944 947 986 991 996
 64 : 8 9 17 43 44 55 61 71 76 81 87 112 113 119 129 133 158 160 171 172 180 188 191 201 207 208 227 228 235 236 249 260 262 275 291 294 296 308 313 328 357 362 368 370 385 390 394 396 400 404 414 417 468 470 490 496 509 524 533 536 569 572 576 586 587 598 606 611 615 631 636 653 665 666 672 677 678 690 693 702 723 727 733 762 774 775 785 792 794 796 809 819 821 825 832 837 840 846 850 855 861 864 866 870 874 876 888 889 890 894 904 911 913 922 924 937 939 940 950 958 959 965 969 972 973
 65 : 3 19 29 39 46 48 57 64 70 72 74 77 80 91 101 109 125 126 130 139 151 162 173 192 214 221 223 229 232 237 238 241 250 257 265 270 289 293 314 318 325 326 336 350 360 375 409 412 419 420 421 426 436 438 440 443 445 446 447 459 463 465 477 479 480 481 504 512 525 526 528 543 553 555 556 559 565 588 590 595 596 597 616 618 621 630 643 668 699 705 724 726 749 761 777 804 805 807 808 820 830 836 838 859 872 881 898 902 909 910 912 920 926 938 961 962 964 968 974 989
 69 : 0 6 20 26 58 60 68 73 84 100 105 110 137 140 175 176 177 178 181 190 196 203 210 215 219 248 269 280 282 283 301 305 316 319 346 355 367 378 379 381 383 384 388 401 408 411 427 430 431 448 456 461 462 464 474 484 511 513 514 516 517 532 535 546 549 560 568 603 613 623 626 654 685 688 689 698 710 716 725 755 757 758 763 773 776 779 790 799 801 815 818 822 827 839 843 851 853 869 878 879 883 903 907 921 934 935 943 954 977 978 985 990 993 997
 75 : 7 10 12 13 30 41 50 67 79 93 102 127 135 136 138 147 148 159 165 168 174 179 183 204 209 216 218 230 242 247 252 253 254 258 272 297 302 306 310 320 321 329 338 339 344 347 351 387 389 397 444 450 451 455 460 467 478 498 499 515 522 527 530 537 540 557 562 570 579 583 592 607 608 609 622 627 629 633 634 646 664 669 679 683 696 729 731 732 734 737 748 751 756 768 769 770 778 782 786 797 829 845 862 867 875 893 905 906 916 923 928 930 942 951 967 976 998 999
 91 : 2 18 27 28 45 56 65 92 98 99 132 145 146 167 199 225 231 266 279 290 299 315 322 330 331 343 348 349 366 369 373 377 406 429 434 454 471 486 489 494 497 503 510 539 542 561 567 635 670 674 703 709 719 730 742 750 753 759 764 783 789 803 823 826 831 852 873 880 895 914 927 957
SOLUTION:
  Value: -12193265.184570
  Assigns: 69 45 91 65 45 8 69 75 65 43 75 5 75 75 8 43 45 65 91 65 69 43 5 5 5 45 69 91 91 65 75 45 45 5 5 8 43 43 8 65 5 75 8 65 65 91 65 5 65 5 75 5 8 5 8 69 91 65 69 43 69 69 5 45 65 91 43 75 69 45 65 43 65 69 65 5 65 65 43 75 65 69 45 45 69 43 5 43 5 5 43 65 91 75 8 45 45 43 91 91 69 65 75 43 5 69 8 5 8 65 69 5 69 69 43 8 8 8 43 65 5 8 43 5 43 65 65 75 43 43 65 45 91 65 45 75 75 69 75 65 69 5 8 43 45 91 91 75 75 43 45 65 43 43 45 5 8 43 5 75 43 8 65 8 5 75 8 91 75 45 5 43 5 65 75 69 69 69 69 75 43 69 45 75 43 5 5 43 43 45 69 65 65 43 5 5 69 43 8 91 45 65 45 69 75 5 8 65 65 75 69 8 8 8 65 69 75 5 75 69 8 65 45 65 43 91 43 5 43 65 75 91 65 43 43 69 69 65 65 45 8 65 75 45 5 45 5 75 69 65 65 45 75 75 75 5 43 65 75 8 5 5 43 5 5 65 91 5 5 69 65 43 75 43 5 65 43 43 8 91 69 43 69 69 8 43 43 5 45 65 91 65 8 65 5 5 5 75 8 91 5 69 75 8 8 69 75 8 43 5 75 45 8 43 65 91 69 43 65 69 75 75 91 5 8 65 65 45 65 75 91 91 43 8 8 45 65 43 75 75 8 45 5 91 75 45 69 75 91 91 65 75 8 45 45 69 8 69 8 45 65 5 65 8 45 8 91 69 65 91 65 8 8 91 43 65 5 91 69 69 45 69 45 69 69 5 5 75 69 75 69 43 8 45 43 45 69 75 8 43 69 69 8 43 65 8 91 43 69 65 45 69 65 8 69 43 45 43 45 65 65 65 45 45 43 45 65 69 45 91 69 69 5 43 91 5 65 5 65 5 65 45 45 65 75 65 65 65 69 45 75 75 45 8 91 75 69 43 8 65 75 69 69 65 69 65 45 75 69 45 65 91 5 43 69 45 43 65 75 65 65 65 8 8 69 8 91 45 45 91 65 43 43 43 91 45 65 91 75 75 8 5 8 91 65 8 8 45 8 69 91 69 65 69 69 75 69 69 45 45 43 5 75 43 5 65 65 75 65 5 75 5 69 65 8 69 65 75 43 91 75 8 91 65 43 43 69 8 5 69 45 43 5 65 43 65 65 75 8 65 69 91 75 45 8 65 8 91 69 65 75 5 69 45 45 5 43 8 45 75 43 45 45 75 43 5 69 65 65 5 65 43 75 8 43 65 65 65 69 43 43 5 43 69 45 8 65 75 75 75 45 43 8 69 5 69 65 45 65 43 45 65 75 69 8 43 69 75 45 75 65 69 43 75 75 91 69 45 5 8 5 8 8 65 43 45 75 45 8 8 43 45 8 65 69 8 8 45 8 5 45 45 8 5 75 65 65 45 65 75 91 45 69 43 91 5 5 65 43 75 45 43 43 75 45 69 8 8 69 69 65 5 45 69 45 8 75 5 69 65 5 5 43 91 5 65 43 8 5 91 69 45 45 43 45 45 69 8 8 91 45 43 5 43 65 69 65 69 8 75 91 75 75 43 75 43 8 75 8 45 43 45 91 5 45 43 5 8 75 65 91 75 45 91 43 69 75 69 69 91 5 65 69 69 91 45 8 8 75 75 75 8 43 69 69 65 69 65 75 69 8 45 75 91 43 69 75 45 45 91 69 5 65 43 65 45 65 75 8 69 5 69 5 91 65 65 45 65 65 43 5 5 45 8 5 69 45 45 69 69 65 43 69 91 8 43 91 69 45 75 65 91 43 43 5 43 65 65 65 69 69 8 45 69 5 75 65 5 8 43 69 69 91 69 5 5 45 43 43 65 45 69 75 43 69 43 5 75 5 69 43 8 65 91 43 75 43 45 69 69 91 65 43 69 43 8 5 8 65 69 69 5 8 75 43 91 5 45 65 45 45 5 65 69 69 75 75 69 43 65 65 43 65 69 91 8 75 5 43 43 65 69 69 75 69 43 65 91 75 5 75 5 45 8 69 69 8 43 65 69 69 45 75 69 45 43 5 45 5 43 65 75 5 5 69 5 43 91 65 65 8 65 65 8 65 69 43 75 65 69 8 5 65 69 65 8 75 69 69 8 5 8 43 5 43 69 45 43 5 65 69 45 43 69 8 8 45 69 75 75 
  Facilities: 8
 5 : 11 22 23 24 33 34 40 47 49 51 53 62 75 86 88 89 104 107 111 120 123 141 155 158 164 170 172 185 186 194 195 205 217 227 244 246 255 260 261 263 264 267 268 274 287 294 295 296 300 309 323 342 361 376 385 386 432 435 437 439 472 501 521 524 529 531 548 552 571 575 585 589 601 614 638 640 659 663 675 676 691 697 700 701 704 708 722 743 746 760 791 800 802 810 811 814 834 844 847 854 855 866 868 886 891 896 901 917 929 931 946 948 952 953 955 971 980 983 988
 8 : 5 14 35 38 42 52 54 94 106 108 115 116 117 121 142 156 161 163 166 198 206 211 212 213 220 240 259 278 284 292 298 303 304 307 312 324 333 334 340 352 356 358 363 365 371 372 392 398 402 405 413 453 458 482 483 485 500 502 505 506 508 534 541 547 558 564 566 577 593 605 612 624 639 641 642 648 649 652 655 656 658 662 686 687 695 707 717 718 728 736 738 747 766 767 771 780 798 813 824 841 848 871 885 887 892 915 933 936 960 963 970 975 979 981 994 995
 43 : 9 15 21 36 37 59 66 71 78 85 87 90 97 103 114 118 122 124 128 129 143 149 152 153 157 160 171 180 184 187 188 193 197 224 226 228 233 234 256 262 271 273 276 277 281 285 286 308 313 317 332 337 374 391 394 399 403 407 415 417 424 433 457 473 476 491 492 493 520 523 538 544 545 551 554 576 580 584 591 594 599 600 602 611 619 625 632 644 650 673 678 681 682 702 706 713 721 723 733 735 740 745 754 772 784 793 809 821 825 832 833 835 849 857 858 863 865 870 874 876 882 884 894 908 911 918 919 925 937 945 949 956 966 982 984 987 992
 45 : 1 4 16 25 31 32 63 69 82 83 95 96 131 134 144 150 154 169 182 189 200 202 222 239 243 245 251 288 311 327 335 341 345 353 354 359 364 380 382 393 395 410 416 418 422 423 425 428 441 442 449 452 466 469 475 487 488 495 507 518 519 550 563 573 574 578 581 582 604 610 617 620 628 637 645 647 651 657 660 661 667 671 680 684 692 694 711 712 714 715 720 739 741 744 752 765 781 787 788 795 806 812 816 817 828 842 856 860 877 897 899 900 932 941 944 947 986 991 996
 65 : 3 8 17 19 29 39 43 44 46 48 57 64 70 72 74 76 77 80 91 101 109 119 125 126 130 133 139 151 162 173 191 192 201 207 208 214 221 223 229 232 237 238 241 249 250 257 265 270 275 289 291 293 314 318 325 326 328 336 350 360 362 368 370 375 404 409 412 419 420 421 426 436 438 440 443 445 446 447 459 463 465 470 477 479 480 481 490 496 504 512 525 526 528 533 536 543 553 555 556 559 565 569 587 588 590 595 596 597 606 616 618 621 630 643 653 665 666 668 677 690 699 705 724 726 749 761 775 777 792 794 796 804 805 807 808 820 830 836 837 838 846 859 872 881 888 898 902 909 910 912 920 926 938 950 958 959 961 962 964 968 972 974 989
 69 : 0 6 20 26 55 58 60 61 68 73 81 84 100 105 110 112 113 137 140 175 176 177 178 181 190 196 203 210 215 219 235 236 248 269 280 282 283 301 305 316 319 346 355 357 367 378 379 381 383 384 388 390 396 400 401 408 411 414 427 430 431 448 456 461 462 464 468 474 484 509 511 513 514 516 517 532 535 546 549 560 568 572 586 598 603 613 615 623 626 631 636 654 672 685 688 689 693 698 710 716 725 727 755 757 758 762 763 773 774 776 779 785 790 799 801 815 818 819 822 827 839 840 843 850 851 853 861 864 869 878 879 883 889 890 903 904 907 913 921 922 924 934 935 939 940 943 954 965 969 973 977 978 985 990 993 997
 75 : 7 10 12 13 30 41 50 67 79 93 102 127 135 136 138 147 148 159 165 168 174 179 183 204 209 216 218 230 242 247 252 253 254 258 272 297 302 306 310 320 321 329 338 339 344 347 351 387 389 397 444 450 451 455 460 467 478 498 499 515 522 527 530 537 540 557 562 570 579 583 592 607 608 609 622 627 629 633 634 646 664 669 679 683 696 729 731 732 734 737 748 751 756 768 769 770 778 782 786 797 829 845 862 867 875 893 905 906 916 923 928 930 942 951 967 976 998 999
 91 : 2 18 27 28 45 56 65 92 98 99 132 145 146 167 199 225 231 266 279 290 299 315 322 330 331 343 348 349 366 369 373 377 406 429 434 454 471 486 489 494 497 503 510 539 542 561 567 635 670 674 703 709 719 730 742 750 753 759 764 783 789 803 823 826 831 852 873 880 895 914 927 957
SOLUTION:
  Value: -12315751.930430
  Assigns: 69 45 91 65 45 8 69 75 65 99 75 5 75 75 8 99 45 65 91 65 69 99 5 5 5 45 69 91 91 65 75 45 45 5 5 8 99 99 8 65 5 75 8 65 65 91 65 5 65 5 75 5 8 5 8 69 91 65 69 99 69 69 5 45 65 91 99 75 69 45 65 99 65 69 65 5 65 65 99 75 65 69 45 45 69 99 5 69 5 5 69 65 91 75 8 45 45 99 91 91 69 65 75 99 5 69 8 5 8 65 69 5 69 69 99 8 8 8 99 65 5 8 99 5 99 65 65 75 99 65 65 45 91 65 45 75 75 69 75 99 69 5 8 8 45 91 91 75 75 99 45 65 99 99 45 5 99 99 5 75 99 99 65 99 5 75 8 91 75 45 5 99 5 65 75 69 69 69 69 75 99 69 45 75 99 5 5 99 69 45 69 65 65 8 5 5 69 99 8 91 45 65 45 69 75 5 8 65 65 75 69 99 8 8 65 69 75 5 75 69 8 65 45 65 99 91 99 5 99 65 75 91 65 99 99 69 69 65 65 45 8 65 75 45 5 45 5 75 69 65 65 45 75 75 75 5 8 65 75 8 5 5 99 5 5 65 91 5 5 69 65 99 75 99 5 65 99 99 8 91 69 99 69 69 8 8 99 5 45 65 91 65 8 65 5 5 5 75 8 91 5 69 75 8 8 69 75 8 99 5 75 45 8 99 65 91 69 99 65 69 75 75 91 5 8 65 65 45 65 75 91 91 99 99 8 45 65 99 75 75 8 45 5 91 75 45 69 75 91 91 65 75 8 45 45 69 8 69 8 45 65 5 65 8 45 8 91 69 65 91 65 8 8 91 99 65 5 91 69 69 45 69 45 69 69 5 5 75 69 75 69 99 8 45 99 45 69 75 8 99 69 69 8 69 65 8 91 99 69 65 45 69 65 8 69 99 45 99 45 65 65 99 45 45 99 45 65 69 45 91 69 69 5 99 91 5 65 5 65 5 65 45 45 65 75 65 65 65 69 45 75 75 45 8 91 75 69 99 8 65 75 69 69 65 69 65 45 75 69 45 65 91 5 99 69 45 99 65 75 65 65 65 8 8 69 8 91 45 45 91 99 99 99 99 91 45 65 91 75 75 8 5 8 91 65 8 8 45 8 69 91 69 99 69 69 75 69 69 45 45 99 5 75 99 5 65 65 75 65 5 75 5 69 65 99 69 65 75 99 91 75 8 91 65 99 99 69 99 5 69 45 99 5 65 99 65 65 75 8 65 69 91 75 45 8 65 8 91 69 65 75 5 69 45 45 5 99 8 45 75 99 45 45 75 99 5 69 65 65 5 99 99 75 8 99 65 65 65 69 99 99 5 99 69 45 8 65 75 75 75 45 69 8 69 5 69 65 45 65 99 45 65 75 69 8 99 69 75 45 75 65 69 99 75 75 91 69 45 5 8 5 8 8 65 99 45 75 45 8 99 99 45 8 65 69 8 8 45 99 5 45 45 8 5 75 65 65 45 65 75 91 45 69 99 91 5 5 65 99 75 45 99 99 75 45 69 8 8 69 69 65 5 45 69 45 8 75 5 69 65 5 5 99 91 5 65 99 8 5 91 69 45 45 99 45 45 69 8 8 91 45 99 5 69 65 69 65 69 8 75 91 75 75 69 75 99 8 75 8 45 99 45 91 5 45 99 5 8 75 65 91 75 45 91 99 69 75 69 69 91 5 99 69 69 91 45 8 8 75 75 75 8 99 69 69 65 69 65 75 69 8 45 75 91 99 69 75 45 45 91 69 5 65 99 65 45 65 75 8 69 5 69 5 91 65 65 45 65 65 69 5 5 45 8 5 69 45 45 69 69 65 99 69 91 8 99 91 69 45 75 99 91 99 99 5 99 65 65 65 69 69 8 45 69 5 75 65 5 8 99 69 69 91 69 5 5 45 99 99 65 45 69 75 99 69 99 5 75 5 69 99 8 65 91 99 75 99 45 69 69 91 65 99 69 99 8 5 99 65 69 69 5 8 75 69 91 5 45 65 45 45 5 65 69 69 75 75 69 99 65 65 99 65 69 91 8 75 5 8 99 65 69 69 75 69 99 65 91 75 5 75 5 45 8 69 69 8 99 65 69 69 45 75 69 45 99 5 45 5 99 65 75 5 5 69 5 99 91 99 65 8 65 65 8 65 69 99 75 65 69 8 5 65 69 65 8 75 69 69 8 5 8 69 5 99 69 45 8 5 65 69 45 69 69 8 8 45 69 75 75 
  Facilities: 8
 5 : 11 22 23 24 33 34 40 47 49 51 53 62 75 86 88 89 104 107 111 120 123 141 155 158 164 170 172 185 186 194 195 205 217 227 244 246 255 260 261 263 264 267 268 274 287 294 295 296 300 309 323 342 361 376 385 386 432 435 437 439 472 501 521 524 529 531 548 552 571 575 585 589 601 614 638 640 659 663 675 676 691 697 700 701 704 708 722 743 746 760 791 800 802 810 811 814 834 844 847 854 855 866 868 886 891 896 901 917 929 931 946 948 952 953 955 971 980 983 988
 8 : 5 14 35 38 42 52 54 94 106 108 115 116 117 121 142 143 166 193 198 206 212 213 220 240 256 259 278 284 285 292 298 303 304 307 312 324 334 340 352 356 358 363 365 371 372 392 398 402 405 413 453 458 482 483 485 500 502 505 506 508 541 558 564 566 577 593 605 612 624 639 641 642 648 652 655 656 662 686 687 695 707 717 718 728 736 738 747 766 767 771 780 798 813 824 841 848 871 885 892 915 918 933 936 960 963 970 975 979 981 987 994 995
 45 : 1 4 16 25 31 32 63 69 82 83 95 96 131 134 144 150 154 169 182 189 200 202 222 239 243 245 251 288 311 327 335 341 345 353 354 359 364 380 382 393 395 410 416 418 422 423 425 428 441 442 449 452 466 469 475 487 488 495 507 518 519 550 563 573 574 578 581 582 604 610 617 620 628 637 645 647 651 657 660 661 667 671 680 684 692 694 711 712 714 715 720 739 741 744 752 765 781 787 788 795 806 812 816 817 828 842 856 860 877 897 899 900 932 941 944 947 986 991 996
 65 : 3 8 17 19 29 39 43 44 46 48 57 64 70 72 74 76 77 80 91 101 109 119 125 126 129 130 133 151 162 173 191 192 201 207 208 214 221 223 229 232 237 238 241 249 250 257 265 270 275 289 291 293 314 318 325 326 328 336 350 360 362 368 370 375 404 409 412 419 420 426 436 438 440 443 445 446 447 459 463 465 470 477 479 480 481 496 504 525 526 528 533 536 543 553 555 556 559 565 569 587 588 595 596 597 606 616 618 621 630 643 653 665 666 668 677 690 699 705 724 726 749 775 777 792 794 796 804 805 807 808 820 836 837 838 846 859 872 881 888 898 902 909 910 912 920 926 938 950 959 961 962 964 968 972 974 989
 69 : 0 6 20 26 55 58 60 61 68 73 81 84 87 90 100 105 110 112 113 137 140 175 176 177 178 181 188 190 196 203 210 215 219 235 236 248 269 280 282 283 301 305 316 319 346 355 357 367 378 379 381 383 384 388 390 396 400 401 403 408 411 414 427 430 431 448 456 461 462 464 468 474 484 509 511 513 514 516 517 532 535 546 549 560 568 572 586 598 603 611 613 615 623 626 631 636 654 672 685 688 689 693 698 710 716 723 725 727 733 755 757 758 762 763 773 774 776 779 785 790 799 801 809 815 818 819 822 827 839 840 843 850 851 853 861 864 869 878 879 883 889 890 894 903 904 907 913 921 922 924 934 935 939 940 943 954 965 969 973 977 978 982 985 990 992 993 997
 75 : 7 10 12 13 30 41 50 67 79 93 102 127 135 136 138 147 148 159 165 168 174 179 183 204 209 216 218 230 242 247 252 253 254 258 272 297 302 306 310 320 321 329 338 339 344 347 351 387 389 397 444 450 451 455 460 467 478 498 499 515 522 527 530 537 540 557 562 570 579 583 592 607 608 609 622 627 629 633 634 646 664 669 679 683 696 729 731 732 734 737 748 751 756 768 769 770 778 782 786 797 829 845 862 867 875 893 905 906 916 923 928 930 942 951 967 976 998 999
 91 : 2 18 27 28 45 56 65 92 98 99 132 145 146 167 199 225 231 266 279 290 299 315 322 330 331 343 348 349 366 369 373 377 406 429 434 454 471 486 489 494 497 503 510 539 542 561 567 635 670 674 703 709 719 730 742 750 753 759 764 783 789 803 823 826 831 852 873 880 895 914 927 957
 99 : 9 15 21 36 37 59 66 71 78 85 97 103 114 118 122 124 128 139 149 152 153 156 157 160 161 163 171 180 184 187 197 211 224 226 228 233 234 262 271 273 276 277 281 286 308 313 317 332 333 337 374 391 394 399 407 415 417 421 424 433 457 473 476 490 491 492 493 512 520 523 534 538 544 545 547 551 554 576 580 584 590 591 594 599 600 602 619 625 632 644 649 650 658 673 678 681 682 702 706 713 721 735 740 745 754 761 772 784 793 821 825 830 832 833 835 849 857 858 863 865 870 874 876 882 884 887 908 911 919 925 937 945 949 956 958 966 984
SOLUTION:
  Value: -12360438.792160
  Assigns: 69 45 91 65 45 8 69 75 64 64 75 5 75 75 8 8 45 64 91 65 69 69 5 5 5 45 69 91 91 65 75 45 45 5 5 8 64 64 8 65 5 75 8 64 64 91 65 5 65 5 75 5 8 5 8 64 91 65 69 65 69 64 5 45 65 91 8 75 69 45 65 64 65 69 65 5 64 65 64 75 65 64 45 45 69 64 5 64 5 5 64 65 91 75 8 45 45 8 91 91 69 65 75 64 5 69 8 5 8 65 69 5 64 64 65 8 8 8 64 64 5 8 8 5 8 65 65 75 64 64 65 45 91 64 45 75 75 69 75 65 69 5 8 8 45 91 91 75 75 8 45 65 8 64 45 5 8 8 64 75 64 8 65 8 5 75 8 91 75 45 5 64 64 65 75 69 69 69 69 75 64 69 45 75 8 5 5 8 64 45 69 64 65 8 5 5 69 64 8 91 45 64 45 69 75 5 8 64 64 75 69 8 8 8 65 69 75 5 75 69 8 65 45 65 8 91 65 64 64 65 75 91 65 65 8 64 64 65 65 45 8 65 75 45 5 45 5 75 69 64 65 45 75 75 75 5 8 65 75 8 64 5 64 5 5 65 91 5 5 69 65 64 75 8 5 64 8 64 8 91 69 64 69 69 8 8 64 5 45 65 91 64 8 65 64 5 64 75 8 91 5 69 75 8 8 69 75 8 64 5 75 45 8 64 65 91 69 64 65 69 75 75 91 5 8 65 65 45 64 75 91 91 64 8 8 45 65 64 75 75 8 45 5 91 75 45 69 75 91 91 65 75 8 45 45 69 8 64 8 45 65 5 64 8 45 8 91 69 64 91 64 8 8 91 64 65 5 91 69 69 45 69 45 69 69 64 5 75 69 75 64 64 8 45 64 45 64 75 8 65 64 69 8 69 64 8 91 64 69 65 45 69 65 8 64 8 45 64 45 65 65 65 45 45 64 45 65 69 45 91 69 69 5 64 91 5 65 5 65 5 65 45 45 65 75 65 65 65 69 45 75 75 45 8 91 75 69 64 8 65 75 69 69 65 69 65 45 75 64 45 64 91 5 65 69 45 64 65 75 65 65 65 8 8 69 8 91 45 45 91 64 64 64 65 91 45 64 91 75 75 8 5 8 91 65 8 8 45 8 64 91 69 65 69 69 75 69 69 45 45 64 5 75 64 64 65 65 75 65 5 75 5 69 64 8 69 64 75 64 91 75 8 91 65 8 8 69 8 5 69 45 8 5 65 8 65 65 75 8 65 69 91 75 45 8 65 8 91 69 64 75 5 64 45 45 5 64 8 45 75 65 45 45 75 64 5 64 64 65 5 65 64 75 8 64 65 65 65 64 8 8 5 8 69 45 8 64 75 75 75 45 64 8 69 5 64 65 45 65 8 45 65 75 69 8 64 69 75 45 75 65 64 8 75 75 91 64 45 5 8 5 8 8 65 64 45 75 45 8 8 65 45 8 64 69 8 8 45 8 5 45 45 8 5 75 64 64 45 65 75 91 45 64 8 91 5 5 64 64 75 45 65 64 75 45 69 8 8 69 69 64 5 45 64 45 8 75 5 69 65 5 5 64 91 5 65 64 8 5 91 69 45 45 64 45 45 69 8 8 91 45 8 5 64 65 69 65 64 8 75 91 75 75 64 75 64 8 75 8 45 8 45 91 5 45 64 5 8 75 65 91 75 45 91 8 69 75 69 69 91 5 65 64 69 91 45 8 8 75 75 75 8 64 69 64 64 69 65 75 69 8 45 75 91 65 64 75 45 45 91 69 5 64 64 64 45 64 75 8 69 5 69 5 91 65 65 45 65 65 64 5 5 45 8 5 69 45 45 69 64 65 64 69 91 8 64 91 69 45 75 65 91 64 64 5 8 65 64 65 69 64 8 45 69 5 75 64 5 8 64 64 69 91 69 5 64 45 8 65 65 45 64 75 65 64 64 64 75 5 69 64 8 65 91 64 75 64 45 69 69 91 65 64 69 8 8 5 8 64 64 64 5 8 75 64 91 5 45 65 45 45 5 65 69 64 75 75 69 8 65 65 64 65 64 91 8 75 5 8 64 65 69 64 75 64 8 65 91 75 5 75 5 45 8 69 69 8 64 65 64 64 45 75 69 45 8 5 45 5 8 64 75 5 5 69 5 8 91 64 64 8 65 65 8 65 64 8 75 65 64 8 5 64 64 65 8 75 69 69 8 5 8 69 5 65 69 45 8 5 65 69 45 69 69 8 8 45 69 75 75 
  Facilities: 8
 5 : 11 22 23 24 33 34 40 47 49 51 53 62 75 86 88 89 104 107 111 120 123 141 155 164 170 185 186 194 195 205 217 244 246 255 261 263 264 267 268 274 287 295 300 309 323 342 361 376 386 432 435 437 439 472 501 521 529 531 548 552 571 575 585 589 601 614 638 640 659 663 675 676 691 697 700 701 704 708 722 743 746 760 791 800 802 810 811 814 834 844 847 854 868 886 891 896 901 917 929 931 946 948 952 953 955 971 980 983 988
 8 : 5 14 15 35 38 42 52 54 66 94 97 106 108 115 116 117 121 122 124 142 143 149 152 156 157 161 163 166 184 187 193 198 206 211 212 213 220 224 234 240 256 259 273 276 278 284 285 292 298 303 304 307 312 324 333 334 340 352 356 358 363 365 371 372 392 398 402 405 413 415 453 458 482 483 485 500 502 505 506 508 534 541 544 545 547 551 554 558 564 566 577 593 599 600 602 605 612 619 624 632 639 641 642 648 649 652 655 656 658 662 673 686 687 695 707 717 718 721 728 736 738 740 747 754 766 767 771 780 798 813 824 835 841 848 857 871 884 885 887 892 908 915 918 925 933 936 945 949 956 960 963 966 970 975 979 981 987 994 995
 45 : 1 4 16 25 31 32 63 69 82 83 95 96 131 134 144 150 154 169 182 189 200 202 222 239 243 245 251 288 311 327 335 341 345 353 354 359 364 380 382 393 395 410 416 418 422 423 425 428 441 442 449 452 466 469 475 487 488 495 507 518 519 550 563 573 574 578 581 582 604 610 617 620 628 637 645 647 651 657 660 661 667 671 680 684 692 694 711 712 714 715 720 739 741 744 752 765 781 787 788 795 806 812 816 817 828 842 856 860 877 897 899 900 932 941 944 947 986 991 996
 64 : 8 9 17 36 37 43 44 55 61 71 76 78 81 85 87 90 103 112 113 118 119 128 129 133 153 158 160 171 172 180 188 191 197 201 207 208 227 228 235 236 249 260 262 271 275 277 281 286 291 294 296 308 313 317 328 332 337 357 362 368 370 374 385 390 391 394 396 400 404 407 414 417 424 433 457 468 470 476 490 491 492 496 509 520 523 524 533 536 538 569 572 576 584 586 587 591 594 598 606 611 615 625 631 636 644 653 665 666 672 677 678 682 690 693 702 706 713 723 727 733 735 745 762 772 774 775 785 792 793 794 796 809 819 821 825 832 833 837 840 846 849 850 855 861 864 865 866 870 874 876 882 888 889 890 894 904 911 913 919 922 924 937 939 940 950 958 959 965 969 972 973
 65 : 3 19 29 39 46 48 57 59 64 70 72 74 77 80 91 101 109 114 125 126 130 139 151 162 173 192 214 221 223 226 229 232 233 237 238 241 250 257 265 270 289 293 314 318 325 326 336 350 360 375 399 409 412 419 420 421 426 436 438 440 443 445 446 447 459 463 465 473 477 479 480 481 493 504 512 525 526 528 543 553 555 556 559 565 580 588 590 595 596 597 616 618 621 630 643 650 668 681 699 705 724 726 749 761 777 784 804 805 807 808 820 830 836 838 858 859 863 872 881 898 902 909 910 912 920 926 938 961 962 964 968 974 984 989
 69 : 0 6 20 21 26 58 60 68 73 84 100 105 110 137 140 175 176 177 178 181 190 196 203 210 215 219 248 269 280 282 283 301 305 316 319 346 355 367 378 379 381 383 384 388 401 403 408 411 427 430 431 448 456 461 462 464 474 484 511 513 514 516 517 532 535 546 549 560 568 603 613 623 626 654 685 688 689 698 710 716 725 755 757 758 763 773 776 779 790 799 801 815 818 822 827 839 843 851 853 869 878 879 883 903 907 921 934 935 943 954 977 978 982 985 990 992 993 997
 75 : 7 10 12 13 30 41 50 67 79 93 102 127 135 136 138 147 148 159 165 168 174 179 183 204 209 216 218 230 242 247 252 253 254 258 272 297 302 306 310 320 321 329 338 339 344 347 351 387 389 397 444 450 451 455 460 467 478 498 499 515 522 527 530 537 540 557 562 570 579 583 592 607 608 609 622 627 629 633 634 646 664 669 679 683 696 729 731 732 734 737 748 751 756 768 769 770 778 782 786 797 829 845 862 867 875 893 905 906 916 923 928 930 942 951 967 976 998 999
 91 : 2 18 27 28 45 56 65 92 98 99 132 145 146 167 199 225 231 266 279 290 299 315 322 330 331 343 348 349 366 369 373 377 406 429 434 454 471 486 489 494 497 503 510 539 542 561 567 635 670 674 703 709 719 730 742 750 753 759 764 783 789 803 823 826 831 852 873 880 895 914 927 957
SOLUTION:
  Value: -12510574.150530
  Assigns: 87 45 91 58 45 18 87 13 58 43 13 98 13 13 24 24 45 23 98 58 87 24 91 91 23 45 87 91 91 18 13 45 45 91 98 18 43 24 18 58 23 13 24 23 58 91 58 98 58 98 13 23 24 98 18 23 91 58 87 43 87 87 23 45 58 91 24 13 87 98 58 43 58 87 18 98 58 58 43 13 58 87 45 45 23 43 91 43 98 91 43 58 91 13 18 45 45 18 91 91 87 58 13 43 98 23 18 98 18 58 87 23 23 23 43 24 24 18 43 58 98 18 43 91 24 18 18 13 43 43 58 45 91 23 45 13 13 87 13 18 87 91 18 24 98 91 98 13 13 43 45 98 24 43 45 98 18 24 23 13 43 18 58 18 98 13 18 91 13 45 98 58 23 18 13 23 87 23 87 13 43 87 45 13 43 23 91 24 43 45 87 58 58 43 23 23 87 43 18 91 45 23 45 23 13 23 18 58 58 13 23 18 18 18 98 87 13 23 13 87 18 58 98 58 24 91 43 98 43 18 13 91 58 43 24 23 23 58 58 45 24 58 13 45 91 45 91 13 87 58 58 45 13 13 13 98 24 58 13 18 23 98 43 23 91 58 91 91 98 87 58 43 13 24 23 58 43 43 18 91 87 43 23 87 18 24 43 23 45 58 98 23 18 98 23 23 98 13 18 91 98 23 13 18 18 87 13 24 43 91 13 45 18 43 18 98 87 43 58 23 13 13 91 98 18 58 58 45 58 13 91 91 43 18 18 45 18 43 13 13 18 98 98 91 13 45 87 13 91 98 18 13 18 45 45 87 18 87 24 45 58 98 58 18 45 18 91 87 58 91 58 18 18 91 43 58 98 91 87 87 45 87 45 87 23 23 98 13 87 13 23 43 18 45 43 13 87 13 18 43 23 23 18 43 58 18 98 43 87 58 45 87 58 18 23 43 98 43 45 58 58 18 45 45 43 45 58 87 45 91 87 87 23 43 91 98 43 98 58 23 58 98 45 58 13 58 58 45 87 45 13 13 45 18 91 13 87 43 18 58 13 87 87 58 87 18 45 13 23 98 58 91 23 43 87 45 24 58 13 98 58 13 18 18 87 18 91 45 98 91 58 43 43 43 91 45 58 98 13 13 18 98 18 91 58 18 13 45 18 43 91 87 43 23 87 13 23 87 45 45 43 91 13 24 23 58 13 13 58 23 13 91 87 58 24 87 58 13 43 91 13 18 98 58 24 43 87 18 98 87 98 43 91 58 43 98 58 13 18 18 87 98 13 45 18 98 18 91 23 58 13 98 23 98 98 98 43 24 45 13 43 45 45 13 43 98 43 58 58 91 18 43 13 18 43 58 18 13 43 43 18 98 43 87 45 18 58 13 13 13 45 58 18 87 23 23 18 45 58 24 45 58 13 87 18 43 23 13 45 13 58 23 24 13 13 91 23 98 98 18 98 18 13 98 43 45 13 45 18 24 43 45 18 23 87 18 18 98 24 91 45 45 18 98 13 58 23 45 13 13 91 45 43 24 91 23 91 58 43 13 45 43 43 13 45 87 18 18 87 87 23 23 45 87 45 24 13 91 87 18 98 98 58 91 98 13 43 24 98 91 23 45 45 43 45 45 87 18 18 91 45 43 98 43 58 87 58 43 24 13 91 13 13 43 13 24 18 13 18 45 24 45 91 98 45 43 98 18 13 58 91 13 45 91 24 87 13 87 87 91 23 18 23 87 91 45 18 18 13 13 13 18 43 87 23 58 23 45 13 23 18 45 13 91 43 87 13 45 45 91 87 23 23 43 58 45 58 13 24 87 23 87 23 91 58 58 45 58 58 43 98 98 98 18 98 87 45 45 87 23 58 43 87 91 13 43 91 87 45 13 18 91 43 24 23 24 45 58 58 87 23 18 58 87 23 13 58 98 18 43 23 23 91 23 23 23 45 24 18 58 98 23 13 43 87 43 23 13 91 87 58 18 58 98 43 13 43 98 87 87 91 58 43 87 24 18 98 18 58 23 23 23 18 13 43 91 98 45 18 45 45 23 13 87 23 18 13 23 43 58 58 43 58 23 98 18 13 91 24 43 13 87 23 13 23 24 98 91 13 98 13 23 98 18 87 87 18 43 58 23 23 45 13 87 45 24 98 45 23 24 58 13 23 91 87 98 24 91 43 58 18 98 18 18 58 23 24 13 58 23 18 98 58 23 58 18 13 87 87 18 23 18 43 23 43 87 45 24 91 58 87 98 24 87 18 18 45 87 13 13 
  Facilities: 10
 13 : 7 10 12 13 30 41 50 67 79 93 102 127 135 136 138 147 148 159 165 168 174 179 183 204 209 216 218 230 242 247 252 253 254 258 272 297 302 306 310 320 321 329 338 339 344 347 351 387 389 395 397 444 450 451 455 460 467 478 481 498 499 506 515 522 526 527 530 537 540 557 562 570 579 583 592 597 607 608 609 622 627 629 633 634 642 646 664 668 669 679 683 696 705 729 731 732 734 737 748 751 756 768 769 770 778 782 786 797 824 829 845 862 867 875 893 902 906 916 920 923 928 930 942 951 967 976 998 999
 18 : 5 29 35 38 54 74 94 97 106 108 117 121 125 126 139 142 156 161 163 166 173 198 206 211 212 213 220 229 259 278 284 292 298 303 304 312 314 324 333 334 336 340 350 352 356 363 365 371 372 392 398 402 405 413 421 453 458 465 482 483 485 500 502 505 508 541 547 558 559 564 566 590 593 596 600 605 612 616 624 639 641 648 652 655 656 662 686 687 699 717 718 736 738 747 761 766 767 771 780 813 830 841 848 858 871 885 887 892 898 905 915 933 936 960 962 963 970 975 979 981 994 995
 23 : 17 24 40 43 51 55 62 84 105 111 112 113 133 158 172 175 177 185 194 195 201 203 205 210 217 235 236 260 263 274 282 287 291 294 295 301 319 384 385 390 400 401 414 432 439 468 472 513 516 524 529 568 572 614 615 626 631 636 653 666 675 690 691 710 760 762 774 776 779 791 792 800 802 819 834 840 844 850 851 853 854 855 861 866 889 890 891 901 904 907 913 922 924 931 939 940 948 952 965 969 973 980 983
 24 : 14 15 21 37 42 52 66 115 116 124 143 152 157 187 224 234 240 256 273 285 307 358 476 523 534 544 577 619 632 649 658 673 695 707 728 735 740 754 798 833 835 857 884 918 925 945 949 956 966 987 992
 43 : 9 36 59 71 78 85 87 90 103 114 118 122 128 129 149 153 160 180 184 188 193 197 226 228 233 262 271 276 277 281 286 308 313 317 332 337 374 391 394 399 403 407 415 417 424 433 436 457 473 491 492 493 509 512 520 538 545 551 554 576 580 584 586 591 594 598 599 602 625 644 650 672 678 681 682 706 713 721 723 727 733 745 772 784 793 809 821 825 832 849 863 865 874 876 882 894 908 911 919 937 958 982 984
 45 : 1 4 16 25 31 32 63 82 83 95 96 131 134 150 154 169 182 189 200 202 239 243 245 251 288 311 327 335 345 353 354 359 364 380 382 393 410 418 422 423 425 428 442 447 449 452 466 475 487 495 507 518 519 563 578 581 582 604 610 617 620 628 645 647 651 660 661 667 671 680 684 692 694 711 712 714 715 720 739 741 744 752 765 777 781 787 788 795 806 816 817 828 836 856 897 899 900 941 944 947 986 996
 58 : 3 8 19 39 44 46 48 57 64 70 72 76 77 80 91 101 109 119 130 162 171 191 192 207 208 221 223 232 237 238 241 249 250 257 265 270 275 289 318 325 326 328 360 362 368 370 375 404 409 412 419 420 426 438 440 443 445 446 459 463 470 477 480 490 496 504 525 528 533 536 543 553 556 569 587 588 595 606 611 618 621 630 665 677 702 724 726 749 775 794 796 804 805 807 808 820 837 838 842 846 859 870 872 881 888 909 910 912 938 950 959 964 968 972 974 989
 87 : 0 6 20 26 58 60 61 68 73 81 100 110 137 140 176 178 181 190 196 215 219 248 269 280 283 305 316 346 355 357 367 378 379 381 383 388 396 408 411 427 430 431 448 456 461 462 464 474 484 511 514 517 532 535 546 549 560 603 613 623 654 685 688 689 693 698 716 725 755 757 758 763 773 785 790 799 801 815 818 822 827 839 843 864 869 878 879 883 903 921 934 935 943 954 977 978 985 990 993 997
 91 : 2 22 23 27 28 33 45 56 65 86 89 92 98 99 123 132 141 145 167 186 199 225 231 244 246 264 266 267 279 299 309 322 330 331 343 348 366 369 373 377 429 434 454 471 486 489 494 503 510 521 531 539 552 567 589 635 659 670 674 676 697 703 709 719 730 742 750 753 759 764 783 789 803 823 826 831 852 868 880 895 917 927 953 957 988
 98 : 11 18 34 47 49 53 69 75 88 104 107 120 144 146 151 155 164 170 214 222 227 255 261 268 290 293 296 300 315 323 341 342 349 361 376 386 406 416 435 437 441 469 479 488 497 501 542 548 550 555 561 565 571 573 574 575 585 601 637 638 640 643 657 663 700 701 704 708 722 743 746 810 811 812 814 847 860 873 877 886 896 914 926 929 932 946 955 961 971 991
SOLUTION:
  Value: -12514968.477850
  Assigns: 69 55 51 55 55 8 69 9 89 89 9 51 9 55 8 89 55 31 51 55 69 89 51 51 31 55 69 51 51 55 9 55 55 51 51 8 89 89 8 89 51 9 8 31 89 51 51 51 55 51 9 31 8 51 8 31 51 89 69 89 69 69 31 55 55 51 89 9 69 51 89 89 55 69 89 51 89 51 89 55 55 69 55 55 31 89 51 89 51 51 69 89 51 9 8 55 55 89 51 51 69 51 55 89 51 31 8 51 8 55 69 31 31 31 89 8 8 8 89 51 51 8 89 51 89 55 89 9 89 89 89 9 51 31 55 9 9 69 55 89 69 51 8 8 55 51 51 55 55 89 55 51 89 89 55 51 8 89 51 9 89 8 55 8 51 9 8 51 9 9 51 89 51 8 9 31 69 31 69 55 89 69 55 9 89 51 51 89 89 9 69 89 89 8 51 31 69 89 8 51 9 31 9 31 9 51 8 89 89 55 31 89 8 8 55 69 9 51 8 69 8 89 51 51 89 51 89 51 89 55 9 51 55 89 8 31 31 55 55 55 8 55 9 55 51 55 51 9 69 89 55 9 9 9 55 51 8 89 9 8 31 51 89 31 51 55 51 51 51 69 89 89 55 89 51 89 89 89 8 51 69 89 31 69 8 8 89 51 55 89 51 51 8 51 31 31 51 9 8 51 51 31 9 8 8 69 9 8 89 51 55 55 8 89 55 51 69 89 55 31 9 9 51 51 8 55 55 55 31 9 51 51 89 89 8 55 55 89 8 9 8 51 51 51 55 9 69 55 51 51 55 9 8 55 55 69 8 69 8 55 89 51 89 8 55 8 51 69 89 51 51 55 8 51 89 55 51 51 69 69 55 69 55 69 69 31 51 9 69 55 69 89 8 55 89 55 69 9 8 89 31 31 8 69 89 8 51 89 69 55 55 69 51 8 31 8 51 89 55 55 55 89 55 55 89 51 55 69 51 51 69 31 51 89 51 51 89 51 51 31 55 55 55 55 9 55 55 55 69 55 9 9 55 8 51 9 69 89 8 89 55 69 69 55 69 89 55 9 31 51 31 51 51 89 69 55 89 55 9 51 89 55 8 8 69 8 51 55 51 51 89 89 89 89 51 9 51 51 55 55 8 51 8 51 89 8 8 9 8 69 51 69 89 31 69 9 31 69 55 55 89 51 9 89 31 89 55 9 55 51 9 51 69 51 8 69 89 55 89 51 9 8 51 89 8 89 69 8 51 69 51 89 51 55 89 51 89 9 8 89 69 51 9 55 8 51 8 51 31 89 9 51 31 51 51 51 89 8 55 9 89 55 55 9 89 51 69 51 55 51 89 89 55 8 89 55 55 55 69 89 89 51 89 69 55 8 89 55 9 9 55 89 8 69 51 69 89 55 55 8 55 55 9 69 8 89 31 55 55 9 89 31 8 9 9 51 31 51 51 8 51 8 55 51 89 9 9 55 8 8 89 55 8 31 69 8 55 51 8 51 55 55 8 51 55 89 51 55 55 9 51 55 89 89 51 31 51 51 89 9 55 89 89 9 55 69 8 8 69 69 31 51 55 69 55 8 9 51 69 55 51 51 89 51 51 55 89 8 51 51 31 55 55 89 55 55 69 8 8 51 55 89 51 89 51 31 51 69 8 9 51 9 9 89 9 89 8 9 8 55 8 55 51 51 55 89 51 8 9 55 51 9 55 51 8 69 9 69 69 51 31 89 31 69 51 55 8 8 9 9 9 55 89 69 31 89 31 55 9 31 8 51 55 51 89 69 9 9 55 51 69 51 51 89 89 55 51 9 8 69 51 69 51 51 55 55 55 55 55 89 51 51 51 8 51 69 55 55 69 31 55 89 69 51 8 89 51 69 9 9 8 51 89 89 51 89 55 89 89 69 31 8 55 69 31 55 31 51 8 89 31 31 51 31 51 31 9 89 89 55 51 31 9 89 69 89 31 9 51 69 89 8 55 51 89 8 89 51 69 31 51 55 89 69 89 8 51 8 31 31 31 51 8 9 69 51 51 55 55 9 55 31 55 69 69 55 9 31 89 55 55 89 55 31 51 8 8 51 8 89 55 69 69 9 31 8 51 51 9 51 55 51 51 8 69 69 8 89 55 31 89 55 9 69 55 89 51 55 31 89 51 9 51 51 69 51 89 51 89 89 8 51 55 8 55 69 89 9 89 31 8 51 51 69 55 8 55 69 69 8 31 8 89 51 89 69 51 8 51 89 69 51 89 31 8 8 55 69 9 9 
  Facilities: 7
 8 : 5 14 35 38 42 52 54 94 106 108 115 116 117 121 142 143 156 161 163 166 173 193 198 206 212 213 218 220 234 240 256 259 278 284 285 292 298 303 304 307 312 324 334 338 340 352 356 358 363 365 372 392 398 402 405 413 415 453 458 482 483 485 500 502 505 506 508 534 541 544 547 558 564 566 577 593 605 612 619 624 632 639 641 648 649 652 655 658 662 686 687 695 707 717 718 728 736 738 740 747 754 766 767 780 798 813 824 830 841 848 871 875 885 887 892 915 916 918 925 933 936 960 963 970 975 979 981 987 994 995
 9 : 7 10 12 30 41 50 67 93 127 131 135 136 159 165 168 169 174 183 189 200 202 204 216 230 242 247 251 252 253 258 297 302 306 320 321 329 339 345 351 387 397 444 450 451 455 467 478 495 507 515 522 527 530 540 557 562 570 579 583 608 609 622 629 633 634 645 646 669 679 683 696 729 731 732 734 737 748 751 756 768 769 770 778 786 787 797 828 829 856 862 867 893 899 906 923 928 942 951 967 998 999
 31 : 17 24 43 51 55 62 84 105 111 112 113 133 175 177 195 201 203 210 235 236 260 263 282 294 295 301 319 328 385 400 401 414 431 439 468 470 513 516 524 568 572 626 631 636 653 675 690 710 725 760 762 774 776 779 819 840 844 846 850 851 853 855 861 866 879 888 889 890 901 907 913 924 939 948 969 980 993
 51 : 2 11 18 22 23 27 28 33 34 40 45 46 47 49 53 56 65 69 75 77 86 88 89 92 98 99 101 104 107 119 120 123 132 141 145 146 151 155 158 164 167 170 172 185 186 194 199 205 217 222 223 225 227 231 244 246 255 261 264 266 267 268 274 279 287 290 291 293 296 299 300 309 315 322 323 330 331 341 342 343 348 349 361 366 369 370 373 376 377 386 406 412 416 425 428 429 432 434 435 437 438 454 469 471 472 479 486 488 489 494 496 497 501 503 510 521 529 531 533 539 542 548 550 552 555 561 565 567 571 573 574 575 585 587 589 601 614 635 637 638 640 643 657 659 663 666 670 674 676 677 691 697 700 701 703 704 708 709 719 722 724 726 730 742 743 746 750 753 759 764 781 783 789 791 792 796 800 802 803 810 811 812 814 823 826 831 834 847 852 854 860 868 873 877 880 886 891 895 896 914 917 926 927 929 931 932 946 950 952 953 955 957 961 971 972 983 986 988 991
 55 : 1 3 4 13 16 19 25 29 31 32 48 63 64 72 79 80 82 83 95 96 102 109 125 134 138 144 147 148 150 154 162 179 182 209 214 229 232 237 238 239 241 243 245 250 254 265 272 288 310 311 314 318 325 326 327 335 336 344 347 350 353 354 359 364 371 375 380 382 389 393 395 409 410 418 419 420 422 423 426 440 441 442 443 445 446 447 449 452 460 463 466 475 477 481 487 498 499 518 519 526 528 537 553 563 578 581 582 588 592 595 596 597 604 607 610 617 618 620 621 627 628 642 647 651 656 660 661 664 667 668 671 680 684 692 694 699 705 711 712 714 715 720 739 741 744 749 752 765 771 777 782 788 795 804 805 806 807 808 816 817 820 836 842 845 859 872 881 897 898 900 902 905 909 910 912 920 930 938 941 944 947 962 964 974 976 996
 69 : 0 6 20 26 58 60 61 68 73 81 90 100 110 137 140 176 178 181 190 196 215 219 248 269 280 283 305 316 346 355 357 367 378 379 381 383 384 388 390 396 403 408 411 427 430 448 456 461 462 464 474 484 509 511 514 517 532 535 546 549 560 586 598 603 613 615 623 654 685 688 689 693 698 716 727 755 757 758 763 773 785 790 799 801 815 818 822 827 839 843 864 869 878 883 894 903 904 921 922 934 935 943 954 965 973 977 978 985 990 997
 89 : 8 9 15 21 36 37 39 44 57 59 66 70 71 74 76 78 85 87 91 97 103 114 118 122 124 126 128 129 130 139 149 152 153 157 160 171 180 184 187 188 191 192 197 207 208 211 221 224 226 228 233 249 257 262 270 271 273 275 276 277 281 286 289 308 313 317 332 333 337 360 362 368 374 391 394 399 404 407 417 421 424 433 436 457 459 465 473 476 480 490 491 492 493 504 512 520 523 525 536 538 543 545 551 554 556 559 569 576 580 584 590 591 594 599 600 602 606 611 616 625 630 644 650 665 672 673 678 681 682 702 706 713 721 723 733 735 745 761 772 775 784 793 794 809 821 825 832 833 835 837 838 849 857 858 863 865 870 874 876 882 884 908 911 919 937 940 945 949 956 958 959 966 968 982 984 989 992
SOLUTION:
  Value: -12528875.021290
  Assigns: 69 45 91 65 45 8 69 75 35 35 75 5 75 75 8 35 45 35 91 65 69 69 5 5 5 45 69 91 91 65 75 45 45 5 5 8 69 35 8 35 5 75 8 35 35 91 65 5 65 5 75 5 8 5 8 69 91 65 69 35 69 69 5 45 65 91 8 75 69 45 35 35 65 69 65 5 35 65 35 75 65 69 45 45 69 35 5 35 5 5 69 65 91 75 8 45 45 35 91 91 69 65 75 35 5 69 8 5 8 65 69 5 69 69 35 8 8 8 35 35 5 8 8 5 8 65 65 75 35 35 35 45 91 35 45 75 75 69 75 65 69 5 8 8 45 91 91 75 75 8 45 65 8 35 45 5 8 8 5 75 35 8 65 8 5 75 8 91 75 45 5 35 35 65 75 69 69 69 69 75 69 69 45 75 8 5 5 8 69 45 69 35 35 8 5 5 69 35 8 91 45 35 45 69 75 5 8 35 35 75 69 8 8 8 65 69 75 5 75 69 8 65 45 65 8 91 35 35 35 65 75 91 65 35 8 69 69 65 65 45 8 65 75 45 5 45 5 75 69 35 65 45 75 75 75 5 8 65 75 8 5 5 35 5 5 65 91 5 5 69 65 35 75 8 5 35 8 35 8 91 69 35 69 69 8 8 35 5 45 35 91 35 8 65 5 5 35 75 8 91 5 69 75 8 8 69 75 8 35 5 75 45 8 35 65 91 69 35 65 69 75 75 91 5 8 65 65 45 35 75 91 91 69 8 8 45 65 35 75 75 8 45 5 91 75 45 69 75 91 91 65 75 8 45 45 69 8 69 8 45 35 5 35 8 45 8 91 69 35 91 35 8 8 91 69 65 5 91 69 69 45 69 45 69 69 5 5 75 69 75 69 35 8 45 35 45 69 75 8 35 69 69 8 69 35 8 91 35 69 65 45 69 35 8 35 8 45 35 45 65 65 65 45 45 35 45 65 69 45 91 69 69 5 35 91 5 35 5 35 5 65 45 45 65 75 65 65 65 69 45 75 75 45 8 91 75 69 35 8 65 75 69 69 65 69 65 45 75 35 45 35 91 5 35 69 45 35 65 75 35 35 65 8 8 69 8 91 45 45 91 35 35 35 35 91 45 65 91 75 75 8 5 8 91 35 8 8 45 8 69 91 69 35 69 69 75 69 69 45 45 35 5 75 8 35 65 65 75 65 5 75 5 69 35 8 69 35 75 35 91 75 8 91 35 8 35 69 8 5 69 45 35 5 65 8 65 65 75 8 65 69 91 75 45 8 65 8 91 69 35 75 5 69 45 45 5 35 8 45 75 35 45 45 75 35 5 69 35 65 5 65 35 75 8 35 65 65 65 69 8 8 5 35 69 45 8 35 75 75 75 45 35 8 69 5 69 65 45 65 8 45 65 75 69 8 35 69 75 45 75 35 35 8 75 75 91 69 45 5 8 5 8 8 65 69 45 75 45 8 8 35 45 8 35 69 8 8 45 8 5 45 45 8 5 75 35 35 45 65 75 91 45 69 8 91 5 5 35 35 75 45 35 35 75 45 69 8 8 69 69 35 5 45 69 45 8 75 5 69 65 5 5 35 91 5 65 69 8 5 91 69 45 45 35 45 45 69 8 8 91 45 8 5 35 35 69 35 69 8 75 91 75 75 69 75 69 8 75 8 45 8 45 91 5 45 35 5 8 75 65 91 75 45 91 8 69 75 69 69 91 5 65 35 69 91 45 8 8 75 75 75 8 35 69 35 35 69 65 75 69 8 45 75 91 65 69 75 45 45 91 69 5 35 35 35 45 35 75 8 69 5 69 5 91 65 65 45 65 65 69 5 5 45 8 5 69 45 45 69 35 65 35 69 91 8 35 91 69 45 75 65 91 35 35 5 8 65 35 35 69 69 8 45 69 5 75 35 5 8 35 35 69 91 69 5 5 45 8 65 65 45 69 75 35 69 35 5 75 5 69 35 8 65 91 35 75 35 45 69 69 91 65 35 69 8 8 5 8 35 69 69 5 8 75 69 91 5 45 65 45 45 5 65 69 69 75 75 69 8 65 65 35 65 69 91 8 75 5 8 35 65 69 69 75 69 8 65 91 75 5 75 5 45 8 69 69 8 35 65 35 35 45 75 69 45 8 5 45 5 8 35 75 5 5 69 5 8 91 35 35 8 65 65 8 65 69 8 75 35 69 8 5 35 69 65 8 75 69 69 8 5 8 69 5 35 69 45 8 5 35 69 45 69 69 8 8 45 69 75 75 
  Facilities: 8
 5 : 11 22 23 24 33 34 40 47 49 51 53 62 75 86 88 89 104 107 111 120 123 141 155 158 164 170 185 186 194 195 205 217 244 246 255 260 261 263 264 267 268 274 287 294 295 300 309 323 342 361 376 385 386 432 435 437 439 472 501 521 529 531 548 552 571 575 585 589 601 614 638 640 659 663 675 676 691 697 700 701 704 708 722 743 746 760 791 800 802 810 811 814 834 844 847 854 855 866 868 886 891 896 901 917 929 931 946 948 952 953 955 971 980 983 988
 8 : 5 14 35 38 42 52 54 66 94 106 108 115 116 117 121 122 124 142 143 149 152 156 157 161 163 166 184 187 193 198 206 211 212 213 220 224 234 240 256 259 273 276 278 284 285 292 298 303 304 307 312 324 333 334 340 352 356 358 363 365 371 372 392 398 402 405 413 415 453 458 482 483 485 500 502 505 506 508 523 534 541 544 547 554 558 564 566 577 593 599 600 605 612 619 624 632 639 641 642 648 649 652 655 656 658 662 673 686 687 695 707 717 718 721 728 736 738 740 747 754 766 767 771 780 798 813 824 835 841 848 857 871 884 885 887 892 908 915 918 925 933 936 945 949 956 960 963 966 970 975 979 981 987 994 995
 35 : 8 9 15 17 37 39 43 44 59 70 71 76 78 85 87 97 103 114 118 119 128 129 130 133 153 160 171 172 191 192 197 201 207 208 226 227 228 233 249 262 271 275 277 281 286 289 291 296 308 313 317 328 337 360 362 368 370 391 394 399 404 407 412 414 417 424 433 436 438 457 468 470 473 476 479 480 490 491 492 493 504 512 520 524 533 536 538 543 545 551 569 576 580 584 587 591 594 602 606 611 625 630 631 650 653 665 666 677 678 681 682 690 702 713 723 724 726 745 762 772 774 775 792 793 794 796 819 821 825 832 833 837 838 846 849 850 863 865 870 874 876 882 888 911 919 937 939 940 950 958 959 968 972 984 989
 45 : 1 4 16 25 31 32 63 69 82 83 95 96 131 134 144 150 154 169 182 189 200 202 222 239 243 245 251 288 311 327 335 341 345 353 354 359 364 380 382 393 395 410 416 418 422 423 425 428 441 442 449 452 466 469 475 487 488 495 507 518 519 550 563 573 574 578 581 582 604 610 617 620 628 637 645 647 651 657 660 661 667 671 680 684 692 694 711 712 714 715 720 739 741 744 752 765 781 787 788 795 806 812 816 817 828 842 856 860 877 897 899 900 932 941 944 947 986 991 996
 65 : 3 19 29 46 48 57 64 72 74 77 80 91 101 109 125 126 139 151 162 173 214 221 223 229 232 237 238 241 250 257 265 270 293 314 318 325 326 336 350 375 409 419 420 421 426 440 443 445 446 447 459 463 465 477 481 496 525 526 528 553 555 556 559 565 588 590 595 596 597 616 618 621 643 668 699 705 749 761 777 784 804 805 807 808 820 830 836 858 859 872 881 898 902 909 910 912 920 926 938 961 962 964 974
 69 : 0 6 20 21 26 36 55 58 60 61 68 73 81 84 90 100 105 110 112 113 137 140 175 176 177 178 180 181 188 190 196 203 210 215 219 235 236 248 269 280 282 283 301 305 316 319 332 346 355 357 367 374 378 379 381 383 384 388 390 396 400 401 403 408 411 427 430 431 448 456 461 462 464 474 484 509 511 513 514 516 517 532 535 546 549 560 568 572 586 598 603 613 615 623 626 636 644 654 672 685 688 689 693 698 706 710 716 725 727 733 735 755 757 758 763 773 776 779 785 790 799 801 809 815 818 822 827 839 840 843 851 853 861 864 869 878 879 883 889 890 894 903 904 907 913 921 922 924 934 935 943 954 965 969 973 977 978 982 985 990 992 993 997
 75 : 7 10 12 13 30 41 50 67 79 93 102 127 135 136 138 147 148 159 165 168 174 179 183 204 209 216 218 230 242 247 252 253 254 258 272 297 302 306 310 320 321 329 338 339 344 347 351 387 389 397 444 450 451 455 460 467 478 498 499 515 522 527 530 537 540 557 562 570 579 583 592 607 608 609 622 627 629 633 634 646 664 669 679 683 696 729 731 732 734 737 748 751 756 768 769 770 778 782 786 797 829 845 862 867 875 893 905 906 916 923 928 930 942 951 967 976 998 999
 91 : 2 18 27 28 45 56 65 92 98 99 132 145 146 167 199 225 231 266 279 290 299 315 322 330 331 343 348 349 366 369 373 377 406 429 434 454 471 486 489 494 497 503 510 539 542 561 567 635 670 674 703 709 719 730 742 750 753 759 764 783 789 803 823 826 831 852 873 880 895 914 927 957
SOLUTION:
  Value: -12542872.336640
  Assigns: 46 11 76 11 11 8 83 13 83 89 13 34 13 13 8 89 34 23 34 34 46 89 76 76 23 11 46 76 34 13 13 34 11 76 34 8 89 89 8 89 23 13 8 23 83 34 34 76 34 34 13 23 8 34 8 23 76 89 46 89 46 83 23 11 34 34 89 13 46 34 89 83 13 46 89 34 89 34 83 13 34 83 11 11 23 89 76 83 34 76 83 89 34 11 8 11 11 89 11 76 46 34 13 89 76 23 8 76 8 11 46 23 23 83 89 8 8 8 89 34 76 8 89 76 89 89 89 13 89 89 34 11 11 83 11 13 13 46 13 89 46 76 8 8 34 76 34 13 13 89 11 34 89 89 11 34 8 89 23 13 83 8 34 8 76 11 8 76 11 11 23 89 23 8 13 23 46 23 83 11 83 46 34 13 89 76 76 89 83 11 46 83 89 8 23 23 46 89 8 34 11 83 11 23 13 23 8 83 83 13 23 89 8 8 34 83 13 76 13 83 8 89 34 34 89 76 89 34 83 13 13 34 11 89 8 23 23 34 34 11 8 13 13 11 76 11 76 13 46 89 34 11 13 13 13 34 8 89 13 8 23 34 83 23 76 34 11 76 34 46 89 89 13 89 23 83 89 89 8 76 46 89 23 46 8 8 89 23 11 89 34 23 8 34 23 76 23 13 8 76 76 23 13 8 8 46 13 8 83 76 13 11 8 89 8 34 46 89 89 23 13 13 76 34 8 34 34 34 83 13 34 76 83 89 13 11 13 89 13 13 8 34 34 76 13 11 46 13 76 34 89 13 8 34 11 46 8 83 8 11 89 76 83 8 11 8 76 46 83 76 34 8 8 76 83 11 34 34 83 83 11 46 34 46 83 23 76 13 46 13 83 89 8 11 89 11 83 13 8 89 23 23 8 83 89 8 34 89 46 34 11 46 34 8 83 8 34 83 34 34 89 89 11 34 89 34 34 46 11 76 46 23 23 89 76 76 89 76 34 23 34 34 11 34 13 34 34 11 46 11 13 13 34 13 76 13 46 89 8 89 13 46 46 89 46 89 11 13 83 34 23 76 76 89 83 11 89 34 13 34 89 13 8 8 46 8 34 34 34 34 89 89 83 89 34 11 34 34 13 13 8 34 8 76 34 8 13 11 8 83 76 46 89 23 83 13 23 83 11 11 89 76 13 89 23 89 13 11 34 23 13 76 46 23 8 83 89 13 89 34 13 8 34 89 8 89 46 8 76 83 34 89 76 34 89 34 89 13 8 89 46 34 13 11 8 34 8 34 23 89 13 76 23 34 34 34 83 8 11 13 89 11 11 13 89 34 83 23 11 76 89 89 13 8 89 11 8 13 83 89 89 34 89 46 11 8 83 13 13 13 11 83 8 46 23 83 89 11 11 8 11 34 13 46 8 89 23 13 11 13 89 23 8 13 13 34 23 34 76 8 34 8 13 34 46 11 13 11 8 8 89 11 8 83 46 8 8 34 8 76 11 11 8 34 13 23 23 11 11 13 34 11 83 89 76 23 34 34 83 13 11 89 89 13 11 46 8 8 83 46 83 76 11 83 11 8 13 76 46 13 76 76 89 76 76 13 89 8 34 76 23 11 11 89 11 11 46 13 8 76 34 89 34 83 34 23 34 83 8 13 34 13 13 83 11 89 8 13 8 11 8 11 34 76 11 89 34 13 13 34 76 13 11 34 8 46 13 46 46 34 23 89 23 46 34 11 8 8 13 13 13 13 89 46 23 83 23 11 13 83 8 34 13 11 89 83 13 11 11 76 46 76 23 89 23 11 23 13 8 83 76 46 76 34 34 34 11 11 11 83 76 34 34 8 76 46 11 11 46 83 11 89 46 76 13 89 34 83 11 13 8 76 83 89 76 89 11 89 89 46 83 8 34 83 23 13 83 34 8 89 23 23 76 23 23 23 11 89 89 34 34 23 13 89 83 89 23 13 76 83 83 8 89 34 89 13 89 34 46 23 76 34 89 46 89 8 34 8 83 83 83 76 8 13 83 76 76 11 13 11 11 23 11 46 83 13 13 23 89 89 34 89 34 23 34 8 13 76 8 89 13 46 83 13 23 8 34 34 13 76 13 23 34 8 46 46 8 83 34 83 83 11 13 46 11 89 34 11 23 89 23 13 23 76 46 76 89 34 89 89 8 34 8 8 34 83 89 13 34 83 8 34 34 83 34 8 13 46 46 8 23 8 89 76 89 46 34 8 76 89 46 34 89 23 8 8 11 46 13 13 
  Facilities: 9
 8 : 5 14 35 38 42 52 54 94 106 108 115 116 117 121 142 143 156 161 163 166 173 193 198 206 212 213 220 234 240 256 259 278 284 285 292 298 303 304 307 312 314 324 340 352 356 358 363 365 371 372 392 398 402 405 413 415 458 482 483 485 500 502 505 508 534 541 544 547 558 564 566 577 593 596 605 612 619 624 632 639 641 648 649 652 655 656 658 662 686 687 695 707 718 728 736 738 740 754 766 767 780 798 813 830 841 848 871 885 887 892 915 918 925 933 936 960 962 963 970 975 979 981 987 994 995
 11 : 1 3 4 25 32 63 82 83 93 95 96 98 109 131 132 134 150 154 165 168 169 179 189 200 202 232 239 243 245 251 266 288 311 335 345 354 359 364 375 380 393 395 410 422 428 442 447 449 466 475 495 507 518 519 527 563 578 581 582 588 595 604 610 617 618 620 628 645 647 651 660 661 667 668 671 680 684 692 694 711 712 714 715 734 739 741 744 752 765 777 783 787 788 795 806 807 808 816 817 820 828 836 856 897 899 900 902 941 944 947 996
 13 : 7 10 12 13 29 30 41 50 67 72 79 102 127 135 136 138 147 148 159 174 183 204 209 216 218 229 230 241 242 247 252 253 254 258 272 297 302 306 310 320 321 329 334 336 338 339 344 347 351 387 389 397 444 450 451 453 455 460 467 478 481 498 499 506 515 522 526 530 537 540 557 562 570 579 583 592 597 607 608 609 622 627 629 633 634 642 646 664 669 679 683 696 699 705 717 729 731 732 737 747 748 751 756 768 769 770 771 778 782 786 797 824 829 845 862 867 875 893 898 905 906 916 920 923 928 930 942 951 967 976 998 999
 23 : 17 24 40 43 51 55 62 84 105 111 112 158 170 172 175 177 194 195 203 205 210 235 236 260 263 274 282 287 291 294 296 301 319 385 400 401 431 432 439 470 513 516 524 529 533 568 572 587 614 626 631 636 665 666 675 710 725 760 762 774 776 792 794 796 844 850 851 853 854 855 861 866 879 901 907 913 924 931 948 950 952 980 993
 34 : 11 16 18 19 28 31 34 45 46 48 49 53 64 65 69 75 77 80 88 92 101 119 130 144 146 151 155 162 182 199 214 222 223 227 231 237 238 250 255 261 265 268 290 293 315 323 325 326 327 330 341 342 349 353 370 376 377 382 406 409 412 416 418 419 423 425 426 438 440 441 443 445 446 452 469 477 479 486 487 488 489 494 496 497 501 504 528 539 542 550 553 555 561 565 567 573 574 575 585 601 621 635 637 640 643 657 663 670 676 677 708 720 722 724 726 730 742 746 749 753 759 764 781 803 804 805 811 812 826 842 847 859 860 873 877 881 886 910 912 914 926 927 932 938 946 957 961 964 968 971 972 974 986 991
 46 : 0 20 26 58 60 68 73 100 110 137 140 176 181 190 196 248 269 280 283 305 316 346 355 367 381 383 388 408 411 427 430 448 456 461 462 464 484 511 532 546 560 603 613 623 644 654 685 689 698 716 755 757 758 763 773 790 801 815 818 822 839 878 883 903 921 934 935 943 954 977 978 985 990 997
 76 : 2 22 23 27 33 47 56 86 89 99 104 107 120 123 141 145 164 167 185 186 217 225 244 246 264 267 279 295 299 300 309 322 331 343 348 361 366 369 373 386 429 434 435 437 454 471 472 503 510 521 531 548 552 571 589 638 659 674 691 697 700 701 703 704 709 719 743 750 789 791 800 802 810 814 823 831 834 852 868 880 891 895 896 917 929 953 955 983 988
 83 : 6 8 44 61 71 78 81 87 90 113 133 160 178 180 188 191 201 207 208 215 219 228 262 275 308 328 332 357 362 368 374 378 379 384 390 396 403 414 417 468 474 492 509 514 517 535 549 576 586 598 606 611 615 653 672 678 688 690 693 723 727 733 775 779 785 799 809 819 827 832 840 843 846 864 869 870 888 889 890 894 904 922 937 939 940 965 969 973
 89 : 9 15 21 36 37 39 57 59 66 70 74 76 85 91 97 103 114 118 122 124 125 126 128 129 139 149 152 153 157 171 184 187 192 197 211 221 224 226 233 249 257 270 271 273 276 277 281 286 289 313 317 318 333 337 350 360 391 394 399 404 407 420 421 424 433 436 457 459 463 465 473 476 480 490 491 493 512 520 523 525 536 538 543 545 551 554 556 559 569 580 584 590 591 594 599 600 602 616 625 630 650 673 681 682 702 706 713 721 735 745 761 772 784 793 821 825 833 835 837 838 849 857 858 863 865 872 874 876 882 884 908 909 911 919 945 949 956 958 959 966 982 984 989 992
SOLUTION:
  Value: -12548815.147000
  Assigns: 14 88 5 42 42 8 14 42 15 15 88 34 42 42 8 4 34 34 5 34 14 4 5 5 5 88 14 5 5 42 42 34 42 5 5 8 15 4 8 15 5 42 4 34 15 34 34 5 34 5 42 5 4 34 8 14 5 34 14 15 14 15 14 88 34 34 4 42 14 34 15 15 42 14 42 34 15 34 15 42 34 15 42 88 14 15 5 15 5 5 15 15 34 88 8 88 88 8 88 5 14 34 42 4 5 14 8 5 8 88 14 5 14 15 15 8 4 8 15 34 5 8 4 5 4 42 8 42 4 15 34 88 88 15 88 42 42 14 42 8 14 5 8 4 34 5 34 42 42 4 88 34 4 15 88 34 8 4 5 42 15 8 34 8 5 88 8 5 88 88 34 15 34 42 42 14 14 14 14 42 15 14 34 42 8 5 5 4 15 88 14 15 15 8 5 14 14 15 8 34 88 15 88 14 42 34 8 15 15 42 14 8 8 8 34 15 42 5 42 14 8 8 34 34 4 5 15 34 15 42 42 34 88 15 4 14 14 34 34 88 4 42 42 88 5 88 5 42 14 15 34 88 42 42 42 5 4 42 42 8 14 5 15 14 5 34 5 5 34 14 42 15 42 4 5 15 8 15 8 5 14 15 14 14 8 4 15 5 88 15 34 34 8 34 14 5 34 42 8 5 5 14 42 8 8 15 42 8 15 5 42 88 8 15 42 34 14 15 42 14 42 42 5 34 8 34 34 34 15 42 5 5 15 8 42 88 42 4 42 42 8 34 5 5 42 88 14 42 5 34 42 42 8 34 88 14 8 15 8 88 15 5 15 8 88 8 5 15 15 5 34 42 8 5 15 88 34 5 14 15 88 14 34 14 14 14 5 42 14 42 15 15 8 88 15 42 15 42 8 15 14 14 8 15 15 8 34 15 14 34 88 14 34 8 14 8 34 15 34 42 42 8 88 34 15 34 34 14 88 5 15 14 34 4 5 5 15 5 34 5 34 34 88 34 42 34 34 42 14 88 42 42 34 42 5 42 14 15 8 34 42 14 14 42 14 8 88 42 15 34 34 5 5 15 14 88 4 34 42 34 15 42 8 8 14 8 34 34 34 34 15 4 15 15 5 88 34 34 42 42 8 34 8 5 34 8 8 88 8 15 5 14 15 14 15 42 14 14 88 88 15 5 42 4 14 15 42 88 34 5 42 5 15 34 4 14 15 42 15 5 42 8 34 15 4 15 14 8 5 14 34 8 5 34 4 34 15 42 8 8 14 34 42 88 8 34 8 34 14 15 42 5 14 34 34 34 15 4 88 42 15 88 88 88 15 5 15 34 42 5 8 15 42 8 15 42 42 42 15 4 8 5 8 14 88 8 15 42 42 42 88 15 8 14 5 14 8 88 88 4 88 34 42 14 8 15 14 42 34 88 15 14 4 42 42 34 14 34 5 8 5 8 42 34 15 88 42 42 8 8 15 88 8 15 14 8 42 34 4 5 88 88 8 34 42 34 34 34 42 42 5 88 15 4 5 5 5 34 15 42 88 15 15 42 88 14 8 8 14 14 15 5 88 15 88 4 88 5 14 42 5 5 15 5 5 42 4 8 5 5 14 88 88 15 88 88 14 8 8 5 34 8 5 15 34 14 34 15 4 42 5 88 42 15 88 4 8 42 8 88 4 42 34 5 88 4 34 42 42 34 5 42 88 34 4 14 42 14 14 5 14 8 14 14 5 88 8 8 42 42 42 42 15 14 14 34 14 42 42 14 8 34 42 88 15 15 42 88 88 5 14 5 34 15 15 88 34 42 8 15 5 14 5 5 42 34 88 34 42 15 5 34 34 8 5 14 88 88 14 15 88 15 14 5 42 15 5 15 88 42 8 5 15 4 5 4 88 15 15 15 14 8 34 14 14 42 15 34 8 15 14 14 5 14 5 14 88 4 8 34 34 14 88 8 15 15 14 42 5 15 15 8 42 34 15 42 15 34 14 14 5 34 4 14 4 8 5 8 15 14 14 5 8 42 15 5 5 88 42 88 88 14 42 14 14 42 42 14 4 34 34 15 34 14 34 8 42 5 4 15 42 14 15 42 14 4 34 5 42 5 42 5 34 8 14 14 8 15 34 14 15 88 42 14 42 4 34 88 14 4 34 42 5 5 14 5 4 34 15 15 8 34 42 8 34 15 4 88 34 14 8 34 34 15 34 8 42 14 14 8 14 8 15 5 15 14 34 4 5 8 14 34 15 14 8 8 88 14 42 42 
  Facilities: 8
 4 : 15 21 37 42 52 66 103 116 122 124 128 143 149 152 157 187 224 234 240 256 273 285 337 433 476 491 523 534 544 554 577 599 619 632 658 673 695 706 728 735 740 745 754 833 835 857 882 884 908 918 925 945 949 956 966 987
 5 : 2 18 22 23 24 27 28 33 34 40 47 49 51 56 86 88 89 99 104 107 111 120 123 141 145 158 164 167 185 186 194 217 225 244 246 255 261 264 266 267 274 279 287 295 299 300 309 322 330 331 342 343 348 361 366 369 373 377 386 429 434 435 437 439 454 471 472 494 503 510 521 529 531 539 548 552 571 585 589 601 614 638 640 659 670 674 675 676 691 697 700 701 703 704 708 709 719 722 730 743 750 759 764 789 791 800 802 803 810 814 823 826 831 834 852 854 868 880 886 891 895 896 917 927 929 931 952 953 955 983 988
 8 : 5 14 35 38 54 94 97 106 108 115 117 121 126 139 142 156 161 163 166 184 193 198 206 211 212 213 220 221 259 276 278 284 292 298 303 304 307 312 324 333 340 352 356 358 363 365 372 392 398 402 405 413 415 421 458 465 482 483 485 500 502 505 506 508 541 547 551 558 559 564 566 590 593 600 602 605 612 616 624 639 641 648 649 652 655 662 686 687 707 717 718 721 736 738 761 766 767 780 798 813 830 841 848 858 863 871 885 887 892 915 933 936 960 963 970 975 979 981 989 994 995
 14 : 0 6 20 26 55 58 60 62 68 73 84 100 105 110 112 137 140 175 176 177 178 181 190 195 196 203 210 219 235 236 248 260 263 269 280 282 283 294 301 316 319 346 355 378 381 383 384 385 388 400 401 408 411 414 427 431 448 456 461 462 464 474 484 511 513 516 517 524 535 546 549 560 568 572 603 613 615 623 626 631 636 654 685 688 689 698 710 716 725 755 757 758 760 762 763 773 774 776 779 790 801 815 818 822 840 843 844 850 851 853 855 861 866 878 879 883 889 890 901 903 904 907 913 921 924 934 935 939 943 948 954 969 977 978 980 985 990 993 997
 15 : 8 9 36 39 44 59 61 70 71 76 78 81 85 87 90 91 113 114 118 129 133 153 160 171 180 188 191 192 197 201 207 208 215 226 228 233 249 262 271 275 277 281 286 289 305 308 313 317 328 332 357 360 362 367 368 374 379 390 391 394 396 399 403 404 407 417 424 430 436 457 468 473 480 490 492 493 509 512 514 520 525 532 536 538 543 545 556 569 576 580 584 586 591 594 598 606 611 625 630 644 650 653 672 678 681 682 690 693 702 713 723 727 733 772 784 785 793 794 799 809 819 821 825 827 832 837 838 839 846 849 864 865 869 870 874 876 888 894 911 919 922 937 940 958 959 965 973 982 984 992
 34 : 11 16 17 19 31 43 45 46 48 53 57 64 65 69 75 77 80 92 101 119 130 144 146 151 155 162 170 172 182 199 205 214 222 223 227 231 237 238 250 265 268 290 291 293 296 315 323 325 326 327 341 349 353 370 376 382 406 409 412 416 418 423 425 426 432 438 440 441 443 445 446 452 459 469 470 477 479 486 487 488 489 496 497 501 504 528 533 542 550 553 555 561 565 567 573 574 575 587 621 628 635 637 643 657 663 665 666 667 677 720 724 726 742 746 749 753 775 781 792 796 805 807 811 812 842 847 859 860 873 877 881 909 910 912 914 926 932 938 946 950 957 961 964 968 971 972 974 986 991
 42 : 3 4 7 12 13 29 30 32 41 50 67 72 74 79 82 102 125 127 135 136 138 147 148 159 173 174 179 183 204 209 216 218 229 230 241 242 247 252 253 254 257 258 270 272 297 302 306 310 314 318 320 321 329 334 336 338 339 344 347 350 351 371 387 389 395 397 419 420 444 447 450 451 453 455 460 463 467 478 481 498 499 515 522 526 530 537 540 557 562 570 579 588 592 595 596 597 607 608 609 622 627 633 634 642 646 647 656 664 668 669 679 683 699 705 729 732 737 741 747 748 751 756 768 769 770 771 777 778 782 786 797 804 808 824 829 845 867 872 875 893 898 902 905 906 916 920 923 928 930 942 944 951 962 976 998 999
 88 : 1 10 25 63 83 93 95 96 98 109 131 132 134 150 154 165 168 169 189 200 202 232 239 243 245 251 288 311 335 345 354 359 364 375 380 393 410 422 428 442 449 466 475 495 507 518 519 527 563 578 581 582 583 604 610 617 618 620 629 645 651 660 661 671 680 684 692 694 696 711 712 714 715 731 734 739 744 752 765 783 787 788 795 806 816 817 820 828 836 856 862 897 899 900 941 947 967 996
SOLUTION:
  Value: -12591315.005550
  Assigns: 69 47 91 35 45 60 69 60 35 15 13 51 13 13 94 94 45 35 51 35 69 94 51 91 51 45 69 91 91 60 13 45 45 51 51 94 15 94 94 35 51 13 94 35 15 91 51 51 35 51 60 51 94 51 94 51 91 35 69 35 69 15 51 47 35 91 94 13 69 45 35 15 35 69 35 51 35 35 15 13 35 15 45 45 69 15 51 15 51 51 15 35 47 13 60 47 47 94 47 91 69 51 13 94 51 69 94 51 94 45 69 51 69 15 94 94 94 94 15 35 51 60 94 91 94 35 60 13 94 35 35 47 91 35 47 13 13 69 60 60 69 91 94 94 45 91 51 60 13 94 45 51 94 15 45 51 94 94 51 13 15 35 35 94 51 13 60 91 47 47 51 35 51 60 13 69 69 51 69 13 15 69 45 13 94 51 51 94 15 47 69 35 35 94 51 51 69 15 60 91 47 35 47 69 13 51 60 35 35 13 69 94 60 60 45 69 13 51 60 69 60 35 47 35 94 91 35 51 15 60 13 91 45 94 94 69 69 35 35 47 94 60 13 47 51 47 91 13 69 35 35 45 13 13 13 51 94 35 13 94 51 51 15 51 51 35 91 51 51 69 35 15 13 94 51 35 94 15 60 91 69 15 69 69 94 94 15 51 45 35 51 51 60 51 51 51 51 13 60 91 51 69 13 94 60 69 13 94 15 91 13 45 60 15 60 91 69 35 35 69 13 13 91 51 94 45 45 45 35 13 91 91 15 94 60 45 60 15 60 13 94 51 51 91 13 47 69 60 91 91 35 13 94 45 47 69 60 15 94 45 35 51 35 60 45 60 91 69 35 91 35 60 94 91 15 45 51 91 69 15 45 69 45 69 69 51 51 13 69 13 15 15 94 45 15 13 15 13 94 94 51 69 60 15 35 60 91 94 69 35 45 69 35 60 15 94 45 15 45 35 35 35 45 45 94 47 35 69 47 91 15 69 51 15 91 51 35 51 35 51 35 45 47 45 13 35 35 45 69 45 13 13 45 60 91 13 69 15 60 35 60 69 69 35 69 60 45 13 15 45 35 91 51 94 69 45 94 35 13 51 35 60 94 60 69 60 91 45 45 91 35 94 15 35 91 47 51 51 60 13 94 51 60 91 35 94 60 47 94 15 91 69 35 69 69 13 69 69 45 45 15 91 13 94 51 35 60 13 45 51 13 91 69 51 94 69 35 13 15 91 13 94 91 35 94 94 69 94 51 69 45 94 51 35 94 45 35 13 94 35 69 51 13 45 60 51 60 91 69 35 60 51 69 47 45 51 15 94 45 13 35 45 47 13 94 51 15 35 35 51 35 94 13 94 94 60 60 13 15 94 94 51 94 69 45 94 35 13 13 13 45 15 60 69 51 15 60 47 45 94 45 45 13 69 60 15 69 13 45 13 35 35 94 13 13 91 51 47 51 60 51 60 60 51 15 47 13 45 94 94 35 47 60 35 69 60 60 45 94 51 45 47 60 51 13 35 51 45 60 13 91 47 15 94 91 51 51 51 15 13 45 35 15 13 47 69 94 60 69 69 35 51 45 15 47 94 13 51 69 60 51 51 35 91 51 60 15 94 51 91 69 45 45 15 47 45 69 60 94 91 45 94 51 15 35 69 35 15 94 13 91 13 13 15 13 94 94 13 60 45 94 45 91 51 47 15 51 60 13 45 91 13 45 47 94 69 13 69 69 91 51 35 51 69 91 47 60 60 13 13 13 60 35 69 51 35 69 45 60 69 60 45 13 47 94 15 13 47 47 91 69 51 51 15 35 45 35 13 94 15 51 69 51 91 35 35 45 45 60 15 51 51 45 60 51 69 45 45 69 15 45 15 69 91 60 35 91 15 45 13 60 91 15 94 51 94 45 35 35 69 15 94 45 69 69 13 35 51 60 15 51 69 91 69 51 51 47 94 94 35 51 69 13 94 15 15 51 13 91 15 15 60 35 51 15 60 35 51 69 69 91 35 94 69 94 60 51 94 35 69 69 51 94 13 15 91 51 45 60 45 45 51 13 69 15 60 13 69 94 35 45 15 35 69 51 94 60 51 94 15 60 69 15 13 51 94 51 91 13 51 60 51 51 94 69 69 60 15 45 35 15 45 13 69 45 94 51 45 51 94 35 13 51 51 69 51 94 91 35 35 94 51 60 60 35 15 94 13 35 69 60 51 35 15 35 94 60 69 69 94 51 60 15 51 35 69 45 94 91 35 69 45 15 69 94 60 47 69 13 13 
  Facilities: 10
 13 : 10 12 13 30 41 67 79 93 102 127 135 136 148 159 165 174 179 183 204 209 216 230 242 247 252 253 254 258 272 297 302 306 310 320 321 329 339 344 351 387 389 395 397 444 450 451 455 467 478 499 515 522 527 530 537 540 557 562 579 583 592 597 607 608 609 622 627 629 633 634 646 664 669 679 683 696 729 731 732 734 737 748 751 756 768 769 770 782 786 797 829 845 862 867 893 902 906 923 928 942 951 967 998 999
 15 : 9 36 44 61 71 78 81 85 87 90 113 118 153 160 180 188 197 228 262 271 277 281 286 308 313 332 337 357 374 379 390 391 394 396 403 414 417 430 433 457 468 492 509 520 538 576 586 598 611 615 625 644 672 678 682 693 706 713 723 727 733 745 785 793 799 809 819 821 827 832 840 849 864 865 869 870 874 894 904 911 919 922 937 940 965 973 982 992
 35 : 3 8 17 19 39 43 48 57 59 64 70 72 74 76 77 80 91 119 125 129 130 133 161 162 171 191 192 201 207 208 221 223 226 237 238 249 250 257 265 270 275 289 317 318 328 350 360 362 368 370 404 409 412 419 420 421 426 436 438 440 445 446 459 463 470 477 480 490 493 504 512 525 536 543 553 556 559 569 580 587 588 590 606 630 631 650 653 665 681 690 702 724 726 761 772 775 794 796 804 805 825 837 838 846 859 872 876 881 888 909 912 939 950 958 959 964 968 972 974 984 989
 45 : 4 16 25 31 32 69 82 83 109 144 150 154 182 214 232 251 288 311 325 326 327 335 353 359 364 375 380 382 393 410 416 418 422 423 441 443 447 449 452 466 469 475 487 488 518 519 528 550 555 563 574 578 581 604 610 618 620 621 628 647 657 660 667 680 692 711 712 715 720 739 741 749 752 777 781 795 806 807 812 816 817 820 828 836 842 897 899 900 910 938 941 944 947 986 991
 47 : 1 63 92 95 96 98 131 134 168 169 189 200 202 222 239 243 245 345 354 425 428 442 495 507 573 582 617 637 645 651 661 671 684 694 714 744 753 765 783 787 788 856 996
 51 : 11 18 22 24 33 34 40 46 47 49 51 53 55 62 75 86 88 89 101 104 107 111 120 146 151 155 158 164 170 172 177 185 186 194 195 205 217 227 244 255 260 261 263 264 267 268 274 287 290 291 293 294 295 296 300 323 341 342 361 376 385 386 400 432 435 437 439 472 479 496 497 501 524 529 533 548 552 561 565 571 575 585 589 601 614 636 638 640 643 659 663 666 675 676 677 691 697 700 701 704 708 722 743 746 760 762 774 791 792 800 802 810 811 814 834 847 850 854 855 860 866 873 877 886 891 896 901 914 917 924 926 929 931 932 946 948 952 953 955 961 971 980 983
 60 : 5 7 29 50 94 121 126 138 139 147 166 173 198 206 212 213 218 220 229 241 278 292 298 304 312 314 334 336 338 347 356 363 365 371 402 405 413 453 458 460 465 481 483 485 498 502 506 526 564 566 570 595 596 612 616 624 639 641 642 652 655 656 662 668 687 699 705 717 738 747 766 767 771 778 780 808 813 824 830 848 871 875 885 898 905 916 920 930 936 962 963 970 976 981 995
 69 : 0 6 20 26 58 60 68 73 84 100 105 110 112 137 140 175 176 178 181 190 196 203 210 215 219 235 236 248 269 280 282 283 301 305 316 319 346 355 367 378 381 383 384 388 401 408 411 427 431 448 456 461 462 464 474 484 511 513 514 516 517 532 535 546 549 560 568 572 603 613 623 626 654 685 688 689 698 710 716 725 755 757 758 763 773 776 779 790 801 815 818 822 839 843 844 851 853 861 878 879 883 889 890 903 907 913 921 934 935 943 954 969 977 978 985 990 993 997
 91 : 2 23 27 28 45 56 65 99 123 132 141 145 167 199 225 231 246 266 279 299 309 315 322 330 331 343 348 349 366 369 373 377 406 429 434 454 471 486 489 494 503 510 521 531 539 542 567 635 670 674 703 709 719 730 742 750 759 764 789 803 823 826 831 852 868 880 895 927 957 988
 94 : 14 15 21 35 37 38 42 52 54 66 97 103 106 108 114 115 116 117 122 124 128 142 143 149 152 156 157 163 184 187 193 211 224 233 234 240 256 259 273 276 284 285 303 307 324 333 340 352 358 372 392 398 399 407 415 424 473 476 482 491 500 505 508 523 534 541 544 545 547 551 554 558 577 584 591 593 594 599 600 602 605 619 632 648 649 658 673 686 695 707 718 721 728 735 736 740 754 784 798 833 835 841 857 858 863 882 884 887 892 908 915 918 925 933 945 949 956 960 966 975 979 987 994
